Table Name,State Code,District Code,Tehsil Code,Area Name,Total/ Rural/ Urban,Age-group,Total population - Persons,Total population - Males,Total population - Females,Population attending educational institutions - Persons,Population attending educational institutions - Males,Population attending educational institutions - Females,Type of educational institution - School - Persons,Type of educational institution - School - Males,Type of educational institution - School - Females,Type of educational institution - College - Persons,Type of educational institution - College - Males,Type of educational institution - College - Females,Type of educational institution - Vocational institute - Persons,Type of educational institution - Vocational institute - Males,Type of educational institution - Vocational institute - Females,Type of educational institution - Other institute - Persons,Type of educational institution - Other institute - Males,Type of educational institution - Other institute - Females,Type of educational institution - Literacy centre - Persons,Type of educational institution - Literacy centre - Males,Type of educational institution - Literacy centre - Females
C3010,28,00,0000,State - ANDHRA PRADESH  28,Total,All ages,76210007,38527413,37682594,17515658,9669530,7846128,15748015,8580156,7167859,1302691,890635,412056,140753,97262,43491,58702,35340,23362,265497,66137,199360
C3010,28,00,0000,State - ANDHRA PRADESH  28,Total,0-4,6684361,3402214,3282147,262270,136157,126113,262270,136157,126113,0,0,0,0,0,0,0,0,0,0,0,0
C3010,28,00,0000,State - ANDHRA PRADESH  28,Total,5,1726212,884843,841369,631004,328353,302651,631004,328353,302651,0,0,0,0,0,0,0,0,0,0,0,0
C3010,28,00,0000,State - ANDHRA PRADESH  28,Total,6,1761284,900264,861020,1123578,582651,540927,1123578,582651,540927,0,0,0,0,0,0,0,0,0,0,0,0
C3010,28,00,0000,State - ANDHRA PRADESH  28,Total,7,1751037,895974,855063,1484728,771340,713388,1484728,771340,713388,0,0,0,0,0,0,0,0,0,0,0,0
C3010,28,00,0000,State - ANDHRA PRADESH  28,Total,8,2037629,1023310,1014319,1761856,904218,857638,1761856,904218,857638,0,0,0,0,0,0,0,0,0,0,0,0
C3010,28,00,0000,State - ANDHRA PRADESH  28,Total,9,1704629,866761,837868,1513549,786738,726811,1513549,786738,726811,0,0,0,0,0,0,0,0,0,0,0,0
C3010,28,00,0000,State - ANDHRA PRADESH  28,Total,10,2171974,1126457,1045517,1777998,956762,821236,1777998,956762,821236,0,0,0,0,0,0,0,0,0,0,0,0
C3010,28,00,0000,State - ANDHRA PRADESH  28,Total,11,1407029,728989,678040,1188037,641634,546403,1188037,641634,546403,0,0,0,0,0,0,0,0,0,0,0,0
C3010,28,00,0000,State - ANDHRA PRADESH  28,Total,12,2038368,1056744,981624,1491153,829060,662093,1491153,829060,662093,0,0,0,0,0,0,0,0,0,0,0,0
C3010,28,00,0000,State - ANDHRA PRADESH  28,Total,13,1544124,783874,760250,1101731,610510,491221,1101731,610510,491221,0,0,0,0,0,0,0,0,0,0,0,0
C3010,28,00,0000,State - ANDHRA PRADESH  28,Total,14,1571478,811657,759821,1004653,573810,430843,1004653,573810,430843,0,0,0,0,0,0,0,0,0,0,0,0
C3010,28,00,0000,State - ANDHRA PRADESH  28,Total,15-19,7579964,3954124,3625840,2849664,1726940,1122724,2232108,1344558,887550,518435,323411,195024,65722,42596,23126,19033,11455,7578,14366,4920,9446
C3010,28,00,0000,State - ANDHRA PRADESH  28,Total,20-24,6936897,3478288,3458609,914257,624928,289329,175350,114365,60985,651615,466884,184731,38540,26836,11704,11866,7250,4616,36886,9593,27293
C3010,28,00,0000,State - ANDHRA PRADESH  28,Total,25-29,6762271,3229258,3533013,164086,99512,64574,0,0,0,80095,61980,18115,22014,17837,4177,12127,8044,4083,49850,11651,38199
C3010,28,00,0000,State - ANDHRA PRADESH  28,Total,30-34,5625505,2857197,2768308,74630,31190,43440,0,0,0,19253,13896,5357,5156,3824,1332,5146,2935,2211,45075,10535,34540
C3010,28,00,0000,State - ANDHRA PRADESH  28,Total,35-59,18985717,9695628,9290089,154803,56203,98600,0,0,0,26291,19488,6803,7255,4903,2352,9152,4826,4326,112105,26986,85119
C3010,28,00,0000,State - ANDHRA PRADESH  28,Total,60+,5788078,2757588,3030490,14156,7248,6908,0,0,0,4500,3341,1159,1485,828,657,1165,706,459,7006,2373,4633
C3010,28,00,0000,State - ANDHRA PRADESH  28,Total,Age not stated,133450,74243,59207,3505,2276,1229,0,0,0,2502,1635,867,581,438,143,213,124,89,209,79,130
C3010,28,00,0000,State - ANDHRA PRADESH  28,Rural,All ages,55401067,27937204,27463863,11834066,6624355,5209711,10953957,6086463,4867494,543309,417976,125333,56423,42429,13994,30101,17140,12961,250276,60347,189929
C3010,28,00,0000,State - ANDHRA PRADESH  28,Rural,0-4,5012932,2548446,2464486,121273,62790,58483,121273,62790,58483,0,0,0,0,0,0,0,0,0,0,0,0
C3010,28,00,0000,State - ANDHRA PRADESH  28,Rural,5,1279744,654876,624868,430265,224097,206168,430265,224097,206168,0,0,0,0,0,0,0,0,0,0,0,0
C3010,28,00,0000,State - ANDHRA PRADESH  28,Rural,6,1329123,679686,649437,845573,440261,405312,845573,440261,405312,0,0,0,0,0,0,0,0,0,0,0,0
C3010,28,00,0000,State - ANDHRA PRADESH  28,Rural,7,1319865,673537,646328,1116636,580601,536035,1116636,580601,536035,0,0,0,0,0,0,0,0,0,0,0,0
C3010,28,00,0000,State - ANDHRA PRADESH  28,Rural,8,1547807,776508,771299,1332717,686633,646084,1332717,686633,646084,0,0,0,0,0,0,0,0,0,0,0,0
C3010,28,00,0000,State - ANDHRA PRADESH  28,Rural,9,1295625,659788,635837,1145767,599626,546141,1145767,599626,546141,0,0,0,0,0,0,0,0,0,0,0,0
C3010,28,00,0000,State - ANDHRA PRADESH  28,Rural,10,1604950,831956,772994,1289186,701282,587904,1289186,701282,587904,0,0,0,0,0,0,0,0,0,0,0,0
C3010,28,00,0000,State - ANDHRA PRADESH  28,Rural,11,1022459,533593,488866,846985,467048,379937,846985,467048,379937,0,0,0,0,0,0,0,0,0,0,0,0
C3010,28,00,0000,State - ANDHRA PRADESH  28,Rural,12,1499479,779886,719593,1045041,597422,447619,1045041,597422,447619,0,0,0,0,0,0,0,0,0,0,0,0
C3010,28,00,0000,State - ANDHRA PRADESH  28,Rural,13,1120720,574103,546617,753317,434797,318520,753317,434797,318520,0,0,0,0,0,0,0,0,0,0,0,0
C3010,28,00,0000,State - ANDHRA PRADESH  28,Rural,14,1121781,584269,537512,657496,394428,263068,657496,394428,263068,0,0,0,0,0,0,0,0,0,0,0,0
C3010,28,00,0000,State - ANDHRA PRADESH  28,Rural,15-19,5263858,2778306,2485552,1568324,1033469,534855,1276890,831873,445017,240794,170982,69812,28019,20222,7797,10035,6348,3687,12586,4044,8542
C3010,28,00,0000,State - ANDHRA PRADESH  28,Rural,20-24,4796962,2396915,2400047,410077,301912,108165,92811,65605,27206,262661,212784,49877,14393,11341,3052,6040,3739,2301,34172,8443,25729
C3010,28,00,0000,State - ANDHRA PRADESH  28,Rural,25-29,4779944,2272443,2507501,88469,45108,43361,0,0,0,27835,24156,3679,8462,7285,1177,5511,3412,2099,46661,10255,36406
C3010,28,00,0000,State - ANDHRA PRADESH  28,Rural,30-34,4020132,2026502,1993630,53058,17089,35969,0,0,0,5510,4623,887,1888,1400,488,2594,1160,1434,43066,9906,33160
C3010,28,00,0000,State - ANDHRA PRADESH  28,Rural,35-59,13800968,6970211,6830757,120175,33543,86632,0,0,0,5006,4260,746,2784,1690,1094,5186,2050,3136,107199,25543,81656
C3010,28,00,0000,State - ANDHRA PRADESH  28,Rural,60+,4505734,2152118,2353616,8673,3538,5135,0,0,0,898,700,198,695,357,338,646,379,267,6434,2102,4332
C3010,28,00,0000,State - ANDHRA PRADESH  28,Rural,Age not stated,78984,44061,34923,1034,711,323,0,0,0,605,471,134,182,134,48,89,52,37,158,54,104
C3010,28,00,0000,State - ANDHRA PRADESH  28,Urban,All ages,20808940,10590209,10218731,5681592,3045175,2636417,4794058,2493693,2300365,759382,472659,286723,84330,54833,29497,28601,18200,10401,15221,5790,9431
C3010,28,00,0000,State - ANDHRA PRADESH  28,Urban,0-4,1671429,853768,817661,140997,73367,67630,140997,73367,67630,0,0,0,0,0,0,0,0,0,0,0,0
C3010,28,00,0000,State - ANDHRA PRADESH  28,Urban,5,446468,229967,216501,200739,104256,96483,200739,104256,96483,0,0,0,0,0,0,0,0,0,0,0,0
C3010,28,00,0000,State - ANDHRA PRADESH  28,Urban,6,432161,220578,211583,278005,142390,135615,278005,142390,135615,0,0,0,0,0,0,0,0,0,0,0,0
C3010,28,00,0000,State - ANDHRA PRADESH  28,Urban,7,431172,222437,208735,368092,190739,177353,368092,190739,177353,0,0,0,0,0,0,0,0,0,0,0,0
C3010,28,00,0000,State - ANDHRA PRADESH  28,Urban,8,489822,246802,243020,429139,217585,211554,429139,217585,211554,0,0,0,0,0,0,0,0,0,0,0,0
C3010,28,00,0000,State - ANDHRA PRADESH  28,Urban,9,409004,206973,202031,367782,187112,180670,367782,187112,180670,0,0,0,0,0,0,0,0,0,0,0,0
C3010,28,00,0000,State - ANDHRA PRADESH  28,Urban,10,567024,294501,272523,488812,255480,233332,488812,255480,233332,0,0,0,0,0,0,0,0,0,0,0,0
C3010,28,00,0000,State - ANDHRA PRADESH  28,Urban,11,384570,195396,189174,341052,174586,166466,341052,174586,166466,0,0,0,0,0,0,0,0,0,0,0,0
C3010,28,00,0000,State - ANDHRA PRADESH  28,Urban,12,538889,276858,262031,446112,231638,214474,446112,231638,214474,0,0,0,0,0,0,0,0,0,0,0,0
C3010,28,00,0000,State - ANDHRA PRADESH  28,Urban,13,423404,209771,213633,348414,175713,172701,348414,175713,172701,0,0,0,0,0,0,0,0,0,0,0,0
C3010,28,00,0000,State - ANDHRA PRADESH  28,Urban,14,449697,227388,222309,347157,179382,167775,347157,179382,167775,0,0,0,0,0,0,0,0,0,0,0,0
C3010,28,00,0000,State - ANDHRA PRADESH  28,Urban,15-19,2316106,1175818,1140288,1281340,693471,587869,955218,512685,442533,277641,152429,125212,37703,22374,15329,8998,5107,3891,1780,876,904
C3010,28,00,0000,State - ANDHRA PRADESH  28,Urban,20-24,2139935,1081373,1058562,504180,323016,181164,82539,48760,33779,388954,254100,134854,24147,15495,8652,5826,3511,2315,2714,1150,1564
C3010,28,00,0000,State - ANDHRA PRADESH  28,Urban,25-29,1982327,956815,1025512,75617,54404,21213,0,0,0,52260,37824,14436,13552,10552,3000,6616,4632,1984,3189,1396,1793
C3010,28,00,0000,State - ANDHRA PRADESH  28,Urban,30-34,1605373,830695,774678,21572,14101,7471,0,0,0,13743,9273,4470,3268,2424,844,2552,1775,777,2009,629,1380
C3010,28,00,0000,State - ANDHRA PRADESH  28,Urban,35-59,5184749,2725417,2459332,34628,22660,11968,0,0,0,21285,15228,6057,4471,3213,1258,3966,2776,1190,4906,1443,3463
C3010,28,00,0000,State - ANDHRA PRADESH  28,Urban,60+,1282344,605470,676874,5483,3710,1773,0,0,0,3602,2641,961,790,471,319,519,327,192,572,271,301
C3010,28,00,0000,State - ANDHRA PRADESH  28,Urban,Age not stated,54466,30182,24284,2471,1565,906,0,0,0,1897,1164,733,399,304,95,124,72,52,51,25,26
C3010,28,01,0000,District - Adilabad  01,Total,All ages,2488003,1250958,1237045,599866,335758,264108,561117,308327,252790,32324,24157,8167,2386,1674,712,943,676,267,3096,924,2172
C3010,28,01,0000,District - Adilabad  01,Total,0-4,243389,124237,119152,7352,3846,3506,7352,3846,3506,0,0,0,0,0,0,0,0,0,0,0,0
C3010,28,01,0000,District - Adilabad  01,Total,5,63714,32443,31271,21576,11144,10432,21576,11144,10432,0,0,0,0,0,0,0,0,0,0,0,0
C3010,28,01,0000,District - Adilabad  01,Total,6,69665,35314,34351,42915,22179,20736,42915,22179,20736,0,0,0,0,0,0,0,0,0,0,0,0
C3010,28,01,0000,District - Adilabad  01,Total,7,65475,33279,32196,53279,27603,25676,53279,27603,25676,0,0,0,0,0,0,0,0,0,0,0,0
C3010,28,01,0000,District - Adilabad  01,Total,8,79576,39878,39698,65522,33722,31800,65522,33722,31800,0,0,0,0,0,0,0,0,0,0,0,0
C3010,28,01,0000,District - Adilabad  01,Total,9,60085,30285,29800,52251,26941,25310,52251,26941,25310,0,0,0,0,0,0,0,0,0,0,0,0
C3010,28,01,0000,District - Adilabad  01,Total,10,87408,45218,42190,68929,37166,31763,68929,37166,31763,0,0,0,0,0,0,0,0,0,0,0,0
C3010,28,01,0000,District - Adilabad  01,Total,11,46442,24025,22417,39509,21229,18280,39509,21229,18280,0,0,0,0,0,0,0,0,0,0,0,0
C3010,28,01,0000,District - Adilabad  01,Total,12,80574,41848,38726,56881,32080,24801,56881,32080,24801,0,0,0,0,0,0,0,0,0,0,0,0
C3010,28,01,0000,District - Adilabad  01,Total,13,51465,26741,24724,37122,21140,15982,37122,21140,15982,0,0,0,0,0,0,0,0,0,0,0,0
C3010,28,01,0000,District - Adilabad  01,Total,14,54927,28814,26113,34858,20582,14276,34858,20582,14276,0,0,0,0,0,0,0,0,0,0,0,0
C3010,28,01,0000,District - Adilabad  01,Total,15-19,240103,125148,114955,89932,56597,33335,74526,46309,28217,13895,9393,4502,1080,649,431,265,181,84,166,65,101
C3010,28,01,0000,District - Adilabad  01,Total,20-24,211594,104321,107273,22867,17238,5629,6397,4386,2011,15201,12067,3134,652,497,155,195,144,51,422,144,278
C3010,28,01,0000,District - Adilabad  01,Total,25-29,211850,101350,110500,3117,2317,800,0,0,0,2021,1708,313,375,325,50,188,142,46,533,142,391
C3010,28,01,0000,District - Adilabad  01,Total,30-34,179390,88160,91230,1188,668,520,0,0,0,480,377,103,108,83,25,110,79,31,490,129,361
C3010,28,01,0000,District - Adilabad  01,Total,35-59,574315,293460,280855,2318,1152,1166,0,0,0,637,543,94,142,107,35,162,111,51,1377,391,986
C3010,28,01,0000,District - Adilabad  01,Total,60+,164725,74581,90144,214,127,87,0,0,0,64,48,16,27,11,16,18,16,2,105,52,53
C3010,28,01,0000,District - Adilabad  01,Total,Age not stated,3306,1856,1450,36,27,9,0,0,0,26,21,5,2,2,0,5,3,2,3,1,2
C3010,28,01,0000,District - Adilabad  01,Rural,All ages,1827986,915067,912919,390206,222281,167925,373518,210340,163178,12398,10159,2239,825,576,249,524,378,146,2941,828,2113
C3010,28,01,0000,District - Adilabad  01,Rural,0-4,188286,95776,92510,3774,1958,1816,3774,1958,1816,0,0,0,0,0,0,0,0,0,0,0,0
C3010,28,01,0000,District - Adilabad  01,Rural,5,47782,24152,23630,14492,7405,7087,14492,7405,7087,0,0,0,0,0,0,0,0,0,0,0,0
C3010,28,01,0000,District - Adilabad  01,Rural,6,53615,27151,26464,32268,16730,15538,32268,16730,15538,0,0,0,0,0,0,0,0,0,0,0,0
C3010,28,01,0000,District - Adilabad  01,Rural,7,49197,24829,24368,39134,20182,18952,39134,20182,18952,0,0,0,0,0,0,0,0,0,0,0,0
C3010,28,01,0000,District - Adilabad  01,Rural,8,60675,30319,30356,48702,25136,23566,48702,25136,23566,0,0,0,0,0,0,0,0,0,0,0,0
C3010,28,01,0000,District - Adilabad  01,Rural,9,44320,22355,21965,37615,19524,18091,37615,19524,18091,0,0,0,0,0,0,0,0,0,0,0,0
C3010,28,01,0000,District - Adilabad  01,Rural,10,65002,33639,31363,48877,26710,22167,48877,26710,22167,0,0,0,0,0,0,0,0,0,0,0,0
C3010,28,01,0000,District - Adilabad  01,Rural,11,31872,16673,15199,25954,14358,11596,25954,14358,11596,0,0,0,0,0,0,0,0,0,0,0,0
C3010,28,01,0000,District - Adilabad  01,Rural,12,59144,30950,28194,37990,22378,15612,37990,22378,15612,0,0,0,0,0,0,0,0,0,0,0,0
C3010,28,01,0000,District - Adilabad  01,Rural,13,35342,18775,16567,22722,13931,8791,22722,13931,8791,0,0,0,0,0,0,0,0,0,0,0,0
C3010,28,01,0000,District - Adilabad  01,Rural,14,37911,20289,17622,20539,13226,7313,20539,13226,7313,0,0,0,0,0,0,0,0,0,0,0,0
C3010,28,01,0000,District - Adilabad  01,Rural,15-19,164694,86545,78149,44139,30787,13352,38037,26277,11760,5517,4172,1345,285,172,113,162,121,41,138,45,93
C3010,28,01,0000,District - Adilabad  01,Rural,20-24,152269,73469,78800,9785,7770,2015,3414,2525,889,5670,4894,776,229,169,60,82,56,26,390,126,264
C3010,28,01,0000,District - Adilabad  01,Rural,25-29,156043,75160,80883,1595,1106,489,0,0,0,849,779,70,156,135,21,97,74,23,493,118,375
C3010,28,01,0000,District - Adilabad  01,Rural,30-34,130950,64738,66212,761,357,404,0,0,0,170,150,20,48,34,14,69,50,19,474,123,351
C3010,28,01,0000,District - Adilabad  01,Rural,35-59,417432,209631,207801,1670,614,1056,0,0,0,145,128,17,86,57,29,97,63,34,1342,366,976
C3010,28,01,0000,District - Adilabad  01,Rural,60+,130937,59193,71744,163,90,73,0,0,0,29,22,7,19,7,12,13,12,1,102,49,53
C3010,28,01,0000,District - Adilabad  01,Rural,Age not stated,2515,1423,1092,26,19,7,0,0,0,18,14,4,2,2,0,4,2,2,2,1,1
C3010,28,01,0000,District - Adilabad  01,Urban,All ages,660017,335891,324126,209660,113477,96183,187599,97987,89612,19926,13998,5928,1561,1098,463,419,298,121,155,96,59
C3010,28,01,0000,District - Adilabad  01,Urban,0-4,55103,28461,26642,3578,1888,1690,3578,1888,1690,0,0,0,0,0,0,0,0,0,0,0,0
C3010,28,01,0000,District - Adilabad  01,Urban,5,15932,8291,7641,7084,3739,3345,7084,3739,3345,0,0,0,0,0,0,0,0,0,0,0,0
C3010,28,01,0000,District - Adilabad  01,Urban,6,16050,8163,7887,10647,5449,5198,10647,5449,5198,0,0,0,0,0,0,0,0,0,0,0,0
C3010,28,01,0000,District - Adilabad  01,Urban,7,16278,8450,7828,14145,7421,6724,14145,7421,6724,0,0,0,0,0,0,0,0,0,0,0,0
C3010,28,01,0000,District - Adilabad  01,Urban,8,18901,9559,9342,16820,8586,8234,16820,8586,8234,0,0,0,0,0,0,0,0,0,0,0,0
C3010,28,01,0000,District - Adilabad  01,Urban,9,15765,7930,7835,14636,7417,7219,14636,7417,7219,0,0,0,0,0,0,0,0,0,0,0,0
C3010,28,01,0000,District - Adilabad  01,Urban,10,22406,11579,10827,20052,10456,9596,20052,10456,9596,0,0,0,0,0,0,0,0,0,0,0,0
C3010,28,01,0000,District - Adilabad  01,Urban,11,14570,7352,7218,13555,6871,6684,13555,6871,6684,0,0,0,0,0,0,0,0,0,0,0,0
C3010,28,01,0000,District - Adilabad  01,Urban,12,21430,10898,10532,18891,9702,9189,18891,9702,9189,0,0,0,0,0,0,0,0,0,0,0,0
C3010,28,01,0000,District - Adilabad  01,Urban,13,16123,7966,8157,14400,7209,7191,14400,7209,7191,0,0,0,0,0,0,0,0,0,0,0,0
C3010,28,01,0000,District - Adilabad  01,Urban,14,17016,8525,8491,14319,7356,6963,14319,7356,6963,0,0,0,0,0,0,0,0,0,0,0,0
C3010,28,01,0000,District - Adilabad  01,Urban,15-19,75409,38603,36806,45793,25810,19983,36489,20032,16457,8378,5221,3157,795,477,318,103,60,43,28,20,8
C3010,28,01,0000,District - Adilabad  01,Urban,20-24,59325,30852,28473,13082,9468,3614,2983,1861,1122,9531,7173,2358,423,328,95,113,88,25,32,18,14
C3010,28,01,0000,District - Adilabad  01,Urban,25-29,55807,26190,29617,1522,1211,311,0,0,0,1172,929,243,219,190,29,91,68,23,40,24,16
C3010,28,01,0000,District - Adilabad  01,Urban,30-34,48440,23422,25018,427,311,116,0,0,0,310,227,83,60,49,11,41,29,12,16,6,10
C3010,28,01,0000,District - Adilabad  01,Urban,35-59,156883,83829,73054,648,538,110,0,0,0,492,415,77,56,50,6,65,48,17,35,25,10
C3010,28,01,0000,District - Adilabad  01,Urban,60+,33788,15388,18400,51,37,14,0,0,0,35,26,9,8,4,4,5,4,1,3,3,0
C3010,28,01,0000,District - Adilabad  01,Urban,Age not stated,791,433,358,10,8,2,0,0,0,8,7,1,0,0,0,1,1,0,1,0,1
C3010,28,02,0000,District - Nizamabad  02,Total,All ages,2345685,1162905,1182780,528196,295037,233159,486747,266670,220077,34373,24764,9609,2638,1867,771,1541,885,656,2897,851,2046
C3010,28,02,0000,District - Nizamabad  02,Total,0-4,216402,110146,106256,9371,4743,4628,9371,4743,4628,0,0,0,0,0,0,0,0,0,0,0,0
C3010,28,02,0000,District - Nizamabad  02,Total,5,60701,31172,29529,23045,11877,11168,23045,11877,11168,0,0,0,0,0,0,0,0,0,0,0,0
C3010,28,02,0000,District - Nizamabad  02,Total,6,60326,30960,29366,36154,18973,17181,36154,18973,17181,0,0,0,0,0,0,0,0,0,0,0,0
C3010,28,02,0000,District - Nizamabad  02,Total,7,55525,28509,27016,44553,23446,21107,44553,23446,21107,0,0,0,0,0,0,0,0,0,0,0,0
C3010,28,02,0000,District - Nizamabad  02,Total,8,65731,32921,32810,53839,27720,26119,53839,27720,26119,0,0,0,0,0,0,0,0,0,0,0,0
C3010,28,02,0000,District - Nizamabad  02,Total,9,51416,26014,25402,44116,22923,21193,44116,22923,21193,0,0,0,0,0,0,0,0,0,0,0,0
C3010,28,02,0000,District - Nizamabad  02,Total,10,70948,36889,34059,55858,30017,25841,55858,30017,25841,0,0,0,0,0,0,0,0,0,0,0,0
C3010,28,02,0000,District - Nizamabad  02,Total,11,42824,22214,20610,35860,19335,16525,35860,19335,16525,0,0,0,0,0,0,0,0,0,0,0,0
C3010,28,02,0000,District - Nizamabad  02,Total,12,67243,34943,32300,48311,26651,21660,48311,26651,21660,0,0,0,0,0,0,0,0,0,0,0,0
C3010,28,02,0000,District - Nizamabad  02,Total,13,45253,23360,21893,32794,18427,14367,32794,18427,14367,0,0,0,0,0,0,0,0,0,0,0,0
C3010,28,02,0000,District - Nizamabad  02,Total,14,47162,24373,22789,30574,17614,12960,30574,17614,12960,0,0,0,0,0,0,0,0,0,0,0,0
C3010,28,02,0000,District - Nizamabad  02,Total,15-19,225461,114279,111182,82895,51652,31243,66316,40977,25339,14834,9628,5206,1169,764,405,381,218,163,195,65,130
C3010,28,02,0000,District - Nizamabad  02,Total,20-24,209790,102273,107517,23634,17220,6414,5956,3967,1989,16218,12425,3793,700,520,180,273,164,109,487,144,343
C3010,28,02,0000,District - Nizamabad  02,Total,25-29,207716,97124,110592,3327,2331,996,0,0,0,2020,1645,375,379,309,70,317,185,132,611,192,419
C3010,28,02,0000,District - Nizamabad  02,Total,30-34,174529,86435,88094,1277,701,576,0,0,0,534,412,122,105,75,30,154,79,75,484,135,349
C3010,28,02,0000,District - Nizamabad  02,Total,35-59,564874,281180,283694,2264,1210,1054,0,0,0,648,563,85,228,175,53,343,194,149,1045,278,767
C3010,28,02,0000,District - Nizamabad  02,Total,60+,176141,78057,98084,280,169,111,0,0,0,86,67,19,50,20,30,72,45,27,72,37,35
C3010,28,02,0000,District - Nizamabad  02,Total,Age not stated,3643,2056,1587,44,28,16,0,0,0,33,24,9,7,4,3,1,0,1,3,0,3
C3010,28,02,0000,District - Nizamabad  02,Rural,All ages,1920947,947773,973174,404897,229310,175587,380484,211828,168656,19247,15095,4152,1266,961,305,1185,674,511,2715,752,1963
C3010,28,02,0000,District - Nizamabad  02,Rural,0-4,178615,90774,87841,6266,3145,3121,6266,3145,3121,0,0,0,0,0,0,0,0,0,0,0,0
C3010,28,02,0000,District - Nizamabad  02,Rural,5,50149,25800,24349,17921,9267,8654,17921,9267,8654,0,0,0,0,0,0,0,0,0,0,0,0
C3010,28,02,0000,District - Nizamabad  02,Rural,6,49878,25599,24279,29508,15561,13947,29508,15561,13947,0,0,0,0,0,0,0,0,0,0,0,0
C3010,28,02,0000,District - Nizamabad  02,Rural,7,45765,23480,22285,36473,19277,17196,36473,19277,17196,0,0,0,0,0,0,0,0,0,0,0,0
C3010,28,02,0000,District - Nizamabad  02,Rural,8,53705,26824,26881,43669,22543,21126,43669,22543,21126,0,0,0,0,0,0,0,0,0,0,0,0
C3010,28,02,0000,District - Nizamabad  02,Rural,9,42525,21512,21013,36258,18919,17339,36258,18919,17339,0,0,0,0,0,0,0,0,0,0,0,0
C3010,28,02,0000,District - Nizamabad  02,Rural,10,57451,29876,27575,44577,24209,20368,44577,24209,20368,0,0,0,0,0,0,0,0,0,0,0,0
C3010,28,02,0000,District - Nizamabad  02,Rural,11,34492,17932,16560,28557,15586,12971,28557,15586,12971,0,0,0,0,0,0,0,0,0,0,0,0
C3010,28,02,0000,District - Nizamabad  02,Rural,12,54640,28432,26208,38155,21493,16662,38155,21493,16662,0,0,0,0,0,0,0,0,0,0,0,0
C3010,28,02,0000,District - Nizamabad  02,Rural,13,36617,18984,17633,25717,14784,10933,25717,14784,10933,0,0,0,0,0,0,0,0,0,0,0,0
C3010,28,02,0000,District - Nizamabad  02,Rural,14,37521,19554,17967,23210,13862,9348,23210,13862,9348,0,0,0,0,0,0,0,0,0,0,0,0
C3010,28,02,0000,District - Nizamabad  02,Rural,15-19,177907,90418,87489,56104,37482,18622,46237,30423,15814,8819,6404,2415,582,424,158,292,175,117,174,56,118
C3010,28,02,0000,District - Nizamabad  02,Rural,20-24,168358,81095,87263,13702,10524,3178,3936,2759,1177,8780,7252,1528,338,273,65,197,117,80,451,123,328
C3010,28,02,0000,District - Nizamabad  02,Rural,25-29,169922,79200,90722,2059,1394,665,0,0,0,1063,934,129,185,155,30,241,137,104,570,168,402
C3010,28,02,0000,District - Nizamabad  02,Rural,30-34,143112,70397,72715,914,453,461,0,0,0,269,221,48,50,40,10,126,62,64,469,130,339
C3010,28,02,0000,District - Nizamabad  02,Rural,35-59,466937,229817,237120,1595,690,905,0,0,0,256,239,17,81,57,24,267,145,122,991,249,742
C3010,28,02,0000,District - Nizamabad  02,Rural,60+,150754,66585,84169,189,108,81,0,0,0,44,35,9,26,9,17,62,38,24,57,26,31
C3010,28,02,0000,District - Nizamabad  02,Rural,Age not stated,2599,1494,1105,23,13,10,0,0,0,16,10,6,4,3,1,0,0,0,3,0,3
C3010,28,02,0000,District - Nizamabad  02,Urban,All ages,424738,215132,209606,123299,65727,57572,106263,54842,51421,15126,9669,5457,1372,906,466,356,211,145,182,99,83
C3010,28,02,0000,District - Nizamabad  02,Urban,0-4,37787,19372,18415,3105,1598,1507,3105,1598,1507,0,0,0,0,0,0,0,0,0,0,0,0
C3010,28,02,0000,District - Nizamabad  02,Urban,5,10552,5372,5180,5124,2610,2514,5124,2610,2514,0,0,0,0,0,0,0,0,0,0,0,0
C3010,28,02,0000,District - Nizamabad  02,Urban,6,10448,5361,5087,6646,3412,3234,6646,3412,3234,0,0,0,0,0,0,0,0,0,0,0,0
C3010,28,02,0000,District - Nizamabad  02,Urban,7,9760,5029,4731,8080,4169,3911,8080,4169,3911,0,0,0,0,0,0,0,0,0,0,0,0
C3010,28,02,0000,District - Nizamabad  02,Urban,8,12026,6097,5929,10170,5177,4993,10170,5177,4993,0,0,0,0,0,0,0,0,0,0,0,0
C3010,28,02,0000,District - Nizamabad  02,Urban,9,8891,4502,4389,7858,4004,3854,7858,4004,3854,0,0,0,0,0,0,0,0,0,0,0,0
C3010,28,02,0000,District - Nizamabad  02,Urban,10,13497,7013,6484,11281,5808,5473,11281,5808,5473,0,0,0,0,0,0,0,0,0,0,0,0
C3010,28,02,0000,District - Nizamabad  02,Urban,11,8332,4282,4050,7303,3749,3554,7303,3749,3554,0,0,0,0,0,0,0,0,0,0,0,0
C3010,28,02,0000,District - Nizamabad  02,Urban,12,12603,6511,6092,10156,5158,4998,10156,5158,4998,0,0,0,0,0,0,0,0,0,0,0,0
C3010,28,02,0000,District - Nizamabad  02,Urban,13,8636,4376,4260,7077,3643,3434,7077,3643,3434,0,0,0,0,0,0,0,0,0,0,0,0
C3010,28,02,0000,District - Nizamabad  02,Urban,14,9641,4819,4822,7364,3752,3612,7364,3752,3612,0,0,0,0,0,0,0,0,0,0,0,0
C3010,28,02,0000,District - Nizamabad  02,Urban,15-19,47554,23861,23693,26791,14170,12621,20079,10554,9525,6015,3224,2791,587,340,247,89,43,46,21,9,12
C3010,28,02,0000,District - Nizamabad  02,Urban,20-24,41432,21178,20254,9932,6696,3236,2020,1208,812,7438,5173,2265,362,247,115,76,47,29,36,21,15
C3010,28,02,0000,District - Nizamabad  02,Urban,25-29,37794,17924,19870,1268,937,331,0,0,0,957,711,246,194,154,40,76,48,28,41,24,17
C3010,28,02,0000,District - Nizamabad  02,Urban,30-34,31417,16038,15379,363,248,115,0,0,0,265,191,74,55,35,20,28,17,11,15,5,10
C3010,28,02,0000,District - Nizamabad  02,Urban,35-59,97937,51363,46574,669,520,149,0,0,0,392,324,68,147,118,29,76,49,27,54,29,25
C3010,28,02,0000,District - Nizamabad  02,Urban,60+,25387,11472,13915,91,61,30,0,0,0,42,32,10,24,11,13,10,7,3,15,11,4
C3010,28,02,0000,District - Nizamabad  02,Urban,Age not stated,1044,562,482,21,15,6,0,0,0,17,14,3,3,1,2,1,0,1,0,0,0
C3010,28,03,0000,District - Karimnagar  03,Total,All ages,3491822,1747968,1743854,828160,458604,369556,766101,414523,351578,53311,38994,14317,4468,3282,1186,1475,993,482,2805,812,1993
C3010,28,03,0000,District - Karimnagar  03,Total,0-4,302570,154228,148342,12102,6131,5971,12102,6131,5971,0,0,0,0,0,0,0,0,0,0,0,0
C3010,28,03,0000,District - Karimnagar  03,Total,5,84008,42666,41342,31777,16293,15484,31777,16293,15484,0,0,0,0,0,0,0,0,0,0,0,0
C3010,28,03,0000,District - Karimnagar  03,Total,6,79386,40614,38772,49950,25740,24210,49950,25740,24210,0,0,0,0,0,0,0,0,0,0,0,0
C3010,28,03,0000,District - Karimnagar  03,Total,7,76812,39495,37317,66187,34347,31840,66187,34347,31840,0,0,0,0,0,0,0,0,0,0,0,0
C3010,28,03,0000,District - Karimnagar  03,Total,8,86420,43296,43124,77482,39275,38207,77482,39275,38207,0,0,0,0,0,0,0,0,0,0,0,0
C3010,28,03,0000,District - Karimnagar  03,Total,9,72877,35968,36909,67575,33764,33811,67575,33764,33811,0,0,0,0,0,0,0,0,0,0,0,0
C3010,28,03,0000,District - Karimnagar  03,Total,10,98039,50243,47796,87396,45759,41637,87396,45759,41637,0,0,0,0,0,0,0,0,0,0,0,0
C3010,28,03,0000,District - Karimnagar  03,Total,11,63831,32891,30940,58572,30819,27753,58572,30819,27753,0,0,0,0,0,0,0,0,0,0,0,0
C3010,28,03,0000,District - Karimnagar  03,Total,12,92403,47787,44616,77828,42310,35518,77828,42310,35518,0,0,0,0,0,0,0,0,0,0,0,0
C3010,28,03,0000,District - Karimnagar  03,Total,13,70358,35602,34756,57479,31281,26198,57479,31281,26198,0,0,0,0,0,0,0,0,0,0,0,0
C3010,28,03,0000,District - Karimnagar  03,Total,14,72014,36313,35701,52942,29788,23154,52942,29788,23154,0,0,0,0,0,0,0,0,0,0,0,0
C3010,28,03,0000,District - Karimnagar  03,Total,15-19,340316,170840,169476,142389,88670,53719,117574,72450,45124,22317,14651,7666,1908,1244,664,381,235,146,209,90,119
C3010,28,03,0000,District - Karimnagar  03,Total,20-24,311287,154440,156847,37867,28586,9281,9237,6566,2671,26386,20573,5813,1361,1029,332,366,241,125,517,177,340
C3010,28,03,0000,District - Karimnagar  03,Total,25-29,306374,145349,161025,4839,3701,1138,0,0,0,3099,2567,532,799,699,100,354,267,87,587,168,419
C3010,28,03,0000,District - Karimnagar  03,Total,30-34,254564,126613,127951,1370,826,544,0,0,0,644,513,131,151,122,29,134,81,53,441,110,331
C3010,28,03,0000,District - Karimnagar  03,Total,35-59,865028,436911,428117,2025,1082,943,0,0,0,659,553,106,182,144,38,209,150,59,975,235,740
C3010,28,03,0000,District - Karimnagar  03,Total,60+,310858,152239,158619,260,158,102,0,0,0,106,79,27,54,32,22,27,17,10,73,30,43
C3010,28,03,0000,District - Karimnagar  03,Total,Age not stated,4677,2473,2204,120,74,46,0,0,0,100,58,42,13,12,1,4,2,2,3,2,1
C3010,28,03,0000,District - Karimnagar  03,Rural,All ages,2813010,1402279,1410731,616072,343768,272304,582328,318677,263651,28236,22284,5952,2194,1645,549,833,538,295,2481,624,1857
C3010,28,03,0000,District - Karimnagar  03,Rural,0-4,249286,126767,122519,7339,3679,3660,7339,3679,3660,0,0,0,0,0,0,0,0,0,0,0,0
C3010,28,03,0000,District - Karimnagar  03,Rural,5,68894,34963,33931,23961,12251,11710,23961,12251,11710,0,0,0,0,0,0,0,0,0,0,0,0
C3010,28,03,0000,District - Karimnagar  03,Rural,6,65088,33323,31765,39652,20473,19179,39652,20473,19179,0,0,0,0,0,0,0,0,0,0,0,0
C3010,28,03,0000,District - Karimnagar  03,Rural,7,62088,31818,30270,52931,27399,25532,52931,27399,25532,0,0,0,0,0,0,0,0,0,0,0,0
C3010,28,03,0000,District - Karimnagar  03,Rural,8,70230,35095,35135,62485,31625,30860,62485,31625,30860,0,0,0,0,0,0,0,0,0,0,0,0
C3010,28,03,0000,District - Karimnagar  03,Rural,9,58821,29074,29747,54244,27213,27031,54244,27213,27031,0,0,0,0,0,0,0,0,0,0,0,0
C3010,28,03,0000,District - Karimnagar  03,Rural,10,78364,40039,38325,69198,36269,32929,69198,36269,32929,0,0,0,0,0,0,0,0,0,0,0,0
C3010,28,03,0000,District - Karimnagar  03,Rural,11,50058,25874,24184,45504,24131,21373,45504,24131,21373,0,0,0,0,0,0,0,0,0,0,0,0
C3010,28,03,0000,District - Karimnagar  03,Rural,12,73439,38138,35301,60508,33420,27088,60508,33420,27088,0,0,0,0,0,0,0,0,0,0,0,0
C3010,28,03,0000,District - Karimnagar  03,Rural,13,55261,28146,27115,43779,24390,19389,43779,24390,19389,0,0,0,0,0,0,0,0,0,0,0,0
C3010,28,03,0000,District - Karimnagar  03,Rural,14,55738,28108,27630,38744,22422,16322,38744,22422,16322,0,0,0,0,0,0,0,0,0,0,0,0
C3010,28,03,0000,District - Karimnagar  03,Rural,15-19,260604,130716,129888,91363,60408,30955,77947,50894,27053,12179,8756,3423,904,580,324,198,130,68,135,48,87
C3010,28,03,0000,District - Karimnagar  03,Rural,20-24,245367,120660,124707,21102,16845,4257,6036,4511,1525,13786,11559,2227,636,511,125,209,140,69,435,124,311
C3010,28,03,0000,District - Karimnagar  03,Rural,25-29,245261,116185,129076,2785,2091,694,0,0,0,1641,1436,205,426,380,46,211,149,62,507,126,381
C3010,28,03,0000,District - Karimnagar  03,Rural,30-34,203719,101204,102515,886,475,411,0,0,0,318,271,47,79,66,13,85,47,38,404,91,313
C3010,28,03,0000,District - Karimnagar  03,Rural,35-59,694984,345935,349049,1374,550,824,0,0,0,241,209,32,100,75,25,105,59,46,928,207,721
C3010,28,03,0000,District - Karimnagar  03,Rural,60+,272601,134501,138100,178,101,77,0,0,0,44,35,9,40,25,15,23,13,10,71,28,43
C3010,28,03,0000,District - Karimnagar  03,Rural,Age not stated,3207,1733,1474,39,26,13,0,0,0,27,18,9,9,8,1,2,0,2,1,0,1
C3010,28,03,0000,District - Karimnagar  03,Urban,All ages,678812,345689,333123,212088,114836,97252,183773,95846,87927,25075,16710,8365,2274,1637,637,642,455,187,324,188,136
C3010,28,03,0000,District - Karimnagar  03,Urban,0-4,53284,27461,25823,4763,2452,2311,4763,2452,2311,0,0,0,0,0,0,0,0,0,0,0,0
C3010,28,03,0000,District - Karimnagar  03,Urban,5,15114,7703,7411,7816,4042,3774,7816,4042,3774,0,0,0,0,0,0,0,0,0,0,0,0
C3010,28,03,0000,District - Karimnagar  03,Urban,6,14298,7291,7007,10298,5267,5031,10298,5267,5031,0,0,0,0,0,0,0,0,0,0,0,0
C3010,28,03,0000,District - Karimnagar  03,Urban,7,14724,7677,7047,13256,6948,6308,13256,6948,6308,0,0,0,0,0,0,0,0,0,0,0,0
C3010,28,03,0000,District - Karimnagar  03,Urban,8,16190,8201,7989,14997,7650,7347,14997,7650,7347,0,0,0,0,0,0,0,0,0,0,0,0
C3010,28,03,0000,District - Karimnagar  03,Urban,9,14056,6894,7162,13331,6551,6780,13331,6551,6780,0,0,0,0,0,0,0,0,0,0,0,0
C3010,28,03,0000,District - Karimnagar  03,Urban,10,19675,10204,9471,18198,9490,8708,18198,9490,8708,0,0,0,0,0,0,0,0,0,0,0,0
C3010,28,03,0000,District - Karimnagar  03,Urban,11,13773,7017,6756,13068,6688,6380,13068,6688,6380,0,0,0,0,0,0,0,0,0,0,0,0
C3010,28,03,0000,District - Karimnagar  03,Urban,12,18964,9649,9315,17320,8890,8430,17320,8890,8430,0,0,0,0,0,0,0,0,0,0,0,0
C3010,28,03,0000,District - Karimnagar  03,Urban,13,15097,7456,7641,13700,6891,6809,13700,6891,6809,0,0,0,0,0,0,0,0,0,0,0,0
C3010,28,03,0000,District - Karimnagar  03,Urban,14,16276,8205,8071,14198,7366,6832,14198,7366,6832,0,0,0,0,0,0,0,0,0,0,0,0
C3010,28,03,0000,District - Karimnagar  03,Urban,15-19,79712,40124,39588,51026,28262,22764,39627,21556,18071,10138,5895,4243,1004,664,340,183,105,78,74,42,32
C3010,28,03,0000,District - Karimnagar  03,Urban,20-24,65920,33780,32140,16765,11741,5024,3201,2055,1146,12600,9014,3586,725,518,207,157,101,56,82,53,29
C3010,28,03,0000,District - Karimnagar  03,Urban,25-29,61113,29164,31949,2054,1610,444,0,0,0,1458,1131,327,373,319,54,143,118,25,80,42,38
C3010,28,03,0000,District - Karimnagar  03,Urban,30-34,50845,25409,25436,484,351,133,0,0,0,326,242,84,72,56,16,49,34,15,37,19,18
C3010,28,03,0000,District - Karimnagar  03,Urban,35-59,170044,90976,79068,651,532,119,0,0,0,418,344,74,82,69,13,104,91,13,47,28,19
C3010,28,03,0000,District - Karimnagar  03,Urban,60+,38257,17738,20519,82,57,25,0,0,0,62,44,18,14,7,7,4,4,0,2,2,0
C3010,28,03,0000,District - Karimnagar  03,Urban,Age not stated,1470,740,730,81,48,33,0,0,0,73,40,33,4,4,0,2,2,0,2,2,0
C3010,28,04,0000,District - Medak  04,Total,All ages,2670097,1352446,1317651,599941,338911,261030,564144,313414,250730,29151,21446,7705,2909,2139,770,1179,823,356,2558,1089,1469
C3010,28,04,0000,District - Medak  04,Total,0-4,255985,129750,126235,9962,5234,4728,9962,5234,4728,0,0,0,0,0,0,0,0,0,0,0,0
C3010,28,04,0000,District - Medak  04,Total,5,71649,36824,34825,26349,13830,12519,26349,13830,12519,0,0,0,0,0,0,0,0,0,0,0,0
C3010,28,04,0000,District - Medak  04,Total,6,75009,38386,36623,44151,23095,21056,44151,23095,21056,0,0,0,0,0,0,0,0,0,0,0,0
C3010,28,04,0000,District - Medak  04,Total,7,65816,33412,32404,52861,27689,25172,52861,27689,25172,0,0,0,0,0,0,0,0,0,0,0,0
C3010,28,04,0000,District - Medak  04,Total,8,81213,40564,40649,66062,34169,31893,66062,34169,31893,0,0,0,0,0,0,0,0,0,0,0,0
C3010,28,04,0000,District - Medak  04,Total,9,59921,29915,30006,50941,26299,24642,50941,26299,24642,0,0,0,0,0,0,0,0,0,0,0,0
C3010,28,04,0000,District - Medak  04,Total,10,85123,44287,40836,66489,36441,30048,66489,36441,30048,0,0,0,0,0,0,0,0,0,0,0,0
C3010,28,04,0000,District - Medak  04,Total,11,47909,24796,23113,39273,21559,17714,39273,21559,17714,0,0,0,0,0,0,0,0,0,0,0,0
C3010,28,04,0000,District - Medak  04,Total,12,81683,42431,39252,56705,32255,24450,56705,32255,24450,0,0,0,0,0,0,0,0,0,0,0,0
C3010,28,04,0000,District - Medak  04,Total,13,53556,27531,26025,37500,21349,16151,37500,21349,16151,0,0,0,0,0,0,0,0,0,0,0,0
C3010,28,04,0000,District - Medak  04,Total,14,55928,29202,26726,34236,20240,13996,34236,20240,13996,0,0,0,0,0,0,0,0,0,0,0,0
C3010,28,04,0000,District - Medak  04,Total,15-19,256750,136493,120257,86736,55557,31179,73176,46571,26605,11751,7827,3924,1238,837,401,365,230,135,206,92,114
C3010,28,04,0000,District - Medak  04,Total,20-24,229248,116746,112502,22590,16950,5640,6439,4683,1756,14630,11319,3311,793,586,207,269,181,88,459,181,278
C3010,28,04,0000,District - Medak  04,Total,25-29,227240,109393,117847,3041,2326,715,0,0,0,1839,1521,318,534,457,77,210,160,50,458,188,270
C3010,28,04,0000,District - Medak  04,Total,30-34,188420,95889,92531,1074,702,372,0,0,0,435,353,82,136,109,27,96,69,27,407,171,236
C3010,28,04,0000,District - Medak  04,Total,35-59,621710,316610,305100,1715,1047,668,0,0,0,411,361,50,164,125,39,200,155,45,940,406,534
C3010,28,04,0000,District - Medak  04,Total,60+,209526,98217,111309,226,145,81,0,0,0,62,47,15,39,20,19,38,27,11,87,51,36
C3010,28,04,0000,District - Medak  04,Total,Age not stated,3411,2000,1411,30,24,6,0,0,0,23,18,5,5,5,0,1,1,0,1,0,1
C3010,28,04,0000,District - Medak  04,Rural,All ages,2286573,1155418,1131155,488014,279861,208153,465567,262984,202583,17678,14087,3591,1617,1263,354,749,526,223,2403,1001,1402
C3010,28,04,0000,District - Medak  04,Rural,0-4,221054,111952,109102,6820,3574,3246,6820,3574,3246,0,0,0,0,0,0,0,0,0,0,0,0
C3010,28,04,0000,District - Medak  04,Rural,5,62270,31912,30358,21753,11418,10335,21753,11418,10335,0,0,0,0,0,0,0,0,0,0,0,0
C3010,28,04,0000,District - Medak  04,Rural,6,65882,33747,32135,38258,20139,18119,38258,20139,18119,0,0,0,0,0,0,0,0,0,0,0,0
C3010,28,04,0000,District - Medak  04,Rural,7,57005,28965,28040,45149,23759,21390,45149,23759,21390,0,0,0,0,0,0,0,0,0,0,0,0
C3010,28,04,0000,District - Medak  04,Rural,8,70865,35423,35442,56782,29533,27249,56782,29533,27249,0,0,0,0,0,0,0,0,0,0,0,0
C3010,28,04,0000,District - Medak  04,Rural,9,51836,25870,25966,43487,22583,20904,43487,22583,20904,0,0,0,0,0,0,0,0,0,0,0,0
C3010,28,04,0000,District - Medak  04,Rural,10,73339,38235,35104,55988,31007,24981,55988,31007,24981,0,0,0,0,0,0,0,0,0,0,0,0
C3010,28,04,0000,District - Medak  04,Rural,11,40515,21059,19456,32446,18092,14354,32446,18092,14354,0,0,0,0,0,0,0,0,0,0,0,0
C3010,28,04,0000,District - Medak  04,Rural,12,70542,36834,33708,47085,27402,19683,47085,27402,19683,0,0,0,0,0,0,0,0,0,0,0,0
C3010,28,04,0000,District - Medak  04,Rural,13,45638,23708,21930,30568,17974,12594,30568,17974,12594,0,0,0,0,0,0,0,0,0,0,0,0
C3010,28,04,0000,District - Medak  04,Rural,14,47362,25021,22341,27263,16808,10455,27263,16808,10455,0,0,0,0,0,0,0,0,0,0,0,0
C3010,28,04,0000,District - Medak  04,Rural,15-19,215753,115635,100118,63487,43107,20380,55071,37021,18050,7327,5355,1972,670,507,163,245,150,95,174,74,100
C3010,28,04,0000,District - Medak  04,Rural,20-24,189744,96231,93513,14552,11524,3028,4897,3674,1223,8609,7210,1399,453,353,100,171,121,50,422,166,256
C3010,28,04,0000,District - Medak  04,Rural,25-29,189099,90624,98475,1998,1536,462,0,0,0,1158,1011,147,286,255,31,123,100,23,431,170,261
C3010,28,04,0000,District - Medak  04,Rural,30-34,158013,79590,78423,806,505,301,0,0,0,271,234,37,86,67,19,59,44,15,390,160,230
C3010,28,04,0000,District - Medak  04,Rural,35-59,535675,269760,265915,1382,777,605,0,0,0,266,241,25,91,64,27,120,88,32,905,384,521
C3010,28,04,0000,District - Medak  04,Rural,60+,189146,89178,99968,169,106,63,0,0,0,31,23,8,28,14,14,30,22,8,80,47,33
C3010,28,04,0000,District - Medak  04,Rural,Age not stated,2835,1674,1161,21,17,4,0,0,0,16,13,3,3,3,0,1,1,0,1,0,1
C3010,28,04,0000,District - Medak  04,Urban,All ages,383524,197028,186496,111927,59050,52877,98577,50430,48147,11473,7359,4114,1292,876,416,430,297,133,155,88,67
C3010,28,04,0000,District - Medak  04,Urban,0-4,34931,17798,17133,3142,1660,1482,3142,1660,1482,0,0,0,0,0,0,0,0,0,0,0,0
C3010,28,04,0000,District - Medak  04,Urban,5,9379,4912,4467,4596,2412,2184,4596,2412,2184,0,0,0,0,0,0,0,0,0,0,0,0
C3010,28,04,0000,District - Medak  04,Urban,6,9127,4639,4488,5893,2956,2937,5893,2956,2937,0,0,0,0,0,0,0,0,0,0,0,0
C3010,28,04,0000,District - Medak  04,Urban,7,8811,4447,4364,7712,3930,3782,7712,3930,3782,0,0,0,0,0,0,0,0,0,0,0,0
C3010,28,04,0000,District - Medak  04,Urban,8,10348,5141,5207,9280,4636,4644,9280,4636,4644,0,0,0,0,0,0,0,0,0,0,0,0
C3010,28,04,0000,District - Medak  04,Urban,9,8085,4045,4040,7454,3716,3738,7454,3716,3738,0,0,0,0,0,0,0,0,0,0,0,0
C3010,28,04,0000,District - Medak  04,Urban,10,11784,6052,5732,10501,5434,5067,10501,5434,5067,0,0,0,0,0,0,0,0,0,0,0,0
C3010,28,04,0000,District - Medak  04,Urban,11,7394,3737,3657,6827,3467,3360,6827,3467,3360,0,0,0,0,0,0,0,0,0,0,0,0
C3010,28,04,0000,District - Medak  04,Urban,12,11141,5597,5544,9620,4853,4767,9620,4853,4767,0,0,0,0,0,0,0,0,0,0,0,0
C3010,28,04,0000,District - Medak  04,Urban,13,7918,3823,4095,6932,3375,3557,6932,3375,3557,0,0,0,0,0,0,0,0,0,0,0,0
C3010,28,04,0000,District - Medak  04,Urban,14,8566,4181,4385,6973,3432,3541,6973,3432,3541,0,0,0,0,0,0,0,0,0,0,0,0
C3010,28,04,0000,District - Medak  04,Urban,15-19,40997,20858,20139,23249,12450,10799,18105,9550,8555,4424,2472,1952,568,330,238,120,80,40,32,18,14
C3010,28,04,0000,District - Medak  04,Urban,20-24,39504,20515,18989,8038,5426,2612,1542,1009,533,6021,4109,1912,340,233,107,98,60,38,37,15,22
C3010,28,04,0000,District - Medak  04,Urban,25-29,38141,18769,19372,1043,790,253,0,0,0,681,510,171,248,202,46,87,60,27,27,18,9
C3010,28,04,0000,District - Medak  04,Urban,30-34,30407,16299,14108,268,197,71,0,0,0,164,119,45,50,42,8,37,25,12,17,11,6
C3010,28,04,0000,District - Medak  04,Urban,35-59,86035,46850,39185,333,270,63,0,0,0,145,120,25,73,61,12,80,67,13,35,22,13
C3010,28,04,0000,District - Medak  04,Urban,60+,20380,9039,11341,57,39,18,0,0,0,31,24,7,11,6,5,8,5,3,7,4,3
C3010,28,04,0000,District - Medak  04,Urban,Age not stated,576,326,250,9,7,2,0,0,0,7,5,2,2,2,0,0,0,0,0,0,0
C3010,28,05,0000,District - Hyderabad  05,Total,All ages,3829753,1981173,1848580,1156133,612884,543249,957182,492139,465043,178744,108093,70651,9952,6467,3485,8140,5213,2927,2115,972,1143
C3010,28,05,0000,District - Hyderabad  05,Total,0-4,319253,164003,155250,47559,24451,23108,47559,24451,23108,0,0,0,0,0,0,0,0,0,0,0,0
C3010,28,05,0000,District - Hyderabad  05,Total,5,82853,43090,39763,50156,26208,23948,50156,26208,23948,0,0,0,0,0,0,0,0,0,0,0,0
C3010,28,05,0000,District - Hyderabad  05,Total,6,83978,43080,40898,59328,30475,28853,59328,30475,28853,0,0,0,0,0,0,0,0,0,0,0,0
C3010,28,05,0000,District - Hyderabad  05,Total,7,77898,40427,37471,64406,33431,30975,64406,33431,30975,0,0,0,0,0,0,0,0,0,0,0,0
C3010,28,05,0000,District - Hyderabad  05,Total,8,95912,48878,47034,79886,40731,39155,79886,40731,39155,0,0,0,0,0,0,0,0,0,0,0,0
C3010,28,05,0000,District - Hyderabad  05,Total,9,71940,36449,35491,61650,31210,30440,61650,31210,30440,0,0,0,0,0,0,0,0,0,0,0,0
C3010,28,05,0000,District - Hyderabad  05,Total,10,113194,59380,53814,93360,48803,44557,93360,48803,44557,0,0,0,0,0,0,0,0,0,0,0,0
C3010,28,05,0000,District - Hyderabad  05,Total,11,69724,35560,34164,59539,30411,29128,59539,30411,29128,0,0,0,0,0,0,0,0,0,0,0,0
C3010,28,05,0000,District - Hyderabad  05,Total,12,107269,55635,51634,87106,44891,42215,87106,44891,42215,0,0,0,0,0,0,0,0,0,0,0,0
C3010,28,05,0000,District - Hyderabad  05,Total,13,74151,36590,37561,61308,30173,31135,61308,30173,31135,0,0,0,0,0,0,0,0,0,0,0,0
C3010,28,05,0000,District - Hyderabad  05,Total,14,87496,43974,43522,68256,34252,34004,68256,34252,34004,0,0,0,0,0,0,0,0,0,0,0,0
C3010,28,05,0000,District - Hyderabad  05,Total,15-19,446968,227856,219112,261540,135795,125745,200074,103265,96809,56155,29560,26595,3158,1815,1343,1991,1097,894,162,58,104
C3010,28,05,0000,District - Hyderabad  05,Total,20-24,418508,217755,200753,118833,72375,46458,24554,13838,10716,90236,56149,34087,2214,1368,846,1536,917,619,293,103,190
C3010,28,05,0000,District - Hyderabad  05,Total,25-29,364879,182568,182311,21948,15456,6492,0,0,0,16975,11919,5056,2300,1719,581,2274,1643,631,399,175,224
C3010,28,05,0000,District - Hyderabad  05,Total,30-34,282272,147049,135223,6746,4383,2363,0,0,0,4920,3193,1727,699,471,228,825,565,260,302,154,148
C3010,28,05,0000,District - Hyderabad  05,Total,35-59,889165,475559,413606,11669,7800,3869,0,0,0,8248,5630,2618,1334,933,401,1289,854,435,798,383,415
C3010,28,05,0000,District - Hyderabad  05,Total,60+,224487,111614,112873,2060,1468,592,0,0,0,1524,1134,390,211,138,73,185,107,78,140,89,51
C3010,28,05,0000,District - Hyderabad  05,Total,Age not stated,19806,11706,8100,783,571,212,0,0,0,686,508,178,36,23,13,40,30,10,21,10,11
C3010,28,05,0000,District - Hyderabad  05,Rural,All ages,0,0,0,0,0,0,0,0,0,0,0,0,0,0,0,0,0,0,0,0,0
C3010,28,05,0000,District - Hyderabad  05,Rural,0-4,0,0,0,0,0,0,0,0,0,0,0,0,0,0,0,0,0,0,0,0,0
C3010,28,05,0000,District - Hyderabad  05,Rural,5,0,0,0,0,0,0,0,0,0,0,0,0,0,0,0,0,0,0,0,0,0
C3010,28,05,0000,District - Hyderabad  05,Rural,6,0,0,0,0,0,0,0,0,0,0,0,0,0,0,0,0,0,0,0,0,0
C3010,28,05,0000,District - Hyderabad  05,Rural,7,0,0,0,0,0,0,0,0,0,0,0,0,0,0,0,0,0,0,0,0,0
C3010,28,05,0000,District - Hyderabad  05,Rural,8,0,0,0,0,0,0,0,0,0,0,0,0,0,0,0,0,0,0,0,0,0
C3010,28,05,0000,District - Hyderabad  05,Rural,9,0,0,0,0,0,0,0,0,0,0,0,0,0,0,0,0,0,0,0,0,0
C3010,28,05,0000,District - Hyderabad  05,Rural,10,0,0,0,0,0,0,0,0,0,0,0,0,0,0,0,0,0,0,0,0,0
C3010,28,05,0000,District - Hyderabad  05,Rural,11,0,0,0,0,0,0,0,0,0,0,0,0,0,0,0,0,0,0,0,0,0
C3010,28,05,0000,District - Hyderabad  05,Rural,12,0,0,0,0,0,0,0,0,0,0,0,0,0,0,0,0,0,0,0,0,0
C3010,28,05,0000,District - Hyderabad  05,Rural,13,0,0,0,0,0,0,0,0,0,0,0,0,0,0,0,0,0,0,0,0,0
C3010,28,05,0000,District - Hyderabad  05,Rural,14,0,0,0,0,0,0,0,0,0,0,0,0,0,0,0,0,0,0,0,0,0
C3010,28,05,0000,District - Hyderabad  05,Rural,15-19,0,0,0,0,0,0,0,0,0,0,0,0,0,0,0,0,0,0,0,0,0
C3010,28,05,0000,District - Hyderabad  05,Rural,20-24,0,0,0,0,0,0,0,0,0,0,0,0,0,0,0,0,0,0,0,0,0
C3010,28,05,0000,District - Hyderabad  05,Rural,25-29,0,0,0,0,0,0,0,0,0,0,0,0,0,0,0,0,0,0,0,0,0
C3010,28,05,0000,District - Hyderabad  05,Rural,30-34,0,0,0,0,0,0,0,0,0,0,0,0,0,0,0,0,0,0,0,0,0
C3010,28,05,0000,District - Hyderabad  05,Rural,35-59,0,0,0,0,0,0,0,0,0,0,0,0,0,0,0,0,0,0,0,0,0
C3010,28,05,0000,District - Hyderabad  05,Rural,60+,0,0,0,0,0,0,0,0,0,0,0,0,0,0,0,0,0,0,0,0,0
C3010,28,05,0000,District - Hyderabad  05,Rural,Age not stated,0,0,0,0,0,0,0,0,0,0,0,0,0,0,0,0,0,0,0,0,0
C3010,28,05,0000,District - Hyderabad  05,Urban,All ages,3829753,1981173,1848580,1156133,612884,543249,957182,492139,465043,178744,108093,70651,9952,6467,3485,8140,5213,2927,2115,972,1143
C3010,28,05,0000,District - Hyderabad  05,Urban,0-4,319253,164003,155250,47559,24451,23108,47559,24451,23108,0,0,0,0,0,0,0,0,0,0,0,0
C3010,28,05,0000,District - Hyderabad  05,Urban,5,82853,43090,39763,50156,26208,23948,50156,26208,23948,0,0,0,0,0,0,0,0,0,0,0,0
C3010,28,05,0000,District - Hyderabad  05,Urban,6,83978,43080,40898,59328,30475,28853,59328,30475,28853,0,0,0,0,0,0,0,0,0,0,0,0
C3010,28,05,0000,District - Hyderabad  05,Urban,7,77898,40427,37471,64406,33431,30975,64406,33431,30975,0,0,0,0,0,0,0,0,0,0,0,0
C3010,28,05,0000,District - Hyderabad  05,Urban,8,95912,48878,47034,79886,40731,39155,79886,40731,39155,0,0,0,0,0,0,0,0,0,0,0,0
C3010,28,05,0000,District - Hyderabad  05,Urban,9,71940,36449,35491,61650,31210,30440,61650,31210,30440,0,0,0,0,0,0,0,0,0,0,0,0
C3010,28,05,0000,District - Hyderabad  05,Urban,10,113194,59380,53814,93360,48803,44557,93360,48803,44557,0,0,0,0,0,0,0,0,0,0,0,0
C3010,28,05,0000,District - Hyderabad  05,Urban,11,69724,35560,34164,59539,30411,29128,59539,30411,29128,0,0,0,0,0,0,0,0,0,0,0,0
C3010,28,05,0000,District - Hyderabad  05,Urban,12,107269,55635,51634,87106,44891,42215,87106,44891,42215,0,0,0,0,0,0,0,0,0,0,0,0
C3010,28,05,0000,District - Hyderabad  05,Urban,13,74151,36590,37561,61308,30173,31135,61308,30173,31135,0,0,0,0,0,0,0,0,0,0,0,0
C3010,28,05,0000,District - Hyderabad  05,Urban,14,87496,43974,43522,68256,34252,34004,68256,34252,34004,0,0,0,0,0,0,0,0,0,0,0,0
C3010,28,05,0000,District - Hyderabad  05,Urban,15-19,446968,227856,219112,261540,135795,125745,200074,103265,96809,56155,29560,26595,3158,1815,1343,1991,1097,894,162,58,104
C3010,28,05,0000,District - Hyderabad  05,Urban,20-24,418508,217755,200753,118833,72375,46458,24554,13838,10716,90236,56149,34087,2214,1368,846,1536,917,619,293,103,190
C3010,28,05,0000,District - Hyderabad  05,Urban,25-29,364879,182568,182311,21948,15456,6492,0,0,0,16975,11919,5056,2300,1719,581,2274,1643,631,399,175,224
C3010,28,05,0000,District - Hyderabad  05,Urban,30-34,282272,147049,135223,6746,4383,2363,0,0,0,4920,3193,1727,699,471,228,825,565,260,302,154,148
C3010,28,05,0000,District - Hyderabad  05,Urban,35-59,889165,475559,413606,11669,7800,3869,0,0,0,8248,5630,2618,1334,933,401,1289,854,435,798,383,415
C3010,28,05,0000,District - Hyderabad  05,Urban,60+,224487,111614,112873,2060,1468,592,0,0,0,1524,1134,390,211,138,73,185,107,78,140,89,51
C3010,28,05,0000,District - Hyderabad  05,Urban,Age not stated,19806,11706,8100,783,571,212,0,0,0,686,508,178,36,23,13,40,30,10,21,10,11
C3010,28,06,0000,District - Rangareddi  06,Total,All ages,3575064,1839227,1735837,924962,506866,418096,808921,433241,375680,98932,63492,35440,9564,6224,3340,4317,2722,1595,3228,1187,2041
C3010,28,06,0000,District - Rangareddi  06,Total,0-4,324169,164591,159578,24476,12799,11677,24476,12799,11677,0,0,0,0,0,0,0,0,0,0,0,0
C3010,28,06,0000,District - Rangareddi  06,Total,5,87947,45288,42659,39362,20618,18744,39362,20618,18744,0,0,0,0,0,0,0,0,0,0,0,0
C3010,28,06,0000,District - Rangareddi  06,Total,6,87908,45337,42571,55320,28957,26363,55320,28957,26363,0,0,0,0,0,0,0,0,0,0,0,0
C3010,28,06,0000,District - Rangareddi  06,Total,7,81054,41704,39350,66733,34854,31879,66733,34854,31879,0,0,0,0,0,0,0,0,0,0,0,0
C3010,28,06,0000,District - Rangareddi  06,Total,8,94301,47303,46998,79102,40507,38595,79102,40507,38595,0,0,0,0,0,0,0,0,0,0,0,0
C3010,28,06,0000,District - Rangareddi  06,Total,9,75122,37951,37171,65684,33775,31909,65684,33775,31909,0,0,0,0,0,0,0,0,0,0,0,0
C3010,28,06,0000,District - Rangareddi  06,Total,10,105258,54479,50779,86855,46177,40678,86855,46177,40678,0,0,0,0,0,0,0,0,0,0,0,0
C3010,28,06,0000,District - Rangareddi  06,Total,11,67499,34491,33008,58508,30668,27840,58508,30668,27840,0,0,0,0,0,0,0,0,0,0,0,0
C3010,28,06,0000,District - Rangareddi  06,Total,12,99615,51757,47858,78125,42197,35928,78125,42197,35928,0,0,0,0,0,0,0,0,0,0,0,0
C3010,28,06,0000,District - Rangareddi  06,Total,13,71149,35934,35215,56374,29870,26504,56374,29870,26504,0,0,0,0,0,0,0,0,0,0,0,0
C3010,28,06,0000,District - Rangareddi  06,Total,14,73056,37783,35273,53318,29076,24242,53318,29076,24242,0,0,0,0,0,0,0,0,0,0,0,0
C3010,28,06,0000,District - Rangareddi  06,Total,15-19,360441,188449,171992,168422,96587,71835,131350,75190,56160,32437,18801,13636,3429,1928,1501,858,486,372,348,182,166
C3010,28,06,0000,District - Rangareddi  06,Total,20-24,358817,182578,176239,68631,44445,24186,13714,8553,5161,51106,33677,17429,2524,1590,934,750,412,338,537,213,324
C3010,28,06,0000,District - Rangareddi  06,Total,25-29,353092,173342,179750,12245,8687,3558,0,0,0,8340,6074,2266,2101,1583,518,1112,741,371,692,289,403
C3010,28,06,0000,District - Rangareddi  06,Total,30-34,273529,144330,129199,3909,2557,1352,0,0,0,2308,1600,708,612,475,137,519,357,162,470,125,345
C3010,28,06,0000,District - Rangareddi  06,Total,35-59,827481,439576,387905,6396,4139,2257,0,0,0,3663,2654,1009,748,546,202,932,626,306,1053,313,740
C3010,28,06,0000,District - Rangareddi  06,Total,60+,222366,107842,114524,892,636,256,0,0,0,549,416,133,118,81,37,107,77,30,118,62,56
C3010,28,06,0000,District - Rangareddi  06,Total,Age not stated,12260,6492,5768,610,317,293,0,0,0,529,270,259,32,21,11,39,23,16,10,3,7
C3010,28,06,0000,District - Rangareddi  06,Rural,All ages,1637227,834579,802648,389870,217536,172334,368308,202559,165749,17086,12866,4220,1535,1049,486,1008,633,375,1933,429,1504
C3010,28,06,0000,District - Rangareddi  06,Rural,0-4,158664,79922,78742,6451,3311,3140,6451,3311,3140,0,0,0,0,0,0,0,0,0,0,0,0
C3010,28,06,0000,District - Rangareddi  06,Rural,5,44271,22824,21447,17207,9157,8050,17207,9157,8050,0,0,0,0,0,0,0,0,0,0,0,0
C3010,28,06,0000,District - Rangareddi  06,Rural,6,46427,23928,22499,28636,15117,13519,28636,15117,13519,0,0,0,0,0,0,0,0,0,0,0,0
C3010,28,06,0000,District - Rangareddi  06,Rural,7,41162,21076,20086,33842,17711,16131,33842,17711,16131,0,0,0,0,0,0,0,0,0,0,0,0
C3010,28,06,0000,District - Rangareddi  06,Rural,8,49617,24633,24984,41480,21203,20277,41480,21203,20277,0,0,0,0,0,0,0,0,0,0,0,0
C3010,28,06,0000,District - Rangareddi  06,Rural,9,38573,19375,19198,33706,17369,16337,33706,17369,16337,0,0,0,0,0,0,0,0,0,0,0,0
C3010,28,06,0000,District - Rangareddi  06,Rural,10,53242,27235,26007,43024,22951,20073,43024,22951,20073,0,0,0,0,0,0,0,0,0,0,0,0
C3010,28,06,0000,District - Rangareddi  06,Rural,11,32748,16757,15991,28051,14972,13079,28051,14972,13079,0,0,0,0,0,0,0,0,0,0,0,0
C3010,28,06,0000,District - Rangareddi  06,Rural,12,51611,26959,24652,38344,21464,16880,38344,21464,16880,0,0,0,0,0,0,0,0,0,0,0,0
C3010,28,06,0000,District - Rangareddi  06,Rural,13,34574,17823,16751,25736,14477,11259,25736,14477,11259,0,0,0,0,0,0,0,0,0,0,0,0
C3010,28,06,0000,District - Rangareddi  06,Rural,14,34762,18311,16451,22818,13357,9461,22818,13357,9461,0,0,0,0,0,0,0,0,0,0,0,0
C3010,28,06,0000,District - Rangareddi  06,Rural,15-19,159934,85735,74199,53458,34370,19088,45136,28717,16419,7368,5097,2271,598,348,250,238,147,91,118,61,57
C3010,28,06,0000,District - Rangareddi  06,Rural,20-24,145177,74455,70722,12800,9569,3231,3877,2753,1124,8062,6361,1701,394,281,113,202,114,88,265,60,205
C3010,28,06,0000,District - Rangareddi  06,Rural,25-29,144797,70532,74265,2014,1437,577,0,0,0,1144,983,161,274,217,57,210,150,60,386,87,299
C3010,28,06,0000,District - Rangareddi  06,Rural,30-34,113596,58398,55198,808,417,391,0,0,0,242,194,48,123,101,22,101,62,39,342,60,282
C3010,28,06,0000,District - Rangareddi  06,Rural,35-59,364732,187401,177331,1333,556,777,0,0,0,230,198,32,128,91,37,227,137,90,748,130,618
C3010,28,06,0000,District - Rangareddi  06,Rural,60+,121177,58020,63157,146,88,58,0,0,0,30,26,4,18,11,7,28,22,6,70,29,41
C3010,28,06,0000,District - Rangareddi  06,Rural,Age not stated,2163,1195,968,16,10,6,0,0,0,10,7,3,0,0,0,2,1,1,4,2,2
C3010,28,06,0000,District - Rangareddi  06,Urban,All ages,1937837,1004648,933189,535092,289330,245762,440613,230682,209931,81846,50626,31220,8029,5175,2854,3309,2089,1220,1295,758,537
C3010,28,06,0000,District - Rangareddi  06,Urban,0-4,165505,84669,80836,18025,9488,8537,18025,9488,8537,0,0,0,0,0,0,0,0,0,0,0,0
C3010,28,06,0000,District - Rangareddi  06,Urban,5,43676,22464,21212,22155,11461,10694,22155,11461,10694,0,0,0,0,0,0,0,0,0,0,0,0
C3010,28,06,0000,District - Rangareddi  06,Urban,6,41481,21409,20072,26684,13840,12844,26684,13840,12844,0,0,0,0,0,0,0,0,0,0,0,0
C3010,28,06,0000,District - Rangareddi  06,Urban,7,39892,20628,19264,32891,17143,15748,32891,17143,15748,0,0,0,0,0,0,0,0,0,0,0,0
C3010,28,06,0000,District - Rangareddi  06,Urban,8,44684,22670,22014,37622,19304,18318,37622,19304,18318,0,0,0,0,0,0,0,0,0,0,0,0
C3010,28,06,0000,District - Rangareddi  06,Urban,9,36549,18576,17973,31978,16406,15572,31978,16406,15572,0,0,0,0,0,0,0,0,0,0,0,0
C3010,28,06,0000,District - Rangareddi  06,Urban,10,52016,27244,24772,43831,23226,20605,43831,23226,20605,0,0,0,0,0,0,0,0,0,0,0,0
C3010,28,06,0000,District - Rangareddi  06,Urban,11,34751,17734,17017,30457,15696,14761,30457,15696,14761,0,0,0,0,0,0,0,0,0,0,0,0
C3010,28,06,0000,District - Rangareddi  06,Urban,12,48004,24798,23206,39781,20733,19048,39781,20733,19048,0,0,0,0,0,0,0,0,0,0,0,0
C3010,28,06,0000,District - Rangareddi  06,Urban,13,36575,18111,18464,30638,15393,15245,30638,15393,15245,0,0,0,0,0,0,0,0,0,0,0,0
C3010,28,06,0000,District - Rangareddi  06,Urban,14,38294,19472,18822,30500,15719,14781,30500,15719,14781,0,0,0,0,0,0,0,0,0,0,0,0
C3010,28,06,0000,District - Rangareddi  06,Urban,15-19,200507,102714,97793,114964,62217,52747,86214,46473,39741,25069,13704,11365,2831,1580,1251,620,339,281,230,121,109
C3010,28,06,0000,District - Rangareddi  06,Urban,20-24,213640,108123,105517,55831,34876,20955,9837,5800,4037,43044,27316,15728,2130,1309,821,548,298,250,272,153,119
C3010,28,06,0000,District - Rangareddi  06,Urban,25-29,208295,102810,105485,10231,7250,2981,0,0,0,7196,5091,2105,1827,1366,461,902,591,311,306,202,104
C3010,28,06,0000,District - Rangareddi  06,Urban,30-34,159933,85932,74001,3101,2140,961,0,0,0,2066,1406,660,489,374,115,418,295,123,128,65,63
C3010,28,06,0000,District - Rangareddi  06,Urban,35-59,462749,252175,210574,5063,3583,1480,0,0,0,3433,2456,977,620,455,165,705,489,216,305,183,122
C3010,28,06,0000,District - Rangareddi  06,Urban,60+,101189,49822,51367,746,548,198,0,0,0,519,390,129,100,70,30,79,55,24,48,33,15
C3010,28,06,0000,District - Rangareddi  06,Urban,Age not stated,10097,5297,4800,594,307,287,0,0,0,519,263,256,32,21,11,37,22,15,6,1,5
C3010,28,07,0000,District - Mahbubnagar  07,Total,All ages,3513934,1782340,1731594,714308,422774,291534,664008,389351,274657,39597,28359,11238,3646,2635,1011,1505,977,528,5552,1452,4100
C3010,28,07,0000,District - Mahbubnagar  07,Total,0-4,345446,176041,169405,9834,5207,4627,9834,5207,4627,0,0,0,0,0,0,0,0,0,0,0,0
C3010,28,07,0000,District - Mahbubnagar  07,Total,5,96382,49904,46478,29980,16262,13718,29980,16262,13718,0,0,0,0,0,0,0,0,0,0,0,0
C3010,28,07,0000,District - Mahbubnagar  07,Total,6,105678,54607,51071,55489,30381,25108,55489,30381,25108,0,0,0,0,0,0,0,0,0,0,0,0
C3010,28,07,0000,District - Mahbubnagar  07,Total,7,90750,46241,44509,63977,34724,29253,63977,34724,29253,0,0,0,0,0,0,0,0,0,0,0,0
C3010,28,07,0000,District - Mahbubnagar  07,Total,8,115364,57940,57424,80246,43996,36250,80246,43996,36250,0,0,0,0,0,0,0,0,0,0,0,0
C3010,28,07,0000,District - Mahbubnagar  07,Total,9,83863,43131,40732,61996,34876,27120,61996,34876,27120,0,0,0,0,0,0,0,0,0,0,0,0
C3010,28,07,0000,District - Mahbubnagar  07,Total,10,122330,62897,59433,76610,44902,31708,76610,44902,31708,0,0,0,0,0,0,0,0,0,0,0,0
C3010,28,07,0000,District - Mahbubnagar  07,Total,11,64160,33639,30521,45824,26984,18840,45824,26984,18840,0,0,0,0,0,0,0,0,0,0,0,0
C3010,28,07,0000,District - Mahbubnagar  07,Total,12,114200,59888,54312,64192,39408,24784,64192,39408,24784,0,0,0,0,0,0,0,0,0,0,0,0
C3010,28,07,0000,District - Mahbubnagar  07,Total,13,70652,37637,33015,43269,26768,16501,43269,26768,16501,0,0,0,0,0,0,0,0,0,0,0,0
C3010,28,07,0000,District - Mahbubnagar  07,Total,14,74413,40194,34219,40618,25676,14942,40618,25676,14942,0,0,0,0,0,0,0,0,0,0,0,0
C3010,28,07,0000,District - Mahbubnagar  07,Total,15-19,333760,177427,156333,102851,66704,36147,83917,54460,29457,16520,10720,5800,1493,1027,466,487,326,161,434,171,263
C3010,28,07,0000,District - Mahbubnagar  07,Total,20-24,301773,152306,149467,29441,21288,8153,8056,5707,2349,19196,14424,4772,985,700,285,299,202,97,905,255,650
C3010,28,07,0000,District - Mahbubnagar  07,Total,25-29,294159,140526,153633,4497,3077,1420,0,0,0,2519,2086,433,673,565,108,273,176,97,1032,250,782
C3010,28,07,0000,District - Mahbubnagar  07,Total,30-34,239474,121500,117974,1792,916,876,0,0,0,619,500,119,190,133,57,120,76,44,863,207,656
C3010,28,07,0000,District - Mahbubnagar  07,Total,35-59,799904,404980,394924,3269,1352,1917,0,0,0,626,539,87,247,178,69,277,157,120,2119,478,1641
C3010,28,07,0000,District - Mahbubnagar  07,Total,60+,256642,120705,135937,377,228,149,0,0,0,80,69,11,51,29,22,48,39,9,198,91,107
C3010,28,07,0000,District - Mahbubnagar  07,Total,Age not stated,4984,2777,2207,46,25,21,0,0,0,37,21,16,7,3,4,1,1,0,1,0,1
C3010,28,07,0000,District - Mahbubnagar  07,Rural,All ages,3142579,1592325,1550254,597845,359559,238286,564348,336704,227644,24967,19279,5688,1907,1435,472,1192,761,431,5431,1380,4051
C3010,28,07,0000,District - Mahbubnagar  07,Rural,0-4,313856,159990,153866,7313,3900,3413,7313,3900,3413,0,0,0,0,0,0,0,0,0,0,0,0
C3010,28,07,0000,District - Mahbubnagar  07,Rural,5,87377,45198,42179,25454,13875,11579,25454,13875,11579,0,0,0,0,0,0,0,0,0,0,0,0
C3010,28,07,0000,District - Mahbubnagar  07,Rural,6,96809,50041,46768,49468,27224,22244,49468,27224,22244,0,0,0,0,0,0,0,0,0,0,0,0
C3010,28,07,0000,District - Mahbubnagar  07,Rural,7,82024,41756,40268,56430,30814,25616,56430,30814,25616,0,0,0,0,0,0,0,0,0,0,0,0
C3010,28,07,0000,District - Mahbubnagar  07,Rural,8,105097,52681,52416,71232,39303,31929,71232,39303,31929,0,0,0,0,0,0,0,0,0,0,0,0
C3010,28,07,0000,District - Mahbubnagar  07,Rural,9,75846,39038,36808,54700,31103,23597,54700,31103,23597,0,0,0,0,0,0,0,0,0,0,0,0
C3010,28,07,0000,District - Mahbubnagar  07,Rural,10,110537,56727,53810,66436,39452,26984,66436,39452,26984,0,0,0,0,0,0,0,0,0,0,0,0
C3010,28,07,0000,District - Mahbubnagar  07,Rural,11,56896,29932,26964,39214,23575,15639,39214,23575,15639,0,0,0,0,0,0,0,0,0,0,0,0
C3010,28,07,0000,District - Mahbubnagar  07,Rural,12,102507,53702,48805,54340,34059,20281,54340,34059,20281,0,0,0,0,0,0,0,0,0,0,0,0
C3010,28,07,0000,District - Mahbubnagar  07,Rural,13,62489,33590,28899,36108,23139,12969,36108,23139,12969,0,0,0,0,0,0,0,0,0,0,0,0
C3010,28,07,0000,District - Mahbubnagar  07,Rural,14,65332,35496,29836,33068,21667,11401,33068,21667,11401,0,0,0,0,0,0,0,0,0,0,0,0
C3010,28,07,0000,District - Mahbubnagar  07,Rural,15-19,291201,155867,135334,76555,52534,24021,64256,43916,20340,10819,7698,3121,710,512,198,355,246,109,415,162,253
C3010,28,07,0000,District - Mahbubnagar  07,Rural,20-24,264799,133048,131751,19595,14884,4711,6329,4677,1652,11655,9423,2232,511,398,113,222,150,72,878,236,642
C3010,28,07,0000,District - Mahbubnagar  07,Rural,25-29,260302,124345,135957,3247,2124,1123,0,0,0,1631,1417,214,392,335,57,223,138,85,1001,234,767
C3010,28,07,0000,District - Mahbubnagar  07,Rural,30-34,212554,107410,105144,1464,679,785,0,0,0,416,353,63,102,68,34,101,61,40,845,197,648
C3010,28,07,0000,District - Mahbubnagar  07,Rural,35-59,715873,360501,355372,2877,1034,1843,0,0,0,383,339,44,149,101,48,246,129,117,2099,465,1634
C3010,28,07,0000,District - Mahbubnagar  07,Rural,60+,235077,110766,124311,326,183,143,0,0,0,49,41,8,41,20,21,44,36,8,192,86,106
C3010,28,07,0000,District - Mahbubnagar  07,Rural,Age not stated,4003,2237,1766,18,10,8,0,0,0,14,8,6,2,1,1,1,1,0,1,0,1
C3010,28,07,0000,District - Mahbubnagar  07,Urban,All ages,371355,190015,181340,116463,63215,53248,99660,52647,47013,14630,9080,5550,1739,1200,539,313,216,97,121,72,49
C3010,28,07,0000,District - Mahbubnagar  07,Urban,0-4,31590,16051,15539,2521,1307,1214,2521,1307,1214,0,0,0,0,0,0,0,0,0,0,0,0
C3010,28,07,0000,District - Mahbubnagar  07,Urban,5,9005,4706,4299,4526,2387,2139,4526,2387,2139,0,0,0,0,0,0,0,0,0,0,0,0
C3010,28,07,0000,District - Mahbubnagar  07,Urban,6,8869,4566,4303,6021,3157,2864,6021,3157,2864,0,0,0,0,0,0,0,0,0,0,0,0
C3010,28,07,0000,District - Mahbubnagar  07,Urban,7,8726,4485,4241,7547,3910,3637,7547,3910,3637,0,0,0,0,0,0,0,0,0,0,0,0
C3010,28,07,0000,District - Mahbubnagar  07,Urban,8,10267,5259,5008,9014,4693,4321,9014,4693,4321,0,0,0,0,0,0,0,0,0,0,0,0
C3010,28,07,0000,District - Mahbubnagar  07,Urban,9,8017,4093,3924,7296,3773,3523,7296,3773,3523,0,0,0,0,0,0,0,0,0,0,0,0
C3010,28,07,0000,District - Mahbubnagar  07,Urban,10,11793,6170,5623,10174,5450,4724,10174,5450,4724,0,0,0,0,0,0,0,0,0,0,0,0
C3010,28,07,0000,District - Mahbubnagar  07,Urban,11,7264,3707,3557,6610,3409,3201,6610,3409,3201,0,0,0,0,0,0,0,0,0,0,0,0
C3010,28,07,0000,District - Mahbubnagar  07,Urban,12,11693,6186,5507,9852,5349,4503,9852,5349,4503,0,0,0,0,0,0,0,0,0,0,0,0
C3010,28,07,0000,District - Mahbubnagar  07,Urban,13,8163,4047,4116,7161,3629,3532,7161,3629,3532,0,0,0,0,0,0,0,0,0,0,0,0
C3010,28,07,0000,District - Mahbubnagar  07,Urban,14,9081,4698,4383,7550,4009,3541,7550,4009,3541,0,0,0,0,0,0,0,0,0,0,0,0
C3010,28,07,0000,District - Mahbubnagar  07,Urban,15-19,42559,21560,20999,26296,14170,12126,19661,10544,9117,5701,3022,2679,783,515,268,132,80,52,19,9,10
C3010,28,07,0000,District - Mahbubnagar  07,Urban,20-24,36974,19258,17716,9846,6404,3442,1727,1030,697,7541,5001,2540,474,302,172,77,52,25,27,19,8
C3010,28,07,0000,District - Mahbubnagar  07,Urban,25-29,33857,16181,17676,1250,953,297,0,0,0,888,669,219,281,230,51,50,38,12,31,16,15
C3010,28,07,0000,District - Mahbubnagar  07,Urban,30-34,26920,14090,12830,328,237,91,0,0,0,203,147,56,88,65,23,19,15,4,18,10,8
C3010,28,07,0000,District - Mahbubnagar  07,Urban,35-59,84031,44479,39552,392,318,74,0,0,0,243,200,43,98,77,21,31,28,3,20,13,7
C3010,28,07,0000,District - Mahbubnagar  07,Urban,60+,21565,9939,11626,51,45,6,0,0,0,31,28,3,10,9,1,4,3,1,6,5,1
C3010,28,07,0000,District - Mahbubnagar  07,Urban,Age not stated,981,540,441,28,15,13,0,0,0,23,13,10,5,2,3,0,0,0,0,0,0
C3010,28,08,0000,District - Nalgonda  08,Total,All ages,3247982,1651990,1595992,801508,454678,346830,727545,406972,320573,54345,40432,13913,4405,3120,1285,1521,862,659,13692,3292,10400
C3010,28,08,0000,District - Nalgonda  08,Total,0-4,295103,151042,144061,11689,6082,5607,11689,6082,5607,0,0,0,0,0,0,0,0,0,0,0,0
C3010,28,08,0000,District - Nalgonda  08,Total,5,79655,40846,38809,30304,15860,14444,30304,15860,14444,0,0,0,0,0,0,0,0,0,0,0,0
C3010,28,08,0000,District - Nalgonda  08,Total,6,81200,41738,39462,51296,26943,24353,51296,26943,24353,0,0,0,0,0,0,0,0,0,0,0,0
C3010,28,08,0000,District - Nalgonda  08,Total,7,76856,39545,37311,65583,34513,31070,65583,34513,31070,0,0,0,0,0,0,0,0,0,0,0,0
C3010,28,08,0000,District - Nalgonda  08,Total,8,89302,44822,44480,77772,40466,37306,77772,40466,37306,0,0,0,0,0,0,0,0,0,0,0,0
C3010,28,08,0000,District - Nalgonda  08,Total,9,76054,38545,37509,68277,35816,32461,68277,35816,32461,0,0,0,0,0,0,0,0,0,0,0,0
C3010,28,08,0000,District - Nalgonda  08,Total,10,98941,51355,47586,82848,45516,37332,82848,45516,37332,0,0,0,0,0,0,0,0,0,0,0,0
C3010,28,08,0000,District - Nalgonda  08,Total,11,64369,33957,30412,56011,31187,24824,56011,31187,24824,0,0,0,0,0,0,0,0,0,0,0,0
C3010,28,08,0000,District - Nalgonda  08,Total,12,92500,48545,43955,71182,40806,30376,71182,40806,30376,0,0,0,0,0,0,0,0,0,0,0,0
C3010,28,08,0000,District - Nalgonda  08,Total,13,73226,37492,35734,54725,31239,23486,54725,31239,23486,0,0,0,0,0,0,0,0,0,0,0,0
C3010,28,08,0000,District - Nalgonda  08,Total,14,69570,36422,33148,47586,28214,19372,47586,28214,19372,0,0,0,0,0,0,0,0,0,0,0,0
C3010,28,08,0000,District - Nalgonda  08,Total,15-19,326759,169541,157218,129996,82925,47071,103436,65443,37993,23471,15813,7658,2016,1267,749,406,225,181,667,177,490
C3010,28,08,0000,District - Nalgonda  08,Total,20-24,287604,145501,142103,36727,27467,9260,6836,4887,1949,26496,20987,5509,1300,998,302,360,215,145,1735,380,1355
C3010,28,08,0000,District - Nalgonda  08,Total,25-29,274378,132732,141646,6714,3908,2806,0,0,0,3096,2566,530,730,622,108,361,231,130,2527,489,2038
C3010,28,08,0000,District - Nalgonda  08,Total,30-34,221678,113060,108618,3166,1077,2089,0,0,0,571,457,114,130,97,33,130,58,72,2335,465,1870
C3010,28,08,0000,District - Nalgonda  08,Total,35-59,766096,388675,377421,6971,2276,4695,0,0,0,518,450,68,176,108,68,233,110,123,6044,1608,4436
C3010,28,08,0000,District - Nalgonda  08,Total,60+,269816,135261,134555,539,282,257,0,0,0,85,66,19,50,26,24,30,22,8,374,168,206
C3010,28,08,0000,District - Nalgonda  08,Total,Age not stated,4875,2911,1964,122,101,21,0,0,0,108,93,15,3,2,1,1,1,0,10,5,5
C3010,28,08,0000,District - Nalgonda  08,Rural,All ages,2815304,1429458,1385846,659662,376576,283086,608220,343355,264865,34522,27563,6959,2343,1787,556,1214,664,550,13363,3207,10156
C3010,28,08,0000,District - Nalgonda  08,Rural,0-4,259877,132918,126959,8540,4452,4088,8540,4452,4088,0,0,0,0,0,0,0,0,0,0,0,0
C3010,28,08,0000,District - Nalgonda  08,Rural,5,69888,35932,33956,25351,13327,12024,25351,13327,12024,0,0,0,0,0,0,0,0,0,0,0,0
C3010,28,08,0000,District - Nalgonda  08,Rural,6,71928,37022,34906,44748,23595,21153,44748,23595,21153,0,0,0,0,0,0,0,0,0,0,0,0
C3010,28,08,0000,District - Nalgonda  08,Rural,7,67257,34709,32548,56799,30078,26721,56799,30078,26721,0,0,0,0,0,0,0,0,0,0,0,0
C3010,28,08,0000,District - Nalgonda  08,Rural,8,78543,39400,39143,67700,35357,32343,67700,35357,32343,0,0,0,0,0,0,0,0,0,0,0,0
C3010,28,08,0000,District - Nalgonda  08,Rural,9,66303,33528,32775,59004,31003,28001,59004,31003,28001,0,0,0,0,0,0,0,0,0,0,0,0
C3010,28,08,0000,District - Nalgonda  08,Rural,10,86425,44847,41578,71158,39371,31787,71158,39371,31787,0,0,0,0,0,0,0,0,0,0,0,0
C3010,28,08,0000,District - Nalgonda  08,Rural,11,55133,28994,26139,47246,26436,20810,47246,26436,20810,0,0,0,0,0,0,0,0,0,0,0,0
C3010,28,08,0000,District - Nalgonda  08,Rural,12,80039,41859,38180,59846,34624,25222,59846,34624,25222,0,0,0,0,0,0,0,0,0,0,0,0
C3010,28,08,0000,District - Nalgonda  08,Rural,13,62751,32092,30659,45237,26255,18982,45237,26255,18982,0,0,0,0,0,0,0,0,0,0,0,0
C3010,28,08,0000,District - Nalgonda  08,Rural,14,58808,30501,28307,38126,22871,15255,38126,22871,15255,0,0,0,0,0,0,0,0,0,0,0,0
C3010,28,08,0000,District - Nalgonda  08,Rural,15-19,275564,143284,132280,96402,64250,32152,79112,52025,27087,15366,11203,4163,952,679,273,321,175,146,651,168,483
C3010,28,08,0000,District - Nalgonda  08,Rural,20-24,243468,123184,120284,24560,19135,5425,5353,3961,1392,16549,14073,2476,689,570,119,276,167,109,1693,364,1329
C3010,28,08,0000,District - Nalgonda  08,Rural,25-29,233645,112976,120669,5089,2687,2402,0,0,0,1896,1665,231,454,384,70,273,171,102,2466,467,1999
C3010,28,08,0000,District - Nalgonda  08,Rural,30-34,189573,95972,93601,2800,834,1966,0,0,0,325,278,47,75,54,21,108,41,67,2292,461,1831
C3010,28,08,0000,District - Nalgonda  08,Rural,35-59,667544,336475,331069,6492,1980,4512,0,0,0,258,233,25,136,80,56,207,88,119,5891,1579,4312
C3010,28,08,0000,District - Nalgonda  08,Rural,60+,244874,123570,121304,471,240,231,0,0,0,47,37,10,36,19,17,28,21,7,360,163,197
C3010,28,08,0000,District - Nalgonda  08,Rural,Age not stated,3684,2195,1489,93,81,12,0,0,0,81,74,7,1,1,0,1,1,0,10,5,5
C3010,28,08,0000,District - Nalgonda  08,Urban,All ages,432678,222532,210146,141846,78102,63744,119325,63617,55708,19823,12869,6954,2062,1333,729,307,198,109,329,85,244
C3010,28,08,0000,District - Nalgonda  08,Urban,0-4,35226,18124,17102,3149,1630,1519,3149,1630,1519,0,0,0,0,0,0,0,0,0,0,0,0
C3010,28,08,0000,District - Nalgonda  08,Urban,5,9767,4914,4853,4953,2533,2420,4953,2533,2420,0,0,0,0,0,0,0,0,0,0,0,0
C3010,28,08,0000,District - Nalgonda  08,Urban,6,9272,4716,4556,6548,3348,3200,6548,3348,3200,0,0,0,0,0,0,0,0,0,0,0,0
C3010,28,08,0000,District - Nalgonda  08,Urban,7,9599,4836,4763,8784,4435,4349,8784,4435,4349,0,0,0,0,0,0,0,0,0,0,0,0
C3010,28,08,0000,District - Nalgonda  08,Urban,8,10759,5422,5337,10072,5109,4963,10072,5109,4963,0,0,0,0,0,0,0,0,0,0,0,0
C3010,28,08,0000,District - Nalgonda  08,Urban,9,9751,5017,4734,9273,4813,4460,9273,4813,4460,0,0,0,0,0,0,0,0,0,0,0,0
C3010,28,08,0000,District - Nalgonda  08,Urban,10,12516,6508,6008,11690,6145,5545,11690,6145,5545,0,0,0,0,0,0,0,0,0,0,0,0
C3010,28,08,0000,District - Nalgonda  08,Urban,11,9236,4963,4273,8765,4751,4014,8765,4751,4014,0,0,0,0,0,0,0,0,0,0,0,0
C3010,28,08,0000,District - Nalgonda  08,Urban,12,12461,6686,5775,11336,6182,5154,11336,6182,5154,0,0,0,0,0,0,0,0,0,0,0,0
C3010,28,08,0000,District - Nalgonda  08,Urban,13,10475,5400,5075,9488,4984,4504,9488,4984,4504,0,0,0,0,0,0,0,0,0,0,0,0
C3010,28,08,0000,District - Nalgonda  08,Urban,14,10762,5921,4841,9460,5343,4117,9460,5343,4117,0,0,0,0,0,0,0,0,0,0,0,0
C3010,28,08,0000,District - Nalgonda  08,Urban,15-19,51195,26257,24938,33594,18675,14919,24324,13418,10906,8105,4610,3495,1064,588,476,85,50,35,16,9,7
C3010,28,08,0000,District - Nalgonda  08,Urban,20-24,44136,22317,21819,12167,8332,3835,1483,926,557,9947,6914,3033,611,428,183,84,48,36,42,16,26
C3010,28,08,0000,District - Nalgonda  08,Urban,25-29,40733,19756,20977,1625,1221,404,0,0,0,1200,901,299,276,238,38,88,60,28,61,22,39
C3010,28,08,0000,District - Nalgonda  08,Urban,30-34,32105,17088,15017,366,243,123,0,0,0,246,179,67,55,43,12,22,17,5,43,4,39
C3010,28,08,0000,District - Nalgonda  08,Urban,35-59,98552,52200,46352,479,296,183,0,0,0,260,217,43,40,28,12,26,22,4,153,29,124
C3010,28,08,0000,District - Nalgonda  08,Urban,60+,24942,11691,13251,68,42,26,0,0,0,38,29,9,14,7,7,2,1,1,14,5,9
C3010,28,08,0000,District - Nalgonda  08,Urban,Age not stated,1191,716,475,29,20,9,0,0,0,27,19,8,2,1,1,0,0,0,0,0,0
C3010,28,09,0000,District - Warangal  09,Total,All ages,3246004,1644895,1601109,828493,465541,362952,743859,408170,335689,69436,49788,19648,7172,4675,2497,2472,1450,1022,5554,1458,4096
C3010,28,09,0000,District - Warangal  09,Total,0-4,288972,147242,141730,13821,7059,6762,13821,7059,6762,0,0,0,0,0,0,0,0,0,0,0,0
C3010,28,09,0000,District - Warangal  09,Total,5,81238,41771,39467,35836,18742,17094,35836,18742,17094,0,0,0,0,0,0,0,0,0,0,0,0
C3010,28,09,0000,District - Warangal  09,Total,6,82537,42555,39982,54986,28835,26151,54986,28835,26151,0,0,0,0,0,0,0,0,0,0,0,0
C3010,28,09,0000,District - Warangal  09,Total,7,75675,38798,36877,65616,34230,31386,65616,34230,31386,0,0,0,0,0,0,0,0,0,0,0,0
C3010,28,09,0000,District - Warangal  09,Total,8,89050,44733,44317,78792,40477,38315,78792,40477,38315,0,0,0,0,0,0,0,0,0,0,0,0
C3010,28,09,0000,District - Warangal  09,Total,9,69800,35060,34740,63475,32648,30827,63475,32648,30827,0,0,0,0,0,0,0,0,0,0,0,0
C3010,28,09,0000,District - Warangal  09,Total,10,97462,50732,46730,83679,45177,38502,83679,45177,38502,0,0,0,0,0,0,0,0,0,0,0,0
C3010,28,09,0000,District - Warangal  09,Total,11,57591,30020,27571,51649,27762,23887,51649,27762,23887,0,0,0,0,0,0,0,0,0,0,0,0
C3010,28,09,0000,District - Warangal  09,Total,12,89756,47274,42482,72394,40358,32036,72394,40358,32036,0,0,0,0,0,0,0,0,0,0,0,0
C3010,28,09,0000,District - Warangal  09,Total,13,67286,34923,32363,53927,30001,23926,53927,30001,23926,0,0,0,0,0,0,0,0,0,0,0,0
C3010,28,09,0000,District - Warangal  09,Total,14,66391,35099,31292,49141,28314,20827,49141,28314,20827,0,0,0,0,0,0,0,0,0,0,0,0
C3010,28,09,0000,District - Warangal  09,Total,15-19,314595,161362,153233,141927,88300,53627,111099,68371,42728,27220,17977,9243,2717,1491,1226,452,263,189,439,198,241
C3010,28,09,0000,District - Warangal  09,Total,20-24,290268,143415,146853,47973,34090,13883,9444,6196,3248,34708,25756,8952,2449,1618,831,479,271,208,893,249,644
C3010,28,09,0000,District - Warangal  09,Total,25-29,287348,138292,149056,8104,5863,2241,0,0,0,4986,4045,941,1320,1097,223,615,400,215,1183,321,862
C3010,28,09,0000,District - Warangal  09,Total,30-34,229061,117761,111300,2578,1483,1095,0,0,0,1127,901,226,260,205,55,345,202,143,846,175,671
C3010,28,09,0000,District - Warangal  09,Total,35-59,777367,393896,383471,3943,1845,2098,0,0,0,1156,939,217,313,216,97,501,270,231,1973,420,1553
C3010,28,09,0000,District - Warangal  09,Total,60+,276465,139162,137303,558,317,241,0,0,0,182,139,43,96,43,53,68,43,25,212,92,120
C3010,28,09,0000,District - Warangal  09,Total,Age not stated,5142,2800,2342,94,40,54,0,0,0,57,31,26,17,5,12,12,1,11,8,3,5
C3010,28,09,0000,District - Warangal  09,Rural,All ages,2622792,1328589,1294203,630149,357588,272561,586541,326173,260368,34967,27733,7234,2205,1719,486,1575,871,704,4861,1092,3769
C3010,28,09,0000,District - Warangal  09,Rural,0-4,240544,122646,117898,9409,4792,4617,9409,4792,4617,0,0,0,0,0,0,0,0,0,0,0,0
C3010,28,09,0000,District - Warangal  09,Rural,5,67972,34943,33029,29365,15375,13990,29365,15375,13990,0,0,0,0,0,0,0,0,0,0,0,0
C3010,28,09,0000,District - Warangal  09,Rural,6,70285,36266,34019,46941,24732,22209,46941,24732,22209,0,0,0,0,0,0,0,0,0,0,0,0
C3010,28,09,0000,District - Warangal  09,Rural,7,63002,32163,30839,54329,28274,26055,54329,28274,26055,0,0,0,0,0,0,0,0,0,0,0,0
C3010,28,09,0000,District - Warangal  09,Rural,8,74804,37461,37343,65658,33715,31943,65658,33715,31943,0,0,0,0,0,0,0,0,0,0,0,0
C3010,28,09,0000,District - Warangal  09,Rural,9,57897,29148,28749,52340,27070,25270,52340,27070,25270,0,0,0,0,0,0,0,0,0,0,0,0
C3010,28,09,0000,District - Warangal  09,Rural,10,80545,41967,38578,68200,37094,31106,68200,37094,31106,0,0,0,0,0,0,0,0,0,0,0,0
C3010,28,09,0000,District - Warangal  09,Rural,11,45805,24036,21769,40610,22126,18484,40610,22126,18484,0,0,0,0,0,0,0,0,0,0,0,0
C3010,28,09,0000,District - Warangal  09,Rural,12,73680,38908,34772,57774,32674,25100,57774,32674,25100,0,0,0,0,0,0,0,0,0,0,0,0
C3010,28,09,0000,District - Warangal  09,Rural,13,54225,28336,25889,42073,23909,18164,42073,23909,18164,0,0,0,0,0,0,0,0,0,0,0,0
C3010,28,09,0000,District - Warangal  09,Rural,14,52665,28057,24608,37237,22103,15134,37237,22103,15134,0,0,0,0,0,0,0,0,0,0,0,0
C3010,28,09,0000,District - Warangal  09,Rural,15-19,241819,125109,116710,92818,61984,30834,76149,49922,26227,15322,11262,4060,791,547,244,280,171,109,276,82,194
C3010,28,09,0000,District - Warangal  09,Rural,20-24,222826,109287,113539,24447,18822,5625,6456,4387,2069,16274,13532,2742,666,551,115,298,173,125,753,179,574
C3010,28,09,0000,District - Warangal  09,Rural,25-29,227326,108962,118364,4219,2958,1261,0,0,0,2406,2096,310,478,429,49,328,208,120,1007,225,782
C3010,28,09,0000,District - Warangal  09,Rural,30-34,182894,93692,89202,1565,758,807,0,0,0,494,441,53,91,81,10,205,93,112,775,143,632
C3010,28,09,0000,District - Warangal  09,Rural,35-59,626748,315388,311360,2756,993,1763,0,0,0,388,343,45,124,86,38,395,189,206,1849,375,1474
C3010,28,09,0000,District - Warangal  09,Rural,60+,236024,120090,115934,362,190,172,0,0,0,55,43,12,53,24,29,58,37,21,196,86,110
C3010,28,09,0000,District - Warangal  09,Rural,Age not stated,3731,2130,1601,46,19,27,0,0,0,28,16,12,2,1,1,11,0,11,5,2,3
C3010,28,09,0000,District - Warangal  09,Urban,All ages,623212,316306,306906,198344,107953,90391,157318,81997,75321,34469,22055,12414,4967,2956,2011,897,579,318,693,366,327
C3010,28,09,0000,District - Warangal  09,Urban,0-4,48428,24596,23832,4412,2267,2145,4412,2267,2145,0,0,0,0,0,0,0,0,0,0,0,0
C3010,28,09,0000,District - Warangal  09,Urban,5,13266,6828,6438,6471,3367,3104,6471,3367,3104,0,0,0,0,0,0,0,0,0,0,0,0
C3010,28,09,0000,District - Warangal  09,Urban,6,12252,6289,5963,8045,4103,3942,8045,4103,3942,0,0,0,0,0,0,0,0,0,0,0,0
C3010,28,09,0000,District - Warangal  09,Urban,7,12673,6635,6038,11287,5956,5331,11287,5956,5331,0,0,0,0,0,0,0,0,0,0,0,0
C3010,28,09,0000,District - Warangal  09,Urban,8,14246,7272,6974,13134,6762,6372,13134,6762,6372,0,0,0,0,0,0,0,0,0,0,0,0
C3010,28,09,0000,District - Warangal  09,Urban,9,11903,5912,5991,11135,5578,5557,11135,5578,5557,0,0,0,0,0,0,0,0,0,0,0,0
C3010,28,09,0000,District - Warangal  09,Urban,10,16917,8765,8152,15479,8083,7396,15479,8083,7396,0,0,0,0,0,0,0,0,0,0,0,0
C3010,28,09,0000,District - Warangal  09,Urban,11,11786,5984,5802,11039,5636,5403,11039,5636,5403,0,0,0,0,0,0,0,0,0,0,0,0
C3010,28,09,0000,District - Warangal  09,Urban,12,16076,8366,7710,14620,7684,6936,14620,7684,6936,0,0,0,0,0,0,0,0,0,0,0,0
C3010,28,09,0000,District - Warangal  09,Urban,13,13061,6587,6474,11854,6092,5762,11854,6092,5762,0,0,0,0,0,0,0,0,0,0,0,0
C3010,28,09,0000,District - Warangal  09,Urban,14,13726,7042,6684,11904,6211,5693,11904,6211,5693,0,0,0,0,0,0,0,0,0,0,0,0
C3010,28,09,0000,District - Warangal  09,Urban,15-19,72776,36253,36523,49109,26316,22793,34950,18449,16501,11898,6715,5183,1926,944,982,172,92,80,163,116,47
C3010,28,09,0000,District - Warangal  09,Urban,20-24,67442,34128,33314,23526,15268,8258,2988,1809,1179,18434,12224,6210,1783,1067,716,181,98,83,140,70,70
C3010,28,09,0000,District - Warangal  09,Urban,25-29,60022,29330,30692,3885,2905,980,0,0,0,2580,1949,631,842,668,174,287,192,95,176,96,80
C3010,28,09,0000,District - Warangal  09,Urban,30-34,46167,24069,22098,1013,725,288,0,0,0,633,460,173,169,124,45,140,109,31,71,32,39
C3010,28,09,0000,District - Warangal  09,Urban,35-59,150619,78508,72111,1187,852,335,0,0,0,768,596,172,189,130,59,106,81,25,124,45,79
C3010,28,09,0000,District - Warangal  09,Urban,60+,40441,19072,21369,196,127,69,0,0,0,127,96,31,43,19,24,10,6,4,16,6,10
C3010,28,09,0000,District - Warangal  09,Urban,Age not stated,1411,670,741,48,21,27,0,0,0,29,15,14,15,4,11,1,1,0,3,1,2
C3010,28,10,0000,District - Khammam  10,Total,All ages,2578927,1305543,1273384,596705,330915,265790,543048,296299,246749,39447,27837,11610,5018,3742,1276,1442,909,533,7750,2128,5622
C3010,28,10,0000,District - Khammam  10,Total,0-4,231625,117268,114357,7894,4071,3823,7894,4071,3823,0,0,0,0,0,0,0,0,0,0,0,0
C3010,28,10,0000,District - Khammam  10,Total,5,58573,29943,28630,20244,10429,9815,20244,10429,9815,0,0,0,0,0,0,0,0,0,0,0,0
C3010,28,10,0000,District - Khammam  10,Total,6,59952,30469,29483,37467,19249,18218,37467,19249,18218,0,0,0,0,0,0,0,0,0,0,0,0
C3010,28,10,0000,District - Khammam  10,Total,7,61793,31417,30376,52991,27331,25660,52991,27331,25660,0,0,0,0,0,0,0,0,0,0,0,0
C3010,28,10,0000,District - Khammam  10,Total,8,72051,36140,35911,63281,32320,30961,63281,32320,30961,0,0,0,0,0,0,0,0,0,0,0,0
C3010,28,10,0000,District - Khammam  10,Total,9,60684,30955,29729,54043,28150,25893,54043,28150,25893,0,0,0,0,0,0,0,0,0,0,0,0
C3010,28,10,0000,District - Khammam  10,Total,10,75063,39398,35665,61600,33603,27997,61600,33603,27997,0,0,0,0,0,0,0,0,0,0,0,0
C3010,28,10,0000,District - Khammam  10,Total,11,50258,25838,24420,42410,22818,19592,42410,22818,19592,0,0,0,0,0,0,0,0,0,0,0,0
C3010,28,10,0000,District - Khammam  10,Total,12,69989,36133,33856,50783,28352,22431,50783,28352,22431,0,0,0,0,0,0,0,0,0,0,0,0
C3010,28,10,0000,District - Khammam  10,Total,13,55341,28134,27207,38644,21649,16995,38644,21649,16995,0,0,0,0,0,0,0,0,0,0,0,0
C3010,28,10,0000,District - Khammam  10,Total,14,54538,28199,26339,34229,19649,14580,34229,19649,14580,0,0,0,0,0,0,0,0,0,0,0,0
C3010,28,10,0000,District - Khammam  10,Total,15-19,257050,132937,124113,94332,57862,36470,74234,45132,29102,16528,10482,6046,2346,1660,686,560,345,215,664,243,421
C3010,28,10,0000,District - Khammam  10,Total,20-24,241516,118277,123239,28505,20361,8144,5228,3546,1682,19923,15064,4859,1494,1144,350,319,206,113,1541,401,1140
C3010,28,10,0000,District - Khammam  10,Total,25-29,239954,115727,124227,4783,2824,1959,0,0,0,1970,1543,427,734,627,107,313,213,100,1766,441,1325
C3010,28,10,0000,District - Khammam  10,Total,30-34,191899,98873,93026,2012,833,1179,0,0,0,408,297,111,176,144,32,103,61,42,1325,331,994
C3010,28,10,0000,District - Khammam  10,Total,35-59,603201,309255,293946,3072,1182,1890,0,0,0,465,357,108,211,130,81,125,70,55,2271,625,1646
C3010,28,10,0000,District - Khammam  10,Total,60+,190614,93886,96728,335,175,160,0,0,0,98,56,42,39,22,17,21,13,8,177,84,93
C3010,28,10,0000,District - Khammam  10,Total,Age not stated,4826,2694,2132,80,57,23,0,0,0,55,38,17,18,15,3,1,1,0,6,3,3
C3010,28,10,0000,District - Khammam  10,Rural,All ages,2068066,1047248,1020818,448157,251046,197111,417235,230974,186261,20368,15713,4655,2338,1865,473,891,573,318,7325,1921,5404
C3010,28,10,0000,District - Khammam  10,Rural,0-4,192264,97199,95065,4605,2360,2245,4605,2360,2245,0,0,0,0,0,0,0,0,0,0,0,0
C3010,28,10,0000,District - Khammam  10,Rural,5,47902,24452,23450,15172,7828,7344,15172,7828,7344,0,0,0,0,0,0,0,0,0,0,0,0
C3010,28,10,0000,District - Khammam  10,Rural,6,50034,25416,24618,30755,15845,14910,30755,15845,14910,0,0,0,0,0,0,0,0,0,0,0,0
C3010,28,10,0000,District - Khammam  10,Rural,7,51148,26044,25104,43356,22456,20900,43356,22456,20900,0,0,0,0,0,0,0,0,0,0,0,0
C3010,28,10,0000,District - Khammam  10,Rural,8,60434,30353,30081,52512,26948,25564,52512,26948,25564,0,0,0,0,0,0,0,0,0,0,0,0
C3010,28,10,0000,District - Khammam  10,Rural,9,50298,25742,24556,44341,23250,21091,44341,23250,21091,0,0,0,0,0,0,0,0,0,0,0,0
C3010,28,10,0000,District - Khammam  10,Rural,10,61654,32333,29321,49354,27100,22254,49354,27100,22254,0,0,0,0,0,0,0,0,0,0,0,0
C3010,28,10,0000,District - Khammam  10,Rural,11,39877,20643,19234,32847,17965,14882,32847,17965,14882,0,0,0,0,0,0,0,0,0,0,0,0
C3010,28,10,0000,District - Khammam  10,Rural,12,57008,29521,27487,39311,22407,16904,39311,22407,16904,0,0,0,0,0,0,0,0,0,0,0,0
C3010,28,10,0000,District - Khammam  10,Rural,13,44039,22469,21570,28769,16586,12183,28769,16586,12183,0,0,0,0,0,0,0,0,0,0,0,0
C3010,28,10,0000,District - Khammam  10,Rural,14,43203,22476,20727,24871,14819,10052,24871,14819,10052,0,0,0,0,0,0,0,0,0,0,0,0
C3010,28,10,0000,District - Khammam  10,Rural,15-19,197854,103457,94397,59106,38744,20362,47971,31064,16907,9081,6374,2707,1102,867,235,349,221,128,603,218,385
C3010,28,10,0000,District - Khammam  10,Rural,20-24,187161,90766,96395,15506,11496,4010,3371,2346,1025,9839,8122,1717,664,541,123,184,129,55,1448,358,1090
C3010,28,10,0000,District - Khammam  10,Rural,25-29,190439,91742,98697,3236,1689,1547,0,0,0,1025,867,158,353,308,45,194,131,63,1664,383,1281
C3010,28,10,0000,District - Khammam  10,Rural,30-34,153353,78834,74519,1618,578,1040,0,0,0,199,161,38,89,72,17,64,37,27,1266,308,958
C3010,28,10,0000,District - Khammam  10,Rural,35-59,477468,243764,233704,2539,830,1709,0,0,0,169,142,27,107,65,42,88,46,42,2175,577,1598
C3010,28,10,0000,District - Khammam  10,Rural,60+,160336,80029,80307,223,115,108,0,0,0,29,22,7,19,10,9,12,9,3,163,74,89
C3010,28,10,0000,District - Khammam  10,Rural,Age not stated,3594,2008,1586,36,30,6,0,0,0,26,25,1,4,2,2,0,0,0,6,3,3
C3010,28,10,0000,District - Khammam  10,Urban,All ages,510861,258295,252566,148548,79869,68679,125813,65325,60488,19079,12124,6955,2680,1877,803,551,336,215,425,207,218
C3010,28,10,0000,District - Khammam  10,Urban,0-4,39361,20069,19292,3289,1711,1578,3289,1711,1578,0,0,0,0,0,0,0,0,0,0,0,0
C3010,28,10,0000,District - Khammam  10,Urban,5,10671,5491,5180,5072,2601,2471,5072,2601,2471,0,0,0,0,0,0,0,0,0,0,0,0
C3010,28,10,0000,District - Khammam  10,Urban,6,9918,5053,4865,6712,3404,3308,6712,3404,3308,0,0,0,0,0,0,0,0,0,0,0,0
C3010,28,10,0000,District - Khammam  10,Urban,7,10645,5373,5272,9635,4875,4760,9635,4875,4760,0,0,0,0,0,0,0,0,0,0,0,0
C3010,28,10,0000,District - Khammam  10,Urban,8,11617,5787,5830,10769,5372,5397,10769,5372,5397,0,0,0,0,0,0,0,0,0,0,0,0
C3010,28,10,0000,District - Khammam  10,Urban,9,10386,5213,5173,9702,4900,4802,9702,4900,4802,0,0,0,0,0,0,0,0,0,0,0,0
C3010,28,10,0000,District - Khammam  10,Urban,10,13409,7065,6344,12246,6503,5743,12246,6503,5743,0,0,0,0,0,0,0,0,0,0,0,0
C3010,28,10,0000,District - Khammam  10,Urban,11,10381,5195,5186,9563,4853,4710,9563,4853,4710,0,0,0,0,0,0,0,0,0,0,0,0
C3010,28,10,0000,District - Khammam  10,Urban,12,12981,6612,6369,11472,5945,5527,11472,5945,5527,0,0,0,0,0,0,0,0,0,0,0,0
C3010,28,10,0000,District - Khammam  10,Urban,13,11302,5665,5637,9875,5063,4812,9875,5063,4812,0,0,0,0,0,0,0,0,0,0,0,0
C3010,28,10,0000,District - Khammam  10,Urban,14,11335,5723,5612,9358,4830,4528,9358,4830,4528,0,0,0,0,0,0,0,0,0,0,0,0
C3010,28,10,0000,District - Khammam  10,Urban,15-19,59196,29480,29716,35226,19118,16108,26263,14068,12195,7447,4108,3339,1244,793,451,211,124,87,61,25,36
C3010,28,10,0000,District - Khammam  10,Urban,20-24,54355,27511,26844,12999,8865,4134,1857,1200,657,10084,6942,3142,830,603,227,135,77,58,93,43,50
C3010,28,10,0000,District - Khammam  10,Urban,25-29,49515,23985,25530,1547,1135,412,0,0,0,945,676,269,381,319,62,119,82,37,102,58,44
C3010,28,10,0000,District - Khammam  10,Urban,30-34,38546,20039,18507,394,255,139,0,0,0,209,136,73,87,72,15,39,24,15,59,23,36
C3010,28,10,0000,District - Khammam  10,Urban,35-59,125733,65491,60242,533,352,181,0,0,0,296,215,81,104,65,39,37,24,13,96,48,48
C3010,28,10,0000,District - Khammam  10,Urban,60+,30278,13857,16421,112,60,52,0,0,0,69,34,35,20,12,8,9,4,5,14,10,4
C3010,28,10,0000,District - Khammam  10,Urban,Age not stated,1232,686,546,44,27,17,0,0,0,29,13,16,14,13,1,1,1,0,0,0,0
C3010,28,11,0000,District - Srikakulam  11,Total,All ages,2537593,1260020,1277573,573638,316545,257093,520619,288742,231877,27231,20621,6610,3661,2507,1154,2852,1406,1446,19275,3269,16006
C3010,28,11,0000,District - Srikakulam  11,Total,0-4,226342,114805,111537,4231,2191,2040,4231,2191,2040,0,0,0,0,0,0,0,0,0,0,0,0
C3010,28,11,0000,District - Srikakulam  11,Total,5,54439,27812,26627,22356,11651,10705,22356,11651,10705,0,0,0,0,0,0,0,0,0,0,0,0
C3010,28,11,0000,District - Srikakulam  11,Total,6,55312,28214,27098,39468,20401,19067,39468,20401,19067,0,0,0,0,0,0,0,0,0,0,0,0
C3010,28,11,0000,District - Srikakulam  11,Total,7,59646,30157,29489,53663,27422,26241,53663,27422,26241,0,0,0,0,0,0,0,0,0,0,0,0
C3010,28,11,0000,District - Srikakulam  11,Total,8,68191,34107,34084,62081,31622,30459,62081,31622,30459,0,0,0,0,0,0,0,0,0,0,0,0
C3010,28,11,0000,District - Srikakulam  11,Total,9,61487,31381,30106,56414,29353,27061,56414,29353,27061,0,0,0,0,0,0,0,0,0,0,0,0
C3010,28,11,0000,District - Srikakulam  11,Total,10,68545,35577,32968,57632,31001,26631,57632,31001,26631,0,0,0,0,0,0,0,0,0,0,0,0
C3010,28,11,0000,District - Srikakulam  11,Total,11,48950,26190,22760,41558,23469,18089,41558,23469,18089,0,0,0,0,0,0,0,0,0,0,0,0
C3010,28,11,0000,District - Srikakulam  11,Total,12,66396,35141,31255,48372,28048,20324,48372,28048,20324,0,0,0,0,0,0,0,0,0,0,0,0
C3010,28,11,0000,District - Srikakulam  11,Total,13,53703,27925,25778,37223,21879,15344,37223,21879,15344,0,0,0,0,0,0,0,0,0,0,0,0
C3010,28,11,0000,District - Srikakulam  11,Total,14,51971,27269,24702,32092,19515,12577,32092,19515,12577,0,0,0,0,0,0,0,0,0,0,0,0
C3010,28,11,0000,District - Srikakulam  11,Total,15-19,242496,125058,117438,76477,49211,27266,60727,38925,21802,11853,8251,3602,1996,1257,739,938,548,390,963,230,733
C3010,28,11,0000,District - Srikakulam  11,Total,20-24,213321,104140,109181,21919,15152,6767,4802,3265,1537,13171,10505,2666,860,630,230,560,282,278,2526,470,2056
C3010,28,11,0000,District - Srikakulam  11,Total,25-29,217731,99777,117954,6162,2425,3737,0,0,0,1377,1163,214,501,428,73,543,298,245,3741,536,3205
C3010,28,11,0000,District - Srikakulam  11,Total,30-34,189356,92422,96934,4117,1003,3114,0,0,0,369,310,59,106,75,31,252,89,163,3390,529,2861
C3010,28,11,0000,District - Srikakulam  11,Total,35-59,659310,328691,330619,9291,1984,7307,0,0,0,386,332,54,169,104,65,519,164,355,8217,1384,6833
C3010,28,11,0000,District - Srikakulam  11,Total,60+,196703,89339,107364,541,196,345,0,0,0,51,43,8,27,12,15,36,23,13,427,118,309
C3010,28,11,0000,District - Srikakulam  11,Total,Age not stated,3694,2015,1679,41,22,19,0,0,0,24,17,7,2,1,1,4,2,2,11,2,9
C3010,28,11,0000,District - Srikakulam  11,Rural,All ages,2258934,1121420,1137514,504420,278674,225746,461348,257300,204048,19533,15520,4013,2359,1704,655,2147,990,1157,19033,3160,15873
C3010,28,11,0000,District - Srikakulam  11,Rural,0-4,204481,103720,100761,3428,1745,1683,3428,1745,1683,0,0,0,0,0,0,0,0,0,0,0,0
C3010,28,11,0000,District - Srikakulam  11,Rural,5,48885,24937,23948,20464,10641,9823,20464,10641,9823,0,0,0,0,0,0,0,0,0,0,0,0
C3010,28,11,0000,District - Srikakulam  11,Rural,6,50111,25574,24537,36225,18743,17482,36225,18743,17482,0,0,0,0,0,0,0,0,0,0,0,0
C3010,28,11,0000,District - Srikakulam  11,Rural,7,53823,27219,26604,48452,24771,23681,48452,24771,23681,0,0,0,0,0,0,0,0,0,0,0,0
C3010,28,11,0000,District - Srikakulam  11,Rural,8,62059,31121,30938,56440,28828,27612,56440,28828,27612,0,0,0,0,0,0,0,0,0,0,0,0
C3010,28,11,0000,District - Srikakulam  11,Rural,9,55900,28529,27371,51218,26655,24563,51218,26655,24563,0,0,0,0,0,0,0,0,0,0,0,0
C3010,28,11,0000,District - Srikakulam  11,Rural,10,61712,32028,29684,51548,27800,23748,51548,27800,23748,0,0,0,0,0,0,0,0,0,0,0,0
C3010,28,11,0000,District - Srikakulam  11,Rural,11,43827,23587,20240,36925,21076,15849,36925,21076,15849,0,0,0,0,0,0,0,0,0,0,0,0
C3010,28,11,0000,District - Srikakulam  11,Rural,12,59578,31645,27933,42679,25034,17645,42679,25034,17645,0,0,0,0,0,0,0,0,0,0,0,0
C3010,28,11,0000,District - Srikakulam  11,Rural,13,47816,24950,22866,32469,19378,13091,32469,19378,13091,0,0,0,0,0,0,0,0,0,0,0,0
C3010,28,11,0000,District - Srikakulam  11,Rural,14,46211,24285,21926,27752,17141,10611,27752,17141,10611,0,0,0,0,0,0,0,0,0,0,0,0
C3010,28,11,0000,District - Srikakulam  11,Rural,15-19,211359,109288,102071,60763,40166,20597,49558,32603,16955,8430,6164,2266,1260,834,426,592,361,231,923,204,719
C3010,28,11,0000,District - Srikakulam  11,Rural,20-24,186390,90989,95401,16972,11795,5177,4190,2885,1305,9390,7850,1540,512,423,89,417,202,215,2463,435,2028
C3010,28,11,0000,District - Srikakulam  11,Rural,25-29,191937,87893,104044,5511,1936,3575,0,0,0,1046,914,132,340,296,44,426,216,210,3699,510,3189
C3010,28,11,0000,District - Srikakulam  11,Rural,30-34,167254,81396,85858,3948,902,3046,0,0,0,302,266,36,75,53,22,210,62,148,3361,521,2840
C3010,28,11,0000,District - Srikakulam  11,Rural,35-59,585959,291331,294628,9073,1861,7212,0,0,0,304,274,30,146,86,60,470,131,339,8153,1370,6783
C3010,28,11,0000,District - Srikakulam  11,Rural,60+,178227,81069,97158,515,182,333,0,0,0,39,37,2,24,11,13,29,16,13,423,118,305
C3010,28,11,0000,District - Srikakulam  11,Rural,Age not stated,3405,1859,1546,38,20,18,0,0,0,22,15,7,2,1,1,3,2,1,11,2,9
C3010,28,11,0000,District - Srikakulam  11,Urban,All ages,278659,138600,140059,69218,37871,31347,59271,31442,27829,7698,5101,2597,1302,803,499,705,416,289,242,109,133
C3010,28,11,0000,District - Srikakulam  11,Urban,0-4,21861,11085,10776,803,446,357,803,446,357,0,0,0,0,0,0,0,0,0,0,0,0
C3010,28,11,0000,District - Srikakulam  11,Urban,5,5554,2875,2679,1892,1010,882,1892,1010,882,0,0,0,0,0,0,0,0,0,0,0,0
C3010,28,11,0000,District - Srikakulam  11,Urban,6,5201,2640,2561,3243,1658,1585,3243,1658,1585,0,0,0,0,0,0,0,0,0,0,0,0
C3010,28,11,0000,District - Srikakulam  11,Urban,7,5823,2938,2885,5211,2651,2560,5211,2651,2560,0,0,0,0,0,0,0,0,0,0,0,0
C3010,28,11,0000,District - Srikakulam  11,Urban,8,6132,2986,3146,5641,2794,2847,5641,2794,2847,0,0,0,0,0,0,0,0,0,0,0,0
C3010,28,11,0000,District - Srikakulam  11,Urban,9,5587,2852,2735,5196,2698,2498,5196,2698,2498,0,0,0,0,0,0,0,0,0,0,0,0
C3010,28,11,0000,District - Srikakulam  11,Urban,10,6833,3549,3284,6084,3201,2883,6084,3201,2883,0,0,0,0,0,0,0,0,0,0,0,0
C3010,28,11,0000,District - Srikakulam  11,Urban,11,5123,2603,2520,4633,2393,2240,4633,2393,2240,0,0,0,0,0,0,0,0,0,0,0,0
C3010,28,11,0000,District - Srikakulam  11,Urban,12,6818,3496,3322,5693,3014,2679,5693,3014,2679,0,0,0,0,0,0,0,0,0,0,0,0
C3010,28,11,0000,District - Srikakulam  11,Urban,13,5887,2975,2912,4754,2501,2253,4754,2501,2253,0,0,0,0,0,0,0,0,0,0,0,0
C3010,28,11,0000,District - Srikakulam  11,Urban,14,5760,2984,2776,4340,2374,1966,4340,2374,1966,0,0,0,0,0,0,0,0,0,0,0,0
C3010,28,11,0000,District - Srikakulam  11,Urban,15-19,31137,15770,15367,15714,9045,6669,11169,6322,4847,3423,2087,1336,736,423,313,346,187,159,40,26,14
C3010,28,11,0000,District - Srikakulam  11,Urban,20-24,26931,13151,13780,4947,3357,1590,612,380,232,3781,2655,1126,348,207,141,143,80,63,63,35,28
C3010,28,11,0000,District - Srikakulam  11,Urban,25-29,25794,11884,13910,651,489,162,0,0,0,331,249,82,161,132,29,117,82,35,42,26,16
C3010,28,11,0000,District - Srikakulam  11,Urban,30-34,22102,11026,11076,169,101,68,0,0,0,67,44,23,31,22,9,42,27,15,29,8,21
C3010,28,11,0000,District - Srikakulam  11,Urban,35-59,73351,37360,35991,218,123,95,0,0,0,82,58,24,23,18,5,49,33,16,64,14,50
C3010,28,11,0000,District - Srikakulam  11,Urban,60+,18476,8270,10206,26,14,12,0,0,0,12,6,6,3,1,2,7,7,0,4,0,4
C3010,28,11,0000,District - Srikakulam  11,Urban,Age not stated,289,156,133,3,2,1,0,0,0,2,2,0,0,0,0,1,0,1,0,0,0
C3010,28,12,0000,District - Vizianagaram  12,Total,All ages,2249254,1119541,1129713,463349,255927,207422,421546,231539,190007,25405,18719,6686,2553,1889,664,1842,1140,702,12003,2640,9363
C3010,28,12,0000,District - Vizianagaram  12,Total,0-4,198760,100328,98432,3589,1917,1672,3589,1917,1672,0,0,0,0,0,0,0,0,0,0,0,0
C3010,28,12,0000,District - Vizianagaram  12,Total,5,48429,24488,23941,17541,8992,8549,17541,8992,8549,0,0,0,0,0,0,0,0,0,0,0,0
C3010,28,12,0000,District - Vizianagaram  12,Total,6,48740,24662,24078,32598,16759,15839,32598,16759,15839,0,0,0,0,0,0,0,0,0,0,0,0
C3010,28,12,0000,District - Vizianagaram  12,Total,7,51179,25617,25562,44633,22630,22003,44633,22630,22003,0,0,0,0,0,0,0,0,0,0,0,0
C3010,28,12,0000,District - Vizianagaram  12,Total,8,59402,29695,29707,52864,26878,25986,52864,26878,25986,0,0,0,0,0,0,0,0,0,0,0,0
C3010,28,12,0000,District - Vizianagaram  12,Total,9,52101,26636,25465,46255,24185,22070,46255,24185,22070,0,0,0,0,0,0,0,0,0,0,0,0
C3010,28,12,0000,District - Vizianagaram  12,Total,10,56380,29424,26956,45397,24724,20673,45397,24724,20673,0,0,0,0,0,0,0,0,0,0,0,0
C3010,28,12,0000,District - Vizianagaram  12,Total,11,41224,22096,19128,33002,18744,14258,33002,18744,14258,0,0,0,0,0,0,0,0,0,0,0,0
C3010,28,12,0000,District - Vizianagaram  12,Total,12,55354,28833,26521,37074,21103,15971,37074,21103,15971,0,0,0,0,0,0,0,0,0,0,0,0
C3010,28,12,0000,District - Vizianagaram  12,Total,13,45501,23224,22277,28943,16636,12307,28943,16636,12307,0,0,0,0,0,0,0,0,0,0,0,0
C3010,28,12,0000,District - Vizianagaram  12,Total,14,44062,22806,21256,24721,14734,9987,24721,14734,9987,0,0,0,0,0,0,0,0,0,0,0,0
C3010,28,12,0000,District - Vizianagaram  12,Total,15-19,210128,109317,100811,65127,40907,24220,51148,31711,19437,11352,7723,3629,1188,843,345,625,379,246,814,251,563
C3010,28,12,0000,District - Vizianagaram  12,Total,20-24,190165,92473,97692,19245,13413,5832,3781,2526,1255,12296,9548,2748,723,577,146,466,277,189,1979,485,1494
C3010,28,12,0000,District - Vizianagaram  12,Total,25-29,195453,91880,103573,4434,2153,2281,0,0,0,1205,1030,175,390,311,79,392,280,112,2447,532,1915
C3010,28,12,0000,District - Vizianagaram  12,Total,30-34,170764,84807,85957,2475,755,1720,0,0,0,216,164,52,88,59,29,143,82,61,2028,450,1578
C3010,28,12,0000,District - Vizianagaram  12,Total,35-59,612447,305253,307194,5116,1266,3850,0,0,0,262,202,60,130,81,49,197,110,87,4527,873,3654
C3010,28,12,0000,District - Vizianagaram  12,Total,60+,165213,75809,89404,298,110,188,0,0,0,53,36,17,32,18,14,12,7,5,201,49,152
C3010,28,12,0000,District - Vizianagaram  12,Total,Age not stated,3952,2193,1759,37,21,16,0,0,0,21,16,5,2,0,2,7,5,2,7,0,7
C3010,28,12,0000,District - Vizianagaram  12,Rural,All ages,1836859,914907,921952,361318,201536,159782,332020,185061,146959,15208,12069,3139,1383,1022,361,1353,845,508,11354,2539,8815
C3010,28,12,0000,District - Vizianagaram  12,Rural,0-4,167810,84490,83320,2262,1205,1057,2262,1205,1057,0,0,0,0,0,0,0,0,0,0,0,0
C3010,28,12,0000,District - Vizianagaram  12,Rural,5,40300,20351,19949,14250,7315,6935,14250,7315,6935,0,0,0,0,0,0,0,0,0,0,0,0
C3010,28,12,0000,District - Vizianagaram  12,Rural,6,40969,20693,20276,27257,13969,13288,27257,13969,13288,0,0,0,0,0,0,0,0,0,0,0,0
C3010,28,12,0000,District - Vizianagaram  12,Rural,7,43069,21583,21486,37399,19031,18368,37399,19031,18368,0,0,0,0,0,0,0,0,0,0,0,0
C3010,28,12,0000,District - Vizianagaram  12,Rural,8,50276,25130,25146,44397,22618,21779,44397,22618,21779,0,0,0,0,0,0,0,0,0,0,0,0
C3010,28,12,0000,District - Vizianagaram  12,Rural,9,43914,22512,21402,38580,20290,18290,38580,20290,18290,0,0,0,0,0,0,0,0,0,0,0,0
C3010,28,12,0000,District - Vizianagaram  12,Rural,10,46413,24236,22177,36462,20014,16448,36462,20014,16448,0,0,0,0,0,0,0,0,0,0,0,0
C3010,28,12,0000,District - Vizianagaram  12,Rural,11,33524,18086,15438,25975,15050,10925,25975,15050,10925,0,0,0,0,0,0,0,0,0,0,0,0
C3010,28,12,0000,District - Vizianagaram  12,Rural,12,44970,23578,21392,28487,16644,11843,28487,16644,11843,0,0,0,0,0,0,0,0,0,0,0,0
C3010,28,12,0000,District - Vizianagaram  12,Rural,13,36354,18795,17559,21597,12987,8610,21597,12987,8610,0,0,0,0,0,0,0,0,0,0,0,0
C3010,28,12,0000,District - Vizianagaram  12,Rural,14,35228,18436,16792,18182,11410,6772,18182,11410,6772,0,0,0,0,0,0,0,0,0,0,0,0
C3010,28,12,0000,District - Vizianagaram  12,Rural,15-19,164864,86412,78452,43106,28660,14446,34422,22638,11784,6789,5038,1751,619,433,186,494,309,185,782,242,540
C3010,28,12,0000,District - Vizianagaram  12,Rural,20-24,150514,72732,77782,12631,8923,3708,2750,1890,860,7317,6078,1239,335,278,57,333,205,128,1896,472,1424
C3010,28,12,0000,District - Vizianagaram  12,Rural,25-29,157986,74375,83611,3634,1598,2036,0,0,0,775,689,86,241,194,47,279,197,82,2339,518,1821
C3010,28,12,0000,District - Vizianagaram  12,Rural,30-34,138793,68878,69915,2203,636,1567,0,0,0,137,111,26,56,38,18,91,52,39,1919,435,1484
C3010,28,12,0000,District - Vizianagaram  12,Rural,35-59,500789,248891,251898,4620,1087,3533,0,0,0,147,120,27,101,64,37,141,71,70,4231,832,3399
C3010,28,12,0000,District - Vizianagaram  12,Rural,60+,137891,63937,73954,248,85,163,0,0,0,29,23,6,29,15,14,9,7,2,181,40,141
C3010,28,12,0000,District - Vizianagaram  12,Rural,Age not stated,3195,1792,1403,28,14,14,0,0,0,14,10,4,2,0,2,6,4,2,6,0,6
C3010,28,12,0000,District - Vizianagaram  12,Urban,All ages,412395,204634,207761,102031,54391,47640,89526,46478,43048,10197,6650,3547,1170,867,303,489,295,194,649,101,548
C3010,28,12,0000,District - Vizianagaram  12,Urban,0-4,30950,15838,15112,1327,712,615,1327,712,615,0,0,0,0,0,0,0,0,0,0,0,0
C3010,28,12,0000,District - Vizianagaram  12,Urban,5,8129,4137,3992,3291,1677,1614,3291,1677,1614,0,0,0,0,0,0,0,0,0,0,0,0
C3010,28,12,0000,District - Vizianagaram  12,Urban,6,7771,3969,3802,5341,2790,2551,5341,2790,2551,0,0,0,0,0,0,0,0,0,0,0,0
C3010,28,12,0000,District - Vizianagaram  12,Urban,7,8110,4034,4076,7234,3599,3635,7234,3599,3635,0,0,0,0,0,0,0,0,0,0,0,0
C3010,28,12,0000,District - Vizianagaram  12,Urban,8,9126,4565,4561,8467,4260,4207,8467,4260,4207,0,0,0,0,0,0,0,0,0,0,0,0
C3010,28,12,0000,District - Vizianagaram  12,Urban,9,8187,4124,4063,7675,3895,3780,7675,3895,3780,0,0,0,0,0,0,0,0,0,0,0,0
C3010,28,12,0000,District - Vizianagaram  12,Urban,10,9967,5188,4779,8935,4710,4225,8935,4710,4225,0,0,0,0,0,0,0,0,0,0,0,0
C3010,28,12,0000,District - Vizianagaram  12,Urban,11,7700,4010,3690,7027,3694,3333,7027,3694,3333,0,0,0,0,0,0,0,0,0,0,0,0
C3010,28,12,0000,District - Vizianagaram  12,Urban,12,10384,5255,5129,8587,4459,4128,8587,4459,4128,0,0,0,0,0,0,0,0,0,0,0,0
C3010,28,12,0000,District - Vizianagaram  12,Urban,13,9147,4429,4718,7346,3649,3697,7346,3649,3697,0,0,0,0,0,0,0,0,0,0,0,0
C3010,28,12,0000,District - Vizianagaram  12,Urban,14,8834,4370,4464,6539,3324,3215,6539,3324,3215,0,0,0,0,0,0,0,0,0,0,0,0
C3010,28,12,0000,District - Vizianagaram  12,Urban,15-19,45264,22905,22359,22021,12247,9774,16726,9073,7653,4563,2685,1878,569,410,159,131,70,61,32,9,23
C3010,28,12,0000,District - Vizianagaram  12,Urban,20-24,39651,19741,19910,6614,4490,2124,1031,636,395,4979,3470,1509,388,299,89,133,72,61,83,13,70
C3010,28,12,0000,District - Vizianagaram  12,Urban,25-29,37467,17505,19962,800,555,245,0,0,0,430,341,89,149,117,32,113,83,30,108,14,94
C3010,28,12,0000,District - Vizianagaram  12,Urban,30-34,31971,15929,16042,272,119,153,0,0,0,79,53,26,32,21,11,52,30,22,109,15,94
C3010,28,12,0000,District - Vizianagaram  12,Urban,35-59,111658,56362,55296,496,179,317,0,0,0,115,82,33,29,17,12,56,39,17,296,41,255
C3010,28,12,0000,District - Vizianagaram  12,Urban,60+,27322,11872,15450,50,25,25,0,0,0,24,13,11,3,3,0,3,0,3,20,9,11
C3010,28,12,0000,District - Vizianagaram  12,Urban,Age not stated,757,401,356,9,7,2,0,0,0,7,6,1,0,0,0,1,1,0,1,0,1
C3010,28,13,0000,District - Visakhapatnam  13,Total,All ages,3832336,1930197,1902139,869362,485128,384234,772460,422696,349764,74183,49497,24686,10413,7511,2902,4777,2977,1800,7529,2447,5082
C3010,28,13,0000,District - Visakhapatnam  13,Total,0-4,324433,164319,160114,12507,6712,5795,12507,6712,5795,0,0,0,0,0,0,0,0,0,0,0,0
C3010,28,13,0000,District - Visakhapatnam  13,Total,5,82264,41641,40623,29262,15109,14153,29262,15109,14153,0,0,0,0,0,0,0,0,0,0,0,0
C3010,28,13,0000,District - Visakhapatnam  13,Total,6,86427,43557,42870,54613,27994,26619,54613,27994,26619,0,0,0,0,0,0,0,0,0,0,0,0
C3010,28,13,0000,District - Visakhapatnam  13,Total,7,82940,42347,40593,70486,36341,34145,70486,36341,34145,0,0,0,0,0,0,0,0,0,0,0,0
C3010,28,13,0000,District - Visakhapatnam  13,Total,8,99786,50364,49422,85611,44225,41386,85611,44225,41386,0,0,0,0,0,0,0,0,0,0,0,0
C3010,28,13,0000,District - Visakhapatnam  13,Total,9,82117,42412,39705,73241,38651,34590,73241,38651,34590,0,0,0,0,0,0,0,0,0,0,0,0
C3010,28,13,0000,District - Visakhapatnam  13,Total,10,102446,53388,49058,83830,45419,38411,83830,45419,38411,0,0,0,0,0,0,0,0,0,0,0,0
C3010,28,13,0000,District - Visakhapatnam  13,Total,11,66880,35449,31431,57962,31827,26135,57962,31827,26135,0,0,0,0,0,0,0,0,0,0,0,0
C3010,28,13,0000,District - Visakhapatnam  13,Total,12,95062,49538,45524,72015,40277,31738,72015,40277,31738,0,0,0,0,0,0,0,0,0,0,0,0
C3010,28,13,0000,District - Visakhapatnam  13,Total,13,77027,39580,37447,57690,32286,25404,57690,32286,25404,0,0,0,0,0,0,0,0,0,0,0,0
C3010,28,13,0000,District - Visakhapatnam  13,Total,14,75662,39223,36439,51326,29718,21608,51326,29718,21608,0,0,0,0,0,0,0,0,0,0,0,0
C3010,28,13,0000,District - Visakhapatnam  13,Total,15-19,380355,195016,185339,148823,89716,59107,113958,67955,46003,27629,17028,10601,4848,3412,1436,1700,1016,684,688,305,383
C3010,28,13,0000,District - Visakhapatnam  13,Total,20-24,356120,174334,181786,51673,34620,17053,9959,6182,3777,37027,25683,11344,2425,1675,750,1018,618,400,1244,462,782
C3010,28,13,0000,District - Visakhapatnam  13,Total,25-29,362017,169965,192052,8881,5701,3180,0,0,0,4833,3461,1372,1580,1182,398,908,573,335,1560,485,1075
C3010,28,13,0000,District - Visakhapatnam  13,Total,30-34,303547,154959,148588,3814,2164,1650,0,0,0,1590,1099,491,538,431,107,467,323,144,1219,311,908
C3010,28,13,0000,District - Visakhapatnam  13,Total,35-59,1009600,520273,489327,6512,3567,2945,0,0,0,2543,1795,748,717,564,153,595,392,203,2657,816,1841
C3010,28,13,0000,District - Visakhapatnam  13,Total,60+,236387,108550,127837,751,497,254,0,0,0,425,325,100,106,69,37,73,44,29,147,59,88
C3010,28,13,0000,District - Visakhapatnam  13,Total,Age not stated,9266,5282,3984,365,304,61,0,0,0,136,106,30,199,178,21,16,11,5,14,9,5
C3010,28,13,0000,District - Visakhapatnam  13,Rural,All ages,2301437,1149912,1151525,465946,265384,200562,439313,247722,191591,16622,13278,3344,2110,1667,443,1653,988,665,6248,1729,4519
C3010,28,13,0000,District - Visakhapatnam  13,Rural,0-4,208922,105083,103839,3416,1837,1579,3416,1837,1579,0,0,0,0,0,0,0,0,0,0,0,0
C3010,28,13,0000,District - Visakhapatnam  13,Rural,5,51145,25710,25435,15528,7998,7530,15528,7998,7530,0,0,0,0,0,0,0,0,0,0,0,0
C3010,28,13,0000,District - Visakhapatnam  13,Rural,6,56614,28327,28287,35217,18065,17152,35217,18065,17152,0,0,0,0,0,0,0,0,0,0,0,0
C3010,28,13,0000,District - Visakhapatnam  13,Rural,7,53348,26972,26376,44517,22843,21674,44517,22843,21674,0,0,0,0,0,0,0,0,0,0,0,0
C3010,28,13,0000,District - Visakhapatnam  13,Rural,8,67707,34154,33553,56733,29544,27189,56733,29544,27189,0,0,0,0,0,0,0,0,0,0,0,0
C3010,28,13,0000,District - Visakhapatnam  13,Rural,9,54327,28109,26218,47658,25401,22257,47658,25401,22257,0,0,0,0,0,0,0,0,0,0,0,0
C3010,28,13,0000,District - Visakhapatnam  13,Rural,10,65983,34396,31587,51223,28304,22919,51223,28304,22919,0,0,0,0,0,0,0,0,0,0,0,0
C3010,28,13,0000,District - Visakhapatnam  13,Rural,11,40417,21924,18493,33851,19402,14449,33851,19402,14449,0,0,0,0,0,0,0,0,0,0,0,0
C3010,28,13,0000,District - Visakhapatnam  13,Rural,12,60221,31537,28684,41648,24359,17289,41648,24359,17289,0,0,0,0,0,0,0,0,0,0,0,0
C3010,28,13,0000,District - Visakhapatnam  13,Rural,13,46601,24329,22272,31741,18978,12763,31741,18978,12763,0,0,0,0,0,0,0,0,0,0,0,0
C3010,28,13,0000,District - Visakhapatnam  13,Rural,14,45709,24011,21698,26982,16869,10113,26982,16869,10113,0,0,0,0,0,0,0,0,0,0,0,0
C3010,28,13,0000,District - Visakhapatnam  13,Rural,15-19,216453,111901,104552,56704,38600,18104,46970,31386,15584,7624,5823,1801,1075,857,218,604,374,230,431,160,271
C3010,28,13,0000,District - Visakhapatnam  13,Rural,20-24,195401,94782,100619,13578,10206,3372,3829,2736,1093,7856,6481,1375,531,434,97,390,250,140,972,305,667
C3010,28,13,0000,District - Visakhapatnam  13,Rural,25-29,203431,95399,108032,2572,1354,1218,0,0,0,800,689,111,286,234,52,275,157,118,1211,274,937
C3010,28,13,0000,District - Visakhapatnam  13,Rural,30-34,174078,86705,87373,1457,518,939,0,0,0,161,135,26,78,58,20,135,77,58,1083,248,835
C3010,28,13,0000,District - Visakhapatnam  13,Rural,35-59,604571,304939,299632,2906,1000,1906,0,0,0,147,125,22,113,68,45,215,112,103,2431,695,1736
C3010,28,13,0000,District - Visakhapatnam  13,Rural,60+,150921,68362,82559,187,86,101,0,0,0,22,15,7,22,12,10,28,14,14,115,45,70
C3010,28,13,0000,District - Visakhapatnam  13,Rural,Age not stated,5588,3272,2316,28,20,8,0,0,0,12,10,2,5,4,1,6,4,2,5,2,3
C3010,28,13,0000,District - Visakhapatnam  13,Urban,All ages,1530899,780285,750614,403416,219744,183672,333147,174974,158173,57561,36219,21342,8303,5844,2459,3124,1989,1135,1281,718,563
C3010,28,13,0000,District - Visakhapatnam  13,Urban,0-4,115511,59236,56275,9091,4875,4216,9091,4875,4216,0,0,0,0,0,0,0,0,0,0,0,0
C3010,28,13,0000,District - Visakhapatnam  13,Urban,5,31119,15931,15188,13734,7111,6623,13734,7111,6623,0,0,0,0,0,0,0,0,0,0,0,0
C3010,28,13,0000,District - Visakhapatnam  13,Urban,6,29813,15230,14583,19396,9929,9467,19396,9929,9467,0,0,0,0,0,0,0,0,0,0,0,0
C3010,28,13,0000,District - Visakhapatnam  13,Urban,7,29592,15375,14217,25969,13498,12471,25969,13498,12471,0,0,0,0,0,0,0,0,0,0,0,0
C3010,28,13,0000,District - Visakhapatnam  13,Urban,8,32079,16210,15869,28878,14681,14197,28878,14681,14197,0,0,0,0,0,0,0,0,0,0,0,0
C3010,28,13,0000,District - Visakhapatnam  13,Urban,9,27790,14303,13487,25583,13250,12333,25583,13250,12333,0,0,0,0,0,0,0,0,0,0,0,0
C3010,28,13,0000,District - Visakhapatnam  13,Urban,10,36463,18992,17471,32607,17115,15492,32607,17115,15492,0,0,0,0,0,0,0,0,0,0,0,0
C3010,28,13,0000,District - Visakhapatnam  13,Urban,11,26463,13525,12938,24111,12425,11686,24111,12425,11686,0,0,0,0,0,0,0,0,0,0,0,0
C3010,28,13,0000,District - Visakhapatnam  13,Urban,12,34841,18001,16840,30367,15918,14449,30367,15918,14449,0,0,0,0,0,0,0,0,0,0,0,0
C3010,28,13,0000,District - Visakhapatnam  13,Urban,13,30426,15251,15175,25949,13308,12641,25949,13308,12641,0,0,0,0,0,0,0,0,0,0,0,0
C3010,28,13,0000,District - Visakhapatnam  13,Urban,14,29953,15212,14741,24344,12849,11495,24344,12849,11495,0,0,0,0,0,0,0,0,0,0,0,0
C3010,28,13,0000,District - Visakhapatnam  13,Urban,15-19,163902,83115,80787,92119,51116,41003,66988,36569,30419,20005,11205,8800,3773,2555,1218,1096,642,454,257,145,112
C3010,28,13,0000,District - Visakhapatnam  13,Urban,20-24,160719,79552,81167,38095,24414,13681,6130,3446,2684,29171,19202,9969,1894,1241,653,628,368,260,272,157,115
C3010,28,13,0000,District - Visakhapatnam  13,Urban,25-29,158586,74566,84020,6309,4347,1962,0,0,0,4033,2772,1261,1294,948,346,633,416,217,349,211,138
C3010,28,13,0000,District - Visakhapatnam  13,Urban,30-34,129469,68254,61215,2357,1646,711,0,0,0,1429,964,465,460,373,87,332,246,86,136,63,73
C3010,28,13,0000,District - Visakhapatnam  13,Urban,35-59,405029,215334,189695,3606,2567,1039,0,0,0,2396,1670,726,604,496,108,380,280,100,226,121,105
C3010,28,13,0000,District - Visakhapatnam  13,Urban,60+,85466,40188,45278,564,411,153,0,0,0,403,310,93,84,57,27,45,30,15,32,14,18
C3010,28,13,0000,District - Visakhapatnam  13,Urban,Age not stated,3678,2010,1668,337,284,53,0,0,0,124,96,28,194,174,20,10,7,3,9,7,2
C3010,28,14,0000,District - East Godavari  14,Total,All ages,4901420,2459640,2441780,1050416,551075,499341,967905,504013,463892,56995,39094,17901,7434,5120,2314,3571,1814,1757,14511,1034,13477
C3010,28,14,0000,District - East Godavari  14,Total,0-4,413104,208446,204658,8382,4363,4019,8382,4363,4019,0,0,0,0,0,0,0,0,0,0,0,0
C3010,28,14,0000,District - East Godavari  14,Total,5,98869,50153,48716,30989,15807,15182,30989,15807,15182,0,0,0,0,0,0,0,0,0,0,0,0
C3010,28,14,0000,District - East Godavari  14,Total,6,101517,51511,50006,66147,33516,32631,66147,33516,32631,0,0,0,0,0,0,0,0,0,0,0,0
C3010,28,14,0000,District - East Godavari  14,Total,7,106858,54312,52546,95700,48615,47085,95700,48615,47085,0,0,0,0,0,0,0,0,0,0,0,0
C3010,28,14,0000,District - East Godavari  14,Total,8,126043,63192,62851,114977,57619,57358,114977,57619,57358,0,0,0,0,0,0,0,0,0,0,0,0
C3010,28,14,0000,District - East Godavari  14,Total,9,110226,55858,54368,101951,51546,50405,101951,51546,50405,0,0,0,0,0,0,0,0,0,0,0,0
C3010,28,14,0000,District - East Godavari  14,Total,10,130886,67988,62898,112887,58267,54620,112887,58267,54620,0,0,0,0,0,0,0,0,0,0,0,0
C3010,28,14,0000,District - East Godavari  14,Total,11,90375,45686,44689,78428,39803,38625,78428,39803,38625,0,0,0,0,0,0,0,0,0,0,0,0
C3010,28,14,0000,District - East Godavari  14,Total,12,124766,63400,61366,94025,48511,45514,94025,48511,45514,0,0,0,0,0,0,0,0,0,0,0,0
C3010,28,14,0000,District - East Godavari  14,Total,13,101581,48932,52649,70677,35894,34783,70677,35894,34783,0,0,0,0,0,0,0,0,0,0,0,0
C3010,28,14,0000,District - East Godavari  14,Total,14,105372,52105,53267,62241,32954,29287,62241,32954,29287,0,0,0,0,0,0,0,0,0,0,0,0
C3010,28,14,0000,District - East Godavari  14,Total,15-19,525818,273825,251993,154592,91416,63176,123562,72051,51511,25187,15826,9361,4033,2606,1427,1297,768,529,513,165,348
C3010,28,14,0000,District - East Godavari  14,Total,20-24,440591,220128,220463,40460,27641,12819,7939,5067,2872,28236,20490,7746,1945,1402,543,785,475,310,1555,207,1348
C3010,28,14,0000,District - East Godavari  14,Total,25-29,425800,202192,223608,6482,3232,3250,0,0,0,2436,1944,492,963,792,171,609,337,272,2474,159,2315
C3010,28,14,0000,District - East Godavari  14,Total,30-34,372461,187435,185026,3465,686,2779,0,0,0,461,318,143,195,148,47,283,107,176,2526,113,2413
C3010,28,14,0000,District - East Godavari  14,Total,35-59,1271281,645253,626028,8352,977,7375,0,0,0,484,368,116,234,141,93,566,118,448,7068,350,6718
C3010,28,14,0000,District - East Godavari  14,Total,60+,349122,165536,183586,540,138,402,0,0,0,94,64,30,55,30,25,27,6,21,364,38,326
C3010,28,14,0000,District - East Godavari  14,Total,Age not stated,6750,3688,3062,121,90,31,0,0,0,97,84,13,9,1,8,4,3,1,11,2,9
C3010,28,14,0000,District - East Godavari  14,Rural,All ages,3749535,1885119,1864416,782842,410547,372295,733370,383412,349958,29881,22529,7352,3487,2696,791,2320,1077,1243,13784,833,12951
C3010,28,14,0000,District - East Godavari  14,Rural,0-4,324855,164152,160703,5669,2930,2739,5669,2930,2739,0,0,0,0,0,0,0,0,0,0,0,0
C3010,28,14,0000,District - East Godavari  14,Rural,5,76717,38914,37803,25372,12931,12441,25372,12931,12441,0,0,0,0,0,0,0,0,0,0,0,0
C3010,28,14,0000,District - East Godavari  14,Rural,6,79904,40549,39355,54096,27373,26723,54096,27373,26723,0,0,0,0,0,0,0,0,0,0,0,0
C3010,28,14,0000,District - East Godavari  14,Rural,7,83818,42323,41495,75490,38072,37418,75490,38072,37418,0,0,0,0,0,0,0,0,0,0,0,0
C3010,28,14,0000,District - East Godavari  14,Rural,8,99842,50163,49679,91543,45929,45614,91543,45929,45614,0,0,0,0,0,0,0,0,0,0,0,0
C3010,28,14,0000,District - East Godavari  14,Rural,9,87719,44535,43184,81280,41113,40167,81280,41113,40167,0,0,0,0,0,0,0,0,0,0,0,0
C3010,28,14,0000,District - East Godavari  14,Rural,10,101290,52804,48486,87094,44980,42114,87094,44980,42114,0,0,0,0,0,0,0,0,0,0,0,0
C3010,28,14,0000,District - East Godavari  14,Rural,11,69495,35185,34310,59819,30388,29431,59819,30388,29431,0,0,0,0,0,0,0,0,0,0,0,0
C3010,28,14,0000,District - East Godavari  14,Rural,12,96332,49076,47256,70891,36725,34166,70891,36725,34166,0,0,0,0,0,0,0,0,0,0,0,0
C3010,28,14,0000,District - East Godavari  14,Rural,13,77639,37307,40332,51839,26505,25334,51839,26505,25334,0,0,0,0,0,0,0,0,0,0,0,0
C3010,28,14,0000,District - East Godavari  14,Rural,14,80527,39900,40627,44500,23990,20510,44500,23990,20510,0,0,0,0,0,0,0,0,0,0,0,0
C3010,28,14,0000,District - East Godavari  14,Rural,15-19,399195,210401,188794,97380,60776,36604,80299,48919,31380,13923,9765,4158,1919,1476,443,798,498,300,441,118,323
C3010,28,14,0000,District - East Godavari  14,Rural,20-24,328825,165055,163770,22295,15862,6433,5478,3557,1921,14146,11270,2876,791,608,183,465,280,185,1415,147,1268
C3010,28,14,0000,District - East Godavari  14,Rural,25-29,320678,152680,167998,4425,1770,2655,0,0,0,1247,1056,191,483,421,62,361,176,185,2334,117,2217
C3010,28,14,0000,District - East Godavari  14,Rural,30-34,281327,141219,140108,2964,404,2560,0,0,0,236,173,63,106,78,28,208,58,150,2414,95,2319
C3010,28,14,0000,District - East Godavari  14,Rural,35-59,962987,487495,475492,7665,654,7011,0,0,0,224,180,44,153,92,61,463,60,403,6825,322,6503
C3010,28,14,0000,District - East Godavari  14,Rural,60+,273135,130501,142634,440,83,357,0,0,0,39,27,12,34,21,13,22,3,19,345,32,313
C3010,28,14,0000,District - East Godavari  14,Rural,Age not stated,5250,2860,2390,80,62,18,0,0,0,66,58,8,1,0,1,3,2,1,10,2,8
C3010,28,14,0000,District - East Godavari  14,Urban,All ages,1151885,574521,577364,267574,140528,127046,234535,120601,113934,27114,16565,10549,3947,2424,1523,1251,737,514,727,201,526
C3010,28,14,0000,District - East Godavari  14,Urban,0-4,88249,44294,43955,2713,1433,1280,2713,1433,1280,0,0,0,0,0,0,0,0,0,0,0,0
C3010,28,14,0000,District - East Godavari  14,Urban,5,22152,11239,10913,5617,2876,2741,5617,2876,2741,0,0,0,0,0,0,0,0,0,0,0,0
C3010,28,14,0000,District - East Godavari  14,Urban,6,21613,10962,10651,12051,6143,5908,12051,6143,5908,0,0,0,0,0,0,0,0,0,0,0,0
C3010,28,14,0000,District - East Godavari  14,Urban,7,23040,11989,11051,20210,10543,9667,20210,10543,9667,0,0,0,0,0,0,0,0,0,0,0,0
C3010,28,14,0000,District - East Godavari  14,Urban,8,26201,13029,13172,23434,11690,11744,23434,11690,11744,0,0,0,0,0,0,0,0,0,0,0,0
C3010,28,14,0000,District - East Godavari  14,Urban,9,22507,11323,11184,20671,10433,10238,20671,10433,10238,0,0,0,0,0,0,0,0,0,0,0,0
C3010,28,14,0000,District - East Godavari  14,Urban,10,29596,15184,14412,25793,13287,12506,25793,13287,12506,0,0,0,0,0,0,0,0,0,0,0,0
C3010,28,14,0000,District - East Godavari  14,Urban,11,20880,10501,10379,18609,9415,9194,18609,9415,9194,0,0,0,0,0,0,0,0,0,0,0,0
C3010,28,14,0000,District - East Godavari  14,Urban,12,28434,14324,14110,23134,11786,11348,23134,11786,11348,0,0,0,0,0,0,0,0,0,0,0,0
C3010,28,14,0000,District - East Godavari  14,Urban,13,23942,11625,12317,18838,9389,9449,18838,9389,9449,0,0,0,0,0,0,0,0,0,0,0,0
C3010,28,14,0000,District - East Godavari  14,Urban,14,24845,12205,12640,17741,8964,8777,17741,8964,8777,0,0,0,0,0,0,0,0,0,0,0,0
C3010,28,14,0000,District - East Godavari  14,Urban,15-19,126623,63424,63199,57212,30640,26572,43263,23132,20131,11264,6061,5203,2114,1130,984,499,270,229,72,47,25
C3010,28,14,0000,District - East Godavari  14,Urban,20-24,111766,55073,56693,18165,11779,6386,2461,1510,951,14090,9220,4870,1154,794,360,320,195,125,140,60,80
C3010,28,14,0000,District - East Godavari  14,Urban,25-29,105122,49512,55610,2057,1462,595,0,0,0,1189,888,301,480,371,109,248,161,87,140,42,98
C3010,28,14,0000,District - East Godavari  14,Urban,30-34,91134,46216,44918,501,282,219,0,0,0,225,145,80,89,70,19,75,49,26,112,18,94
C3010,28,14,0000,District - East Godavari  14,Urban,35-59,308294,157758,150536,687,323,364,0,0,0,260,188,72,81,49,32,103,58,45,243,28,215
C3010,28,14,0000,District - East Godavari  14,Urban,60+,75987,35035,40952,100,55,45,0,0,0,55,37,18,21,9,12,5,3,2,19,6,13
C3010,28,14,0000,District - East Godavari  14,Urban,Age not stated,1500,828,672,41,28,13,0,0,0,31,26,5,8,1,7,1,1,0,1,0,1
C3010,28,15,0000,District - West Godavari  15,Total,All ages,3803517,1910038,1893479,854868,447779,407089,756209,392612,363597,50767,33980,16787,6909,4924,1985,3176,1912,1264,37807,14351,23456
C3010,28,15,0000,District - West Godavari  15,Total,0-4,310484,157346,153138,7641,3917,3724,7641,3917,3724,0,0,0,0,0,0,0,0,0,0,0,0
C3010,28,15,0000,District - West Godavari  15,Total,5,74071,37998,36073,25164,12976,12188,25164,12976,12188,0,0,0,0,0,0,0,0,0,0,0,0
C3010,28,15,0000,District - West Godavari  15,Total,6,75049,37990,37059,52325,26356,25969,52325,26356,25969,0,0,0,0,0,0,0,0,0,0,0,0
C3010,28,15,0000,District - West Godavari  15,Total,7,80808,41289,39519,74239,37935,36304,74239,37935,36304,0,0,0,0,0,0,0,0,0,0,0,0
C3010,28,15,0000,District - West Godavari  15,Total,8,93737,46972,46765,87890,44066,43824,87890,44066,43824,0,0,0,0,0,0,0,0,0,0,0,0
C3010,28,15,0000,District - West Godavari  15,Total,9,85040,43073,41967,79770,40379,39391,79770,40379,39391,0,0,0,0,0,0,0,0,0,0,0,0
C3010,28,15,0000,District - West Godavari  15,Total,10,96883,50129,46754,85774,44207,41567,85774,44207,41567,0,0,0,0,0,0,0,0,0,0,0,0
C3010,28,15,0000,District - West Godavari  15,Total,11,72172,36301,35871,62913,31873,31040,62913,31873,31040,0,0,0,0,0,0,0,0,0,0,0,0
C3010,28,15,0000,District - West Godavari  15,Total,12,92404,46570,45834,71004,36665,34339,71004,36665,34339,0,0,0,0,0,0,0,0,0,0,0,0
C3010,28,15,0000,District - West Godavari  15,Total,13,80036,38584,41452,56258,28616,27642,56258,28616,27642,0,0,0,0,0,0,0,0,0,0,0,0
C3010,28,15,0000,District - West Godavari  15,Total,14,79611,39378,40233,48956,25752,23204,48956,25752,23204,0,0,0,0,0,0,0,0,0,0,0,0
C3010,28,15,0000,District - West Godavari  15,Total,15-19,407102,211345,195757,129104,74954,54150,99054,56550,42504,22567,13650,8917,4033,2899,1134,1547,981,566,1903,874,1029
C3010,28,15,0000,District - West Godavari  15,Total,20-24,347769,176185,171584,37728,24793,12935,5221,3320,1901,25292,18055,7237,1621,1080,541,675,403,272,4919,1935,2984
C3010,28,15,0000,District - West Godavari  15,Total,25-29,329947,157858,172089,10013,4894,5119,0,0,0,1973,1592,381,773,641,132,452,291,161,6815,2370,4445
C3010,28,15,0000,District - West Godavari  15,Total,30-34,287531,144383,143148,7677,3023,4654,0,0,0,375,273,102,148,111,37,171,77,94,6983,2562,4421
C3010,28,15,0000,District - West Godavari  15,Total,35-59,986154,498299,487855,17271,6850,10421,0,0,0,424,304,120,265,158,107,267,128,139,16315,6260,10055
C3010,28,15,0000,District - West Godavari  15,Total,60+,300438,144087,156351,1029,458,571,0,0,0,85,61,24,55,32,23,33,24,9,856,341,515
C3010,28,15,0000,District - West Godavari  15,Total,Age not stated,4281,2251,2030,112,65,47,0,0,0,51,45,6,14,3,11,31,8,23,16,9,7
C3010,28,15,0000,District - West Godavari  15,Rural,All ages,3052630,1537700,1514930,673613,353953,319660,601434,314281,287153,29617,21228,8389,3862,2947,915,2195,1376,819,36505,14121,22384
C3010,28,15,0000,District - West Godavari  15,Rural,0-4,254125,128912,125213,5139,2634,2505,5139,2634,2505,0,0,0,0,0,0,0,0,0,0,0,0
C3010,28,15,0000,District - West Godavari  15,Rural,5,59789,30648,29141,20279,10401,9878,20279,10401,9878,0,0,0,0,0,0,0,0,0,0,0,0
C3010,28,15,0000,District - West Godavari  15,Rural,6,61431,31168,30263,43980,22208,21772,43980,22208,21772,0,0,0,0,0,0,0,0,0,0,0,0
C3010,28,15,0000,District - West Godavari  15,Rural,7,66520,34042,32478,61542,31491,30051,61542,31491,30051,0,0,0,0,0,0,0,0,0,0,0,0
C3010,28,15,0000,District - West Godavari  15,Rural,8,77491,38894,38597,73000,36612,36388,73000,36612,36388,0,0,0,0,0,0,0,0,0,0,0,0
C3010,28,15,0000,District - West Godavari  15,Rural,9,70274,35818,34456,66160,33679,32481,66160,33679,32481,0,0,0,0,0,0,0,0,0,0,0,0
C3010,28,15,0000,District - West Godavari  15,Rural,10,78685,40812,37873,69736,35939,33797,69736,35939,33797,0,0,0,0,0,0,0,0,0,0,0,0
C3010,28,15,0000,District - West Godavari  15,Rural,11,58514,29601,28913,50681,25869,24812,50681,25869,24812,0,0,0,0,0,0,0,0,0,0,0,0
C3010,28,15,0000,District - West Godavari  15,Rural,12,74500,37714,36786,56364,29353,27011,56364,29353,27011,0,0,0,0,0,0,0,0,0,0,0,0
C3010,28,15,0000,District - West Godavari  15,Rural,13,64577,31165,33412,44069,22675,21394,44069,22675,21394,0,0,0,0,0,0,0,0,0,0,0,0
C3010,28,15,0000,District - West Godavari  15,Rural,14,63374,31424,31950,37368,19968,17400,37368,19968,17400,0,0,0,0,0,0,0,0,0,0,0,0
C3010,28,15,0000,District - West Godavari  15,Rural,15-19,321419,168987,152432,88492,53525,34967,69452,41068,28384,13815,9049,4766,2318,1808,510,1072,747,325,1835,853,982
C3010,28,15,0000,District - West Godavari  15,Rural,20-24,273407,139420,133987,23932,16070,7862,3664,2384,1280,14299,10935,3364,788,584,204,436,269,167,4745,1898,2847
C3010,28,15,0000,District - West Godavari  15,Rural,25-29,262284,125437,136847,8420,3800,4620,0,0,0,1099,928,171,436,357,79,292,181,111,6593,2334,4259
C3010,28,15,0000,District - West Godavari  15,Rural,30-34,229182,115086,114096,7187,2815,4372,0,0,0,203,158,45,97,73,24,137,57,80,6750,2527,4223
C3010,28,15,0000,District - West Godavari  15,Rural,35-59,786036,396736,389300,16307,6475,9832,0,0,0,146,112,34,182,101,81,222,94,128,15757,6168,9589
C3010,28,15,0000,District - West Godavari  15,Rural,60+,247611,120008,127603,910,405,505,0,0,0,39,32,7,37,21,16,25,20,5,809,332,477
C3010,28,15,0000,District - West Godavari  15,Rural,Age not stated,3411,1828,1583,47,34,13,0,0,0,16,14,2,4,3,1,11,8,3,16,9,7
C3010,28,15,0000,District - West Godavari  15,Urban,All ages,750887,372338,378549,181255,93826,87429,154775,78331,76444,21150,12752,8398,3047,1977,1070,981,536,445,1302,230,1072
C3010,28,15,0000,District - West Godavari  15,Urban,0-4,56359,28434,27925,2502,1283,1219,2502,1283,1219,0,0,0,0,0,0,0,0,0,0,0,0
C3010,28,15,0000,District - West Godavari  15,Urban,5,14282,7350,6932,4885,2575,2310,4885,2575,2310,0,0,0,0,0,0,0,0,0,0,0,0
C3010,28,15,0000,District - West Godavari  15,Urban,6,13618,6822,6796,8345,4148,4197,8345,4148,4197,0,0,0,0,0,0,0,0,0,0,0,0
C3010,28,15,0000,District - West Godavari  15,Urban,7,14288,7247,7041,12697,6444,6253,12697,6444,6253,0,0,0,0,0,0,0,0,0,0,0,0
C3010,28,15,0000,District - West Godavari  15,Urban,8,16246,8078,8168,14890,7454,7436,14890,7454,7436,0,0,0,0,0,0,0,0,0,0,0,0
C3010,28,15,0000,District - West Godavari  15,Urban,9,14766,7255,7511,13610,6700,6910,13610,6700,6910,0,0,0,0,0,0,0,0,0,0,0,0
C3010,28,15,0000,District - West Godavari  15,Urban,10,18198,9317,8881,16038,8268,7770,16038,8268,7770,0,0,0,0,0,0,0,0,0,0,0,0
C3010,28,15,0000,District - West Godavari  15,Urban,11,13658,6700,6958,12232,6004,6228,12232,6004,6228,0,0,0,0,0,0,0,0,0,0,0,0
C3010,28,15,0000,District - West Godavari  15,Urban,12,17904,8856,9048,14640,7312,7328,14640,7312,7328,0,0,0,0,0,0,0,0,0,0,0,0
C3010,28,15,0000,District - West Godavari  15,Urban,13,15459,7419,8040,12189,5941,6248,12189,5941,6248,0,0,0,0,0,0,0,0,0,0,0,0
C3010,28,15,0000,District - West Godavari  15,Urban,14,16237,7954,8283,11588,5784,5804,11588,5784,5804,0,0,0,0,0,0,0,0,0,0,0,0
C3010,28,15,0000,District - West Godavari  15,Urban,15-19,85683,42358,43325,40612,21429,19183,29602,15482,14120,8752,4601,4151,1715,1091,624,475,234,241,68,21,47
C3010,28,15,0000,District - West Godavari  15,Urban,20-24,74362,36765,37597,13796,8723,5073,1557,936,621,10993,7120,3873,833,496,337,239,134,105,174,37,137
C3010,28,15,0000,District - West Godavari  15,Urban,25-29,67663,32421,35242,1593,1094,499,0,0,0,874,664,210,337,284,53,160,110,50,222,36,186
C3010,28,15,0000,District - West Godavari  15,Urban,30-34,58349,29297,29052,490,208,282,0,0,0,172,115,57,51,38,13,34,20,14,233,35,198
C3010,28,15,0000,District - West Godavari  15,Urban,35-59,200118,101563,98555,964,375,589,0,0,0,278,192,86,83,57,26,45,34,11,558,92,466
C3010,28,15,0000,District - West Godavari  15,Urban,60+,52827,24079,28748,119,53,66,0,0,0,46,29,17,18,11,7,8,4,4,47,9,38
C3010,28,15,0000,District - West Godavari  15,Urban,Age not stated,870,423,447,65,31,34,0,0,0,35,31,4,10,0,10,20,0,20,0,0,0
C3010,28,16,0000,District - Krishna  16,Total,All ages,4187841,2117401,2070440,957824,508810,449014,846867,448827,398040,75549,48128,27421,10763,7036,3727,3486,2106,1380,21159,2713,18446
C3010,28,16,0000,District - Krishna  16,Total,0-4,333263,169146,164117,13328,6716,6612,13328,6716,6612,0,0,0,0,0,0,0,0,0,0,0,0
C3010,28,16,0000,District - Krishna  16,Total,5,82699,42662,40037,29789,15285,14504,29789,15285,14504,0,0,0,0,0,0,0,0,0,0,0,0
C3010,28,16,0000,District - Krishna  16,Total,6,82635,42136,40499,53117,27102,26015,53117,27102,26015,0,0,0,0,0,0,0,0,0,0,0,0
C3010,28,16,0000,District - Krishna  16,Total,7,87428,44852,42576,77406,39928,37478,77406,39928,37478,0,0,0,0,0,0,0,0,0,0,0,0
C3010,28,16,0000,District - Krishna  16,Total,8,95898,48188,47710,86982,44018,42964,86982,44018,42964,0,0,0,0,0,0,0,0,0,0,0,0
C3010,28,16,0000,District - Krishna  16,Total,9,87968,44962,43006,80942,41671,39271,80942,41671,39271,0,0,0,0,0,0,0,0,0,0,0,0
C3010,28,16,0000,District - Krishna  16,Total,10,107571,56179,51392,93162,49342,43820,93162,49342,43820,0,0,0,0,0,0,0,0,0,0,0,0
C3010,28,16,0000,District - Krishna  16,Total,11,78340,39685,38655,67810,35258,32552,67810,35258,32552,0,0,0,0,0,0,0,0,0,0,0,0
C3010,28,16,0000,District - Krishna  16,Total,12,103291,52868,50423,80336,42665,37671,80336,42665,37671,0,0,0,0,0,0,0,0,0,0,0,0
C3010,28,16,0000,District - Krishna  16,Total,13,89535,43957,45578,64629,33721,30908,64629,33721,30908,0,0,0,0,0,0,0,0,0,0,0,0
C3010,28,16,0000,District - Krishna  16,Total,14,87924,44403,43521,57325,31092,26233,57325,31092,26233,0,0,0,0,0,0,0,0,0,0,0,0
C3010,28,16,0000,District - Krishna  16,Total,15-19,445423,233427,211996,176648,102060,74588,134749,77516,57233,33481,19627,13854,6129,3937,2192,1348,811,537,941,169,772
C3010,28,16,0000,District - Krishna  16,Total,20-24,390474,195605,194869,50429,32046,18383,7292,4513,2779,37104,24960,12144,2733,1771,962,690,443,247,2610,359,2251
C3010,28,16,0000,District - Krishna  16,Total,25-29,374857,177843,197014,8420,3965,4455,0,0,0,3155,2343,812,1120,870,250,554,354,200,3591,398,3193
C3010,28,16,0000,District - Krishna  16,Total,30-34,323329,163744,159585,4420,1124,3296,0,0,0,628,434,194,254,166,88,248,131,117,3290,393,2897
C3010,28,16,0000,District - Krishna  16,Total,35-59,1084217,554839,529378,11730,2376,9354,0,0,0,886,610,276,396,226,170,569,325,244,9879,1215,8664
C3010,28,16,0000,District - Krishna  16,Total,60+,327945,160387,167558,1193,392,801,0,0,0,176,120,56,107,56,51,71,40,31,839,176,663
C3010,28,16,0000,District - Krishna  16,Total,Age not stated,5044,2518,2526,158,49,109,0,0,0,119,34,85,24,10,14,6,2,4,9,3,6
C3010,28,16,0000,District - Krishna  16,Rural,All ages,2844394,1439115,1405279,619883,330747,289136,560735,301098,259637,32001,22543,9458,5270,3673,1597,1816,967,849,20061,2466,17595
C3010,28,16,0000,District - Krishna  16,Rural,0-4,231421,117304,114117,6512,3239,3273,6512,3239,3273,0,0,0,0,0,0,0,0,0,0,0,0
C3010,28,16,0000,District - Krishna  16,Rural,5,55905,28833,27072,19139,9857,9282,19139,9857,9282,0,0,0,0,0,0,0,0,0,0,0,0
C3010,28,16,0000,District - Krishna  16,Rural,6,55529,28398,27131,37016,18921,18095,37016,18921,18095,0,0,0,0,0,0,0,0,0,0,0,0
C3010,28,16,0000,District - Krishna  16,Rural,7,61776,31704,30072,55264,28494,26770,55264,28494,26770,0,0,0,0,0,0,0,0,0,0,0,0
C3010,28,16,0000,District - Krishna  16,Rural,8,67488,33904,33584,61827,31334,30493,61827,31334,30493,0,0,0,0,0,0,0,0,0,0,0,0
C3010,28,16,0000,District - Krishna  16,Rural,9,62529,31980,30549,57885,29867,28018,57885,29867,28018,0,0,0,0,0,0,0,0,0,0,0,0
C3010,28,16,0000,District - Krishna  16,Rural,10,73907,38468,35439,64087,34037,30050,64087,34037,30050,0,0,0,0,0,0,0,0,0,0,0,0
C3010,28,16,0000,District - Krishna  16,Rural,11,54452,27614,26838,46822,24627,22195,46822,24627,22195,0,0,0,0,0,0,0,0,0,0,0,0
C3010,28,16,0000,District - Krishna  16,Rural,12,71271,36533,34738,54225,29282,24943,54225,29282,24943,0,0,0,0,0,0,0,0,0,0,0,0
C3010,28,16,0000,District - Krishna  16,Rural,13,61185,30062,31123,42373,22708,19665,42373,22708,19665,0,0,0,0,0,0,0,0,0,0,0,0
C3010,28,16,0000,District - Krishna  16,Rural,14,59191,29843,29348,36295,20373,15922,36295,20373,15922,0,0,0,0,0,0,0,0,0,0,0,0
C3010,28,16,0000,District - Krishna  16,Rural,15-19,290623,155238,135385,96027,58873,37154,75684,45938,29746,15462,10097,5365,3297,2247,1050,746,452,294,838,139,699
C3010,28,16,0000,District - Krishna  16,Rural,20-24,252312,127521,124791,22585,15076,7509,3606,2421,1185,15077,11298,3779,1095,825,270,372,233,139,2435,299,2136
C3010,28,16,0000,District - Krishna  16,Rural,25-29,248110,117247,130863,5171,1711,3460,0,0,0,1020,824,196,468,390,78,288,165,123,3395,332,3063
C3010,28,16,0000,District - Krishna  16,Rural,30-34,217170,109603,107567,3575,622,2953,0,0,0,179,140,39,120,69,51,132,47,85,3144,366,2778
C3010,28,16,0000,District - Krishna  16,Rural,35-59,736591,374252,362339,10105,1470,8635,0,0,0,196,139,57,214,108,106,247,62,185,9448,1161,8287
C3010,28,16,0000,District - Krishna  16,Rural,60+,241868,119029,122839,922,235,687,0,0,0,43,29,14,62,34,28,25,6,19,792,166,626
C3010,28,16,0000,District - Krishna  16,Rural,Age not stated,3066,1582,1484,53,21,32,0,0,0,24,16,8,14,0,14,6,2,4,9,3,6
C3010,28,16,0000,District - Krishna  16,Urban,All ages,1343447,678286,665161,337941,178063,159878,286132,147729,138403,43548,25585,17963,5493,3363,2130,1670,1139,531,1098,247,851
C3010,28,16,0000,District - Krishna  16,Urban,0-4,101842,51842,50000,6816,3477,3339,6816,3477,3339,0,0,0,0,0,0,0,0,0,0,0,0
C3010,28,16,0000,District - Krishna  16,Urban,5,26794,13829,12965,10650,5428,5222,10650,5428,5222,0,0,0,0,0,0,0,0,0,0,0,0
C3010,28,16,0000,District - Krishna  16,Urban,6,27106,13738,13368,16101,8181,7920,16101,8181,7920,0,0,0,0,0,0,0,0,0,0,0,0
C3010,28,16,0000,District - Krishna  16,Urban,7,25652,13148,12504,22142,11434,10708,22142,11434,10708,0,0,0,0,0,0,0,0,0,0,0,0
C3010,28,16,0000,District - Krishna  16,Urban,8,28410,14284,14126,25155,12684,12471,25155,12684,12471,0,0,0,0,0,0,0,0,0,0,0,0
C3010,28,16,0000,District - Krishna  16,Urban,9,25439,12982,12457,23057,11804,11253,23057,11804,11253,0,0,0,0,0,0,0,0,0,0,0,0
C3010,28,16,0000,District - Krishna  16,Urban,10,33664,17711,15953,29075,15305,13770,29075,15305,13770,0,0,0,0,0,0,0,0,0,0,0,0
C3010,28,16,0000,District - Krishna  16,Urban,11,23888,12071,11817,20988,10631,10357,20988,10631,10357,0,0,0,0,0,0,0,0,0,0,0,0
C3010,28,16,0000,District - Krishna  16,Urban,12,32020,16335,15685,26111,13383,12728,26111,13383,12728,0,0,0,0,0,0,0,0,0,0,0,0
C3010,28,16,0000,District - Krishna  16,Urban,13,28350,13895,14455,22256,11013,11243,22256,11013,11243,0,0,0,0,0,0,0,0,0,0,0,0
C3010,28,16,0000,District - Krishna  16,Urban,14,28733,14560,14173,21030,10719,10311,21030,10719,10311,0,0,0,0,0,0,0,0,0,0,0,0
C3010,28,16,0000,District - Krishna  16,Urban,15-19,154800,78189,76611,80621,43187,37434,59065,31578,27487,18019,9530,8489,2832,1690,1142,602,359,243,103,30,73
C3010,28,16,0000,District - Krishna  16,Urban,20-24,138162,68084,70078,27844,16970,10874,3686,2092,1594,22027,13662,8365,1638,946,692,318,210,108,175,60,115
C3010,28,16,0000,District - Krishna  16,Urban,25-29,126747,60596,66151,3249,2254,995,0,0,0,2135,1519,616,652,480,172,266,189,77,196,66,130
C3010,28,16,0000,District - Krishna  16,Urban,30-34,106159,54141,52018,845,502,343,0,0,0,449,294,155,134,97,37,116,84,32,146,27,119
C3010,28,16,0000,District - Krishna  16,Urban,35-59,347626,180587,167039,1625,906,719,0,0,0,690,471,219,182,118,64,322,263,59,431,54,377
C3010,28,16,0000,District - Krishna  16,Urban,60+,86077,41358,44719,271,157,114,0,0,0,133,91,42,45,22,23,46,34,12,47,10,37
C3010,28,16,0000,District - Krishna  16,Urban,Age not stated,1978,936,1042,105,28,77,0,0,0,95,18,77,10,10,0,0,0,0,0,0,0
C3010,28,17,0000,District - Guntur  17,Total,All ages,4465144,2250279,2214865,953132,523257,429875,843748,458715,385033,82157,55458,26699,9413,6190,3223,4210,2152,2058,13604,742,12862
C3010,28,17,0000,District - Guntur  17,Total,0-4,357400,182695,174705,13516,7088,6428,13516,7088,6428,0,0,0,0,0,0,0,0,0,0,0,0
C3010,28,17,0000,District - Guntur  17,Total,5,91836,46725,45111,31872,16347,15525,31872,16347,15525,0,0,0,0,0,0,0,0,0,0,0,0
C3010,28,17,0000,District - Guntur  17,Total,6,89049,45334,43715,55989,28835,27154,55989,28835,27154,0,0,0,0,0,0,0,0,0,0,0,0
C3010,28,17,0000,District - Guntur  17,Total,7,92917,47747,45170,78161,40657,37504,78161,40657,37504,0,0,0,0,0,0,0,0,0,0,0,0
C3010,28,17,0000,District - Guntur  17,Total,8,103246,51626,51620,89768,45734,44034,89768,45734,44034,0,0,0,0,0,0,0,0,0,0,0,0
C3010,28,17,0000,District - Guntur  17,Total,9,92271,47016,45255,81449,42336,39113,81449,42336,39113,0,0,0,0,0,0,0,0,0,0,0,0
C3010,28,17,0000,District - Guntur  17,Total,10,115542,59938,55604,94815,51163,43652,94815,51163,43652,0,0,0,0,0,0,0,0,0,0,0,0
C3010,28,17,0000,District - Guntur  17,Total,11,80888,41059,39829,66607,35503,31104,66607,35503,31104,0,0,0,0,0,0,0,0,0,0,0,0
C3010,28,17,0000,District - Guntur  17,Total,12,107403,54915,52488,76705,42515,34190,76705,42515,34190,0,0,0,0,0,0,0,0,0,0,0,0
C3010,28,17,0000,District - Guntur  17,Total,13,90584,44472,46112,61077,33258,27819,61077,33258,27819,0,0,0,0,0,0,0,0,0,0,0,0
C3010,28,17,0000,District - Guntur  17,Total,14,90900,45804,45096,55359,31036,24323,55359,31036,24323,0,0,0,0,0,0,0,0,0,0,0,0
C3010,28,17,0000,District - Guntur  17,Total,15-19,460514,240488,220026,173508,105310,68198,131214,79553,51661,35562,21766,13796,4480,2843,1637,1818,1067,751,434,81,353
C3010,28,17,0000,District - Guntur  17,Total,20-24,414836,207928,206908,53355,36533,16822,7216,4690,2526,40829,29295,11534,2967,1937,1030,797,460,337,1546,151,1395
C3010,28,17,0000,District - Guntur  17,Total,25-29,390074,185507,204567,7843,4363,3480,0,0,0,3577,2818,759,1259,1008,251,644,374,270,2363,163,2200
C3010,28,17,0000,District - Guntur  17,Total,30-34,333679,169352,164327,3602,814,2788,0,0,0,739,519,220,235,146,89,275,80,195,2353,69,2284
C3010,28,17,0000,District - Guntur  17,Total,35-59,1156920,587322,569598,8499,1380,7119,0,0,0,1120,822,298,349,193,156,594,138,456,6436,227,6209
C3010,28,17,0000,District - Guntur  17,Total,60+,389525,188171,201354,849,299,550,0,0,0,225,175,50,102,56,46,70,25,45,452,43,409
C3010,28,17,0000,District - Guntur  17,Total,Age not stated,7560,4180,3380,158,86,72,0,0,0,105,63,42,21,7,14,12,8,4,20,8,12
C3010,28,17,0000,District - Guntur  17,Rural,All ages,3179384,1604767,1574617,639669,356649,283020,579817,321714,258103,40843,30175,10668,4143,3095,1048,2442,1127,1315,12424,538,11886
C3010,28,17,0000,District - Guntur  17,Rural,0-4,260094,133023,127071,6620,3476,3144,6620,3476,3144,0,0,0,0,0,0,0,0,0,0,0,0
C3010,28,17,0000,District - Guntur  17,Rural,5,65811,33493,32318,21104,10779,10325,21104,10779,10325,0,0,0,0,0,0,0,0,0,0,0,0
C3010,28,17,0000,District - Guntur  17,Rural,6,65334,33304,32030,41164,21234,19930,41164,21234,19930,0,0,0,0,0,0,0,0,0,0,0,0
C3010,28,17,0000,District - Guntur  17,Rural,7,67897,34826,33071,57236,29771,27465,57236,29771,27465,0,0,0,0,0,0,0,0,0,0,0,0
C3010,28,17,0000,District - Guntur  17,Rural,8,76890,38378,38512,66794,34108,32686,66794,34108,32686,0,0,0,0,0,0,0,0,0,0,0,0
C3010,28,17,0000,District - Guntur  17,Rural,9,67780,34505,33275,59769,31181,28588,59769,31181,28588,0,0,0,0,0,0,0,0,0,0,0,0
C3010,28,17,0000,District - Guntur  17,Rural,10,84163,43695,40468,68289,37321,30968,68289,37321,30968,0,0,0,0,0,0,0,0,0,0,0,0
C3010,28,17,0000,District - Guntur  17,Rural,11,57292,29273,28019,46470,25326,21144,46470,25326,21144,0,0,0,0,0,0,0,0,0,0,0,0
C3010,28,17,0000,District - Guntur  17,Rural,12,77643,39860,37783,53382,30510,22872,53382,30510,22872,0,0,0,0,0,0,0,0,0,0,0,0
C3010,28,17,0000,District - Guntur  17,Rural,13,64223,31800,32423,41202,23455,17747,41202,23455,17747,0,0,0,0,0,0,0,0,0,0,0,0
C3010,28,17,0000,District - Guntur  17,Rural,14,63888,32520,31368,36215,21367,14848,36215,21367,14848,0,0,0,0,0,0,0,0,0,0,0,0
C3010,28,17,0000,District - Guntur  17,Rural,15-19,314184,167109,147075,99193,65018,34175,77376,50326,27050,18390,12483,5907,2140,1568,572,954,590,364,333,51,282
C3010,28,17,0000,District - Guntur  17,Rural,20-24,283793,143211,140582,27127,19742,7385,4196,2860,1336,20010,15658,4352,1128,882,246,442,244,198,1351,98,1253
C3010,28,17,0000,District - Guntur  17,Rural,25-29,272501,129077,143424,4675,2164,2511,0,0,0,1643,1394,249,538,466,72,364,193,171,2130,111,2019
C3010,28,17,0000,District - Guntur  17,Rural,30-34,234708,118758,115950,2775,377,2398,0,0,0,303,236,67,96,54,42,192,38,154,2184,49,2135
C3010,28,17,0000,District - Guntur  17,Rural,35-59,820340,414490,405850,6951,602,6349,0,0,0,346,277,69,175,90,85,439,47,392,5991,188,5803
C3010,28,17,0000,District - Guntur  17,Rural,60+,297182,144340,152842,601,150,451,0,0,0,90,75,15,53,32,21,40,8,32,418,35,383
C3010,28,17,0000,District - Guntur  17,Rural,Age not stated,5661,3105,2556,102,68,34,0,0,0,61,52,9,13,3,10,11,7,4,17,6,11
C3010,28,17,0000,District - Guntur  17,Urban,All ages,1285760,645512,640248,313463,166608,146855,263931,137001,126930,41314,25283,16031,5270,3095,2175,1768,1025,743,1180,204,976
C3010,28,17,0000,District - Guntur  17,Urban,0-4,97306,49672,47634,6896,3612,3284,6896,3612,3284,0,0,0,0,0,0,0,0,0,0,0,0
C3010,28,17,0000,District - Guntur  17,Urban,5,26025,13232,12793,10768,5568,5200,10768,5568,5200,0,0,0,0,0,0,0,0,0,0,0,0
C3010,28,17,0000,District - Guntur  17,Urban,6,23715,12030,11685,14825,7601,7224,14825,7601,7224,0,0,0,0,0,0,0,0,0,0,0,0
C3010,28,17,0000,District - Guntur  17,Urban,7,25020,12921,12099,20925,10886,10039,20925,10886,10039,0,0,0,0,0,0,0,0,0,0,0,0
C3010,28,17,0000,District - Guntur  17,Urban,8,26356,13248,13108,22974,11626,11348,22974,11626,11348,0,0,0,0,0,0,0,0,0,0,0,0
C3010,28,17,0000,District - Guntur  17,Urban,9,24491,12511,11980,21680,11155,10525,21680,11155,10525,0,0,0,0,0,0,0,0,0,0,0,0
C3010,28,17,0000,District - Guntur  17,Urban,10,31379,16243,15136,26526,13842,12684,26526,13842,12684,0,0,0,0,0,0,0,0,0,0,0,0
C3010,28,17,0000,District - Guntur  17,Urban,11,23596,11786,11810,20137,10177,9960,20137,10177,9960,0,0,0,0,0,0,0,0,0,0,0,0
C3010,28,17,0000,District - Guntur  17,Urban,12,29760,15055,14705,23323,12005,11318,23323,12005,11318,0,0,0,0,0,0,0,0,0,0,0,0
C3010,28,17,0000,District - Guntur  17,Urban,13,26361,12672,13689,19875,9803,10072,19875,9803,10072,0,0,0,0,0,0,0,0,0,0,0,0
C3010,28,17,0000,District - Guntur  17,Urban,14,27012,13284,13728,19144,9669,9475,19144,9669,9475,0,0,0,0,0,0,0,0,0,0,0,0
C3010,28,17,0000,District - Guntur  17,Urban,15-19,146330,73379,72951,74315,40292,34023,53838,29227,24611,17172,9283,7889,2340,1275,1065,864,477,387,101,30,71
C3010,28,17,0000,District - Guntur  17,Urban,20-24,131043,64717,66326,26228,16791,9437,3020,1830,1190,20819,13637,7182,1839,1055,784,355,216,139,195,53,142
C3010,28,17,0000,District - Guntur  17,Urban,25-29,117573,56430,61143,3168,2199,969,0,0,0,1934,1424,510,721,542,179,280,181,99,233,52,181
C3010,28,17,0000,District - Guntur  17,Urban,30-34,98971,50594,48377,827,437,390,0,0,0,436,283,153,139,92,47,83,42,41,169,20,149
C3010,28,17,0000,District - Guntur  17,Urban,35-59,336580,172832,163748,1548,778,770,0,0,0,774,545,229,174,103,71,155,91,64,445,39,406
C3010,28,17,0000,District - Guntur  17,Urban,60+,92343,43831,48512,248,149,99,0,0,0,135,100,35,49,24,25,30,17,13,34,8,26
C3010,28,17,0000,District - Guntur  17,Urban,Age not stated,1899,1075,824,56,18,38,0,0,0,44,11,33,8,4,4,1,1,0,3,2,1
C3010,28,18,0000,District - Prakasam  18,Total,All ages,3059423,1552332,1507091,647595,372884,274711,592440,334217,258223,44228,32720,11508,5043,3796,1247,1769,1184,585,4115,967,3148
C3010,28,18,0000,District - Prakasam  18,Total,0-4,259093,132086,127007,4715,2479,2236,4715,2479,2236,0,0,0,0,0,0,0,0,0,0,0,0
C3010,28,18,0000,District - Prakasam  18,Total,5,64013,33006,31007,17545,9207,8338,17545,9207,8338,0,0,0,0,0,0,0,0,0,0,0,0
C3010,28,18,0000,District - Prakasam  18,Total,6,66238,34061,32177,41307,21612,19695,41307,21612,19695,0,0,0,0,0,0,0,0,0,0,0,0
C3010,28,18,0000,District - Prakasam  18,Total,7,70499,36620,33879,60930,32125,28805,60930,32125,28805,0,0,0,0,0,0,0,0,0,0,0,0
C3010,28,18,0000,District - Prakasam  18,Total,8,79665,40277,39388,70874,36721,34153,70874,36721,34153,0,0,0,0,0,0,0,0,0,0,0,0
C3010,28,18,0000,District - Prakasam  18,Total,9,69338,35664,33674,62350,33050,29300,62350,33050,29300,0,0,0,0,0,0,0,0,0,0,0,0
C3010,28,18,0000,District - Prakasam  18,Total,10,85343,44574,40769,70743,38953,31790,70743,38953,31790,0,0,0,0,0,0,0,0,0,0,0,0
C3010,28,18,0000,District - Prakasam  18,Total,11,55014,28676,26338,45452,25388,20064,45452,25388,20064,0,0,0,0,0,0,0,0,0,0,0,0
C3010,28,18,0000,District - Prakasam  18,Total,12,77269,39774,37495,54261,31458,22803,54261,31458,22803,0,0,0,0,0,0,0,0,0,0,0,0
C3010,28,18,0000,District - Prakasam  18,Total,13,60308,30286,30022,39884,23117,16767,39884,23117,16767,0,0,0,0,0,0,0,0,0,0,0,0
C3010,28,18,0000,District - Prakasam  18,Total,14,62307,32327,29980,36601,22207,14394,36601,22207,14394,0,0,0,0,0,0,0,0,0,0,0,0
C3010,28,18,0000,District - Prakasam  18,Total,15-19,302216,162401,139815,106274,70505,35769,82943,54510,28433,19596,13429,6167,2587,1878,709,905,609,296,243,79,164
C3010,28,18,0000,District - Prakasam  18,Total,20-24,272761,138508,134253,29027,21897,7130,4835,3390,1445,21815,17019,4796,1446,1107,339,313,226,87,618,155,463
C3010,28,18,0000,District - Prakasam  18,Total,25-29,256287,123541,132746,3643,2546,1097,0,0,0,1842,1525,317,686,601,85,301,222,79,814,198,616
C3010,28,18,0000,District - Prakasam  18,Total,30-34,217537,109929,107608,1200,544,656,0,0,0,342,258,84,122,98,24,73,40,33,663,148,515
C3010,28,18,0000,District - Prakasam  18,Total,35-59,784864,396959,387905,2440,881,1559,0,0,0,467,369,98,150,87,63,151,72,79,1672,353,1319
C3010,28,18,0000,District - Prakasam  18,Total,60+,272014,131028,140986,276,141,135,0,0,0,106,77,29,49,22,27,19,9,10,102,33,69
C3010,28,18,0000,District - Prakasam  18,Total,Age not stated,4657,2615,2042,73,53,20,0,0,0,60,43,17,3,3,0,7,6,1,3,1,2
C3010,28,18,0000,District - Prakasam  18,Rural,All ages,2592055,1316473,1275582,530122,308467,221655,492925,281649,211276,29387,23013,6374,2804,2221,583,1157,755,402,3849,829,3020
C3010,28,18,0000,District - Prakasam  18,Rural,0-4,224571,114545,110026,2979,1593,1386,2979,1593,1386,0,0,0,0,0,0,0,0,0,0,0,0
C3010,28,18,0000,District - Prakasam  18,Rural,5,54792,28245,26547,14279,7534,6745,14279,7534,6745,0,0,0,0,0,0,0,0,0,0,0,0
C3010,28,18,0000,District - Prakasam  18,Rural,6,57357,29458,27899,35879,18774,17105,35879,18774,17105,0,0,0,0,0,0,0,0,0,0,0,0
C3010,28,18,0000,District - Prakasam  18,Rural,7,61357,31898,29459,53024,28030,24994,53024,28030,24994,0,0,0,0,0,0,0,0,0,0,0,0
C3010,28,18,0000,District - Prakasam  18,Rural,8,69797,35489,34308,62112,32421,29691,62112,32421,29691,0,0,0,0,0,0,0,0,0,0,0,0
C3010,28,18,0000,District - Prakasam  18,Rural,9,60538,31250,29288,54329,28993,25336,54329,28993,25336,0,0,0,0,0,0,0,0,0,0,0,0
C3010,28,18,0000,District - Prakasam  18,Rural,10,74289,38924,35365,61054,33932,27122,61054,33932,27122,0,0,0,0,0,0,0,0,0,0,0,0
C3010,28,18,0000,District - Prakasam  18,Rural,11,46840,24570,22270,38127,21647,16480,38127,21647,16480,0,0,0,0,0,0,0,0,0,0,0,0
C3010,28,18,0000,District - Prakasam  18,Rural,12,66555,34253,32302,45474,26815,18659,45474,26815,18659,0,0,0,0,0,0,0,0,0,0,0,0
C3010,28,18,0000,District - Prakasam  18,Rural,13,50990,25630,25360,32321,19191,13130,32321,19191,13130,0,0,0,0,0,0,0,0,0,0,0,0
C3010,28,18,0000,District - Prakasam  18,Rural,14,52544,27403,25141,29225,18257,10968,29225,18257,10968,0,0,0,0,0,0,0,0,0,0,0,0
C3010,28,18,0000,District - Prakasam  18,Rural,15-19,248386,134717,113669,76290,53290,23000,60677,41925,18752,13440,9840,3600,1380,1072,308,587,402,185,206,51,155
C3010,28,18,0000,District - Prakasam  18,Rural,20-24,226046,115013,111033,19463,15333,4130,3445,2537,908,14442,11874,2568,807,648,159,215,154,61,554,120,434
C3010,28,18,0000,District - Prakasam  18,Rural,25-29,213759,102812,110947,2435,1614,821,0,0,0,1089,956,133,414,366,48,181,129,52,751,163,588
C3010,28,18,0000,District - Prakasam  18,Rural,30-34,182492,92091,90401,930,364,566,0,0,0,167,143,24,76,63,13,49,21,28,638,137,501
C3010,28,18,0000,District - Prakasam  18,Rural,35-59,660499,333077,327422,1968,559,1409,0,0,0,168,139,29,94,55,39,104,37,67,1602,328,1274
C3010,28,18,0000,District - Prakasam  18,Rural,60+,237231,114827,122404,188,88,100,0,0,0,48,38,10,30,14,16,15,7,8,95,29,66
C3010,28,18,0000,District - Prakasam  18,Rural,Age not stated,4012,2271,1741,45,32,13,0,0,0,33,23,10,3,3,0,6,5,1,3,1,2
C3010,28,18,0000,District - Prakasam  18,Urban,All ages,467368,235859,231509,117473,64417,53056,99515,52568,46947,14841,9707,5134,2239,1575,664,612,429,183,266,138,128
C3010,28,18,0000,District - Prakasam  18,Urban,0-4,34522,17541,16981,1736,886,850,1736,886,850,0,0,0,0,0,0,0,0,0,0,0,0
C3010,28,18,0000,District - Prakasam  18,Urban,5,9221,4761,4460,3266,1673,1593,3266,1673,1593,0,0,0,0,0,0,0,0,0,0,0,0
C3010,28,18,0000,District - Prakasam  18,Urban,6,8881,4603,4278,5428,2838,2590,5428,2838,2590,0,0,0,0,0,0,0,0,0,0,0,0
C3010,28,18,0000,District - Prakasam  18,Urban,7,9142,4722,4420,7906,4095,3811,7906,4095,3811,0,0,0,0,0,0,0,0,0,0,0,0
C3010,28,18,0000,District - Prakasam  18,Urban,8,9868,4788,5080,8762,4300,4462,8762,4300,4462,0,0,0,0,0,0,0,0,0,0,0,0
C3010,28,18,0000,District - Prakasam  18,Urban,9,8800,4414,4386,8021,4057,3964,8021,4057,3964,0,0,0,0,0,0,0,0,0,0,0,0
C3010,28,18,0000,District - Prakasam  18,Urban,10,11054,5650,5404,9689,5021,4668,9689,5021,4668,0,0,0,0,0,0,0,0,0,0,0,0
C3010,28,18,0000,District - Prakasam  18,Urban,11,8174,4106,4068,7325,3741,3584,7325,3741,3584,0,0,0,0,0,0,0,0,0,0,0,0
C3010,28,18,0000,District - Prakasam  18,Urban,12,10714,5521,5193,8787,4643,4144,8787,4643,4144,0,0,0,0,0,0,0,0,0,0,0,0
C3010,28,18,0000,District - Prakasam  18,Urban,13,9318,4656,4662,7563,3926,3637,7563,3926,3637,0,0,0,0,0,0,0,0,0,0,0,0
C3010,28,18,0000,District - Prakasam  18,Urban,14,9763,4924,4839,7376,3950,3426,7376,3950,3426,0,0,0,0,0,0,0,0,0,0,0,0
C3010,28,18,0000,District - Prakasam  18,Urban,15-19,53830,27684,26146,29984,17215,12769,22266,12585,9681,6156,3589,2567,1207,806,401,318,207,111,37,28,9
C3010,28,18,0000,District - Prakasam  18,Urban,20-24,46715,23495,23220,9564,6564,3000,1390,853,537,7373,5145,2228,639,459,180,98,72,26,64,35,29
C3010,28,18,0000,District - Prakasam  18,Urban,25-29,42528,20729,21799,1208,932,276,0,0,0,753,569,184,272,235,37,120,93,27,63,35,28
C3010,28,18,0000,District - Prakasam  18,Urban,30-34,35045,17838,17207,270,180,90,0,0,0,175,115,60,46,35,11,24,19,5,25,11,14
C3010,28,18,0000,District - Prakasam  18,Urban,35-59,124365,63882,60483,472,322,150,0,0,0,299,230,69,56,32,24,47,35,12,70,25,45
C3010,28,18,0000,District - Prakasam  18,Urban,60+,34783,16201,18582,88,53,35,0,0,0,58,39,19,19,8,11,4,2,2,7,4,3
C3010,28,18,0000,District - Prakasam  18,Urban,Age not stated,645,344,301,28,21,7,0,0,0,27,20,7,0,0,0,1,1,0,0,0,0
C3010,28,19,0000,District - Nellore  19,Total,All ages,2668564,1344935,1323629,605673,324516,281157,516951,279503,237448,41201,27617,13584,5440,3766,1674,1871,1043,828,40210,12587,27623
C3010,28,19,0000,District - Nellore  19,Total,0-4,223622,114297,109325,5950,3117,2833,5950,3117,2833,0,0,0,0,0,0,0,0,0,0,0,0
C3010,28,19,0000,District - Nellore  19,Total,5,53038,27321,25717,17960,9331,8629,17960,9331,8629,0,0,0,0,0,0,0,0,0,0,0,0
C3010,28,19,0000,District - Nellore  19,Total,6,51752,26445,25307,35027,17846,17181,35027,17846,17181,0,0,0,0,0,0,0,0,0,0,0,0
C3010,28,19,0000,District - Nellore  19,Total,7,55640,28529,27111,49821,25616,24205,49821,25616,24205,0,0,0,0,0,0,0,0,0,0,0,0
C3010,28,19,0000,District - Nellore  19,Total,8,62457,31630,30827,57431,29193,28238,57431,29193,28238,0,0,0,0,0,0,0,0,0,0,0,0
C3010,28,19,0000,District - Nellore  19,Total,9,59346,30134,29212,55074,28102,26972,55074,28102,26972,0,0,0,0,0,0,0,0,0,0,0,0
C3010,28,19,0000,District - Nellore  19,Total,10,67757,35287,32470,59564,31412,28152,59564,31412,28152,0,0,0,0,0,0,0,0,0,0,0,0
C3010,28,19,0000,District - Nellore  19,Total,11,48695,25769,22926,42641,23206,19435,42641,23206,19435,0,0,0,0,0,0,0,0,0,0,0,0
C3010,28,19,0000,District - Nellore  19,Total,12,62477,32796,29681,47803,26512,21291,47803,26512,21291,0,0,0,0,0,0,0,0,0,0,0,0
C3010,28,19,0000,District - Nellore  19,Total,13,49797,25144,24653,34967,19284,15683,34967,19284,15683,0,0,0,0,0,0,0,0,0,0,0,0
C3010,28,19,0000,District - Nellore  19,Total,14,51686,26321,25365,32081,18046,14035,32081,18046,14035,0,0,0,0,0,0,0,0,0,0,0,0
C3010,28,19,0000,District - Nellore  19,Total,15-19,262944,136428,126516,97074,58485,38589,74055,44861,29194,17463,10733,6730,2778,1800,978,653,387,266,2125,704,1421
C3010,28,19,0000,District - Nellore  19,Total,20-24,245696,121952,123744,33552,21004,12548,4577,2977,1600,21209,15009,6200,1548,1105,443,366,225,141,5852,1688,4164
C3010,28,19,0000,District - Nellore  19,Total,25-29,239574,114172,125402,10610,4363,6247,0,0,0,1758,1345,413,714,588,126,354,204,150,7784,2226,5558
C3010,28,19,0000,District - Nellore  19,Total,30-34,199925,101232,98693,7705,2572,5133,0,0,0,306,208,98,129,89,40,147,71,76,7123,2204,4919
C3010,28,19,0000,District - Nellore  19,Total,35-59,715507,364366,351141,17292,5879,11413,0,0,0,372,265,107,146,77,69,301,128,173,16473,5409,11064
C3010,28,19,0000,District - Nellore  19,Total,60+,215614,101338,114276,978,427,551,0,0,0,64,36,28,29,14,15,47,26,21,838,351,487
C3010,28,19,0000,District - Nellore  19,Total,Age not stated,3037,1774,1263,143,121,22,0,0,0,29,21,8,96,93,3,3,2,1,15,5,10
C3010,28,19,0000,District - Nellore  19,Rural,All ages,2069521,1043308,1026213,459532,246919,212613,395175,216091,179084,20803,15509,5294,3037,2276,761,1294,689,605,39223,12354,26869
C3010,28,19,0000,District - Nellore  19,Rural,0-4,178455,91299,87156,3318,1749,1569,3318,1749,1569,0,0,0,0,0,0,0,0,0,0,0,0
C3010,28,19,0000,District - Nellore  19,Rural,5,41285,21233,20052,13768,7148,6620,13768,7148,6620,0,0,0,0,0,0,0,0,0,0,0,0
C3010,28,19,0000,District - Nellore  19,Rural,6,40698,20801,19897,28243,14414,13829,28243,14414,13829,0,0,0,0,0,0,0,0,0,0,0,0
C3010,28,19,0000,District - Nellore  19,Rural,7,44081,22530,21551,39784,20407,19377,39784,20407,19377,0,0,0,0,0,0,0,0,0,0,0,0
C3010,28,19,0000,District - Nellore  19,Rural,8,50291,25396,24895,46467,23562,22905,46467,23562,22905,0,0,0,0,0,0,0,0,0,0,0,0
C3010,28,19,0000,District - Nellore  19,Rural,9,48234,24480,23754,44982,22950,22032,44982,22950,22032,0,0,0,0,0,0,0,0,0,0,0,0
C3010,28,19,0000,District - Nellore  19,Rural,10,53410,27840,25570,46997,24890,22107,46997,24890,22107,0,0,0,0,0,0,0,0,0,0,0,0
C3010,28,19,0000,District - Nellore  19,Rural,11,38275,20511,17764,33348,18550,14798,33348,18550,14798,0,0,0,0,0,0,0,0,0,0,0,0
C3010,28,19,0000,District - Nellore  19,Rural,12,48911,25622,23289,36620,20566,16054,36620,20566,16054,0,0,0,0,0,0,0,0,0,0,0,0
C3010,28,19,0000,District - Nellore  19,Rural,13,38651,19640,19011,26087,14837,11250,26087,14837,11250,0,0,0,0,0,0,0,0,0,0,0,0
C3010,28,19,0000,District - Nellore  19,Rural,14,40052,20460,19592,23420,13637,9783,23420,13637,9783,0,0,0,0,0,0,0,0,0,0,0,0
C3010,28,19,0000,District - Nellore  19,Rural,15-19,199105,103968,95137,62374,39738,22636,49245,31400,17845,9119,6312,2807,1579,1131,448,396,225,171,2035,670,1365
C3010,28,19,0000,District - Nellore  19,Rural,20-24,185835,92642,93193,20254,12735,7519,2896,1981,915,10593,8310,2283,825,641,184,250,154,96,5690,1649,4041
C3010,28,19,0000,District - Nellore  19,Rural,25-29,182556,87149,95407,9039,3325,5714,0,0,0,822,693,129,383,329,54,240,135,105,7594,2168,5426
C3010,28,19,0000,District - Nellore  19,Rural,30-34,152327,76832,75495,7254,2345,4909,0,0,0,105,81,24,54,36,18,124,58,66,6971,2170,4801
C3010,28,19,0000,District - Nellore  19,Rural,35-59,552043,279940,272103,16557,5574,10983,0,0,0,125,89,36,84,41,43,247,97,150,16101,5347,10754
C3010,28,19,0000,District - Nellore  19,Rural,60+,172897,81552,91345,894,385,509,0,0,0,21,12,9,18,7,11,37,20,17,818,346,472
C3010,28,19,0000,District - Nellore  19,Rural,Age not stated,2415,1413,1002,126,107,19,0,0,0,18,12,6,94,91,3,0,0,0,14,4,10
C3010,28,19,0000,District - Nellore  19,Urban,All ages,599043,301627,297416,146141,77597,68544,121776,63412,58364,20398,12108,8290,2403,1490,913,577,354,223,987,233,754
C3010,28,19,0000,District - Nellore  19,Urban,0-4,45167,22998,22169,2632,1368,1264,2632,1368,1264,0,0,0,0,0,0,0,0,0,0,0,0
C3010,28,19,0000,District - Nellore  19,Urban,5,11753,6088,5665,4192,2183,2009,4192,2183,2009,0,0,0,0,0,0,0,0,0,0,0,0
C3010,28,19,0000,District - Nellore  19,Urban,6,11054,5644,5410,6784,3432,3352,6784,3432,3352,0,0,0,0,0,0,0,0,0,0,0,0
C3010,28,19,0000,District - Nellore  19,Urban,7,11559,5999,5560,10037,5209,4828,10037,5209,4828,0,0,0,0,0,0,0,0,0,0,0,0
C3010,28,19,0000,District - Nellore  19,Urban,8,12166,6234,5932,10964,5631,5333,10964,5631,5333,0,0,0,0,0,0,0,0,0,0,0,0
C3010,28,19,0000,District - Nellore  19,Urban,9,11112,5654,5458,10092,5152,4940,10092,5152,4940,0,0,0,0,0,0,0,0,0,0,0,0
C3010,28,19,0000,District - Nellore  19,Urban,10,14347,7447,6900,12567,6522,6045,12567,6522,6045,0,0,0,0,0,0,0,0,0,0,0,0
C3010,28,19,0000,District - Nellore  19,Urban,11,10420,5258,5162,9293,4656,4637,9293,4656,4637,0,0,0,0,0,0,0,0,0,0,0,0
C3010,28,19,0000,District - Nellore  19,Urban,12,13566,7174,6392,11183,5946,5237,11183,5946,5237,0,0,0,0,0,0,0,0,0,0,0,0
C3010,28,19,0000,District - Nellore  19,Urban,13,11146,5504,5642,8880,4447,4433,8880,4447,4433,0,0,0,0,0,0,0,0,0,0,0,0
C3010,28,19,0000,District - Nellore  19,Urban,14,11634,5861,5773,8661,4409,4252,8661,4409,4252,0,0,0,0,0,0,0,0,0,0,0,0
C3010,28,19,0000,District - Nellore  19,Urban,15-19,63839,32460,31379,34700,18747,15953,24810,13461,11349,8344,4421,3923,1199,669,530,257,162,95,90,34,56
C3010,28,19,0000,District - Nellore  19,Urban,20-24,59861,29310,30551,13298,8269,5029,1681,996,685,10616,6699,3917,723,464,259,116,71,45,162,39,123
C3010,28,19,0000,District - Nellore  19,Urban,25-29,57018,27023,29995,1571,1038,533,0,0,0,936,652,284,331,259,72,114,69,45,190,58,132
C3010,28,19,0000,District - Nellore  19,Urban,30-34,47598,24400,23198,451,227,224,0,0,0,201,127,74,75,53,22,23,13,10,152,34,118
C3010,28,19,0000,District - Nellore  19,Urban,35-59,163464,84426,79038,735,305,430,0,0,0,247,176,71,62,36,26,54,31,23,372,62,310
C3010,28,19,0000,District - Nellore  19,Urban,60+,42717,19786,22931,84,42,42,0,0,0,43,24,19,11,7,4,10,6,4,20,5,15
C3010,28,19,0000,District - Nellore  19,Urban,Age not stated,622,361,261,17,14,3,0,0,0,11,9,2,2,2,0,3,2,1,1,1,0
C3010,28,20,0000,District - Cuddapah  20,Total,All ages,2601797,1318093,1283704,596461,330715,265746,529210,291091,238119,41362,29786,11576,5072,3797,1275,1350,805,545,19467,5236,14231
C3010,28,20,0000,District - Cuddapah  20,Total,0-4,225438,115626,109812,5689,2971,2718,5689,2971,2718,0,0,0,0,0,0,0,0,0,0,0,0
C3010,28,20,0000,District - Cuddapah  20,Total,5,57333,29463,27870,19027,9933,9094,19027,9933,9094,0,0,0,0,0,0,0,0,0,0,0,0
C3010,28,20,0000,District - Cuddapah  20,Total,6,57892,29549,28343,40350,20795,19555,40350,20795,19555,0,0,0,0,0,0,0,0,0,0,0,0
C3010,28,20,0000,District - Cuddapah  20,Total,7,62034,31905,30129,55323,28812,26511,55323,28812,26511,0,0,0,0,0,0,0,0,0,0,0,0
C3010,28,20,0000,District - Cuddapah  20,Total,8,70550,35215,35335,65123,32970,32153,65123,32970,32153,0,0,0,0,0,0,0,0,0,0,0,0
C3010,28,20,0000,District - Cuddapah  20,Total,9,59991,30759,29232,55763,29118,26645,55763,29118,26645,0,0,0,0,0,0,0,0,0,0,0,0
C3010,28,20,0000,District - Cuddapah  20,Total,10,69726,35887,33839,60114,32292,27822,60114,32292,27822,0,0,0,0,0,0,0,0,0,0,0,0
C3010,28,20,0000,District - Cuddapah  20,Total,11,46092,23945,22147,39838,21843,17995,39838,21843,17995,0,0,0,0,0,0,0,0,0,0,0,0
C3010,28,20,0000,District - Cuddapah  20,Total,12,63400,32596,30804,47654,27110,20544,47654,27110,20544,0,0,0,0,0,0,0,0,0,0,0,0
C3010,28,20,0000,District - Cuddapah  20,Total,13,49476,25666,23810,36121,21074,15047,36121,21074,15047,0,0,0,0,0,0,0,0,0,0,0,0
C3010,28,20,0000,District - Cuddapah  20,Total,14,50030,26215,23815,32661,19595,13066,32661,19595,13066,0,0,0,0,0,0,0,0,0,0,0,0
C3010,28,20,0000,District - Cuddapah  20,Total,15-19,238197,126156,112041,88572,55494,33078,67161,41638,25523,17716,11633,6083,2426,1724,702,385,239,146,884,260,624
C3010,28,20,0000,District - Cuddapah  20,Total,20-24,235324,120771,114553,29468,20569,8899,4386,2940,1446,20750,15783,4967,1459,1124,335,249,153,96,2624,569,2055
C3010,28,20,0000,District - Cuddapah  20,Total,25-29,232742,110489,122253,6399,3227,3172,0,0,0,1911,1585,326,741,642,99,269,191,78,3478,809,2669
C3010,28,20,0000,District - Cuddapah  20,Total,30-34,194463,100497,93966,3912,1387,2525,0,0,0,415,338,77,155,126,29,113,66,47,3229,857,2372
C3010,28,20,0000,District - Cuddapah  20,Total,35-59,679033,347023,332010,9749,3196,6553,0,0,0,456,364,92,230,144,86,280,118,162,8783,2570,6213
C3010,28,20,0000,District - Cuddapah  20,Total,60+,205803,93959,111844,636,298,338,0,0,0,76,64,12,53,31,22,51,35,16,456,168,288
C3010,28,20,0000,District - Cuddapah  20,Total,Age not stated,4273,2372,1901,62,31,31,0,0,0,38,19,19,8,6,2,3,3,0,13,3,10
C3010,28,20,0000,District - Cuddapah  20,Rural,All ages,2014044,1021177,992867,449704,251800,197904,401429,224115,177314,25444,19634,5810,2928,2344,584,991,589,402,18912,5118,13794
C3010,28,20,0000,District - Cuddapah  20,Rural,0-4,176356,90542,85814,3744,1957,1787,3744,1957,1787,0,0,0,0,0,0,0,0,0,0,0,0
C3010,28,20,0000,District - Cuddapah  20,Rural,5,43826,22532,21294,14504,7548,6956,14504,7548,6956,0,0,0,0,0,0,0,0,0,0,0,0
C3010,28,20,0000,District - Cuddapah  20,Rural,6,45131,23054,22077,32688,16901,15787,32688,16901,15787,0,0,0,0,0,0,0,0,0,0,0,0
C3010,28,20,0000,District - Cuddapah  20,Rural,7,48517,25011,23506,43705,22842,20863,43705,22842,20863,0,0,0,0,0,0,0,0,0,0,0,0
C3010,28,20,0000,District - Cuddapah  20,Rural,8,55576,27676,27900,51519,26077,25442,51519,26077,25442,0,0,0,0,0,0,0,0,0,0,0,0
C3010,28,20,0000,District - Cuddapah  20,Rural,9,47327,24313,23014,44118,23141,20977,44118,23141,20977,0,0,0,0,0,0,0,0,0,0,0,0
C3010,28,20,0000,District - Cuddapah  20,Rural,10,53387,27433,25954,45763,24797,20966,45763,24797,20966,0,0,0,0,0,0,0,0,0,0,0,0
C3010,28,20,0000,District - Cuddapah  20,Rural,11,35099,18420,16679,30020,16820,13200,30020,16820,13200,0,0,0,0,0,0,0,0,0,0,0,0
C3010,28,20,0000,District - Cuddapah  20,Rural,12,48682,25135,23547,35752,20873,14879,35752,20873,14879,0,0,0,0,0,0,0,0,0,0,0,0
C3010,28,20,0000,District - Cuddapah  20,Rural,13,37955,19949,18006,27048,16382,10666,27048,16382,10666,0,0,0,0,0,0,0,0,0,0,0,0
C3010,28,20,0000,District - Cuddapah  20,Rural,14,38115,20190,17925,23985,14950,9035,23985,14950,9035,0,0,0,0,0,0,0,0,0,0,0,0
C3010,28,20,0000,District - Cuddapah  20,Rural,15-19,178781,95686,83095,59055,39061,19994,45513,29695,15818,11015,7825,3190,1391,1108,283,283,184,99,853,249,604
C3010,28,20,0000,District - Cuddapah  20,Rural,20-24,179945,92632,87313,19230,13714,5516,3070,2132,938,12693,10309,2384,751,616,135,183,114,69,2533,543,1990
C3010,28,20,0000,District - Cuddapah  20,Rural,25-29,179291,85351,93940,5246,2383,2863,0,0,0,1197,1045,152,474,413,61,188,130,58,3387,795,2592
C3010,28,20,0000,District - Cuddapah  20,Rural,30-34,149935,77343,72592,3616,1204,2412,0,0,0,265,230,35,107,87,20,88,46,42,3156,841,2315
C3010,28,20,0000,District - Cuddapah  20,Rural,35-59,526509,268007,258502,9124,2893,6231,0,0,0,216,178,38,167,100,67,211,88,123,8530,2527,6003
C3010,28,20,0000,District - Cuddapah  20,Rural,60+,166292,76078,90214,555,239,316,0,0,0,43,36,7,34,17,17,36,25,11,442,161,281
C3010,28,20,0000,District - Cuddapah  20,Rural,Age not stated,3320,1825,1495,32,18,14,0,0,0,15,11,4,4,3,1,2,2,0,11,2,9
C3010,28,20,0000,District - Cuddapah  20,Urban,All ages,587753,296916,290837,146757,78915,67842,127781,66976,60805,15918,10152,5766,2144,1453,691,359,216,143,555,118,437
C3010,28,20,0000,District - Cuddapah  20,Urban,0-4,49082,25084,23998,1945,1014,931,1945,1014,931,0,0,0,0,0,0,0,0,0,0,0,0
C3010,28,20,0000,District - Cuddapah  20,Urban,5,13507,6931,6576,4523,2385,2138,4523,2385,2138,0,0,0,0,0,0,0,0,0,0,0,0
C3010,28,20,0000,District - Cuddapah  20,Urban,6,12761,6495,6266,7662,3894,3768,7662,3894,3768,0,0,0,0,0,0,0,0,0,0,0,0
C3010,28,20,0000,District - Cuddapah  20,Urban,7,13517,6894,6623,11618,5970,5648,11618,5970,5648,0,0,0,0,0,0,0,0,0,0,0,0
C3010,28,20,0000,District - Cuddapah  20,Urban,8,14974,7539,7435,13604,6893,6711,13604,6893,6711,0,0,0,0,0,0,0,0,0,0,0,0
C3010,28,20,0000,District - Cuddapah  20,Urban,9,12664,6446,6218,11645,5977,5668,11645,5977,5668,0,0,0,0,0,0,0,0,0,0,0,0
C3010,28,20,0000,District - Cuddapah  20,Urban,10,16339,8454,7885,14351,7495,6856,14351,7495,6856,0,0,0,0,0,0,0,0,0,0,0,0
C3010,28,20,0000,District - Cuddapah  20,Urban,11,10993,5525,5468,9818,5023,4795,9818,5023,4795,0,0,0,0,0,0,0,0,0,0,0,0
C3010,28,20,0000,District - Cuddapah  20,Urban,12,14718,7461,7257,11902,6237,5665,11902,6237,5665,0,0,0,0,0,0,0,0,0,0,0,0
C3010,28,20,0000,District - Cuddapah  20,Urban,13,11521,5717,5804,9073,4692,4381,9073,4692,4381,0,0,0,0,0,0,0,0,0,0,0,0
C3010,28,20,0000,District - Cuddapah  20,Urban,14,11915,6025,5890,8676,4645,4031,8676,4645,4031,0,0,0,0,0,0,0,0,0,0,0,0
C3010,28,20,0000,District - Cuddapah  20,Urban,15-19,59416,30470,28946,29517,16433,13084,21648,11943,9705,6701,3808,2893,1035,616,419,102,55,47,31,11,20
C3010,28,20,0000,District - Cuddapah  20,Urban,20-24,55379,28139,27240,10238,6855,3383,1316,808,508,8057,5474,2583,708,508,200,66,39,27,91,26,65
C3010,28,20,0000,District - Cuddapah  20,Urban,25-29,53451,25138,28313,1153,844,309,0,0,0,714,540,174,267,229,38,81,61,20,91,14,77
C3010,28,20,0000,District - Cuddapah  20,Urban,30-34,44528,23154,21374,296,183,113,0,0,0,150,108,42,48,39,9,25,20,5,73,16,57
C3010,28,20,0000,District - Cuddapah  20,Urban,35-59,152524,79016,73508,625,303,322,0,0,0,240,186,54,63,44,19,69,30,39,253,43,210
C3010,28,20,0000,District - Cuddapah  20,Urban,60+,39511,17881,21630,81,59,22,0,0,0,33,28,5,19,14,5,15,10,5,14,7,7
C3010,28,20,0000,District - Cuddapah  20,Urban,Age not stated,953,547,406,30,13,17,0,0,0,23,8,15,4,3,1,1,1,0,2,1,1
C3010,28,21,0000,District - Kurnool  21,Total,All ages,3529494,1796214,1733280,758611,438788,319823,691137,396705,294432,46760,33454,13306,5807,4091,1716,1653,1036,617,13254,3502,9752
C3010,28,21,0000,District - Kurnool  21,Total,0-4,343493,174919,168574,10165,5292,4873,10165,5292,4873,0,0,0,0,0,0,0,0,0,0,0,0
C3010,28,21,0000,District - Kurnool  21,Total,5,93818,48092,45726,26776,14300,12476,26776,14300,12476,0,0,0,0,0,0,0,0,0,0,0,0
C3010,28,21,0000,District - Kurnool  21,Total,6,100295,51549,48746,58869,31334,27535,58869,31334,27535,0,0,0,0,0,0,0,0,0,0,0,0
C3010,28,21,0000,District - Kurnool  21,Total,7,97226,49887,47339,75080,40160,34920,75080,40160,34920,0,0,0,0,0,0,0,0,0,0,0,0
C3010,28,21,0000,District - Kurnool  21,Total,8,114123,57400,56723,88443,47170,41273,88443,47170,41273,0,0,0,0,0,0,0,0,0,0,0,0
C3010,28,21,0000,District - Kurnool  21,Total,9,91077,47256,43821,72428,40176,32252,72428,40176,32252,0,0,0,0,0,0,0,0,0,0,0,0
C3010,28,21,0000,District - Kurnool  21,Total,10,119374,61426,57948,81456,46217,35239,81456,46217,35239,0,0,0,0,0,0,0,0,0,0,0,0
C3010,28,21,0000,District - Kurnool  21,Total,11,67885,35775,32110,48387,28428,19959,48387,28428,19959,0,0,0,0,0,0,0,0,0,0,0,0
C3010,28,21,0000,District - Kurnool  21,Total,12,107599,56171,51428,60766,36952,23814,60766,36952,23814,0,0,0,0,0,0,0,0,0,0,0,0
C3010,28,21,0000,District - Kurnool  21,Total,13,71207,37599,33608,41312,25464,15848,41312,25464,15848,0,0,0,0,0,0,0,0,0,0,0,0
C3010,28,21,0000,District - Kurnool  21,Total,14,74189,39932,34257,38302,24036,14266,38302,24036,14266,0,0,0,0,0,0,0,0,0,0,0,0
C3010,28,21,0000,District - Kurnool  21,Total,15-19,333757,181640,152117,105347,67716,37631,82237,52648,29589,18992,12474,6518,2744,1968,776,527,324,203,847,302,545
C3010,28,21,0000,District - Kurnool  21,Total,20-24,309309,156270,153039,34480,23915,10565,6916,4528,2388,23489,17636,5853,1584,992,592,337,225,112,2154,534,1620
C3010,28,21,0000,District - Kurnool  21,Total,25-29,306552,146024,160528,6480,3727,2753,0,0,0,2657,2087,570,920,770,150,324,216,108,2579,654,1925
C3010,28,21,0000,District - Kurnool  21,Total,30-34,253052,130812,122240,3143,1263,1880,0,0,0,622,459,163,192,134,58,152,84,68,2177,586,1591
C3010,28,21,0000,District - Kurnool  21,Total,35-59,812899,416452,396447,6531,2323,4208,0,0,0,830,676,154,286,185,101,272,161,111,5143,1301,3842
C3010,28,21,0000,District - Kurnool  21,Total,60+,228821,102418,126403,568,260,308,0,0,0,127,92,35,62,28,34,39,24,15,340,116,224
C3010,28,21,0000,District - Kurnool  21,Total,Age not stated,4818,2592,2226,78,55,23,0,0,0,43,30,13,19,14,5,2,2,0,14,9,5
C3010,28,21,0000,District - Kurnool  21,Rural,All ages,2712030,1380605,1331425,551735,326325,225410,513121,302408,210713,22640,18224,4416,2105,1761,344,1120,647,473,12749,3285,9464
C3010,28,21,0000,District - Kurnool  21,Rural,0-4,271638,138330,133308,6057,3142,2915,6057,3142,2915,0,0,0,0,0,0,0,0,0,0,0,0
C3010,28,21,0000,District - Kurnool  21,Rural,5,73488,37642,35846,19882,10704,9178,19882,10704,9178,0,0,0,0,0,0,0,0,0,0,0,0
C3010,28,21,0000,District - Kurnool  21,Rural,6,80713,41575,39138,48318,25907,22411,48318,25907,22411,0,0,0,0,0,0,0,0,0,0,0,0
C3010,28,21,0000,District - Kurnool  21,Rural,7,77977,39796,38181,60440,32356,28084,60440,32356,28084,0,0,0,0,0,0,0,0,0,0,0,0
C3010,28,21,0000,District - Kurnool  21,Rural,8,91664,46284,45380,70776,38231,32545,70776,38231,32545,0,0,0,0,0,0,0,0,0,0,0,0
C3010,28,21,0000,District - Kurnool  21,Rural,9,73521,38293,35228,58041,32681,25360,58041,32681,25360,0,0,0,0,0,0,0,0,0,0,0,0
C3010,28,21,0000,District - Kurnool  21,Rural,10,93611,48182,45429,61931,35921,26010,61931,35921,26010,0,0,0,0,0,0,0,0,0,0,0,0
C3010,28,21,0000,District - Kurnool  21,Rural,11,52470,27823,24647,35944,21811,14133,35944,21811,14133,0,0,0,0,0,0,0,0,0,0,0,0
C3010,28,21,0000,District - Kurnool  21,Rural,12,83785,43821,39964,43914,27818,16096,43914,27818,16096,0,0,0,0,0,0,0,0,0,0,0,0
C3010,28,21,0000,District - Kurnool  21,Rural,13,54797,29267,25530,29297,19162,10135,29297,19162,10135,0,0,0,0,0,0,0,0,0,0,0,0
C3010,28,21,0000,District - Kurnool  21,Rural,14,56283,30734,25549,26246,17572,8674,26246,17572,8674,0,0,0,0,0,0,0,0,0,0,0,0
C3010,28,21,0000,District - Kurnool  21,Rural,15-19,243718,135378,108340,60655,43339,17316,48625,34473,14152,9921,7526,2395,977,856,121,339,205,134,793,279,514
C3010,28,21,0000,District - Kurnool  21,Rural,20-24,228592,115287,113305,17546,12956,4590,3650,2630,1020,11078,9251,1827,509,421,88,239,157,82,2070,497,1573
C3010,28,21,0000,District - Kurnool  21,Rural,25-29,231114,110100,121014,4190,2068,2122,0,0,0,1128,1003,125,363,330,33,215,128,87,2484,607,1877
C3010,28,21,0000,District - Kurnool  21,Rural,30-34,193334,99715,93619,2520,853,1667,0,0,0,210,183,27,89,65,24,102,45,57,2119,560,1559
C3010,28,21,0000,District - Kurnool  21,Rural,35-59,620299,315914,304385,5536,1614,3922,0,0,0,236,212,24,130,72,58,193,92,101,4977,1238,3739
C3010,28,21,0000,District - Kurnool  21,Rural,60+,181354,80490,100864,397,157,240,0,0,0,40,29,11,33,14,19,31,19,12,293,95,198
C3010,28,21,0000,District - Kurnool  21,Rural,Age not stated,3672,1974,1698,45,33,12,0,0,0,27,20,7,4,3,1,1,1,0,13,9,4
C3010,28,21,0000,District - Kurnool  21,Urban,All ages,817464,415609,401855,206876,112463,94413,178016,94297,83719,24120,15230,8890,3702,2330,1372,533,389,144,505,217,288
C3010,28,21,0000,District - Kurnool  21,Urban,0-4,71855,36589,35266,4108,2150,1958,4108,2150,1958,0,0,0,0,0,0,0,0,0,0,0,0
C3010,28,21,0000,District - Kurnool  21,Urban,5,20330,10450,9880,6894,3596,3298,6894,3596,3298,0,0,0,0,0,0,0,0,0,0,0,0
C3010,28,21,0000,District - Kurnool  21,Urban,6,19582,9974,9608,10551,5427,5124,10551,5427,5124,0,0,0,0,0,0,0,0,0,0,0,0
C3010,28,21,0000,District - Kurnool  21,Urban,7,19249,10091,9158,14640,7804,6836,14640,7804,6836,0,0,0,0,0,0,0,0,0,0,0,0
C3010,28,21,0000,District - Kurnool  21,Urban,8,22459,11116,11343,17667,8939,8728,17667,8939,8728,0,0,0,0,0,0,0,0,0,0,0,0
C3010,28,21,0000,District - Kurnool  21,Urban,9,17556,8963,8593,14387,7495,6892,14387,7495,6892,0,0,0,0,0,0,0,0,0,0,0,0
C3010,28,21,0000,District - Kurnool  21,Urban,10,25763,13244,12519,19525,10296,9229,19525,10296,9229,0,0,0,0,0,0,0,0,0,0,0,0
C3010,28,21,0000,District - Kurnool  21,Urban,11,15415,7952,7463,12443,6617,5826,12443,6617,5826,0,0,0,0,0,0,0,0,0,0,0,0
C3010,28,21,0000,District - Kurnool  21,Urban,12,23814,12350,11464,16852,9134,7718,16852,9134,7718,0,0,0,0,0,0,0,0,0,0,0,0
C3010,28,21,0000,District - Kurnool  21,Urban,13,16410,8332,8078,12015,6302,5713,12015,6302,5713,0,0,0,0,0,0,0,0,0,0,0,0
C3010,28,21,0000,District - Kurnool  21,Urban,14,17906,9198,8708,12056,6464,5592,12056,6464,5592,0,0,0,0,0,0,0,0,0,0,0,0
C3010,28,21,0000,District - Kurnool  21,Urban,15-19,90039,46262,43777,44692,24377,20315,33612,18175,15437,9071,4948,4123,1767,1112,655,188,119,69,54,23,31
C3010,28,21,0000,District - Kurnool  21,Urban,20-24,80717,40983,39734,16934,10959,5975,3266,1898,1368,12411,8385,4026,1075,571,504,98,68,30,84,37,47
C3010,28,21,0000,District - Kurnool  21,Urban,25-29,75438,35924,39514,2290,1659,631,0,0,0,1529,1084,445,557,440,117,109,88,21,95,47,48
C3010,28,21,0000,District - Kurnool  21,Urban,30-34,59718,31097,28621,623,410,213,0,0,0,412,276,136,103,69,34,50,39,11,58,26,32
C3010,28,21,0000,District - Kurnool  21,Urban,35-59,192600,100538,92062,995,709,286,0,0,0,594,464,130,156,113,43,79,69,10,166,63,103
C3010,28,21,0000,District - Kurnool  21,Urban,60+,47467,21928,25539,171,103,68,0,0,0,87,63,24,29,14,15,8,5,3,47,21,26
C3010,28,21,0000,District - Kurnool  21,Urban,Age not stated,1146,618,528,33,22,11,0,0,0,16,10,6,15,11,4,1,1,0,1,0,1
C3010,28,22,0000,District - Anantapur  22,Total,All ages,3640478,1859588,1780890,791476,443762,347714,731393,403782,327611,50166,35601,14565,4250,2958,1292,1298,816,482,4369,605,3764
C3010,28,22,0000,District - Anantapur  22,Total,0-4,311720,158646,153074,8061,4238,3823,8061,4238,3823,0,0,0,0,0,0,0,0,0,0,0,0
C3010,28,22,0000,District - Anantapur  22,Total,5,81649,41997,39652,23982,12531,11451,23982,12531,11451,0,0,0,0,0,0,0,0,0,0,0,0
C3010,28,22,0000,District - Anantapur  22,Total,6,86484,44347,42137,54574,28452,26122,54574,28452,26122,0,0,0,0,0,0,0,0,0,0,0,0
C3010,28,22,0000,District - Anantapur  22,Total,7,89018,45444,43574,74975,38773,36202,74975,38773,36202,0,0,0,0,0,0,0,0,0,0,0,0
C3010,28,22,0000,District - Anantapur  22,Total,8,103582,51950,51632,92115,47013,45102,92115,47013,45102,0,0,0,0,0,0,0,0,0,0,0,0
C3010,28,22,0000,District - Anantapur  22,Total,9,88611,45027,43584,80081,41557,38524,80081,41557,38524,0,0,0,0,0,0,0,0,0,0,0,0
C3010,28,22,0000,District - Anantapur  22,Total,10,107673,55484,52189,89667,48114,41553,89667,48114,41553,0,0,0,0,0,0,0,0,0,0,0,0
C3010,28,22,0000,District - Anantapur  22,Total,11,71370,37375,33995,59378,32794,26584,59378,32794,26584,0,0,0,0,0,0,0,0,0,0,0,0
C3010,28,22,0000,District - Anantapur  22,Total,12,101402,53207,48195,70462,40655,29807,70462,40655,29807,0,0,0,0,0,0,0,0,0,0,0,0
C3010,28,22,0000,District - Anantapur  22,Total,13,73495,38654,34841,48046,28323,19723,48046,28323,19723,0,0,0,0,0,0,0,0,0,0,0,0
C3010,28,22,0000,District - Anantapur  22,Total,14,74886,39908,34978,42076,25528,16548,42076,25528,16548,0,0,0,0,0,0,0,0,0,0,0,0
C3010,28,22,0000,District - Anantapur  22,Total,15-19,338133,182122,156011,106068,66902,39166,82532,51987,30545,20919,13393,7526,1956,1157,799,455,291,164,206,74,132
C3010,28,22,0000,District - Anantapur  22,Total,20-24,325644,165906,159738,32624,23828,8796,5444,3817,1627,25173,18799,6374,1164,900,264,269,184,85,574,128,446
C3010,28,22,0000,District - Anantapur  22,Total,25-29,326037,154705,171332,4780,3469,1311,0,0,0,2855,2447,408,773,658,115,278,211,67,874,153,721
C3010,28,22,0000,District - Anantapur  22,Total,30-34,267658,138135,129523,1457,667,790,0,0,0,520,437,83,147,113,34,99,56,43,691,61,630
C3010,28,22,0000,District - Anantapur  22,Total,35-59,918069,474874,443195,2759,748,2011,0,0,0,535,419,116,174,110,64,175,63,112,1875,156,1719
C3010,28,22,0000,District - Anantapur  22,Total,60+,271727,129918,141809,307,132,175,0,0,0,104,70,34,35,20,15,20,9,11,148,33,115
C3010,28,22,0000,District - Anantapur  22,Total,Age not stated,3320,1889,1431,64,38,26,0,0,0,60,36,24,1,0,1,2,2,0,1,0,1
C3010,28,22,0000,District - Anantapur  22,Rural,All ages,2720915,1391905,1329010,563133,320288,242845,533301,299469,233832,23238,18530,4708,1756,1388,368,808,486,322,4030,415,3615
C3010,28,22,0000,District - Anantapur  22,Rural,0-4,238490,121603,116887,4718,2470,2248,4718,2470,2248,0,0,0,0,0,0,0,0,0,0,0,0
C3010,28,22,0000,District - Anantapur  22,Rural,5,60951,31212,29739,16984,8835,8149,16984,8835,8149,0,0,0,0,0,0,0,0,0,0,0,0
C3010,28,22,0000,District - Anantapur  22,Rural,6,66244,34130,32114,42716,22419,20297,42716,22419,20297,0,0,0,0,0,0,0,0,0,0,0,0
C3010,28,22,0000,District - Anantapur  22,Rural,7,68546,34988,33558,58169,30146,28023,58169,30146,28023,0,0,0,0,0,0,0,0,0,0,0,0
C3010,28,22,0000,District - Anantapur  22,Rural,8,80114,40343,39771,71462,36715,34747,71462,36715,34747,0,0,0,0,0,0,0,0,0,0,0,0
C3010,28,22,0000,District - Anantapur  22,Rural,9,69398,35384,34014,62931,32902,30029,62931,32902,30029,0,0,0,0,0,0,0,0,0,0,0,0
C3010,28,22,0000,District - Anantapur  22,Rural,10,80794,41953,38841,66699,36397,30302,66699,36397,30302,0,0,0,0,0,0,0,0,0,0,0,0
C3010,28,22,0000,District - Anantapur  22,Rural,11,54514,28854,25660,44789,25307,19482,44789,25307,19482,0,0,0,0,0,0,0,0,0,0,0,0
C3010,28,22,0000,District - Anantapur  22,Rural,12,76308,40199,36109,50800,30182,20618,50800,30182,20618,0,0,0,0,0,0,0,0,0,0,0,0
C3010,28,22,0000,District - Anantapur  22,Rural,13,54949,29168,25781,33801,20744,13057,33801,20744,13057,0,0,0,0,0,0,0,0,0,0,0,0
C3010,28,22,0000,District - Anantapur  22,Rural,14,55337,29633,25704,28473,18043,10430,28473,18043,10430,0,0,0,0,0,0,0,0,0,0,0,0
C3010,28,22,0000,District - Anantapur  22,Rural,15-19,241387,131902,109485,59016,40502,18514,48400,32787,15613,9455,6934,2521,709,537,172,292,196,96,160,48,112
C3010,28,22,0000,District - Anantapur  22,Rural,20-24,235870,120426,115444,16260,12865,3395,3359,2522,837,11735,9713,2022,518,434,84,160,114,46,488,82,406
C3010,28,22,0000,District - Anantapur  22,Rural,25-29,240378,114044,126334,2881,1991,890,0,0,0,1599,1485,114,350,305,45,163,115,48,769,86,683
C3010,28,22,0000,District - Anantapur  22,Rural,30-34,198549,101983,96566,1024,354,670,0,0,0,239,227,12,68,52,16,61,29,32,656,46,610
C3010,28,22,0000,District - Anantapur  22,Rural,35-59,686180,353614,332566,2184,338,1846,0,0,0,149,130,19,91,51,40,124,29,95,1820,128,1692
C3010,28,22,0000,District - Anantapur  22,Rural,60+,210144,100860,109284,197,57,140,0,0,0,36,22,14,19,9,10,6,1,5,136,25,111
C3010,28,22,0000,District - Anantapur  22,Rural,Age not stated,2762,1609,1153,29,21,8,0,0,0,25,19,6,1,0,1,2,2,0,1,0,1
C3010,28,22,0000,District - Anantapur  22,Urban,All ages,919563,467683,451880,228343,123474,104869,198092,104313,93779,26928,17071,9857,2494,1570,924,490,330,160,339,190,149
C3010,28,22,0000,District - Anantapur  22,Urban,0-4,73230,37043,36187,3343,1768,1575,3343,1768,1575,0,0,0,0,0,0,0,0,0,0,0,0
C3010,28,22,0000,District - Anantapur  22,Urban,5,20698,10785,9913,6998,3696,3302,6998,3696,3302,0,0,0,0,0,0,0,0,0,0,0,0
C3010,28,22,0000,District - Anantapur  22,Urban,6,20240,10217,10023,11858,6033,5825,11858,6033,5825,0,0,0,0,0,0,0,0,0,0,0,0
C3010,28,22,0000,District - Anantapur  22,Urban,7,20472,10456,10016,16806,8627,8179,16806,8627,8179,0,0,0,0,0,0,0,0,0,0,0,0
C3010,28,22,0000,District - Anantapur  22,Urban,8,23468,11607,11861,20653,10298,10355,20653,10298,10355,0,0,0,0,0,0,0,0,0,0,0,0
C3010,28,22,0000,District - Anantapur  22,Urban,9,19213,9643,9570,17150,8655,8495,17150,8655,8495,0,0,0,0,0,0,0,0,0,0,0,0
C3010,28,22,0000,District - Anantapur  22,Urban,10,26879,13531,13348,22968,11717,11251,22968,11717,11251,0,0,0,0,0,0,0,0,0,0,0,0
C3010,28,22,0000,District - Anantapur  22,Urban,11,16856,8521,8335,14589,7487,7102,14589,7487,7102,0,0,0,0,0,0,0,0,0,0,0,0
C3010,28,22,0000,District - Anantapur  22,Urban,12,25094,13008,12086,19662,10473,9189,19662,10473,9189,0,0,0,0,0,0,0,0,0,0,0,0
C3010,28,22,0000,District - Anantapur  22,Urban,13,18546,9486,9060,14245,7579,6666,14245,7579,6666,0,0,0,0,0,0,0,0,0,0,0,0
C3010,28,22,0000,District - Anantapur  22,Urban,14,19549,10275,9274,13603,7485,6118,13603,7485,6118,0,0,0,0,0,0,0,0,0,0,0,0
C3010,28,22,0000,District - Anantapur  22,Urban,15-19,96746,50220,46526,47052,26400,20652,34132,19200,14932,11464,6459,5005,1247,620,627,163,95,68,46,26,20
C3010,28,22,0000,District - Anantapur  22,Urban,20-24,89774,45480,44294,16364,10963,5401,2085,1295,790,13438,9086,4352,646,466,180,109,70,39,86,46,40
C3010,28,22,0000,District - Anantapur  22,Urban,25-29,85659,40661,44998,1899,1478,421,0,0,0,1256,962,294,423,353,70,115,96,19,105,67,38
C3010,28,22,0000,District - Anantapur  22,Urban,30-34,69109,36152,32957,433,313,120,0,0,0,281,210,71,79,61,18,38,27,11,35,15,20
C3010,28,22,0000,District - Anantapur  22,Urban,35-59,231889,121260,110629,575,410,165,0,0,0,386,289,97,83,59,24,51,34,17,55,28,27
C3010,28,22,0000,District - Anantapur  22,Urban,60+,61583,29058,32525,110,75,35,0,0,0,68,48,20,16,11,5,14,8,6,12,8,4
C3010,28,22,0000,District - Anantapur  22,Urban,Age not stated,558,280,278,35,17,18,0,0,0,35,17,18,0,0,0,0,0,0,0,0,0
C3010,28,23,0000,District - Chittoor  23,Total,All ages,3745875,1889690,1856185,814981,448376,366605,734858,398608,336250,57027,38598,18429,11837,7852,3985,2312,1439,873,8947,1879,7068
C3010,28,23,0000,District - Chittoor  23,Total,0-4,334295,171007,163288,10436,5533,4903,10436,5533,4903,0,0,0,0,0,0,0,0,0,0,0,0
C3010,28,23,0000,District - Chittoor  23,Total,5,77034,39538,37496,30112,15621,14491,30112,15621,14491,0,0,0,0,0,0,0,0,0,0,0,0
C3010,28,23,0000,District - Chittoor  23,Total,6,74255,37849,36406,52138,26822,25316,52138,26822,25316,0,0,0,0,0,0,0,0,0,0,0,0
C3010,28,23,0000,District - Chittoor  23,Total,7,87190,44441,42749,78125,40158,37967,78125,40158,37967,0,0,0,0,0,0,0,0,0,0,0,0
C3010,28,23,0000,District - Chittoor  23,Total,8,92029,46219,45810,85713,43606,42107,85713,43606,42107,0,0,0,0,0,0,0,0,0,0,0,0
C3010,28,23,0000,District - Chittoor  23,Total,9,83294,42310,40984,77823,40212,37611,77823,40212,37611,0,0,0,0,0,0,0,0,0,0,0,0
C3010,28,23,0000,District - Chittoor  23,Total,10,90082,46298,43784,79333,42090,37243,79333,42090,37243,0,0,0,0,0,0,0,0,0,0,0,0
C3010,28,23,0000,District - Chittoor  23,Total,11,64537,33552,30985,56906,30726,26180,56906,30726,26180,0,0,0,0,0,0,0,0,0,0,0,0
C3010,28,23,0000,District - Chittoor  23,Total,12,86313,44694,41619,67169,37281,29888,67169,37281,29888,0,0,0,0,0,0,0,0,0,0,0,0
C3010,28,23,0000,District - Chittoor  23,Total,13,69437,35907,33530,51762,29061,22701,51762,29061,22701,0,0,0,0,0,0,0,0,0,0,0,0
C3010,28,23,0000,District - Chittoor  23,Total,14,67383,35593,31790,45154,26192,18962,45154,26192,18962,0,0,0,0,0,0,0,0,0,0,0,0
C3010,28,23,0000,District - Chittoor  23,Total,15-19,330678,172569,158109,121030,73615,47415,93066,56485,36581,20990,13026,7964,5970,3590,2380,689,429,260,315,85,230
C3010,28,23,0000,District - Chittoor  23,Total,20-24,334482,166476,168006,43229,29497,13732,7121,4821,2300,31124,21661,9463,3593,2486,1107,495,326,169,896,203,693
C3010,28,23,0000,District - Chittoor  23,Total,25-29,338210,158902,179308,7324,4957,2367,0,0,0,3651,2966,685,1649,1343,306,482,335,147,1542,313,1229
C3010,28,23,0000,District - Chittoor  23,Total,30-34,277387,139820,137567,2531,1042,1489,0,0,0,624,476,148,280,214,66,187,102,85,1440,250,1190
C3010,28,23,0000,District - Chittoor  23,Total,35-59,1006275,515922,490353,5619,1691,3928,0,0,0,495,373,122,264,171,93,395,212,183,4465,935,3530
C3010,28,23,0000,District - Chittoor  23,Total,60+,327126,155484,171642,449,195,254,0,0,0,78,57,21,38,18,20,53,28,25,280,92,188
C3010,28,23,0000,District - Chittoor  23,Total,Age not stated,5868,3109,2759,128,77,51,0,0,0,65,39,26,43,30,13,11,7,4,9,1,8
C3010,28,23,0000,District - Chittoor  23,Rural,All ages,2934845,1478060,1456785,607277,335541,271736,563420,308549,254871,28623,20945,7678,4949,3335,1614,1634,986,648,8651,1726,6925
C3010,28,23,0000,District - Chittoor  23,Rural,0-4,269268,137499,131769,6894,3642,3252,6894,3642,3252,0,0,0,0,0,0,0,0,0,0,0,0
C3010,28,23,0000,District - Chittoor  23,Rural,5,60345,30950,29395,24036,12503,11533,24036,12503,11533,0,0,0,0,0,0,0,0,0,0,0,0
C3010,28,23,0000,District - Chittoor  23,Rural,6,59142,30162,28980,42540,21917,20623,42540,21917,20623,0,0,0,0,0,0,0,0,0,0,0,0
C3010,28,23,0000,District - Chittoor  23,Rural,7,70488,35805,34683,63171,32397,30774,63171,32397,30774,0,0,0,0,0,0,0,0,0,0,0,0
C3010,28,23,0000,District - Chittoor  23,Rural,8,74642,37387,37255,69427,35291,34136,69427,35291,34136,0,0,0,0,0,0,0,0,0,0,0,0
C3010,28,23,0000,District - Chittoor  23,Rural,9,67745,34438,33307,63121,32739,30382,63121,32739,30382,0,0,0,0,0,0,0,0,0,0,0,0
C3010,28,23,0000,District - Chittoor  23,Rural,10,70747,36287,34460,61491,32787,28704,61491,32787,28704,0,0,0,0,0,0,0,0,0,0,0,0
C3010,28,23,0000,District - Chittoor  23,Rural,11,50344,26245,24099,43785,23934,19851,43785,23934,19851,0,0,0,0,0,0,0,0,0,0,0,0
C3010,28,23,0000,District - Chittoor  23,Rural,12,68113,35610,32503,51452,29340,22112,51452,29340,22112,0,0,0,0,0,0,0,0,0,0,0,0
C3010,28,23,0000,District - Chittoor  23,Rural,13,54047,28118,25929,38764,22350,16414,38764,22350,16414,0,0,0,0,0,0,0,0,0,0,0,0
C3010,28,23,0000,District - Chittoor  23,Rural,14,52020,27617,24403,32977,19716,13261,32977,19716,13261,0,0,0,0,0,0,0,0,0,0,0,0
C3010,28,23,0000,District - Chittoor  23,Rural,15-19,249054,130553,118501,75837,48255,27582,60753,38456,22297,11613,7805,3808,2761,1659,1102,438,269,169,272,66,206
C3010,28,23,0000,District - Chittoor  23,Rural,20-24,250863,125010,125853,22155,16066,6089,5009,3477,1532,14801,11331,3470,1223,900,323,297,196,101,825,162,663
C3010,28,23,0000,District - Chittoor  23,Rural,25-29,259085,121153,137932,4028,2372,1656,0,0,0,1557,1292,265,682,586,96,339,232,107,1450,262,1188
C3010,28,23,0000,District - Chittoor  23,Rural,30-34,213219,106658,106561,1983,639,1344,0,0,0,299,237,62,123,91,32,147,73,74,1414,238,1176
C3010,28,23,0000,District - Chittoor  23,Rural,35-59,790772,402853,387919,5161,1392,3769,0,0,0,266,213,53,132,86,46,358,186,172,4405,907,3498
C3010,28,23,0000,District - Chittoor  23,Rural,60+,270055,129133,140922,392,165,227,0,0,0,51,41,10,20,11,9,45,23,22,276,90,186
C3010,28,23,0000,District - Chittoor  23,Rural,Age not stated,4896,2582,2314,63,36,27,0,0,0,36,26,10,8,2,6,10,7,3,9,1,8
C3010,28,23,0000,District - Chittoor  23,Urban,All ages,811030,411630,399400,207704,112835,94869,171438,90059,81379,28404,17653,10751,6888,4517,2371,678,453,225,296,153,143
C3010,28,23,0000,District - Chittoor  23,Urban,0-4,65027,33508,31519,3542,1891,1651,3542,1891,1651,0,0,0,0,0,0,0,0,0,0,0,0
C3010,28,23,0000,District - Chittoor  23,Urban,5,16689,8588,8101,6076,3118,2958,6076,3118,2958,0,0,0,0,0,0,0,0,0,0,0,0
C3010,28,23,0000,District - Chittoor  23,Urban,6,15113,7687,7426,9598,4905,4693,9598,4905,4693,0,0,0,0,0,0,0,0,0,0,0,0
C3010,28,23,0000,District - Chittoor  23,Urban,7,16702,8636,8066,14954,7761,7193,14954,7761,7193,0,0,0,0,0,0,0,0,0,0,0,0
C3010,28,23,0000,District - Chittoor  23,Urban,8,17387,8832,8555,16286,8315,7971,16286,8315,7971,0,0,0,0,0,0,0,0,0,0,0,0
C3010,28,23,0000,District - Chittoor  23,Urban,9,15549,7872,7677,14702,7473,7229,14702,7473,7229,0,0,0,0,0,0,0,0,0,0,0,0
C3010,28,23,0000,District - Chittoor  23,Urban,10,19335,10011,9324,17842,9303,8539,17842,9303,8539,0,0,0,0,0,0,0,0,0,0,0,0
C3010,28,23,0000,District - Chittoor  23,Urban,11,14193,7307,6886,13121,6792,6329,13121,6792,6329,0,0,0,0,0,0,0,0,0,0,0,0
C3010,28,23,0000,District - Chittoor  23,Urban,12,18200,9084,9116,15717,7941,7776,15717,7941,7776,0,0,0,0,0,0,0,0,0,0,0,0
C3010,28,23,0000,District - Chittoor  23,Urban,13,15390,7789,7601,12998,6711,6287,12998,6711,6287,0,0,0,0,0,0,0,0,0,0,0,0
C3010,28,23,0000,District - Chittoor  23,Urban,14,15363,7976,7387,12177,6476,5701,12177,6476,5701,0,0,0,0,0,0,0,0,0,0,0,0
C3010,28,23,0000,District - Chittoor  23,Urban,15-19,81624,42016,39608,45193,25360,19833,32313,18029,14284,9377,5221,4156,3209,1931,1278,251,160,91,43,19,24
C3010,28,23,0000,District - Chittoor  23,Urban,20-24,83619,41466,42153,21074,13431,7643,2112,1344,768,16323,10330,5993,2370,1586,784,198,130,68,71,41,30
C3010,28,23,0000,District - Chittoor  23,Urban,25-29,79125,37749,41376,3296,2585,711,0,0,0,2094,1674,420,967,757,210,143,103,40,92,51,41
C3010,28,23,0000,District - Chittoor  23,Urban,30-34,64168,33162,31006,548,403,145,0,0,0,325,239,86,157,123,34,40,29,11,26,12,14
C3010,28,23,0000,District - Chittoor  23,Urban,35-59,215503,113069,102434,458,299,159,0,0,0,229,160,69,132,85,47,37,26,11,60,28,32
C3010,28,23,0000,District - Chittoor  23,Urban,60+,57071,26351,30720,57,30,27,0,0,0,27,16,11,18,7,11,8,5,3,4,2,2
C3010,28,23,0000,District - Chittoor  23,Urban,Age not stated,972,527,445,65,41,24,0,0,0,29,13,16,35,28,7,1,0,1,0,0,0
