Table Name,State Code,District Code,Tehsil Code,Area Name,Total/ Rural/ Urban,Age-group,Total population - Persons,Total population - Males,Total population - Females,Population attending educational institutions - Persons,Population attending educational institutions - Males,Population attending educational institutions - Females,Type of educational institution - School - Persons,Type of educational institution - School - Males,Type of educational institution - School - Females,Type of educational institution - College - Persons,Type of educational institution - College - Males,Type of educational institution - College - Females,Type of educational institution - Vocational institute - Persons,Type of educational institution - Vocational institute - Males,Type of educational institution - Vocational institute - Females,Type of educational institution - Other institute - Persons,Type of educational institution - Other institute - Males,Type of educational institution - Other institute - Females,Type of educational institution - Literacy centre - Persons,Type of educational institution - Literacy centre - Males,Type of educational institution - Literacy centre - Females
C3010,12,00,0000,State - ARUNACHAL PRADESH  12,Total,All ages,1097968,579941,518027,255934,142367,113567,245671,135521,110150,8094,5550,2544,808,460,348,882,595,287,479,241,238
C3010,12,00,0000,State - ARUNACHAL PRADESH  12,Total,0-4,137843,69791,68052,4006,2134,1872,4006,2134,1872,0,0,0,0,0,0,0,0,0,0,0,0
C3010,12,00,0000,State - ARUNACHAL PRADESH  12,Total,5,33141,17175,15966,7150,3903,3247,7150,3903,3247,0,0,0,0,0,0,0,0,0,0,0,0
C3010,12,00,0000,State - ARUNACHAL PRADESH  12,Total,6,34887,17867,17020,11995,6548,5447,11995,6548,5447,0,0,0,0,0,0,0,0,0,0,0,0
C3010,12,00,0000,State - ARUNACHAL PRADESH  12,Total,7,30720,15903,14817,16320,8947,7373,16320,8947,7373,0,0,0,0,0,0,0,0,0,0,0,0
C3010,12,00,0000,State - ARUNACHAL PRADESH  12,Total,8,37307,19051,18256,20768,11236,9532,20768,11236,9532,0,0,0,0,0,0,0,0,0,0,0,0
C3010,12,00,0000,State - ARUNACHAL PRADESH  12,Total,9,26121,13247,12874,16941,9056,7885,16941,9056,7885,0,0,0,0,0,0,0,0,0,0,0,0
C3010,12,00,0000,State - ARUNACHAL PRADESH  12,Total,10,38726,20004,18722,24597,13530,11067,24597,13530,11067,0,0,0,0,0,0,0,0,0,0,0,0
C3010,12,00,0000,State - ARUNACHAL PRADESH  12,Total,11,18974,9573,9401,14012,7488,6524,14012,7488,6524,0,0,0,0,0,0,0,0,0,0,0,0
C3010,12,00,0000,State - ARUNACHAL PRADESH  12,Total,12,35764,18284,17480,24459,13294,11165,24459,13294,11165,0,0,0,0,0,0,0,0,0,0,0,0
C3010,12,00,0000,State - ARUNACHAL PRADESH  12,Total,13,22647,11351,11296,16525,8834,7691,16525,8834,7691,0,0,0,0,0,0,0,0,0,0,0,0
C3010,12,00,0000,State - ARUNACHAL PRADESH  12,Total,14,26695,13552,13143,18886,10185,8701,18886,10185,8701,0,0,0,0,0,0,0,0,0,0,0,0
C3010,12,00,0000,State - ARUNACHAL PRADESH  12,Total,15-19,110561,57558,53003,61002,34473,26529,59062,33413,25649,1563,861,702,133,57,76,188,122,66,56,20,36
C3010,12,00,0000,State - ARUNACHAL PRADESH  12,Total,20-24,86033,44512,41521,16252,10426,5826,10950,6953,3997,4728,3210,1518,280,124,156,184,100,84,110,39,71
C3010,12,00,0000,State - ARUNACHAL PRADESH  12,Total,25-29,92902,46972,45930,1615,1193,422,0,0,0,1141,897,244,177,104,73,205,150,55,92,42,50
C3010,12,00,0000,State - ARUNACHAL PRADESH  12,Total,30-34,77342,41772,35570,525,419,106,0,0,0,282,247,35,81,68,13,99,71,28,63,33,30
C3010,12,00,0000,State - ARUNACHAL PRADESH  12,Total,35-59,237279,136203,101076,801,635,166,0,0,0,360,317,43,127,101,26,173,124,49,141,93,48
C3010,12,00,0000,State - ARUNACHAL PRADESH  12,Total,60+,49916,26417,23499,75,62,13,0,0,0,16,14,2,10,6,4,32,28,4,17,14,3
C3010,12,00,0000,State - ARUNACHAL PRADESH  12,Total,Age not stated,1110,709,401,5,4,1,0,0,0,4,4,0,0,0,0,1,0,1,0,0,0
C3010,12,00,0000,State - ARUNACHAL PRADESH  12,Rural,All ages,870087,454680,415407,182748,102796,79952,177507,99146,78361,3875,2793,1082,338,227,111,614,422,192,414,208,206
C3010,12,00,0000,State - ARUNACHAL PRADESH  12,Rural,0-4,113140,57403,55737,2384,1258,1126,2384,1258,1126,0,0,0,0,0,0,0,0,0,0,0,0
C3010,12,00,0000,State - ARUNACHAL PRADESH  12,Rural,5,27011,14043,12968,4615,2563,2052,4615,2563,2052,0,0,0,0,0,0,0,0,0,0,0,0
C3010,12,00,0000,State - ARUNACHAL PRADESH  12,Rural,6,28878,14784,14094,8339,4643,3696,8339,4643,3696,0,0,0,0,0,0,0,0,0,0,0,0
C3010,12,00,0000,State - ARUNACHAL PRADESH  12,Rural,7,24445,12624,11821,11283,6278,5005,11283,6278,5005,0,0,0,0,0,0,0,0,0,0,0,0
C3010,12,00,0000,State - ARUNACHAL PRADESH  12,Rural,8,30701,15679,15022,15264,8385,6879,15264,8385,6879,0,0,0,0,0,0,0,0,0,0,0,0
C3010,12,00,0000,State - ARUNACHAL PRADESH  12,Rural,9,20927,10627,10300,12390,6717,5673,12390,6717,5673,0,0,0,0,0,0,0,0,0,0,0,0
C3010,12,00,0000,State - ARUNACHAL PRADESH  12,Rural,10,31619,16316,15303,18559,10263,8296,18559,10263,8296,0,0,0,0,0,0,0,0,0,0,0,0
C3010,12,00,0000,State - ARUNACHAL PRADESH  12,Rural,11,14594,7395,7199,10102,5468,4634,10102,5468,4634,0,0,0,0,0,0,0,0,0,0,0,0
C3010,12,00,0000,State - ARUNACHAL PRADESH  12,Rural,12,28775,14838,13937,18593,10263,8330,18593,10263,8330,0,0,0,0,0,0,0,0,0,0,0,0
C3010,12,00,0000,State - ARUNACHAL PRADESH  12,Rural,13,17471,8785,8686,12051,6530,5521,12051,6530,5521,0,0,0,0,0,0,0,0,0,0,0,0
C3010,12,00,0000,State - ARUNACHAL PRADESH  12,Rural,14,20865,10671,10194,13949,7627,6322,13949,7627,6322,0,0,0,0,0,0,0,0,0,0,0,0
C3010,12,00,0000,State - ARUNACHAL PRADESH  12,Rural,15-19,84622,43815,40807,42656,24351,18305,41770,23855,17915,645,362,283,56,22,34,139,97,42,46,15,31
C3010,12,00,0000,State - ARUNACHAL PRADESH  12,Rural,20-24,65121,33182,31939,10609,6925,3684,8208,5296,2912,2114,1483,631,81,54,27,116,60,56,90,32,58
C3010,12,00,0000,State - ARUNACHAL PRADESH  12,Rural,25-29,69645,35086,34559,957,721,236,0,0,0,690,552,138,68,44,24,117,89,28,82,36,46
C3010,12,00,0000,State - ARUNACHAL PRADESH  12,Rural,30-34,57326,30276,27050,371,299,72,0,0,0,191,177,14,48,40,8,76,53,23,56,29,27
C3010,12,00,0000,State - ARUNACHAL PRADESH  12,Rural,35-59,188131,104361,83770,562,453,109,0,0,0,226,210,16,77,63,14,134,96,38,125,84,41
C3010,12,00,0000,State - ARUNACHAL PRADESH  12,Rural,60+,45973,24263,21710,60,49,11,0,0,0,6,6,0,8,4,4,31,27,4,15,12,3
C3010,12,00,0000,State - ARUNACHAL PRADESH  12,Rural,Age not stated,843,532,311,4,3,1,0,0,0,3,3,0,0,0,0,1,0,1,0,0,0
C3010,12,00,0000,State - ARUNACHAL PRADESH  12,Urban,All ages,227881,125261,102620,73186,39571,33615,68164,36375,31789,4219,2757,1462,470,233,237,268,173,95,65,33,32
C3010,12,00,0000,State - ARUNACHAL PRADESH  12,Urban,0-4,24703,12388,12315,1622,876,746,1622,876,746,0,0,0,0,0,0,0,0,0,0,0,0
C3010,12,00,0000,State - ARUNACHAL PRADESH  12,Urban,5,6130,3132,2998,2535,1340,1195,2535,1340,1195,0,0,0,0,0,0,0,0,0,0,0,0
C3010,12,00,0000,State - ARUNACHAL PRADESH  12,Urban,6,6009,3083,2926,3656,1905,1751,3656,1905,1751,0,0,0,0,0,0,0,0,0,0,0,0
C3010,12,00,0000,State - ARUNACHAL PRADESH  12,Urban,7,6275,3279,2996,5037,2669,2368,5037,2669,2368,0,0,0,0,0,0,0,0,0,0,0,0
C3010,12,00,0000,State - ARUNACHAL PRADESH  12,Urban,8,6606,3372,3234,5504,2851,2653,5504,2851,2653,0,0,0,0,0,0,0,0,0,0,0,0
C3010,12,00,0000,State - ARUNACHAL PRADESH  12,Urban,9,5194,2620,2574,4551,2339,2212,4551,2339,2212,0,0,0,0,0,0,0,0,0,0,0,0
C3010,12,00,0000,State - ARUNACHAL PRADESH  12,Urban,10,7107,3688,3419,6038,3267,2771,6038,3267,2771,0,0,0,0,0,0,0,0,0,0,0,0
C3010,12,00,0000,State - ARUNACHAL PRADESH  12,Urban,11,4380,2178,2202,3910,2020,1890,3910,2020,1890,0,0,0,0,0,0,0,0,0,0,0,0
C3010,12,00,0000,State - ARUNACHAL PRADESH  12,Urban,12,6989,3446,3543,5866,3031,2835,5866,3031,2835,0,0,0,0,0,0,0,0,0,0,0,0
C3010,12,00,0000,State - ARUNACHAL PRADESH  12,Urban,13,5176,2566,2610,4474,2304,2170,4474,2304,2170,0,0,0,0,0,0,0,0,0,0,0,0
C3010,12,00,0000,State - ARUNACHAL PRADESH  12,Urban,14,5830,2881,2949,4937,2558,2379,4937,2558,2379,0,0,0,0,0,0,0,0,0,0,0,0
C3010,12,00,0000,State - ARUNACHAL PRADESH  12,Urban,15-19,25939,13743,12196,18346,10122,8224,17292,9558,7734,918,499,419,77,35,42,49,25,24,10,5,5
C3010,12,00,0000,State - ARUNACHAL PRADESH  12,Urban,20-24,20912,11330,9582,5643,3501,2142,2742,1657,1085,2614,1727,887,199,70,129,68,40,28,20,7,13
C3010,12,00,0000,State - ARUNACHAL PRADESH  12,Urban,25-29,23257,11886,11371,658,472,186,0,0,0,451,345,106,109,60,49,88,61,27,10,6,4
C3010,12,00,0000,State - ARUNACHAL PRADESH  12,Urban,30-34,20016,11496,8520,154,120,34,0,0,0,91,70,21,33,28,5,23,18,5,7,4,3
C3010,12,00,0000,State - ARUNACHAL PRADESH  12,Urban,35-59,49148,31842,17306,239,182,57,0,0,0,134,107,27,50,38,12,39,28,11,16,9,7
C3010,12,00,0000,State - ARUNACHAL PRADESH  12,Urban,60+,3943,2154,1789,15,13,2,0,0,0,10,8,2,2,2,0,1,1,0,2,2,0
C3010,12,00,0000,State - ARUNACHAL PRADESH  12,Urban,Age not stated,267,177,90,1,1,0,0,0,0,1,1,0,0,0,0,0,0,0,0,0,0
C3010,12,01,0000,District - Tawang  01,Total,All ages,38924,21846,17078,6760,3688,3072,6384,3438,2946,75,48,27,21,15,6,236,166,70,44,21,23
C3010,12,01,0000,District - Tawang  01,Total,0-4,4416,2238,2178,213,112,101,213,112,101,0,0,0,0,0,0,0,0,0,0,0,0
C3010,12,01,0000,District - Tawang  01,Total,5,1096,584,512,365,203,162,365,203,162,0,0,0,0,0,0,0,0,0,0,0,0
C3010,12,01,0000,District - Tawang  01,Total,6,1003,522,481,444,238,206,444,238,206,0,0,0,0,0,0,0,0,0,0,0,0
C3010,12,01,0000,District - Tawang  01,Total,7,932,466,466,519,278,241,519,278,241,0,0,0,0,0,0,0,0,0,0,0,0
C3010,12,01,0000,District - Tawang  01,Total,8,1150,582,568,661,337,324,661,337,324,0,0,0,0,0,0,0,0,0,0,0,0
C3010,12,01,0000,District - Tawang  01,Total,9,844,415,429,511,274,237,511,274,237,0,0,0,0,0,0,0,0,0,0,0,0
C3010,12,01,0000,District - Tawang  01,Total,10,1010,499,511,622,321,301,622,321,301,0,0,0,0,0,0,0,0,0,0,0,0
C3010,12,01,0000,District - Tawang  01,Total,11,635,318,317,422,217,205,422,217,205,0,0,0,0,0,0,0,0,0,0,0,0
C3010,12,01,0000,District - Tawang  01,Total,12,1032,502,530,603,317,286,603,317,286,0,0,0,0,0,0,0,0,0,0,0,0
C3010,12,01,0000,District - Tawang  01,Total,13,780,361,419,453,237,216,453,237,216,0,0,0,0,0,0,0,0,0,0,0,0
C3010,12,01,0000,District - Tawang  01,Total,14,624,302,322,342,194,148,342,194,148,0,0,0,0,0,0,0,0,0,0,0,0
C3010,12,01,0000,District - Tawang  01,Total,15-19,3195,1594,1601,1135,632,503,1064,588,476,12,6,6,0,0,0,51,35,16,8,3,5
C3010,12,01,0000,District - Tawang  01,Total,20-24,3672,2304,1368,252,172,80,165,122,43,40,22,18,11,6,5,28,19,9,8,3,5
C3010,12,01,0000,District - Tawang  01,Total,25-29,3821,2355,1466,57,42,15,0,0,0,15,13,2,3,2,1,27,23,4,12,4,8
C3010,12,01,0000,District - Tawang  01,Total,30-34,3548,2329,1219,43,30,13,0,0,0,0,0,0,2,2,0,30,22,8,11,6,5
C3010,12,01,0000,District - Tawang  01,Total,35-59,8578,5249,3329,89,59,30,0,0,0,7,6,1,3,3,0,74,45,29,5,5,0
C3010,12,01,0000,District - Tawang  01,Total,60+,2533,1193,1340,28,24,4,0,0,0,0,0,0,2,2,0,26,22,4,0,0,0
C3010,12,01,0000,District - Tawang  01,Total,Age not stated,55,33,22,1,1,0,0,0,0,1,1,0,0,0,0,0,0,0,0,0,0
C3010,12,01,0000,District - Tawang  01,Rural,All ages,30548,15534,15014,5332,2941,2391,4995,2711,2284,52,36,16,11,10,1,232,164,68,42,20,22
C3010,12,01,0000,District - Tawang  01,Rural,0-4,3869,1960,1909,134,73,61,134,73,61,0,0,0,0,0,0,0,0,0,0,0,0
C3010,12,01,0000,District - Tawang  01,Rural,5,970,512,458,276,152,124,276,152,124,0,0,0,0,0,0,0,0,0,0,0,0
C3010,12,01,0000,District - Tawang  01,Rural,6,887,467,420,347,193,154,347,193,154,0,0,0,0,0,0,0,0,0,0,0,0
C3010,12,01,0000,District - Tawang  01,Rural,7,818,403,415,417,223,194,417,223,194,0,0,0,0,0,0,0,0,0,0,0,0
C3010,12,01,0000,District - Tawang  01,Rural,8,1030,531,499,551,289,262,551,289,262,0,0,0,0,0,0,0,0,0,0,0,0
C3010,12,01,0000,District - Tawang  01,Rural,9,740,358,382,412,220,192,412,220,192,0,0,0,0,0,0,0,0,0,0,0,0
C3010,12,01,0000,District - Tawang  01,Rural,10,886,433,453,508,262,246,508,262,246,0,0,0,0,0,0,0,0,0,0,0,0
C3010,12,01,0000,District - Tawang  01,Rural,11,541,274,267,337,178,159,337,178,159,0,0,0,0,0,0,0,0,0,0,0,0
C3010,12,01,0000,District - Tawang  01,Rural,12,914,443,471,499,262,237,499,262,237,0,0,0,0,0,0,0,0,0,0,0,0
C3010,12,01,0000,District - Tawang  01,Rural,13,663,306,357,352,189,163,352,189,163,0,0,0,0,0,0,0,0,0,0,0,0
C3010,12,01,0000,District - Tawang  01,Rural,14,528,254,274,263,154,109,263,154,109,0,0,0,0,0,0,0,0,0,0,0,0
C3010,12,01,0000,District - Tawang  01,Rural,15-19,2657,1260,1397,842,467,375,774,424,350,9,5,4,0,0,0,51,35,16,8,3,5
C3010,12,01,0000,District - Tawang  01,Rural,20-24,2275,1108,1167,190,133,57,125,92,33,27,16,11,4,3,1,27,19,8,7,3,4
C3010,12,01,0000,District - Tawang  01,Rural,25-29,2515,1338,1177,45,33,12,0,0,0,9,8,1,1,1,0,24,21,3,11,3,8
C3010,12,01,0000,District - Tawang  01,Rural,30-34,2148,1113,1035,43,30,13,0,0,0,0,0,0,2,2,0,30,22,8,11,6,5
C3010,12,01,0000,District - Tawang  01,Rural,35-59,6607,3598,3009,87,58,29,0,0,0,6,6,0,2,2,0,74,45,29,5,5,0
C3010,12,01,0000,District - Tawang  01,Rural,60+,2449,1147,1302,28,24,4,0,0,0,0,0,0,2,2,0,26,22,4,0,0,0
C3010,12,01,0000,District - Tawang  01,Rural,Age not stated,51,29,22,1,1,0,0,0,0,1,1,0,0,0,0,0,0,0,0,0,0
C3010,12,01,0000,District - Tawang  01,Urban,All ages,8376,6312,2064,1428,747,681,1389,727,662,23,12,11,10,5,5,4,2,2,2,1,1
C3010,12,01,0000,District - Tawang  01,Urban,0-4,547,278,269,79,39,40,79,39,40,0,0,0,0,0,0,0,0,0,0,0,0
C3010,12,01,0000,District - Tawang  01,Urban,5,126,72,54,89,51,38,89,51,38,0,0,0,0,0,0,0,0,0,0,0,0
C3010,12,01,0000,District - Tawang  01,Urban,6,116,55,61,97,45,52,97,45,52,0,0,0,0,0,0,0,0,0,0,0,0
C3010,12,01,0000,District - Tawang  01,Urban,7,114,63,51,102,55,47,102,55,47,0,0,0,0,0,0,0,0,0,0,0,0
C3010,12,01,0000,District - Tawang  01,Urban,8,120,51,69,110,48,62,110,48,62,0,0,0,0,0,0,0,0,0,0,0,0
C3010,12,01,0000,District - Tawang  01,Urban,9,104,57,47,99,54,45,99,54,45,0,0,0,0,0,0,0,0,0,0,0,0
C3010,12,01,0000,District - Tawang  01,Urban,10,124,66,58,114,59,55,114,59,55,0,0,0,0,0,0,0,0,0,0,0,0
C3010,12,01,0000,District - Tawang  01,Urban,11,94,44,50,85,39,46,85,39,46,0,0,0,0,0,0,0,0,0,0,0,0
C3010,12,01,0000,District - Tawang  01,Urban,12,118,59,59,104,55,49,104,55,49,0,0,0,0,0,0,0,0,0,0,0,0
C3010,12,01,0000,District - Tawang  01,Urban,13,117,55,62,101,48,53,101,48,53,0,0,0,0,0,0,0,0,0,0,0,0
C3010,12,01,0000,District - Tawang  01,Urban,14,96,48,48,79,40,39,79,40,39,0,0,0,0,0,0,0,0,0,0,0,0
C3010,12,01,0000,District - Tawang  01,Urban,15-19,538,334,204,293,165,128,290,164,126,3,1,2,0,0,0,0,0,0,0,0,0
C3010,12,01,0000,District - Tawang  01,Urban,20-24,1397,1196,201,62,39,23,40,30,10,13,6,7,7,3,4,1,0,1,1,0,1
C3010,12,01,0000,District - Tawang  01,Urban,25-29,1306,1017,289,12,9,3,0,0,0,6,5,1,2,1,1,3,2,1,1,1,0
C3010,12,01,0000,District - Tawang  01,Urban,30-34,1400,1216,184,0,0,0,0,0,0,0,0,0,0,0,0,0,0,0,0,0,0
C3010,12,01,0000,District - Tawang  01,Urban,35-59,1971,1651,320,2,1,1,0,0,0,1,0,1,1,1,0,0,0,0,0,0,0
C3010,12,01,0000,District - Tawang  01,Urban,60+,84,46,38,0,0,0,0,0,0,0,0,0,0,0,0,0,0,0,0,0,0
C3010,12,01,0000,District - Tawang  01,Urban,Age not stated,4,4,0,0,0,0,0,0,0,0,0,0,0,0,0,0,0,0,0,0,0
C3010,12,02,0000,District - West Kameng  02,Total,All ages,74599,42542,32057,15958,8838,7120,15426,8457,6969,428,296,132,31,18,13,53,47,6,20,20,0
C3010,12,02,0000,District - West Kameng  02,Total,0-4,8570,4349,4221,318,164,154,318,164,154,0,0,0,0,0,0,0,0,0,0,0,0
C3010,12,02,0000,District - West Kameng  02,Total,5,1976,1055,921,509,292,217,509,292,217,0,0,0,0,0,0,0,0,0,0,0,0
C3010,12,02,0000,District - West Kameng  02,Total,6,2023,1024,999,884,467,417,884,467,417,0,0,0,0,0,0,0,0,0,0,0,0
C3010,12,02,0000,District - West Kameng  02,Total,7,1854,927,927,1088,549,539,1088,549,539,0,0,0,0,0,0,0,0,0,0,0,0
C3010,12,02,0000,District - West Kameng  02,Total,8,2142,1090,1052,1363,724,639,1363,724,639,0,0,0,0,0,0,0,0,0,0,0,0
C3010,12,02,0000,District - West Kameng  02,Total,9,1745,885,860,1213,644,569,1213,644,569,0,0,0,0,0,0,0,0,0,0,0,0
C3010,12,02,0000,District - West Kameng  02,Total,10,2225,1166,1059,1559,860,699,1559,860,699,0,0,0,0,0,0,0,0,0,0,0,0
C3010,12,02,0000,District - West Kameng  02,Total,11,1378,712,666,1061,572,489,1061,572,489,0,0,0,0,0,0,0,0,0,0,0,0
C3010,12,02,0000,District - West Kameng  02,Total,12,2216,1157,1059,1632,880,752,1632,880,752,0,0,0,0,0,0,0,0,0,0,0,0
C3010,12,02,0000,District - West Kameng  02,Total,13,1582,809,773,1122,603,519,1122,603,519,0,0,0,0,0,0,0,0,0,0,0,0
C3010,12,02,0000,District - West Kameng  02,Total,14,1614,844,770,1108,613,495,1108,613,495,0,0,0,0,0,0,0,0,0,0,0,0
C3010,12,02,0000,District - West Kameng  02,Total,15-19,6984,3690,3294,3250,1869,1381,3140,1793,1347,75,44,31,3,0,3,28,28,0,4,4,0
C3010,12,02,0000,District - West Kameng  02,Total,20-24,6893,4109,2784,691,474,217,429,296,133,242,166,76,6,2,4,9,5,4,5,5,0
C3010,12,02,0000,District - West Kameng  02,Total,25-29,7354,4196,3158,70,48,22,0,0,0,55,36,19,4,3,1,11,9,2,0,0,0
C3010,12,02,0000,District - West Kameng  02,Total,30-34,6180,3854,2326,35,31,4,0,0,0,27,23,4,5,5,0,3,3,0,0,0,0
C3010,12,02,0000,District - West Kameng  02,Total,35-59,16738,10902,5836,48,44,4,0,0,0,26,25,1,10,7,3,2,2,0,10,10,0
C3010,12,02,0000,District - West Kameng  02,Total,60+,3031,1708,1323,6,3,3,0,0,0,2,1,1,3,1,2,0,0,0,1,1,0
C3010,12,02,0000,District - West Kameng  02,Total,Age not stated,94,65,29,1,1,0,0,0,0,1,1,0,0,0,0,0,0,0,0,0,0
C3010,12,02,0000,District - West Kameng  02,Rural,All ages,67906,38933,28973,13769,7652,6117,13417,7405,6012,265,178,87,29,16,13,49,44,5,9,9,0
C3010,12,02,0000,District - West Kameng  02,Rural,0-4,7973,4049,3924,274,137,137,274,137,137,0,0,0,0,0,0,0,0,0,0,0,0
C3010,12,02,0000,District - West Kameng  02,Rural,5,1830,971,859,441,254,187,441,254,187,0,0,0,0,0,0,0,0,0,0,0,0
C3010,12,02,0000,District - West Kameng  02,Rural,6,1864,946,918,780,417,363,780,417,363,0,0,0,0,0,0,0,0,0,0,0,0
C3010,12,02,0000,District - West Kameng  02,Rural,7,1700,854,846,959,490,469,959,490,469,0,0,0,0,0,0,0,0,0,0,0,0
C3010,12,02,0000,District - West Kameng  02,Rural,8,1964,1004,960,1210,654,556,1210,654,556,0,0,0,0,0,0,0,0,0,0,0,0
C3010,12,02,0000,District - West Kameng  02,Rural,9,1609,817,792,1093,583,510,1093,583,510,0,0,0,0,0,0,0,0,0,0,0,0
C3010,12,02,0000,District - West Kameng  02,Rural,10,2033,1072,961,1390,776,614,1390,776,614,0,0,0,0,0,0,0,0,0,0,0,0
C3010,12,02,0000,District - West Kameng  02,Rural,11,1226,636,590,925,506,419,925,506,419,0,0,0,0,0,0,0,0,0,0,0,0
C3010,12,02,0000,District - West Kameng  02,Rural,12,1984,1026,958,1417,761,656,1417,761,656,0,0,0,0,0,0,0,0,0,0,0,0
C3010,12,02,0000,District - West Kameng  02,Rural,13,1439,741,698,1000,542,458,1000,542,458,0,0,0,0,0,0,0,0,0,0,0,0
C3010,12,02,0000,District - West Kameng  02,Rural,14,1427,754,673,953,530,423,953,530,423,0,0,0,0,0,0,0,0,0,0,0,0
C3010,12,02,0000,District - West Kameng  02,Rural,15-19,6171,3245,2926,2688,1551,1137,2616,1501,1115,43,24,19,3,0,3,26,26,0,0,0,0
C3010,12,02,0000,District - West Kameng  02,Rural,20-24,6229,3745,2484,507,348,159,359,254,105,134,88,46,5,1,4,9,5,4,0,0,0
C3010,12,02,0000,District - West Kameng  02,Rural,25-29,6656,3878,2778,52,32,20,0,0,0,39,21,18,4,3,1,9,8,1,0,0,0
C3010,12,02,0000,District - West Kameng  02,Rural,30-34,5610,3566,2044,33,30,3,0,0,0,25,22,3,5,5,0,3,3,0,0,0,0
C3010,12,02,0000,District - West Kameng  02,Rural,35-59,15243,9961,5282,44,40,4,0,0,0,23,22,1,10,7,3,2,2,0,9,9,0
C3010,12,02,0000,District - West Kameng  02,Rural,60+,2862,1609,1253,2,0,2,0,0,0,0,0,0,2,0,2,0,0,0,0,0,0
C3010,12,02,0000,District - West Kameng  02,Rural,Age not stated,86,59,27,1,1,0,0,0,0,1,1,0,0,0,0,0,0,0,0,0,0
C3010,12,02,0000,District - West Kameng  02,Urban,All ages,6693,3609,3084,2189,1186,1003,2009,1052,957,163,118,45,2,2,0,4,3,1,11,11,0
C3010,12,02,0000,District - West Kameng  02,Urban,0-4,597,300,297,44,27,17,44,27,17,0,0,0,0,0,0,0,0,0,0,0,0
C3010,12,02,0000,District - West Kameng  02,Urban,5,146,84,62,68,38,30,68,38,30,0,0,0,0,0,0,0,0,0,0,0,0
C3010,12,02,0000,District - West Kameng  02,Urban,6,159,78,81,104,50,54,104,50,54,0,0,0,0,0,0,0,0,0,0,0,0
C3010,12,02,0000,District - West Kameng  02,Urban,7,154,73,81,129,59,70,129,59,70,0,0,0,0,0,0,0,0,0,0,0,0
C3010,12,02,0000,District - West Kameng  02,Urban,8,178,86,92,153,70,83,153,70,83,0,0,0,0,0,0,0,0,0,0,0,0
C3010,12,02,0000,District - West Kameng  02,Urban,9,136,68,68,120,61,59,120,61,59,0,0,0,0,0,0,0,0,0,0,0,0
C3010,12,02,0000,District - West Kameng  02,Urban,10,192,94,98,169,84,85,169,84,85,0,0,0,0,0,0,0,0,0,0,0,0
C3010,12,02,0000,District - West Kameng  02,Urban,11,152,76,76,136,66,70,136,66,70,0,0,0,0,0,0,0,0,0,0,0,0
C3010,12,02,0000,District - West Kameng  02,Urban,12,232,131,101,215,119,96,215,119,96,0,0,0,0,0,0,0,0,0,0,0,0
C3010,12,02,0000,District - West Kameng  02,Urban,13,143,68,75,122,61,61,122,61,61,0,0,0,0,0,0,0,0,0,0,0,0
C3010,12,02,0000,District - West Kameng  02,Urban,14,187,90,97,155,83,72,155,83,72,0,0,0,0,0,0,0,0,0,0,0,0
C3010,12,02,0000,District - West Kameng  02,Urban,15-19,813,445,368,562,318,244,524,292,232,32,20,12,0,0,0,2,2,0,4,4,0
C3010,12,02,0000,District - West Kameng  02,Urban,20-24,664,364,300,184,126,58,70,42,28,108,78,30,1,1,0,0,0,0,5,5,0
C3010,12,02,0000,District - West Kameng  02,Urban,25-29,698,318,380,18,16,2,0,0,0,16,15,1,0,0,0,2,1,1,0,0,0
C3010,12,02,0000,District - West Kameng  02,Urban,30-34,570,288,282,2,1,1,0,0,0,2,1,1,0,0,0,0,0,0,0,0,0
C3010,12,02,0000,District - West Kameng  02,Urban,35-59,1495,941,554,4,4,0,0,0,0,3,3,0,0,0,0,0,0,0,1,1,0
C3010,12,02,0000,District - West Kameng  02,Urban,60+,169,99,70,4,3,1,0,0,0,2,1,1,1,1,0,0,0,0,1,1,0
C3010,12,02,0000,District - West Kameng  02,Urban,Age not stated,8,6,2,0,0,0,0,0,0,0,0,0,0,0,0,0,0,0,0,0,0
C3010,12,03,0000,District - East Kameng  03,Total,All ages,57179,28802,28377,10950,6521,4429,10730,6371,4359,159,126,33,33,16,17,7,3,4,21,5,16
C3010,12,03,0000,District - East Kameng  03,Total,0-4,8003,3918,4085,127,63,64,127,63,64,0,0,0,0,0,0,0,0,0,0,0,0
C3010,12,03,0000,District - East Kameng  03,Total,5,2036,996,1040,308,176,132,308,176,132,0,0,0,0,0,0,0,0,0,0,0,0
C3010,12,03,0000,District - East Kameng  03,Total,6,2021,1011,1010,574,327,247,574,327,247,0,0,0,0,0,0,0,0,0,0,0,0
C3010,12,03,0000,District - East Kameng  03,Total,7,1730,890,840,807,454,353,807,454,353,0,0,0,0,0,0,0,0,0,0,0,0
C3010,12,03,0000,District - East Kameng  03,Total,8,2141,1084,1057,1027,580,447,1027,580,447,0,0,0,0,0,0,0,0,0,0,0,0
C3010,12,03,0000,District - East Kameng  03,Total,9,1478,717,761,864,462,402,864,462,402,0,0,0,0,0,0,0,0,0,0,0,0
C3010,12,03,0000,District - East Kameng  03,Total,10,2103,1074,1029,1134,647,487,1134,647,487,0,0,0,0,0,0,0,0,0,0,0,0
C3010,12,03,0000,District - East Kameng  03,Total,11,883,465,418,606,341,265,606,341,265,0,0,0,0,0,0,0,0,0,0,0,0
C3010,12,03,0000,District - East Kameng  03,Total,12,1867,956,911,1121,652,469,1121,652,469,0,0,0,0,0,0,0,0,0,0,0,0
C3010,12,03,0000,District - East Kameng  03,Total,13,1122,589,533,753,461,292,753,461,292,0,0,0,0,0,0,0,0,0,0,0,0
C3010,12,03,0000,District - East Kameng  03,Total,14,1252,676,576,825,510,315,825,510,315,0,0,0,0,0,0,0,0,0,0,0,0
C3010,12,03,0000,District - East Kameng  03,Total,15-19,4869,2648,2221,2386,1533,853,2333,1508,825,30,21,9,18,4,14,2,0,2,3,0,3
C3010,12,03,0000,District - East Kameng  03,Total,20-24,3491,1602,1889,357,271,86,251,190,61,92,75,17,8,5,3,1,0,1,5,1,4
C3010,12,03,0000,District - East Kameng  03,Total,25-29,4200,1988,2212,36,27,9,0,0,0,26,20,6,4,4,0,3,2,1,3,1,2
C3010,12,03,0000,District - East Kameng  03,Total,30-34,3993,1868,2125,12,10,2,0,0,0,6,5,1,2,2,0,1,1,0,3,2,1
C3010,12,03,0000,District - East Kameng  03,Total,35-59,13727,7243,6484,13,7,6,0,0,0,5,5,0,1,1,0,0,0,0,7,1,6
C3010,12,03,0000,District - East Kameng  03,Total,60+,2207,1047,1160,0,0,0,0,0,0,0,0,0,0,0,0,0,0,0,0,0,0
C3010,12,03,0000,District - East Kameng  03,Total,Age not stated,56,30,26,0,0,0,0,0,0,0,0,0,0,0,0,0,0,0,0,0,0
C3010,12,03,0000,District - East Kameng  03,Rural,All ages,42177,20892,21285,6479,3918,2561,6363,3846,2517,75,63,12,19,4,15,2,1,1,20,4,16
C3010,12,03,0000,District - East Kameng  03,Rural,0-4,5780,2844,2936,53,25,28,53,25,28,0,0,0,0,0,0,0,0,0,0,0,0
C3010,12,03,0000,District - East Kameng  03,Rural,5,1526,751,775,147,90,57,147,90,57,0,0,0,0,0,0,0,0,0,0,0,0
C3010,12,03,0000,District - East Kameng  03,Rural,6,1492,745,747,284,172,112,284,172,112,0,0,0,0,0,0,0,0,0,0,0,0
C3010,12,03,0000,District - East Kameng  03,Rural,7,1274,658,616,449,258,191,449,258,191,0,0,0,0,0,0,0,0,0,0,0,0
C3010,12,03,0000,District - East Kameng  03,Rural,8,1648,847,801,629,378,251,629,378,251,0,0,0,0,0,0,0,0,0,0,0,0
C3010,12,03,0000,District - East Kameng  03,Rural,9,1116,532,584,563,304,259,563,304,259,0,0,0,0,0,0,0,0,0,0,0,0
C3010,12,03,0000,District - East Kameng  03,Rural,10,1633,838,795,752,439,313,752,439,313,0,0,0,0,0,0,0,0,0,0,0,0
C3010,12,03,0000,District - East Kameng  03,Rural,11,647,344,303,400,228,172,400,228,172,0,0,0,0,0,0,0,0,0,0,0,0
C3010,12,03,0000,District - East Kameng  03,Rural,12,1437,730,707,771,452,319,771,452,319,0,0,0,0,0,0,0,0,0,0,0,0
C3010,12,03,0000,District - East Kameng  03,Rural,13,789,402,387,474,290,184,474,290,184,0,0,0,0,0,0,0,0,0,0,0,0
C3010,12,03,0000,District - East Kameng  03,Rural,14,865,466,399,501,316,185,501,316,185,0,0,0,0,0,0,0,0,0,0,0,0
C3010,12,03,0000,District - East Kameng  03,Rural,15-19,3245,1709,1536,1241,802,439,1208,790,418,14,11,3,15,1,14,1,0,1,3,0,3
C3010,12,03,0000,District - East Kameng  03,Rural,20-24,2374,1067,1307,180,142,38,132,104,28,41,36,5,2,1,1,0,0,0,5,1,4
C3010,12,03,0000,District - East Kameng  03,Rural,25-29,2791,1316,1475,17,12,5,0,0,0,13,10,3,1,1,0,0,0,0,3,1,2
C3010,12,03,0000,District - East Kameng  03,Rural,30-34,2748,1211,1537,9,7,2,0,0,0,5,4,1,1,1,0,1,1,0,2,1,1
C3010,12,03,0000,District - East Kameng  03,Rural,35-59,10753,5444,5309,9,3,6,0,0,0,2,2,0,0,0,0,0,0,0,7,1,6
C3010,12,03,0000,District - East Kameng  03,Rural,60+,2021,968,1053,0,0,0,0,0,0,0,0,0,0,0,0,0,0,0,0,0,0
C3010,12,03,0000,District - East Kameng  03,Rural,Age not stated,38,20,18,0,0,0,0,0,0,0,0,0,0,0,0,0,0,0,0,0,0
C3010,12,03,0000,District - East Kameng  03,Urban,All ages,15002,7910,7092,4471,2603,1868,4367,2525,1842,84,63,21,14,12,2,5,2,3,1,1,0
C3010,12,03,0000,District - East Kameng  03,Urban,0-4,2223,1074,1149,74,38,36,74,38,36,0,0,0,0,0,0,0,0,0,0,0,0
C3010,12,03,0000,District - East Kameng  03,Urban,5,510,245,265,161,86,75,161,86,75,0,0,0,0,0,0,0,0,0,0,0,0
C3010,12,03,0000,District - East Kameng  03,Urban,6,529,266,263,290,155,135,290,155,135,0,0,0,0,0,0,0,0,0,0,0,0
C3010,12,03,0000,District - East Kameng  03,Urban,7,456,232,224,358,196,162,358,196,162,0,0,0,0,0,0,0,0,0,0,0,0
C3010,12,03,0000,District - East Kameng  03,Urban,8,493,237,256,398,202,196,398,202,196,0,0,0,0,0,0,0,0,0,0,0,0
C3010,12,03,0000,District - East Kameng  03,Urban,9,362,185,177,301,158,143,301,158,143,0,0,0,0,0,0,0,0,0,0,0,0
C3010,12,03,0000,District - East Kameng  03,Urban,10,470,236,234,382,208,174,382,208,174,0,0,0,0,0,0,0,0,0,0,0,0
C3010,12,03,0000,District - East Kameng  03,Urban,11,236,121,115,206,113,93,206,113,93,0,0,0,0,0,0,0,0,0,0,0,0
C3010,12,03,0000,District - East Kameng  03,Urban,12,430,226,204,350,200,150,350,200,150,0,0,0,0,0,0,0,0,0,0,0,0
C3010,12,03,0000,District - East Kameng  03,Urban,13,333,187,146,279,171,108,279,171,108,0,0,0,0,0,0,0,0,0,0,0,0
C3010,12,03,0000,District - East Kameng  03,Urban,14,387,210,177,324,194,130,324,194,130,0,0,0,0,0,0,0,0,0,0,0,0
C3010,12,03,0000,District - East Kameng  03,Urban,15-19,1624,939,685,1145,731,414,1125,718,407,16,10,6,3,3,0,1,0,1,0,0,0
C3010,12,03,0000,District - East Kameng  03,Urban,20-24,1117,535,582,177,129,48,119,86,33,51,39,12,6,4,2,1,0,1,0,0,0
C3010,12,03,0000,District - East Kameng  03,Urban,25-29,1409,672,737,19,15,4,0,0,0,13,10,3,3,3,0,3,2,1,0,0,0
C3010,12,03,0000,District - East Kameng  03,Urban,30-34,1245,657,588,3,3,0,0,0,0,1,1,0,1,1,0,0,0,0,1,1,0
C3010,12,03,0000,District - East Kameng  03,Urban,35-59,2974,1799,1175,4,4,0,0,0,0,3,3,0,1,1,0,0,0,0,0,0,0
C3010,12,03,0000,District - East Kameng  03,Urban,60+,186,79,107,0,0,0,0,0,0,0,0,0,0,0,0,0,0,0,0,0,0
C3010,12,03,0000,District - East Kameng  03,Urban,Age not stated,18,10,8,0,0,0,0,0,0,0,0,0,0,0,0,0,0,0,0,0,0
C3010,12,04,0000,District - Papum Pare *  04,Total,All ages,122003,64184,57819,37511,20440,17071,34476,18574,15902,2505,1614,891,256,123,133,200,108,92,74,21,53
C3010,12,04,0000,District - Papum Pare *  04,Total,0-4,14134,7126,7008,862,451,411,862,451,411,0,0,0,0,0,0,0,0,0,0,0,0
C3010,12,04,0000,District - Papum Pare *  04,Total,5,3385,1742,1643,1165,615,550,1165,615,550,0,0,0,0,0,0,0,0,0,0,0,0
C3010,12,04,0000,District - Papum Pare *  04,Total,6,3532,1777,1755,1702,889,813,1702,889,813,0,0,0,0,0,0,0,0,0,0,0,0
C3010,12,04,0000,District - Papum Pare *  04,Total,7,3547,1838,1709,2278,1236,1042,2278,1236,1042,0,0,0,0,0,0,0,0,0,0,0,0
C3010,12,04,0000,District - Papum Pare *  04,Total,8,4094,2146,1948,2726,1489,1237,2726,1489,1237,0,0,0,0,0,0,0,0,0,0,0,0
C3010,12,04,0000,District - Papum Pare *  04,Total,9,2994,1507,1487,2243,1169,1074,2243,1169,1074,0,0,0,0,0,0,0,0,0,0,0,0
C3010,12,04,0000,District - Papum Pare *  04,Total,10,4390,2286,2104,3170,1732,1438,3170,1732,1438,0,0,0,0,0,0,0,0,0,0,0,0
C3010,12,04,0000,District - Papum Pare *  04,Total,11,2384,1124,1260,1963,963,1000,1963,963,1000,0,0,0,0,0,0,0,0,0,0,0,0
C3010,12,04,0000,District - Papum Pare *  04,Total,12,4111,2056,2055,3058,1614,1444,3058,1614,1444,0,0,0,0,0,0,0,0,0,0,0,0
C3010,12,04,0000,District - Papum Pare *  04,Total,13,2662,1348,1314,2177,1160,1017,2177,1160,1017,0,0,0,0,0,0,0,0,0,0,0,0
C3010,12,04,0000,District - Papum Pare *  04,Total,14,3021,1488,1533,2382,1228,1154,2382,1228,1154,0,0,0,0,0,0,0,0,0,0,0,0
C3010,12,04,0000,District - Papum Pare *  04,Total,15-19,13902,7166,6736,9438,5168,4270,8874,4865,4009,498,273,225,31,13,18,30,15,15,5,2,3
C3010,12,04,0000,District - Papum Pare *  04,Total,20-24,10961,5464,5497,3481,2124,1357,1876,1163,713,1459,917,542,84,24,60,45,18,27,17,2,15
C3010,12,04,0000,District - Papum Pare *  04,Total,25-29,12289,5851,6438,484,325,159,0,0,0,340,254,86,67,31,36,60,35,25,17,5,12
C3010,12,04,0000,District - Papum Pare *  04,Total,30-34,9769,5152,4617,146,103,43,0,0,0,84,65,19,28,21,7,24,13,11,10,4,6
C3010,12,04,0000,District - Papum Pare *  04,Total,35-59,23873,14604,9269,223,161,62,0,0,0,116,97,19,46,34,12,39,25,14,22,5,17
C3010,12,04,0000,District - Papum Pare *  04,Total,60+,2754,1376,1378,12,12,0,0,0,0,7,7,0,0,0,0,2,2,0,3,3,0
C3010,12,04,0000,District - Papum Pare *  04,Total,Age not stated,201,133,68,1,1,0,0,0,0,1,1,0,0,0,0,0,0,0,0,0,0
C3010,12,04,0000,District - Papum Pare *  04,Rural,All ages,59961,31138,28823,17190,9525,7665,16179,8907,7272,774,496,278,91,66,25,86,42,44,60,14,46
C3010,12,04,0000,District - Papum Pare *  04,Rural,0-4,7458,3765,3693,279,142,137,279,142,137,0,0,0,0,0,0,0,0,0,0,0,0
C3010,12,04,0000,District - Papum Pare *  04,Rural,5,1835,954,881,440,241,199,440,241,199,0,0,0,0,0,0,0,0,0,0,0,0
C3010,12,04,0000,District - Papum Pare *  04,Rural,6,2029,1037,992,727,398,329,727,398,329,0,0,0,0,0,0,0,0,0,0,0,0
C3010,12,04,0000,District - Papum Pare *  04,Rural,7,1882,945,937,984,523,461,984,523,461,0,0,0,0,0,0,0,0,0,0,0,0
C3010,12,04,0000,District - Papum Pare *  04,Rural,8,2389,1233,1156,1337,729,608,1337,729,608,0,0,0,0,0,0,0,0,0,0,0,0
C3010,12,04,0000,District - Papum Pare *  04,Rural,9,1616,820,796,1046,554,492,1046,554,492,0,0,0,0,0,0,0,0,0,0,0,0
C3010,12,04,0000,District - Papum Pare *  04,Rural,10,2428,1260,1168,1571,843,728,1571,843,728,0,0,0,0,0,0,0,0,0,0,0,0
C3010,12,04,0000,District - Papum Pare *  04,Rural,11,1216,574,642,917,448,469,917,448,469,0,0,0,0,0,0,0,0,0,0,0,0
C3010,12,04,0000,District - Papum Pare *  04,Rural,12,2254,1173,1081,1567,861,706,1567,861,706,0,0,0,0,0,0,0,0,0,0,0,0
C3010,12,04,0000,District - Papum Pare *  04,Rural,13,1302,667,635,1014,545,469,1014,545,469,0,0,0,0,0,0,0,0,0,0,0,0
C3010,12,04,0000,District - Papum Pare *  04,Rural,14,1480,760,720,1110,582,528,1110,582,528,0,0,0,0,0,0,0,0,0,0,0,0
C3010,12,04,0000,District - Papum Pare *  04,Rural,15-19,6667,3539,3128,4421,2508,1913,4245,2424,1821,149,70,79,10,5,5,12,7,5,5,2,3
C3010,12,04,0000,District - Papum Pare *  04,Rural,20-24,4742,2294,2448,1415,900,515,942,617,325,427,269,158,12,9,3,20,4,16,14,1,13
C3010,12,04,0000,District - Papum Pare *  04,Rural,25-29,5300,2403,2897,186,123,63,0,0,0,121,91,30,28,16,12,23,13,10,14,3,11
C3010,12,04,0000,District - Papum Pare *  04,Rural,30-34,4363,2211,2152,70,49,21,0,0,0,33,27,6,18,15,3,11,4,7,8,3,5
C3010,12,04,0000,District - Papum Pare *  04,Rural,35-59,11168,6571,4597,101,74,27,0,0,0,43,38,5,23,21,2,19,13,6,16,2,14
C3010,12,04,0000,District - Papum Pare *  04,Rural,60+,1744,873,871,5,5,0,0,0,0,1,1,0,0,0,0,1,1,0,3,3,0
C3010,12,04,0000,District - Papum Pare *  04,Rural,Age not stated,88,59,29,0,0,0,0,0,0,0,0,0,0,0,0,0,0,0,0,0,0
C3010,12,04,0000,District - Papum Pare *  04,Urban,All ages,62042,33046,28996,20321,10915,9406,18297,9667,8630,1731,1118,613,165,57,108,114,66,48,14,7,7
C3010,12,04,0000,District - Papum Pare *  04,Urban,0-4,6676,3361,3315,583,309,274,583,309,274,0,0,0,0,0,0,0,0,0,0,0,0
C3010,12,04,0000,District - Papum Pare *  04,Urban,5,1550,788,762,725,374,351,725,374,351,0,0,0,0,0,0,0,0,0,0,0,0
C3010,12,04,0000,District - Papum Pare *  04,Urban,6,1503,740,763,975,491,484,975,491,484,0,0,0,0,0,0,0,0,0,0,0,0
C3010,12,04,0000,District - Papum Pare *  04,Urban,7,1665,893,772,1294,713,581,1294,713,581,0,0,0,0,0,0,0,0,0,0,0,0
C3010,12,04,0000,District - Papum Pare *  04,Urban,8,1705,913,792,1389,760,629,1389,760,629,0,0,0,0,0,0,0,0,0,0,0,0
C3010,12,04,0000,District - Papum Pare *  04,Urban,9,1378,687,691,1197,615,582,1197,615,582,0,0,0,0,0,0,0,0,0,0,0,0
C3010,12,04,0000,District - Papum Pare *  04,Urban,10,1962,1026,936,1599,889,710,1599,889,710,0,0,0,0,0,0,0,0,0,0,0,0
C3010,12,04,0000,District - Papum Pare *  04,Urban,11,1168,550,618,1046,515,531,1046,515,531,0,0,0,0,0,0,0,0,0,0,0,0
C3010,12,04,0000,District - Papum Pare *  04,Urban,12,1857,883,974,1491,753,738,1491,753,738,0,0,0,0,0,0,0,0,0,0,0,0
C3010,12,04,0000,District - Papum Pare *  04,Urban,13,1360,681,679,1163,615,548,1163,615,548,0,0,0,0,0,0,0,0,0,0,0,0
C3010,12,04,0000,District - Papum Pare *  04,Urban,14,1541,728,813,1272,646,626,1272,646,626,0,0,0,0,0,0,0,0,0,0,0,0
C3010,12,04,0000,District - Papum Pare *  04,Urban,15-19,7235,3627,3608,5017,2660,2357,4629,2441,2188,349,203,146,21,8,13,18,8,10,0,0,0
C3010,12,04,0000,District - Papum Pare *  04,Urban,20-24,6219,3170,3049,2066,1224,842,934,546,388,1032,648,384,72,15,57,25,14,11,3,1,2
C3010,12,04,0000,District - Papum Pare *  04,Urban,25-29,6989,3448,3541,298,202,96,0,0,0,219,163,56,39,15,24,37,22,15,3,2,1
C3010,12,04,0000,District - Papum Pare *  04,Urban,30-34,5406,2941,2465,76,54,22,0,0,0,51,38,13,10,6,4,13,9,4,2,1,1
C3010,12,04,0000,District - Papum Pare *  04,Urban,35-59,12705,8033,4672,122,87,35,0,0,0,73,59,14,23,13,10,20,12,8,6,3,3
C3010,12,04,0000,District - Papum Pare *  04,Urban,60+,1010,503,507,7,7,0,0,0,0,6,6,0,0,0,0,1,1,0,0,0,0
C3010,12,04,0000,District - Papum Pare *  04,Urban,Age not stated,113,74,39,1,1,0,0,0,0,1,1,0,0,0,0,0,0,0,0,0,0
C3010,12,05,0000,District - Lower Subansiri  05,Total,All ages,98244,49542,48702,23002,12597,10405,22415,12168,10247,466,342,124,56,44,12,51,38,13,14,5,9
C3010,12,05,0000,District - Lower Subansiri  05,Total,0-4,11707,5776,5931,366,191,175,366,191,175,0,0,0,0,0,0,0,0,0,0,0,0
C3010,12,05,0000,District - Lower Subansiri  05,Total,5,2890,1494,1396,561,296,265,561,296,265,0,0,0,0,0,0,0,0,0,0,0,0
C3010,12,05,0000,District - Lower Subansiri  05,Total,6,3415,1715,1700,1027,555,472,1027,555,472,0,0,0,0,0,0,0,0,0,0,0,0
C3010,12,05,0000,District - Lower Subansiri  05,Total,7,2772,1442,1330,1248,685,563,1248,685,563,0,0,0,0,0,0,0,0,0,0,0,0
C3010,12,05,0000,District - Lower Subansiri  05,Total,8,3643,1880,1763,1678,889,789,1678,889,789,0,0,0,0,0,0,0,0,0,0,0,0
C3010,12,05,0000,District - Lower Subansiri  05,Total,9,2381,1229,1152,1223,644,579,1223,644,579,0,0,0,0,0,0,0,0,0,0,0,0
C3010,12,05,0000,District - Lower Subansiri  05,Total,10,3892,1962,1930,2148,1108,1040,2148,1108,1040,0,0,0,0,0,0,0,0,0,0,0,0
C3010,12,05,0000,District - Lower Subansiri  05,Total,11,1462,749,713,960,516,444,960,516,444,0,0,0,0,0,0,0,0,0,0,0,0
C3010,12,05,0000,District - Lower Subansiri  05,Total,12,3705,1889,1816,2247,1169,1078,2247,1169,1078,0,0,0,0,0,0,0,0,0,0,0,0
C3010,12,05,0000,District - Lower Subansiri  05,Total,13,2030,1034,996,1444,757,687,1444,757,687,0,0,0,0,0,0,0,0,0,0,0,0
C3010,12,05,0000,District - Lower Subansiri  05,Total,14,2478,1269,1209,1742,919,823,1742,919,823,0,0,0,0,0,0,0,0,0,0,0,0
C3010,12,05,0000,District - Lower Subansiri  05,Total,15-19,10797,5540,5257,6419,3557,2862,6328,3507,2821,81,44,37,8,5,3,2,1,1,0,0,0
C3010,12,05,0000,District - Lower Subansiri  05,Total,20-24,6467,3104,3363,1718,1126,592,1443,932,511,246,175,71,13,12,1,13,7,6,3,0,3
C3010,12,05,0000,District - Lower Subansiri  05,Total,25-29,7432,3374,4058,111,88,23,0,0,0,79,67,12,14,8,6,13,10,3,5,3,2
C3010,12,05,0000,District - Lower Subansiri  05,Total,30-34,6389,3124,3265,47,43,4,0,0,0,27,26,1,10,8,2,9,8,1,1,1,0
C3010,12,05,0000,District - Lower Subansiri  05,Total,35-59,22663,11800,10863,58,49,9,0,0,0,30,27,3,11,11,0,12,10,2,5,1,4
C3010,12,05,0000,District - Lower Subansiri  05,Total,60+,4014,2094,1920,5,5,0,0,0,0,3,3,0,0,0,0,2,2,0,0,0,0
C3010,12,05,0000,District - Lower Subansiri  05,Total,Age not stated,107,67,40,0,0,0,0,0,0,0,0,0,0,0,0,0,0,0,0,0,0
C3010,12,05,0000,District - Lower Subansiri  05,Rural,All ages,85860,43062,42798,18129,10135,7994,17653,9772,7881,370,282,88,47,39,8,48,37,11,11,5,6
C3010,12,05,0000,District - Lower Subansiri  05,Rural,0-4,10300,5062,5238,214,109,105,214,109,105,0,0,0,0,0,0,0,0,0,0,0,0
C3010,12,05,0000,District - Lower Subansiri  05,Rural,5,2588,1331,1257,378,201,177,378,201,177,0,0,0,0,0,0,0,0,0,0,0,0
C3010,12,05,0000,District - Lower Subansiri  05,Rural,6,2994,1497,1497,711,387,324,711,387,324,0,0,0,0,0,0,0,0,0,0,0,0
C3010,12,05,0000,District - Lower Subansiri  05,Rural,7,2422,1255,1167,931,515,416,931,515,416,0,0,0,0,0,0,0,0,0,0,0,0
C3010,12,05,0000,District - Lower Subansiri  05,Rural,8,3258,1693,1565,1318,713,605,1318,713,605,0,0,0,0,0,0,0,0,0,0,0,0
C3010,12,05,0000,District - Lower Subansiri  05,Rural,9,2057,1075,982,923,502,421,923,502,421,0,0,0,0,0,0,0,0,0,0,0,0
C3010,12,05,0000,District - Lower Subansiri  05,Rural,10,3468,1770,1698,1754,924,830,1754,924,830,0,0,0,0,0,0,0,0,0,0,0,0
C3010,12,05,0000,District - Lower Subansiri  05,Rural,11,1204,614,590,721,383,338,721,383,338,0,0,0,0,0,0,0,0,0,0,0,0
C3010,12,05,0000,District - Lower Subansiri  05,Rural,12,3279,1695,1584,1878,988,890,1878,988,890,0,0,0,0,0,0,0,0,0,0,0,0
C3010,12,05,0000,District - Lower Subansiri  05,Rural,13,1721,887,834,1164,621,543,1164,621,543,0,0,0,0,0,0,0,0,0,0,0,0
C3010,12,05,0000,District - Lower Subansiri  05,Rural,14,2123,1098,1025,1419,759,660,1419,759,660,0,0,0,0,0,0,0,0,0,0,0,0
C3010,12,05,0000,District - Lower Subansiri  05,Rural,15-19,9209,4806,4403,5154,2941,2213,5084,2902,2182,61,34,27,7,4,3,2,1,1,0,0,0
C3010,12,05,0000,District - Lower Subansiri  05,Rural,20-24,5495,2633,2862,1369,924,445,1158,768,390,189,139,50,10,10,0,11,7,4,1,0,1
C3010,12,05,0000,District - Lower Subansiri  05,Rural,25-29,6246,2800,3446,94,78,16,0,0,0,68,59,9,9,6,3,13,10,3,4,3,1
C3010,12,05,0000,District - Lower Subansiri  05,Rural,30-34,5404,2563,2841,43,39,4,0,0,0,24,23,1,10,8,2,8,7,1,1,1,0
C3010,12,05,0000,District - Lower Subansiri  05,Rural,35-59,20154,10222,9932,53,46,7,0,0,0,25,24,1,11,11,0,12,10,2,5,1,4
C3010,12,05,0000,District - Lower Subansiri  05,Rural,60+,3857,2012,1845,5,5,0,0,0,0,3,3,0,0,0,0,2,2,0,0,0,0
C3010,12,05,0000,District - Lower Subansiri  05,Rural,Age not stated,81,49,32,0,0,0,0,0,0,0,0,0,0,0,0,0,0,0,0,0,0
C3010,12,05,0000,District - Lower Subansiri  05,Urban,All ages,12384,6480,5904,4873,2462,2411,4762,2396,2366,96,60,36,9,5,4,3,1,2,3,0,3
C3010,12,05,0000,District - Lower Subansiri  05,Urban,0-4,1407,714,693,152,82,70,152,82,70,0,0,0,0,0,0,0,0,0,0,0,0
C3010,12,05,0000,District - Lower Subansiri  05,Urban,5,302,163,139,183,95,88,183,95,88,0,0,0,0,0,0,0,0,0,0,0,0
C3010,12,05,0000,District - Lower Subansiri  05,Urban,6,421,218,203,316,168,148,316,168,148,0,0,0,0,0,0,0,0,0,0,0,0
C3010,12,05,0000,District - Lower Subansiri  05,Urban,7,350,187,163,317,170,147,317,170,147,0,0,0,0,0,0,0,0,0,0,0,0
C3010,12,05,0000,District - Lower Subansiri  05,Urban,8,385,187,198,360,176,184,360,176,184,0,0,0,0,0,0,0,0,0,0,0,0
C3010,12,05,0000,District - Lower Subansiri  05,Urban,9,324,154,170,300,142,158,300,142,158,0,0,0,0,0,0,0,0,0,0,0,0
C3010,12,05,0000,District - Lower Subansiri  05,Urban,10,424,192,232,394,184,210,394,184,210,0,0,0,0,0,0,0,0,0,0,0,0
C3010,12,05,0000,District - Lower Subansiri  05,Urban,11,258,135,123,239,133,106,239,133,106,0,0,0,0,0,0,0,0,0,0,0,0
C3010,12,05,0000,District - Lower Subansiri  05,Urban,12,426,194,232,369,181,188,369,181,188,0,0,0,0,0,0,0,0,0,0,0,0
C3010,12,05,0000,District - Lower Subansiri  05,Urban,13,309,147,162,280,136,144,280,136,144,0,0,0,0,0,0,0,0,0,0,0,0
C3010,12,05,0000,District - Lower Subansiri  05,Urban,14,355,171,184,323,160,163,323,160,163,0,0,0,0,0,0,0,0,0,0,0,0
C3010,12,05,0000,District - Lower Subansiri  05,Urban,15-19,1588,734,854,1265,616,649,1244,605,639,20,10,10,1,1,0,0,0,0,0,0,0
C3010,12,05,0000,District - Lower Subansiri  05,Urban,20-24,972,471,501,349,202,147,285,164,121,57,36,21,3,2,1,2,0,2,2,0,2
C3010,12,05,0000,District - Lower Subansiri  05,Urban,25-29,1186,574,612,17,10,7,0,0,0,11,8,3,5,2,3,0,0,0,1,0,1
C3010,12,05,0000,District - Lower Subansiri  05,Urban,30-34,985,561,424,4,4,0,0,0,0,3,3,0,0,0,0,1,1,0,0,0,0
C3010,12,05,0000,District - Lower Subansiri  05,Urban,35-59,2509,1578,931,5,3,2,0,0,0,5,3,2,0,0,0,0,0,0,0,0,0
C3010,12,05,0000,District - Lower Subansiri  05,Urban,60+,157,82,75,0,0,0,0,0,0,0,0,0,0,0,0,0,0,0,0,0,0
C3010,12,05,0000,District - Lower Subansiri  05,Urban,Age not stated,26,18,8,0,0,0,0,0,0,0,0,0,0,0,0,0,0,0,0,0,0
C3010,12,06,0000,District - Upper Subansiri  06,Total,All ages,55346,28240,27106,13854,7689,6165,13598,7487,6111,223,179,44,9,8,1,13,12,1,11,3,8
C3010,12,06,0000,District - Upper Subansiri  06,Total,0-4,7344,3705,3639,117,62,55,117,62,55,0,0,0,0,0,0,0,0,0,0,0,0
C3010,12,06,0000,District - Upper Subansiri  06,Total,5,1738,858,880,280,156,124,280,156,124,0,0,0,0,0,0,0,0,0,0,0,0
C3010,12,06,0000,District - Upper Subansiri  06,Total,6,1815,928,887,503,289,214,503,289,214,0,0,0,0,0,0,0,0,0,0,0,0
C3010,12,06,0000,District - Upper Subansiri  06,Total,7,1629,859,770,760,431,329,760,431,329,0,0,0,0,0,0,0,0,0,0,0,0
C3010,12,06,0000,District - Upper Subansiri  06,Total,8,2047,1001,1046,1081,555,526,1081,555,526,0,0,0,0,0,0,0,0,0,0,0,0
C3010,12,06,0000,District - Upper Subansiri  06,Total,9,1406,734,672,936,497,439,936,497,439,0,0,0,0,0,0,0,0,0,0,0,0
C3010,12,06,0000,District - Upper Subansiri  06,Total,10,2246,1138,1108,1410,739,671,1410,739,671,0,0,0,0,0,0,0,0,0,0,0,0
C3010,12,06,0000,District - Upper Subansiri  06,Total,11,840,419,421,648,337,311,648,337,311,0,0,0,0,0,0,0,0,0,0,0,0
C3010,12,06,0000,District - Upper Subansiri  06,Total,12,2018,1002,1016,1444,760,684,1444,760,684,0,0,0,0,0,0,0,0,0,0,0,0
C3010,12,06,0000,District - Upper Subansiri  06,Total,13,1057,578,479,844,470,374,844,470,374,0,0,0,0,0,0,0,0,0,0,0,0
C3010,12,06,0000,District - Upper Subansiri  06,Total,14,1437,725,712,1097,577,520,1097,577,520,0,0,0,0,0,0,0,0,0,0,0,0
C3010,12,06,0000,District - Upper Subansiri  06,Total,15-19,5787,3066,2721,3802,2190,1612,3760,2163,1597,36,22,14,1,1,0,3,3,0,2,1,1
C3010,12,06,0000,District - Upper Subansiri  06,Total,20-24,3612,1752,1860,850,556,294,718,451,267,127,101,26,3,3,0,1,1,0,1,0,1
C3010,12,06,0000,District - Upper Subansiri  06,Total,25-29,4125,2036,2089,54,50,4,0,0,0,47,44,3,2,2,0,4,4,0,1,0,1
C3010,12,06,0000,District - Upper Subansiri  06,Total,30-34,3444,1774,1670,8,6,2,0,0,0,5,4,1,1,1,0,1,1,0,1,0,1
C3010,12,06,0000,District - Upper Subansiri  06,Total,35-59,12475,6529,5946,19,14,5,0,0,0,8,8,0,2,1,1,3,3,0,6,2,4
C3010,12,06,0000,District - Upper Subansiri  06,Total,60+,2277,1109,1168,0,0,0,0,0,0,0,0,0,0,0,0,0,0,0,0,0,0
C3010,12,06,0000,District - Upper Subansiri  06,Total,Age not stated,49,27,22,1,0,1,0,0,0,0,0,0,0,0,0,1,0,1,0,0,0
C3010,12,06,0000,District - Upper Subansiri  06,Rural,All ages,39590,19837,19753,8652,4883,3769,8511,4765,3746,121,104,17,4,3,1,9,8,1,7,3,4
C3010,12,06,0000,District - Upper Subansiri  06,Rural,0-4,5232,2642,2590,49,25,24,49,25,24,0,0,0,0,0,0,0,0,0,0,0,0
C3010,12,06,0000,District - Upper Subansiri  06,Rural,5,1226,597,629,124,64,60,124,64,60,0,0,0,0,0,0,0,0,0,0,0,0
C3010,12,06,0000,District - Upper Subansiri  06,Rural,6,1337,689,648,267,159,108,267,159,108,0,0,0,0,0,0,0,0,0,0,0,0
C3010,12,06,0000,District - Upper Subansiri  06,Rural,7,1178,615,563,416,234,182,416,234,182,0,0,0,0,0,0,0,0,0,0,0,0
C3010,12,06,0000,District - Upper Subansiri  06,Rural,8,1500,738,762,647,342,305,647,342,305,0,0,0,0,0,0,0,0,0,0,0,0
C3010,12,06,0000,District - Upper Subansiri  06,Rural,9,1034,545,489,607,328,279,607,328,279,0,0,0,0,0,0,0,0,0,0,0,0
C3010,12,06,0000,District - Upper Subansiri  06,Rural,10,1702,879,823,954,519,435,954,519,435,0,0,0,0,0,0,0,0,0,0,0,0
C3010,12,06,0000,District - Upper Subansiri  06,Rural,11,565,282,283,403,212,191,403,212,191,0,0,0,0,0,0,0,0,0,0,0,0
C3010,12,06,0000,District - Upper Subansiri  06,Rural,12,1438,728,710,949,511,438,949,511,438,0,0,0,0,0,0,0,0,0,0,0,0
C3010,12,06,0000,District - Upper Subansiri  06,Rural,13,746,406,340,584,323,261,584,323,261,0,0,0,0,0,0,0,0,0,0,0,0
C3010,12,06,0000,District - Upper Subansiri  06,Rural,14,976,506,470,704,385,319,704,385,319,0,0,0,0,0,0,0,0,0,0,0,0
C3010,12,06,0000,District - Upper Subansiri  06,Rural,15-19,3862,2024,1838,2368,1386,982,2347,1370,977,17,13,4,0,0,0,2,2,0,2,1,1
C3010,12,06,0000,District - Upper Subansiri  06,Rural,20-24,2388,1155,1233,530,352,178,460,293,167,66,55,11,3,3,0,1,1,0,0,0,0
C3010,12,06,0000,District - Upper Subansiri  06,Rural,25-29,2624,1262,1362,28,26,2,0,0,0,26,24,2,0,0,0,2,2,0,0,0,0
C3010,12,06,0000,District - Upper Subansiri  06,Rural,30-34,2257,1093,1164,6,5,1,0,0,0,4,4,0,0,0,0,1,1,0,1,0,1
C3010,12,06,0000,District - Upper Subansiri  06,Rural,35-59,9422,4631,4791,15,12,3,0,0,0,8,8,0,1,0,1,2,2,0,4,2,2
C3010,12,06,0000,District - Upper Subansiri  06,Rural,60+,2063,1023,1040,0,0,0,0,0,0,0,0,0,0,0,0,0,0,0,0,0,0
C3010,12,06,0000,District - Upper Subansiri  06,Rural,Age not stated,40,22,18,1,0,1,0,0,0,0,0,0,0,0,0,1,0,1,0,0,0
C3010,12,06,0000,District - Upper Subansiri  06,Urban,All ages,15756,8403,7353,5202,2806,2396,5087,2722,2365,102,75,27,5,5,0,4,4,0,4,0,4
C3010,12,06,0000,District - Upper Subansiri  06,Urban,0-4,2112,1063,1049,68,37,31,68,37,31,0,0,0,0,0,0,0,0,0,0,0,0
C3010,12,06,0000,District - Upper Subansiri  06,Urban,5,512,261,251,156,92,64,156,92,64,0,0,0,0,0,0,0,0,0,0,0,0
C3010,12,06,0000,District - Upper Subansiri  06,Urban,6,478,239,239,236,130,106,236,130,106,0,0,0,0,0,0,0,0,0,0,0,0
C3010,12,06,0000,District - Upper Subansiri  06,Urban,7,451,244,207,344,197,147,344,197,147,0,0,0,0,0,0,0,0,0,0,0,0
C3010,12,06,0000,District - Upper Subansiri  06,Urban,8,547,263,284,434,213,221,434,213,221,0,0,0,0,0,0,0,0,0,0,0,0
C3010,12,06,0000,District - Upper Subansiri  06,Urban,9,372,189,183,329,169,160,329,169,160,0,0,0,0,0,0,0,0,0,0,0,0
C3010,12,06,0000,District - Upper Subansiri  06,Urban,10,544,259,285,456,220,236,456,220,236,0,0,0,0,0,0,0,0,0,0,0,0
C3010,12,06,0000,District - Upper Subansiri  06,Urban,11,275,137,138,245,125,120,245,125,120,0,0,0,0,0,0,0,0,0,0,0,0
C3010,12,06,0000,District - Upper Subansiri  06,Urban,12,580,274,306,495,249,246,495,249,246,0,0,0,0,0,0,0,0,0,0,0,0
C3010,12,06,0000,District - Upper Subansiri  06,Urban,13,311,172,139,260,147,113,260,147,113,0,0,0,0,0,0,0,0,0,0,0,0
C3010,12,06,0000,District - Upper Subansiri  06,Urban,14,461,219,242,393,192,201,393,192,201,0,0,0,0,0,0,0,0,0,0,0,0
C3010,12,06,0000,District - Upper Subansiri  06,Urban,15-19,1925,1042,883,1434,804,630,1413,793,620,19,9,10,1,1,0,1,1,0,0,0,0
C3010,12,06,0000,District - Upper Subansiri  06,Urban,20-24,1224,597,627,320,204,116,258,158,100,61,46,15,0,0,0,0,0,0,1,0,1
C3010,12,06,0000,District - Upper Subansiri  06,Urban,25-29,1501,774,727,26,24,2,0,0,0,21,20,1,2,2,0,2,2,0,1,0,1
C3010,12,06,0000,District - Upper Subansiri  06,Urban,30-34,1187,681,506,2,1,1,0,0,0,1,0,1,1,1,0,0,0,0,0,0,0
C3010,12,06,0000,District - Upper Subansiri  06,Urban,35-59,3053,1898,1155,4,2,2,0,0,0,0,0,0,1,1,0,1,1,0,2,0,2
C3010,12,06,0000,District - Upper Subansiri  06,Urban,60+,214,86,128,0,0,0,0,0,0,0,0,0,0,0,0,0,0,0,0,0,0
C3010,12,06,0000,District - Upper Subansiri  06,Urban,Age not stated,9,5,4,0,0,0,0,0,0,0,0,0,0,0,0,0,0,0,0,0,0
C3010,12,07,0000,District - West Siang  07,Total,All ages,103918,54349,49569,30673,16173,14500,29589,15387,14202,968,711,257,46,33,13,37,21,16,33,21,12
C3010,12,07,0000,District - West Siang  07,Total,0-4,11446,5861,5585,369,188,181,369,188,181,0,0,0,0,0,0,0,0,0,0,0,0
C3010,12,07,0000,District - West Siang  07,Total,5,2946,1532,1414,633,336,297,633,336,297,0,0,0,0,0,0,0,0,0,0,0,0
C3010,12,07,0000,District - West Siang  07,Total,6,3409,1738,1671,1163,620,543,1163,620,543,0,0,0,0,0,0,0,0,0,0,0,0
C3010,12,07,0000,District - West Siang  07,Total,7,2911,1502,1409,1634,874,760,1634,874,760,0,0,0,0,0,0,0,0,0,0,0,0
C3010,12,07,0000,District - West Siang  07,Total,8,3881,1896,1985,2261,1141,1120,2261,1141,1120,0,0,0,0,0,0,0,0,0,0,0,0
C3010,12,07,0000,District - West Siang  07,Total,9,2586,1311,1275,1798,947,851,1798,947,851,0,0,0,0,0,0,0,0,0,0,0,0
C3010,12,07,0000,District - West Siang  07,Total,10,4040,2062,1978,2856,1529,1327,2856,1529,1327,0,0,0,0,0,0,0,0,0,0,0,0
C3010,12,07,0000,District - West Siang  07,Total,11,1806,917,889,1480,765,715,1480,765,715,0,0,0,0,0,0,0,0,0,0,0,0
C3010,12,07,0000,District - West Siang  07,Total,12,3710,1875,1835,2932,1512,1420,2932,1512,1420,0,0,0,0,0,0,0,0,0,0,0,0
C3010,12,07,0000,District - West Siang  07,Total,13,2373,1105,1268,2005,953,1052,2005,953,1052,0,0,0,0,0,0,0,0,0,0,0,0
C3010,12,07,0000,District - West Siang  07,Total,14,3275,1601,1674,2731,1341,1390,2731,1341,1390,0,0,0,0,0,0,0,0,0,0,0,0
C3010,12,07,0000,District - West Siang  07,Total,15-19,11449,5902,5547,8236,4325,3911,8082,4245,3837,138,69,69,3,3,0,10,7,3,3,1,2
C3010,12,07,0000,District - West Siang  07,Total,20-24,7498,3865,3633,2184,1321,863,1645,936,709,520,379,141,8,5,3,8,1,7,3,0,3
C3010,12,07,0000,District - West Siang  07,Total,25-29,8010,4038,3972,202,155,47,0,0,0,177,140,37,11,7,4,11,7,4,3,1,2
C3010,12,07,0000,District - West Siang  07,Total,30-34,6590,3543,3047,73,65,8,0,0,0,61,56,5,4,4,0,4,4,0,4,1,3
C3010,12,07,0000,District - West Siang  07,Total,35-59,22574,12645,9929,111,96,15,0,0,0,69,64,5,19,13,6,4,2,2,19,17,2
C3010,12,07,0000,District - West Siang  07,Total,60+,5335,2904,2431,5,5,0,0,0,0,3,3,0,1,1,0,0,0,0,1,1,0
C3010,12,07,0000,District - West Siang  07,Total,Age not stated,79,52,27,0,0,0,0,0,0,0,0,0,0,0,0,0,0,0,0,0,0
C3010,12,07,0000,District - West Siang  07,Rural,All ages,82806,42389,40417,23479,12360,11119,22720,11782,10938,684,528,156,26,16,10,22,13,9,27,21,6
C3010,12,07,0000,District - West Siang  07,Rural,0-4,9312,4772,4540,228,117,111,228,117,111,0,0,0,0,0,0,0,0,0,0,0,0
C3010,12,07,0000,District - West Siang  07,Rural,5,2383,1252,1131,425,236,189,425,236,189,0,0,0,0,0,0,0,0,0,0,0,0
C3010,12,07,0000,District - West Siang  07,Rural,6,2825,1427,1398,792,423,369,792,423,369,0,0,0,0,0,0,0,0,0,0,0,0
C3010,12,07,0000,District - West Siang  07,Rural,7,2277,1174,1103,1121,610,511,1121,610,511,0,0,0,0,0,0,0,0,0,0,0,0
C3010,12,07,0000,District - West Siang  07,Rural,8,3181,1549,1632,1672,849,823,1672,849,823,0,0,0,0,0,0,0,0,0,0,0,0
C3010,12,07,0000,District - West Siang  07,Rural,9,2086,1044,1042,1352,705,647,1352,705,647,0,0,0,0,0,0,0,0,0,0,0,0
C3010,12,07,0000,District - West Siang  07,Rural,10,3330,1683,1647,2209,1172,1037,2209,1172,1037,0,0,0,0,0,0,0,0,0,0,0,0
C3010,12,07,0000,District - West Siang  07,Rural,11,1396,688,708,1110,554,556,1110,554,556,0,0,0,0,0,0,0,0,0,0,0,0
C3010,12,07,0000,District - West Siang  07,Rural,12,3061,1546,1515,2352,1206,1146,2352,1206,1146,0,0,0,0,0,0,0,0,0,0,0,0
C3010,12,07,0000,District - West Siang  07,Rural,13,1871,859,1012,1557,728,829,1557,728,829,0,0,0,0,0,0,0,0,0,0,0,0
C3010,12,07,0000,District - West Siang  07,Rural,14,2715,1324,1391,2232,1086,1146,2232,1086,1146,0,0,0,0,0,0,0,0,0,0,0,0
C3010,12,07,0000,District - West Siang  07,Rural,15-19,9069,4669,4400,6403,3380,3023,6305,3329,2976,88,44,44,1,1,0,7,5,2,2,1,1
C3010,12,07,0000,District - West Siang  07,Rural,20-24,5789,2899,2890,1752,1060,692,1365,767,598,375,289,86,5,3,2,6,1,5,1,0,1
C3010,12,07,0000,District - West Siang  07,Rural,25-29,5842,2915,2927,145,114,31,0,0,0,134,108,26,5,2,3,4,3,1,2,1,1
C3010,12,07,0000,District - West Siang  07,Rural,30-34,4760,2429,2331,49,47,2,0,0,0,42,42,0,2,2,0,2,2,0,3,1,2
C3010,12,07,0000,District - West Siang  07,Rural,35-59,17818,9394,8424,76,69,7,0,0,0,43,43,0,12,7,5,3,2,1,18,17,1
C3010,12,07,0000,District - West Siang  07,Rural,60+,5031,2724,2307,4,4,0,0,0,0,2,2,0,1,1,0,0,0,0,1,1,0
C3010,12,07,0000,District - West Siang  07,Rural,Age not stated,60,41,19,0,0,0,0,0,0,0,0,0,0,0,0,0,0,0,0,0,0
C3010,12,07,0000,District - West Siang  07,Urban,All ages,21112,11960,9152,7194,3813,3381,6869,3605,3264,284,183,101,20,17,3,15,8,7,6,0,6
C3010,12,07,0000,District - West Siang  07,Urban,0-4,2134,1089,1045,141,71,70,141,71,70,0,0,0,0,0,0,0,0,0,0,0,0
C3010,12,07,0000,District - West Siang  07,Urban,5,563,280,283,208,100,108,208,100,108,0,0,0,0,0,0,0,0,0,0,0,0
C3010,12,07,0000,District - West Siang  07,Urban,6,584,311,273,371,197,174,371,197,174,0,0,0,0,0,0,0,0,0,0,0,0
C3010,12,07,0000,District - West Siang  07,Urban,7,634,328,306,513,264,249,513,264,249,0,0,0,0,0,0,0,0,0,0,0,0
C3010,12,07,0000,District - West Siang  07,Urban,8,700,347,353,589,292,297,589,292,297,0,0,0,0,0,0,0,0,0,0,0,0
C3010,12,07,0000,District - West Siang  07,Urban,9,500,267,233,446,242,204,446,242,204,0,0,0,0,0,0,0,0,0,0,0,0
C3010,12,07,0000,District - West Siang  07,Urban,10,710,379,331,647,357,290,647,357,290,0,0,0,0,0,0,0,0,0,0,0,0
C3010,12,07,0000,District - West Siang  07,Urban,11,410,229,181,370,211,159,370,211,159,0,0,0,0,0,0,0,0,0,0,0,0
C3010,12,07,0000,District - West Siang  07,Urban,12,649,329,320,580,306,274,580,306,274,0,0,0,0,0,0,0,0,0,0,0,0
C3010,12,07,0000,District - West Siang  07,Urban,13,502,246,256,448,225,223,448,225,223,0,0,0,0,0,0,0,0,0,0,0,0
C3010,12,07,0000,District - West Siang  07,Urban,14,560,277,283,499,255,244,499,255,244,0,0,0,0,0,0,0,0,0,0,0,0
C3010,12,07,0000,District - West Siang  07,Urban,15-19,2380,1233,1147,1833,945,888,1777,916,861,50,25,25,2,2,0,3,2,1,1,0,1
C3010,12,07,0000,District - West Siang  07,Urban,20-24,1709,966,743,432,261,171,280,169,111,145,90,55,3,2,1,2,0,2,2,0,2
C3010,12,07,0000,District - West Siang  07,Urban,25-29,2168,1123,1045,57,41,16,0,0,0,43,32,11,6,5,1,7,4,3,1,0,1
C3010,12,07,0000,District - West Siang  07,Urban,30-34,1830,1114,716,24,18,6,0,0,0,19,14,5,2,2,0,2,2,0,1,0,1
C3010,12,07,0000,District - West Siang  07,Urban,35-59,4756,3251,1505,35,27,8,0,0,0,26,21,5,7,6,1,1,0,1,1,0,1
C3010,12,07,0000,District - West Siang  07,Urban,60+,304,180,124,1,1,0,0,0,0,1,1,0,0,0,0,0,0,0,0,0,0
C3010,12,07,0000,District - West Siang  07,Urban,Age not stated,19,11,8,0,0,0,0,0,0,0,0,0,0,0,0,0,0,0,0,0,0
C3010,12,08,0000,District - East Siang  08,Total,All ages,87397,45265,42132,26084,13900,12184,24328,12728,11600,1528,1040,488,142,70,72,70,50,20,16,12,4
C3010,12,08,0000,District - East Siang  08,Total,0-4,10521,5314,5207,291,140,151,291,140,151,0,0,0,0,0,0,0,0,0,0,0,0
C3010,12,08,0000,District - East Siang  08,Total,5,2580,1347,1233,611,338,273,611,338,273,0,0,0,0,0,0,0,0,0,0,0,0
C3010,12,08,0000,District - East Siang  08,Total,6,2679,1400,1279,1068,575,493,1068,575,493,0,0,0,0,0,0,0,0,0,0,0,0
C3010,12,08,0000,District - East Siang  08,Total,7,2417,1234,1183,1462,769,693,1462,769,693,0,0,0,0,0,0,0,0,0,0,0,0
C3010,12,08,0000,District - East Siang  08,Total,8,2833,1475,1358,1950,1045,905,1950,1045,905,0,0,0,0,0,0,0,0,0,0,0,0
C3010,12,08,0000,District - East Siang  08,Total,9,2175,1115,1060,1656,860,796,1656,860,796,0,0,0,0,0,0,0,0,0,0,0,0
C3010,12,08,0000,District - East Siang  08,Total,10,2958,1526,1432,2306,1216,1090,2306,1216,1090,0,0,0,0,0,0,0,0,0,0,0,0
C3010,12,08,0000,District - East Siang  08,Total,11,1493,726,767,1247,627,620,1247,627,620,0,0,0,0,0,0,0,0,0,0,0,0
C3010,12,08,0000,District - East Siang  08,Total,12,2940,1494,1446,2431,1282,1149,2431,1282,1149,0,0,0,0,0,0,0,0,0,0,0,0
C3010,12,08,0000,District - East Siang  08,Total,13,1763,868,895,1467,736,731,1467,736,731,0,0,0,0,0,0,0,0,0,0,0,0
C3010,12,08,0000,District - East Siang  08,Total,14,2432,1210,1222,2004,1033,971,2004,1033,971,0,0,0,0,0,0,0,0,0,0,0,0
C3010,12,08,0000,District - East Siang  08,Total,15-19,9237,4555,4682,6552,3361,3191,6255,3189,3066,275,158,117,8,5,3,12,8,4,2,1,1
C3010,12,08,0000,District - East Siang  08,Total,20-24,6907,3463,3444,2605,1572,1033,1580,918,662,947,632,315,62,12,50,14,9,5,2,1,1
C3010,12,08,0000,District - East Siang  08,Total,25-29,7063,3339,3724,271,201,70,0,0,0,210,162,48,40,23,17,19,14,5,2,2,0
C3010,12,08,0000,District - East Siang  08,Total,30-34,5947,3019,2928,73,65,8,0,0,0,44,42,2,14,14,0,14,8,6,1,1,0
C3010,12,08,0000,District - East Siang  08,Total,35-59,18664,10482,8182,84,76,8,0,0,0,50,45,5,17,15,2,10,10,0,7,6,1
C3010,12,08,0000,District - East Siang  08,Total,60+,4721,2660,2061,5,3,2,0,0,0,1,0,1,1,1,0,1,1,0,2,1,1
C3010,12,08,0000,District - East Siang  08,Total,Age not stated,67,38,29,1,1,0,0,0,0,1,1,0,0,0,0,0,0,0,0,0,0
C3010,12,08,0000,District - East Siang  08,Rural,All ages,65432,33634,31798,18516,9820,8696,17789,9308,8481,629,449,180,29,13,16,60,43,17,9,7,2
C3010,12,08,0000,District - East Siang  08,Rural,0-4,8224,4210,4014,205,98,107,205,98,107,0,0,0,0,0,0,0,0,0,0,0,0
C3010,12,08,0000,District - East Siang  08,Rural,5,1970,1033,937,404,227,177,404,227,177,0,0,0,0,0,0,0,0,0,0,0,0
C3010,12,08,0000,District - East Siang  08,Rural,6,2106,1081,1025,734,386,348,734,386,348,0,0,0,0,0,0,0,0,0,0,0,0
C3010,12,08,0000,District - East Siang  08,Rural,7,1800,920,880,972,521,451,972,521,451,0,0,0,0,0,0,0,0,0,0,0,0
C3010,12,08,0000,District - East Siang  08,Rural,8,2190,1127,1063,1421,755,666,1421,755,666,0,0,0,0,0,0,0,0,0,0,0,0
C3010,12,08,0000,District - East Siang  08,Rural,9,1623,860,763,1180,637,543,1180,637,543,0,0,0,0,0,0,0,0,0,0,0,0
C3010,12,08,0000,District - East Siang  08,Rural,10,2255,1147,1108,1693,877,816,1693,877,816,0,0,0,0,0,0,0,0,0,0,0,0
C3010,12,08,0000,District - East Siang  08,Rural,11,1039,509,530,851,426,425,851,426,425,0,0,0,0,0,0,0,0,0,0,0,0
C3010,12,08,0000,District - East Siang  08,Rural,12,2217,1134,1083,1823,957,866,1823,957,866,0,0,0,0,0,0,0,0,0,0,0,0
C3010,12,08,0000,District - East Siang  08,Rural,13,1238,632,606,1006,524,482,1006,524,482,0,0,0,0,0,0,0,0,0,0,0,0
C3010,12,08,0000,District - East Siang  08,Rural,14,1870,953,917,1528,800,728,1528,800,728,0,0,0,0,0,0,0,0,0,0,0,0
C3010,12,08,0000,District - East Siang  08,Rural,15-19,6745,3282,3463,4769,2402,2367,4674,2345,2329,79,46,33,5,3,2,10,7,3,1,1,0
C3010,12,08,0000,District - East Siang  08,Rural,20-24,4814,2341,2473,1655,986,669,1298,755,543,330,218,112,15,5,10,11,7,4,1,1,0
C3010,12,08,0000,District - East Siang  08,Rural,25-29,5102,2423,2679,161,125,36,0,0,0,140,111,29,6,3,3,15,11,4,0,0,0
C3010,12,08,0000,District - East Siang  08,Rural,30-34,4186,2126,2060,50,42,8,0,0,0,35,33,2,0,0,0,14,8,6,1,1,0
C3010,12,08,0000,District - East Siang  08,Rural,35-59,13793,7468,6325,59,53,6,0,0,0,44,40,4,2,1,1,9,9,0,4,3,1
C3010,12,08,0000,District - East Siang  08,Rural,60+,4204,2357,1847,4,3,1,0,0,0,0,0,0,1,1,0,1,1,0,2,1,1
C3010,12,08,0000,District - East Siang  08,Rural,Age not stated,56,31,25,1,1,0,0,0,0,1,1,0,0,0,0,0,0,0,0,0,0
C3010,12,08,0000,District - East Siang  08,Urban,All ages,21965,11631,10334,7568,4080,3488,6539,3420,3119,899,591,308,113,57,56,10,7,3,7,5,2
C3010,12,08,0000,District - East Siang  08,Urban,0-4,2297,1104,1193,86,42,44,86,42,44,0,0,0,0,0,0,0,0,0,0,0,0
C3010,12,08,0000,District - East Siang  08,Urban,5,610,314,296,207,111,96,207,111,96,0,0,0,0,0,0,0,0,0,0,0,0
C3010,12,08,0000,District - East Siang  08,Urban,6,573,319,254,334,189,145,334,189,145,0,0,0,0,0,0,0,0,0,0,0,0
C3010,12,08,0000,District - East Siang  08,Urban,7,617,314,303,490,248,242,490,248,242,0,0,0,0,0,0,0,0,0,0,0,0
C3010,12,08,0000,District - East Siang  08,Urban,8,643,348,295,529,290,239,529,290,239,0,0,0,0,0,0,0,0,0,0,0,0
C3010,12,08,0000,District - East Siang  08,Urban,9,552,255,297,476,223,253,476,223,253,0,0,0,0,0,0,0,0,0,0,0,0
C3010,12,08,0000,District - East Siang  08,Urban,10,703,379,324,613,339,274,613,339,274,0,0,0,0,0,0,0,0,0,0,0,0
C3010,12,08,0000,District - East Siang  08,Urban,11,454,217,237,396,201,195,396,201,195,0,0,0,0,0,0,0,0,0,0,0,0
C3010,12,08,0000,District - East Siang  08,Urban,12,723,360,363,608,325,283,608,325,283,0,0,0,0,0,0,0,0,0,0,0,0
C3010,12,08,0000,District - East Siang  08,Urban,13,525,236,289,461,212,249,461,212,249,0,0,0,0,0,0,0,0,0,0,0,0
C3010,12,08,0000,District - East Siang  08,Urban,14,562,257,305,476,233,243,476,233,243,0,0,0,0,0,0,0,0,0,0,0,0
C3010,12,08,0000,District - East Siang  08,Urban,15-19,2492,1273,1219,1783,959,824,1581,844,737,196,112,84,3,2,1,2,1,1,1,0,1
C3010,12,08,0000,District - East Siang  08,Urban,20-24,2093,1122,971,950,586,364,282,163,119,617,414,203,47,7,40,3,2,1,1,0,1
C3010,12,08,0000,District - East Siang  08,Urban,25-29,1961,916,1045,110,76,34,0,0,0,70,51,19,34,20,14,4,3,1,2,2,0
C3010,12,08,0000,District - East Siang  08,Urban,30-34,1761,893,868,23,23,0,0,0,0,9,9,0,14,14,0,0,0,0,0,0,0
C3010,12,08,0000,District - East Siang  08,Urban,35-59,4871,3014,1857,25,23,2,0,0,0,6,5,1,15,14,1,1,1,0,3,3,0
C3010,12,08,0000,District - East Siang  08,Urban,60+,517,303,214,1,0,1,0,0,0,1,0,1,0,0,0,0,0,0,0,0,0
C3010,12,08,0000,District - East Siang  08,Urban,Age not stated,11,7,4,0,0,0,0,0,0,0,0,0,0,0,0,0,0,0,0,0,0
C3010,12,09,0000,District - Upper Siang *  09,Total,All ages,33363,18057,15306,7030,3800,3230,6952,3738,3214,63,51,12,5,4,1,7,5,2,3,2,1
C3010,12,09,0000,District - Upper Siang *  09,Total,0-4,4364,2137,2227,80,45,35,80,45,35,0,0,0,0,0,0,0,0,0,0,0,0
C3010,12,09,0000,District - Upper Siang *  09,Total,5,945,485,460,140,63,77,140,63,77,0,0,0,0,0,0,0,0,0,0,0,0
C3010,12,09,0000,District - Upper Siang *  09,Total,6,1087,560,527,326,174,152,326,174,152,0,0,0,0,0,0,0,0,0,0,0,0
C3010,12,09,0000,District - Upper Siang *  09,Total,7,885,434,451,391,202,189,391,202,189,0,0,0,0,0,0,0,0,0,0,0,0
C3010,12,09,0000,District - Upper Siang *  09,Total,8,1082,552,530,555,282,273,555,282,273,0,0,0,0,0,0,0,0,0,0,0,0
C3010,12,09,0000,District - Upper Siang *  09,Total,9,730,344,386,427,218,209,427,218,209,0,0,0,0,0,0,0,0,0,0,0,0
C3010,12,09,0000,District - Upper Siang *  09,Total,10,1080,564,516,727,383,344,727,383,344,0,0,0,0,0,0,0,0,0,0,0,0
C3010,12,09,0000,District - Upper Siang *  09,Total,11,446,232,214,339,176,163,339,176,163,0,0,0,0,0,0,0,0,0,0,0,0
C3010,12,09,0000,District - Upper Siang *  09,Total,12,899,448,451,710,371,339,710,371,339,0,0,0,0,0,0,0,0,0,0,0,0
C3010,12,09,0000,District - Upper Siang *  09,Total,13,570,275,295,471,240,231,471,240,231,0,0,0,0,0,0,0,0,0,0,0,0
C3010,12,09,0000,District - Upper Siang *  09,Total,14,643,327,316,537,290,247,537,290,247,0,0,0,0,0,0,0,0,0,0,0,0
C3010,12,09,0000,District - Upper Siang *  09,Total,15-19,2644,1421,1223,1807,1010,797,1802,1008,794,4,2,2,0,0,0,1,0,1,0,0,0
C3010,12,09,0000,District - Upper Siang *  09,Total,20-24,2342,1299,1043,471,304,167,447,286,161,22,16,6,1,1,0,1,1,0,0,0,0
C3010,12,09,0000,District - Upper Siang *  09,Total,25-29,2932,1596,1336,30,26,4,0,0,0,24,22,2,0,0,0,4,3,1,2,1,1
C3010,12,09,0000,District - Upper Siang *  09,Total,30-34,2398,1386,1012,10,9,1,0,0,0,9,8,1,1,1,0,0,0,0,0,0,0
C3010,12,09,0000,District - Upper Siang *  09,Total,35-59,7703,4555,3148,9,7,2,0,0,0,4,3,1,3,2,1,1,1,0,1,1,0
C3010,12,09,0000,District - Upper Siang *  09,Total,60+,2598,1431,1167,0,0,0,0,0,0,0,0,0,0,0,0,0,0,0,0,0,0
C3010,12,09,0000,District - Upper Siang *  09,Total,Age not stated,15,11,4,0,0,0,0,0,0,0,0,0,0,0,0,0,0,0,0,0,0
C3010,12,09,0000,District - Upper Siang *  09,Rural,All ages,33363,18057,15306,7030,3800,3230,6952,3738,3214,63,51,12,5,4,1,7,5,2,3,2,1
C3010,12,09,0000,District - Upper Siang *  09,Rural,0-4,4364,2137,2227,80,45,35,80,45,35,0,0,0,0,0,0,0,0,0,0,0,0
C3010,12,09,0000,District - Upper Siang *  09,Rural,5,945,485,460,140,63,77,140,63,77,0,0,0,0,0,0,0,0,0,0,0,0
C3010,12,09,0000,District - Upper Siang *  09,Rural,6,1087,560,527,326,174,152,326,174,152,0,0,0,0,0,0,0,0,0,0,0,0
C3010,12,09,0000,District - Upper Siang *  09,Rural,7,885,434,451,391,202,189,391,202,189,0,0,0,0,0,0,0,0,0,0,0,0
C3010,12,09,0000,District - Upper Siang *  09,Rural,8,1082,552,530,555,282,273,555,282,273,0,0,0,0,0,0,0,0,0,0,0,0
C3010,12,09,0000,District - Upper Siang *  09,Rural,9,730,344,386,427,218,209,427,218,209,0,0,0,0,0,0,0,0,0,0,0,0
C3010,12,09,0000,District - Upper Siang *  09,Rural,10,1080,564,516,727,383,344,727,383,344,0,0,0,0,0,0,0,0,0,0,0,0
C3010,12,09,0000,District - Upper Siang *  09,Rural,11,446,232,214,339,176,163,339,176,163,0,0,0,0,0,0,0,0,0,0,0,0
C3010,12,09,0000,District - Upper Siang *  09,Rural,12,899,448,451,710,371,339,710,371,339,0,0,0,0,0,0,0,0,0,0,0,0
C3010,12,09,0000,District - Upper Siang *  09,Rural,13,570,275,295,471,240,231,471,240,231,0,0,0,0,0,0,0,0,0,0,0,0
C3010,12,09,0000,District - Upper Siang *  09,Rural,14,643,327,316,537,290,247,537,290,247,0,0,0,0,0,0,0,0,0,0,0,0
C3010,12,09,0000,District - Upper Siang *  09,Rural,15-19,2644,1421,1223,1807,1010,797,1802,1008,794,4,2,2,0,0,0,1,0,1,0,0,0
C3010,12,09,0000,District - Upper Siang *  09,Rural,20-24,2342,1299,1043,471,304,167,447,286,161,22,16,6,1,1,0,1,1,0,0,0,0
C3010,12,09,0000,District - Upper Siang *  09,Rural,25-29,2932,1596,1336,30,26,4,0,0,0,24,22,2,0,0,0,4,3,1,2,1,1
C3010,12,09,0000,District - Upper Siang *  09,Rural,30-34,2398,1386,1012,10,9,1,0,0,0,9,8,1,1,1,0,0,0,0,0,0,0
C3010,12,09,0000,District - Upper Siang *  09,Rural,35-59,7703,4555,3148,9,7,2,0,0,0,4,3,1,3,2,1,1,1,0,1,1,0
C3010,12,09,0000,District - Upper Siang *  09,Rural,60+,2598,1431,1167,0,0,0,0,0,0,0,0,0,0,0,0,0,0,0,0,0,0
C3010,12,09,0000,District - Upper Siang *  09,Rural,Age not stated,15,11,4,0,0,0,0,0,0,0,0,0,0,0,0,0,0,0,0,0,0
C3010,12,09,0000,District - Upper Siang *  09,Urban,All ages,0,0,0,0,0,0,0,0,0,0,0,0,0,0,0,0,0,0,0,0,0
C3010,12,09,0000,District - Upper Siang *  09,Urban,0-4,0,0,0,0,0,0,0,0,0,0,0,0,0,0,0,0,0,0,0,0,0
C3010,12,09,0000,District - Upper Siang *  09,Urban,5,0,0,0,0,0,0,0,0,0,0,0,0,0,0,0,0,0,0,0,0,0
C3010,12,09,0000,District - Upper Siang *  09,Urban,6,0,0,0,0,0,0,0,0,0,0,0,0,0,0,0,0,0,0,0,0,0
C3010,12,09,0000,District - Upper Siang *  09,Urban,7,0,0,0,0,0,0,0,0,0,0,0,0,0,0,0,0,0,0,0,0,0
C3010,12,09,0000,District - Upper Siang *  09,Urban,8,0,0,0,0,0,0,0,0,0,0,0,0,0,0,0,0,0,0,0,0,0
C3010,12,09,0000,District - Upper Siang *  09,Urban,9,0,0,0,0,0,0,0,0,0,0,0,0,0,0,0,0,0,0,0,0,0
C3010,12,09,0000,District - Upper Siang *  09,Urban,10,0,0,0,0,0,0,0,0,0,0,0,0,0,0,0,0,0,0,0,0,0
C3010,12,09,0000,District - Upper Siang *  09,Urban,11,0,0,0,0,0,0,0,0,0,0,0,0,0,0,0,0,0,0,0,0,0
C3010,12,09,0000,District - Upper Siang *  09,Urban,12,0,0,0,0,0,0,0,0,0,0,0,0,0,0,0,0,0,0,0,0,0
C3010,12,09,0000,District - Upper Siang *  09,Urban,13,0,0,0,0,0,0,0,0,0,0,0,0,0,0,0,0,0,0,0,0,0
C3010,12,09,0000,District - Upper Siang *  09,Urban,14,0,0,0,0,0,0,0,0,0,0,0,0,0,0,0,0,0,0,0,0,0
C3010,12,09,0000,District - Upper Siang *  09,Urban,15-19,0,0,0,0,0,0,0,0,0,0,0,0,0,0,0,0,0,0,0,0,0
C3010,12,09,0000,District - Upper Siang *  09,Urban,20-24,0,0,0,0,0,0,0,0,0,0,0,0,0,0,0,0,0,0,0,0,0
C3010,12,09,0000,District - Upper Siang *  09,Urban,25-29,0,0,0,0,0,0,0,0,0,0,0,0,0,0,0,0,0,0,0,0,0
C3010,12,09,0000,District - Upper Siang *  09,Urban,30-34,0,0,0,0,0,0,0,0,0,0,0,0,0,0,0,0,0,0,0,0,0
C3010,12,09,0000,District - Upper Siang *  09,Urban,35-59,0,0,0,0,0,0,0,0,0,0,0,0,0,0,0,0,0,0,0,0,0
C3010,12,09,0000,District - Upper Siang *  09,Urban,60+,0,0,0,0,0,0,0,0,0,0,0,0,0,0,0,0,0,0,0,0,0
C3010,12,09,0000,District - Upper Siang *  09,Urban,Age not stated,0,0,0,0,0,0,0,0,0,0,0,0,0,0,0,0,0,0,0,0,0
C3010,12,10,0000,District - Dibang Valley  10,Total,All ages,57720,31442,26278,13901,7777,6124,13475,7458,6017,273,215,58,94,60,34,43,33,10,16,11,5
C3010,12,10,0000,District - Dibang Valley  10,Total,0-4,6986,3544,3442,185,107,78,185,107,78,0,0,0,0,0,0,0,0,0,0,0,0
C3010,12,10,0000,District - Dibang Valley  10,Total,5,1766,929,837,434,229,205,434,229,205,0,0,0,0,0,0,0,0,0,0,0,0
C3010,12,10,0000,District - Dibang Valley  10,Total,6,1672,884,788,629,339,290,629,339,290,0,0,0,0,0,0,0,0,0,0,0,0
C3010,12,10,0000,District - Dibang Valley  10,Total,7,1615,851,764,926,519,407,926,519,407,0,0,0,0,0,0,0,0,0,0,0,0
C3010,12,10,0000,District - Dibang Valley  10,Total,8,1774,920,854,1079,581,498,1079,581,498,0,0,0,0,0,0,0,0,0,0,0,0
C3010,12,10,0000,District - Dibang Valley  10,Total,9,1434,732,702,1003,523,480,1003,523,480,0,0,0,0,0,0,0,0,0,0,0,0
C3010,12,10,0000,District - Dibang Valley  10,Total,10,1999,1024,975,1368,733,635,1368,733,635,0,0,0,0,0,0,0,0,0,0,0,0
C3010,12,10,0000,District - Dibang Valley  10,Total,11,1108,537,571,803,423,380,803,423,380,0,0,0,0,0,0,0,0,0,0,0,0
C3010,12,10,0000,District - Dibang Valley  10,Total,12,1944,1023,921,1380,749,631,1380,749,631,0,0,0,0,0,0,0,0,0,0,0,0
C3010,12,10,0000,District - Dibang Valley  10,Total,13,1391,710,681,1011,559,452,1011,559,452,0,0,0,0,0,0,0,0,0,0,0,0
C3010,12,10,0000,District - Dibang Valley  10,Total,14,1498,778,720,1075,597,478,1075,597,478,0,0,0,0,0,0,0,0,0,0,0,0
C3010,12,10,0000,District - Dibang Valley  10,Total,15-19,6135,3389,2746,3236,1881,1355,3148,1827,1321,60,43,17,25,11,14,3,0,3,0,0,0
C3010,12,10,0000,District - Dibang Valley  10,Total,20-24,4656,2530,2126,672,449,223,434,272,162,165,130,35,55,37,18,14,9,5,4,1,3
C3010,12,10,0000,District - Dibang Valley  10,Total,25-29,4856,2567,2289,53,45,8,0,0,0,33,27,6,10,9,1,10,9,1,0,0,0
C3010,12,10,0000,District - Dibang Valley  10,Total,30-34,4032,2168,1864,14,12,2,0,0,0,6,6,0,3,2,1,2,2,0,3,2,1
C3010,12,10,0000,District - Dibang Valley  10,Total,35-59,12478,7557,4921,30,28,2,0,0,0,9,9,0,1,1,0,14,13,1,6,5,1
C3010,12,10,0000,District - Dibang Valley  10,Total,60+,2329,1265,1064,3,3,0,0,0,0,0,0,0,0,0,0,0,0,0,3,3,0
C3010,12,10,0000,District - Dibang Valley  10,Total,Age not stated,47,34,13,0,0,0,0,0,0,0,0,0,0,0,0,0,0,0,0,0,0
C3010,12,10,0000,District - Dibang Valley  10,Rural,All ages,47613,25715,21898,10040,5584,4456,9832,5422,4410,149,119,30,17,14,3,29,21,8,13,8,5
C3010,12,10,0000,District - Dibang Valley  10,Rural,0-4,6096,3088,3008,110,64,46,110,64,46,0,0,0,0,0,0,0,0,0,0,0,0
C3010,12,10,0000,District - Dibang Valley  10,Rural,5,1487,780,707,272,137,135,272,137,135,0,0,0,0,0,0,0,0,0,0,0,0
C3010,12,10,0000,District - Dibang Valley  10,Rural,6,1400,746,654,425,239,186,425,239,186,0,0,0,0,0,0,0,0,0,0,0,0
C3010,12,10,0000,District - Dibang Valley  10,Rural,7,1345,706,639,676,384,292,676,384,292,0,0,0,0,0,0,0,0,0,0,0,0
C3010,12,10,0000,District - Dibang Valley  10,Rural,8,1519,785,734,843,451,392,843,451,392,0,0,0,0,0,0,0,0,0,0,0,0
C3010,12,10,0000,District - Dibang Valley  10,Rural,9,1216,612,604,801,412,389,801,412,389,0,0,0,0,0,0,0,0,0,0,0,0
C3010,12,10,0000,District - Dibang Valley  10,Rural,10,1720,880,840,1116,597,519,1116,597,519,0,0,0,0,0,0,0,0,0,0,0,0
C3010,12,10,0000,District - Dibang Valley  10,Rural,11,893,436,457,608,326,282,608,326,282,0,0,0,0,0,0,0,0,0,0,0,0
C3010,12,10,0000,District - Dibang Valley  10,Rural,12,1597,845,752,1063,588,475,1063,588,475,0,0,0,0,0,0,0,0,0,0,0,0
C3010,12,10,0000,District - Dibang Valley  10,Rural,13,1043,521,522,700,384,316,700,384,316,0,0,0,0,0,0,0,0,0,0,0,0
C3010,12,10,0000,District - Dibang Valley  10,Rural,14,1133,575,558,750,415,335,750,415,335,0,0,0,0,0,0,0,0,0,0,0,0
C3010,12,10,0000,District - Dibang Valley  10,Rural,15-19,4745,2556,2189,2158,1231,927,2123,1208,915,31,21,10,2,2,0,2,0,2,0,0,0
C3010,12,10,0000,District - Dibang Valley  10,Rural,20-24,3774,2049,1725,449,295,154,345,217,128,78,62,16,10,8,2,12,7,5,4,1,3
C3010,12,10,0000,District - Dibang Valley  10,Rural,25-29,3965,2114,1851,39,34,5,0,0,0,29,25,4,2,2,0,8,7,1,0,0,0
C3010,12,10,0000,District - Dibang Valley  10,Rural,30-34,3183,1717,1466,9,7,2,0,0,0,5,5,0,2,1,1,0,0,0,2,1,1
C3010,12,10,0000,District - Dibang Valley  10,Rural,35-59,10290,6104,4186,19,18,1,0,0,0,6,6,0,1,1,0,7,7,0,5,4,1
C3010,12,10,0000,District - Dibang Valley  10,Rural,60+,2171,1175,996,2,2,0,0,0,0,0,0,0,0,0,0,0,0,0,2,2,0
C3010,12,10,0000,District - Dibang Valley  10,Rural,Age not stated,36,26,10,0,0,0,0,0,0,0,0,0,0,0,0,0,0,0,0,0,0
C3010,12,10,0000,District - Dibang Valley  10,Urban,All ages,10107,5727,4380,3861,2193,1668,3643,2036,1607,124,96,28,77,46,31,14,12,2,3,3,0
C3010,12,10,0000,District - Dibang Valley  10,Urban,0-4,890,456,434,75,43,32,75,43,32,0,0,0,0,0,0,0,0,0,0,0,0
C3010,12,10,0000,District - Dibang Valley  10,Urban,5,279,149,130,162,92,70,162,92,70,0,0,0,0,0,0,0,0,0,0,0,0
C3010,12,10,0000,District - Dibang Valley  10,Urban,6,272,138,134,204,100,104,204,100,104,0,0,0,0,0,0,0,0,0,0,0,0
C3010,12,10,0000,District - Dibang Valley  10,Urban,7,270,145,125,250,135,115,250,135,115,0,0,0,0,0,0,0,0,0,0,0,0
C3010,12,10,0000,District - Dibang Valley  10,Urban,8,255,135,120,236,130,106,236,130,106,0,0,0,0,0,0,0,0,0,0,0,0
C3010,12,10,0000,District - Dibang Valley  10,Urban,9,218,120,98,202,111,91,202,111,91,0,0,0,0,0,0,0,0,0,0,0,0
C3010,12,10,0000,District - Dibang Valley  10,Urban,10,279,144,135,252,136,116,252,136,116,0,0,0,0,0,0,0,0,0,0,0,0
C3010,12,10,0000,District - Dibang Valley  10,Urban,11,215,101,114,195,97,98,195,97,98,0,0,0,0,0,0,0,0,0,0,0,0
C3010,12,10,0000,District - Dibang Valley  10,Urban,12,347,178,169,317,161,156,317,161,156,0,0,0,0,0,0,0,0,0,0,0,0
C3010,12,10,0000,District - Dibang Valley  10,Urban,13,348,189,159,311,175,136,311,175,136,0,0,0,0,0,0,0,0,0,0,0,0
C3010,12,10,0000,District - Dibang Valley  10,Urban,14,365,203,162,325,182,143,325,182,143,0,0,0,0,0,0,0,0,0,0,0,0
C3010,12,10,0000,District - Dibang Valley  10,Urban,15-19,1390,833,557,1078,650,428,1025,619,406,29,22,7,23,9,14,1,0,1,0,0,0
C3010,12,10,0000,District - Dibang Valley  10,Urban,20-24,882,481,401,223,154,69,89,55,34,87,68,19,45,29,16,2,2,0,0,0,0
C3010,12,10,0000,District - Dibang Valley  10,Urban,25-29,891,453,438,14,11,3,0,0,0,4,2,2,8,7,1,2,2,0,0,0,0
C3010,12,10,0000,District - Dibang Valley  10,Urban,30-34,849,451,398,5,5,0,0,0,0,1,1,0,1,1,0,2,2,0,1,1,0
C3010,12,10,0000,District - Dibang Valley  10,Urban,35-59,2188,1453,735,11,10,1,0,0,0,3,3,0,0,0,0,7,6,1,1,1,0
C3010,12,10,0000,District - Dibang Valley  10,Urban,60+,158,90,68,1,1,0,0,0,0,0,0,0,0,0,0,0,0,0,1,1,0
C3010,12,10,0000,District - Dibang Valley  10,Urban,Age not stated,11,8,3,0,0,0,0,0,0,0,0,0,0,0,0,0,0,0,0,0,0
C3010,12,11,0000,District - Lohit  11,Total,All ages,143527,77314,66213,29056,16661,12395,28070,16034,12036,779,505,274,52,31,21,59,37,22,96,54,42
C3010,12,11,0000,District - Lohit  11,Total,0-4,19439,10104,9335,498,288,210,498,288,210,0,0,0,0,0,0,0,0,0,0,0,0
C3010,12,11,0000,District - Lohit  11,Total,5,4506,2314,2192,888,477,411,888,477,411,0,0,0,0,0,0,0,0,0,0,0,0
C3010,12,11,0000,District - Lohit  11,Total,6,4651,2374,2277,1430,788,642,1430,788,642,0,0,0,0,0,0,0,0,0,0,0,0
C3010,12,11,0000,District - Lohit  11,Total,7,4125,2164,1961,2241,1234,1007,2241,1234,1007,0,0,0,0,0,0,0,0,0,0,0,0
C3010,12,11,0000,District - Lohit  11,Total,8,4901,2529,2372,2683,1511,1172,2683,1511,1172,0,0,0,0,0,0,0,0,0,0,0,0
C3010,12,11,0000,District - Lohit  11,Total,9,3288,1689,1599,2159,1187,972,2159,1187,972,0,0,0,0,0,0,0,0,0,0,0,0
C3010,12,11,0000,District - Lohit  11,Total,10,4942,2629,2313,3007,1742,1265,3007,1742,1265,0,0,0,0,0,0,0,0,0,0,0,0
C3010,12,11,0000,District - Lohit  11,Total,11,2648,1333,1315,1948,1052,896,1948,1052,896,0,0,0,0,0,0,0,0,0,0,0,0
C3010,12,11,0000,District - Lohit  11,Total,12,4425,2353,2072,2757,1589,1168,2757,1589,1168,0,0,0,0,0,0,0,0,0,0,0,0
C3010,12,11,0000,District - Lohit  11,Total,13,2806,1422,1384,1939,1064,875,1939,1064,875,0,0,0,0,0,0,0,0,0,0,0,0
C3010,12,11,0000,District - Lohit  11,Total,14,3299,1686,1613,2040,1152,888,2040,1152,888,0,0,0,0,0,0,0,0,0,0,0,0
C3010,12,11,0000,District - Lohit  11,Total,15-19,13710,7322,6388,5885,3495,2390,5648,3376,2272,195,99,96,12,5,7,23,13,10,7,2,5
C3010,12,11,0000,District - Lohit  11,Total,20-24,11902,6228,5674,1381,932,449,832,574,258,499,334,165,15,8,7,14,8,6,21,8,13
C3010,12,11,0000,District - Lohit  11,Total,25-29,12171,6306,5865,112,81,31,0,0,0,62,50,12,8,5,3,13,9,4,29,17,12
C3010,12,11,0000,District - Lohit  11,Total,30-34,10189,5559,4630,28,21,7,0,0,0,10,10,0,5,3,2,5,3,2,8,5,3
C3010,12,11,0000,District - Lohit  11,Total,35-59,30155,17820,12335,52,43,9,0,0,0,13,12,1,9,9,0,3,3,0,27,19,8
C3010,12,11,0000,District - Lohit  11,Total,60+,6256,3408,2848,8,5,3,0,0,0,0,0,0,3,1,2,1,1,0,4,3,1
C3010,12,11,0000,District - Lohit  11,Total,Age not stated,114,74,40,0,0,0,0,0,0,0,0,0,0,0,0,0,0,0,0,0,0
C3010,12,11,0000,District - Lohit  11,Rural,All ages,116765,62569,54196,21186,12239,8947,20729,11933,8796,318,221,97,27,20,7,29,16,13,83,49,34
C3010,12,11,0000,District - Lohit  11,Rural,0-4,16510,8624,7886,340,191,149,340,191,149,0,0,0,0,0,0,0,0,0,0,0,0
C3010,12,11,0000,District - Lohit  11,Rural,5,3728,1917,1811,613,328,285,613,328,285,0,0,0,0,0,0,0,0,0,0,0,0
C3010,12,11,0000,District - Lohit  11,Rural,6,3996,2032,1964,1105,615,490,1105,615,490,0,0,0,0,0,0,0,0,0,0,0,0
C3010,12,11,0000,District - Lohit  11,Rural,7,3285,1735,1550,1590,911,679,1590,911,679,0,0,0,0,0,0,0,0,0,0,0,0
C3010,12,11,0000,District - Lohit  11,Rural,8,4104,2106,1998,2052,1170,882,2052,1170,882,0,0,0,0,0,0,0,0,0,0,0,0
C3010,12,11,0000,District - Lohit  11,Rural,9,2677,1361,1316,1633,900,733,1633,900,733,0,0,0,0,0,0,0,0,0,0,0,0
C3010,12,11,0000,District - Lohit  11,Rural,10,4085,2152,1933,2324,1342,982,2324,1342,982,0,0,0,0,0,0,0,0,0,0,0,0
C3010,12,11,0000,District - Lohit  11,Rural,11,2102,1050,1052,1469,795,674,1469,795,674,0,0,0,0,0,0,0,0,0,0,0,0
C3010,12,11,0000,District - Lohit  11,Rural,12,3603,1914,1689,2116,1239,877,2116,1239,877,0,0,0,0,0,0,0,0,0,0,0,0
C3010,12,11,0000,District - Lohit  11,Rural,13,2199,1111,1088,1429,796,633,1429,796,633,0,0,0,0,0,0,0,0,0,0,0,0
C3010,12,11,0000,District - Lohit  11,Rural,14,2657,1330,1327,1526,856,670,1526,856,670,0,0,0,0,0,0,0,0,0,0,0,0
C3010,12,11,0000,District - Lohit  11,Rural,15-19,10735,5674,5061,4003,2408,1595,3914,2354,1560,70,45,25,3,3,0,13,5,8,3,1,2
C3010,12,11,0000,District - Lohit  11,Rural,20-24,9600,5012,4588,847,585,262,618,436,182,201,135,66,7,4,3,5,3,2,16,7,9
C3010,12,11,0000,District - Lohit  11,Rural,25-29,9831,5156,4675,71,50,21,0,0,0,34,28,6,4,3,1,5,3,2,28,16,12
C3010,12,11,0000,District - Lohit  11,Rural,30-34,8028,4384,3644,19,15,4,0,0,0,7,7,0,2,1,1,4,3,1,6,4,2
C3010,12,11,0000,District - Lohit  11,Rural,35-59,23967,13965,10002,42,34,8,0,0,0,6,6,0,9,9,0,1,1,0,26,18,8
C3010,12,11,0000,District - Lohit  11,Rural,60+,5560,2981,2579,7,4,3,0,0,0,0,0,0,2,0,2,1,1,0,4,3,1
C3010,12,11,0000,District - Lohit  11,Rural,Age not stated,98,65,33,0,0,0,0,0,0,0,0,0,0,0,0,0,0,0,0,0,0
C3010,12,11,0000,District - Lohit  11,Urban,All ages,26762,14745,12017,7870,4422,3448,7341,4101,3240,461,284,177,25,11,14,30,21,9,13,5,8
C3010,12,11,0000,District - Lohit  11,Urban,0-4,2929,1480,1449,158,97,61,158,97,61,0,0,0,0,0,0,0,0,0,0,0,0
C3010,12,11,0000,District - Lohit  11,Urban,5,778,397,381,275,149,126,275,149,126,0,0,0,0,0,0,0,0,0,0,0,0
C3010,12,11,0000,District - Lohit  11,Urban,6,655,342,313,325,173,152,325,173,152,0,0,0,0,0,0,0,0,0,0,0,0
C3010,12,11,0000,District - Lohit  11,Urban,7,840,429,411,651,323,328,651,323,328,0,0,0,0,0,0,0,0,0,0,0,0
C3010,12,11,0000,District - Lohit  11,Urban,8,797,423,374,631,341,290,631,341,290,0,0,0,0,0,0,0,0,0,0,0,0
C3010,12,11,0000,District - Lohit  11,Urban,9,611,328,283,526,287,239,526,287,239,0,0,0,0,0,0,0,0,0,0,0,0
C3010,12,11,0000,District - Lohit  11,Urban,10,857,477,380,683,400,283,683,400,283,0,0,0,0,0,0,0,0,0,0,0,0
C3010,12,11,0000,District - Lohit  11,Urban,11,546,283,263,479,257,222,479,257,222,0,0,0,0,0,0,0,0,0,0,0,0
C3010,12,11,0000,District - Lohit  11,Urban,12,822,439,383,641,350,291,641,350,291,0,0,0,0,0,0,0,0,0,0,0,0
C3010,12,11,0000,District - Lohit  11,Urban,13,607,311,296,510,268,242,510,268,242,0,0,0,0,0,0,0,0,0,0,0,0
C3010,12,11,0000,District - Lohit  11,Urban,14,642,356,286,514,296,218,514,296,218,0,0,0,0,0,0,0,0,0,0,0,0
C3010,12,11,0000,District - Lohit  11,Urban,15-19,2975,1648,1327,1882,1087,795,1734,1022,712,125,54,71,9,2,7,10,8,2,4,1,3
C3010,12,11,0000,District - Lohit  11,Urban,20-24,2302,1216,1086,534,347,187,214,138,76,298,199,99,8,4,4,9,5,4,5,1,4
C3010,12,11,0000,District - Lohit  11,Urban,25-29,2340,1150,1190,41,31,10,0,0,0,28,22,6,4,2,2,8,6,2,1,1,0
C3010,12,11,0000,District - Lohit  11,Urban,30-34,2161,1175,986,9,6,3,0,0,0,3,3,0,3,2,1,1,0,1,2,1,1
C3010,12,11,0000,District - Lohit  11,Urban,35-59,6188,3855,2333,10,9,1,0,0,0,7,6,1,0,0,0,2,2,0,1,1,0
C3010,12,11,0000,District - Lohit  11,Urban,60+,696,427,269,1,1,0,0,0,0,0,0,0,1,1,0,0,0,0,0,0,0
C3010,12,11,0000,District - Lohit  11,Urban,Age not stated,16,9,7,0,0,0,0,0,0,0,0,0,0,0,0,0,0,0,0,0,0
C3010,12,12,0000,District - Changlang  12,Total,All ages,125422,65821,59601,24129,13899,10230,23576,13515,10061,409,284,125,24,19,5,49,35,14,71,46,25
C3010,12,12,0000,District - Changlang  12,Total,0-4,17342,8791,8551,386,210,176,386,210,176,0,0,0,0,0,0,0,0,0,0,0,0
C3010,12,12,0000,District - Changlang  12,Total,5,3943,2089,1854,741,411,330,741,411,330,0,0,0,0,0,0,0,0,0,0,0,0
C3010,12,12,0000,District - Changlang  12,Total,6,4201,2162,2039,1366,779,587,1366,779,587,0,0,0,0,0,0,0,0,0,0,0,0
C3010,12,12,0000,District - Changlang  12,Total,7,3300,1758,1542,1739,1002,737,1739,1002,737,0,0,0,0,0,0,0,0,0,0,0,0
C3010,12,12,0000,District - Changlang  12,Total,8,4171,2124,2047,2196,1236,960,2196,1236,960,0,0,0,0,0,0,0,0,0,0,0,0
C3010,12,12,0000,District - Changlang  12,Total,9,2683,1368,1315,1688,931,757,1688,931,757,0,0,0,0,0,0,0,0,0,0,0,0
C3010,12,12,0000,District - Changlang  12,Total,10,4160,2151,2009,2408,1379,1029,2408,1379,1029,0,0,0,0,0,0,0,0,0,0,0,0
C3010,12,12,0000,District - Changlang  12,Total,11,2146,1124,1022,1459,843,616,1459,843,616,0,0,0,0,0,0,0,0,0,0,0,0
C3010,12,12,0000,District - Changlang  12,Total,12,4017,2058,1959,2422,1381,1041,2422,1381,1041,0,0,0,0,0,0,0,0,0,0,0,0
C3010,12,12,0000,District - Changlang  12,Total,13,2530,1244,1286,1654,888,766,1654,888,766,0,0,0,0,0,0,0,0,0,0,0,0
C3010,12,12,0000,District - Changlang  12,Total,14,3046,1549,1497,1778,996,782,1778,996,782,0,0,0,0,0,0,0,0,0,0,0,0
C3010,12,12,0000,District - Changlang  12,Total,15-19,12874,6657,6217,5236,3098,2138,5123,3035,2088,88,50,38,8,6,2,8,3,5,9,4,5
C3010,12,12,0000,District - Changlang  12,Total,20-24,10753,5376,5377,922,636,286,616,424,192,254,178,76,6,5,1,21,13,8,25,16,9
C3010,12,12,0000,District - Changlang  12,Total,25-29,10894,5436,5458,82,70,12,0,0,0,52,44,8,7,6,1,14,13,1,9,7,2
C3010,12,12,0000,District - Changlang  12,Total,30-34,8067,4313,3754,13,8,5,0,0,0,1,1,0,0,0,0,2,2,0,10,5,5
C3010,12,12,0000,District - Changlang  12,Total,35-59,24996,14181,10815,36,29,7,0,0,0,14,11,3,3,2,1,4,4,0,15,12,3
C3010,12,12,0000,District - Changlang  12,Total,60+,6164,3352,2812,3,2,1,0,0,0,0,0,0,0,0,0,0,0,0,3,2,1
C3010,12,12,0000,District - Changlang  12,Total,Age not stated,135,88,47,0,0,0,0,0,0,0,0,0,0,0,0,0,0,0,0,0,0
C3010,12,12,0000,District - Changlang  12,Rural,All ages,113034,58834,54200,20386,11826,8560,19975,11540,8435,310,216,94,16,13,3,15,11,4,70,46,24
C3010,12,12,0000,District - Changlang  12,Rural,0-4,16120,8165,7955,316,169,147,316,169,147,0,0,0,0,0,0,0,0,0,0,0,0
C3010,12,12,0000,District - Changlang  12,Rural,5,3624,1913,1711,618,341,277,618,341,277,0,0,0,0,0,0,0,0,0,0,0,0
C3010,12,12,0000,District - Changlang  12,Rural,6,3864,1982,1882,1180,683,497,1180,683,497,0,0,0,0,0,0,0,0,0,0,0,0
C3010,12,12,0000,District - Changlang  12,Rural,7,2968,1561,1407,1458,837,621,1458,837,621,0,0,0,0,0,0,0,0,0,0,0,0
C3010,12,12,0000,District - Changlang  12,Rural,8,3824,1935,1889,1900,1070,830,1900,1070,830,0,0,0,0,0,0,0,0,0,0,0,0
C3010,12,12,0000,District - Changlang  12,Rural,9,2400,1225,1175,1440,802,638,1440,802,638,0,0,0,0,0,0,0,0,0,0,0,0
C3010,12,12,0000,District - Changlang  12,Rural,10,3766,1941,1825,2070,1189,881,2070,1189,881,0,0,0,0,0,0,0,0,0,0,0,0
C3010,12,12,0000,District - Changlang  12,Rural,11,1884,989,895,1225,720,505,1225,720,505,0,0,0,0,0,0,0,0,0,0,0,0
C3010,12,12,0000,District - Changlang  12,Rural,12,3666,1888,1778,2117,1225,892,2117,1225,892,0,0,0,0,0,0,0,0,0,0,0,0
C3010,12,12,0000,District - Changlang  12,Rural,13,2232,1111,1121,1394,769,625,1394,769,625,0,0,0,0,0,0,0,0,0,0,0,0
C3010,12,12,0000,District - Changlang  12,Rural,14,2739,1400,1339,1522,872,650,1522,872,650,0,0,0,0,0,0,0,0,0,0,0,0
C3010,12,12,0000,District - Changlang  12,Rural,15-19,11482,5881,5601,4268,2526,1742,4191,2482,1709,61,35,26,4,2,2,3,3,0,9,4,5
C3010,12,12,0000,District - Changlang  12,Rural,20-24,9693,4811,4882,776,543,233,544,381,163,196,139,57,4,4,0,7,3,4,25,16,9
C3010,12,12,0000,District - Changlang  12,Rural,25-29,9650,4832,4818,59,49,10,0,0,0,42,34,8,5,5,0,3,3,0,9,7,2
C3010,12,12,0000,District - Changlang  12,Rural,30-34,6956,3687,3269,11,6,5,0,0,0,1,1,0,0,0,0,0,0,0,10,5,5
C3010,12,12,0000,District - Changlang  12,Rural,35-59,22108,12221,9887,29,23,6,0,0,0,10,7,3,3,2,1,2,2,0,14,12,2
C3010,12,12,0000,District - Changlang  12,Rural,60+,5942,3218,2724,3,2,1,0,0,0,0,0,0,0,0,0,0,0,0,3,2,1
C3010,12,12,0000,District - Changlang  12,Rural,Age not stated,116,74,42,0,0,0,0,0,0,0,0,0,0,0,0,0,0,0,0,0,0
C3010,12,12,0000,District - Changlang  12,Urban,All ages,12388,6987,5401,3743,2073,1670,3601,1975,1626,99,68,31,8,6,2,34,24,10,1,0,1
C3010,12,12,0000,District - Changlang  12,Urban,0-4,1222,626,596,70,41,29,70,41,29,0,0,0,0,0,0,0,0,0,0,0,0
C3010,12,12,0000,District - Changlang  12,Urban,5,319,176,143,123,70,53,123,70,53,0,0,0,0,0,0,0,0,0,0,0,0
C3010,12,12,0000,District - Changlang  12,Urban,6,337,180,157,186,96,90,186,96,90,0,0,0,0,0,0,0,0,0,0,0,0
C3010,12,12,0000,District - Changlang  12,Urban,7,332,197,135,281,165,116,281,165,116,0,0,0,0,0,0,0,0,0,0,0,0
C3010,12,12,0000,District - Changlang  12,Urban,8,347,189,158,296,166,130,296,166,130,0,0,0,0,0,0,0,0,0,0,0,0
C3010,12,12,0000,District - Changlang  12,Urban,9,283,143,140,248,129,119,248,129,119,0,0,0,0,0,0,0,0,0,0,0,0
C3010,12,12,0000,District - Changlang  12,Urban,10,394,210,184,338,190,148,338,190,148,0,0,0,0,0,0,0,0,0,0,0,0
C3010,12,12,0000,District - Changlang  12,Urban,11,262,135,127,234,123,111,234,123,111,0,0,0,0,0,0,0,0,0,0,0,0
C3010,12,12,0000,District - Changlang  12,Urban,12,351,170,181,305,156,149,305,156,149,0,0,0,0,0,0,0,0,0,0,0,0
C3010,12,12,0000,District - Changlang  12,Urban,13,298,133,165,260,119,141,260,119,141,0,0,0,0,0,0,0,0,0,0,0,0
C3010,12,12,0000,District - Changlang  12,Urban,14,307,149,158,256,124,132,256,124,132,0,0,0,0,0,0,0,0,0,0,0,0
C3010,12,12,0000,District - Changlang  12,Urban,15-19,1392,776,616,968,572,396,932,553,379,27,15,12,4,4,0,5,0,5,0,0,0
C3010,12,12,0000,District - Changlang  12,Urban,20-24,1060,565,495,146,93,53,72,43,29,58,39,19,2,1,1,14,10,4,0,0,0
C3010,12,12,0000,District - Changlang  12,Urban,25-29,1244,604,640,23,21,2,0,0,0,10,10,0,2,1,1,11,10,1,0,0,0
C3010,12,12,0000,District - Changlang  12,Urban,30-34,1111,626,485,2,2,0,0,0,0,0,0,0,0,0,0,2,2,0,0,0,0
C3010,12,12,0000,District - Changlang  12,Urban,35-59,2888,1960,928,7,6,1,0,0,0,4,4,0,0,0,0,2,2,0,1,0,1
C3010,12,12,0000,District - Changlang  12,Urban,60+,222,134,88,0,0,0,0,0,0,0,0,0,0,0,0,0,0,0,0,0,0
C3010,12,12,0000,District - Changlang  12,Urban,Age not stated,19,14,5,0,0,0,0,0,0,0,0,0,0,0,0,0,0,0,0,0,0
C3010,12,13,0000,District - Tirap  13,Total,All ages,100326,52537,47789,17026,10384,6642,16652,10166,6486,218,139,79,39,19,20,57,40,17,60,20,40
C3010,12,13,0000,District - Tirap  13,Total,0-4,13571,6928,6643,194,113,81,194,113,81,0,0,0,0,0,0,0,0,0,0,0,0
C3010,12,13,0000,District - Tirap  13,Total,5,3334,1750,1584,515,311,204,515,311,204,0,0,0,0,0,0,0,0,0,0,0,0
C3010,12,13,0000,District - Tirap  13,Total,6,3379,1772,1607,879,508,371,879,508,371,0,0,0,0,0,0,0,0,0,0,0,0
C3010,12,13,0000,District - Tirap  13,Total,7,3003,1538,1465,1227,714,513,1227,714,513,0,0,0,0,0,0,0,0,0,0,0,0
C3010,12,13,0000,District - Tirap  13,Total,8,3448,1772,1676,1508,866,642,1508,866,642,0,0,0,0,0,0,0,0,0,0,0,0
C3010,12,13,0000,District - Tirap  13,Total,9,2377,1201,1176,1220,700,520,1220,700,520,0,0,0,0,0,0,0,0,0,0,0,0
C3010,12,13,0000,District - Tirap  13,Total,10,3681,1923,1758,1882,1141,741,1882,1141,741,0,0,0,0,0,0,0,0,0,0,0,0
C3010,12,13,0000,District - Tirap  13,Total,11,1745,917,828,1076,656,420,1076,656,420,0,0,0,0,0,0,0,0,0,0,0,0
C3010,12,13,0000,District - Tirap  13,Total,12,2880,1471,1409,1722,1018,704,1722,1018,704,0,0,0,0,0,0,0,0,0,0,0,0
C3010,12,13,0000,District - Tirap  13,Total,13,1981,1008,973,1185,706,479,1185,706,479,0,0,0,0,0,0,0,0,0,0,0,0
C3010,12,13,0000,District - Tirap  13,Total,14,2076,1097,979,1225,735,490,1225,735,490,0,0,0,0,0,0,0,0,0,0,0,0
C3010,12,13,0000,District - Tirap  13,Total,15-19,8978,4608,4370,3620,2354,1266,3505,2309,1196,71,30,41,16,4,12,15,9,6,13,2,11
C3010,12,13,0000,District - Tirap  13,Total,20-24,6879,3416,3463,668,489,179,514,389,125,115,85,30,8,4,4,15,9,6,16,2,14
C3010,12,13,0000,District - Tirap  13,Total,25-29,7755,3890,3865,53,35,18,0,0,0,21,18,3,7,4,3,16,12,4,9,1,8
C3010,12,13,0000,District - Tirap  13,Total,30-34,6796,3683,3113,23,16,7,0,0,0,2,1,1,6,5,1,4,4,0,11,6,5
C3010,12,13,0000,District - Tirap  13,Total,35-59,22655,12636,10019,29,22,7,0,0,0,9,5,4,2,2,0,7,6,1,11,9,2
C3010,12,13,0000,District - Tirap  13,Total,60+,5697,2870,2827,0,0,0,0,0,0,0,0,0,0,0,0,0,0,0,0,0,0
C3010,12,13,0000,District - Tirap  13,Total,Age not stated,91,57,34,0,0,0,0,0,0,0,0,0,0,0,0,0,0,0,0,0,0
C3010,12,13,0000,District - Tirap  13,Rural,All ages,85032,44086,40946,12560,8113,4447,12392,8017,4375,65,50,15,17,9,8,26,17,9,60,20,40
C3010,12,13,0000,District - Tirap  13,Rural,0-4,11902,6085,5817,102,63,39,102,63,39,0,0,0,0,0,0,0,0,0,0,0,0
C3010,12,13,0000,District - Tirap  13,Rural,5,2899,1547,1352,337,229,108,337,229,108,0,0,0,0,0,0,0,0,0,0,0,0
C3010,12,13,0000,District - Tirap  13,Rural,6,2997,1575,1422,661,397,264,661,397,264,0,0,0,0,0,0,0,0,0,0,0,0
C3010,12,13,0000,District - Tirap  13,Rural,7,2611,1364,1247,919,570,349,919,570,349,0,0,0,0,0,0,0,0,0,0,0,0
C3010,12,13,0000,District - Tirap  13,Rural,8,3012,1579,1433,1129,703,426,1129,703,426,0,0,0,0,0,0,0,0,0,0,0,0
C3010,12,13,0000,District - Tirap  13,Rural,9,2023,1034,989,913,552,361,913,552,361,0,0,0,0,0,0,0,0,0,0,0,0
C3010,12,13,0000,District - Tirap  13,Rural,10,3233,1697,1536,1491,940,551,1491,940,551,0,0,0,0,0,0,0,0,0,0,0,0
C3010,12,13,0000,District - Tirap  13,Rural,11,1435,767,668,797,516,281,797,516,281,0,0,0,0,0,0,0,0,0,0,0,0
C3010,12,13,0000,District - Tirap  13,Rural,12,2426,1268,1158,1331,842,489,1331,842,489,0,0,0,0,0,0,0,0,0,0,0,0
C3010,12,13,0000,District - Tirap  13,Rural,13,1658,867,791,906,579,327,906,579,327,0,0,0,0,0,0,0,0,0,0,0,0
C3010,12,13,0000,District - Tirap  13,Rural,14,1709,924,785,904,582,322,904,582,322,0,0,0,0,0,0,0,0,0,0,0,0
C3010,12,13,0000,District - Tirap  13,Rural,15-19,7391,3749,3642,2534,1739,795,2487,1718,769,19,12,7,6,1,5,9,6,3,13,2,11
C3010,12,13,0000,District - Tirap  13,Rural,20-24,5606,2769,2837,468,353,115,415,326,89,28,21,7,3,2,1,6,2,4,16,2,14
C3010,12,13,0000,District - Tirap  13,Rural,25-29,6191,3053,3138,30,19,11,0,0,0,11,11,0,3,2,1,7,5,2,9,1,8
C3010,12,13,0000,District - Tirap  13,Rural,30-34,5285,2790,2495,19,13,6,0,0,0,1,1,0,5,4,1,2,2,0,11,6,5
C3010,12,13,0000,District - Tirap  13,Rural,35-59,19105,10227,8878,19,16,3,0,0,0,6,5,1,0,0,0,2,2,0,11,9,2
C3010,12,13,0000,District - Tirap  13,Rural,60+,5471,2745,2726,0,0,0,0,0,0,0,0,0,0,0,0,0,0,0,0,0,0
C3010,12,13,0000,District - Tirap  13,Rural,Age not stated,78,46,32,0,0,0,0,0,0,0,0,0,0,0,0,0,0,0,0,0,0
C3010,12,13,0000,District - Tirap  13,Urban,All ages,15294,8451,6843,4466,2271,2195,4260,2149,2111,153,89,64,22,10,12,31,23,8,0,0,0
C3010,12,13,0000,District - Tirap  13,Urban,0-4,1669,843,826,92,50,42,92,50,42,0,0,0,0,0,0,0,0,0,0,0,0
C3010,12,13,0000,District - Tirap  13,Urban,5,435,203,232,178,82,96,178,82,96,0,0,0,0,0,0,0,0,0,0,0,0
C3010,12,13,0000,District - Tirap  13,Urban,6,382,197,185,218,111,107,218,111,107,0,0,0,0,0,0,0,0,0,0,0,0
C3010,12,13,0000,District - Tirap  13,Urban,7,392,174,218,308,144,164,308,144,164,0,0,0,0,0,0,0,0,0,0,0,0
C3010,12,13,0000,District - Tirap  13,Urban,8,436,193,243,379,163,216,379,163,216,0,0,0,0,0,0,0,0,0,0,0,0
C3010,12,13,0000,District - Tirap  13,Urban,9,354,167,187,307,148,159,307,148,159,0,0,0,0,0,0,0,0,0,0,0,0
C3010,12,13,0000,District - Tirap  13,Urban,10,448,226,222,391,201,190,391,201,190,0,0,0,0,0,0,0,0,0,0,0,0
C3010,12,13,0000,District - Tirap  13,Urban,11,310,150,160,279,140,139,279,140,139,0,0,0,0,0,0,0,0,0,0,0,0
C3010,12,13,0000,District - Tirap  13,Urban,12,454,203,251,391,176,215,391,176,215,0,0,0,0,0,0,0,0,0,0,0,0
C3010,12,13,0000,District - Tirap  13,Urban,13,323,141,182,279,127,152,279,127,152,0,0,0,0,0,0,0,0,0,0,0,0
C3010,12,13,0000,District - Tirap  13,Urban,14,367,173,194,321,153,168,321,153,168,0,0,0,0,0,0,0,0,0,0,0,0
C3010,12,13,0000,District - Tirap  13,Urban,15-19,1587,859,728,1086,615,471,1018,591,427,52,18,34,10,3,7,6,3,3,0,0,0
C3010,12,13,0000,District - Tirap  13,Urban,20-24,1273,647,626,200,136,64,99,63,36,87,64,23,5,2,3,9,7,2,0,0,0
C3010,12,13,0000,District - Tirap  13,Urban,25-29,1564,837,727,23,16,7,0,0,0,10,7,3,4,2,2,9,7,2,0,0,0
C3010,12,13,0000,District - Tirap  13,Urban,30-34,1511,893,618,4,3,1,0,0,0,1,0,1,1,1,0,2,2,0,0,0,0
C3010,12,13,0000,District - Tirap  13,Urban,35-59,3550,2409,1141,10,6,4,0,0,0,3,0,3,2,2,0,5,4,1,0,0,0
C3010,12,13,0000,District - Tirap  13,Urban,60+,226,125,101,0,0,0,0,0,0,0,0,0,0,0,0,0,0,0,0,0,0
C3010,12,13,0000,District - Tirap  13,Urban,Age not stated,13,11,2,0,0,0,0,0,0,0,0,0,0,0,0,0,0,0,0,0,0
