Table Name,State Code,District Code,Tehsil Code,Area Name,Total/ Rural/ Urban,Age-group,Total population - Persons,Total population - Males,Total population - Females,Population attending educational institutions - Persons,Population attending educational institutions - Males,Population attending educational institutions - Females,Type of educational institution - School - Persons,Type of educational institution - School - Males,Type of educational institution - School - Females,Type of educational institution - College - Persons,Type of educational institution - College - Males,Type of educational institution - College - Females,Type of educational institution - Vocational institute - Persons,Type of educational institution - Vocational institute - Males,Type of educational institution - Vocational institute - Females,Type of educational institution - Other institute - Persons,Type of educational institution - Other institute - Males,Type of educational institution - Other institute - Females,Type of educational institution - Literacy centre - Persons,Type of educational institution - Literacy centre - Males,Type of educational institution - Literacy centre - Females
C3010,18,00,0000,State - ASSAM  18,Total,All ages,26655528,13777037,12878491,5921209,3175461,2745748,5422201,2869119,2553082,459367,279372,179995,16605,11770,4835,17080,11919,5161,5956,3281,2675
C3010,18,00,0000,State - ASSAM  18,Total,0-4,3033998,1539293,1494705,72801,37674,35127,72801,37674,35127,0,0,0,0,0,0,0,0,0,0,0,0
C3010,18,00,0000,State - ASSAM  18,Total,5,718082,369032,349050,135333,71328,64005,135333,71328,64005,0,0,0,0,0,0,0,0,0,0,0,0
C3010,18,00,0000,State - ASSAM  18,Total,6,745995,380791,365204,295727,154280,141447,295727,154280,141447,0,0,0,0,0,0,0,0,0,0,0,0
C3010,18,00,0000,State - ASSAM  18,Total,7,727665,369471,358194,447048,233411,213637,447048,233411,213637,0,0,0,0,0,0,0,0,0,0,0,0
C3010,18,00,0000,State - ASSAM  18,Total,8,836315,429121,407194,539906,284892,255014,539906,284892,255014,0,0,0,0,0,0,0,0,0,0,0,0
C3010,18,00,0000,State - ASSAM  18,Total,9,575644,289818,285826,419991,216042,203949,419991,216042,203949,0,0,0,0,0,0,0,0,0,0,0,0
C3010,18,00,0000,State - ASSAM  18,Total,10,875099,454024,421075,591630,315109,276521,591630,315109,276521,0,0,0,0,0,0,0,0,0,0,0,0
C3010,18,00,0000,State - ASSAM  18,Total,11,449531,227842,221689,345658,178775,166883,345658,178775,166883,0,0,0,0,0,0,0,0,0,0,0,0
C3010,18,00,0000,State - ASSAM  18,Total,12,841936,440289,401647,558661,299262,259399,558661,299262,259399,0,0,0,0,0,0,0,0,0,0,0,0
C3010,18,00,0000,State - ASSAM  18,Total,13,531130,268600,262530,376136,193879,182257,376136,193879,182257,0,0,0,0,0,0,0,0,0,0,0,0
C3010,18,00,0000,State - ASSAM  18,Total,14,634947,327214,307733,408674,213490,195184,408674,213490,195184,0,0,0,0,0,0,0,0,0,0,0,0
C3010,18,00,0000,State - ASSAM  18,Total,15-19,2610793,1368367,1242426,1209617,655328,554289,1060936,570277,490659,139582,78393,61189,3237,2355,882,5515,4130,1385,347,173,174
C3010,18,00,0000,State - ASSAM  18,Total,20-24,2315138,1157866,1157272,436079,263996,172083,169700,100700,69000,255663,155992,99671,6267,4534,1733,3759,2428,1331,690,342,348
C3010,18,00,0000,State - ASSAM  18,Total,25-29,2315931,1125381,1190550,58240,39935,18305,0,0,0,49105,33896,15209,3574,2523,1051,4638,3063,1575,923,453,470
C3010,18,00,0000,State - ASSAM  18,Total,30-34,1978201,1006114,972087,12640,9153,3487,0,0,0,9119,6840,2279,1266,862,404,1423,1029,394,832,422,410
C3010,18,00,0000,State - ASSAM  18,Total,35-59,5875783,3206021,2669762,10819,7486,3333,0,0,0,4880,3602,1278,1834,1236,598,1501,1098,403,2604,1550,1054
C3010,18,00,0000,State - ASSAM  18,Total,60+,1560366,800585,759781,1732,1084,648,0,0,0,650,432,218,320,173,147,211,145,66,551,334,217
C3010,18,00,0000,State - ASSAM  18,Total,Age not stated,28974,17208,11766,517,337,180,0,0,0,368,217,151,107,87,20,33,26,7,9,7,2
C3010,18,00,0000,State - ASSAM  18,Rural,All ages,23216288,11939945,11276343,4993156,2685399,2307757,4641911,2463999,2177912,324894,203345,121549,8759,6028,2731,12446,9192,3254,5146,2835,2311
C3010,18,00,0000,State - ASSAM  18,Rural,0-4,2767570,1402617,1364953,55126,28320,26806,55126,28320,26806,0,0,0,0,0,0,0,0,0,0,0,0
C3010,18,00,0000,State - ASSAM  18,Rural,5,653626,335458,318168,110458,58248,52210,110458,58248,52210,0,0,0,0,0,0,0,0,0,0,0,0
C3010,18,00,0000,State - ASSAM  18,Rural,6,683211,348424,334787,256498,133898,122600,256498,133898,122600,0,0,0,0,0,0,0,0,0,0,0,0
C3010,18,00,0000,State - ASSAM  18,Rural,7,657618,333486,324132,388050,202664,185386,388050,202664,185386,0,0,0,0,0,0,0,0,0,0,0,0
C3010,18,00,0000,State - ASSAM  18,Rural,8,761257,389963,371294,475458,250685,224773,475458,250685,224773,0,0,0,0,0,0,0,0,0,0,0,0
C3010,18,00,0000,State - ASSAM  18,Rural,9,516260,259695,256565,367120,188874,178246,367120,188874,178246,0,0,0,0,0,0,0,0,0,0,0,0
C3010,18,00,0000,State - ASSAM  18,Rural,10,787409,408374,379035,516838,275373,241465,516838,275373,241465,0,0,0,0,0,0,0,0,0,0,0,0
C3010,18,00,0000,State - ASSAM  18,Rural,11,390059,197635,192424,292493,151327,141166,292493,151327,141166,0,0,0,0,0,0,0,0,0,0,0,0
C3010,18,00,0000,State - ASSAM  18,Rural,12,753495,394512,358983,485137,260377,224760,485137,260377,224760,0,0,0,0,0,0,0,0,0,0,0,0
C3010,18,00,0000,State - ASSAM  18,Rural,13,462232,234242,227990,317644,164302,153342,317644,164302,153342,0,0,0,0,0,0,0,0,0,0,0,0
C3010,18,00,0000,State - ASSAM  18,Rural,14,559158,289101,270057,347777,182629,165148,347777,182629,165148,0,0,0,0,0,0,0,0,0,0,0,0
C3010,18,00,0000,State - ASSAM  18,Rural,15-19,2270735,1192131,1078604,990172,541955,448217,884452,480030,404422,98824,56758,42066,1742,1274,468,4838,3734,1104,316,159,157
C3010,18,00,0000,State - ASSAM  18,Rural,20-24,1971154,976886,994268,329540,203478,126062,144860,87272,57588,178512,112008,66504,2840,1988,852,2707,1903,804,621,307,314
C3010,18,00,0000,State - ASSAM  18,Rural,25-29,1967157,948411,1018746,41950,29719,12231,0,0,0,36717,26247,10470,1717,1192,525,2722,1889,833,794,391,403
C3010,18,00,0000,State - ASSAM  18,Rural,30-34,1671602,842485,829117,9570,7085,2485,0,0,0,7114,5496,1618,804,522,282,938,709,229,714,358,356
C3010,18,00,0000,State - ASSAM  18,Rural,35-59,4958905,2676469,2282436,7747,5465,2282,0,0,0,3110,2435,675,1370,899,471,1033,808,225,2234,1323,911
C3010,18,00,0000,State - ASSAM  18,Rural,60+,1361247,696202,665045,1281,812,469,0,0,0,375,258,117,265,137,128,182,126,56,459,291,168
C3010,18,00,0000,State - ASSAM  18,Rural,Age not stated,23593,13854,9739,297,188,109,0,0,0,242,143,99,21,16,5,26,23,3,8,6,2
C3010,18,00,0000,State - ASSAM  18,Urban,All ages,3439240,1837092,1602148,928053,490062,437991,780290,405120,375170,134473,76027,58446,7846,5742,2104,4634,2727,1907,810,446,364
C3010,18,00,0000,State - ASSAM  18,Urban,0-4,266428,136676,129752,17675,9354,8321,17675,9354,8321,0,0,0,0,0,0,0,0,0,0,0,0
C3010,18,00,0000,State - ASSAM  18,Urban,5,64456,33574,30882,24875,13080,11795,24875,13080,11795,0,0,0,0,0,0,0,0,0,0,0,0
C3010,18,00,0000,State - ASSAM  18,Urban,6,62784,32367,30417,39229,20382,18847,39229,20382,18847,0,0,0,0,0,0,0,0,0,0,0,0
C3010,18,00,0000,State - ASSAM  18,Urban,7,70047,35985,34062,58998,30747,28251,58998,30747,28251,0,0,0,0,0,0,0,0,0,0,0,0
C3010,18,00,0000,State - ASSAM  18,Urban,8,75058,39158,35900,64448,34207,30241,64448,34207,30241,0,0,0,0,0,0,0,0,0,0,0,0
C3010,18,00,0000,State - ASSAM  18,Urban,9,59384,30123,29261,52871,27168,25703,52871,27168,25703,0,0,0,0,0,0,0,0,0,0,0,0
C3010,18,00,0000,State - ASSAM  18,Urban,10,87690,45650,42040,74792,39736,35056,74792,39736,35056,0,0,0,0,0,0,0,0,0,0,0,0
C3010,18,00,0000,State - ASSAM  18,Urban,11,59472,30207,29265,53165,27448,25717,53165,27448,25717,0,0,0,0,0,0,0,0,0,0,0,0
C3010,18,00,0000,State - ASSAM  18,Urban,12,88441,45777,42664,73524,38885,34639,73524,38885,34639,0,0,0,0,0,0,0,0,0,0,0,0
C3010,18,00,0000,State - ASSAM  18,Urban,13,68898,34358,34540,58492,29577,28915,58492,29577,28915,0,0,0,0,0,0,0,0,0,0,0,0
C3010,18,00,0000,State - ASSAM  18,Urban,14,75789,38113,37676,60897,30861,30036,60897,30861,30036,0,0,0,0,0,0,0,0,0,0,0,0
C3010,18,00,0000,State - ASSAM  18,Urban,15-19,340058,176236,163822,219445,113373,106072,176484,90247,86237,40758,21635,19123,1495,1081,414,677,396,281,31,14,17
C3010,18,00,0000,State - ASSAM  18,Urban,20-24,343984,180980,163004,106539,60518,46021,24840,13428,11412,77151,43984,33167,3427,2546,881,1052,525,527,69,35,34
C3010,18,00,0000,State - ASSAM  18,Urban,25-29,348774,176970,171804,16290,10216,6074,0,0,0,12388,7649,4739,1857,1331,526,1916,1174,742,129,62,67
C3010,18,00,0000,State - ASSAM  18,Urban,30-34,306599,163629,142970,3070,2068,1002,0,0,0,2005,1344,661,462,340,122,485,320,165,118,64,54
C3010,18,00,0000,State - ASSAM  18,Urban,35-59,916878,529552,387326,3072,2021,1051,0,0,0,1770,1167,603,464,337,127,468,290,178,370,227,143
C3010,18,00,0000,State - ASSAM  18,Urban,60+,199119,104383,94736,451,272,179,0,0,0,275,174,101,55,36,19,29,19,10,92,43,49
C3010,18,00,0000,State - ASSAM  18,Urban,Age not stated,5381,3354,2027,220,149,71,0,0,0,126,74,52,86,71,15,7,3,4,1,1,0
C3010,18,01,0000,District - Kokrajhar  01,Total,All ages,905764,466191,439573,197413,108759,88654,183508,99224,84284,12804,8771,4033,492,365,127,354,227,127,255,172,83
C3010,18,01,0000,District - Kokrajhar  01,Total,0-4,107419,54826,52593,2859,1459,1400,2859,1459,1400,0,0,0,0,0,0,0,0,0,0,0,0
C3010,18,01,0000,District - Kokrajhar  01,Total,5,26115,13577,12538,5331,2879,2452,5331,2879,2452,0,0,0,0,0,0,0,0,0,0,0,0
C3010,18,01,0000,District - Kokrajhar  01,Total,6,29307,15191,14116,11100,5814,5286,11100,5814,5286,0,0,0,0,0,0,0,0,0,0,0,0
C3010,18,01,0000,District - Kokrajhar  01,Total,7,25813,13220,12593,14809,7784,7025,14809,7784,7025,0,0,0,0,0,0,0,0,0,0,0,0
C3010,18,01,0000,District - Kokrajhar  01,Total,8,32210,16647,15563,18729,9826,8903,18729,9826,8903,0,0,0,0,0,0,0,0,0,0,0,0
C3010,18,01,0000,District - Kokrajhar  01,Total,9,21006,10839,10167,14037,7386,6651,14037,7386,6651,0,0,0,0,0,0,0,0,0,0,0,0
C3010,18,01,0000,District - Kokrajhar  01,Total,10,32051,16680,15371,19797,10551,9246,19797,10551,9246,0,0,0,0,0,0,0,0,0,0,0,0
C3010,18,01,0000,District - Kokrajhar  01,Total,11,15035,7716,7319,10697,5636,5061,10697,5636,5061,0,0,0,0,0,0,0,0,0,0,0,0
C3010,18,01,0000,District - Kokrajhar  01,Total,12,32007,16773,15234,19283,10399,8884,19283,10399,8884,0,0,0,0,0,0,0,0,0,0,0,0
C3010,18,01,0000,District - Kokrajhar  01,Total,13,17625,9005,8620,11625,6130,5495,11625,6130,5495,0,0,0,0,0,0,0,0,0,0,0,0
C3010,18,01,0000,District - Kokrajhar  01,Total,14,22671,11919,10752,13769,7531,6238,13769,7531,6238,0,0,0,0,0,0,0,0,0,0,0,0
C3010,18,01,0000,District - Kokrajhar  01,Total,15-19,89466,46818,42648,39006,22305,16701,35142,19908,15234,3719,2319,1400,56,33,23,84,43,41,5,2,3
C3010,18,01,0000,District - Kokrajhar  01,Total,20-24,73634,35561,38073,13213,8635,4578,6330,3921,2409,6736,4633,2103,72,42,30,59,35,24,16,4,12
C3010,18,01,0000,District - Kokrajhar  01,Total,25-29,76998,36111,40887,2027,1581,446,0,0,0,1719,1345,374,158,132,26,107,77,30,43,27,16
C3010,18,01,0000,District - Kokrajhar  01,Total,30-34,67061,33493,33568,526,391,135,0,0,0,379,288,91,71,50,21,38,30,8,38,23,15
C3010,18,01,0000,District - Kokrajhar  01,Total,35-59,190291,103867,86424,544,409,135,0,0,0,227,169,58,123,102,21,61,38,23,133,100,33
C3010,18,01,0000,District - Kokrajhar  01,Total,60+,46360,23538,22822,52,37,15,0,0,0,17,12,5,11,6,5,4,3,1,20,16,4
C3010,18,01,0000,District - Kokrajhar  01,Total,Age not stated,695,410,285,9,6,3,0,0,0,7,5,2,1,0,1,1,1,0,0,0,0
C3010,18,01,0000,District - Kokrajhar  01,Rural,All ages,841823,432465,409358,179472,99245,80227,168305,91364,76941,10319,7294,3025,416,312,104,263,168,95,169,107,62
C3010,18,01,0000,District - Kokrajhar  01,Rural,0-4,102414,52254,50160,2575,1304,1271,2575,1304,1271,0,0,0,0,0,0,0,0,0,0,0,0
C3010,18,01,0000,District - Kokrajhar  01,Rural,5,24995,12975,12020,4904,2635,2269,4904,2635,2269,0,0,0,0,0,0,0,0,0,0,0,0
C3010,18,01,0000,District - Kokrajhar  01,Rural,6,28181,14606,13575,10422,5473,4949,10422,5473,4949,0,0,0,0,0,0,0,0,0,0,0,0
C3010,18,01,0000,District - Kokrajhar  01,Rural,7,24434,12501,11933,13637,7156,6481,13637,7156,6481,0,0,0,0,0,0,0,0,0,0,0,0
C3010,18,01,0000,District - Kokrajhar  01,Rural,8,30850,15937,14913,17529,9194,8335,17529,9194,8335,0,0,0,0,0,0,0,0,0,0,0,0
C3010,18,01,0000,District - Kokrajhar  01,Rural,9,19870,10275,9595,12987,6855,6132,12987,6855,6132,0,0,0,0,0,0,0,0,0,0,0,0
C3010,18,01,0000,District - Kokrajhar  01,Rural,10,30494,15862,14632,18412,9816,8596,18412,9816,8596,0,0,0,0,0,0,0,0,0,0,0,0
C3010,18,01,0000,District - Kokrajhar  01,Rural,11,13896,7155,6741,9645,5106,4539,9645,5106,4539,0,0,0,0,0,0,0,0,0,0,0,0
C3010,18,01,0000,District - Kokrajhar  01,Rural,12,30307,15904,14403,17841,9654,8187,17841,9654,8187,0,0,0,0,0,0,0,0,0,0,0,0
C3010,18,01,0000,District - Kokrajhar  01,Rural,13,16259,8349,7910,10442,5557,4885,10442,5557,4885,0,0,0,0,0,0,0,0,0,0,0,0
C3010,18,01,0000,District - Kokrajhar  01,Rural,14,21158,11156,10002,12521,6897,5624,12521,6897,5624,0,0,0,0,0,0,0,0,0,0,0,0
C3010,18,01,0000,District - Kokrajhar  01,Rural,15-19,82776,43446,39330,34638,20025,14613,31542,18061,13481,2967,1898,1069,46,25,21,79,40,39,4,1,3
C3010,18,01,0000,District - Kokrajhar  01,Rural,20-24,67517,32434,35083,11357,7552,3805,5848,3656,2192,5397,3835,1562,58,33,25,41,24,17,13,4,9
C3010,18,01,0000,District - Kokrajhar  01,Rural,25-29,70589,32959,37630,1672,1339,333,0,0,0,1448,1161,287,129,114,15,65,47,18,30,17,13
C3010,18,01,0000,District - Kokrajhar  01,Rural,30-34,61307,30404,30903,439,338,101,0,0,0,324,257,67,62,45,17,28,21,7,25,15,10
C3010,18,01,0000,District - Kokrajhar  01,Rural,35-59,173396,94131,79265,400,310,90,0,0,0,165,131,34,111,91,20,45,32,13,79,56,23
C3010,18,01,0000,District - Kokrajhar  01,Rural,60+,42734,21737,20997,42,28,14,0,0,0,11,7,4,9,4,5,4,3,1,18,14,4
C3010,18,01,0000,District - Kokrajhar  01,Rural,Age not stated,646,380,266,9,6,3,0,0,0,7,5,2,1,0,1,1,1,0,0,0,0
C3010,18,01,0000,District - Kokrajhar  01,Urban,All ages,63941,33726,30215,17941,9514,8427,15203,7860,7343,2485,1477,1008,76,53,23,91,59,32,86,65,21
C3010,18,01,0000,District - Kokrajhar  01,Urban,0-4,5005,2572,2433,284,155,129,284,155,129,0,0,0,0,0,0,0,0,0,0,0,0
C3010,18,01,0000,District - Kokrajhar  01,Urban,5,1120,602,518,427,244,183,427,244,183,0,0,0,0,0,0,0,0,0,0,0,0
C3010,18,01,0000,District - Kokrajhar  01,Urban,6,1126,585,541,678,341,337,678,341,337,0,0,0,0,0,0,0,0,0,0,0,0
C3010,18,01,0000,District - Kokrajhar  01,Urban,7,1379,719,660,1172,628,544,1172,628,544,0,0,0,0,0,0,0,0,0,0,0,0
C3010,18,01,0000,District - Kokrajhar  01,Urban,8,1360,710,650,1200,632,568,1200,632,568,0,0,0,0,0,0,0,0,0,0,0,0
C3010,18,01,0000,District - Kokrajhar  01,Urban,9,1136,564,572,1050,531,519,1050,531,519,0,0,0,0,0,0,0,0,0,0,0,0
C3010,18,01,0000,District - Kokrajhar  01,Urban,10,1557,818,739,1385,735,650,1385,735,650,0,0,0,0,0,0,0,0,0,0,0,0
C3010,18,01,0000,District - Kokrajhar  01,Urban,11,1139,561,578,1052,530,522,1052,530,522,0,0,0,0,0,0,0,0,0,0,0,0
C3010,18,01,0000,District - Kokrajhar  01,Urban,12,1700,869,831,1442,745,697,1442,745,697,0,0,0,0,0,0,0,0,0,0,0,0
C3010,18,01,0000,District - Kokrajhar  01,Urban,13,1366,656,710,1183,573,610,1183,573,610,0,0,0,0,0,0,0,0,0,0,0,0
C3010,18,01,0000,District - Kokrajhar  01,Urban,14,1513,763,750,1248,634,614,1248,634,614,0,0,0,0,0,0,0,0,0,0,0,0
C3010,18,01,0000,District - Kokrajhar  01,Urban,15-19,6690,3372,3318,4368,2280,2088,3600,1847,1753,752,421,331,10,8,2,5,3,2,1,1,0
C3010,18,01,0000,District - Kokrajhar  01,Urban,20-24,6117,3127,2990,1856,1083,773,482,265,217,1339,798,541,14,9,5,18,11,7,3,0,3
C3010,18,01,0000,District - Kokrajhar  01,Urban,25-29,6409,3152,3257,355,242,113,0,0,0,271,184,87,29,18,11,42,30,12,13,10,3
C3010,18,01,0000,District - Kokrajhar  01,Urban,30-34,5754,3089,2665,87,53,34,0,0,0,55,31,24,9,5,4,10,9,1,13,8,5
C3010,18,01,0000,District - Kokrajhar  01,Urban,35-59,16895,9736,7159,144,99,45,0,0,0,62,38,24,12,11,1,16,6,10,54,44,10
C3010,18,01,0000,District - Kokrajhar  01,Urban,60+,3626,1801,1825,10,9,1,0,0,0,6,5,1,2,2,0,0,0,0,2,2,0
C3010,18,01,0000,District - Kokrajhar  01,Urban,Age not stated,49,30,19,0,0,0,0,0,0,0,0,0,0,0,0,0,0,0,0,0,0
C3010,18,02,0000,District - Dhubri  02,Total,All ages,1637344,841044,796300,289188,158574,130614,269217,144364,124853,18379,12943,5436,329,239,90,1086,901,185,177,127,50
C3010,18,02,0000,District - Dhubri  02,Total,0-4,233963,118724,115239,3452,1804,1648,3452,1804,1648,0,0,0,0,0,0,0,0,0,0,0,0
C3010,18,02,0000,District - Dhubri  02,Total,5,53948,27634,26314,7340,3785,3555,7340,3785,3555,0,0,0,0,0,0,0,0,0,0,0,0
C3010,18,02,0000,District - Dhubri  02,Total,6,52271,26723,25548,15885,8257,7628,15885,8257,7628,0,0,0,0,0,0,0,0,0,0,0,0
C3010,18,02,0000,District - Dhubri  02,Total,7,52958,26752,26206,24195,12534,11661,24195,12534,11661,0,0,0,0,0,0,0,0,0,0,0,0
C3010,18,02,0000,District - Dhubri  02,Total,8,57456,29380,28076,29156,15189,13967,29156,15189,13967,0,0,0,0,0,0,0,0,0,0,0,0
C3010,18,02,0000,District - Dhubri  02,Total,9,37013,18462,18551,22188,11202,10986,22188,11202,10986,0,0,0,0,0,0,0,0,0,0,0,0
C3010,18,02,0000,District - Dhubri  02,Total,10,59174,30740,28434,32256,17000,15256,32256,17000,15256,0,0,0,0,0,0,0,0,0,0,0,0
C3010,18,02,0000,District - Dhubri  02,Total,11,26704,13771,12933,16988,8763,8225,16988,8763,8225,0,0,0,0,0,0,0,0,0,0,0,0
C3010,18,02,0000,District - Dhubri  02,Total,12,54087,28707,25380,28683,15343,13340,28683,15343,13340,0,0,0,0,0,0,0,0,0,0,0,0
C3010,18,02,0000,District - Dhubri  02,Total,13,32614,17142,15472,18490,9593,8897,18490,9593,8897,0,0,0,0,0,0,0,0,0,0,0,0
C3010,18,02,0000,District - Dhubri  02,Total,14,37948,20692,17256,18867,10133,8734,18867,10133,8734,0,0,0,0,0,0,0,0,0,0,0,0
C3010,18,02,0000,District - Dhubri  02,Total,15-19,151405,83640,67765,51071,30353,20718,44980,26269,18711,5487,3561,1926,62,44,18,536,476,60,6,3,3
C3010,18,02,0000,District - Dhubri  02,Total,20-24,132621,64949,67672,17474,12157,5317,6737,4492,2245,10448,7445,3003,92,67,25,183,147,36,14,6,8
C3010,18,02,0000,District - Dhubri  02,Total,25-29,131652,62913,68739,2374,1862,512,0,0,0,2018,1590,428,88,73,15,241,180,61,27,19,8
C3010,18,02,0000,District - Dhubri  02,Total,30-34,112406,57160,55246,417,335,82,0,0,0,299,247,52,34,23,11,62,51,11,22,14,8
C3010,18,02,0000,District - Dhubri  02,Total,35-59,320174,170802,149372,276,213,63,0,0,0,104,82,22,38,24,14,51,40,11,83,67,16
C3010,18,02,0000,District - Dhubri  02,Total,60+,89810,42158,47652,61,40,21,0,0,0,11,8,3,14,8,6,13,7,6,23,17,6
C3010,18,02,0000,District - Dhubri  02,Total,Age not stated,1140,695,445,15,11,4,0,0,0,12,10,2,1,0,1,0,0,0,2,1,1
C3010,18,02,0000,District - Dhubri  02,Rural,All ages,1444901,741574,703327,240399,132923,107476,226192,122248,103944,12996,9675,3321,205,152,53,844,727,117,162,121,41
C3010,18,02,0000,District - Dhubri  02,Rural,0-4,216233,109627,106606,2702,1397,1305,2702,1397,1305,0,0,0,0,0,0,0,0,0,0,0,0
C3010,18,02,0000,District - Dhubri  02,Rural,5,49793,25523,24270,5986,3079,2907,5986,3079,2907,0,0,0,0,0,0,0,0,0,0,0,0
C3010,18,02,0000,District - Dhubri  02,Rural,6,48319,24724,23595,13614,7122,6492,13614,7122,6492,0,0,0,0,0,0,0,0,0,0,0,0
C3010,18,02,0000,District - Dhubri  02,Rural,7,48581,24491,24090,20761,10750,10011,20761,10750,10011,0,0,0,0,0,0,0,0,0,0,0,0
C3010,18,02,0000,District - Dhubri  02,Rural,8,52743,26931,25812,25291,13144,12147,25291,13144,12147,0,0,0,0,0,0,0,0,0,0,0,0
C3010,18,02,0000,District - Dhubri  02,Rural,9,33445,16671,16774,19126,9663,9463,19126,9663,9463,0,0,0,0,0,0,0,0,0,0,0,0
C3010,18,02,0000,District - Dhubri  02,Rural,10,53989,28069,25920,27980,14765,13215,27980,14765,13215,0,0,0,0,0,0,0,0,0,0,0,0
C3010,18,02,0000,District - Dhubri  02,Rural,11,23479,12130,11349,14224,7339,6885,14224,7339,6885,0,0,0,0,0,0,0,0,0,0,0,0
C3010,18,02,0000,District - Dhubri  02,Rural,12,48883,26058,22825,24561,13208,11353,24561,13208,11353,0,0,0,0,0,0,0,0,0,0,0,0
C3010,18,02,0000,District - Dhubri  02,Rural,13,28525,15150,13375,15239,8024,7215,15239,8024,7215,0,0,0,0,0,0,0,0,0,0,0,0
C3010,18,02,0000,District - Dhubri  02,Rural,14,33321,18347,14974,15516,8462,7054,15516,8462,7054,0,0,0,0,0,0,0,0,0,0,0,0
C3010,18,02,0000,District - Dhubri  02,Rural,15-19,131477,73181,58296,40000,24507,15493,35744,21520,14224,3773,2560,1213,36,27,9,443,398,45,4,2,2
C3010,18,02,0000,District - Dhubri  02,Rural,20-24,114012,55643,58369,12989,9479,3510,5448,3775,1673,7331,5536,1795,48,35,13,148,127,21,14,6,8
C3010,18,02,0000,District - Dhubri  02,Rural,25-29,114033,54190,59843,1827,1506,321,0,0,0,1574,1303,271,57,50,7,170,134,36,26,19,7
C3010,18,02,0000,District - Dhubri  02,Rural,30-34,96640,48931,47709,321,272,49,0,0,0,238,209,29,24,16,8,39,33,6,20,14,6
C3010,18,02,0000,District - Dhubri  02,Rural,35-59,273312,145082,128230,206,164,42,0,0,0,69,56,13,27,16,11,34,29,5,76,63,13
C3010,18,02,0000,District - Dhubri  02,Rural,60+,77153,36236,40917,48,36,12,0,0,0,6,6,0,12,8,4,10,6,4,20,16,4
C3010,18,02,0000,District - Dhubri  02,Rural,Age not stated,963,590,373,8,6,2,0,0,0,5,5,0,1,0,1,0,0,0,2,1,1
C3010,18,02,0000,District - Dhubri  02,Urban,All ages,192443,99470,92973,48789,25651,23138,43025,22116,20909,5383,3268,2115,124,87,37,242,174,68,15,6,9
C3010,18,02,0000,District - Dhubri  02,Urban,0-4,17730,9097,8633,750,407,343,750,407,343,0,0,0,0,0,0,0,0,0,0,0,0
C3010,18,02,0000,District - Dhubri  02,Urban,5,4155,2111,2044,1354,706,648,1354,706,648,0,0,0,0,0,0,0,0,0,0,0,0
C3010,18,02,0000,District - Dhubri  02,Urban,6,3952,1999,1953,2271,1135,1136,2271,1135,1136,0,0,0,0,0,0,0,0,0,0,0,0
C3010,18,02,0000,District - Dhubri  02,Urban,7,4377,2261,2116,3434,1784,1650,3434,1784,1650,0,0,0,0,0,0,0,0,0,0,0,0
C3010,18,02,0000,District - Dhubri  02,Urban,8,4713,2449,2264,3865,2045,1820,3865,2045,1820,0,0,0,0,0,0,0,0,0,0,0,0
C3010,18,02,0000,District - Dhubri  02,Urban,9,3568,1791,1777,3062,1539,1523,3062,1539,1523,0,0,0,0,0,0,0,0,0,0,0,0
C3010,18,02,0000,District - Dhubri  02,Urban,10,5185,2671,2514,4276,2235,2041,4276,2235,2041,0,0,0,0,0,0,0,0,0,0,0,0
C3010,18,02,0000,District - Dhubri  02,Urban,11,3225,1641,1584,2764,1424,1340,2764,1424,1340,0,0,0,0,0,0,0,0,0,0,0,0
C3010,18,02,0000,District - Dhubri  02,Urban,12,5204,2649,2555,4122,2135,1987,4122,2135,1987,0,0,0,0,0,0,0,0,0,0,0,0
C3010,18,02,0000,District - Dhubri  02,Urban,13,4089,1992,2097,3251,1569,1682,3251,1569,1682,0,0,0,0,0,0,0,0,0,0,0,0
C3010,18,02,0000,District - Dhubri  02,Urban,14,4627,2345,2282,3351,1671,1680,3351,1671,1680,0,0,0,0,0,0,0,0,0,0,0,0
C3010,18,02,0000,District - Dhubri  02,Urban,15-19,19928,10459,9469,11071,5846,5225,9236,4749,4487,1714,1001,713,26,17,9,93,78,15,2,1,1
C3010,18,02,0000,District - Dhubri  02,Urban,20-24,18609,9306,9303,4485,2678,1807,1289,717,572,3117,1909,1208,44,32,12,35,20,15,0,0,0
C3010,18,02,0000,District - Dhubri  02,Urban,25-29,17619,8723,8896,547,356,191,0,0,0,444,287,157,31,23,8,71,46,25,1,0,1
C3010,18,02,0000,District - Dhubri  02,Urban,30-34,15766,8229,7537,96,63,33,0,0,0,61,38,23,10,7,3,23,18,5,2,0,2
C3010,18,02,0000,District - Dhubri  02,Urban,35-59,46862,25720,21142,70,49,21,0,0,0,35,26,9,11,8,3,17,11,6,7,4,3
C3010,18,02,0000,District - Dhubri  02,Urban,60+,12657,5922,6735,13,4,9,0,0,0,5,2,3,2,0,2,3,1,2,3,1,2
C3010,18,02,0000,District - Dhubri  02,Urban,Age not stated,177,105,72,7,5,2,0,0,0,7,5,2,0,0,0,0,0,0,0,0,0
C3010,18,03,0000,District - Goalpara  03,Total,All ages,822035,420251,401784,175778,93344,82434,166807,87415,79392,8343,5470,2873,181,129,52,398,305,93,49,25,24
C3010,18,03,0000,District - Goalpara  03,Total,0-4,108415,54524,53891,2453,1205,1248,2453,1205,1248,0,0,0,0,0,0,0,0,0,0,0,0
C3010,18,03,0000,District - Goalpara  03,Total,5,25486,13084,12402,4838,2493,2345,4838,2493,2345,0,0,0,0,0,0,0,0,0,0,0,0
C3010,18,03,0000,District - Goalpara  03,Total,6,25232,13000,12232,9766,5085,4681,9766,5085,4681,0,0,0,0,0,0,0,0,0,0,0,0
C3010,18,03,0000,District - Goalpara  03,Total,7,26219,13420,12799,14799,7629,7170,14799,7629,7170,0,0,0,0,0,0,0,0,0,0,0,0
C3010,18,03,0000,District - Goalpara  03,Total,8,28324,14509,13815,17802,9232,8570,17802,9232,8570,0,0,0,0,0,0,0,0,0,0,0,0
C3010,18,03,0000,District - Goalpara  03,Total,9,19444,9779,9665,13616,6850,6766,13616,6850,6766,0,0,0,0,0,0,0,0,0,0,0,0
C3010,18,03,0000,District - Goalpara  03,Total,10,28946,15104,13842,19112,9981,9131,19112,9981,9131,0,0,0,0,0,0,0,0,0,0,0,0
C3010,18,03,0000,District - Goalpara  03,Total,11,14384,7352,7032,10461,5321,5140,10461,5321,5140,0,0,0,0,0,0,0,0,0,0,0,0
C3010,18,03,0000,District - Goalpara  03,Total,12,26939,14187,12752,16916,8761,8155,16916,8761,8155,0,0,0,0,0,0,0,0,0,0,0,0
C3010,18,03,0000,District - Goalpara  03,Total,13,16613,8636,7977,10905,5574,5331,10905,5574,5331,0,0,0,0,0,0,0,0,0,0,0,0
C3010,18,03,0000,District - Goalpara  03,Total,14,19030,10187,8843,11193,5849,5344,11193,5849,5344,0,0,0,0,0,0,0,0,0,0,0,0
C3010,18,03,0000,District - Goalpara  03,Total,15-19,78382,42527,35855,31914,17622,14292,29466,16130,13336,2269,1360,909,24,16,8,148,112,36,7,4,3
C3010,18,03,0000,District - Goalpara  03,Total,20-24,66507,32511,33996,10418,6604,3814,5480,3305,2175,4810,3198,1612,51,41,10,69,56,13,8,4,4
C3010,18,03,0000,District - Goalpara  03,Total,25-29,67733,31798,35935,1144,818,326,0,0,0,1000,720,280,30,19,11,106,75,31,8,4,4
C3010,18,03,0000,District - Goalpara  03,Total,30-34,58173,29153,29020,248,188,60,0,0,0,178,129,49,24,19,5,39,35,4,7,5,2
C3010,18,03,0000,District - Goalpara  03,Total,35-59,166906,88877,78029,170,117,53,0,0,0,75,55,20,49,32,17,31,23,8,15,7,8
C3010,18,03,0000,District - Goalpara  03,Total,60+,44522,21111,23411,17,10,7,0,0,0,6,4,2,2,1,1,5,4,1,4,1,3
C3010,18,03,0000,District - Goalpara  03,Total,Age not stated,780,492,288,6,5,1,0,0,0,5,4,1,1,1,0,0,0,0,0,0,0
C3010,18,03,0000,District - Goalpara  03,Rural,All ages,755133,385706,369427,158128,83970,74158,150803,79009,71794,6770,4554,2216,161,114,47,349,269,80,45,24,21
C3010,18,03,0000,District - Goalpara  03,Rural,0-4,102200,51391,50809,2181,1051,1130,2181,1051,1130,0,0,0,0,0,0,0,0,0,0,0,0
C3010,18,03,0000,District - Goalpara  03,Rural,5,24038,12349,11689,4400,2259,2141,4400,2259,2141,0,0,0,0,0,0,0,0,0,0,0,0
C3010,18,03,0000,District - Goalpara  03,Rural,6,23811,12281,11530,8965,4658,4307,8965,4658,4307,0,0,0,0,0,0,0,0,0,0,0,0
C3010,18,03,0000,District - Goalpara  03,Rural,7,24555,12583,11972,13555,6999,6556,13555,6999,6556,0,0,0,0,0,0,0,0,0,0,0,0
C3010,18,03,0000,District - Goalpara  03,Rural,8,26578,13572,13006,16439,8484,7955,16439,8484,7955,0,0,0,0,0,0,0,0,0,0,0,0
C3010,18,03,0000,District - Goalpara  03,Rural,9,18139,9118,9021,12505,6274,6231,12505,6274,6231,0,0,0,0,0,0,0,0,0,0,0,0
C3010,18,03,0000,District - Goalpara  03,Rural,10,26943,14034,12909,17534,9143,8391,17534,9143,8391,0,0,0,0,0,0,0,0,0,0,0,0
C3010,18,03,0000,District - Goalpara  03,Rural,11,13137,6703,6434,9398,4752,4646,9398,4752,4646,0,0,0,0,0,0,0,0,0,0,0,0
C3010,18,03,0000,District - Goalpara  03,Rural,12,24971,13139,11832,15431,7956,7475,15431,7956,7475,0,0,0,0,0,0,0,0,0,0,0,0
C3010,18,03,0000,District - Goalpara  03,Rural,13,15123,7883,7240,9744,4989,4755,9744,4989,4755,0,0,0,0,0,0,0,0,0,0,0,0
C3010,18,03,0000,District - Goalpara  03,Rural,14,17300,9273,8027,9958,5198,4760,9958,5198,4760,0,0,0,0,0,0,0,0,0,0,0,0
C3010,18,03,0000,District - Goalpara  03,Rural,15-19,71318,38903,32415,27994,15625,12369,25946,14342,11604,1877,1155,722,21,13,8,143,111,32,7,4,3
C3010,18,03,0000,District - Goalpara  03,Rural,20-24,60198,29336,30862,8731,5633,3098,4747,2904,1843,3870,2639,1231,44,34,10,62,52,10,8,4,4
C3010,18,03,0000,District - Goalpara  03,Rural,25-29,61517,28827,32690,939,685,254,0,0,0,825,611,214,27,18,9,79,52,27,8,4,4
C3010,18,03,0000,District - Goalpara  03,Rural,30-34,52690,26373,26317,205,160,45,0,0,0,139,105,34,24,19,5,35,31,4,7,5,2
C3010,18,03,0000,District - Goalpara  03,Rural,35-59,150993,80057,70936,131,92,39,0,0,0,51,38,13,43,29,14,25,19,6,12,6,6
C3010,18,03,0000,District - Goalpara  03,Rural,60+,40959,19473,21486,14,9,5,0,0,0,4,3,1,2,1,1,5,4,1,3,1,2
C3010,18,03,0000,District - Goalpara  03,Rural,Age not stated,663,411,252,4,3,1,0,0,0,4,3,1,0,0,0,0,0,0,0,0,0
C3010,18,03,0000,District - Goalpara  03,Urban,All ages,66902,34545,32357,17650,9374,8276,16004,8406,7598,1573,916,657,20,15,5,49,36,13,4,1,3
C3010,18,03,0000,District - Goalpara  03,Urban,0-4,6215,3133,3082,272,154,118,272,154,118,0,0,0,0,0,0,0,0,0,0,0,0
C3010,18,03,0000,District - Goalpara  03,Urban,5,1448,735,713,438,234,204,438,234,204,0,0,0,0,0,0,0,0,0,0,0,0
C3010,18,03,0000,District - Goalpara  03,Urban,6,1421,719,702,801,427,374,801,427,374,0,0,0,0,0,0,0,0,0,0,0,0
C3010,18,03,0000,District - Goalpara  03,Urban,7,1664,837,827,1244,630,614,1244,630,614,0,0,0,0,0,0,0,0,0,0,0,0
C3010,18,03,0000,District - Goalpara  03,Urban,8,1746,937,809,1363,748,615,1363,748,615,0,0,0,0,0,0,0,0,0,0,0,0
C3010,18,03,0000,District - Goalpara  03,Urban,9,1305,661,644,1111,576,535,1111,576,535,0,0,0,0,0,0,0,0,0,0,0,0
C3010,18,03,0000,District - Goalpara  03,Urban,10,2003,1070,933,1578,838,740,1578,838,740,0,0,0,0,0,0,0,0,0,0,0,0
C3010,18,03,0000,District - Goalpara  03,Urban,11,1247,649,598,1063,569,494,1063,569,494,0,0,0,0,0,0,0,0,0,0,0,0
C3010,18,03,0000,District - Goalpara  03,Urban,12,1968,1048,920,1485,805,680,1485,805,680,0,0,0,0,0,0,0,0,0,0,0,0
C3010,18,03,0000,District - Goalpara  03,Urban,13,1490,753,737,1161,585,576,1161,585,576,0,0,0,0,0,0,0,0,0,0,0,0
C3010,18,03,0000,District - Goalpara  03,Urban,14,1730,914,816,1235,651,584,1235,651,584,0,0,0,0,0,0,0,0,0,0,0,0
C3010,18,03,0000,District - Goalpara  03,Urban,15-19,7064,3624,3440,3920,1997,1923,3520,1788,1732,392,205,187,3,3,0,5,1,4,0,0,0
C3010,18,03,0000,District - Goalpara  03,Urban,20-24,6309,3175,3134,1687,971,716,733,401,332,940,559,381,7,7,0,7,4,3,0,0,0
C3010,18,03,0000,District - Goalpara  03,Urban,25-29,6216,2971,3245,205,133,72,0,0,0,175,109,66,3,1,2,27,23,4,0,0,0
C3010,18,03,0000,District - Goalpara  03,Urban,30-34,5483,2780,2703,43,28,15,0,0,0,39,24,15,0,0,0,4,4,0,0,0,0
C3010,18,03,0000,District - Goalpara  03,Urban,35-59,15913,8820,7093,39,25,14,0,0,0,24,17,7,6,3,3,6,4,2,3,1,2
C3010,18,03,0000,District - Goalpara  03,Urban,60+,3563,1638,1925,3,1,2,0,0,0,2,1,1,0,0,0,0,0,0,1,0,1
C3010,18,03,0000,District - Goalpara  03,Urban,Age not stated,117,81,36,2,2,0,0,0,0,1,1,0,1,1,0,0,0,0,0,0,0
C3010,18,04,0000,District - Bongaigaon  04,Total,All ages,904835,465240,439595,195393,105864,89529,182038,96927,85111,11951,8024,3927,474,397,77,471,331,140,459,185,274
C3010,18,04,0000,District - Bongaigaon  04,Total,0-4,111651,56534,55117,2701,1370,1331,2701,1370,1331,0,0,0,0,0,0,0,0,0,0,0,0
C3010,18,04,0000,District - Bongaigaon  04,Total,5,26241,13442,12799,4521,2423,2098,4521,2423,2098,0,0,0,0,0,0,0,0,0,0,0,0
C3010,18,04,0000,District - Bongaigaon  04,Total,6,25509,12883,12626,9629,4973,4656,9629,4973,4656,0,0,0,0,0,0,0,0,0,0,0,0
C3010,18,04,0000,District - Bongaigaon  04,Total,7,27152,13811,13341,15850,8279,7571,15850,8279,7571,0,0,0,0,0,0,0,0,0,0,0,0
C3010,18,04,0000,District - Bongaigaon  04,Total,8,29189,14832,14357,18369,9574,8795,18369,9574,8795,0,0,0,0,0,0,0,0,0,0,0,0
C3010,18,04,0000,District - Bongaigaon  04,Total,9,20702,10392,10310,14868,7511,7357,14868,7511,7357,0,0,0,0,0,0,0,0,0,0,0,0
C3010,18,04,0000,District - Bongaigaon  04,Total,10,30251,15834,14417,19751,10508,9243,19751,10508,9243,0,0,0,0,0,0,0,0,0,0,0,0
C3010,18,04,0000,District - Bongaigaon  04,Total,11,15937,8201,7736,11969,6227,5742,11969,6227,5742,0,0,0,0,0,0,0,0,0,0,0,0
C3010,18,04,0000,District - Bongaigaon  04,Total,12,28806,15153,13653,18657,9943,8714,18657,9943,8714,0,0,0,0,0,0,0,0,0,0,0,0
C3010,18,04,0000,District - Bongaigaon  04,Total,13,18263,9315,8948,12530,6443,6087,12530,6443,6087,0,0,0,0,0,0,0,0,0,0,0,0
C3010,18,04,0000,District - Bongaigaon  04,Total,14,21895,11518,10377,13637,7259,6378,13637,7259,6378,0,0,0,0,0,0,0,0,0,0,0,0
C3010,18,04,0000,District - Bongaigaon  04,Total,15-19,87166,47648,39518,38557,21904,16653,34502,19333,15169,3704,2292,1412,143,126,17,179,138,41,29,15,14
C3010,18,04,0000,District - Bongaigaon  04,Total,20-24,74334,36764,37570,12218,7942,4276,5054,3084,1970,6842,4642,2200,165,142,23,103,52,51,54,22,32
C3010,18,04,0000,District - Bongaigaon  04,Total,25-29,75754,35624,40130,1412,1050,362,0,0,0,1129,873,256,86,72,14,110,81,29,87,24,63
C3010,18,04,0000,District - Bongaigaon  04,Total,30-34,65510,32643,32867,309,234,75,0,0,0,190,152,38,25,17,8,39,34,5,55,31,24
C3010,18,04,0000,District - Bongaigaon  04,Total,35-59,193949,104995,88954,342,182,160,0,0,0,67,49,18,44,33,11,34,21,13,197,79,118
C3010,18,04,0000,District - Bongaigaon  04,Total,60+,51718,25162,26556,68,38,30,0,0,0,15,13,2,11,7,4,5,4,1,37,14,23
C3010,18,04,0000,District - Bongaigaon  04,Total,Age not stated,808,489,319,5,4,1,0,0,0,4,3,1,0,0,0,1,1,0,0,0,0
C3010,18,04,0000,District - Bongaigaon  04,Rural,All ages,795053,407706,387347,166078,90274,75804,156674,83733,72941,8324,5882,2442,275,229,46,354,247,107,451,183,268
C3010,18,04,0000,District - Bongaigaon  04,Rural,0-4,103156,52117,51039,2209,1120,1089,2209,1120,1089,0,0,0,0,0,0,0,0,0,0,0,0
C3010,18,04,0000,District - Bongaigaon  04,Rural,5,24165,12382,11783,3859,2080,1779,3859,2080,1779,0,0,0,0,0,0,0,0,0,0,0,0
C3010,18,04,0000,District - Bongaigaon  04,Rural,6,23723,11984,11739,8565,4419,4146,8565,4419,4146,0,0,0,0,0,0,0,0,0,0,0,0
C3010,18,04,0000,District - Bongaigaon  04,Rural,7,24814,12598,12216,13808,7209,6599,13808,7209,6599,0,0,0,0,0,0,0,0,0,0,0,0
C3010,18,04,0000,District - Bongaigaon  04,Rural,8,26796,13536,13260,16251,8416,7835,16251,8416,7835,0,0,0,0,0,0,0,0,0,0,0,0
C3010,18,04,0000,District - Bongaigaon  04,Rural,9,18831,9465,9366,13167,6655,6512,13167,6655,6512,0,0,0,0,0,0,0,0,0,0,0,0
C3010,18,04,0000,District - Bongaigaon  04,Rural,10,27529,14449,13080,17403,9303,8100,17403,9303,8100,0,0,0,0,0,0,0,0,0,0,0,0
C3010,18,04,0000,District - Bongaigaon  04,Rural,11,13926,7127,6799,10138,5237,4901,10138,5237,4901,0,0,0,0,0,0,0,0,0,0,0,0
C3010,18,04,0000,District - Bongaigaon  04,Rural,12,25958,13669,12289,16237,8656,7581,16237,8656,7581,0,0,0,0,0,0,0,0,0,0,0,0
C3010,18,04,0000,District - Bongaigaon  04,Rural,13,15913,8159,7754,10511,5431,5080,10511,5431,5080,0,0,0,0,0,0,0,0,0,0,0,0
C3010,18,04,0000,District - Bongaigaon  04,Rural,14,19335,10230,9105,11543,6183,5360,11543,6183,5360,0,0,0,0,0,0,0,0,0,0,0,0
C3010,18,04,0000,District - Bongaigaon  04,Rural,15-19,75999,41993,34006,31423,18165,13258,28660,16328,12332,2479,1614,865,85,78,7,170,130,40,29,15,14
C3010,18,04,0000,District - Bongaigaon  04,Rural,20-24,64007,31484,32523,9277,6203,3074,4323,2696,1627,4737,3370,1367,83,70,13,82,46,36,52,21,31
C3010,18,04,0000,District - Bongaigaon  04,Rural,25-29,65665,30782,34883,1083,821,262,0,0,0,887,713,174,47,39,8,62,45,17,87,24,63
C3010,18,04,0000,District - Bongaigaon  04,Rural,30-34,55896,27945,27951,246,189,57,0,0,0,156,133,23,17,10,7,18,15,3,55,31,24
C3010,18,04,0000,District - Bongaigaon  04,Rural,35-59,162948,87237,75711,295,151,144,0,0,0,50,39,11,32,25,7,18,8,10,195,79,116
C3010,18,04,0000,District - Bongaigaon  04,Rural,60+,45658,22096,23562,58,32,26,0,0,0,11,10,1,11,7,4,3,2,1,33,13,20
C3010,18,04,0000,District - Bongaigaon  04,Rural,Age not stated,734,453,281,5,4,1,0,0,0,4,3,1,0,0,0,1,1,0,0,0,0
C3010,18,04,0000,District - Bongaigaon  04,Urban,All ages,109782,57534,52248,29315,15590,13725,25364,13194,12170,3627,2142,1485,199,168,31,117,84,33,8,2,6
C3010,18,04,0000,District - Bongaigaon  04,Urban,0-4,8495,4417,4078,492,250,242,492,250,242,0,0,0,0,0,0,0,0,0,0,0,0
C3010,18,04,0000,District - Bongaigaon  04,Urban,5,2076,1060,1016,662,343,319,662,343,319,0,0,0,0,0,0,0,0,0,0,0,0
C3010,18,04,0000,District - Bongaigaon  04,Urban,6,1786,899,887,1064,554,510,1064,554,510,0,0,0,0,0,0,0,0,0,0,0,0
C3010,18,04,0000,District - Bongaigaon  04,Urban,7,2338,1213,1125,2042,1070,972,2042,1070,972,0,0,0,0,0,0,0,0,0,0,0,0
C3010,18,04,0000,District - Bongaigaon  04,Urban,8,2393,1296,1097,2118,1158,960,2118,1158,960,0,0,0,0,0,0,0,0,0,0,0,0
C3010,18,04,0000,District - Bongaigaon  04,Urban,9,1871,927,944,1701,856,845,1701,856,845,0,0,0,0,0,0,0,0,0,0,0,0
C3010,18,04,0000,District - Bongaigaon  04,Urban,10,2722,1385,1337,2348,1205,1143,2348,1205,1143,0,0,0,0,0,0,0,0,0,0,0,0
C3010,18,04,0000,District - Bongaigaon  04,Urban,11,2011,1074,937,1831,990,841,1831,990,841,0,0,0,0,0,0,0,0,0,0,0,0
C3010,18,04,0000,District - Bongaigaon  04,Urban,12,2848,1484,1364,2420,1287,1133,2420,1287,1133,0,0,0,0,0,0,0,0,0,0,0,0
C3010,18,04,0000,District - Bongaigaon  04,Urban,13,2350,1156,1194,2019,1012,1007,2019,1012,1007,0,0,0,0,0,0,0,0,0,0,0,0
C3010,18,04,0000,District - Bongaigaon  04,Urban,14,2560,1288,1272,2094,1076,1018,2094,1076,1018,0,0,0,0,0,0,0,0,0,0,0,0
C3010,18,04,0000,District - Bongaigaon  04,Urban,15-19,11167,5655,5512,7134,3739,3395,5842,3005,2837,1225,678,547,58,48,10,9,8,1,0,0,0
C3010,18,04,0000,District - Bongaigaon  04,Urban,20-24,10327,5280,5047,2941,1739,1202,731,388,343,2105,1272,833,82,72,10,21,6,15,2,1,1
C3010,18,04,0000,District - Bongaigaon  04,Urban,25-29,10089,4842,5247,329,229,100,0,0,0,242,160,82,39,33,6,48,36,12,0,0,0
C3010,18,04,0000,District - Bongaigaon  04,Urban,30-34,9614,4698,4916,63,45,18,0,0,0,34,19,15,8,7,1,21,19,2,0,0,0
C3010,18,04,0000,District - Bongaigaon  04,Urban,35-59,31001,17758,13243,47,31,16,0,0,0,17,10,7,12,8,4,16,13,3,2,0,2
C3010,18,04,0000,District - Bongaigaon  04,Urban,60+,6060,3066,2994,10,6,4,0,0,0,4,3,1,0,0,0,2,2,0,4,1,3
C3010,18,04,0000,District - Bongaigaon  04,Urban,Age not stated,74,36,38,0,0,0,0,0,0,0,0,0,0,0,0,0,0,0,0,0,0
C3010,18,05,0000,District - Barpeta  05,Total,All ages,1647201,848578,798623,345527,186793,158734,318290,169489,148801,25873,16308,9565,531,387,144,675,506,169,158,103,55
C3010,18,05,0000,District - Barpeta  05,Total,0-4,209571,106310,103261,4003,2122,1881,4003,2122,1881,0,0,0,0,0,0,0,0,0,0,0,0
C3010,18,05,0000,District - Barpeta  05,Total,5,50148,25765,24383,8191,4363,3828,8191,4363,3828,0,0,0,0,0,0,0,0,0,0,0,0
C3010,18,05,0000,District - Barpeta  05,Total,6,49230,25474,23756,17537,9278,8259,17537,9278,8259,0,0,0,0,0,0,0,0,0,0,0,0
C3010,18,05,0000,District - Barpeta  05,Total,7,52621,26667,25954,28533,14836,13697,28533,14836,13697,0,0,0,0,0,0,0,0,0,0,0,0
C3010,18,05,0000,District - Barpeta  05,Total,8,55109,28004,27105,33133,17377,15756,33133,17377,15756,0,0,0,0,0,0,0,0,0,0,0,0
C3010,18,05,0000,District - Barpeta  05,Total,9,38802,19591,19211,27017,13873,13144,27017,13873,13144,0,0,0,0,0,0,0,0,0,0,0,0
C3010,18,05,0000,District - Barpeta  05,Total,10,55350,28579,26771,35604,18821,16783,35604,18821,16783,0,0,0,0,0,0,0,0,0,0,0,0
C3010,18,05,0000,District - Barpeta  05,Total,11,27571,14128,13443,20459,10612,9847,20459,10612,9847,0,0,0,0,0,0,0,0,0,0,0,0
C3010,18,05,0000,District - Barpeta  05,Total,12,52335,27416,24919,33126,17397,15729,33126,17397,15729,0,0,0,0,0,0,0,0,0,0,0,0
C3010,18,05,0000,District - Barpeta  05,Total,13,31816,16616,15200,21810,11234,10576,21810,11234,10576,0,0,0,0,0,0,0,0,0,0,0,0
C3010,18,05,0000,District - Barpeta  05,Total,14,37614,20482,17132,23587,12511,11076,23587,12511,11076,0,0,0,0,0,0,0,0,0,0,0,0
C3010,18,05,0000,District - Barpeta  05,Total,15-19,145852,82253,63599,64927,36747,28180,56627,31835,24792,8003,4679,3324,107,85,22,184,145,39,6,3,3
C3010,18,05,0000,District - Barpeta  05,Total,20-24,135041,66616,68425,23487,14686,8801,8663,5230,3433,14516,9243,5273,159,118,41,126,84,42,23,11,12
C3010,18,05,0000,District - Barpeta  05,Total,25-29,138377,66465,71912,3031,2127,904,0,0,0,2677,1855,822,108,84,24,231,177,54,15,11,4
C3010,18,05,0000,District - Barpeta  05,Total,30-34,119888,60710,59178,552,424,128,0,0,0,413,329,84,53,37,16,68,51,17,18,7,11
C3010,18,05,0000,District - Barpeta  05,Total,35-59,342720,183208,159512,368,280,88,0,0,0,162,134,28,78,48,30,53,42,11,75,56,19
C3010,18,05,0000,District - Barpeta  05,Total,60+,102531,48820,53711,87,50,37,0,0,0,34,20,14,24,13,11,10,4,6,19,13,6
C3010,18,05,0000,District - Barpeta  05,Total,Age not stated,2625,1474,1151,75,55,20,0,0,0,68,48,20,2,2,0,3,3,0,2,2,0
C3010,18,05,0000,District - Barpeta  05,Rural,All ages,1520333,782414,737919,311278,169092,142186,288466,154237,134229,21690,14035,7655,411,286,125,563,439,124,148,95,53
C3010,18,05,0000,District - Barpeta  05,Rural,0-4,199847,101387,98460,3595,1906,1689,3595,1906,1689,0,0,0,0,0,0,0,0,0,0,0,0
C3010,18,05,0000,District - Barpeta  05,Rural,5,47791,24510,23281,7407,3932,3475,7407,3932,3475,0,0,0,0,0,0,0,0,0,0,0,0
C3010,18,05,0000,District - Barpeta  05,Rural,6,46927,24266,22661,16134,8552,7582,16134,8552,7582,0,0,0,0,0,0,0,0,0,0,0,0
C3010,18,05,0000,District - Barpeta  05,Rural,7,49886,25256,24630,26246,13648,12598,26246,13648,12598,0,0,0,0,0,0,0,0,0,0,0,0
C3010,18,05,0000,District - Barpeta  05,Rural,8,52209,26495,25714,30625,16038,14587,30625,16038,14587,0,0,0,0,0,0,0,0,0,0,0,0
C3010,18,05,0000,District - Barpeta  05,Rural,9,36444,18337,18107,24908,12744,12164,24908,12744,12164,0,0,0,0,0,0,0,0,0,0,0,0
C3010,18,05,0000,District - Barpeta  05,Rural,10,52040,26894,25146,32771,17325,15446,32771,17325,15446,0,0,0,0,0,0,0,0,0,0,0,0
C3010,18,05,0000,District - Barpeta  05,Rural,11,25208,12973,12235,18333,9552,8781,18333,9552,8781,0,0,0,0,0,0,0,0,0,0,0,0
C3010,18,05,0000,District - Barpeta  05,Rural,12,48960,25657,23303,30284,15892,14392,30284,15892,14392,0,0,0,0,0,0,0,0,0,0,0,0
C3010,18,05,0000,District - Barpeta  05,Rural,13,29150,15336,13814,19581,10146,9435,19581,10146,9435,0,0,0,0,0,0,0,0,0,0,0,0
C3010,18,05,0000,District - Barpeta  05,Rural,14,34556,19006,15550,21142,11305,9837,21142,11305,9837,0,0,0,0,0,0,0,0,0,0,0,0
C3010,18,05,0000,District - Barpeta  05,Rural,15-19,133160,75808,57352,56937,32732,24205,49897,28498,21399,6788,4037,2751,76,56,20,170,138,32,6,3,3
C3010,18,05,0000,District - Barpeta  05,Rural,20-24,122686,60175,62511,19820,12753,7067,7543,4699,2844,12043,7893,4150,111,79,32,100,71,29,23,11,12
C3010,18,05,0000,District - Barpeta  05,Rural,25-29,126069,60220,65849,2531,1836,695,0,0,0,2260,1624,636,82,62,20,175,140,35,14,10,4
C3010,18,05,0000,District - Barpeta  05,Rural,30-34,109001,54986,54015,486,382,104,0,0,0,368,301,67,45,31,14,55,43,12,18,7,11
C3010,18,05,0000,District - Barpeta  05,Rural,35-59,310095,164937,145158,338,259,79,0,0,0,148,125,23,72,44,28,50,40,10,68,50,18
C3010,18,05,0000,District - Barpeta  05,Rural,60+,93774,44758,49016,79,46,33,0,0,0,29,18,11,23,12,11,10,4,6,17,12,5
C3010,18,05,0000,District - Barpeta  05,Rural,Age not stated,2530,1413,1117,61,44,17,0,0,0,54,37,17,2,2,0,3,3,0,2,2,0
C3010,18,05,0000,District - Barpeta  05,Urban,All ages,126868,66164,60704,34249,17701,16548,29824,15252,14572,4183,2273,1910,120,101,19,112,67,45,10,8,2
C3010,18,05,0000,District - Barpeta  05,Urban,0-4,9724,4923,4801,408,216,192,408,216,192,0,0,0,0,0,0,0,0,0,0,0,0
C3010,18,05,0000,District - Barpeta  05,Urban,5,2357,1255,1102,784,431,353,784,431,353,0,0,0,0,0,0,0,0,0,0,0,0
C3010,18,05,0000,District - Barpeta  05,Urban,6,2303,1208,1095,1403,726,677,1403,726,677,0,0,0,0,0,0,0,0,0,0,0,0
C3010,18,05,0000,District - Barpeta  05,Urban,7,2735,1411,1324,2287,1188,1099,2287,1188,1099,0,0,0,0,0,0,0,0,0,0,0,0
C3010,18,05,0000,District - Barpeta  05,Urban,8,2900,1509,1391,2508,1339,1169,2508,1339,1169,0,0,0,0,0,0,0,0,0,0,0,0
C3010,18,05,0000,District - Barpeta  05,Urban,9,2358,1254,1104,2109,1129,980,2109,1129,980,0,0,0,0,0,0,0,0,0,0,0,0
C3010,18,05,0000,District - Barpeta  05,Urban,10,3310,1685,1625,2833,1496,1337,2833,1496,1337,0,0,0,0,0,0,0,0,0,0,0,0
C3010,18,05,0000,District - Barpeta  05,Urban,11,2363,1155,1208,2126,1060,1066,2126,1060,1066,0,0,0,0,0,0,0,0,0,0,0,0
C3010,18,05,0000,District - Barpeta  05,Urban,12,3375,1759,1616,2842,1505,1337,2842,1505,1337,0,0,0,0,0,0,0,0,0,0,0,0
C3010,18,05,0000,District - Barpeta  05,Urban,13,2666,1280,1386,2229,1088,1141,2229,1088,1141,0,0,0,0,0,0,0,0,0,0,0,0
C3010,18,05,0000,District - Barpeta  05,Urban,14,3058,1476,1582,2445,1206,1239,2445,1206,1239,0,0,0,0,0,0,0,0,0,0,0,0
C3010,18,05,0000,District - Barpeta  05,Urban,15-19,12692,6445,6247,7990,4015,3975,6730,3337,3393,1215,642,573,31,29,2,14,7,7,0,0,0
C3010,18,05,0000,District - Barpeta  05,Urban,20-24,12355,6441,5914,3667,1933,1734,1120,531,589,2473,1350,1123,48,39,9,26,13,13,0,0,0
C3010,18,05,0000,District - Barpeta  05,Urban,25-29,12308,6245,6063,500,291,209,0,0,0,417,231,186,26,22,4,56,37,19,1,1,0
C3010,18,05,0000,District - Barpeta  05,Urban,30-34,10887,5724,5163,66,42,24,0,0,0,45,28,17,8,6,2,13,8,5,0,0,0
C3010,18,05,0000,District - Barpeta  05,Urban,35-59,32625,18271,14354,30,21,9,0,0,0,14,9,5,6,4,2,3,2,1,7,6,1
C3010,18,05,0000,District - Barpeta  05,Urban,60+,8757,4062,4695,8,4,4,0,0,0,5,2,3,1,1,0,0,0,0,2,1,1
C3010,18,05,0000,District - Barpeta  05,Urban,Age not stated,95,61,34,14,11,3,0,0,0,14,11,3,0,0,0,0,0,0,0,0,0
C3010,18,06,0000,District - Kamrup  06,Total,All ages,2522324,1326981,1195343,644696,344288,300408,557130,291677,265453,80508,47721,32787,4033,3072,961,2713,1632,1081,312,186,126
C3010,18,06,0000,District - Kamrup  06,Total,0-4,237213,120803,116410,10443,5410,5033,10443,5410,5033,0,0,0,0,0,0,0,0,0,0,0,0
C3010,18,06,0000,District - Kamrup  06,Total,5,57570,29710,27860,15077,7872,7205,15077,7872,7205,0,0,0,0,0,0,0,0,0,0,0,0
C3010,18,06,0000,District - Kamrup  06,Total,6,58996,30263,28733,28999,14993,14006,28999,14993,14006,0,0,0,0,0,0,0,0,0,0,0,0
C3010,18,06,0000,District - Kamrup  06,Total,7,60748,31400,29348,42703,22528,20175,42703,22528,20175,0,0,0,0,0,0,0,0,0,0,0,0
C3010,18,06,0000,District - Kamrup  06,Total,8,67378,34640,32738,49644,25997,23647,49644,25997,23647,0,0,0,0,0,0,0,0,0,0,0,0
C3010,18,06,0000,District - Kamrup  06,Total,9,50314,25319,24995,40563,20777,19786,40563,20777,19786,0,0,0,0,0,0,0,0,0,0,0,0
C3010,18,06,0000,District - Kamrup  06,Total,10,74208,38405,35803,56391,29884,26507,56391,29884,26507,0,0,0,0,0,0,0,0,0,0,0,0
C3010,18,06,0000,District - Kamrup  06,Total,11,43359,21799,21560,36657,18761,17896,36657,18761,17896,0,0,0,0,0,0,0,0,0,0,0,0
C3010,18,06,0000,District - Kamrup  06,Total,12,73825,38351,35474,55539,29367,26172,55539,29367,26172,0,0,0,0,0,0,0,0,0,0,0,0
C3010,18,06,0000,District - Kamrup  06,Total,13,50487,25248,25239,40229,20418,19811,40229,20418,19811,0,0,0,0,0,0,0,0,0,0,0,0
C3010,18,06,0000,District - Kamrup  06,Total,14,58421,29697,28724,43802,22370,21432,43802,22370,21432,0,0,0,0,0,0,0,0,0,0,0,0
C3010,18,06,0000,District - Kamrup  06,Total,15-19,245950,129615,116335,143357,76497,66860,118550,62529,56021,23684,13197,10487,746,553,193,366,211,155,11,7,4
C3010,18,06,0000,District - Kamrup  06,Total,20-24,235986,121781,114205,66812,39556,27256,18533,10771,7762,45712,26920,18792,1813,1467,346,734,388,346,20,10,10
C3010,18,06,0000,District - Kamrup  06,Total,25-29,244422,121785,122637,10318,6927,3391,0,0,0,8346,5636,2710,890,631,259,1025,631,394,57,29,28
C3010,18,06,0000,District - Kamrup  06,Total,30-34,208428,109217,99211,2016,1446,570,0,0,0,1451,1055,396,241,174,67,273,186,87,51,31,20
C3010,18,06,0000,District - Kamrup  06,Total,35-59,607645,343080,264565,1733,1204,529,0,0,0,1059,739,320,263,195,68,275,187,88,136,83,53
C3010,18,06,0000,District - Kamrup  06,Total,60+,143126,73262,69864,281,190,91,0,0,0,182,126,56,39,22,17,24,17,7,36,25,11
C3010,18,06,0000,District - Kamrup  06,Total,Age not stated,4248,2606,1642,132,91,41,0,0,0,74,48,26,41,30,11,16,12,4,1,1,0
C3010,18,06,0000,District - Kamrup  06,Rural,All ages,1614107,833438,780669,396279,210741,185538,360370,188505,171865,34165,21090,13075,607,435,172,971,612,359,166,99,67
C3010,18,06,0000,District - Kamrup  06,Rural,0-4,169462,85968,83494,4622,2366,2256,4622,2366,2256,0,0,0,0,0,0,0,0,0,0,0,0
C3010,18,06,0000,District - Kamrup  06,Rural,5,41252,21234,20018,8295,4345,3950,8295,4345,3950,0,0,0,0,0,0,0,0,0,0,0,0
C3010,18,06,0000,District - Kamrup  06,Rural,6,42870,21882,20988,18434,9476,8958,18434,9476,8958,0,0,0,0,0,0,0,0,0,0,0,0
C3010,18,06,0000,District - Kamrup  06,Rural,7,43054,22215,20839,27750,14638,13112,27750,14638,13112,0,0,0,0,0,0,0,0,0,0,0,0
C3010,18,06,0000,District - Kamrup  06,Rural,8,48458,24849,23609,33440,17478,15962,33440,17478,15962,0,0,0,0,0,0,0,0,0,0,0,0
C3010,18,06,0000,District - Kamrup  06,Rural,9,35239,17713,17526,27255,13970,13285,27255,13970,13285,0,0,0,0,0,0,0,0,0,0,0,0
C3010,18,06,0000,District - Kamrup  06,Rural,10,51885,26818,25067,37544,19818,17726,37544,19818,17726,0,0,0,0,0,0,0,0,0,0,0,0
C3010,18,06,0000,District - Kamrup  06,Rural,11,28195,14168,14027,23257,11868,11389,23257,11868,11389,0,0,0,0,0,0,0,0,0,0,0,0
C3010,18,06,0000,District - Kamrup  06,Rural,12,51535,26885,24650,37261,19658,17603,37261,19658,17603,0,0,0,0,0,0,0,0,0,0,0,0
C3010,18,06,0000,District - Kamrup  06,Rural,13,33431,16780,16651,25821,13092,12729,25821,13092,12729,0,0,0,0,0,0,0,0,0,0,0,0
C3010,18,06,0000,District - Kamrup  06,Rural,14,39711,20306,19405,28783,14629,14154,28783,14629,14154,0,0,0,0,0,0,0,0,0,0,0,0
C3010,18,06,0000,District - Kamrup  06,Rural,15-19,160550,84137,76413,86121,45930,40191,75222,39679,35543,10648,6086,4562,108,71,37,138,90,48,5,4,1
C3010,18,06,0000,District - Kamrup  06,Rural,20-24,141134,70722,70412,31949,19260,12689,12686,7488,5198,18770,11489,7281,149,107,42,333,170,163,11,6,5
C3010,18,06,0000,District - Kamrup  06,Rural,25-29,144876,70426,74450,4092,2939,1153,0,0,0,3665,2659,1006,129,103,26,273,167,106,25,10,15
C3010,18,06,0000,District - Kamrup  06,Rural,30-34,123283,62872,60411,912,714,198,0,0,0,701,557,144,79,55,24,103,84,19,29,18,11
C3010,18,06,0000,District - Kamrup  06,Rural,35-59,360585,198022,162563,610,464,146,0,0,0,314,251,63,120,87,33,102,82,20,74,44,30
C3010,18,06,0000,District - Kamrup  06,Rural,60+,97028,47531,49497,101,71,30,0,0,0,47,35,12,20,10,10,12,9,3,22,17,5
C3010,18,06,0000,District - Kamrup  06,Rural,Age not stated,1559,910,649,32,25,7,0,0,0,20,13,7,2,2,0,10,10,0,0,0,0
C3010,18,06,0000,District - Kamrup  06,Urban,All ages,908217,493543,414674,248417,133547,114870,196760,103172,93588,46343,26631,19712,3426,2637,789,1742,1020,722,146,87,59
C3010,18,06,0000,District - Kamrup  06,Urban,0-4,67751,34835,32916,5821,3044,2777,5821,3044,2777,0,0,0,0,0,0,0,0,0,0,0,0
C3010,18,06,0000,District - Kamrup  06,Urban,5,16318,8476,7842,6782,3527,3255,6782,3527,3255,0,0,0,0,0,0,0,0,0,0,0,0
C3010,18,06,0000,District - Kamrup  06,Urban,6,16126,8381,7745,10565,5517,5048,10565,5517,5048,0,0,0,0,0,0,0,0,0,0,0,0
C3010,18,06,0000,District - Kamrup  06,Urban,7,17694,9185,8509,14953,7890,7063,14953,7890,7063,0,0,0,0,0,0,0,0,0,0,0,0
C3010,18,06,0000,District - Kamrup  06,Urban,8,18920,9791,9129,16204,8519,7685,16204,8519,7685,0,0,0,0,0,0,0,0,0,0,0,0
C3010,18,06,0000,District - Kamrup  06,Urban,9,15075,7606,7469,13308,6807,6501,13308,6807,6501,0,0,0,0,0,0,0,0,0,0,0,0
C3010,18,06,0000,District - Kamrup  06,Urban,10,22323,11587,10736,18847,10066,8781,18847,10066,8781,0,0,0,0,0,0,0,0,0,0,0,0
C3010,18,06,0000,District - Kamrup  06,Urban,11,15164,7631,7533,13400,6893,6507,13400,6893,6507,0,0,0,0,0,0,0,0,0,0,0,0
C3010,18,06,0000,District - Kamrup  06,Urban,12,22290,11466,10824,18278,9709,8569,18278,9709,8569,0,0,0,0,0,0,0,0,0,0,0,0
C3010,18,06,0000,District - Kamrup  06,Urban,13,17056,8468,8588,14408,7326,7082,14408,7326,7082,0,0,0,0,0,0,0,0,0,0,0,0
C3010,18,06,0000,District - Kamrup  06,Urban,14,18710,9391,9319,15019,7741,7278,15019,7741,7278,0,0,0,0,0,0,0,0,0,0,0,0
C3010,18,06,0000,District - Kamrup  06,Urban,15-19,85400,45478,39922,57236,30567,26669,43328,22850,20478,13036,7111,5925,638,482,156,228,121,107,6,3,3
C3010,18,06,0000,District - Kamrup  06,Urban,20-24,94852,51059,43793,34863,20296,14567,5847,3283,2564,26942,15431,11511,1664,1360,304,401,218,183,9,4,5
C3010,18,06,0000,District - Kamrup  06,Urban,25-29,99546,51359,48187,6226,3988,2238,0,0,0,4681,2977,1704,761,528,233,752,464,288,32,19,13
C3010,18,06,0000,District - Kamrup  06,Urban,30-34,85145,46345,38800,1104,732,372,0,0,0,750,498,252,162,119,43,170,102,68,22,13,9
C3010,18,06,0000,District - Kamrup  06,Urban,35-59,247060,145058,102002,1123,740,383,0,0,0,745,488,257,143,108,35,173,105,68,62,39,23
C3010,18,06,0000,District - Kamrup  06,Urban,60+,46098,25731,20367,180,119,61,0,0,0,135,91,44,19,12,7,12,8,4,14,8,6
C3010,18,06,0000,District - Kamrup  06,Urban,Age not stated,2689,1696,993,100,66,34,0,0,0,54,35,19,39,28,11,6,2,4,1,1,0
C3010,18,07,0000,District - Nalbari  07,Total,All ages,1148824,592375,556449,293367,156711,136656,262852,137861,124991,29431,18085,11346,442,316,126,502,358,144,140,91,49
C3010,18,07,0000,District - Nalbari  07,Total,0-4,113198,57613,55585,3132,1629,1503,3132,1629,1503,0,0,0,0,0,0,0,0,0,0,0,0
C3010,18,07,0000,District - Nalbari  07,Total,5,27938,14467,13471,5930,3204,2726,5930,3204,2726,0,0,0,0,0,0,0,0,0,0,0,0
C3010,18,07,0000,District - Nalbari  07,Total,6,29077,14821,14256,12679,6692,5987,12679,6692,5987,0,0,0,0,0,0,0,0,0,0,0,0
C3010,18,07,0000,District - Nalbari  07,Total,7,28362,14582,13780,18826,9912,8914,18826,9912,8914,0,0,0,0,0,0,0,0,0,0,0,0
C3010,18,07,0000,District - Nalbari  07,Total,8,33591,17086,16505,23754,12413,11341,23754,12413,11341,0,0,0,0,0,0,0,0,0,0,0,0
C3010,18,07,0000,District - Nalbari  07,Total,9,24046,12136,11910,19175,9858,9317,19175,9858,9317,0,0,0,0,0,0,0,0,0,0,0,0
C3010,18,07,0000,District - Nalbari  07,Total,10,36330,18832,17498,27556,14714,12842,27556,14714,12842,0,0,0,0,0,0,0,0,0,0,0,0
C3010,18,07,0000,District - Nalbari  07,Total,11,19751,9846,9905,16642,8454,8188,16642,8454,8188,0,0,0,0,0,0,0,0,0,0,0,0
C3010,18,07,0000,District - Nalbari  07,Total,12,36345,18937,17408,27467,14709,12758,27467,14709,12758,0,0,0,0,0,0,0,0,0,0,0,0
C3010,18,07,0000,District - Nalbari  07,Total,13,23962,12009,11953,18969,9681,9288,18969,9681,9288,0,0,0,0,0,0,0,0,0,0,0,0
C3010,18,07,0000,District - Nalbari  07,Total,14,28546,14411,14135,21285,10960,10325,21285,10960,10325,0,0,0,0,0,0,0,0,0,0,0,0
C3010,18,07,0000,District - Nalbari  07,Total,15-19,117378,60382,56996,66474,35292,31182,57630,30144,27486,8608,4959,3649,80,60,20,143,122,21,13,7,6
C3010,18,07,0000,District - Nalbari  07,Total,20-24,103055,52282,50773,26477,15614,10863,9807,5491,4316,16419,9953,6466,138,102,36,97,57,40,16,11,5
C3010,18,07,0000,District - Nalbari  07,Total,25-29,104879,51528,53351,3830,2713,1117,0,0,0,3525,2505,1020,113,81,32,164,111,53,28,16,12
C3010,18,07,0000,District - Nalbari  07,Total,30-34,87841,45249,42592,668,528,140,0,0,0,578,464,114,28,19,9,50,35,15,12,10,2
C3010,18,07,0000,District - Nalbari  07,Total,35-59,258209,140208,118001,391,287,104,0,0,0,221,175,46,70,44,26,44,30,14,56,38,18
C3010,18,07,0000,District - Nalbari  07,Total,60+,75246,37367,37879,68,43,25,0,0,0,39,24,15,12,9,3,3,2,1,14,8,6
C3010,18,07,0000,District - Nalbari  07,Total,Age not stated,1070,619,451,44,8,36,0,0,0,41,5,36,1,1,0,1,1,0,1,1,0
C3010,18,07,0000,District - Nalbari  07,Rural,All ages,1121338,577985,543353,284979,152397,132582,255926,134354,121572,28028,17319,10709,416,297,119,471,337,134,138,90,48
C3010,18,07,0000,District - Nalbari  07,Rural,0-4,111075,56504,54571,2926,1525,1401,2926,1525,1401,0,0,0,0,0,0,0,0,0,0,0,0
C3010,18,07,0000,District - Nalbari  07,Rural,5,27422,14199,13223,5674,3070,2604,5674,3070,2604,0,0,0,0,0,0,0,0,0,0,0,0
C3010,18,07,0000,District - Nalbari  07,Rural,6,28563,14548,14015,12284,6473,5811,12284,6473,5811,0,0,0,0,0,0,0,0,0,0,0,0
C3010,18,07,0000,District - Nalbari  07,Rural,7,27794,14308,13486,18321,9665,8656,18321,9665,8656,0,0,0,0,0,0,0,0,0,0,0,0
C3010,18,07,0000,District - Nalbari  07,Rural,8,32907,16742,16165,23145,12105,11040,23145,12105,11040,0,0,0,0,0,0,0,0,0,0,0,0
C3010,18,07,0000,District - Nalbari  07,Rural,9,23514,11861,11653,18677,9600,9077,18677,9600,9077,0,0,0,0,0,0,0,0,0,0,0,0
C3010,18,07,0000,District - Nalbari  07,Rural,10,35556,18415,17141,26867,14343,12524,26867,14343,12524,0,0,0,0,0,0,0,0,0,0,0,0
C3010,18,07,0000,District - Nalbari  07,Rural,11,19267,9605,9662,16205,8232,7973,16205,8232,7973,0,0,0,0,0,0,0,0,0,0,0,0
C3010,18,07,0000,District - Nalbari  07,Rural,12,35535,18510,17025,26755,14327,12428,26755,14327,12428,0,0,0,0,0,0,0,0,0,0,0,0
C3010,18,07,0000,District - Nalbari  07,Rural,13,23412,11715,11697,18501,9426,9075,18501,9426,9075,0,0,0,0,0,0,0,0,0,0,0,0
C3010,18,07,0000,District - Nalbari  07,Rural,14,27875,14064,13811,20739,10676,10063,20739,10676,10063,0,0,0,0,0,0,0,0,0,0,0,0
C3010,18,07,0000,District - Nalbari  07,Rural,15-19,114537,59019,55518,64549,34417,30132,56181,29499,26682,8145,4739,3406,72,53,19,138,119,19,13,7,6
C3010,18,07,0000,District - Nalbari  07,Rural,20-24,100361,50891,49470,25525,15081,10444,9651,5413,4238,15638,9509,6129,128,94,34,92,54,38,16,11,5
C3010,18,07,0000,District - Nalbari  07,Rural,25-29,102140,50200,51940,3673,2609,1064,0,0,0,3386,2415,971,108,78,30,151,100,51,28,16,12
C3010,18,07,0000,District - Nalbari  07,Rural,30-34,85450,44086,41364,654,517,137,0,0,0,568,456,112,28,19,9,46,32,14,12,10,2
C3010,18,07,0000,District - Nalbari  07,Rural,35-59,251081,136100,114981,377,283,94,0,0,0,216,174,42,67,43,24,40,29,11,54,37,17
C3010,18,07,0000,District - Nalbari  07,Rural,60+,73801,36609,37192,63,40,23,0,0,0,34,21,13,12,9,3,3,2,1,14,8,6
C3010,18,07,0000,District - Nalbari  07,Rural,Age not stated,1048,609,439,44,8,36,0,0,0,41,5,36,1,1,0,1,1,0,1,1,0
C3010,18,07,0000,District - Nalbari  07,Urban,All ages,27486,14390,13096,8388,4314,4074,6926,3507,3419,1403,766,637,26,19,7,31,21,10,2,1,1
C3010,18,07,0000,District - Nalbari  07,Urban,0-4,2123,1109,1014,206,104,102,206,104,102,0,0,0,0,0,0,0,0,0,0,0,0
C3010,18,07,0000,District - Nalbari  07,Urban,5,516,268,248,256,134,122,256,134,122,0,0,0,0,0,0,0,0,0,0,0,0
C3010,18,07,0000,District - Nalbari  07,Urban,6,514,273,241,395,219,176,395,219,176,0,0,0,0,0,0,0,0,0,0,0,0
C3010,18,07,0000,District - Nalbari  07,Urban,7,568,274,294,505,247,258,505,247,258,0,0,0,0,0,0,0,0,0,0,0,0
C3010,18,07,0000,District - Nalbari  07,Urban,8,684,344,340,609,308,301,609,308,301,0,0,0,0,0,0,0,0,0,0,0,0
C3010,18,07,0000,District - Nalbari  07,Urban,9,532,275,257,498,258,240,498,258,240,0,0,0,0,0,0,0,0,0,0,0,0
C3010,18,07,0000,District - Nalbari  07,Urban,10,774,417,357,689,371,318,689,371,318,0,0,0,0,0,0,0,0,0,0,0,0
C3010,18,07,0000,District - Nalbari  07,Urban,11,484,241,243,437,222,215,437,222,215,0,0,0,0,0,0,0,0,0,0,0,0
C3010,18,07,0000,District - Nalbari  07,Urban,12,810,427,383,712,382,330,712,382,330,0,0,0,0,0,0,0,0,0,0,0,0
C3010,18,07,0000,District - Nalbari  07,Urban,13,550,294,256,468,255,213,468,255,213,0,0,0,0,0,0,0,0,0,0,0,0
C3010,18,07,0000,District - Nalbari  07,Urban,14,671,347,324,546,284,262,546,284,262,0,0,0,0,0,0,0,0,0,0,0,0
C3010,18,07,0000,District - Nalbari  07,Urban,15-19,2841,1363,1478,1925,875,1050,1449,645,804,463,220,243,8,7,1,5,3,2,0,0,0
C3010,18,07,0000,District - Nalbari  07,Urban,20-24,2694,1391,1303,952,533,419,156,78,78,781,444,337,10,8,2,5,3,2,0,0,0
C3010,18,07,0000,District - Nalbari  07,Urban,25-29,2739,1328,1411,157,104,53,0,0,0,139,90,49,5,3,2,13,11,2,0,0,0
C3010,18,07,0000,District - Nalbari  07,Urban,30-34,2391,1163,1228,14,11,3,0,0,0,10,8,2,0,0,0,4,3,1,0,0,0
C3010,18,07,0000,District - Nalbari  07,Urban,35-59,7128,4108,3020,14,4,10,0,0,0,5,1,4,3,1,2,4,1,3,2,1,1
C3010,18,07,0000,District - Nalbari  07,Urban,60+,1445,758,687,5,3,2,0,0,0,5,3,2,0,0,0,0,0,0,0,0,0
C3010,18,07,0000,District - Nalbari  07,Urban,Age not stated,22,10,12,0,0,0,0,0,0,0,0,0,0,0,0,0,0,0,0,0,0
C3010,18,08,0000,District - Darrang  08,Total,All ages,1504320,773861,730459,305563,165175,140388,283359,150813,132546,20278,13072,7206,429,303,126,1061,728,333,436,259,177
C3010,18,08,0000,District - Darrang  08,Total,0-4,183605,92434,91171,4333,2197,2136,4333,2197,2136,0,0,0,0,0,0,0,0,0,0,0,0
C3010,18,08,0000,District - Darrang  08,Total,5,41967,21642,20325,7448,3915,3533,7448,3915,3533,0,0,0,0,0,0,0,0,0,0,0,0
C3010,18,08,0000,District - Darrang  08,Total,6,43190,21943,21247,15244,7888,7356,15244,7888,7356,0,0,0,0,0,0,0,0,0,0,0,0
C3010,18,08,0000,District - Darrang  08,Total,7,41201,20864,20337,22902,11920,10982,22902,11920,10982,0,0,0,0,0,0,0,0,0,0,0,0
C3010,18,08,0000,District - Darrang  08,Total,8,48608,24790,23818,28468,15025,13443,28468,15025,13443,0,0,0,0,0,0,0,0,0,0,0,0
C3010,18,08,0000,District - Darrang  08,Total,9,32103,16132,15971,21718,11285,10433,21718,11285,10433,0,0,0,0,0,0,0,0,0,0,0,0
C3010,18,08,0000,District - Darrang  08,Total,10,48834,25428,23406,30093,15996,14097,30093,15996,14097,0,0,0,0,0,0,0,0,0,0,0,0
C3010,18,08,0000,District - Darrang  08,Total,11,23850,12237,11613,17363,9088,8275,17363,9088,8275,0,0,0,0,0,0,0,0,0,0,0,0
C3010,18,08,0000,District - Darrang  08,Total,12,47370,24818,22552,29299,15763,13536,29299,15763,13536,0,0,0,0,0,0,0,0,0,0,0,0
C3010,18,08,0000,District - Darrang  08,Total,13,27775,14070,13705,19017,9786,9231,19017,9786,9231,0,0,0,0,0,0,0,0,0,0,0,0
C3010,18,08,0000,District - Darrang  08,Total,14,35345,18445,16900,22036,11611,10425,22036,11611,10425,0,0,0,0,0,0,0,0,0,0,0,0
C3010,18,08,0000,District - Darrang  08,Total,15-19,144182,76770,67412,62910,34778,28132,56397,30881,25516,5937,3500,2437,83,65,18,450,303,147,43,29,14
C3010,18,08,0000,District - Darrang  08,Total,20-24,127109,62585,64524,20696,13002,7694,9041,5458,3583,11288,7285,4003,101,72,29,181,130,51,85,57,28
C3010,18,08,0000,District - Darrang  08,Total,25-29,131970,62660,69310,2754,2002,752,0,0,0,2375,1758,617,107,74,33,205,138,67,67,32,35
C3010,18,08,0000,District - Darrang  08,Total,30-34,111917,56356,55561,597,430,167,0,0,0,420,323,97,36,29,7,92,59,33,49,19,30
C3010,18,08,0000,District - Darrang  08,Total,35-59,325477,175782,149695,557,409,148,0,0,0,211,178,33,84,54,30,106,79,27,156,98,58
C3010,18,08,0000,District - Darrang  08,Total,60+,87143,45344,41799,101,63,38,0,0,0,21,12,9,18,9,9,27,19,8,35,23,12
C3010,18,08,0000,District - Darrang  08,Total,Age not stated,2674,1561,1113,27,17,10,0,0,0,26,16,10,0,0,0,0,0,0,1,1,0
C3010,18,08,0000,District - Darrang  08,Rural,All ages,1429492,733887,695605,285272,154548,130724,265693,141725,123968,17791,11621,6170,381,263,118,985,683,302,422,256,166
C3010,18,08,0000,District - Darrang  08,Rural,0-4,177774,89487,88287,3992,2006,1986,3992,2006,1986,0,0,0,0,0,0,0,0,0,0,0,0
C3010,18,08,0000,District - Darrang  08,Rural,5,40514,20861,19653,6863,3583,3280,6863,3583,3280,0,0,0,0,0,0,0,0,0,0,0,0
C3010,18,08,0000,District - Darrang  08,Rural,6,41777,21204,20573,14308,7396,6912,14308,7396,6912,0,0,0,0,0,0,0,0,0,0,0,0
C3010,18,08,0000,District - Darrang  08,Rural,7,39656,20048,19608,21550,11203,10347,21550,11203,10347,0,0,0,0,0,0,0,0,0,0,0,0
C3010,18,08,0000,District - Darrang  08,Rural,8,46930,23911,23019,27007,14235,12772,27007,14235,12772,0,0,0,0,0,0,0,0,0,0,0,0
C3010,18,08,0000,District - Darrang  08,Rural,9,30857,15512,15345,20599,10714,9885,20599,10714,9885,0,0,0,0,0,0,0,0,0,0,0,0
C3010,18,08,0000,District - Darrang  08,Rural,10,46910,24421,22489,28433,15110,13323,28433,15110,13323,0,0,0,0,0,0,0,0,0,0,0,0
C3010,18,08,0000,District - Darrang  08,Rural,11,22529,11542,10987,16157,8449,7708,16157,8449,7708,0,0,0,0,0,0,0,0,0,0,0,0
C3010,18,08,0000,District - Darrang  08,Rural,12,45307,23768,21539,27606,14878,12728,27606,14878,12728,0,0,0,0,0,0,0,0,0,0,0,0
C3010,18,08,0000,District - Darrang  08,Rural,13,26203,13297,12906,17695,9131,8564,17695,9131,8564,0,0,0,0,0,0,0,0,0,0,0,0
C3010,18,08,0000,District - Darrang  08,Rural,14,33494,17521,15973,20549,10879,9670,20549,10879,9670,0,0,0,0,0,0,0,0,0,0,0,0
C3010,18,08,0000,District - Darrang  08,Rural,15-19,136571,72904,63667,58189,32419,25770,52455,28958,23497,5181,3085,2096,69,51,18,441,296,145,43,29,14
C3010,18,08,0000,District - Darrang  08,Rural,20-24,119689,58633,61056,18679,11873,6806,8479,5183,3296,9858,6444,3414,91,65,26,169,125,44,82,56,26
C3010,18,08,0000,District - Darrang  08,Rural,25-29,124495,58842,65653,2476,1829,647,0,0,0,2151,1617,534,95,64,31,166,116,50,64,32,32
C3010,18,08,0000,District - Darrang  08,Rural,30-34,105308,52784,52524,550,398,152,0,0,0,389,300,89,31,25,6,85,55,30,45,18,27
C3010,18,08,0000,District - Darrang  08,Rural,35-59,306218,164589,141629,506,370,136,0,0,0,178,150,28,78,50,28,97,72,25,153,98,55
C3010,18,08,0000,District - Darrang  08,Rural,60+,82724,43092,39632,94,60,34,0,0,0,16,11,5,17,8,9,27,19,8,34,22,12
C3010,18,08,0000,District - Darrang  08,Rural,Age not stated,2536,1471,1065,19,15,4,0,0,0,18,14,4,0,0,0,0,0,0,1,1,0
C3010,18,08,0000,District - Darrang  08,Urban,All ages,74828,39974,34854,20291,10627,9664,17666,9088,8578,2487,1451,1036,48,40,8,76,45,31,14,3,11
C3010,18,08,0000,District - Darrang  08,Urban,0-4,5831,2947,2884,341,191,150,341,191,150,0,0,0,0,0,0,0,0,0,0,0,0
C3010,18,08,0000,District - Darrang  08,Urban,5,1453,781,672,585,332,253,585,332,253,0,0,0,0,0,0,0,0,0,0,0,0
C3010,18,08,0000,District - Darrang  08,Urban,6,1413,739,674,936,492,444,936,492,444,0,0,0,0,0,0,0,0,0,0,0,0
C3010,18,08,0000,District - Darrang  08,Urban,7,1545,816,729,1352,717,635,1352,717,635,0,0,0,0,0,0,0,0,0,0,0,0
C3010,18,08,0000,District - Darrang  08,Urban,8,1678,879,799,1461,790,671,1461,790,671,0,0,0,0,0,0,0,0,0,0,0,0
C3010,18,08,0000,District - Darrang  08,Urban,9,1246,620,626,1119,571,548,1119,571,548,0,0,0,0,0,0,0,0,0,0,0,0
C3010,18,08,0000,District - Darrang  08,Urban,10,1924,1007,917,1660,886,774,1660,886,774,0,0,0,0,0,0,0,0,0,0,0,0
C3010,18,08,0000,District - Darrang  08,Urban,11,1321,695,626,1206,639,567,1206,639,567,0,0,0,0,0,0,0,0,0,0,0,0
C3010,18,08,0000,District - Darrang  08,Urban,12,2063,1050,1013,1693,885,808,1693,885,808,0,0,0,0,0,0,0,0,0,0,0,0
C3010,18,08,0000,District - Darrang  08,Urban,13,1572,773,799,1322,655,667,1322,655,667,0,0,0,0,0,0,0,0,0,0,0,0
C3010,18,08,0000,District - Darrang  08,Urban,14,1851,924,927,1487,732,755,1487,732,755,0,0,0,0,0,0,0,0,0,0,0,0
C3010,18,08,0000,District - Darrang  08,Urban,15-19,7611,3866,3745,4721,2359,2362,3942,1923,2019,756,415,341,14,14,0,9,7,2,0,0,0
C3010,18,08,0000,District - Darrang  08,Urban,20-24,7420,3952,3468,2017,1129,888,562,275,287,1430,841,589,10,7,3,12,5,7,3,1,2
C3010,18,08,0000,District - Darrang  08,Urban,25-29,7475,3818,3657,278,173,105,0,0,0,224,141,83,12,10,2,39,22,17,3,0,3
C3010,18,08,0000,District - Darrang  08,Urban,30-34,6609,3572,3037,47,32,15,0,0,0,31,23,8,5,4,1,7,4,3,4,1,3
C3010,18,08,0000,District - Darrang  08,Urban,35-59,19259,11193,8066,51,39,12,0,0,0,33,28,5,6,4,2,9,7,2,3,0,3
C3010,18,08,0000,District - Darrang  08,Urban,60+,4419,2252,2167,7,3,4,0,0,0,5,1,4,1,1,0,0,0,0,1,1,0
C3010,18,08,0000,District - Darrang  08,Urban,Age not stated,138,90,48,8,2,6,0,0,0,8,2,6,0,0,0,0,0,0,0,0,0
C3010,18,09,0000,District - Marigaon  09,Total,All ages,776256,398926,377330,162072,83853,78219,151817,77269,74548,9466,6000,3466,167,113,54,521,420,101,101,51,50
C3010,18,09,0000,District - Marigaon  09,Total,0-4,100556,51028,49528,1530,732,798,1530,732,798,0,0,0,0,0,0,0,0,0,0,0,0
C3010,18,09,0000,District - Marigaon  09,Total,5,23731,12184,11547,3325,1671,1654,3325,1671,1654,0,0,0,0,0,0,0,0,0,0,0,0
C3010,18,09,0000,District - Marigaon  09,Total,6,24471,12462,12009,9041,4588,4453,9041,4588,4453,0,0,0,0,0,0,0,0,0,0,0,0
C3010,18,09,0000,District - Marigaon  09,Total,7,23660,11947,11713,14273,7195,7078,14273,7195,7078,0,0,0,0,0,0,0,0,0,0,0,0
C3010,18,09,0000,District - Marigaon  09,Total,8,26694,13663,13031,17033,8669,8364,17033,8669,8364,0,0,0,0,0,0,0,0,0,0,0,0
C3010,18,09,0000,District - Marigaon  09,Total,9,17584,8802,8782,12623,6241,6382,12623,6241,6382,0,0,0,0,0,0,0,0,0,0,0,0
C3010,18,09,0000,District - Marigaon  09,Total,10,26874,13953,12921,17648,9068,8580,17648,9068,8580,0,0,0,0,0,0,0,0,0,0,0,0
C3010,18,09,0000,District - Marigaon  09,Total,11,12582,6289,6293,9481,4688,4793,9481,4688,4793,0,0,0,0,0,0,0,0,0,0,0,0
C3010,18,09,0000,District - Marigaon  09,Total,12,25929,13675,12254,16464,8433,8031,16464,8433,8031,0,0,0,0,0,0,0,0,0,0,0,0
C3010,18,09,0000,District - Marigaon  09,Total,13,15039,7548,7491,10165,4968,5197,10165,4968,5197,0,0,0,0,0,0,0,0,0,0,0,0
C3010,18,09,0000,District - Marigaon  09,Total,14,18233,9399,8834,10860,5365,5495,10860,5365,5495,0,0,0,0,0,0,0,0,0,0,0,0
C3010,18,09,0000,District - Marigaon  09,Total,15-19,72021,38712,33309,28715,15223,13492,25524,13312,12212,2891,1663,1228,37,26,11,253,218,35,10,4,6
C3010,18,09,0000,District - Marigaon  09,Total,20-24,63310,31363,31947,9193,5791,3402,3850,2339,1511,5180,3333,1847,38,26,12,111,87,24,14,6,8
C3010,18,09,0000,District - Marigaon  09,Total,25-29,64838,31043,33795,1210,849,361,0,0,0,1080,756,324,37,27,10,81,59,22,12,7,5
C3010,18,09,0000,District - Marigaon  09,Total,30-34,55358,27795,27563,301,230,71,0,0,0,239,192,47,18,12,6,28,18,10,16,8,8
C3010,18,09,0000,District - Marigaon  09,Total,35-59,159280,85781,73499,179,127,52,0,0,0,66,52,14,29,19,10,42,34,8,42,22,20
C3010,18,09,0000,District - Marigaon  09,Total,60+,45639,23007,22632,29,15,14,0,0,0,8,4,4,8,3,5,6,4,2,7,4,3
C3010,18,09,0000,District - Marigaon  09,Total,Age not stated,457,275,182,2,0,2,0,0,0,2,0,2,0,0,0,0,0,0,0,0,0
C3010,18,09,0000,District - Marigaon  09,Rural,All ages,738268,378832,359436,151275,78248,73027,142372,72425,69947,8157,5265,2892,144,100,44,505,408,97,97,50,47
C3010,18,09,0000,District - Marigaon  09,Rural,0-4,97419,49430,47989,1441,691,750,1441,691,750,0,0,0,0,0,0,0,0,0,0,0,0
C3010,18,09,0000,District - Marigaon  09,Rural,5,22996,11796,11200,3166,1589,1577,3166,1589,1577,0,0,0,0,0,0,0,0,0,0,0,0
C3010,18,09,0000,District - Marigaon  09,Rural,6,23631,12007,11624,8577,4339,4238,8577,4339,4238,0,0,0,0,0,0,0,0,0,0,0,0
C3010,18,09,0000,District - Marigaon  09,Rural,7,22786,11504,11282,13517,6805,6712,13517,6805,6712,0,0,0,0,0,0,0,0,0,0,0,0
C3010,18,09,0000,District - Marigaon  09,Rural,8,25833,13230,12603,16256,8271,7985,16256,8271,7985,0,0,0,0,0,0,0,0,0,0,0,0
C3010,18,09,0000,District - Marigaon  09,Rural,9,16784,8410,8374,11891,5882,6009,11891,5882,6009,0,0,0,0,0,0,0,0,0,0,0,0
C3010,18,09,0000,District - Marigaon  09,Rural,10,25815,13415,12400,16724,8596,8128,16724,8596,8128,0,0,0,0,0,0,0,0,0,0,0,0
C3010,18,09,0000,District - Marigaon  09,Rural,11,11838,5918,5920,8789,4339,4450,8789,4339,4450,0,0,0,0,0,0,0,0,0,0,0,0
C3010,18,09,0000,District - Marigaon  09,Rural,12,24854,13117,11737,15534,7940,7594,15534,7940,7594,0,0,0,0,0,0,0,0,0,0,0,0
C3010,18,09,0000,District - Marigaon  09,Rural,13,14202,7122,7080,9432,4601,4831,9432,4601,4831,0,0,0,0,0,0,0,0,0,0,0,0
C3010,18,09,0000,District - Marigaon  09,Rural,14,17318,8909,8409,10077,4950,5127,10077,4950,5127,0,0,0,0,0,0,0,0,0,0,0,0
C3010,18,09,0000,District - Marigaon  09,Rural,15-19,68104,36651,31453,26139,13905,12234,23410,12242,11168,2437,1420,1017,35,24,11,248,215,33,9,4,5
C3010,18,09,0000,District - Marigaon  09,Rural,20-24,59783,29622,30161,8197,5229,2968,3558,2180,1378,4489,2939,1550,31,21,10,106,83,23,13,6,7
C3010,18,09,0000,District - Marigaon  09,Rural,25-29,60966,29187,31779,1077,769,308,0,0,0,961,685,276,29,23,6,75,54,21,12,7,5
C3010,18,09,0000,District - Marigaon  09,Rural,30-34,51952,26016,25936,271,212,59,0,0,0,210,175,35,17,11,6,28,18,10,16,8,8
C3010,18,09,0000,District - Marigaon  09,Rural,35-59,149729,80186,69543,158,115,43,0,0,0,51,42,9,24,18,6,42,34,8,41,21,20
C3010,18,09,0000,District - Marigaon  09,Rural,60+,43826,22056,21770,28,15,13,0,0,0,8,4,4,8,3,5,6,4,2,6,4,2
C3010,18,09,0000,District - Marigaon  09,Rural,Age not stated,432,256,176,1,0,1,0,0,0,1,0,1,0,0,0,0,0,0,0,0,0
C3010,18,09,0000,District - Marigaon  09,Urban,All ages,37988,20094,17894,10797,5605,5192,9445,4844,4601,1309,735,574,23,13,10,16,12,4,4,1,3
C3010,18,09,0000,District - Marigaon  09,Urban,0-4,3137,1598,1539,89,41,48,89,41,48,0,0,0,0,0,0,0,0,0,0,0,0
C3010,18,09,0000,District - Marigaon  09,Urban,5,735,388,347,159,82,77,159,82,77,0,0,0,0,0,0,0,0,0,0,0,0
C3010,18,09,0000,District - Marigaon  09,Urban,6,840,455,385,464,249,215,464,249,215,0,0,0,0,0,0,0,0,0,0,0,0
C3010,18,09,0000,District - Marigaon  09,Urban,7,874,443,431,756,390,366,756,390,366,0,0,0,0,0,0,0,0,0,0,0,0
C3010,18,09,0000,District - Marigaon  09,Urban,8,861,433,428,777,398,379,777,398,379,0,0,0,0,0,0,0,0,0,0,0,0
C3010,18,09,0000,District - Marigaon  09,Urban,9,800,392,408,732,359,373,732,359,373,0,0,0,0,0,0,0,0,0,0,0,0
C3010,18,09,0000,District - Marigaon  09,Urban,10,1059,538,521,924,472,452,924,472,452,0,0,0,0,0,0,0,0,0,0,0,0
C3010,18,09,0000,District - Marigaon  09,Urban,11,744,371,373,692,349,343,692,349,343,0,0,0,0,0,0,0,0,0,0,0,0
C3010,18,09,0000,District - Marigaon  09,Urban,12,1075,558,517,930,493,437,930,493,437,0,0,0,0,0,0,0,0,0,0,0,0
C3010,18,09,0000,District - Marigaon  09,Urban,13,837,426,411,733,367,366,733,367,366,0,0,0,0,0,0,0,0,0,0,0,0
C3010,18,09,0000,District - Marigaon  09,Urban,14,915,490,425,783,415,368,783,415,368,0,0,0,0,0,0,0,0,0,0,0,0
C3010,18,09,0000,District - Marigaon  09,Urban,15-19,3917,2061,1856,2576,1318,1258,2114,1070,1044,454,243,211,2,2,0,5,3,2,1,0,1
C3010,18,09,0000,District - Marigaon  09,Urban,20-24,3527,1741,1786,996,562,434,292,159,133,691,394,297,7,5,2,5,4,1,1,0,1
C3010,18,09,0000,District - Marigaon  09,Urban,25-29,3872,1856,2016,133,80,53,0,0,0,119,71,48,8,4,4,6,5,1,0,0,0
C3010,18,09,0000,District - Marigaon  09,Urban,30-34,3406,1779,1627,30,18,12,0,0,0,29,17,12,1,1,0,0,0,0,0,0,0
C3010,18,09,0000,District - Marigaon  09,Urban,35-59,9551,5595,3956,21,12,9,0,0,0,15,10,5,5,1,4,0,0,0,1,1,0
C3010,18,09,0000,District - Marigaon  09,Urban,60+,1813,951,862,1,0,1,0,0,0,0,0,0,0,0,0,0,0,0,1,0,1
C3010,18,09,0000,District - Marigaon  09,Urban,Age not stated,25,19,6,1,0,1,0,0,0,1,0,1,0,0,0,0,0,0,0,0,0
C3010,18,10,0000,District - Nagaon  10,Total,All ages,2314629,1190950,1123679,462725,241064,221661,431822,222141,209681,27837,16793,11044,1040,709,331,1846,1317,529,180,104,76
C3010,18,10,0000,District - Nagaon  10,Total,0-4,290961,146549,144412,3730,1897,1833,3730,1897,1833,0,0,0,0,0,0,0,0,0,0,0,0
C3010,18,10,0000,District - Nagaon  10,Total,5,67619,34791,32828,8502,4394,4108,8502,4394,4108,0,0,0,0,0,0,0,0,0,0,0,0
C3010,18,10,0000,District - Nagaon  10,Total,6,67700,34485,33215,23166,11945,11221,23166,11945,11221,0,0,0,0,0,0,0,0,0,0,0,0
C3010,18,10,0000,District - Nagaon  10,Total,7,67026,33697,33329,38685,19851,18834,38685,19851,18834,0,0,0,0,0,0,0,0,0,0,0,0
C3010,18,10,0000,District - Nagaon  10,Total,8,76735,39195,37540,46775,24236,22539,46775,24236,22539,0,0,0,0,0,0,0,0,0,0,0,0
C3010,18,10,0000,District - Nagaon  10,Total,9,50828,25520,25308,35322,17800,17522,35322,17800,17522,0,0,0,0,0,0,0,0,0,0,0,0
C3010,18,10,0000,District - Nagaon  10,Total,10,78227,40349,37878,50320,25959,24361,50320,25959,24361,0,0,0,0,0,0,0,0,0,0,0,0
C3010,18,10,0000,District - Nagaon  10,Total,11,38451,19371,19080,28453,14282,14171,28453,14282,14171,0,0,0,0,0,0,0,0,0,0,0,0
C3010,18,10,0000,District - Nagaon  10,Total,12,74298,38583,35715,46296,23857,22439,46296,23857,22439,0,0,0,0,0,0,0,0,0,0,0,0
C3010,18,10,0000,District - Nagaon  10,Total,13,44890,22309,22581,30197,14797,15400,30197,14797,15400,0,0,0,0,0,0,0,0,0,0,0,0
C3010,18,10,0000,District - Nagaon  10,Total,14,53127,27211,25916,31469,15731,15738,31469,15731,15738,0,0,0,0,0,0,0,0,0,0,0,0
C3010,18,10,0000,District - Nagaon  10,Total,15-19,216424,115377,101047,86871,45749,41122,77405,40378,37027,8218,4470,3748,221,182,39,1018,715,303,9,4,5
C3010,18,10,0000,District - Nagaon  10,Total,20-24,193569,97445,96124,28106,17327,10779,11502,7014,4488,15925,9785,6140,312,257,55,353,265,88,14,6,8
C3010,18,10,0000,District - Nagaon  10,Total,25-29,195568,94688,100880,3469,2310,1159,0,0,0,2883,1936,947,253,146,107,308,215,93,25,13,12
C3010,18,10,0000,District - Nagaon  10,Total,30-34,166780,84305,82475,711,486,225,0,0,0,507,372,135,92,40,52,83,58,25,29,16,13
C3010,18,10,0000,District - Nagaon  10,Total,35-59,483317,261061,222256,557,376,181,0,0,0,270,206,64,142,71,71,70,54,16,75,45,30
C3010,18,10,0000,District - Nagaon  10,Total,60+,147002,74740,72262,91,65,26,0,0,0,29,22,7,20,13,7,14,10,4,28,20,8
C3010,18,10,0000,District - Nagaon  10,Total,Age not stated,2107,1274,833,5,2,3,0,0,0,5,2,3,0,0,0,0,0,0,0,0,0
C3010,18,10,0000,District - Nagaon  10,Rural,All ages,2036342,1045398,990944,391813,204586,187227,369825,190700,179125,19603,12252,7351,635,359,276,1589,1183,406,161,92,69
C3010,18,10,0000,District - Nagaon  10,Rural,0-4,268896,135368,133528,2945,1477,1468,2945,1477,1468,0,0,0,0,0,0,0,0,0,0,0,0
C3010,18,10,0000,District - Nagaon  10,Rural,5,62146,31951,30195,6895,3567,3328,6895,3567,3328,0,0,0,0,0,0,0,0,0,0,0,0
C3010,18,10,0000,District - Nagaon  10,Rural,6,62522,31856,30666,20095,10379,9716,20095,10379,9716,0,0,0,0,0,0,0,0,0,0,0,0
C3010,18,10,0000,District - Nagaon  10,Rural,7,61145,30664,30481,33754,17272,16482,33754,17272,16482,0,0,0,0,0,0,0,0,0,0,0,0
C3010,18,10,0000,District - Nagaon  10,Rural,8,70346,35836,34510,41295,21315,19980,41295,21315,19980,0,0,0,0,0,0,0,0,0,0,0,0
C3010,18,10,0000,District - Nagaon  10,Rural,9,45880,22988,22892,30927,15531,15396,30927,15531,15396,0,0,0,0,0,0,0,0,0,0,0,0
C3010,18,10,0000,District - Nagaon  10,Rural,10,70901,36583,34318,44049,22701,21348,44049,22701,21348,0,0,0,0,0,0,0,0,0,0,0,0
C3010,18,10,0000,District - Nagaon  10,Rural,11,33647,16925,16722,24189,12089,12100,24189,12089,12100,0,0,0,0,0,0,0,0,0,0,0,0
C3010,18,10,0000,District - Nagaon  10,Rural,12,66885,34747,32138,40177,20697,19480,40177,20697,19480,0,0,0,0,0,0,0,0,0,0,0,0
C3010,18,10,0000,District - Nagaon  10,Rural,13,39210,19491,19719,25449,12471,12978,25449,12471,12978,0,0,0,0,0,0,0,0,0,0,0,0
C3010,18,10,0000,District - Nagaon  10,Rural,14,46886,24094,22792,26599,13353,13246,26599,13353,13246,0,0,0,0,0,0,0,0,0,0,0,0
C3010,18,10,0000,District - Nagaon  10,Rural,15-19,188334,101136,87198,70299,37595,32704,63652,33689,29963,5590,3142,2448,91,68,23,958,692,266,8,4,4
C3010,18,10,0000,District - Nagaon  10,Rural,20-24,166370,83512,82858,21382,13569,7813,9799,6159,3640,11143,7066,4077,135,93,42,291,245,46,14,6,8
C3010,18,10,0000,District - Nagaon  10,Rural,25-29,168835,81424,87411,2650,1818,832,0,0,0,2241,1566,675,181,92,89,205,149,56,23,11,12
C3010,18,10,0000,District - Nagaon  10,Rural,30-34,142936,71986,70950,590,405,185,0,0,0,417,314,103,81,33,48,66,45,21,26,13,13
C3010,18,10,0000,District - Nagaon  10,Rural,35-59,411359,220584,190775,438,290,148,0,0,0,188,146,42,128,61,67,57,43,14,65,40,25
C3010,18,10,0000,District - Nagaon  10,Rural,60+,128117,65086,63031,77,55,22,0,0,0,21,16,5,19,12,7,12,9,3,25,18,7
C3010,18,10,0000,District - Nagaon  10,Rural,Age not stated,1927,1167,760,3,2,1,0,0,0,3,2,1,0,0,0,0,0,0,0,0,0
C3010,18,10,0000,District - Nagaon  10,Urban,All ages,278287,145552,132735,70912,36478,34434,61997,31441,30556,8234,4541,3693,405,350,55,257,134,123,19,12,7
C3010,18,10,0000,District - Nagaon  10,Urban,0-4,22065,11181,10884,785,420,365,785,420,365,0,0,0,0,0,0,0,0,0,0,0,0
C3010,18,10,0000,District - Nagaon  10,Urban,5,5473,2840,2633,1607,827,780,1607,827,780,0,0,0,0,0,0,0,0,0,0,0,0
C3010,18,10,0000,District - Nagaon  10,Urban,6,5178,2629,2549,3071,1566,1505,3071,1566,1505,0,0,0,0,0,0,0,0,0,0,0,0
C3010,18,10,0000,District - Nagaon  10,Urban,7,5881,3033,2848,4931,2579,2352,4931,2579,2352,0,0,0,0,0,0,0,0,0,0,0,0
C3010,18,10,0000,District - Nagaon  10,Urban,8,6389,3359,3030,5480,2921,2559,5480,2921,2559,0,0,0,0,0,0,0,0,0,0,0,0
C3010,18,10,0000,District - Nagaon  10,Urban,9,4948,2532,2416,4395,2269,2126,4395,2269,2126,0,0,0,0,0,0,0,0,0,0,0,0
C3010,18,10,0000,District - Nagaon  10,Urban,10,7326,3766,3560,6271,3258,3013,6271,3258,3013,0,0,0,0,0,0,0,0,0,0,0,0
C3010,18,10,0000,District - Nagaon  10,Urban,11,4804,2446,2358,4264,2193,2071,4264,2193,2071,0,0,0,0,0,0,0,0,0,0,0,0
C3010,18,10,0000,District - Nagaon  10,Urban,12,7413,3836,3577,6119,3160,2959,6119,3160,2959,0,0,0,0,0,0,0,0,0,0,0,0
C3010,18,10,0000,District - Nagaon  10,Urban,13,5680,2818,2862,4748,2326,2422,4748,2326,2422,0,0,0,0,0,0,0,0,0,0,0,0
C3010,18,10,0000,District - Nagaon  10,Urban,14,6241,3117,3124,4870,2378,2492,4870,2378,2492,0,0,0,0,0,0,0,0,0,0,0,0
C3010,18,10,0000,District - Nagaon  10,Urban,15-19,28090,14241,13849,16572,8154,8418,13753,6689,7064,2628,1328,1300,130,114,16,60,23,37,1,0,1
C3010,18,10,0000,District - Nagaon  10,Urban,20-24,27199,13933,13266,6724,3758,2966,1703,855,848,4782,2719,2063,177,164,13,62,20,42,0,0,0
C3010,18,10,0000,District - Nagaon  10,Urban,25-29,26733,13264,13469,819,492,327,0,0,0,642,370,272,72,54,18,103,66,37,2,2,0
C3010,18,10,0000,District - Nagaon  10,Urban,30-34,23844,12319,11525,121,81,40,0,0,0,90,58,32,11,7,4,17,13,4,3,3,0
C3010,18,10,0000,District - Nagaon  10,Urban,35-59,71958,40477,31481,119,86,33,0,0,0,82,60,22,14,10,4,13,11,2,10,5,5
C3010,18,10,0000,District - Nagaon  10,Urban,60+,18885,9654,9231,14,10,4,0,0,0,8,6,2,1,1,0,2,1,1,3,2,1
C3010,18,10,0000,District - Nagaon  10,Urban,Age not stated,180,107,73,2,0,2,0,0,0,2,0,2,0,0,0,0,0,0,0,0,0
C3010,18,11,0000,District - Sonitpur  11,Total,All ages,1681513,871568,809945,350048,189325,160723,327271,175433,151838,20825,12780,8045,783,459,324,729,412,317,440,241,199
C3010,18,11,0000,District - Sonitpur  11,Total,0-4,185036,93496,91540,4973,2584,2389,4973,2584,2389,0,0,0,0,0,0,0,0,0,0,0,0
C3010,18,11,0000,District - Sonitpur  11,Total,5,43496,22157,21339,9118,4759,4359,9118,4759,4359,0,0,0,0,0,0,0,0,0,0,0,0
C3010,18,11,0000,District - Sonitpur  11,Total,6,45293,23099,22194,18496,9778,8718,18496,9778,8718,0,0,0,0,0,0,0,0,0,0,0,0
C3010,18,11,0000,District - Sonitpur  11,Total,7,44285,22322,21963,27190,14206,12984,27190,14206,12984,0,0,0,0,0,0,0,0,0,0,0,0
C3010,18,11,0000,District - Sonitpur  11,Total,8,52639,26966,25673,32864,17577,15287,32864,17577,15287,0,0,0,0,0,0,0,0,0,0,0,0
C3010,18,11,0000,District - Sonitpur  11,Total,9,36408,18324,18084,25983,13543,12440,25983,13543,12440,0,0,0,0,0,0,0,0,0,0,0,0
C3010,18,11,0000,District - Sonitpur  11,Total,10,56266,29408,26858,36566,19837,16729,36566,19837,16729,0,0,0,0,0,0,0,0,0,0,0,0
C3010,18,11,0000,District - Sonitpur  11,Total,11,28333,14341,13992,21229,11174,10055,21229,11174,10055,0,0,0,0,0,0,0,0,0,0,0,0
C3010,18,11,0000,District - Sonitpur  11,Total,12,53774,28195,25579,33741,18592,15149,33741,18592,15149,0,0,0,0,0,0,0,0,0,0,0,0
C3010,18,11,0000,District - Sonitpur  11,Total,13,32961,16585,16376,22177,11660,10517,22177,11660,10517,0,0,0,0,0,0,0,0,0,0,0,0
C3010,18,11,0000,District - Sonitpur  11,Total,14,40269,20494,19775,24022,12784,11238,24022,12784,11238,0,0,0,0,0,0,0,0,0,0,0,0
C3010,18,11,0000,District - Sonitpur  11,Total,15-19,165236,84465,80771,68330,37373,30957,61623,33566,28057,6375,3630,2745,122,71,51,163,88,75,47,18,29
C3010,18,11,0000,District - Sonitpur  11,Total,20-24,145612,72621,72991,21759,13051,8708,9289,5373,3916,11947,7400,4547,282,161,121,172,84,88,69,33,36
C3010,18,11,0000,District - Sonitpur  11,Total,25-29,145738,71235,74503,2434,1638,796,0,0,0,1990,1376,614,153,98,55,236,134,102,55,30,25
C3010,18,11,0000,District - Sonitpur  11,Total,30-34,125734,63572,62162,515,352,163,0,0,0,298,228,70,82,44,38,68,43,25,67,37,30
C3010,18,11,0000,District - Sonitpur  11,Total,35-59,385213,213494,171719,546,348,198,0,0,0,175,118,57,121,74,47,79,55,24,171,101,70
C3010,18,11,0000,District - Sonitpur  11,Total,60+,93987,50096,43891,93,59,34,0,0,0,32,22,10,21,9,12,9,6,3,31,22,9
C3010,18,11,0000,District - Sonitpur  11,Total,Age not stated,1233,698,535,12,10,2,0,0,0,8,6,2,2,2,0,2,2,0,0,0,0
C3010,18,11,0000,District - Sonitpur  11,Rural,All ages,1505719,773389,732330,303586,164752,138834,287779,154846,132933,14420,9112,5308,472,257,215,483,300,183,432,237,195
C3010,18,11,0000,District - Sonitpur  11,Rural,0-4,172721,87190,85531,3915,2018,1897,3915,2018,1897,0,0,0,0,0,0,0,0,0,0,0,0
C3010,18,11,0000,District - Sonitpur  11,Rural,5,40495,20596,19899,7737,4056,3681,7737,4056,3681,0,0,0,0,0,0,0,0,0,0,0,0
C3010,18,11,0000,District - Sonitpur  11,Rural,6,42517,21623,20894,16516,8728,7788,16516,8728,7788,0,0,0,0,0,0,0,0,0,0,0,0
C3010,18,11,0000,District - Sonitpur  11,Rural,7,40952,20589,20363,24135,12607,11528,24135,12607,11528,0,0,0,0,0,0,0,0,0,0,0,0
C3010,18,11,0000,District - Sonitpur  11,Rural,8,49129,25096,24033,29663,15832,13831,29663,15832,13831,0,0,0,0,0,0,0,0,0,0,0,0
C3010,18,11,0000,District - Sonitpur  11,Rural,9,33393,16762,16631,23160,12053,11107,23160,12053,11107,0,0,0,0,0,0,0,0,0,0,0,0
C3010,18,11,0000,District - Sonitpur  11,Rural,10,51997,27163,24834,32768,17792,14976,32768,17792,14976,0,0,0,0,0,0,0,0,0,0,0,0
C3010,18,11,0000,District - Sonitpur  11,Rural,11,25309,12848,12461,18442,9772,8670,18442,9772,8670,0,0,0,0,0,0,0,0,0,0,0,0
C3010,18,11,0000,District - Sonitpur  11,Rural,12,49529,26009,23520,30079,16622,13457,30079,16622,13457,0,0,0,0,0,0,0,0,0,0,0,0
C3010,18,11,0000,District - Sonitpur  11,Rural,13,29591,14907,14684,19183,10144,9039,19183,10144,9039,0,0,0,0,0,0,0,0,0,0,0,0
C3010,18,11,0000,District - Sonitpur  11,Rural,14,36578,18659,17919,20941,11228,9713,20941,11228,9713,0,0,0,0,0,0,0,0,0,0,0,0
C3010,18,11,0000,District - Sonitpur  11,Rural,15-19,149218,76326,72892,57476,31821,25655,52905,29122,23783,4300,2562,1738,76,38,38,148,81,67,47,18,29
C3010,18,11,0000,District - Sonitpur  11,Rural,20-24,127414,62260,65154,16939,10263,6676,8335,4872,3463,8252,5208,3044,180,89,91,105,62,43,67,32,35
C3010,18,11,0000,District - Sonitpur  11,Rural,25-29,126872,61029,65843,1792,1248,544,0,0,0,1536,1097,439,68,41,27,133,80,53,55,30,25
C3010,18,11,0000,District - Sonitpur  11,Rural,30-34,108292,53421,54871,342,237,105,0,0,0,211,159,52,36,20,16,31,23,8,64,35,29
C3010,18,11,0000,District - Sonitpur  11,Rural,35-59,336129,183305,152824,413,277,136,0,0,0,98,70,28,91,60,31,56,47,9,168,100,68
C3010,18,11,0000,District - Sonitpur  11,Rural,60+,84512,44993,39519,76,46,30,0,0,0,17,11,6,20,8,12,8,5,3,31,22,9
C3010,18,11,0000,District - Sonitpur  11,Rural,Age not stated,1071,613,458,9,8,1,0,0,0,6,5,1,1,1,0,2,2,0,0,0,0
C3010,18,11,0000,District - Sonitpur  11,Urban,All ages,175794,98179,77615,46462,24573,21889,39492,20587,18905,6405,3668,2737,311,202,109,246,112,134,8,4,4
C3010,18,11,0000,District - Sonitpur  11,Urban,0-4,12315,6306,6009,1058,566,492,1058,566,492,0,0,0,0,0,0,0,0,0,0,0,0
C3010,18,11,0000,District - Sonitpur  11,Urban,5,3001,1561,1440,1381,703,678,1381,703,678,0,0,0,0,0,0,0,0,0,0,0,0
C3010,18,11,0000,District - Sonitpur  11,Urban,6,2776,1476,1300,1980,1050,930,1980,1050,930,0,0,0,0,0,0,0,0,0,0,0,0
C3010,18,11,0000,District - Sonitpur  11,Urban,7,3333,1733,1600,3055,1599,1456,3055,1599,1456,0,0,0,0,0,0,0,0,0,0,0,0
C3010,18,11,0000,District - Sonitpur  11,Urban,8,3510,1870,1640,3201,1745,1456,3201,1745,1456,0,0,0,0,0,0,0,0,0,0,0,0
C3010,18,11,0000,District - Sonitpur  11,Urban,9,3015,1562,1453,2823,1490,1333,2823,1490,1333,0,0,0,0,0,0,0,0,0,0,0,0
C3010,18,11,0000,District - Sonitpur  11,Urban,10,4269,2245,2024,3798,2045,1753,3798,2045,1753,0,0,0,0,0,0,0,0,0,0,0,0
C3010,18,11,0000,District - Sonitpur  11,Urban,11,3024,1493,1531,2787,1402,1385,2787,1402,1385,0,0,0,0,0,0,0,0,0,0,0,0
C3010,18,11,0000,District - Sonitpur  11,Urban,12,4245,2186,2059,3662,1970,1692,3662,1970,1692,0,0,0,0,0,0,0,0,0,0,0,0
C3010,18,11,0000,District - Sonitpur  11,Urban,13,3370,1678,1692,2994,1516,1478,2994,1516,1478,0,0,0,0,0,0,0,0,0,0,0,0
C3010,18,11,0000,District - Sonitpur  11,Urban,14,3691,1835,1856,3081,1556,1525,3081,1556,1525,0,0,0,0,0,0,0,0,0,0,0,0
C3010,18,11,0000,District - Sonitpur  11,Urban,15-19,16018,8139,7879,10854,5552,5302,8718,4444,4274,2075,1068,1007,46,33,13,15,7,8,0,0,0
C3010,18,11,0000,District - Sonitpur  11,Urban,20-24,18198,10361,7837,4820,2788,2032,954,501,453,3695,2192,1503,102,72,30,67,22,45,2,1,1
C3010,18,11,0000,District - Sonitpur  11,Urban,25-29,18866,10206,8660,642,390,252,0,0,0,454,279,175,85,57,28,103,54,49,0,0,0
C3010,18,11,0000,District - Sonitpur  11,Urban,30-34,17442,10151,7291,173,115,58,0,0,0,87,69,18,46,24,22,37,20,17,3,2,1
C3010,18,11,0000,District - Sonitpur  11,Urban,35-59,49084,30189,18895,133,71,62,0,0,0,77,48,29,30,14,16,23,8,15,3,1,2
C3010,18,11,0000,District - Sonitpur  11,Urban,60+,9475,5103,4372,17,13,4,0,0,0,15,11,4,1,1,0,1,1,0,0,0,0
C3010,18,11,0000,District - Sonitpur  11,Urban,Age not stated,162,85,77,3,2,1,0,0,0,2,1,1,1,1,0,0,0,0,0,0,0
C3010,18,12,0000,District - Lakhimpur  12,Total,All ages,889010,455691,433319,240578,127106,113472,211872,110508,101364,27121,15730,11391,286,195,91,652,411,241,647,262,385
C3010,18,12,0000,District - Lakhimpur  12,Total,0-4,100313,50894,49419,2825,1466,1359,2825,1466,1359,0,0,0,0,0,0,0,0,0,0,0,0
C3010,18,12,0000,District - Lakhimpur  12,Total,5,23653,12152,11501,5865,3111,2754,5865,3111,2754,0,0,0,0,0,0,0,0,0,0,0,0
C3010,18,12,0000,District - Lakhimpur  12,Total,6,26346,13381,12965,11861,6196,5665,11861,6196,5665,0,0,0,0,0,0,0,0,0,0,0,0
C3010,18,12,0000,District - Lakhimpur  12,Total,7,23339,11701,11638,16174,8343,7831,16174,8343,7831,0,0,0,0,0,0,0,0,0,0,0,0
C3010,18,12,0000,District - Lakhimpur  12,Total,8,28763,14805,13958,20521,10741,9780,20521,10741,9780,0,0,0,0,0,0,0,0,0,0,0,0
C3010,18,12,0000,District - Lakhimpur  12,Total,9,19411,9567,9844,15520,7780,7740,15520,7780,7740,0,0,0,0,0,0,0,0,0,0,0,0
C3010,18,12,0000,District - Lakhimpur  12,Total,10,29745,15270,14475,22550,11798,10752,22550,11798,10752,0,0,0,0,0,0,0,0,0,0,0,0
C3010,18,12,0000,District - Lakhimpur  12,Total,11,15263,7631,7632,12732,6457,6275,12732,6457,6275,0,0,0,0,0,0,0,0,0,0,0,0
C3010,18,12,0000,District - Lakhimpur  12,Total,12,28952,15182,13770,21568,11517,10051,21568,11517,10051,0,0,0,0,0,0,0,0,0,0,0,0
C3010,18,12,0000,District - Lakhimpur  12,Total,13,17647,8889,8758,13657,6996,6661,13657,6996,6661,0,0,0,0,0,0,0,0,0,0,0,0
C3010,18,12,0000,District - Lakhimpur  12,Total,14,22968,11822,11146,16386,8560,7826,16386,8560,7826,0,0,0,0,0,0,0,0,0,0,0,0
C3010,18,12,0000,District - Lakhimpur  12,Total,15-19,94378,47786,46592,53047,27755,25292,44726,23271,21455,8097,4342,3755,43,29,14,143,98,45,38,15,23
C3010,18,12,0000,District - Lakhimpur  12,Total,20-24,81718,39819,41899,21956,12564,9392,7487,4272,3215,14200,8157,6043,82,57,25,109,47,62,78,31,47
C3010,18,12,0000,District - Lakhimpur  12,Total,25-29,76290,36996,39294,3961,2559,1402,0,0,0,3563,2333,1230,70,45,25,203,124,79,125,57,68
C3010,18,12,0000,District - Lakhimpur  12,Total,30-34,62727,31496,31231,1081,716,365,0,0,0,868,607,261,28,19,9,88,53,35,97,37,60
C3010,18,12,0000,District - Lakhimpur  12,Total,35-59,185763,101012,84751,783,489,294,0,0,0,350,264,86,48,34,14,101,82,19,284,109,175
C3010,18,12,0000,District - Lakhimpur  12,Total,60+,51175,26936,24239,69,41,28,0,0,0,25,13,12,14,10,4,5,5,0,25,13,12
C3010,18,12,0000,District - Lakhimpur  12,Total,Age not stated,559,352,207,22,17,5,0,0,0,18,14,4,1,1,0,3,2,1,0,0,0
C3010,18,12,0000,District - Lakhimpur  12,Rural,All ages,823857,421021,402836,222559,117786,104773,196982,102828,94154,24162,14192,9970,236,157,79,542,351,191,637,258,379
C3010,18,12,0000,District - Lakhimpur  12,Rural,0-4,94361,47793,46568,2488,1291,1197,2488,1291,1197,0,0,0,0,0,0,0,0,0,0,0,0
C3010,18,12,0000,District - Lakhimpur  12,Rural,5,22205,11382,10823,5281,2805,2476,5281,2805,2476,0,0,0,0,0,0,0,0,0,0,0,0
C3010,18,12,0000,District - Lakhimpur  12,Rural,6,24990,12681,12309,11082,5769,5313,11082,5769,5313,0,0,0,0,0,0,0,0,0,0,0,0
C3010,18,12,0000,District - Lakhimpur  12,Rural,7,21832,10953,10879,15054,7760,7294,15054,7760,7294,0,0,0,0,0,0,0,0,0,0,0,0
C3010,18,12,0000,District - Lakhimpur  12,Rural,8,27148,13996,13152,19244,10088,9156,19244,10088,9156,0,0,0,0,0,0,0,0,0,0,0,0
C3010,18,12,0000,District - Lakhimpur  12,Rural,9,18163,8962,9201,14507,7267,7240,14507,7267,7240,0,0,0,0,0,0,0,0,0,0,0,0
C3010,18,12,0000,District - Lakhimpur  12,Rural,10,27883,14320,13563,21067,11019,10048,21067,11019,10048,0,0,0,0,0,0,0,0,0,0,0,0
C3010,18,12,0000,District - Lakhimpur  12,Rural,11,14072,7023,7049,11692,5917,5775,11692,5917,5775,0,0,0,0,0,0,0,0,0,0,0,0
C3010,18,12,0000,District - Lakhimpur  12,Rural,12,27121,14208,12913,20148,10743,9405,20148,10743,9405,0,0,0,0,0,0,0,0,0,0,0,0
C3010,18,12,0000,District - Lakhimpur  12,Rural,13,16273,8207,8066,12536,6423,6113,12536,6423,6113,0,0,0,0,0,0,0,0,0,0,0,0
C3010,18,12,0000,District - Lakhimpur  12,Rural,14,21479,11087,10392,15264,8012,7252,15264,8012,7252,0,0,0,0,0,0,0,0,0,0,0,0
C3010,18,12,0000,District - Lakhimpur  12,Rural,15-19,87493,44317,43176,48737,25623,23114,41502,21668,19834,7025,3822,3203,37,23,14,136,95,41,37,15,22
C3010,18,12,0000,District - Lakhimpur  12,Rural,20-24,75111,36408,38703,19945,11475,8470,7117,4066,3051,12597,7290,5307,67,47,20,88,41,47,76,31,45
C3010,18,12,0000,District - Lakhimpur  12,Rural,25-29,69929,33852,36077,3675,2411,1264,0,0,0,3339,2221,1118,58,36,22,155,98,57,123,56,67
C3010,18,12,0000,District - Lakhimpur  12,Rural,30-34,57352,28617,28735,1028,679,349,0,0,0,835,582,253,19,12,7,77,48,29,97,37,60
C3010,18,12,0000,District - Lakhimpur  12,Rural,35-59,169871,91637,78234,730,452,278,0,0,0,328,254,74,42,29,13,78,62,16,282,107,175
C3010,18,12,0000,District - Lakhimpur  12,Rural,60+,48081,25268,22813,61,37,24,0,0,0,22,11,11,12,9,3,5,5,0,22,12,10
C3010,18,12,0000,District - Lakhimpur  12,Rural,Age not stated,493,310,183,20,15,5,0,0,0,16,12,4,1,1,0,3,2,1,0,0,0
C3010,18,12,0000,District - Lakhimpur  12,Urban,All ages,65153,34670,30483,18019,9320,8699,14890,7680,7210,2959,1538,1421,50,38,12,110,60,50,10,4,6
C3010,18,12,0000,District - Lakhimpur  12,Urban,0-4,5952,3101,2851,337,175,162,337,175,162,0,0,0,0,0,0,0,0,0,0,0,0
C3010,18,12,0000,District - Lakhimpur  12,Urban,5,1448,770,678,584,306,278,584,306,278,0,0,0,0,0,0,0,0,0,0,0,0
C3010,18,12,0000,District - Lakhimpur  12,Urban,6,1356,700,656,779,427,352,779,427,352,0,0,0,0,0,0,0,0,0,0,0,0
C3010,18,12,0000,District - Lakhimpur  12,Urban,7,1507,748,759,1120,583,537,1120,583,537,0,0,0,0,0,0,0,0,0,0,0,0
C3010,18,12,0000,District - Lakhimpur  12,Urban,8,1615,809,806,1277,653,624,1277,653,624,0,0,0,0,0,0,0,0,0,0,0,0
C3010,18,12,0000,District - Lakhimpur  12,Urban,9,1248,605,643,1013,513,500,1013,513,500,0,0,0,0,0,0,0,0,0,0,0,0
C3010,18,12,0000,District - Lakhimpur  12,Urban,10,1862,950,912,1483,779,704,1483,779,704,0,0,0,0,0,0,0,0,0,0,0,0
C3010,18,12,0000,District - Lakhimpur  12,Urban,11,1191,608,583,1040,540,500,1040,540,500,0,0,0,0,0,0,0,0,0,0,0,0
C3010,18,12,0000,District - Lakhimpur  12,Urban,12,1831,974,857,1420,774,646,1420,774,646,0,0,0,0,0,0,0,0,0,0,0,0
C3010,18,12,0000,District - Lakhimpur  12,Urban,13,1374,682,692,1121,573,548,1121,573,548,0,0,0,0,0,0,0,0,0,0,0,0
C3010,18,12,0000,District - Lakhimpur  12,Urban,14,1489,735,754,1122,548,574,1122,548,574,0,0,0,0,0,0,0,0,0,0,0,0
C3010,18,12,0000,District - Lakhimpur  12,Urban,15-19,6885,3469,3416,4310,2132,2178,3224,1603,1621,1072,520,552,6,6,0,7,3,4,1,0,1
C3010,18,12,0000,District - Lakhimpur  12,Urban,20-24,6607,3411,3196,2011,1089,922,370,206,164,1603,867,736,15,10,5,21,6,15,2,0,2
C3010,18,12,0000,District - Lakhimpur  12,Urban,25-29,6361,3144,3217,286,148,138,0,0,0,224,112,112,12,9,3,48,26,22,2,1,1
C3010,18,12,0000,District - Lakhimpur  12,Urban,30-34,5375,2879,2496,53,37,16,0,0,0,33,25,8,9,7,2,11,5,6,0,0,0
C3010,18,12,0000,District - Lakhimpur  12,Urban,35-59,15892,9375,6517,53,37,16,0,0,0,22,10,12,6,5,1,23,20,3,2,2,0
C3010,18,12,0000,District - Lakhimpur  12,Urban,60+,3094,1668,1426,8,4,4,0,0,0,3,2,1,2,1,1,0,0,0,3,1,2
C3010,18,12,0000,District - Lakhimpur  12,Urban,Age not stated,66,42,24,2,2,0,0,0,0,2,2,0,0,0,0,0,0,0,0,0,0
C3010,18,13,0000,District - Dhemaji  13,Total,All ages,571944,294643,277301,160770,86710,74060,143345,76199,67146,16897,10163,6734,138,103,35,247,174,73,143,71,72
C3010,18,13,0000,District - Dhemaji  13,Total,0-4,65179,33038,32141,1800,946,854,1800,946,854,0,0,0,0,0,0,0,0,0,0,0,0
C3010,18,13,0000,District - Dhemaji  13,Total,5,15928,8143,7785,3693,1943,1750,3693,1943,1750,0,0,0,0,0,0,0,0,0,0,0,0
C3010,18,13,0000,District - Dhemaji  13,Total,6,18438,9347,9091,7504,3913,3591,7504,3913,3591,0,0,0,0,0,0,0,0,0,0,0,0
C3010,18,13,0000,District - Dhemaji  13,Total,7,15213,7740,7473,9847,5182,4665,9847,5182,4665,0,0,0,0,0,0,0,0,0,0,0,0
C3010,18,13,0000,District - Dhemaji  13,Total,8,19958,10167,9791,13214,6944,6270,13214,6944,6270,0,0,0,0,0,0,0,0,0,0,0,0
C3010,18,13,0000,District - Dhemaji  13,Total,9,13050,6527,6523,9907,5094,4813,9907,5094,4813,0,0,0,0,0,0,0,0,0,0,0,0
C3010,18,13,0000,District - Dhemaji  13,Total,10,20845,10641,10204,15036,7938,7098,15036,7938,7098,0,0,0,0,0,0,0,0,0,0,0,0
C3010,18,13,0000,District - Dhemaji  13,Total,11,10316,5092,5224,8194,4204,3990,8194,4204,3990,0,0,0,0,0,0,0,0,0,0,0,0
C3010,18,13,0000,District - Dhemaji  13,Total,12,19963,10613,9350,14658,8063,6595,14658,8063,6595,0,0,0,0,0,0,0,0,0,0,0,0
C3010,18,13,0000,District - Dhemaji  13,Total,13,12257,6310,5947,9307,4943,4364,9307,4943,4364,0,0,0,0,0,0,0,0,0,0,0,0
C3010,18,13,0000,District - Dhemaji  13,Total,14,15935,8233,7702,11517,6121,5396,11517,6121,5396,0,0,0,0,0,0,0,0,0,0,0,0
C3010,18,13,0000,District - Dhemaji  13,Total,15-19,63232,32237,30995,37378,19933,17445,32336,17246,15090,4992,2658,2334,18,11,7,28,17,11,4,1,3
C3010,18,13,0000,District - Dhemaji  13,Total,20-24,51535,25455,26080,15128,8947,6181,6332,3662,2670,8711,5243,3468,41,25,16,35,15,20,9,2,7
C3010,18,13,0000,District - Dhemaji  13,Total,25-29,47472,23255,24217,2523,1745,778,0,0,0,2387,1645,742,30,29,1,91,64,27,15,7,8
C3010,18,13,0000,District - Dhemaji  13,Total,30-34,38621,19452,19169,656,491,165,0,0,0,580,440,140,17,15,2,32,28,4,27,8,19
C3010,18,13,0000,District - Dhemaji  13,Total,35-59,112822,61650,51172,374,281,93,0,0,0,209,164,45,27,22,5,58,49,9,80,46,34
C3010,18,13,0000,District - Dhemaji  13,Total,60+,30708,16468,14240,33,21,12,0,0,0,17,12,5,5,1,4,3,1,2,8,7,1
C3010,18,13,0000,District - Dhemaji  13,Total,Age not stated,472,275,197,1,1,0,0,0,0,1,1,0,0,0,0,0,0,0,0,0,0
C3010,18,13,0000,District - Dhemaji  13,Rural,All ages,533112,273874,259238,148994,80453,68541,133299,70907,62392,15219,9228,5991,118,91,27,215,156,59,143,71,72
C3010,18,13,0000,District - Dhemaji  13,Rural,0-4,61401,31121,30280,1650,870,780,1650,870,780,0,0,0,0,0,0,0,0,0,0,0,0
C3010,18,13,0000,District - Dhemaji  13,Rural,5,14976,7651,7325,3406,1789,1617,3406,1789,1617,0,0,0,0,0,0,0,0,0,0,0,0
C3010,18,13,0000,District - Dhemaji  13,Rural,6,17502,8872,8630,7022,3664,3358,7022,3664,3358,0,0,0,0,0,0,0,0,0,0,0,0
C3010,18,13,0000,District - Dhemaji  13,Rural,7,14243,7264,6979,9054,4786,4268,9054,4786,4268,0,0,0,0,0,0,0,0,0,0,0,0
C3010,18,13,0000,District - Dhemaji  13,Rural,8,18880,9602,9278,12303,6468,5835,12303,6468,5835,0,0,0,0,0,0,0,0,0,0,0,0
C3010,18,13,0000,District - Dhemaji  13,Rural,9,12285,6139,6146,9259,4756,4503,9259,4756,4503,0,0,0,0,0,0,0,0,0,0,0,0
C3010,18,13,0000,District - Dhemaji  13,Rural,10,19626,10022,9604,13997,7394,6603,13997,7394,6603,0,0,0,0,0,0,0,0,0,0,0,0
C3010,18,13,0000,District - Dhemaji  13,Rural,11,9539,4686,4853,7510,3830,3680,7510,3830,3680,0,0,0,0,0,0,0,0,0,0,0,0
C3010,18,13,0000,District - Dhemaji  13,Rural,12,18745,9932,8813,13651,7480,6171,13651,7480,6171,0,0,0,0,0,0,0,0,0,0,0,0
C3010,18,13,0000,District - Dhemaji  13,Rural,13,11423,5880,5543,8583,4561,4022,8583,4561,4022,0,0,0,0,0,0,0,0,0,0,0,0
C3010,18,13,0000,District - Dhemaji  13,Rural,14,14951,7711,7240,10720,5688,5032,10720,5688,5032,0,0,0,0,0,0,0,0,0,0,0,0
C3010,18,13,0000,District - Dhemaji  13,Rural,15-19,59121,30197,28924,34594,18540,16054,30110,16111,13999,4439,2402,2037,16,10,6,25,16,9,4,1,3
C3010,18,13,0000,District - Dhemaji  13,Rural,20-24,47809,23518,24291,13902,8255,5647,6034,3510,2524,7801,4710,3091,29,20,9,29,13,16,9,2,7
C3010,18,13,0000,District - Dhemaji  13,Rural,25-29,43905,21452,22453,2337,1623,714,0,0,0,2221,1537,684,25,24,1,76,55,21,15,7,8
C3010,18,13,0000,District - Dhemaji  13,Rural,30-34,35464,17798,17666,619,463,156,0,0,0,548,417,131,16,14,2,28,24,4,27,8,19
C3010,18,13,0000,District - Dhemaji  13,Rural,35-59,103813,56258,47555,354,265,89,0,0,0,193,150,43,27,22,5,54,47,7,80,46,34
C3010,18,13,0000,District - Dhemaji  13,Rural,60+,28994,15518,13476,32,20,12,0,0,0,16,11,5,5,1,4,3,1,2,8,7,1
C3010,18,13,0000,District - Dhemaji  13,Rural,Age not stated,435,253,182,1,1,0,0,0,0,1,1,0,0,0,0,0,0,0,0,0,0
C3010,18,13,0000,District - Dhemaji  13,Urban,All ages,38832,20769,18063,11776,6257,5519,10046,5292,4754,1678,935,743,20,12,8,32,18,14,0,0,0
C3010,18,13,0000,District - Dhemaji  13,Urban,0-4,3778,1917,1861,150,76,74,150,76,74,0,0,0,0,0,0,0,0,0,0,0,0
C3010,18,13,0000,District - Dhemaji  13,Urban,5,952,492,460,287,154,133,287,154,133,0,0,0,0,0,0,0,0,0,0,0,0
C3010,18,13,0000,District - Dhemaji  13,Urban,6,936,475,461,482,249,233,482,249,233,0,0,0,0,0,0,0,0,0,0,0,0
C3010,18,13,0000,District - Dhemaji  13,Urban,7,970,476,494,793,396,397,793,396,397,0,0,0,0,0,0,0,0,0,0,0,0
C3010,18,13,0000,District - Dhemaji  13,Urban,8,1078,565,513,911,476,435,911,476,435,0,0,0,0,0,0,0,0,0,0,0,0
C3010,18,13,0000,District - Dhemaji  13,Urban,9,765,388,377,648,338,310,648,338,310,0,0,0,0,0,0,0,0,0,0,0,0
C3010,18,13,0000,District - Dhemaji  13,Urban,10,1219,619,600,1039,544,495,1039,544,495,0,0,0,0,0,0,0,0,0,0,0,0
C3010,18,13,0000,District - Dhemaji  13,Urban,11,777,406,371,684,374,310,684,374,310,0,0,0,0,0,0,0,0,0,0,0,0
C3010,18,13,0000,District - Dhemaji  13,Urban,12,1218,681,537,1007,583,424,1007,583,424,0,0,0,0,0,0,0,0,0,0,0,0
C3010,18,13,0000,District - Dhemaji  13,Urban,13,834,430,404,724,382,342,724,382,342,0,0,0,0,0,0,0,0,0,0,0,0
C3010,18,13,0000,District - Dhemaji  13,Urban,14,984,522,462,797,433,364,797,433,364,0,0,0,0,0,0,0,0,0,0,0,0
C3010,18,13,0000,District - Dhemaji  13,Urban,15-19,4111,2040,2071,2784,1393,1391,2226,1135,1091,553,256,297,2,1,1,3,1,2,0,0,0
C3010,18,13,0000,District - Dhemaji  13,Urban,20-24,3726,1937,1789,1226,692,534,298,152,146,910,533,377,12,5,7,6,2,4,0,0,0
C3010,18,13,0000,District - Dhemaji  13,Urban,25-29,3567,1803,1764,186,122,64,0,0,0,166,108,58,5,5,0,15,9,6,0,0,0
C3010,18,13,0000,District - Dhemaji  13,Urban,30-34,3157,1654,1503,37,28,9,0,0,0,32,23,9,1,1,0,4,4,0,0,0,0
C3010,18,13,0000,District - Dhemaji  13,Urban,35-59,9009,5392,3617,20,16,4,0,0,0,16,14,2,0,0,0,4,2,2,0,0,0
C3010,18,13,0000,District - Dhemaji  13,Urban,60+,1714,950,764,1,1,0,0,0,0,1,1,0,0,0,0,0,0,0,0,0,0
C3010,18,13,0000,District - Dhemaji  13,Urban,Age not stated,37,22,15,0,0,0,0,0,0,0,0,0,0,0,0,0,0,0,0,0,0
C3010,18,14,0000,District - Tinsukia  14,Total,All ages,1150062,601099,548963,232908,128902,104006,219540,120902,98638,12298,7350,4948,576,351,225,328,201,127,166,98,68
C3010,18,14,0000,District - Tinsukia  14,Total,0-4,122241,62108,60133,3097,1675,1422,3097,1675,1422,0,0,0,0,0,0,0,0,0,0,0,0
C3010,18,14,0000,District - Tinsukia  14,Total,5,30189,15603,14586,7348,4013,3335,7348,4013,3335,0,0,0,0,0,0,0,0,0,0,0,0
C3010,18,14,0000,District - Tinsukia  14,Total,6,32415,16701,15714,14078,7621,6457,14078,7621,6457,0,0,0,0,0,0,0,0,0,0,0,0
C3010,18,14,0000,District - Tinsukia  14,Total,7,29053,14830,14223,17678,9499,8179,17678,9499,8179,0,0,0,0,0,0,0,0,0,0,0,0
C3010,18,14,0000,District - Tinsukia  14,Total,8,34167,18008,16159,20865,11621,9244,20865,11621,9244,0,0,0,0,0,0,0,0,0,0,0,0
C3010,18,14,0000,District - Tinsukia  14,Total,9,23736,11974,11762,16472,8750,7722,16472,8750,7722,0,0,0,0,0,0,0,0,0,0,0,0
C3010,18,14,0000,District - Tinsukia  14,Total,10,36671,19305,17366,23322,13084,10238,23322,13084,10238,0,0,0,0,0,0,0,0,0,0,0,0
C3010,18,14,0000,District - Tinsukia  14,Total,11,20002,10170,9832,14781,7930,6851,14781,7930,6851,0,0,0,0,0,0,0,0,0,0,0,0
C3010,18,14,0000,District - Tinsukia  14,Total,12,34893,18639,16254,21972,12514,9458,21972,12514,9458,0,0,0,0,0,0,0,0,0,0,0,0
C3010,18,14,0000,District - Tinsukia  14,Total,13,22641,11485,11156,15251,8277,6974,15251,8277,6974,0,0,0,0,0,0,0,0,0,0,0,0
C3010,18,14,0000,District - Tinsukia  14,Total,14,27371,13920,13451,16470,8970,7500,16470,8970,7500,0,0,0,0,0,0,0,0,0,0,0,0
C3010,18,14,0000,District - Tinsukia  14,Total,15-19,116029,59353,56676,46921,26016,20905,42494,23554,18940,4251,2352,1899,101,64,37,64,40,24,11,6,5
C3010,18,14,0000,District - Tinsukia  14,Total,20-24,103851,52033,51818,12895,7740,5155,5712,3394,2318,6840,4180,2660,258,122,136,70,39,31,15,5,10
C3010,18,14,0000,District - Tinsukia  14,Total,25-29,102428,51363,51065,1148,761,387,0,0,0,929,627,302,91,65,26,111,64,47,17,5,12
C3010,18,14,0000,District - Tinsukia  14,Total,30-34,87047,44492,42555,238,174,64,0,0,0,127,88,39,61,52,9,31,22,9,19,12,7
C3010,18,14,0000,District - Tinsukia  14,Total,35-59,263770,146781,116989,301,215,86,0,0,0,124,88,36,58,44,14,43,32,11,76,51,25
C3010,18,14,0000,District - Tinsukia  14,Total,60+,62748,33873,28875,66,41,25,0,0,0,22,14,8,7,4,3,9,4,5,28,19,9
C3010,18,14,0000,District - Tinsukia  14,Total,Age not stated,810,461,349,5,1,4,0,0,0,5,1,4,0,0,0,0,0,0,0,0,0
C3010,18,14,0000,District - Tinsukia  14,Rural,All ages,926105,479853,446252,175363,98174,77189,168310,93757,74553,6469,4106,2363,268,126,142,170,100,70,146,85,61
C3010,18,14,0000,District - Tinsukia  14,Rural,0-4,105528,53455,52073,1998,1080,918,1998,1080,918,0,0,0,0,0,0,0,0,0,0,0,0
C3010,18,14,0000,District - Tinsukia  14,Rural,5,25970,13421,12549,5501,3023,2478,5501,3023,2478,0,0,0,0,0,0,0,0,0,0,0,0
C3010,18,14,0000,District - Tinsukia  14,Rural,6,28159,14436,13723,11320,6123,5197,11320,6123,5197,0,0,0,0,0,0,0,0,0,0,0,0
C3010,18,14,0000,District - Tinsukia  14,Rural,7,24664,12600,12064,14019,7606,6413,14019,7606,6413,0,0,0,0,0,0,0,0,0,0,0,0
C3010,18,14,0000,District - Tinsukia  14,Rural,8,29474,15467,14007,16884,9422,7462,16884,9422,7462,0,0,0,0,0,0,0,0,0,0,0,0
C3010,18,14,0000,District - Tinsukia  14,Rural,9,20032,10110,9922,13216,7079,6137,13216,7079,6137,0,0,0,0,0,0,0,0,0,0,0,0
C3010,18,14,0000,District - Tinsukia  14,Rural,10,30962,16213,14749,18501,10431,8070,18501,10431,8070,0,0,0,0,0,0,0,0,0,0,0,0
C3010,18,14,0000,District - Tinsukia  14,Rural,11,15967,8096,7871,11181,6040,5141,11181,6040,5141,0,0,0,0,0,0,0,0,0,0,0,0
C3010,18,14,0000,District - Tinsukia  14,Rural,12,29065,15559,13506,17106,9884,7222,17106,9884,7222,0,0,0,0,0,0,0,0,0,0,0,0
C3010,18,14,0000,District - Tinsukia  14,Rural,13,18135,9177,8958,11403,6269,5134,11403,6269,5134,0,0,0,0,0,0,0,0,0,0,0,0
C3010,18,14,0000,District - Tinsukia  14,Rural,14,22324,11352,10972,12364,6874,5490,12364,6874,5490,0,0,0,0,0,0,0,0,0,0,0,0
C3010,18,14,0000,District - Tinsukia  14,Rural,15-19,93178,47251,45927,32820,18672,14148,30573,17336,13237,2149,1279,870,45,24,21,46,28,18,7,5,2
C3010,18,14,0000,District - Tinsukia  14,Rural,20-24,82496,40662,41834,8085,5020,3065,4244,2590,1654,3651,2357,1294,144,55,89,35,17,18,11,1,10
C3010,18,14,0000,District - Tinsukia  14,Rural,25-29,80701,40201,40500,641,427,214,0,0,0,539,375,164,38,21,17,49,26,23,15,5,10
C3010,18,14,0000,District - Tinsukia  14,Rural,30-34,67399,34105,33294,112,82,30,0,0,0,65,49,16,16,12,4,13,10,3,18,11,7
C3010,18,14,0000,District - Tinsukia  14,Rural,35-59,202742,111141,91601,162,112,50,0,0,0,55,40,15,20,11,9,19,16,3,68,45,23
C3010,18,14,0000,District - Tinsukia  14,Rural,60+,48675,26232,22443,47,30,17,0,0,0,7,6,1,5,3,2,8,3,5,27,18,9
C3010,18,14,0000,District - Tinsukia  14,Rural,Age not stated,634,375,259,3,0,3,0,0,0,3,0,3,0,0,0,0,0,0,0,0,0
C3010,18,14,0000,District - Tinsukia  14,Urban,All ages,223957,121246,102711,57545,30728,26817,51230,27145,24085,5829,3244,2585,308,225,83,158,101,57,20,13,7
C3010,18,14,0000,District - Tinsukia  14,Urban,0-4,16713,8653,8060,1099,595,504,1099,595,504,0,0,0,0,0,0,0,0,0,0,0,0
C3010,18,14,0000,District - Tinsukia  14,Urban,5,4219,2182,2037,1847,990,857,1847,990,857,0,0,0,0,0,0,0,0,0,0,0,0
C3010,18,14,0000,District - Tinsukia  14,Urban,6,4256,2265,1991,2758,1498,1260,2758,1498,1260,0,0,0,0,0,0,0,0,0,0,0,0
C3010,18,14,0000,District - Tinsukia  14,Urban,7,4389,2230,2159,3659,1893,1766,3659,1893,1766,0,0,0,0,0,0,0,0,0,0,0,0
C3010,18,14,0000,District - Tinsukia  14,Urban,8,4693,2541,2152,3981,2199,1782,3981,2199,1782,0,0,0,0,0,0,0,0,0,0,0,0
C3010,18,14,0000,District - Tinsukia  14,Urban,9,3704,1864,1840,3256,1671,1585,3256,1671,1585,0,0,0,0,0,0,0,0,0,0,0,0
C3010,18,14,0000,District - Tinsukia  14,Urban,10,5709,3092,2617,4821,2653,2168,4821,2653,2168,0,0,0,0,0,0,0,0,0,0,0,0
C3010,18,14,0000,District - Tinsukia  14,Urban,11,4035,2074,1961,3600,1890,1710,3600,1890,1710,0,0,0,0,0,0,0,0,0,0,0,0
C3010,18,14,0000,District - Tinsukia  14,Urban,12,5828,3080,2748,4866,2630,2236,4866,2630,2236,0,0,0,0,0,0,0,0,0,0,0,0
C3010,18,14,0000,District - Tinsukia  14,Urban,13,4506,2308,2198,3848,2008,1840,3848,2008,1840,0,0,0,0,0,0,0,0,0,0,0,0
C3010,18,14,0000,District - Tinsukia  14,Urban,14,5047,2568,2479,4106,2096,2010,4106,2096,2010,0,0,0,0,0,0,0,0,0,0,0,0
C3010,18,14,0000,District - Tinsukia  14,Urban,15-19,22851,12102,10749,14101,7344,6757,11921,6218,5703,2102,1073,1029,56,40,16,18,12,6,4,1,3
C3010,18,14,0000,District - Tinsukia  14,Urban,20-24,21355,11371,9984,4810,2720,2090,1468,804,664,3189,1823,1366,114,67,47,35,22,13,4,4,0
C3010,18,14,0000,District - Tinsukia  14,Urban,25-29,21727,11162,10565,507,334,173,0,0,0,390,252,138,53,44,9,62,38,24,2,0,2
C3010,18,14,0000,District - Tinsukia  14,Urban,30-34,19648,10387,9261,126,92,34,0,0,0,62,39,23,45,40,5,18,12,6,1,1,0
C3010,18,14,0000,District - Tinsukia  14,Urban,35-59,61028,35640,25388,139,103,36,0,0,0,69,48,21,38,33,5,24,16,8,8,6,2
C3010,18,14,0000,District - Tinsukia  14,Urban,60+,14073,7641,6432,19,11,8,0,0,0,15,8,7,2,1,1,1,1,0,1,1,0
C3010,18,14,0000,District - Tinsukia  14,Urban,Age not stated,176,86,90,2,1,1,0,0,0,2,1,1,0,0,0,0,0,0,0,0,0
C3010,18,15,0000,District - Dibrugarh  15,Total,All ages,1185072,613555,571517,274984,148916,126068,247918,133133,114785,24293,13972,10321,1425,1001,424,788,473,315,560,337,223
C3010,18,15,0000,District - Dibrugarh  15,Total,0-4,114701,58608,56093,3704,1947,1757,3704,1947,1757,0,0,0,0,0,0,0,0,0,0,0,0
C3010,18,15,0000,District - Dibrugarh  15,Total,5,27615,14115,13500,7064,3752,3312,7064,3752,3312,0,0,0,0,0,0,0,0,0,0,0,0
C3010,18,15,0000,District - Dibrugarh  15,Total,6,30315,15262,15053,15089,7875,7214,15089,7875,7214,0,0,0,0,0,0,0,0,0,0,0,0
C3010,18,15,0000,District - Dibrugarh  15,Total,7,29028,14883,14145,20111,10759,9352,20111,10759,9352,0,0,0,0,0,0,0,0,0,0,0,0
C3010,18,15,0000,District - Dibrugarh  15,Total,8,33528,17396,16132,23250,12660,10590,23250,12660,10590,0,0,0,0,0,0,0,0,0,0,0,0
C3010,18,15,0000,District - Dibrugarh  15,Total,9,23668,12000,11668,18163,9614,8549,18163,9614,8549,0,0,0,0,0,0,0,0,0,0,0,0
C3010,18,15,0000,District - Dibrugarh  15,Total,10,35363,18498,16865,25123,13860,11263,25123,13860,11263,0,0,0,0,0,0,0,0,0,0,0,0
C3010,18,15,0000,District - Dibrugarh  15,Total,11,20135,10134,10001,16221,8540,7681,16221,8540,7681,0,0,0,0,0,0,0,0,0,0,0,0
C3010,18,15,0000,District - Dibrugarh  15,Total,12,34784,18117,16667,24518,13477,11041,24518,13477,11041,0,0,0,0,0,0,0,0,0,0,0,0
C3010,18,15,0000,District - Dibrugarh  15,Total,13,23794,11806,11988,17813,9303,8510,17813,9303,8510,0,0,0,0,0,0,0,0,0,0,0,0
C3010,18,15,0000,District - Dibrugarh  15,Total,14,28073,14262,13811,19001,10160,8841,19001,10160,8841,0,0,0,0,0,0,0,0,0,0,0,0
C3010,18,15,0000,District - Dibrugarh  15,Total,15-19,118050,59546,58504,58766,31500,27266,50806,27174,23632,7560,4114,3446,264,135,129,119,68,51,17,9,8
C3010,18,15,0000,District - Dibrugarh  15,Total,20-24,111886,55387,56499,22006,12732,9274,7055,4012,3043,14092,8163,5929,542,377,165,262,150,112,55,30,25
C3010,18,15,0000,District - Dibrugarh  15,Total,25-29,109677,53826,55851,2827,1836,991,0,0,0,2085,1318,767,398,315,83,252,150,102,92,53,39
C3010,18,15,0000,District - Dibrugarh  15,Total,30-34,93618,47443,46175,566,375,191,0,0,0,308,201,107,82,64,18,83,59,24,93,51,42
C3010,18,15,0000,District - Dibrugarh  15,Total,35-59,283817,156379,127438,606,411,195,0,0,0,209,151,58,81,59,22,64,41,23,252,160,92
C3010,18,15,0000,District - Dibrugarh  15,Total,60+,65906,35213,30693,101,63,38,0,0,0,31,19,12,12,6,6,7,4,3,51,34,17
C3010,18,15,0000,District - Dibrugarh  15,Total,Age not stated,1114,680,434,55,52,3,0,0,0,8,6,2,46,45,1,1,1,0,0,0,0
C3010,18,15,0000,District - Dibrugarh  15,Rural,All ages,956634,490118,466516,210967,114911,96056,195996,106016,89980,13861,8147,5714,452,329,123,429,265,164,229,154,75
C3010,18,15,0000,District - Dibrugarh  15,Rural,0-4,99056,50418,48638,2448,1268,1180,2448,1268,1180,0,0,0,0,0,0,0,0,0,0,0,0
C3010,18,15,0000,District - Dibrugarh  15,Rural,5,23655,12032,11623,5224,2778,2446,5224,2778,2446,0,0,0,0,0,0,0,0,0,0,0,0
C3010,18,15,0000,District - Dibrugarh  15,Rural,6,26555,13354,13201,12551,6575,5976,12551,6575,5976,0,0,0,0,0,0,0,0,0,0,0,0
C3010,18,15,0000,District - Dibrugarh  15,Rural,7,24874,12726,12148,16395,8808,7587,16395,8808,7587,0,0,0,0,0,0,0,0,0,0,0,0
C3010,18,15,0000,District - Dibrugarh  15,Rural,8,29012,15016,13996,19239,10523,8716,19239,10523,8716,0,0,0,0,0,0,0,0,0,0,0,0
C3010,18,15,0000,District - Dibrugarh  15,Rural,9,19943,10140,9803,14738,7888,6850,14738,7888,6850,0,0,0,0,0,0,0,0,0,0,0,0
C3010,18,15,0000,District - Dibrugarh  15,Rural,10,29964,15677,14287,20380,11337,9043,20380,11337,9043,0,0,0,0,0,0,0,0,0,0,0,0
C3010,18,15,0000,District - Dibrugarh  15,Rural,11,16220,8108,8112,12609,6658,5951,12609,6658,5951,0,0,0,0,0,0,0,0,0,0,0,0
C3010,18,15,0000,District - Dibrugarh  15,Rural,12,29271,15217,14054,19709,10912,8797,19709,10912,8797,0,0,0,0,0,0,0,0,0,0,0,0
C3010,18,15,0000,District - Dibrugarh  15,Rural,13,19270,9527,9743,13793,7260,6533,13793,7260,6533,0,0,0,0,0,0,0,0,0,0,0,0
C3010,18,15,0000,District - Dibrugarh  15,Rural,14,23376,11852,11524,14984,8079,6905,14984,8079,6905,0,0,0,0,0,0,0,0,0,0,0,0
C3010,18,15,0000,District - Dibrugarh  15,Rural,15-19,95883,47962,47921,43051,23351,19700,38430,20770,17660,4431,2455,1976,102,79,23,80,43,37,8,4,4
C3010,18,15,0000,District - Dibrugarh  15,Rural,20-24,88245,42857,45388,13820,8104,5716,5496,3160,2336,7966,4703,3263,173,126,47,162,103,59,23,12,11
C3010,18,15,0000,District - Dibrugarh  15,Rural,25-29,86146,41726,44420,1419,939,480,0,0,0,1188,787,401,83,57,26,107,64,43,41,31,10
C3010,18,15,0000,District - Dibrugarh  15,Rural,30-34,73004,36375,36629,258,181,77,0,0,0,152,108,44,33,27,6,34,23,11,39,23,16
C3010,18,15,0000,District - Dibrugarh  15,Rural,35-59,218551,118552,99999,293,205,88,0,0,0,105,80,25,42,26,16,40,27,13,106,72,34
C3010,18,15,0000,District - Dibrugarh  15,Rural,60+,52717,28055,24662,45,34,11,0,0,0,18,13,5,10,5,5,5,4,1,12,12,0
C3010,18,15,0000,District - Dibrugarh  15,Rural,Age not stated,892,524,368,11,11,0,0,0,0,1,1,0,9,9,0,1,1,0,0,0,0
C3010,18,15,0000,District - Dibrugarh  15,Urban,All ages,228438,123437,105001,64017,34005,30012,51922,27117,24805,10432,5825,4607,973,672,301,359,208,151,331,183,148
C3010,18,15,0000,District - Dibrugarh  15,Urban,0-4,15645,8190,7455,1256,679,577,1256,679,577,0,0,0,0,0,0,0,0,0,0,0,0
C3010,18,15,0000,District - Dibrugarh  15,Urban,5,3960,2083,1877,1840,974,866,1840,974,866,0,0,0,0,0,0,0,0,0,0,0,0
C3010,18,15,0000,District - Dibrugarh  15,Urban,6,3760,1908,1852,2538,1300,1238,2538,1300,1238,0,0,0,0,0,0,0,0,0,0,0,0
C3010,18,15,0000,District - Dibrugarh  15,Urban,7,4154,2157,1997,3716,1951,1765,3716,1951,1765,0,0,0,0,0,0,0,0,0,0,0,0
C3010,18,15,0000,District - Dibrugarh  15,Urban,8,4516,2380,2136,4011,2137,1874,4011,2137,1874,0,0,0,0,0,0,0,0,0,0,0,0
C3010,18,15,0000,District - Dibrugarh  15,Urban,9,3725,1860,1865,3425,1726,1699,3425,1726,1699,0,0,0,0,0,0,0,0,0,0,0,0
C3010,18,15,0000,District - Dibrugarh  15,Urban,10,5399,2821,2578,4743,2523,2220,4743,2523,2220,0,0,0,0,0,0,0,0,0,0,0,0
C3010,18,15,0000,District - Dibrugarh  15,Urban,11,3915,2026,1889,3612,1882,1730,3612,1882,1730,0,0,0,0,0,0,0,0,0,0,0,0
C3010,18,15,0000,District - Dibrugarh  15,Urban,12,5513,2900,2613,4809,2565,2244,4809,2565,2244,0,0,0,0,0,0,0,0,0,0,0,0
C3010,18,15,0000,District - Dibrugarh  15,Urban,13,4524,2279,2245,4020,2043,1977,4020,2043,1977,0,0,0,0,0,0,0,0,0,0,0,0
C3010,18,15,0000,District - Dibrugarh  15,Urban,14,4697,2410,2287,4017,2081,1936,4017,2081,1936,0,0,0,0,0,0,0,0,0,0,0,0
C3010,18,15,0000,District - Dibrugarh  15,Urban,15-19,22167,11584,10583,15715,8149,7566,12376,6404,5972,3129,1659,1470,162,56,106,39,25,14,9,5,4
C3010,18,15,0000,District - Dibrugarh  15,Urban,20-24,23641,12530,11111,8186,4628,3558,1559,852,707,6126,3460,2666,369,251,118,100,47,53,32,18,14
C3010,18,15,0000,District - Dibrugarh  15,Urban,25-29,23531,12100,11431,1408,897,511,0,0,0,897,531,366,315,258,57,145,86,59,51,22,29
C3010,18,15,0000,District - Dibrugarh  15,Urban,30-34,20614,11068,9546,308,194,114,0,0,0,156,93,63,49,37,12,49,36,13,54,28,26
C3010,18,15,0000,District - Dibrugarh  15,Urban,35-59,65266,37827,27439,313,206,107,0,0,0,104,71,33,39,33,6,24,14,10,146,88,58
C3010,18,15,0000,District - Dibrugarh  15,Urban,60+,13189,7158,6031,56,29,27,0,0,0,13,6,7,2,1,1,2,0,2,39,22,17
C3010,18,15,0000,District - Dibrugarh  15,Urban,Age not stated,222,156,66,44,41,3,0,0,0,7,5,2,37,36,1,0,0,0,0,0,0
C3010,18,16,0000,District - Sibsagar  16,Total,All ages,1051736,545476,506260,255102,134077,121025,229525,120397,109128,24262,12858,11404,513,386,127,451,243,208,351,193,158
C3010,18,16,0000,District - Sibsagar  16,Total,0-4,101065,51422,49643,2962,1517,1445,2962,1517,1445,0,0,0,0,0,0,0,0,0,0,0,0
C3010,18,16,0000,District - Sibsagar  16,Total,5,23457,11925,11532,5774,2984,2790,5774,2984,2790,0,0,0,0,0,0,0,0,0,0,0,0
C3010,18,16,0000,District - Sibsagar  16,Total,6,24576,12419,12157,12427,6439,5988,12427,6439,5988,0,0,0,0,0,0,0,0,0,0,0,0
C3010,18,16,0000,District - Sibsagar  16,Total,7,25831,13146,12685,19420,10188,9232,19420,10188,9232,0,0,0,0,0,0,0,0,0,0,0,0
C3010,18,16,0000,District - Sibsagar  16,Total,8,27865,14424,13441,21214,11381,9833,21214,11381,9833,0,0,0,0,0,0,0,0,0,0,0,0
C3010,18,16,0000,District - Sibsagar  16,Total,9,21473,10836,10637,17608,9165,8443,17608,9165,8443,0,0,0,0,0,0,0,0,0,0,0,0
C3010,18,16,0000,District - Sibsagar  16,Total,10,28695,14868,13827,22008,11868,10140,22008,11868,10140,0,0,0,0,0,0,0,0,0,0,0,0
C3010,18,16,0000,District - Sibsagar  16,Total,11,18229,9171,9058,15469,8016,7453,15469,8016,7453,0,0,0,0,0,0,0,0,0,0,0,0
C3010,18,16,0000,District - Sibsagar  16,Total,12,29313,15498,13815,22199,12187,10012,22199,12187,10012,0,0,0,0,0,0,0,0,0,0,0,0
C3010,18,16,0000,District - Sibsagar  16,Total,13,22245,11290,10955,17771,9345,8426,17771,9345,8426,0,0,0,0,0,0,0,0,0,0,0,0
C3010,18,16,0000,District - Sibsagar  16,Total,14,25121,12732,12389,18413,9520,8893,18413,9520,8893,0,0,0,0,0,0,0,0,0,0,0,0
C3010,18,16,0000,District - Sibsagar  16,Total,15-19,105719,53042,52677,57589,29120,28469,48413,24531,23882,8917,4428,4489,148,115,33,92,41,51,19,5,14
C3010,18,16,0000,District - Sibsagar  16,Total,20-24,97274,48327,48947,19291,10538,8753,5847,3256,2591,13100,7070,6030,172,137,35,127,52,75,45,23,22
C3010,18,16,0000,District - Sibsagar  16,Total,25-29,96143,47051,49092,2057,1238,819,0,0,0,1773,1057,716,88,62,26,150,90,60,46,29,17
C3010,18,16,0000,District - Sibsagar  16,Total,30-34,84199,42615,41584,387,241,146,0,0,0,251,168,83,38,24,14,45,31,14,53,18,35
C3010,18,16,0000,District - Sibsagar  16,Total,35-59,254145,140747,113398,410,279,131,0,0,0,160,107,53,54,41,13,32,28,4,164,103,61
C3010,18,16,0000,District - Sibsagar  16,Total,60+,64472,34853,29619,78,43,35,0,0,0,37,20,17,13,7,6,4,1,3,24,15,9
C3010,18,16,0000,District - Sibsagar  16,Total,Age not stated,1914,1110,804,25,8,17,0,0,0,24,8,16,0,0,0,1,0,1,0,0,0
C3010,18,16,0000,District - Sibsagar  16,Rural,All ages,954557,492049,462508,229765,121075,108690,207998,109307,98691,20639,11075,9564,399,300,99,383,204,179,346,189,157
C3010,18,16,0000,District - Sibsagar  16,Rural,0-4,93663,47558,46105,2373,1208,1165,2373,1208,1165,0,0,0,0,0,0,0,0,0,0,0,0
C3010,18,16,0000,District - Sibsagar  16,Rural,5,21777,11054,10723,5012,2595,2417,5012,2595,2417,0,0,0,0,0,0,0,0,0,0,0,0
C3010,18,16,0000,District - Sibsagar  16,Rural,6,22952,11600,11352,11297,5882,5415,11297,5882,5415,0,0,0,0,0,0,0,0,0,0,0,0
C3010,18,16,0000,District - Sibsagar  16,Rural,7,23893,12153,11740,17688,9293,8395,17688,9293,8395,0,0,0,0,0,0,0,0,0,0,0,0
C3010,18,16,0000,District - Sibsagar  16,Rural,8,25782,13346,12436,19374,10408,8966,19374,10408,8966,0,0,0,0,0,0,0,0,0,0,0,0
C3010,18,16,0000,District - Sibsagar  16,Rural,9,19875,9995,9880,16162,8386,7776,16162,8386,7776,0,0,0,0,0,0,0,0,0,0,0,0
C3010,18,16,0000,District - Sibsagar  16,Rural,10,26314,13628,12686,19935,10762,9173,19935,10762,9173,0,0,0,0,0,0,0,0,0,0,0,0
C3010,18,16,0000,District - Sibsagar  16,Rural,11,16565,8339,8226,13957,7249,6708,13957,7249,6708,0,0,0,0,0,0,0,0,0,0,0,0
C3010,18,16,0000,District - Sibsagar  16,Rural,12,26928,14269,12659,20211,11152,9059,20211,11152,9059,0,0,0,0,0,0,0,0,0,0,0,0
C3010,18,16,0000,District - Sibsagar  16,Rural,13,20330,10283,10047,16090,8443,7647,16090,8443,7647,0,0,0,0,0,0,0,0,0,0,0,0
C3010,18,16,0000,District - Sibsagar  16,Rural,14,23115,11707,11408,16773,8698,8075,16773,8698,8075,0,0,0,0,0,0,0,0,0,0,0,0
C3010,18,16,0000,District - Sibsagar  16,Rural,15-19,96480,48192,48288,51671,26243,25428,43823,22277,21546,7638,3840,3798,110,86,24,82,35,47,18,5,13
C3010,18,16,0000,District - Sibsagar  16,Rural,20-24,87638,43098,44540,16696,9182,7514,5303,2954,2349,11111,6061,5050,129,105,24,108,39,69,45,23,22
C3010,18,16,0000,District - Sibsagar  16,Rural,25-29,85668,41498,44170,1732,1066,666,0,0,0,1497,914,583,70,47,23,119,76,43,46,29,17
C3010,18,16,0000,District - Sibsagar  16,Rural,30-34,74701,37544,37157,346,215,131,0,0,0,222,152,70,33,20,13,39,26,13,52,17,35
C3010,18,16,0000,District - Sibsagar  16,Rural,35-59,227664,124691,102973,364,249,115,0,0,0,126,86,40,47,36,11,30,27,3,161,100,61
C3010,18,16,0000,District - Sibsagar  16,Rural,60+,59539,32131,27408,66,39,27,0,0,0,28,17,11,10,6,4,4,1,3,24,15,9
C3010,18,16,0000,District - Sibsagar  16,Rural,Age not stated,1673,963,710,18,5,13,0,0,0,17,5,12,0,0,0,1,0,1,0,0,0
C3010,18,16,0000,District - Sibsagar  16,Urban,All ages,97179,53427,43752,25337,13002,12335,21527,11090,10437,3623,1783,1840,114,86,28,68,39,29,5,4,1
C3010,18,16,0000,District - Sibsagar  16,Urban,0-4,7402,3864,3538,589,309,280,589,309,280,0,0,0,0,0,0,0,0,0,0,0,0
C3010,18,16,0000,District - Sibsagar  16,Urban,5,1680,871,809,762,389,373,762,389,373,0,0,0,0,0,0,0,0,0,0,0,0
C3010,18,16,0000,District - Sibsagar  16,Urban,6,1624,819,805,1130,557,573,1130,557,573,0,0,0,0,0,0,0,0,0,0,0,0
C3010,18,16,0000,District - Sibsagar  16,Urban,7,1938,993,945,1732,895,837,1732,895,837,0,0,0,0,0,0,0,0,0,0,0,0
C3010,18,16,0000,District - Sibsagar  16,Urban,8,2083,1078,1005,1840,973,867,1840,973,867,0,0,0,0,0,0,0,0,0,0,0,0
C3010,18,16,0000,District - Sibsagar  16,Urban,9,1598,841,757,1446,779,667,1446,779,667,0,0,0,0,0,0,0,0,0,0,0,0
C3010,18,16,0000,District - Sibsagar  16,Urban,10,2381,1240,1141,2073,1106,967,2073,1106,967,0,0,0,0,0,0,0,0,0,0,0,0
C3010,18,16,0000,District - Sibsagar  16,Urban,11,1664,832,832,1512,767,745,1512,767,745,0,0,0,0,0,0,0,0,0,0,0,0
C3010,18,16,0000,District - Sibsagar  16,Urban,12,2385,1229,1156,1988,1035,953,1988,1035,953,0,0,0,0,0,0,0,0,0,0,0,0
C3010,18,16,0000,District - Sibsagar  16,Urban,13,1915,1007,908,1681,902,779,1681,902,779,0,0,0,0,0,0,0,0,0,0,0,0
C3010,18,16,0000,District - Sibsagar  16,Urban,14,2006,1025,981,1640,822,818,1640,822,818,0,0,0,0,0,0,0,0,0,0,0,0
C3010,18,16,0000,District - Sibsagar  16,Urban,15-19,9239,4850,4389,5918,2877,3041,4590,2254,2336,1279,588,691,38,29,9,10,6,4,1,0,1
C3010,18,16,0000,District - Sibsagar  16,Urban,20-24,9636,5229,4407,2595,1356,1239,544,302,242,1989,1009,980,43,32,11,19,13,6,0,0,0
C3010,18,16,0000,District - Sibsagar  16,Urban,25-29,10475,5553,4922,325,172,153,0,0,0,276,143,133,18,15,3,31,14,17,0,0,0
C3010,18,16,0000,District - Sibsagar  16,Urban,30-34,9498,5071,4427,41,26,15,0,0,0,29,16,13,5,4,1,6,5,1,1,1,0
C3010,18,16,0000,District - Sibsagar  16,Urban,35-59,26481,16056,10425,46,30,16,0,0,0,34,21,13,7,5,2,2,1,1,3,3,0
C3010,18,16,0000,District - Sibsagar  16,Urban,60+,4933,2722,2211,12,4,8,0,0,0,9,3,6,3,1,2,0,0,0,0,0,0
C3010,18,16,0000,District - Sibsagar  16,Urban,Age not stated,241,147,94,7,3,4,0,0,0,7,3,4,0,0,0,0,0,0,0,0,0
C3010,18,17,0000,District - Jorhat  17,Total,All ages,999221,517015,482206,253251,133928,119323,223179,116308,106871,27183,15586,11597,1877,1398,479,815,545,270,197,91,106
C3010,18,17,0000,District - Jorhat  17,Total,0-4,89501,45617,43884,4118,2105,2013,4118,2105,2013,0,0,0,0,0,0,0,0,0,0,0,0
C3010,18,17,0000,District - Jorhat  17,Total,5,21008,10745,10263,6459,3410,3049,6459,3410,3049,0,0,0,0,0,0,0,0,0,0,0,0
C3010,18,17,0000,District - Jorhat  17,Total,6,23379,11694,11685,12192,6213,5979,12192,6213,5979,0,0,0,0,0,0,0,0,0,0,0,0
C3010,18,17,0000,District - Jorhat  17,Total,7,23299,11832,11467,18007,9369,8638,18007,9369,8638,0,0,0,0,0,0,0,0,0,0,0,0
C3010,18,17,0000,District - Jorhat  17,Total,8,25970,13316,12654,20209,10631,9578,20209,10631,9578,0,0,0,0,0,0,0,0,0,0,0,0
C3010,18,17,0000,District - Jorhat  17,Total,9,19526,9816,9710,16257,8358,7899,16257,8358,7899,0,0,0,0,0,0,0,0,0,0,0,0
C3010,18,17,0000,District - Jorhat  17,Total,10,27676,14264,13412,21575,11457,10118,21575,11457,10118,0,0,0,0,0,0,0,0,0,0,0,0
C3010,18,17,0000,District - Jorhat  17,Total,11,16457,8335,8122,13994,7267,6727,13994,7267,6727,0,0,0,0,0,0,0,0,0,0,0,0
C3010,18,17,0000,District - Jorhat  17,Total,12,28297,14729,13568,21643,11586,10057,21643,11586,10057,0,0,0,0,0,0,0,0,0,0,0,0
C3010,18,17,0000,District - Jorhat  17,Total,13,20860,10481,10379,16783,8720,8063,16783,8720,8063,0,0,0,0,0,0,0,0,0,0,0,0
C3010,18,17,0000,District - Jorhat  17,Total,14,25139,12810,12329,18764,9743,9021,18764,9743,9021,0,0,0,0,0,0,0,0,0,0,0,0
C3010,18,17,0000,District - Jorhat  17,Total,15-19,103874,52319,51555,56535,29464,27071,46934,24052,22882,9039,4969,4070,406,340,66,152,101,51,4,2,2
C3010,18,17,0000,District - Jorhat  17,Total,20-24,96158,48276,47882,22201,12692,9509,6244,3397,2847,14646,8345,6301,1059,779,280,234,164,70,18,7,11
C3010,18,17,0000,District - Jorhat  17,Total,25-29,92044,44928,47116,3023,1901,1122,0,0,0,2492,1569,923,233,152,81,281,175,106,17,5,12
C3010,18,17,0000,District - Jorhat  17,Total,30-34,79211,40463,38748,734,509,225,0,0,0,586,401,185,73,59,14,51,39,12,24,10,14
C3010,18,17,0000,District - Jorhat  17,Total,35-59,243714,133384,110330,632,433,199,0,0,0,362,262,100,90,60,30,86,59,27,94,52,42
C3010,18,17,0000,District - Jorhat  17,Total,60+,61537,33078,28459,95,49,46,0,0,0,38,25,13,8,3,5,9,6,3,40,15,25
C3010,18,17,0000,District - Jorhat  17,Total,Age not stated,1571,928,643,30,21,9,0,0,0,20,15,5,8,5,3,2,1,1,0,0,0
C3010,18,17,0000,District - Jorhat  17,Rural,All ages,827901,425830,402071,207982,110300,97682,186509,97396,89113,19524,11350,8174,1187,1039,148,607,440,167,155,75,80
C3010,18,17,0000,District - Jorhat  17,Rural,0-4,76861,39126,37735,2956,1494,1462,2956,1494,1462,0,0,0,0,0,0,0,0,0,0,0,0
C3010,18,17,0000,District - Jorhat  17,Rural,5,18118,9205,8913,5016,2628,2388,5016,2628,2388,0,0,0,0,0,0,0,0,0,0,0,0
C3010,18,17,0000,District - Jorhat  17,Rural,6,20495,10217,10278,10231,5201,5030,10231,5201,5030,0,0,0,0,0,0,0,0,0,0,0,0
C3010,18,17,0000,District - Jorhat  17,Rural,7,20104,10228,9876,15266,7955,7311,15266,7955,7311,0,0,0,0,0,0,0,0,0,0,0,0
C3010,18,17,0000,District - Jorhat  17,Rural,8,22541,11528,11013,17244,9061,8183,17244,9061,8183,0,0,0,0,0,0,0,0,0,0,0,0
C3010,18,17,0000,District - Jorhat  17,Rural,9,16782,8415,8367,13805,7096,6709,13805,7096,6709,0,0,0,0,0,0,0,0,0,0,0,0
C3010,18,17,0000,District - Jorhat  17,Rural,10,23654,12231,11423,18180,9709,8471,18180,9709,8471,0,0,0,0,0,0,0,0,0,0,0,0
C3010,18,17,0000,District - Jorhat  17,Rural,11,13843,6995,6848,11643,6055,5588,11643,6055,5588,0,0,0,0,0,0,0,0,0,0,0,0
C3010,18,17,0000,District - Jorhat  17,Rural,12,24257,12647,11610,18340,9853,8487,18340,9853,8487,0,0,0,0,0,0,0,0,0,0,0,0
C3010,18,17,0000,District - Jorhat  17,Rural,13,17408,8764,8644,13842,7228,6614,13842,7228,6614,0,0,0,0,0,0,0,0,0,0,0,0
C3010,18,17,0000,District - Jorhat  17,Rural,14,21418,10915,10503,15781,8240,7541,15781,8240,7541,0,0,0,0,0,0,0,0,0,0,0,0
C3010,18,17,0000,District - Jorhat  17,Rural,15-19,87134,43549,43585,45773,23849,21924,38818,19904,18914,6556,3608,2948,284,254,30,111,81,30,4,2,2
C3010,18,17,0000,District - Jorhat  17,Rural,20-24,78149,38952,39197,16462,9629,6833,5387,2972,2415,10231,5914,4317,648,602,46,183,138,45,13,3,10
C3010,18,17,0000,District - Jorhat  17,Rural,25-29,74763,36156,38607,2276,1491,785,0,0,0,1932,1261,671,127,91,36,205,135,70,12,4,8
C3010,18,17,0000,District - Jorhat  17,Rural,30-34,64140,32439,31701,622,435,187,0,0,0,509,348,161,53,45,8,42,35,7,18,7,11
C3010,18,17,0000,District - Jorhat  17,Rural,35-59,196021,106294,89727,451,324,127,0,0,0,253,189,64,67,46,21,56,45,11,75,44,31
C3010,18,17,0000,District - Jorhat  17,Rural,60+,50962,27437,23525,74,39,35,0,0,0,26,17,9,6,1,5,9,6,3,33,15,18
C3010,18,17,0000,District - Jorhat  17,Rural,Age not stated,1251,732,519,20,13,7,0,0,0,17,13,4,2,0,2,1,0,1,0,0,0
C3010,18,17,0000,District - Jorhat  17,Urban,All ages,171320,91185,80135,45269,23628,21641,36670,18912,17758,7659,4236,3423,690,359,331,208,105,103,42,16,26
C3010,18,17,0000,District - Jorhat  17,Urban,0-4,12640,6491,6149,1162,611,551,1162,611,551,0,0,0,0,0,0,0,0,0,0,0,0
C3010,18,17,0000,District - Jorhat  17,Urban,5,2890,1540,1350,1443,782,661,1443,782,661,0,0,0,0,0,0,0,0,0,0,0,0
C3010,18,17,0000,District - Jorhat  17,Urban,6,2884,1477,1407,1961,1012,949,1961,1012,949,0,0,0,0,0,0,0,0,0,0,0,0
C3010,18,17,0000,District - Jorhat  17,Urban,7,3195,1604,1591,2741,1414,1327,2741,1414,1327,0,0,0,0,0,0,0,0,0,0,0,0
C3010,18,17,0000,District - Jorhat  17,Urban,8,3429,1788,1641,2965,1570,1395,2965,1570,1395,0,0,0,0,0,0,0,0,0,0,0,0
C3010,18,17,0000,District - Jorhat  17,Urban,9,2744,1401,1343,2452,1262,1190,2452,1262,1190,0,0,0,0,0,0,0,0,0,0,0,0
C3010,18,17,0000,District - Jorhat  17,Urban,10,4022,2033,1989,3395,1748,1647,3395,1748,1647,0,0,0,0,0,0,0,0,0,0,0,0
C3010,18,17,0000,District - Jorhat  17,Urban,11,2614,1340,1274,2351,1212,1139,2351,1212,1139,0,0,0,0,0,0,0,0,0,0,0,0
C3010,18,17,0000,District - Jorhat  17,Urban,12,4040,2082,1958,3303,1733,1570,3303,1733,1570,0,0,0,0,0,0,0,0,0,0,0,0
C3010,18,17,0000,District - Jorhat  17,Urban,13,3452,1717,1735,2941,1492,1449,2941,1492,1449,0,0,0,0,0,0,0,0,0,0,0,0
C3010,18,17,0000,District - Jorhat  17,Urban,14,3721,1895,1826,2983,1503,1480,2983,1503,1480,0,0,0,0,0,0,0,0,0,0,0,0
C3010,18,17,0000,District - Jorhat  17,Urban,15-19,16740,8770,7970,10762,5615,5147,8116,4148,3968,2483,1361,1122,122,86,36,41,20,21,0,0,0
C3010,18,17,0000,District - Jorhat  17,Urban,20-24,18009,9324,8685,5739,3063,2676,857,425,432,4415,2431,1984,411,177,234,51,26,25,5,4,1
C3010,18,17,0000,District - Jorhat  17,Urban,25-29,17281,8772,8509,747,410,337,0,0,0,560,308,252,106,61,45,76,40,36,5,1,4
C3010,18,17,0000,District - Jorhat  17,Urban,30-34,15071,8024,7047,112,74,38,0,0,0,77,53,24,20,14,6,9,4,5,6,3,3
C3010,18,17,0000,District - Jorhat  17,Urban,35-59,47693,27090,20603,181,109,72,0,0,0,109,73,36,23,14,9,30,14,16,19,8,11
C3010,18,17,0000,District - Jorhat  17,Urban,60+,10575,5641,4934,21,10,11,0,0,0,12,8,4,2,2,0,0,0,0,7,0,7
C3010,18,17,0000,District - Jorhat  17,Urban,Age not stated,320,196,124,10,8,2,0,0,0,3,2,1,6,5,1,1,1,0,0,0,0
C3010,18,18,0000,District - Golaghat  18,Total,All ages,946279,490286,455993,220873,118342,102531,203901,108382,95519,15833,9368,6465,479,249,230,304,177,127,356,166,190
C3010,18,18,0000,District - Golaghat  18,Total,0-4,94890,48316,46574,2448,1299,1149,2448,1299,1149,0,0,0,0,0,0,0,0,0,0,0,0
C3010,18,18,0000,District - Golaghat  18,Total,5,22967,11837,11130,5080,2714,2366,5080,2714,2366,0,0,0,0,0,0,0,0,0,0,0,0
C3010,18,18,0000,District - Golaghat  18,Total,6,25113,12673,12440,11224,5791,5433,11224,5791,5433,0,0,0,0,0,0,0,0,0,0,0,0
C3010,18,18,0000,District - Golaghat  18,Total,7,24651,12560,12091,17233,9042,8191,17233,9042,8191,0,0,0,0,0,0,0,0,0,0,0,0
C3010,18,18,0000,District - Golaghat  18,Total,8,28942,14928,14014,20506,10944,9562,20506,10944,9562,0,0,0,0,0,0,0,0,0,0,0,0
C3010,18,18,0000,District - Golaghat  18,Total,9,20380,10194,10186,15908,8209,7699,15908,8209,7699,0,0,0,0,0,0,0,0,0,0,0,0
C3010,18,18,0000,District - Golaghat  18,Total,10,30477,15862,14615,21872,11854,10018,21872,11854,10018,0,0,0,0,0,0,0,0,0,0,0,0
C3010,18,18,0000,District - Golaghat  18,Total,11,17266,8496,8770,13832,7039,6793,13832,7039,6793,0,0,0,0,0,0,0,0,0,0,0,0
C3010,18,18,0000,District - Golaghat  18,Total,12,29701,15702,13999,20848,11497,9351,20848,11497,9351,0,0,0,0,0,0,0,0,0,0,0,0
C3010,18,18,0000,District - Golaghat  18,Total,13,19812,9911,9901,14428,7513,6915,14428,7513,6915,0,0,0,0,0,0,0,0,0,0,0,0
C3010,18,18,0000,District - Golaghat  18,Total,14,23511,12004,11507,15519,8226,7293,15519,8226,7293,0,0,0,0,0,0,0,0,0,0,0,0
C3010,18,18,0000,District - Golaghat  18,Total,15-19,98894,50326,48568,45444,24335,21109,39886,21219,18667,5340,2987,2353,105,61,44,87,58,29,26,10,16
C3010,18,18,0000,District - Golaghat  18,Total,20-24,86750,43436,43314,14232,8444,5788,5117,3035,2082,8866,5270,3596,150,93,57,66,30,36,33,16,17
C3010,18,18,0000,District - Golaghat  18,Total,25-29,83866,41434,42432,1572,1015,557,0,0,0,1310,884,426,85,45,40,108,61,47,69,25,44
C3010,18,18,0000,District - Golaghat  18,Total,30-34,71043,36048,34995,317,200,117,0,0,0,181,144,37,66,21,45,13,8,5,57,27,30
C3010,18,18,0000,District - Golaghat  18,Total,35-59,216778,118667,98111,359,194,165,0,0,0,112,72,40,68,26,42,26,17,9,153,79,74
C3010,18,18,0000,District - Golaghat  18,Total,60+,50526,27465,23061,38,22,16,0,0,0,12,7,5,5,3,2,4,3,1,17,9,8
C3010,18,18,0000,District - Golaghat  18,Total,Age not stated,712,427,285,13,4,9,0,0,0,12,4,8,0,0,0,0,0,0,1,0,1
C3010,18,18,0000,District - Golaghat  18,Rural,All ages,865141,446608,418533,199616,107223,92393,185300,98708,86592,13318,8003,5315,408,197,211,252,154,98,338,161,177
C3010,18,18,0000,District - Golaghat  18,Rural,0-4,88398,44951,43447,2000,1048,952,2000,1048,952,0,0,0,0,0,0,0,0,0,0,0,0
C3010,18,18,0000,District - Golaghat  18,Rural,5,21464,11060,10404,4458,2405,2053,4458,2405,2053,0,0,0,0,0,0,0,0,0,0,0,0
C3010,18,18,0000,District - Golaghat  18,Rural,6,23523,11863,11660,10232,5289,4943,10232,5289,4943,0,0,0,0,0,0,0,0,0,0,0,0
C3010,18,18,0000,District - Golaghat  18,Rural,7,22940,11645,11295,15766,8247,7519,15766,8247,7519,0,0,0,0,0,0,0,0,0,0,0,0
C3010,18,18,0000,District - Golaghat  18,Rural,8,27071,13954,13117,18860,10068,8792,18860,10068,8792,0,0,0,0,0,0,0,0,0,0,0,0
C3010,18,18,0000,District - Golaghat  18,Rural,9,18933,9478,9455,14590,7555,7035,14590,7555,7035,0,0,0,0,0,0,0,0,0,0,0,0
C3010,18,18,0000,District - Golaghat  18,Rural,10,28339,14716,13623,20023,10838,9185,20023,10838,9185,0,0,0,0,0,0,0,0,0,0,0,0
C3010,18,18,0000,District - Golaghat  18,Rural,11,15880,7839,8041,12575,6427,6148,12575,6427,6148,0,0,0,0,0,0,0,0,0,0,0,0
C3010,18,18,0000,District - Golaghat  18,Rural,12,27630,14628,13002,19070,10561,8509,19070,10561,8509,0,0,0,0,0,0,0,0,0,0,0,0
C3010,18,18,0000,District - Golaghat  18,Rural,13,18175,9081,9094,13000,6775,6225,13000,6775,6225,0,0,0,0,0,0,0,0,0,0,0,0
C3010,18,18,0000,District - Golaghat  18,Rural,14,21786,11109,10677,14116,7503,6613,14116,7503,6613,0,0,0,0,0,0,0,0,0,0,0,0
C3010,18,18,0000,District - Golaghat  18,Rural,15-19,91178,46287,44891,40601,21814,18787,35986,19228,16758,4418,2472,1946,89,49,40,83,56,27,25,9,16
C3010,18,18,0000,District - Golaghat  18,Rural,20-24,78232,38831,39401,12316,7412,4904,4624,2764,1860,7483,4535,2948,124,71,53,54,27,27,31,15,16
C3010,18,18,0000,District - Golaghat  18,Rural,25-29,75213,36940,38273,1351,893,458,0,0,0,1137,787,350,67,33,34,81,48,33,66,25,41
C3010,18,18,0000,District - Golaghat  18,Rural,30-34,63731,32125,31606,293,186,107,0,0,0,169,135,34,59,17,42,11,7,4,54,27,27
C3010,18,18,0000,District - Golaghat  18,Rural,35-59,196029,106667,89362,323,176,147,0,0,0,94,63,31,64,24,40,19,13,6,146,76,70
C3010,18,18,0000,District - Golaghat  18,Rural,60+,45964,25047,20917,35,22,13,0,0,0,11,7,4,5,3,2,4,3,1,15,9,6
C3010,18,18,0000,District - Golaghat  18,Rural,Age not stated,655,387,268,7,4,3,0,0,0,6,4,2,0,0,0,0,0,0,1,0,1
C3010,18,18,0000,District - Golaghat  18,Urban,All ages,81138,43678,37460,21257,11119,10138,18601,9674,8927,2515,1365,1150,71,52,19,52,23,29,18,5,13
C3010,18,18,0000,District - Golaghat  18,Urban,0-4,6492,3365,3127,448,251,197,448,251,197,0,0,0,0,0,0,0,0,0,0,0,0
C3010,18,18,0000,District - Golaghat  18,Urban,5,1503,777,726,622,309,313,622,309,313,0,0,0,0,0,0,0,0,0,0,0,0
C3010,18,18,0000,District - Golaghat  18,Urban,6,1590,810,780,992,502,490,992,502,490,0,0,0,0,0,0,0,0,0,0,0,0
C3010,18,18,0000,District - Golaghat  18,Urban,7,1711,915,796,1467,795,672,1467,795,672,0,0,0,0,0,0,0,0,0,0,0,0
C3010,18,18,0000,District - Golaghat  18,Urban,8,1871,974,897,1646,876,770,1646,876,770,0,0,0,0,0,0,0,0,0,0,0,0
C3010,18,18,0000,District - Golaghat  18,Urban,9,1447,716,731,1318,654,664,1318,654,664,0,0,0,0,0,0,0,0,0,0,0,0
C3010,18,18,0000,District - Golaghat  18,Urban,10,2138,1146,992,1849,1016,833,1849,1016,833,0,0,0,0,0,0,0,0,0,0,0,0
C3010,18,18,0000,District - Golaghat  18,Urban,11,1386,657,729,1257,612,645,1257,612,645,0,0,0,0,0,0,0,0,0,0,0,0
C3010,18,18,0000,District - Golaghat  18,Urban,12,2071,1074,997,1778,936,842,1778,936,842,0,0,0,0,0,0,0,0,0,0,0,0
C3010,18,18,0000,District - Golaghat  18,Urban,13,1637,830,807,1428,738,690,1428,738,690,0,0,0,0,0,0,0,0,0,0,0,0
C3010,18,18,0000,District - Golaghat  18,Urban,14,1725,895,830,1403,723,680,1403,723,680,0,0,0,0,0,0,0,0,0,0,0,0
C3010,18,18,0000,District - Golaghat  18,Urban,15-19,7716,4039,3677,4843,2521,2322,3900,1991,1909,922,515,407,16,12,4,4,2,2,1,1,0
C3010,18,18,0000,District - Golaghat  18,Urban,20-24,8518,4605,3913,1916,1032,884,493,271,222,1383,735,648,26,22,4,12,3,9,2,1,1
C3010,18,18,0000,District - Golaghat  18,Urban,25-29,8653,4494,4159,221,122,99,0,0,0,173,97,76,18,12,6,27,13,14,3,0,3
C3010,18,18,0000,District - Golaghat  18,Urban,30-34,7312,3923,3389,24,14,10,0,0,0,12,9,3,7,4,3,2,1,1,3,0,3
C3010,18,18,0000,District - Golaghat  18,Urban,35-59,20749,12000,8749,36,18,18,0,0,0,18,9,9,4,2,2,7,4,3,7,3,4
C3010,18,18,0000,District - Golaghat  18,Urban,60+,4562,2418,2144,3,0,3,0,0,0,1,0,1,0,0,0,0,0,0,2,0,2
C3010,18,18,0000,District - Golaghat  18,Urban,Age not stated,57,40,17,6,0,6,0,0,0,6,0,6,0,0,0,0,0,0,0,0,0
C3010,18,19,0000,District - Karbi Anglong  19,Total,All ages,813311,422250,391061,189866,104828,85038,181345,98926,82419,7847,5438,2409,254,181,73,239,164,75,181,119,62
C3010,18,19,0000,District - Karbi Anglong  19,Total,0-4,98925,49986,48939,2664,1376,1288,2664,1376,1288,0,0,0,0,0,0,0,0,0,0,0,0
C3010,18,19,0000,District - Karbi Anglong  19,Total,5,24309,12423,11886,4353,2279,2074,4353,2279,2074,0,0,0,0,0,0,0,0,0,0,0,0
C3010,18,19,0000,District - Karbi Anglong  19,Total,6,26996,13713,13283,9207,4850,4357,9207,4850,4357,0,0,0,0,0,0,0,0,0,0,0,0
C3010,18,19,0000,District - Karbi Anglong  19,Total,7,22976,11660,11316,13108,6894,6214,13108,6894,6214,0,0,0,0,0,0,0,0,0,0,0,0
C3010,18,19,0000,District - Karbi Anglong  19,Total,8,28967,14740,14227,17478,9291,8187,17478,9291,8187,0,0,0,0,0,0,0,0,0,0,0,0
C3010,18,19,0000,District - Karbi Anglong  19,Total,9,18695,9450,9245,12765,6638,6127,12765,6638,6127,0,0,0,0,0,0,0,0,0,0,0,0
C3010,18,19,0000,District - Karbi Anglong  19,Total,10,31028,16285,14743,20778,11400,9378,20778,11400,9378,0,0,0,0,0,0,0,0,0,0,0,0
C3010,18,19,0000,District - Karbi Anglong  19,Total,11,13452,6915,6537,9934,5333,4601,9934,5333,4601,0,0,0,0,0,0,0,0,0,0,0,0
C3010,18,19,0000,District - Karbi Anglong  19,Total,12,27630,14270,13360,18613,10172,8441,18613,10172,8441,0,0,0,0,0,0,0,0,0,0,0,0
C3010,18,19,0000,District - Karbi Anglong  19,Total,13,16236,8212,8024,11371,6051,5320,11371,6051,5320,0,0,0,0,0,0,0,0,0,0,0,0
C3010,18,19,0000,District - Karbi Anglong  19,Total,14,19066,9648,9418,12698,6767,5931,12698,6767,5931,0,0,0,0,0,0,0,0,0,0,0,0
C3010,18,19,0000,District - Karbi Anglong  19,Total,15-19,83391,43187,40204,41387,23616,17771,39337,22296,17041,1964,1267,697,39,24,15,37,23,14,10,6,4
C3010,18,19,0000,District - Karbi Anglong  19,Total,20-24,66075,32428,33647,13480,8617,4863,9039,5579,3460,4281,2932,1349,87,69,18,52,27,25,21,10,11
C3010,18,19,0000,District - Karbi Anglong  19,Total,25-29,70335,33624,36711,1327,974,353,0,0,0,1190,893,297,43,25,18,67,43,24,27,13,14
C3010,18,19,0000,District - Karbi Anglong  19,Total,30-34,57248,29602,27646,331,272,59,0,0,0,259,217,42,21,17,4,27,24,3,24,14,10
C3010,18,19,0000,District - Karbi Anglong  19,Total,35-59,166978,93855,73123,315,261,54,0,0,0,134,115,19,52,41,11,48,41,7,81,64,17
C3010,18,19,0000,District - Karbi Anglong  19,Total,60+,39939,21636,18303,46,28,18,0,0,0,11,7,4,11,5,6,7,5,2,17,11,6
C3010,18,19,0000,District - Karbi Anglong  19,Total,Age not stated,1065,616,449,11,9,2,0,0,0,8,7,1,1,0,1,1,1,0,1,1,0
C3010,18,19,0000,District - Karbi Anglong  19,Rural,All ages,721381,373300,348081,158994,88056,70938,153951,84375,69576,4611,3389,1222,148,90,58,125,95,30,159,107,52
C3010,18,19,0000,District - Karbi Anglong  19,Rural,0-4,90165,45558,44607,2048,1043,1005,2048,1043,1005,0,0,0,0,0,0,0,0,0,0,0,0
C3010,18,19,0000,District - Karbi Anglong  19,Rural,5,22033,11232,10801,3488,1818,1670,3488,1818,1670,0,0,0,0,0,0,0,0,0,0,0,0
C3010,18,19,0000,District - Karbi Anglong  19,Rural,6,24728,12551,12177,7849,4129,3720,7849,4129,3720,0,0,0,0,0,0,0,0,0,0,0,0
C3010,18,19,0000,District - Karbi Anglong  19,Rural,7,20555,10438,10117,11144,5885,5259,11144,5885,5259,0,0,0,0,0,0,0,0,0,0,0,0
C3010,18,19,0000,District - Karbi Anglong  19,Rural,8,26326,13384,12942,15281,8145,7136,15281,8145,7136,0,0,0,0,0,0,0,0,0,0,0,0
C3010,18,19,0000,District - Karbi Anglong  19,Rural,9,16722,8460,8262,11037,5771,5266,11037,5771,5266,0,0,0,0,0,0,0,0,0,0,0,0
C3010,18,19,0000,District - Karbi Anglong  19,Rural,10,27944,14629,13315,18129,9959,8170,18129,9959,8170,0,0,0,0,0,0,0,0,0,0,0,0
C3010,18,19,0000,District - Karbi Anglong  19,Rural,11,11642,5997,5645,8304,4492,3812,8304,4492,3812,0,0,0,0,0,0,0,0,0,0,0,0
C3010,18,19,0000,District - Karbi Anglong  19,Rural,12,24683,12767,11916,16053,8849,7204,16053,8849,7204,0,0,0,0,0,0,0,0,0,0,0,0
C3010,18,19,0000,District - Karbi Anglong  19,Rural,13,14107,7123,6984,9509,5077,4432,9509,5077,4432,0,0,0,0,0,0,0,0,0,0,0,0
C3010,18,19,0000,District - Karbi Anglong  19,Rural,14,16709,8465,8244,10707,5747,4960,10707,5747,4960,0,0,0,0,0,0,0,0,0,0,0,0
C3010,18,19,0000,District - Karbi Anglong  19,Rural,15-19,72733,37544,35189,33776,19406,14370,32635,18643,13992,1091,738,353,21,7,14,22,14,8,7,4,3
C3010,18,19,0000,District - Karbi Anglong  19,Rural,20-24,57600,28156,29444,10299,6652,3647,7767,4817,2950,2467,1795,672,22,14,8,23,16,7,20,10,10
C3010,18,19,0000,District - Karbi Anglong  19,Rural,25-29,61493,29422,32071,841,643,198,0,0,0,759,597,162,32,17,15,26,17,9,24,12,12
C3010,18,19,0000,District - Karbi Anglong  19,Rural,30-34,49920,25838,24082,238,203,35,0,0,0,187,165,22,17,13,4,14,13,1,20,12,8
C3010,18,19,0000,District - Karbi Anglong  19,Rural,35-59,146431,81403,65028,241,203,38,0,0,0,91,82,9,45,34,11,33,29,4,72,58,14
C3010,18,19,0000,District - Karbi Anglong  19,Rural,60+,36637,19790,16847,41,26,15,0,0,0,9,6,3,11,5,6,6,5,1,15,10,5
C3010,18,19,0000,District - Karbi Anglong  19,Rural,Age not stated,953,543,410,9,8,1,0,0,0,7,6,1,0,0,0,1,1,0,1,1,0
C3010,18,19,0000,District - Karbi Anglong  19,Urban,All ages,91930,48950,42980,30872,16772,14100,27394,14551,12843,3236,2049,1187,106,91,15,114,69,45,22,12,10
C3010,18,19,0000,District - Karbi Anglong  19,Urban,0-4,8760,4428,4332,616,333,283,616,333,283,0,0,0,0,0,0,0,0,0,0,0,0
C3010,18,19,0000,District - Karbi Anglong  19,Urban,5,2276,1191,1085,865,461,404,865,461,404,0,0,0,0,0,0,0,0,0,0,0,0
C3010,18,19,0000,District - Karbi Anglong  19,Urban,6,2268,1162,1106,1358,721,637,1358,721,637,0,0,0,0,0,0,0,0,0,0,0,0
C3010,18,19,0000,District - Karbi Anglong  19,Urban,7,2421,1222,1199,1964,1009,955,1964,1009,955,0,0,0,0,0,0,0,0,0,0,0,0
C3010,18,19,0000,District - Karbi Anglong  19,Urban,8,2641,1356,1285,2197,1146,1051,2197,1146,1051,0,0,0,0,0,0,0,0,0,0,0,0
C3010,18,19,0000,District - Karbi Anglong  19,Urban,9,1973,990,983,1728,867,861,1728,867,861,0,0,0,0,0,0,0,0,0,0,0,0
C3010,18,19,0000,District - Karbi Anglong  19,Urban,10,3084,1656,1428,2649,1441,1208,2649,1441,1208,0,0,0,0,0,0,0,0,0,0,0,0
C3010,18,19,0000,District - Karbi Anglong  19,Urban,11,1810,918,892,1630,841,789,1630,841,789,0,0,0,0,0,0,0,0,0,0,0,0
C3010,18,19,0000,District - Karbi Anglong  19,Urban,12,2947,1503,1444,2560,1323,1237,2560,1323,1237,0,0,0,0,0,0,0,0,0,0,0,0
C3010,18,19,0000,District - Karbi Anglong  19,Urban,13,2129,1089,1040,1862,974,888,1862,974,888,0,0,0,0,0,0,0,0,0,0,0,0
C3010,18,19,0000,District - Karbi Anglong  19,Urban,14,2357,1183,1174,1991,1020,971,1991,1020,971,0,0,0,0,0,0,0,0,0,0,0,0
C3010,18,19,0000,District - Karbi Anglong  19,Urban,15-19,10658,5643,5015,7611,4210,3401,6702,3653,3049,873,529,344,18,17,1,15,9,6,3,2,1
C3010,18,19,0000,District - Karbi Anglong  19,Urban,20-24,8475,4272,4203,3181,1965,1216,1272,762,510,1814,1137,677,65,55,10,29,11,18,1,0,1
C3010,18,19,0000,District - Karbi Anglong  19,Urban,25-29,8842,4202,4640,486,331,155,0,0,0,431,296,135,11,8,3,41,26,15,3,1,2
C3010,18,19,0000,District - Karbi Anglong  19,Urban,30-34,7328,3764,3564,93,69,24,0,0,0,72,52,20,4,4,0,13,11,2,4,2,2
C3010,18,19,0000,District - Karbi Anglong  19,Urban,35-59,20547,12452,8095,74,58,16,0,0,0,43,33,10,7,7,0,15,12,3,9,6,3
C3010,18,19,0000,District - Karbi Anglong  19,Urban,60+,3302,1846,1456,5,2,3,0,0,0,2,1,1,0,0,0,1,0,1,2,1,1
C3010,18,19,0000,District - Karbi Anglong  19,Urban,Age not stated,112,73,39,2,1,1,0,0,0,1,1,0,1,0,1,0,0,0,0,0,0
C3010,18,20,0000,District - North Cachar Hills  20,Total,All ages,188079,99822,88257,51958,28250,23708,47627,25493,22134,4118,2604,1514,98,72,26,89,63,26,26,18,8
C3010,18,20,0000,District - North Cachar Hills  20,Total,0-4,20887,10672,10215,805,399,406,805,399,406,0,0,0,0,0,0,0,0,0,0,0,0
C3010,18,20,0000,District - North Cachar Hills  20,Total,5,4812,2506,2306,1062,560,502,1062,560,502,0,0,0,0,0,0,0,0,0,0,0,0
C3010,18,20,0000,District - North Cachar Hills  20,Total,6,5108,2577,2531,1830,948,882,1830,948,882,0,0,0,0,0,0,0,0,0,0,0,0
C3010,18,20,0000,District - North Cachar Hills  20,Total,7,4685,2337,2348,2948,1510,1438,2948,1510,1438,0,0,0,0,0,0,0,0,0,0,0,0
C3010,18,20,0000,District - North Cachar Hills  20,Total,8,5383,2793,2590,3665,1977,1688,3665,1977,1688,0,0,0,0,0,0,0,0,0,0,0,0
C3010,18,20,0000,District - North Cachar Hills  20,Total,9,3949,2032,1917,2959,1568,1391,2959,1568,1391,0,0,0,0,0,0,0,0,0,0,0,0
C3010,18,20,0000,District - North Cachar Hills  20,Total,10,6160,3201,2959,4657,2504,2153,4657,2504,2153,0,0,0,0,0,0,0,0,0,0,0,0
C3010,18,20,0000,District - North Cachar Hills  20,Total,11,3320,1699,1621,2717,1423,1294,2717,1423,1294,0,0,0,0,0,0,0,0,0,0,0,0
C3010,18,20,0000,District - North Cachar Hills  20,Total,12,5778,2963,2815,4539,2431,2108,4539,2431,2108,0,0,0,0,0,0,0,0,0,0,0,0
C3010,18,20,0000,District - North Cachar Hills  20,Total,13,4217,2178,2039,3450,1828,1622,3450,1828,1622,0,0,0,0,0,0,0,0,0,0,0,0
C3010,18,20,0000,District - North Cachar Hills  20,Total,14,4540,2268,2272,3579,1842,1737,3579,1842,1737,0,0,0,0,0,0,0,0,0,0,0,0
C3010,18,20,0000,District - North Cachar Hills  20,Total,15-19,20545,10493,10052,13165,7096,6069,12233,6595,5638,901,482,419,16,12,4,15,7,8,0,0,0
C3010,18,20,0000,District - North Cachar Hills  20,Total,20-24,17238,8795,8443,5494,3330,2164,3183,1908,1275,2264,1390,874,27,20,7,19,11,8,1,1,0
C3010,18,20,0000,District - North Cachar Hills  20,Total,25-29,16894,8514,8380,720,541,179,0,0,0,672,505,167,21,15,6,22,17,5,5,4,1
C3010,18,20,0000,District - North Cachar Hills  20,Total,30-34,13840,7589,6251,193,153,40,0,0,0,160,127,33,13,9,4,17,14,3,3,3,0
C3010,18,20,0000,District - North Cachar Hills  20,Total,35-59,41952,24247,17705,161,127,34,0,0,0,112,92,20,20,15,5,13,11,2,16,9,7
C3010,18,20,0000,District - North Cachar Hills  20,Total,60+,8605,4855,3750,8,7,1,0,0,0,3,2,1,1,1,0,3,3,0,1,1,0
C3010,18,20,0000,District - North Cachar Hills  20,Total,Age not stated,166,103,63,6,6,0,0,0,0,6,6,0,0,0,0,0,0,0,0,0,0
C3010,18,20,0000,District - North Cachar Hills  20,Rural,All ages,128644,67015,61629,31750,17445,14305,30259,16390,13869,1405,991,414,31,22,9,37,28,9,18,14,4
C3010,18,20,0000,District - North Cachar Hills  20,Rural,0-4,15706,8097,7609,411,212,199,411,212,199,0,0,0,0,0,0,0,0,0,0,0,0
C3010,18,20,0000,District - North Cachar Hills  20,Rural,5,3567,1849,1718,555,294,261,555,294,261,0,0,0,0,0,0,0,0,0,0,0,0
C3010,18,20,0000,District - North Cachar Hills  20,Rural,6,3923,1961,1962,1128,575,553,1128,575,553,0,0,0,0,0,0,0,0,0,0,0,0
C3010,18,20,0000,District - North Cachar Hills  20,Rural,7,3367,1693,1674,1777,935,842,1777,935,842,0,0,0,0,0,0,0,0,0,0,0,0
C3010,18,20,0000,District - North Cachar Hills  20,Rural,8,3991,2058,1933,2385,1296,1089,2385,1296,1089,0,0,0,0,0,0,0,0,0,0,0,0
C3010,18,20,0000,District - North Cachar Hills  20,Rural,9,2808,1419,1389,1890,986,904,1890,986,904,0,0,0,0,0,0,0,0,0,0,0,0
C3010,18,20,0000,District - North Cachar Hills  20,Rural,10,4535,2353,2182,3143,1699,1444,3143,1699,1444,0,0,0,0,0,0,0,0,0,0,0,0
C3010,18,20,0000,District - North Cachar Hills  20,Rural,11,2182,1086,1096,1636,837,799,1636,837,799,0,0,0,0,0,0,0,0,0,0,0,0
C3010,18,20,0000,District - North Cachar Hills  20,Rural,12,4064,2068,1996,2937,1580,1357,2937,1580,1357,0,0,0,0,0,0,0,0,0,0,0,0
C3010,18,20,0000,District - North Cachar Hills  20,Rural,13,2840,1464,1376,2187,1161,1026,2187,1161,1026,0,0,0,0,0,0,0,0,0,0,0,0
C3010,18,20,0000,District - North Cachar Hills  20,Rural,14,3064,1511,1553,2250,1151,1099,2250,1151,1099,0,0,0,0,0,0,0,0,0,0,0,0
C3010,18,20,0000,District - North Cachar Hills  20,Rural,15-19,13846,7030,6816,7951,4423,3528,7690,4276,3414,250,139,111,5,3,2,6,5,1,0,0,0
C3010,18,20,0000,District - North Cachar Hills  20,Rural,20-24,11250,5483,5767,3055,1915,1140,2270,1388,882,772,520,252,9,6,3,3,0,3,1,1,0
C3010,18,20,0000,District - North Cachar Hills  20,Rural,25-29,10883,5319,5564,276,235,41,0,0,0,257,220,37,6,5,1,9,7,2,4,3,1
C3010,18,20,0000,District - North Cachar Hills  20,Rural,30-34,8565,4611,3954,91,79,12,0,0,0,73,63,10,5,4,1,10,9,1,3,3,0
C3010,18,20,0000,District - North Cachar Hills  20,Rural,35-59,27407,15254,12153,68,57,11,0,0,0,47,43,4,6,4,2,6,4,2,9,6,3
C3010,18,20,0000,District - North Cachar Hills  20,Rural,60+,6539,3695,2844,5,5,0,0,0,0,1,1,0,0,0,0,3,3,0,1,1,0
C3010,18,20,0000,District - North Cachar Hills  20,Rural,Age not stated,107,64,43,5,5,0,0,0,0,5,5,0,0,0,0,0,0,0,0,0,0
C3010,18,20,0000,District - North Cachar Hills  20,Urban,All ages,59435,32807,26628,20208,10805,9403,17368,9103,8265,2713,1613,1100,67,50,17,52,35,17,8,4,4
C3010,18,20,0000,District - North Cachar Hills  20,Urban,0-4,5181,2575,2606,394,187,207,394,187,207,0,0,0,0,0,0,0,0,0,0,0,0
C3010,18,20,0000,District - North Cachar Hills  20,Urban,5,1245,657,588,507,266,241,507,266,241,0,0,0,0,0,0,0,0,0,0,0,0
C3010,18,20,0000,District - North Cachar Hills  20,Urban,6,1185,616,569,702,373,329,702,373,329,0,0,0,0,0,0,0,0,0,0,0,0
C3010,18,20,0000,District - North Cachar Hills  20,Urban,7,1318,644,674,1171,575,596,1171,575,596,0,0,0,0,0,0,0,0,0,0,0,0
C3010,18,20,0000,District - North Cachar Hills  20,Urban,8,1392,735,657,1280,681,599,1280,681,599,0,0,0,0,0,0,0,0,0,0,0,0
C3010,18,20,0000,District - North Cachar Hills  20,Urban,9,1141,613,528,1069,582,487,1069,582,487,0,0,0,0,0,0,0,0,0,0,0,0
C3010,18,20,0000,District - North Cachar Hills  20,Urban,10,1625,848,777,1514,805,709,1514,805,709,0,0,0,0,0,0,0,0,0,0,0,0
C3010,18,20,0000,District - North Cachar Hills  20,Urban,11,1138,613,525,1081,586,495,1081,586,495,0,0,0,0,0,0,0,0,0,0,0,0
C3010,18,20,0000,District - North Cachar Hills  20,Urban,12,1714,895,819,1602,851,751,1602,851,751,0,0,0,0,0,0,0,0,0,0,0,0
C3010,18,20,0000,District - North Cachar Hills  20,Urban,13,1377,714,663,1263,667,596,1263,667,596,0,0,0,0,0,0,0,0,0,0,0,0
C3010,18,20,0000,District - North Cachar Hills  20,Urban,14,1476,757,719,1329,691,638,1329,691,638,0,0,0,0,0,0,0,0,0,0,0,0
C3010,18,20,0000,District - North Cachar Hills  20,Urban,15-19,6699,3463,3236,5214,2673,2541,4543,2319,2224,651,343,308,11,9,2,9,2,7,0,0,0
C3010,18,20,0000,District - North Cachar Hills  20,Urban,20-24,5988,3312,2676,2439,1415,1024,913,520,393,1492,870,622,18,14,4,16,11,5,0,0,0
C3010,18,20,0000,District - North Cachar Hills  20,Urban,25-29,6011,3195,2816,444,306,138,0,0,0,415,285,130,15,10,5,13,10,3,1,1,0
C3010,18,20,0000,District - North Cachar Hills  20,Urban,30-34,5275,2978,2297,102,74,28,0,0,0,87,64,23,8,5,3,7,5,2,0,0,0
C3010,18,20,0000,District - North Cachar Hills  20,Urban,35-59,14545,8993,5552,93,70,23,0,0,0,65,49,16,14,11,3,7,7,0,7,3,4
C3010,18,20,0000,District - North Cachar Hills  20,Urban,60+,2066,1160,906,3,2,1,0,0,0,2,1,1,1,1,0,0,0,0,0,0,0
C3010,18,20,0000,District - North Cachar Hills  20,Urban,Age not stated,59,39,20,1,1,0,0,0,0,1,1,0,0,0,0,0,0,0,0,0,0
C3010,18,21,0000,District - Cachar  21,Total,All ages,1444921,743042,701879,308234,163531,144703,285574,150124,135450,19443,11142,8301,1457,929,528,1532,1207,325,228,129,99
C3010,18,21,0000,District - Cachar  21,Total,0-4,155307,78799,76508,2544,1363,1181,2544,1363,1181,0,0,0,0,0,0,0,0,0,0,0,0
C3010,18,21,0000,District - Cachar  21,Total,5,36136,18663,17473,4649,2501,2148,4649,2501,2148,0,0,0,0,0,0,0,0,0,0,0,0
C3010,18,21,0000,District - Cachar  21,Total,6,37776,19447,18329,13366,7024,6342,13366,7024,6342,0,0,0,0,0,0,0,0,0,0,0,0
C3010,18,21,0000,District - Cachar  21,Total,7,36684,18523,18161,24003,12553,11450,24003,12553,11450,0,0,0,0,0,0,0,0,0,0,0,0
C3010,18,21,0000,District - Cachar  21,Total,8,43255,22379,20876,29802,15929,13873,29802,15929,13873,0,0,0,0,0,0,0,0,0,0,0,0
C3010,18,21,0000,District - Cachar  21,Total,9,29338,14829,14509,22523,11625,10898,22523,11625,10898,0,0,0,0,0,0,0,0,0,0,0,0
C3010,18,21,0000,District - Cachar  21,Total,10,46561,23952,22609,32908,17457,15451,32908,17457,15451,0,0,0,0,0,0,0,0,0,0,0,0
C3010,18,21,0000,District - Cachar  21,Total,11,23184,11894,11290,18090,9473,8617,18090,9473,8617,0,0,0,0,0,0,0,0,0,0,0,0
C3010,18,21,0000,District - Cachar  21,Total,12,45177,23316,21861,30349,16117,14232,30349,16117,14232,0,0,0,0,0,0,0,0,0,0,0,0
C3010,18,21,0000,District - Cachar  21,Total,13,29142,14442,14700,20408,10369,10039,20408,10369,10039,0,0,0,0,0,0,0,0,0,0,0,0
C3010,18,21,0000,District - Cachar  21,Total,14,33844,16970,16874,21281,10909,10372,21281,10909,10372,0,0,0,0,0,0,0,0,0,0,0,0
C3010,18,21,0000,District - Cachar  21,Total,15-19,145552,75181,70371,62222,32726,29496,55704,29067,26637,5596,2907,2689,290,206,84,626,543,83,6,3,3
C3010,18,21,0000,District - Cachar  21,Total,20-24,124699,63846,60853,21674,12525,9149,9947,5737,4210,10873,6240,4633,501,274,227,332,265,67,21,9,12
C3010,18,21,0000,District - Cachar  21,Total,25-29,119710,58309,61401,2896,1884,1012,0,0,0,2219,1434,785,339,227,112,315,211,104,23,12,11
C3010,18,21,0000,District - Cachar  21,Total,30-34,104212,52723,51489,713,529,184,0,0,0,451,346,105,113,82,31,125,89,36,24,12,12
C3010,18,21,0000,District - Cachar  21,Total,35-59,336095,179358,156737,649,448,201,0,0,0,259,182,77,174,120,54,108,75,33,108,71,37
C3010,18,21,0000,District - Cachar  21,Total,60+,96967,49618,47349,146,94,52,0,0,0,35,28,7,39,20,19,26,24,2,46,22,24
C3010,18,21,0000,District - Cachar  21,Total,Age not stated,1282,793,489,11,5,6,0,0,0,10,5,5,1,0,1,0,0,0,0,0,0
C3010,18,21,0000,District - Cachar  21,Rural,All ages,1243534,639968,603566,257500,137523,119977,242361,128192,114169,12826,7657,5169,944,570,374,1162,981,181,207,123,84
C3010,18,21,0000,District - Cachar  21,Rural,0-4,140161,71055,69106,1852,1018,834,1852,1018,834,0,0,0,0,0,0,0,0,0,0,0,0
C3010,18,21,0000,District - Cachar  21,Rural,5,32549,16798,15751,3635,1967,1668,3635,1967,1668,0,0,0,0,0,0,0,0,0,0,0,0
C3010,18,21,0000,District - Cachar  21,Rural,6,34188,17629,16559,11549,6110,5439,11549,6110,5439,0,0,0,0,0,0,0,0,0,0,0,0
C3010,18,21,0000,District - Cachar  21,Rural,7,32768,16574,16194,20870,10971,9899,20870,10971,9899,0,0,0,0,0,0,0,0,0,0,0,0
C3010,18,21,0000,District - Cachar  21,Rural,8,38963,20199,18764,26205,14061,12144,26205,14061,12144,0,0,0,0,0,0,0,0,0,0,0,0
C3010,18,21,0000,District - Cachar  21,Rural,9,25955,13119,12836,19523,10082,9441,19523,10082,9441,0,0,0,0,0,0,0,0,0,0,0,0
C3010,18,21,0000,District - Cachar  21,Rural,10,41544,21345,20199,28666,15213,13453,28666,15213,13453,0,0,0,0,0,0,0,0,0,0,0,0
C3010,18,21,0000,District - Cachar  21,Rural,11,19677,10110,9567,15037,7901,7136,15037,7901,7136,0,0,0,0,0,0,0,0,0,0,0,0
C3010,18,21,0000,District - Cachar  21,Rural,12,40095,20741,19354,26224,13973,12251,26224,13973,12251,0,0,0,0,0,0,0,0,0,0,0,0
C3010,18,21,0000,District - Cachar  21,Rural,13,25342,12574,12768,17339,8855,8484,17339,8855,8484,0,0,0,0,0,0,0,0,0,0,0,0
C3010,18,21,0000,District - Cachar  21,Rural,14,29572,14868,14704,17944,9259,8685,17944,9259,8685,0,0,0,0,0,0,0,0,0,0,0,0
C3010,18,21,0000,District - Cachar  21,Rural,15-19,125358,65200,60158,49909,26668,23241,45458,24040,21418,3657,1967,1690,211,151,60,577,507,70,6,3,3
C3010,18,21,0000,District - Cachar  21,Rural,20-24,105446,54207,51239,15805,9401,6404,8059,4742,3317,7120,4256,2864,351,171,180,257,224,33,18,8,10
C3010,18,21,0000,District - Cachar  21,Rural,25-29,100682,49119,51563,1901,1298,603,0,0,0,1558,1059,499,159,106,53,165,122,43,19,11,8
C3010,18,21,0000,District - Cachar  21,Rural,30-34,87566,44061,43505,484,360,124,0,0,0,317,244,73,69,47,22,75,58,17,23,11,12
C3010,18,21,0000,District - Cachar  21,Rural,35-59,281162,149819,131343,439,313,126,0,0,0,152,113,39,122,81,41,66,50,16,99,69,30
C3010,18,21,0000,District - Cachar  21,Rural,60+,81453,41912,39541,115,72,43,0,0,0,19,17,2,32,14,18,22,20,2,42,21,21
C3010,18,21,0000,District - Cachar  21,Rural,Age not stated,1053,638,415,3,1,2,0,0,0,3,1,2,0,0,0,0,0,0,0,0,0
C3010,18,21,0000,District - Cachar  21,Urban,All ages,201387,103074,98313,50734,26008,24726,43213,21932,21281,6617,3485,3132,513,359,154,370,226,144,21,6,15
C3010,18,21,0000,District - Cachar  21,Urban,0-4,15146,7744,7402,692,345,347,692,345,347,0,0,0,0,0,0,0,0,0,0,0,0
C3010,18,21,0000,District - Cachar  21,Urban,5,3587,1865,1722,1014,534,480,1014,534,480,0,0,0,0,0,0,0,0,0,0,0,0
C3010,18,21,0000,District - Cachar  21,Urban,6,3588,1818,1770,1817,914,903,1817,914,903,0,0,0,0,0,0,0,0,0,0,0,0
C3010,18,21,0000,District - Cachar  21,Urban,7,3916,1949,1967,3133,1582,1551,3133,1582,1551,0,0,0,0,0,0,0,0,0,0,0,0
C3010,18,21,0000,District - Cachar  21,Urban,8,4292,2180,2112,3597,1868,1729,3597,1868,1729,0,0,0,0,0,0,0,0,0,0,0,0
C3010,18,21,0000,District - Cachar  21,Urban,9,3383,1710,1673,3000,1543,1457,3000,1543,1457,0,0,0,0,0,0,0,0,0,0,0,0
C3010,18,21,0000,District - Cachar  21,Urban,10,5017,2607,2410,4242,2244,1998,4242,2244,1998,0,0,0,0,0,0,0,0,0,0,0,0
C3010,18,21,0000,District - Cachar  21,Urban,11,3507,1784,1723,3053,1572,1481,3053,1572,1481,0,0,0,0,0,0,0,0,0,0,0,0
C3010,18,21,0000,District - Cachar  21,Urban,12,5082,2575,2507,4125,2144,1981,4125,2144,1981,0,0,0,0,0,0,0,0,0,0,0,0
C3010,18,21,0000,District - Cachar  21,Urban,13,3800,1868,1932,3069,1514,1555,3069,1514,1555,0,0,0,0,0,0,0,0,0,0,0,0
C3010,18,21,0000,District - Cachar  21,Urban,14,4272,2102,2170,3337,1650,1687,3337,1650,1687,0,0,0,0,0,0,0,0,0,0,0,0
C3010,18,21,0000,District - Cachar  21,Urban,15-19,20194,9981,10213,12313,6058,6255,10246,5027,5219,1939,940,999,79,55,24,49,36,13,0,0,0
C3010,18,21,0000,District - Cachar  21,Urban,20-24,19253,9639,9614,5869,3124,2745,1888,995,893,3753,1984,1769,150,103,47,75,41,34,3,1,2
C3010,18,21,0000,District - Cachar  21,Urban,25-29,19028,9190,9838,995,586,409,0,0,0,661,375,286,180,121,59,150,89,61,4,1,3
C3010,18,21,0000,District - Cachar  21,Urban,30-34,16646,8662,7984,229,169,60,0,0,0,134,102,32,44,35,9,50,31,19,1,1,0
C3010,18,21,0000,District - Cachar  21,Urban,35-59,54933,29539,25394,210,135,75,0,0,0,107,69,38,52,39,13,42,25,17,9,2,7
C3010,18,21,0000,District - Cachar  21,Urban,60+,15514,7706,7808,31,22,9,0,0,0,16,11,5,7,6,1,4,4,0,4,1,3
C3010,18,21,0000,District - Cachar  21,Urban,Age not stated,229,155,74,8,4,4,0,0,0,7,4,3,1,0,1,0,0,0,0,0,0
C3010,18,22,0000,District - Karimganj  22,Total,All ages,1007976,517680,490296,203972,108610,95362,193611,101923,91688,8907,5594,3313,390,268,122,721,601,120,343,224,119
C3010,18,22,0000,District - Karimganj  22,Total,0-4,120430,60953,59477,1402,742,660,1402,742,660,0,0,0,0,0,0,0,0,0,0,0,0
C3010,18,22,0000,District - Karimganj  22,Total,5,27769,14327,13442,2839,1497,1342,2839,1497,1342,0,0,0,0,0,0,0,0,0,0,0,0
C3010,18,22,0000,District - Karimganj  22,Total,6,29232,15011,14221,10730,5658,5072,10730,5658,5072,0,0,0,0,0,0,0,0,0,0,0,0
C3010,18,22,0000,District - Karimganj  22,Total,7,27470,13761,13709,17147,8864,8283,17147,8864,8283,0,0,0,0,0,0,0,0,0,0,0,0
C3010,18,22,0000,District - Karimganj  22,Total,8,32999,16918,16081,22148,11675,10473,22148,11675,10473,0,0,0,0,0,0,0,0,0,0,0,0
C3010,18,22,0000,District - Karimganj  22,Total,9,22075,11218,10857,16397,8532,7865,16397,8532,7865,0,0,0,0,0,0,0,0,0,0,0,0
C3010,18,22,0000,District - Karimganj  22,Total,10,35878,18582,17296,24564,13069,11495,24564,13069,11495,0,0,0,0,0,0,0,0,0,0,0,0
C3010,18,22,0000,District - Karimganj  22,Total,11,16954,8631,8323,12873,6669,6204,12873,6669,6204,0,0,0,0,0,0,0,0,0,0,0,0
C3010,18,22,0000,District - Karimganj  22,Total,12,33627,17273,16354,21312,11245,10067,21312,11245,10067,0,0,0,0,0,0,0,0,0,0,0,0
C3010,18,22,0000,District - Karimganj  22,Total,13,19473,9762,9711,12816,6617,6199,12816,6617,6199,0,0,0,0,0,0,0,0,0,0,0,0
C3010,18,22,0000,District - Karimganj  22,Total,14,23397,11654,11743,13358,6836,6522,13358,6836,6522,0,0,0,0,0,0,0,0,0,0,0,0
C3010,18,22,0000,District - Karimganj  22,Total,15-19,95914,49773,46141,35003,18659,16344,32130,16934,15196,2434,1372,1062,74,52,22,343,284,59,22,17,5
C3010,18,22,0000,District - Karimganj  22,Total,20-24,83433,42944,40489,11239,7026,4213,5895,3585,2310,5065,3216,1849,86,64,22,139,125,14,54,36,18
C3010,18,22,0000,District - Karimganj  22,Total,25-29,80724,39365,41359,1313,919,394,0,0,0,1018,712,306,99,66,33,138,112,26,58,29,29
C3010,18,22,0000,District - Karimganj  22,Total,30-34,69317,35350,33967,336,262,74,0,0,0,215,175,40,32,22,10,47,39,8,42,26,16
C3010,18,22,0000,District - Karimganj  22,Total,35-59,220110,116672,103438,417,290,127,0,0,0,157,106,51,80,54,26,46,36,10,134,94,40
C3010,18,22,0000,District - Karimganj  22,Total,60+,68344,35019,33325,77,49,28,0,0,0,18,13,5,19,10,9,7,4,3,33,22,11
C3010,18,22,0000,District - Karimganj  22,Total,Age not stated,830,467,363,1,1,0,0,0,0,0,0,0,0,0,0,1,1,0,0,0,0
C3010,18,22,0000,District - Karimganj  22,Rural,All ages,934126,479530,454596,185702,99190,86512,178103,94048,84055,6359,4189,2170,279,184,95,632,552,80,329,217,112
C3010,18,22,0000,District - Karimganj  22,Rural,0-4,115692,58528,57164,1108,579,529,1108,579,529,0,0,0,0,0,0,0,0,0,0,0,0
C3010,18,22,0000,District - Karimganj  22,Rural,5,26596,13708,12888,2360,1240,1120,2360,1240,1120,0,0,0,0,0,0,0,0,0,0,0,0
C3010,18,22,0000,District - Karimganj  22,Rural,6,28146,14474,13672,10051,5308,4743,10051,5308,4743,0,0,0,0,0,0,0,0,0,0,0,0
C3010,18,22,0000,District - Karimganj  22,Rural,7,26245,13107,13138,16097,8295,7802,16097,8295,7802,0,0,0,0,0,0,0,0,0,0,0,0
C3010,18,22,0000,District - Karimganj  22,Rural,8,31675,16261,15414,20997,11084,9913,20997,11084,9913,0,0,0,0,0,0,0,0,0,0,0,0
C3010,18,22,0000,District - Karimganj  22,Rural,9,21002,10641,10361,15426,8012,7414,15426,8012,7414,0,0,0,0,0,0,0,0,0,0,0,0
C3010,18,22,0000,District - Karimganj  22,Rural,10,34266,17741,16525,23178,12333,10845,23178,12333,10845,0,0,0,0,0,0,0,0,0,0,0,0
C3010,18,22,0000,District - Karimganj  22,Rural,11,15816,8050,7766,11852,6144,5708,11852,6144,5708,0,0,0,0,0,0,0,0,0,0,0,0
C3010,18,22,0000,District - Karimganj  22,Rural,12,31959,16448,15511,19914,10537,9377,19914,10537,9377,0,0,0,0,0,0,0,0,0,0,0,0
C3010,18,22,0000,District - Karimganj  22,Rural,13,18126,9111,9015,11644,6032,5612,11644,6032,5612,0,0,0,0,0,0,0,0,0,0,0,0
C3010,18,22,0000,District - Karimganj  22,Rural,14,21957,11008,10949,12178,6286,5892,12178,6286,5892,0,0,0,0,0,0,0,0,0,0,0,0
C3010,18,22,0000,District - Karimganj  22,Rural,15-19,88825,46287,42538,30308,16349,13959,28186,14999,13187,1724,1017,707,61,44,17,316,272,44,21,17,4
C3010,18,22,0000,District - Karimganj  22,Rural,20-24,76334,39404,36930,8959,5785,3174,5112,3199,1913,3615,2400,1215,58,37,21,120,113,7,54,36,18
C3010,18,22,0000,District - Karimganj  22,Rural,25-29,73279,35683,37596,980,714,266,0,0,0,760,554,206,63,41,22,104,92,12,53,27,26
C3010,18,22,0000,District - Karimganj  22,Rural,30-34,62525,31687,30838,265,211,54,0,0,0,160,136,24,23,14,9,41,36,5,41,25,16
C3010,18,22,0000,District - Karimganj  22,Rural,35-59,198642,104920,93722,325,241,84,0,0,0,90,74,16,62,42,20,43,34,9,130,91,39
C3010,18,22,0000,District - Karimganj  22,Rural,60+,62267,32031,30236,59,39,20,0,0,0,10,8,2,12,6,6,7,4,3,30,21,9
C3010,18,22,0000,District - Karimganj  22,Rural,Age not stated,774,441,333,1,1,0,0,0,0,0,0,0,0,0,0,1,1,0,0,0,0
C3010,18,22,0000,District - Karimganj  22,Urban,All ages,73850,38150,35700,18270,9420,8850,15508,7875,7633,2548,1405,1143,111,84,27,89,49,40,14,7,7
C3010,18,22,0000,District - Karimganj  22,Urban,0-4,4738,2425,2313,294,163,131,294,163,131,0,0,0,0,0,0,0,0,0,0,0,0
C3010,18,22,0000,District - Karimganj  22,Urban,5,1173,619,554,479,257,222,479,257,222,0,0,0,0,0,0,0,0,0,0,0,0
C3010,18,22,0000,District - Karimganj  22,Urban,6,1086,537,549,679,350,329,679,350,329,0,0,0,0,0,0,0,0,0,0,0,0
C3010,18,22,0000,District - Karimganj  22,Urban,7,1225,654,571,1050,569,481,1050,569,481,0,0,0,0,0,0,0,0,0,0,0,0
C3010,18,22,0000,District - Karimganj  22,Urban,8,1324,657,667,1151,591,560,1151,591,560,0,0,0,0,0,0,0,0,0,0,0,0
C3010,18,22,0000,District - Karimganj  22,Urban,9,1073,577,496,971,520,451,971,520,451,0,0,0,0,0,0,0,0,0,0,0,0
C3010,18,22,0000,District - Karimganj  22,Urban,10,1612,841,771,1386,736,650,1386,736,650,0,0,0,0,0,0,0,0,0,0,0,0
C3010,18,22,0000,District - Karimganj  22,Urban,11,1138,581,557,1021,525,496,1021,525,496,0,0,0,0,0,0,0,0,0,0,0,0
C3010,18,22,0000,District - Karimganj  22,Urban,12,1668,825,843,1398,708,690,1398,708,690,0,0,0,0,0,0,0,0,0,0,0,0
C3010,18,22,0000,District - Karimganj  22,Urban,13,1347,651,696,1172,585,587,1172,585,587,0,0,0,0,0,0,0,0,0,0,0,0
C3010,18,22,0000,District - Karimganj  22,Urban,14,1440,646,794,1180,550,630,1180,550,630,0,0,0,0,0,0,0,0,0,0,0,0
C3010,18,22,0000,District - Karimganj  22,Urban,15-19,7089,3486,3603,4695,2310,2385,3944,1935,2009,710,355,355,13,8,5,27,12,15,1,0,1
C3010,18,22,0000,District - Karimganj  22,Urban,20-24,7099,3540,3559,2280,1241,1039,783,386,397,1450,816,634,28,27,1,19,12,7,0,0,0
C3010,18,22,0000,District - Karimganj  22,Urban,25-29,7445,3682,3763,333,205,128,0,0,0,258,158,100,36,25,11,34,20,14,5,2,3
C3010,18,22,0000,District - Karimganj  22,Urban,30-34,6792,3663,3129,71,51,20,0,0,0,55,39,16,9,8,1,6,3,3,1,1,0
C3010,18,22,0000,District - Karimganj  22,Urban,35-59,21468,11752,9716,92,49,43,0,0,0,67,32,35,18,12,6,3,2,1,4,3,1
C3010,18,22,0000,District - Karimganj  22,Urban,60+,6077,2988,3089,18,10,8,0,0,0,8,5,3,7,4,3,0,0,0,3,1,2
C3010,18,22,0000,District - Karimganj  22,Urban,Age not stated,56,26,30,0,0,0,0,0,0,0,0,0,0,0,0,0,0,0,0,0,0
C3010,18,23,0000,District - Hailakandi  23,Total,All ages,542872,280513,262359,106943,58511,48432,100653,54211,46442,5470,3600,1870,211,148,63,558,523,35,51,29,22
C3010,18,23,0000,District - Hailakandi  23,Total,0-4,68971,36039,32932,823,430,393,823,430,393,0,0,0,0,0,0,0,0,0,0,0,0
C3010,18,23,0000,District - Hailakandi  23,Total,5,15980,8140,7840,1526,806,720,1526,806,720,0,0,0,0,0,0,0,0,0,0,0,0
C3010,18,23,0000,District - Hailakandi  23,Total,6,16025,8222,7803,4677,2461,2216,4677,2461,2216,0,0,0,0,0,0,0,0,0,0,0,0
C3010,18,23,0000,District - Hailakandi  23,Total,7,15391,7816,7575,8607,4534,4073,8607,4534,4073,0,0,0,0,0,0,0,0,0,0,0,0
C3010,18,23,0000,District - Hailakandi  23,Total,8,18585,9535,9050,11307,5983,5324,11307,5983,5324,0,0,0,0,0,0,0,0,0,0,0,0
C3010,18,23,0000,District - Hailakandi  23,Total,9,12093,6079,6014,8402,4383,4019,8402,4383,4019,0,0,0,0,0,0,0,0,0,0,0,0
C3010,18,23,0000,District - Hailakandi  23,Total,10,19489,9984,9505,12143,6501,5642,12143,6501,5642,0,0,0,0,0,0,0,0,0,0,0,0
C3010,18,23,0000,District - Hailakandi  23,Total,11,8996,4623,4373,6422,3418,3004,6422,3418,3004,0,0,0,0,0,0,0,0,0,0,0,0
C3010,18,23,0000,District - Hailakandi  23,Total,12,18106,9192,8914,10971,5892,5079,10971,5892,5079,0,0,0,0,0,0,0,0,0,0,0,0
C3010,18,23,0000,District - Hailakandi  23,Total,13,10761,5351,5410,6967,3633,3334,6967,3633,3334,0,0,0,0,0,0,0,0,0,0,0,0
C3010,18,23,0000,District - Hailakandi  23,Total,14,12883,6436,6447,7161,3732,3429,7161,3732,3429,0,0,0,0,0,0,0,0,0,0,0,0
C3010,18,23,0000,District - Hailakandi  23,Total,15-19,51753,26917,24836,20028,11265,8763,18091,10053,8038,1596,885,711,52,45,7,285,279,6,4,3,1
C3010,18,23,0000,District - Hailakandi  23,Total,20-24,43743,22642,21101,6630,4476,2154,3556,2385,1171,2902,1949,953,39,22,17,126,118,8,7,2,5
C3010,18,23,0000,District - Hailakandi  23,Total,25-29,42419,20866,21553,870,685,185,0,0,0,725,569,156,54,40,14,86,74,12,5,2,3
C3010,18,23,0000,District - Hailakandi  23,Total,30-34,38022,19188,18834,228,187,41,0,0,0,181,147,34,18,14,4,24,23,1,5,3,2
C3010,18,23,0000,District - Hailakandi  23,Total,35-59,116658,62114,54544,149,106,43,0,0,0,55,42,13,41,24,17,30,24,6,23,16,7
C3010,18,23,0000,District - Hailakandi  23,Total,60+,32355,16966,15389,27,16,11,0,0,0,7,5,2,6,3,3,7,5,2,7,3,4
C3010,18,23,0000,District - Hailakandi  23,Total,Age not stated,642,403,239,5,3,2,0,0,0,4,3,1,1,0,1,0,0,0,0,0,0
C3010,18,23,0000,District - Hailakandi  23,Rural,All ages,498787,257985,240802,95405,52487,42918,90438,48929,41509,4238,2919,1319,166,119,47,515,493,22,48,27,21
C3010,18,23,0000,District - Hailakandi  23,Rural,0-4,65381,34234,31147,691,348,343,691,348,343,0,0,0,0,0,0,0,0,0,0,0,0
C3010,18,23,0000,District - Hailakandi  23,Rural,5,15109,7690,7419,1336,711,625,1336,711,625,0,0,0,0,0,0,0,0,0,0,0,0
C3010,18,23,0000,District - Hailakandi  23,Rural,6,15209,7805,7404,4272,2258,2014,4272,2258,2014,0,0,0,0,0,0,0,0,0,0,0,0
C3010,18,23,0000,District - Hailakandi  23,Rural,7,14476,7348,7128,7886,4171,3715,7886,4171,3715,0,0,0,0,0,0,0,0,0,0,0,0
C3010,18,23,0000,District - Hailakandi  23,Rural,8,17615,9017,8598,10501,5549,4952,10501,5549,4952,0,0,0,0,0,0,0,0,0,0,0,0
C3010,18,23,0000,District - Hailakandi  23,Rural,9,11364,5705,5659,7765,4055,3710,7765,4055,3710,0,0,0,0,0,0,0,0,0,0,0,0
C3010,18,23,0000,District - Hailakandi  23,Rural,10,18319,9376,8943,11154,5967,5187,11154,5967,5187,0,0,0,0,0,0,0,0,0,0,0,0
C3010,18,23,0000,District - Hailakandi  23,Rural,11,8225,4212,4013,5720,3042,2678,5720,3042,2678,0,0,0,0,0,0,0,0,0,0,0,0
C3010,18,23,0000,District - Hailakandi  23,Rural,12,16953,8565,8388,10008,5365,4643,10008,5365,4643,0,0,0,0,0,0,0,0,0,0,0,0
C3010,18,23,0000,District - Hailakandi  23,Rural,13,9784,4862,4922,6120,3206,2914,6120,3206,2914,0,0,0,0,0,0,0,0,0,0,0,0
C3010,18,23,0000,District - Hailakandi  23,Rural,14,11875,5951,5924,6328,3332,2996,6328,3332,2996,0,0,0,0,0,0,0,0,0,0,0,0
C3010,18,23,0000,District - Hailakandi  23,Rural,15-19,47462,24811,22651,17216,9876,7340,15627,8840,6787,1261,721,540,46,40,6,278,272,6,4,3,1
C3010,18,23,0000,District - Hailakandi  23,Rural,20-24,39673,20598,19075,5351,3753,1598,3030,2085,945,2170,1539,631,28,14,14,116,113,3,7,2,5
C3010,18,23,0000,District - Hailakandi  23,Rural,25-29,38438,18957,19481,709,580,129,0,0,0,596,484,112,37,30,7,72,65,7,4,1,3
C3010,18,23,0000,District - Hailakandi  23,Rural,30-34,34480,17481,16999,198,167,31,0,0,0,156,131,25,17,13,4,20,20,0,5,3,2
C3010,18,23,0000,District - Hailakandi  23,Rural,35-59,104727,55603,49124,125,93,32,0,0,0,48,39,9,33,20,13,23,19,4,21,15,6
C3010,18,23,0000,District - Hailakandi  23,Rural,60+,29133,15419,13714,21,11,10,0,0,0,4,2,2,4,2,2,6,4,2,7,3,4
C3010,18,23,0000,District - Hailakandi  23,Rural,Age not stated,564,351,213,4,3,1,0,0,0,3,3,0,1,0,1,0,0,0,0,0,0
C3010,18,23,0000,District - Hailakandi  23,Urban,All ages,44085,22528,21557,11538,6024,5514,10215,5282,4933,1232,681,551,45,29,16,43,30,13,3,2,1
C3010,18,23,0000,District - Hailakandi  23,Urban,0-4,3590,1805,1785,132,82,50,132,82,50,0,0,0,0,0,0,0,0,0,0,0,0
C3010,18,23,0000,District - Hailakandi  23,Urban,5,871,450,421,190,95,95,190,95,95,0,0,0,0,0,0,0,0,0,0,0,0
C3010,18,23,0000,District - Hailakandi  23,Urban,6,816,417,399,405,203,202,405,203,202,0,0,0,0,0,0,0,0,0,0,0,0
C3010,18,23,0000,District - Hailakandi  23,Urban,7,915,468,447,721,363,358,721,363,358,0,0,0,0,0,0,0,0,0,0,0,0
C3010,18,23,0000,District - Hailakandi  23,Urban,8,970,518,452,806,434,372,806,434,372,0,0,0,0,0,0,0,0,0,0,0,0
C3010,18,23,0000,District - Hailakandi  23,Urban,9,729,374,355,637,328,309,637,328,309,0,0,0,0,0,0,0,0,0,0,0,0
C3010,18,23,0000,District - Hailakandi  23,Urban,10,1170,608,562,989,534,455,989,534,455,0,0,0,0,0,0,0,0,0,0,0,0
C3010,18,23,0000,District - Hailakandi  23,Urban,11,771,411,360,702,376,326,702,376,326,0,0,0,0,0,0,0,0,0,0,0,0
C3010,18,23,0000,District - Hailakandi  23,Urban,12,1153,627,526,963,527,436,963,527,436,0,0,0,0,0,0,0,0,0,0,0,0
C3010,18,23,0000,District - Hailakandi  23,Urban,13,977,489,488,847,427,420,847,427,420,0,0,0,0,0,0,0,0,0,0,0,0
C3010,18,23,0000,District - Hailakandi  23,Urban,14,1008,485,523,833,400,433,833,400,433,0,0,0,0,0,0,0,0,0,0,0,0
C3010,18,23,0000,District - Hailakandi  23,Urban,15-19,4291,2106,2185,2812,1389,1423,2464,1213,1251,335,164,171,6,5,1,7,7,0,0,0,0
C3010,18,23,0000,District - Hailakandi  23,Urban,20-24,4070,2044,2026,1279,723,556,526,300,226,732,410,322,11,8,3,10,5,5,0,0,0
C3010,18,23,0000,District - Hailakandi  23,Urban,25-29,3981,1909,2072,161,105,56,0,0,0,129,85,44,17,10,7,14,9,5,1,1,0
C3010,18,23,0000,District - Hailakandi  23,Urban,30-34,3542,1707,1835,30,20,10,0,0,0,25,16,9,1,1,0,4,3,1,0,0,0
C3010,18,23,0000,District - Hailakandi  23,Urban,35-59,11931,6511,5420,24,13,11,0,0,0,7,3,4,8,4,4,7,5,2,2,1,1
C3010,18,23,0000,District - Hailakandi  23,Urban,60+,3222,1547,1675,6,5,1,0,0,0,3,3,0,2,1,1,1,1,0,0,0,0
C3010,18,23,0000,District - Hailakandi  23,Urban,Age not stated,78,52,26,1,0,1,0,0,0,1,0,1,0,0,0,0,0,0,0,0,0
