Table Name,State Code,District Code,Tehsil Code,Area Name,Total/ Rural/ Urban,Age-group,Total population - Persons,Total population - Males,Total population - Females,Population attending educational institutions - Persons,Population attending educational institutions - Males,Population attending educational institutions - Females,Type of educational institution - School - Persons,Type of educational institution - School - Males,Type of educational institution - School - Females,Type of educational institution - College - Persons,Type of educational institution - College - Males,Type of educational institution - College - Females,Type of educational institution - Vocational institute - Persons,Type of educational institution - Vocational institute - Males,Type of educational institution - Vocational institute - Females,Type of educational institution - Other institute - Persons,Type of educational institution - Other institute - Males,Type of educational institution - Other institute - Females,Type of educational institution - Literacy centre - Persons,Type of educational institution - Literacy centre - Males,Type of educational institution - Literacy centre - Females
C3010,10,00,0000,State - BIHAR  10,Total,All ages,82998509,43243795,39754714,13728783,8569438,5159345,12603832,7704798,4899034,1003953,782326,221627,45848,33940,11908,48998,35110,13888,26152,13264,12888
C3010,10,00,0000,State - BIHAR  10,Total,0-4,11006072,5623280,5382792,136675,75300,61375,136675,75300,61375,0,0,0,0,0,0,0,0,0,0,0,0
C3010,10,00,0000,State - BIHAR  10,Total,5,2794120,1472925,1321195,252403,145534,106869,252403,145534,106869,0,0,0,0,0,0,0,0,0,0,0,0
C3010,10,00,0000,State - BIHAR  10,Total,6,3005871,1556500,1449371,550690,313914,236776,550690,313914,236776,0,0,0,0,0,0,0,0,0,0,0,0
C3010,10,00,0000,State - BIHAR  10,Total,7,1923438,996424,927014,811564,463801,347763,811564,463801,347763,0,0,0,0,0,0,0,0,0,0,0,0
C3010,10,00,0000,State - BIHAR  10,Total,8,3618492,1911110,1707382,1706769,1002710,704059,1706769,1002710,704059,0,0,0,0,0,0,0,0,0,0,0,0
C3010,10,00,0000,State - BIHAR  10,Total,9,1462381,768304,694077,827316,480589,346727,827316,480589,346727,0,0,0,0,0,0,0,0,0,0,0,0
C3010,10,00,0000,State - BIHAR  10,Total,10,3847307,2083648,1763659,2051733,1247809,803924,2051733,1247809,803924,0,0,0,0,0,0,0,0,0,0,0,0
C3010,10,00,0000,State - BIHAR  10,Total,11,1089485,581455,508030,676623,400617,276006,676623,400617,276006,0,0,0,0,0,0,0,0,0,0,0,0
C3010,10,00,0000,State - BIHAR  10,Total,12,3112657,1696778,1415879,1699313,1048802,650511,1699313,1048802,650511,0,0,0,0,0,0,0,0,0,0,0,0
C3010,10,00,0000,State - BIHAR  10,Total,13,1241128,654351,586777,718061,428166,289895,718061,428166,289895,0,0,0,0,0,0,0,0,0,0,0,0
C3010,10,00,0000,State - BIHAR  10,Total,14,1773200,953969,819231,918566,566283,352283,918566,566283,352283,0,0,0,0,0,0,0,0,0,0,0,0
C3010,10,00,0000,State - BIHAR  10,Total,15-19,7190188,4028643,3161545,2427583,1654981,772602,2035131,1371009,664122,355659,258953,96706,8960,6617,2343,25839,17397,8442,1994,1005,989
C3010,10,00,0000,State - BIHAR  10,Total,20-24,6323193,3180063,3143130,725690,559653,166037,218988,160264,58724,485749,384354,101395,9975,7654,2321,7038,5578,1460,3940,1803,2137
C3010,10,00,0000,State - BIHAR  10,Total,25-29,5908308,2894706,3013602,127418,107664,19754,0,0,0,106125,91684,14441,10816,8852,1964,6480,5270,1210,3997,1858,2139
C3010,10,00,0000,State - BIHAR  10,Total,30-34,5549787,2713871,2835916,36862,28992,7870,0,0,0,25878,21885,3993,4486,3307,1179,2856,2111,745,3642,1689,1953
C3010,10,00,0000,State - BIHAR  10,Total,35-59,17473783,9101858,8371925,48572,35406,13166,0,0,0,24565,20563,4002,8907,5909,2998,5089,3586,1503,10011,5348,4663
C3010,10,00,0000,State - BIHAR  10,Total,60+,5501274,2922005,2579269,11196,8015,3181,0,0,0,4787,4022,765,2521,1502,1019,1473,1021,452,2415,1470,945
C3010,10,00,0000,State - BIHAR  10,Total,Age not stated,177825,103905,73920,1749,1202,547,0,0,0,1190,865,325,183,99,84,223,147,76,153,91,62
C3010,10,00,0000,State - BIHAR  10,Rural,All ages,74316709,38594996,35721713,11393075,7218932,4174143,10669391,6630216,4039175,630098,527615,102483,30093,21468,8625,38866,27176,11690,24627,12457,12170
C3010,10,00,0000,State - BIHAR  10,Rural,0-4,10083847,5146939,4936908,107036,59455,47581,107036,59455,47581,0,0,0,0,0,0,0,0,0,0,0,0
C3010,10,00,0000,State - BIHAR  10,Rural,5,2558184,1347427,1210757,205119,119321,85798,205119,119321,85798,0,0,0,0,0,0,0,0,0,0,0,0
C3010,10,00,0000,State - BIHAR  10,Rural,6,2756458,1426723,1329735,470331,270786,199545,470331,270786,199545,0,0,0,0,0,0,0,0,0,0,0,0
C3010,10,00,0000,State - BIHAR  10,Rural,7,1735976,899493,836483,689342,398542,290800,689342,398542,290800,0,0,0,0,0,0,0,0,0,0,0,0
C3010,10,00,0000,State - BIHAR  10,Rural,8,3303385,1744873,1558512,1492471,885585,606886,1492471,885585,606886,0,0,0,0,0,0,0,0,0,0,0,0
C3010,10,00,0000,State - BIHAR  10,Rural,9,1308462,687298,621164,709161,416679,292482,709161,416679,292482,0,0,0,0,0,0,0,0,0,0,0,0
C3010,10,00,0000,State - BIHAR  10,Rural,10,3497580,1894836,1602744,1799055,1106815,692240,1799055,1106815,692240,0,0,0,0,0,0,0,0,0,0,0,0
C3010,10,00,0000,State - BIHAR  10,Rural,11,952156,508272,443884,565902,340103,225799,565902,340103,225799,0,0,0,0,0,0,0,0,0,0,0,0
C3010,10,00,0000,State - BIHAR  10,Rural,12,2801086,1528246,1272840,1470211,921592,548619,1470211,921592,548619,0,0,0,0,0,0,0,0,0,0,0,0
C3010,10,00,0000,State - BIHAR  10,Rural,13,1081777,571745,510032,594210,362278,231932,594210,362278,231932,0,0,0,0,0,0,0,0,0,0,0,0
C3010,10,00,0000,State - BIHAR  10,Rural,14,1547128,833653,713475,754402,476713,277689,754402,476713,277689,0,0,0,0,0,0,0,0,0,0,0,0
C3010,10,00,0000,State - BIHAR  10,Rural,15-19,6263105,3508252,2754853,1884320,1334018,550302,1627999,1135086,492913,226450,179034,47416,5980,4373,1607,22021,14598,7423,1870,927,943
C3010,10,00,0000,State - BIHAR  10,Rural,20-24,5560017,2753122,2806895,494271,399455,94816,184152,137261,46891,295470,252040,43430,5732,4410,1322,5189,4058,1131,3728,1686,2042
C3010,10,00,0000,State - BIHAR  10,Rural,25-29,5255133,2551836,2703297,81440,70690,10750,0,0,0,68072,61333,6739,5749,4590,1159,3902,3074,828,3717,1693,2024
C3010,10,00,0000,State - BIHAR  10,Rural,30-34,4960310,2411088,2549222,26820,21221,5599,0,0,0,18184,15985,2199,3121,2148,973,2064,1480,584,3451,1608,1843
C3010,10,00,0000,State - BIHAR  10,Rural,35-59,15523464,8046291,7477173,38702,28323,10379,0,0,0,17870,15704,2166,7173,4613,2560,4206,2940,1266,9453,5066,4387
C3010,10,00,0000,State - BIHAR  10,Rural,60+,4965924,2640319,2325605,9100,6520,2580,0,0,0,3352,2963,389,2187,1254,933,1295,906,389,2266,1397,869
C3010,10,00,0000,State - BIHAR  10,Rural,Age not stated,162717,94583,68134,1182,836,346,0,0,0,700,556,144,151,80,71,189,120,69,142,80,62
C3010,10,00,0000,State - BIHAR  10,Urban,All ages,8681800,4648799,4033001,2335708,1350506,985202,1934441,1074582,859859,373855,254711,119144,15755,12472,3283,10132,7934,2198,1525,807,718
C3010,10,00,0000,State - BIHAR  10,Urban,0-4,922225,476341,445884,29639,15845,13794,29639,15845,13794,0,0,0,0,0,0,0,0,0,0,0,0
C3010,10,00,0000,State - BIHAR  10,Urban,5,235936,125498,110438,47284,26213,21071,47284,26213,21071,0,0,0,0,0,0,0,0,0,0,0,0
C3010,10,00,0000,State - BIHAR  10,Urban,6,249413,129777,119636,80359,43128,37231,80359,43128,37231,0,0,0,0,0,0,0,0,0,0,0,0
C3010,10,00,0000,State - BIHAR  10,Urban,7,187462,96931,90531,122222,65259,56963,122222,65259,56963,0,0,0,0,0,0,0,0,0,0,0,0
C3010,10,00,0000,State - BIHAR  10,Urban,8,315107,166237,148870,214298,117125,97173,214298,117125,97173,0,0,0,0,0,0,0,0,0,0,0,0
C3010,10,00,0000,State - BIHAR  10,Urban,9,153919,81006,72913,118155,63910,54245,118155,63910,54245,0,0,0,0,0,0,0,0,0,0,0,0
C3010,10,00,0000,State - BIHAR  10,Urban,10,349727,188812,160915,252678,140994,111684,252678,140994,111684,0,0,0,0,0,0,0,0,0,0,0,0
C3010,10,00,0000,State - BIHAR  10,Urban,11,137329,73183,64146,110721,60514,50207,110721,60514,50207,0,0,0,0,0,0,0,0,0,0,0,0
C3010,10,00,0000,State - BIHAR  10,Urban,12,311571,168532,143039,229102,127210,101892,229102,127210,101892,0,0,0,0,0,0,0,0,0,0,0,0
C3010,10,00,0000,State - BIHAR  10,Urban,13,159351,82606,76745,123851,65888,57963,123851,65888,57963,0,0,0,0,0,0,0,0,0,0,0,0
C3010,10,00,0000,State - BIHAR  10,Urban,14,226072,120316,105756,164164,89570,74594,164164,89570,74594,0,0,0,0,0,0,0,0,0,0,0,0
C3010,10,00,0000,State - BIHAR  10,Urban,15-19,927083,520391,406692,543263,320963,222300,407132,235923,171209,129209,79919,49290,2980,2244,736,3818,2799,1019,124,78,46
C3010,10,00,0000,State - BIHAR  10,Urban,20-24,763176,426941,336235,231419,160198,71221,34836,23003,11833,190279,132314,57965,4243,3244,999,1849,1520,329,212,117,95
C3010,10,00,0000,State - BIHAR  10,Urban,25-29,653175,342870,310305,45978,36974,9004,0,0,0,38053,30351,7702,5067,4262,805,2578,2196,382,280,165,115
C3010,10,00,0000,State - BIHAR  10,Urban,30-34,589477,302783,286694,10042,7771,2271,0,0,0,7694,5900,1794,1365,1159,206,792,631,161,191,81,110
C3010,10,00,0000,State - BIHAR  10,Urban,35-59,1950319,1055567,894752,9870,7083,2787,0,0,0,6695,4859,1836,1734,1296,438,883,646,237,558,282,276
C3010,10,00,0000,State - BIHAR  10,Urban,60+,535350,281686,253664,2096,1495,601,0,0,0,1435,1059,376,334,248,86,178,115,63,149,73,76
C3010,10,00,0000,State - BIHAR  10,Urban,Age not stated,15108,9322,5786,567,366,201,0,0,0,490,309,181,32,19,13,34,27,7,11,11,0
C3010,10,01,0000,District - Pashchim Champaran  01,Total,All ages,3043466,1600839,1442627,396232,256090,140142,374639,239353,135286,18636,14670,3966,933,669,264,1642,1191,451,382,207,175
C3010,10,01,0000,District - Pashchim Champaran  01,Total,0-4,425415,216349,209066,4710,2573,2137,4710,2573,2137,0,0,0,0,0,0,0,0,0,0,0,0
C3010,10,01,0000,District - Pashchim Champaran  01,Total,5,107360,56295,51065,9506,5571,3935,9506,5571,3935,0,0,0,0,0,0,0,0,0,0,0,0
C3010,10,01,0000,District - Pashchim Champaran  01,Total,6,115583,59333,56250,20789,12117,8672,20789,12117,8672,0,0,0,0,0,0,0,0,0,0,0,0
C3010,10,01,0000,District - Pashchim Champaran  01,Total,7,71531,36914,34617,26726,15663,11063,26726,15663,11063,0,0,0,0,0,0,0,0,0,0,0,0
C3010,10,01,0000,District - Pashchim Champaran  01,Total,8,133366,70578,62788,55019,33684,21335,55019,33684,21335,0,0,0,0,0,0,0,0,0,0,0,0
C3010,10,01,0000,District - Pashchim Champaran  01,Total,9,49929,26391,23538,25260,15467,9793,25260,15467,9793,0,0,0,0,0,0,0,0,0,0,0,0
C3010,10,01,0000,District - Pashchim Champaran  01,Total,10,139951,75756,64195,65079,41569,23510,65079,41569,23510,0,0,0,0,0,0,0,0,0,0,0,0
C3010,10,01,0000,District - Pashchim Champaran  01,Total,11,35410,18977,16433,19480,12092,7388,19480,12092,7388,0,0,0,0,0,0,0,0,0,0,0,0
C3010,10,01,0000,District - Pashchim Champaran  01,Total,12,108611,59479,49132,50024,32683,17341,50024,32683,17341,0,0,0,0,0,0,0,0,0,0,0,0
C3010,10,01,0000,District - Pashchim Champaran  01,Total,13,39464,21096,18368,18834,11973,6861,18834,11973,6861,0,0,0,0,0,0,0,0,0,0,0,0
C3010,10,01,0000,District - Pashchim Champaran  01,Total,14,60156,33079,27077,24274,16122,8152,24274,16122,8152,0,0,0,0,0,0,0,0,0,0,0,0
C3010,10,01,0000,District - Pashchim Champaran  01,Total,15-19,243070,139912,103158,57211,41321,15890,49191,35391,13800,6758,5008,1750,187,141,46,1034,758,276,41,23,18
C3010,10,01,0000,District - Pashchim Champaran  01,Total,20-24,227960,115347,112613,15169,11863,3306,5747,4448,1299,9012,7128,1884,202,148,54,161,119,42,47,20,27
C3010,10,01,0000,District - Pashchim Champaran  01,Total,25-29,225594,111629,113965,2246,1923,323,0,0,0,1848,1636,212,184,142,42,165,122,43,49,23,26
C3010,10,01,0000,District - Pashchim Champaran  01,Total,30-34,213194,106247,106947,659,531,128,0,0,0,452,398,54,74,51,23,80,58,22,53,24,29
C3010,10,01,0000,District - Pashchim Champaran  01,Total,35-59,657773,350822,306951,1010,774,236,0,0,0,494,438,56,219,146,73,148,99,49,149,91,58
C3010,10,01,0000,District - Pashchim Champaran  01,Total,60+,184577,100143,84434,219,155,64,0,0,0,64,57,7,65,40,25,49,32,17,41,26,15
C3010,10,01,0000,District - Pashchim Champaran  01,Total,Age not stated,4522,2492,2030,17,9,8,0,0,0,8,5,3,2,1,1,5,3,2,2,0,2
C3010,10,01,0000,District - Pashchim Champaran  01,Rural,All ages,2733907,1436653,1297254,325217,215326,109891,311987,204327,107660,10831,9302,1529,662,478,184,1377,1024,353,360,195,165
C3010,10,01,0000,District - Pashchim Champaran  01,Rural,0-4,388237,197397,190840,3664,2046,1618,3664,2046,1618,0,0,0,0,0,0,0,0,0,0,0,0
C3010,10,01,0000,District - Pashchim Champaran  01,Rural,5,97508,51048,46460,7455,4465,2990,7455,4465,2990,0,0,0,0,0,0,0,0,0,0,0,0
C3010,10,01,0000,District - Pashchim Champaran  01,Rural,6,105876,54327,51549,17409,10317,7092,17409,10317,7092,0,0,0,0,0,0,0,0,0,0,0,0
C3010,10,01,0000,District - Pashchim Champaran  01,Rural,7,64213,33173,31040,22368,13343,9025,22368,13343,9025,0,0,0,0,0,0,0,0,0,0,0,0
C3010,10,01,0000,District - Pashchim Champaran  01,Rural,8,121855,64490,57365,47742,29664,18078,47742,29664,18078,0,0,0,0,0,0,0,0,0,0,0,0
C3010,10,01,0000,District - Pashchim Champaran  01,Rural,9,44327,23433,20894,21243,13252,7991,21243,13252,7991,0,0,0,0,0,0,0,0,0,0,0,0
C3010,10,01,0000,District - Pashchim Champaran  01,Rural,10,127211,68882,58329,56580,36743,19837,56580,36743,19837,0,0,0,0,0,0,0,0,0,0,0,0
C3010,10,01,0000,District - Pashchim Champaran  01,Rural,11,30559,16402,14157,15803,10094,5709,15803,10094,5709,0,0,0,0,0,0,0,0,0,0,0,0
C3010,10,01,0000,District - Pashchim Champaran  01,Rural,12,97842,53659,44183,42758,28616,14142,42758,28616,14142,0,0,0,0,0,0,0,0,0,0,0,0
C3010,10,01,0000,District - Pashchim Champaran  01,Rural,13,33957,18187,15770,14891,9821,5070,14891,9821,5070,0,0,0,0,0,0,0,0,0,0,0,0
C3010,10,01,0000,District - Pashchim Champaran  01,Rural,14,52685,29066,23619,19323,13369,5954,19323,13369,5954,0,0,0,0,0,0,0,0,0,0,0,0
C3010,10,01,0000,District - Pashchim Champaran  01,Rural,15-19,212349,122677,89672,42907,32751,10156,38030,28815,9215,3815,3146,669,122,88,34,900,680,220,40,22,18
C3010,10,01,0000,District - Pashchim Champaran  01,Rural,20-24,202157,101418,100739,10133,8413,1720,4721,3782,939,5142,4432,710,110,92,18,115,89,26,45,18,27
C3010,10,01,0000,District - Pashchim Champaran  01,Rural,25-29,202967,100316,102651,1482,1305,177,0,0,0,1200,1104,96,121,93,28,115,87,28,46,21,25
C3010,10,01,0000,District - Pashchim Champaran  01,Rural,30-34,192345,95652,96693,491,403,88,0,0,0,312,289,23,58,41,17,69,49,20,52,24,28
C3010,10,01,0000,District - Pashchim Champaran  01,Rural,35-59,589125,313564,275561,779,594,185,0,0,0,324,296,28,189,125,64,128,86,42,138,87,51
C3010,10,01,0000,District - Pashchim Champaran  01,Rural,60+,166558,90697,75861,180,125,55,0,0,0,37,34,3,61,38,23,45,30,15,37,23,14
C3010,10,01,0000,District - Pashchim Champaran  01,Rural,Age not stated,4136,2265,1871,9,5,4,0,0,0,1,1,0,1,1,0,5,3,2,2,0,2
C3010,10,01,0000,District - Pashchim Champaran  01,Urban,All ages,309559,164186,145373,71015,40764,30251,62652,35026,27626,7805,5368,2437,271,191,80,265,167,98,22,12,10
C3010,10,01,0000,District - Pashchim Champaran  01,Urban,0-4,37178,18952,18226,1046,527,519,1046,527,519,0,0,0,0,0,0,0,0,0,0,0,0
C3010,10,01,0000,District - Pashchim Champaran  01,Urban,5,9852,5247,4605,2051,1106,945,2051,1106,945,0,0,0,0,0,0,0,0,0,0,0,0
C3010,10,01,0000,District - Pashchim Champaran  01,Urban,6,9707,5006,4701,3380,1800,1580,3380,1800,1580,0,0,0,0,0,0,0,0,0,0,0,0
C3010,10,01,0000,District - Pashchim Champaran  01,Urban,7,7318,3741,3577,4358,2320,2038,4358,2320,2038,0,0,0,0,0,0,0,0,0,0,0,0
C3010,10,01,0000,District - Pashchim Champaran  01,Urban,8,11511,6088,5423,7277,4020,3257,7277,4020,3257,0,0,0,0,0,0,0,0,0,0,0,0
C3010,10,01,0000,District - Pashchim Champaran  01,Urban,9,5602,2958,2644,4017,2215,1802,4017,2215,1802,0,0,0,0,0,0,0,0,0,0,0,0
C3010,10,01,0000,District - Pashchim Champaran  01,Urban,10,12740,6874,5866,8499,4826,3673,8499,4826,3673,0,0,0,0,0,0,0,0,0,0,0,0
C3010,10,01,0000,District - Pashchim Champaran  01,Urban,11,4851,2575,2276,3677,1998,1679,3677,1998,1679,0,0,0,0,0,0,0,0,0,0,0,0
C3010,10,01,0000,District - Pashchim Champaran  01,Urban,12,10769,5820,4949,7266,4067,3199,7266,4067,3199,0,0,0,0,0,0,0,0,0,0,0,0
C3010,10,01,0000,District - Pashchim Champaran  01,Urban,13,5507,2909,2598,3943,2152,1791,3943,2152,1791,0,0,0,0,0,0,0,0,0,0,0,0
C3010,10,01,0000,District - Pashchim Champaran  01,Urban,14,7471,4013,3458,4951,2753,2198,4951,2753,2198,0,0,0,0,0,0,0,0,0,0,0,0
C3010,10,01,0000,District - Pashchim Champaran  01,Urban,15-19,30721,17235,13486,14304,8570,5734,11161,6576,4585,2943,1862,1081,65,53,12,134,78,56,1,1,0
C3010,10,01,0000,District - Pashchim Champaran  01,Urban,20-24,25803,13929,11874,5036,3450,1586,1026,666,360,3870,2696,1174,92,56,36,46,30,16,2,2,0
C3010,10,01,0000,District - Pashchim Champaran  01,Urban,25-29,22627,11313,11314,764,618,146,0,0,0,648,532,116,63,49,14,50,35,15,3,2,1
C3010,10,01,0000,District - Pashchim Champaran  01,Urban,30-34,20849,10595,10254,168,128,40,0,0,0,140,109,31,16,10,6,11,9,2,1,0,1
C3010,10,01,0000,District - Pashchim Champaran  01,Urban,35-59,68648,37258,31390,231,180,51,0,0,0,170,142,28,30,21,9,20,13,7,11,4,7
C3010,10,01,0000,District - Pashchim Champaran  01,Urban,60+,18019,9446,8573,39,30,9,0,0,0,27,23,4,4,2,2,4,2,2,4,3,1
C3010,10,01,0000,District - Pashchim Champaran  01,Urban,Age not stated,386,227,159,8,4,4,0,0,0,7,4,3,1,0,1,0,0,0,0,0,0
C3010,10,02,0000,District - Purba Champaran  02,Total,All ages,3939773,2077047,1862726,510904,333485,177419,479937,309189,170748,26664,21344,5320,1489,1090,399,2132,1487,645,682,375,307
C3010,10,02,0000,District - Purba Champaran  02,Total,0-4,554100,282804,271296,6719,3795,2924,6719,3795,2924,0,0,0,0,0,0,0,0,0,0,0,0
C3010,10,02,0000,District - Purba Champaran  02,Total,5,136385,72586,63799,11310,6808,4502,11310,6808,4502,0,0,0,0,0,0,0,0,0,0,0,0
C3010,10,02,0000,District - Purba Champaran  02,Total,6,147157,77133,70024,24420,14585,9835,24420,14585,9835,0,0,0,0,0,0,0,0,0,0,0,0
C3010,10,02,0000,District - Purba Champaran  02,Total,7,94664,49932,44732,33314,20067,13247,33314,20067,13247,0,0,0,0,0,0,0,0,0,0,0,0
C3010,10,02,0000,District - Purba Champaran  02,Total,8,175754,94846,80908,69025,42841,26184,69025,42841,26184,0,0,0,0,0,0,0,0,0,0,0,0
C3010,10,02,0000,District - Purba Champaran  02,Total,9,66806,35941,30865,32208,19793,12415,32208,19793,12415,0,0,0,0,0,0,0,0,0,0,0,0
C3010,10,02,0000,District - Purba Champaran  02,Total,10,189726,105400,84326,83844,54267,29577,83844,54267,29577,0,0,0,0,0,0,0,0,0,0,0,0
C3010,10,02,0000,District - Purba Champaran  02,Total,11,46749,25709,21040,25142,15817,9325,25142,15817,9325,0,0,0,0,0,0,0,0,0,0,0,0
C3010,10,02,0000,District - Purba Champaran  02,Total,12,143025,80472,62553,63998,42069,21929,63998,42069,21929,0,0,0,0,0,0,0,0,0,0,0,0
C3010,10,02,0000,District - Purba Champaran  02,Total,13,51577,28191,23386,24861,15748,9113,24861,15748,9113,0,0,0,0,0,0,0,0,0,0,0,0
C3010,10,02,0000,District - Purba Champaran  02,Total,14,74968,41988,32980,31185,20326,10859,31185,20326,10859,0,0,0,0,0,0,0,0,0,0,0,0
C3010,10,02,0000,District - Purba Champaran  02,Total,15-19,315836,184624,131212,77795,56055,21740,66197,47343,18854,9924,7532,2392,279,235,44,1348,923,425,47,22,25
C3010,10,02,0000,District - Purba Champaran  02,Total,20-24,294093,146497,147596,20877,16322,4555,7714,5730,1984,12514,10116,2398,326,251,75,245,190,55,78,35,43
C3010,10,02,0000,District - Purba Champaran  02,Total,25-29,282955,138078,144877,3240,2774,466,0,0,0,2664,2346,318,315,250,65,176,130,46,85,48,37
C3010,10,02,0000,District - Purba Champaran  02,Total,30-34,266068,131169,134899,1027,818,209,0,0,0,720,621,99,136,87,49,95,71,24,76,39,37
C3010,10,02,0000,District - Purba Champaran  02,Total,35-59,851445,445433,406012,1549,1128,421,0,0,0,700,606,94,335,211,124,198,126,72,316,185,131
C3010,10,02,0000,District - Purba Champaran  02,Total,60+,243427,132961,110466,356,245,111,0,0,0,125,111,14,96,55,41,58,35,23,77,44,33
C3010,10,02,0000,District - Purba Champaran  02,Total,Age not stated,5038,3283,1755,34,27,7,0,0,0,17,12,5,2,1,1,12,12,0,3,2,1
C3010,10,02,0000,District - Purba Champaran  02,Rural,All ages,3688687,1941681,1747006,451118,298331,152787,429118,280179,148939,18178,15555,2623,1190,862,328,1973,1372,601,659,363,296
C3010,10,02,0000,District - Purba Champaran  02,Rural,0-4,524768,267686,257082,5888,3329,2559,5888,3329,2559,0,0,0,0,0,0,0,0,0,0,0,0
C3010,10,02,0000,District - Purba Champaran  02,Rural,5,129029,68575,60454,9930,6006,3924,9930,6006,3924,0,0,0,0,0,0,0,0,0,0,0,0
C3010,10,02,0000,District - Purba Champaran  02,Rural,6,139651,73203,66448,21981,13286,8695,21981,13286,8695,0,0,0,0,0,0,0,0,0,0,0,0
C3010,10,02,0000,District - Purba Champaran  02,Rural,7,88849,46856,41993,29739,18125,11614,29739,18125,11614,0,0,0,0,0,0,0,0,0,0,0,0
C3010,10,02,0000,District - Purba Champaran  02,Rural,8,166640,89907,76733,63079,39497,23582,63079,39497,23582,0,0,0,0,0,0,0,0,0,0,0,0
C3010,10,02,0000,District - Purba Champaran  02,Rural,9,62102,33417,28685,28874,17936,10938,28874,17936,10938,0,0,0,0,0,0,0,0,0,0,0,0
C3010,10,02,0000,District - Purba Champaran  02,Rural,10,179630,99751,79879,76980,50259,26721,76980,50259,26721,0,0,0,0,0,0,0,0,0,0,0,0
C3010,10,02,0000,District - Purba Champaran  02,Rural,11,42653,23424,19229,22055,14043,8012,22055,14043,8012,0,0,0,0,0,0,0,0,0,0,0,0
C3010,10,02,0000,District - Purba Champaran  02,Rural,12,134639,75856,58783,58301,38824,19477,58301,38824,19477,0,0,0,0,0,0,0,0,0,0,0,0
C3010,10,02,0000,District - Purba Champaran  02,Rural,13,47103,25798,21305,21698,14001,7697,21698,14001,7697,0,0,0,0,0,0,0,0,0,0,0,0
C3010,10,02,0000,District - Purba Champaran  02,Rural,14,68988,38750,30238,27171,18099,9072,27171,18099,9072,0,0,0,0,0,0,0,0,0,0,0,0
C3010,10,02,0000,District - Purba Champaran  02,Rural,15-19,289940,169862,120078,64737,48117,16620,56459,41533,14926,6735,5503,1232,221,182,39,1275,877,398,47,22,25
C3010,10,02,0000,District - Purba Champaran  02,Rural,20-24,272492,134654,137838,15760,12796,2964,6963,5241,1722,8273,7169,1104,226,183,43,224,171,53,74,32,42
C3010,10,02,0000,District - Purba Champaran  02,Rural,25-29,264154,128255,135899,2355,2076,279,0,0,0,1917,1756,161,217,172,45,139,101,38,82,47,35
C3010,10,02,0000,District - Purba Champaran  02,Rural,30-34,249236,122574,126662,855,688,167,0,0,0,572,509,63,124,79,45,84,61,23,75,39,36
C3010,10,02,0000,District - Purba Champaran  02,Rural,35-59,795035,414878,380157,1371,1012,359,0,0,0,577,526,51,308,193,115,182,116,66,304,177,127
C3010,10,02,0000,District - Purba Champaran  02,Rural,60+,229239,125335,103904,323,220,103,0,0,0,100,90,10,92,52,40,57,34,23,74,44,30
C3010,10,02,0000,District - Purba Champaran  02,Rural,Age not stated,4539,2900,1639,21,17,4,0,0,0,4,2,2,2,1,1,12,12,0,3,2,1
C3010,10,02,0000,District - Purba Champaran  02,Urban,All ages,251086,135366,115720,59786,35154,24632,50819,29010,21809,8486,5789,2697,299,228,71,159,115,44,23,12,11
C3010,10,02,0000,District - Purba Champaran  02,Urban,0-4,29332,15118,14214,831,466,365,831,466,365,0,0,0,0,0,0,0,0,0,0,0,0
C3010,10,02,0000,District - Purba Champaran  02,Urban,5,7356,4011,3345,1380,802,578,1380,802,578,0,0,0,0,0,0,0,0,0,0,0,0
C3010,10,02,0000,District - Purba Champaran  02,Urban,6,7506,3930,3576,2439,1299,1140,2439,1299,1140,0,0,0,0,0,0,0,0,0,0,0,0
C3010,10,02,0000,District - Purba Champaran  02,Urban,7,5815,3076,2739,3575,1942,1633,3575,1942,1633,0,0,0,0,0,0,0,0,0,0,0,0
C3010,10,02,0000,District - Purba Champaran  02,Urban,8,9114,4939,4175,5946,3344,2602,5946,3344,2602,0,0,0,0,0,0,0,0,0,0,0,0
C3010,10,02,0000,District - Purba Champaran  02,Urban,9,4704,2524,2180,3334,1857,1477,3334,1857,1477,0,0,0,0,0,0,0,0,0,0,0,0
C3010,10,02,0000,District - Purba Champaran  02,Urban,10,10096,5649,4447,6864,4008,2856,6864,4008,2856,0,0,0,0,0,0,0,0,0,0,0,0
C3010,10,02,0000,District - Purba Champaran  02,Urban,11,4096,2285,1811,3087,1774,1313,3087,1774,1313,0,0,0,0,0,0,0,0,0,0,0,0
C3010,10,02,0000,District - Purba Champaran  02,Urban,12,8386,4616,3770,5697,3245,2452,5697,3245,2452,0,0,0,0,0,0,0,0,0,0,0,0
C3010,10,02,0000,District - Purba Champaran  02,Urban,13,4474,2393,2081,3163,1747,1416,3163,1747,1416,0,0,0,0,0,0,0,0,0,0,0,0
C3010,10,02,0000,District - Purba Champaran  02,Urban,14,5980,3238,2742,4014,2227,1787,4014,2227,1787,0,0,0,0,0,0,0,0,0,0,0,0
C3010,10,02,0000,District - Purba Champaran  02,Urban,15-19,25896,14762,11134,13058,7938,5120,9738,5810,3928,3189,2029,1160,58,53,5,73,46,27,0,0,0
C3010,10,02,0000,District - Purba Champaran  02,Urban,20-24,21601,11843,9758,5117,3526,1591,751,489,262,4241,2947,1294,100,68,32,21,19,2,4,3,1
C3010,10,02,0000,District - Purba Champaran  02,Urban,25-29,18801,9823,8978,885,698,187,0,0,0,747,590,157,98,78,20,37,29,8,3,1,2
C3010,10,02,0000,District - Purba Champaran  02,Urban,30-34,16832,8595,8237,172,130,42,0,0,0,148,112,36,12,8,4,11,10,1,1,0,1
C3010,10,02,0000,District - Purba Champaran  02,Urban,35-59,56410,30555,25855,178,116,62,0,0,0,123,80,43,27,18,9,16,10,6,12,8,4
C3010,10,02,0000,District - Purba Champaran  02,Urban,60+,14188,7626,6562,33,25,8,0,0,0,25,21,4,4,3,1,1,1,0,3,0,3
C3010,10,02,0000,District - Purba Champaran  02,Urban,Age not stated,499,383,116,13,10,3,0,0,0,13,10,3,0,0,0,0,0,0,0,0,0
C3010,10,03,0000,District - Sheohar *  03,Total,All ages,515961,273680,242281,60754,38981,21773,57154,36084,21070,3058,2557,501,200,137,63,213,132,81,129,71,58
C3010,10,03,0000,District - Sheohar *  03,Total,0-4,70450,36453,33997,686,369,317,686,369,317,0,0,0,0,0,0,0,0,0,0,0,0
C3010,10,03,0000,District - Sheohar *  03,Total,5,17877,9497,8380,1039,615,424,1039,615,424,0,0,0,0,0,0,0,0,0,0,0,0
C3010,10,03,0000,District - Sheohar *  03,Total,6,18115,9601,8514,2389,1442,947,2389,1442,947,0,0,0,0,0,0,0,0,0,0,0,0
C3010,10,03,0000,District - Sheohar *  03,Total,7,12672,6738,5934,3811,2269,1542,3811,2269,1542,0,0,0,0,0,0,0,0,0,0,0,0
C3010,10,03,0000,District - Sheohar *  03,Total,8,21702,11763,9939,7844,4785,3059,7844,4785,3059,0,0,0,0,0,0,0,0,0,0,0,0
C3010,10,03,0000,District - Sheohar *  03,Total,9,8818,4708,4110,3881,2371,1510,3881,2371,1510,0,0,0,0,0,0,0,0,0,0,0,0
C3010,10,03,0000,District - Sheohar *  03,Total,10,24968,13786,11182,10335,6528,3807,10335,6528,3807,0,0,0,0,0,0,0,0,0,0,0,0
C3010,10,03,0000,District - Sheohar *  03,Total,11,6050,3357,2693,2902,1804,1098,2902,1804,1098,0,0,0,0,0,0,0,0,0,0,0,0
C3010,10,03,0000,District - Sheohar *  03,Total,12,19000,10707,8293,8036,5093,2943,8036,5093,2943,0,0,0,0,0,0,0,0,0,0,0,0
C3010,10,03,0000,District - Sheohar *  03,Total,13,6510,3515,2995,2915,1771,1144,2915,1771,1144,0,0,0,0,0,0,0,0,0,0,0,0
C3010,10,03,0000,District - Sheohar *  03,Total,14,9298,5160,4138,3721,2331,1390,3721,2331,1390,0,0,0,0,0,0,0,0,0,0,0,0
C3010,10,03,0000,District - Sheohar *  03,Total,15-19,40056,23437,16619,9648,6790,2858,8428,5855,2573,1065,841,224,41,33,8,103,55,48,11,6,5
C3010,10,03,0000,District - Sheohar *  03,Total,20-24,38687,19584,19103,2633,2085,548,1167,851,316,1389,1180,209,35,29,6,28,19,9,14,6,8
C3010,10,03,0000,District - Sheohar *  03,Total,25-29,36674,18349,18325,404,352,52,0,0,0,328,300,28,30,23,7,29,22,7,17,7,10
C3010,10,03,0000,District - Sheohar *  03,Total,30-34,35335,17476,17859,146,110,36,0,0,0,101,86,15,16,6,10,11,9,2,18,9,9
C3010,10,03,0000,District - Sheohar *  03,Total,35-59,111068,58566,52502,273,202,71,0,0,0,132,109,23,62,42,20,30,20,10,49,31,18
C3010,10,03,0000,District - Sheohar *  03,Total,60+,35410,18825,16585,80,56,24,0,0,0,38,36,2,14,4,10,11,7,4,17,9,8
C3010,10,03,0000,District - Sheohar *  03,Total,Age not stated,3271,2158,1113,11,8,3,0,0,0,5,5,0,2,0,2,1,0,1,3,3,0
C3010,10,03,0000,District - Sheohar *  03,Rural,All ages,494699,262363,232336,57738,37124,20614,54371,34408,19963,2835,2382,453,195,133,62,211,130,81,126,71,55
C3010,10,03,0000,District - Sheohar *  03,Rural,0-4,67492,34944,32548,662,355,307,662,355,307,0,0,0,0,0,0,0,0,0,0,0,0
C3010,10,03,0000,District - Sheohar *  03,Rural,5,17088,9077,8011,998,588,410,998,588,410,0,0,0,0,0,0,0,0,0,0,0,0
C3010,10,03,0000,District - Sheohar *  03,Rural,6,17406,9229,8177,2281,1375,906,2281,1375,906,0,0,0,0,0,0,0,0,0,0,0,0
C3010,10,03,0000,District - Sheohar *  03,Rural,7,12124,6452,5672,3598,2151,1447,3598,2151,1447,0,0,0,0,0,0,0,0,0,0,0,0
C3010,10,03,0000,District - Sheohar *  03,Rural,8,20824,11297,9527,7446,4547,2899,7446,4547,2899,0,0,0,0,0,0,0,0,0,0,0,0
C3010,10,03,0000,District - Sheohar *  03,Rural,9,8467,4524,3943,3712,2284,1428,3712,2284,1428,0,0,0,0,0,0,0,0,0,0,0,0
C3010,10,03,0000,District - Sheohar *  03,Rural,10,24011,13275,10736,9914,6279,3635,9914,6279,3635,0,0,0,0,0,0,0,0,0,0,0,0
C3010,10,03,0000,District - Sheohar *  03,Rural,11,5751,3193,2558,2726,1697,1029,2726,1697,1029,0,0,0,0,0,0,0,0,0,0,0,0
C3010,10,03,0000,District - Sheohar *  03,Rural,12,18212,10253,7959,7673,4864,2809,7673,4864,2809,0,0,0,0,0,0,0,0,0,0,0,0
C3010,10,03,0000,District - Sheohar *  03,Rural,13,6200,3343,2857,2763,1680,1083,2763,1680,1083,0,0,0,0,0,0,0,0,0,0,0,0
C3010,10,03,0000,District - Sheohar *  03,Rural,14,8810,4876,3934,3489,2191,1298,3489,2191,1298,0,0,0,0,0,0,0,0,0,0,0,0
C3010,10,03,0000,District - Sheohar *  03,Rural,15-19,38258,22350,15908,9104,6439,2665,7988,5582,2406,965,766,199,37,30,7,103,55,48,11,6,5
C3010,10,03,0000,District - Sheohar *  03,Rural,20-24,37084,18755,18329,2482,1966,516,1121,815,306,1284,1097,187,35,29,6,28,19,9,14,6,8
C3010,10,03,0000,District - Sheohar *  03,Rural,25-29,35143,17573,17570,384,336,48,0,0,0,312,285,27,29,22,7,29,22,7,14,7,7
C3010,10,03,0000,District - Sheohar *  03,Rural,30-34,33869,16752,17117,144,108,36,0,0,0,100,85,15,16,6,10,10,8,2,18,9,9
C3010,10,03,0000,District - Sheohar *  03,Rural,35-59,106527,56130,50397,271,200,71,0,0,0,131,108,23,62,42,20,29,19,10,49,31,18
C3010,10,03,0000,District - Sheohar *  03,Rural,60+,34182,18193,15989,80,56,24,0,0,0,38,36,2,14,4,10,11,7,4,17,9,8
C3010,10,03,0000,District - Sheohar *  03,Rural,Age not stated,3251,2147,1104,11,8,3,0,0,0,5,5,0,2,0,2,1,0,1,3,3,0
C3010,10,03,0000,District - Sheohar *  03,Urban,All ages,21262,11317,9945,3016,1857,1159,2783,1676,1107,223,175,48,5,4,1,2,2,0,3,0,3
C3010,10,03,0000,District - Sheohar *  03,Urban,0-4,2958,1509,1449,24,14,10,24,14,10,0,0,0,0,0,0,0,0,0,0,0,0
C3010,10,03,0000,District - Sheohar *  03,Urban,5,789,420,369,41,27,14,41,27,14,0,0,0,0,0,0,0,0,0,0,0,0
C3010,10,03,0000,District - Sheohar *  03,Urban,6,709,372,337,108,67,41,108,67,41,0,0,0,0,0,0,0,0,0,0,0,0
C3010,10,03,0000,District - Sheohar *  03,Urban,7,548,286,262,213,118,95,213,118,95,0,0,0,0,0,0,0,0,0,0,0,0
C3010,10,03,0000,District - Sheohar *  03,Urban,8,878,466,412,398,238,160,398,238,160,0,0,0,0,0,0,0,0,0,0,0,0
C3010,10,03,0000,District - Sheohar *  03,Urban,9,351,184,167,169,87,82,169,87,82,0,0,0,0,0,0,0,0,0,0,0,0
C3010,10,03,0000,District - Sheohar *  03,Urban,10,957,511,446,421,249,172,421,249,172,0,0,0,0,0,0,0,0,0,0,0,0
C3010,10,03,0000,District - Sheohar *  03,Urban,11,299,164,135,176,107,69,176,107,69,0,0,0,0,0,0,0,0,0,0,0,0
C3010,10,03,0000,District - Sheohar *  03,Urban,12,788,454,334,363,229,134,363,229,134,0,0,0,0,0,0,0,0,0,0,0,0
C3010,10,03,0000,District - Sheohar *  03,Urban,13,310,172,138,152,91,61,152,91,61,0,0,0,0,0,0,0,0,0,0,0,0
C3010,10,03,0000,District - Sheohar *  03,Urban,14,488,284,204,232,140,92,232,140,92,0,0,0,0,0,0,0,0,0,0,0,0
C3010,10,03,0000,District - Sheohar *  03,Urban,15-19,1798,1087,711,544,351,193,440,273,167,100,75,25,4,3,1,0,0,0,0,0,0
C3010,10,03,0000,District - Sheohar *  03,Urban,20-24,1603,829,774,151,119,32,46,36,10,105,83,22,0,0,0,0,0,0,0,0,0
C3010,10,03,0000,District - Sheohar *  03,Urban,25-29,1531,776,755,20,16,4,0,0,0,16,15,1,1,1,0,0,0,0,3,0,3
C3010,10,03,0000,District - Sheohar *  03,Urban,30-34,1466,724,742,2,2,0,0,0,0,1,1,0,0,0,0,1,1,0,0,0,0
C3010,10,03,0000,District - Sheohar *  03,Urban,35-59,4541,2436,2105,2,2,0,0,0,0,1,1,0,0,0,0,1,1,0,0,0,0
C3010,10,03,0000,District - Sheohar *  03,Urban,60+,1228,632,596,0,0,0,0,0,0,0,0,0,0,0,0,0,0,0,0,0,0
C3010,10,03,0000,District - Sheohar *  03,Urban,Age not stated,20,11,9,0,0,0,0,0,0,0,0,0,0,0,0,0,0,0,0,0,0
C3010,10,04,0000,District - Sitamarhi  04,Total,All ages,2682720,1417611,1265109,351213,223730,127483,327934,205667,122267,19957,15774,4183,1160,841,319,1788,1227,561,374,221,153
C3010,10,04,0000,District - Sitamarhi  04,Total,0-4,366890,188475,178415,2658,1495,1163,2658,1495,1163,0,0,0,0,0,0,0,0,0,0,0,0
C3010,10,04,0000,District - Sitamarhi  04,Total,5,94643,50781,43862,5020,2937,2083,5020,2937,2083,0,0,0,0,0,0,0,0,0,0,0,0
C3010,10,04,0000,District - Sitamarhi  04,Total,6,95049,50017,45032,12683,7374,5309,12683,7374,5309,0,0,0,0,0,0,0,0,0,0,0,0
C3010,10,04,0000,District - Sitamarhi  04,Total,7,65767,34663,31104,22998,13498,9500,22998,13498,9500,0,0,0,0,0,0,0,0,0,0,0,0
C3010,10,04,0000,District - Sitamarhi  04,Total,8,112964,60731,52233,45390,27351,18039,45390,27351,18039,0,0,0,0,0,0,0,0,0,0,0,0
C3010,10,04,0000,District - Sitamarhi  04,Total,9,45678,24625,21053,23048,13726,9322,23048,13726,9322,0,0,0,0,0,0,0,0,0,0,0,0
C3010,10,04,0000,District - Sitamarhi  04,Total,10,129279,71598,57681,59805,37409,22396,59805,37409,22396,0,0,0,0,0,0,0,0,0,0,0,0
C3010,10,04,0000,District - Sitamarhi  04,Total,11,31935,17746,14189,17958,11059,6899,17958,11059,6899,0,0,0,0,0,0,0,0,0,0,0,0
C3010,10,04,0000,District - Sitamarhi  04,Total,12,98419,55484,42935,46594,29569,17025,46594,29569,17025,0,0,0,0,0,0,0,0,0,0,0,0
C3010,10,04,0000,District - Sitamarhi  04,Total,13,34699,19096,15603,17796,10934,6862,17796,10934,6862,0,0,0,0,0,0,0,0,0,0,0,0
C3010,10,04,0000,District - Sitamarhi  04,Total,14,49651,27806,21845,21930,13773,8157,21930,13773,8157,0,0,0,0,0,0,0,0,0,0,0,0
C3010,10,04,0000,District - Sitamarhi  04,Total,15-19,213192,125717,87475,55986,39035,16951,47149,32715,14434,7372,5361,2011,258,185,73,1172,752,420,35,22,13
C3010,10,04,0000,District - Sitamarhi  04,Total,20-24,203195,103020,100175,15266,12240,3026,4905,3827,1078,9849,8024,1825,240,185,55,222,172,50,50,32,18
C3010,10,04,0000,District - Sitamarhi  04,Total,25-29,192174,95685,96489,2260,1968,292,0,0,0,1791,1588,203,257,212,45,179,146,33,33,22,11
C3010,10,04,0000,District - Sitamarhi  04,Total,30-34,183557,91582,91975,637,516,121,0,0,0,427,360,67,104,77,27,58,47,11,48,32,16
C3010,10,04,0000,District - Sitamarhi  04,Total,35-59,587541,307745,279796,925,668,257,0,0,0,423,357,66,233,148,85,118,80,38,151,83,68
C3010,10,04,0000,District - Sitamarhi  04,Total,60+,174451,90342,84109,236,160,76,0,0,0,79,72,7,64,30,34,36,28,8,57,30,27
C3010,10,04,0000,District - Sitamarhi  04,Total,Age not stated,3636,2498,1138,23,18,5,0,0,0,16,12,4,4,4,0,3,2,1,0,0,0
C3010,10,04,0000,District - Sitamarhi  04,Rural,All ages,2529407,1335214,1194193,315716,203002,112714,297825,188620,109205,14917,12365,2552,966,682,284,1644,1121,523,364,214,150
C3010,10,04,0000,District - Sitamarhi  04,Rural,0-4,348864,179216,169648,2347,1338,1009,2347,1338,1009,0,0,0,0,0,0,0,0,0,0,0,0
C3010,10,04,0000,District - Sitamarhi  04,Rural,5,90165,48313,41852,4400,2571,1829,4400,2571,1829,0,0,0,0,0,0,0,0,0,0,0,0
C3010,10,04,0000,District - Sitamarhi  04,Rural,6,90500,47615,42885,11514,6739,4775,11514,6739,4775,0,0,0,0,0,0,0,0,0,0,0,0
C3010,10,04,0000,District - Sitamarhi  04,Rural,7,62269,32791,29478,20885,12339,8546,20885,12339,8546,0,0,0,0,0,0,0,0,0,0,0,0
C3010,10,04,0000,District - Sitamarhi  04,Rural,8,107554,57858,49696,41966,25452,16514,41966,25452,16514,0,0,0,0,0,0,0,0,0,0,0,0
C3010,10,04,0000,District - Sitamarhi  04,Rural,9,42930,23160,19770,21005,12587,8418,21005,12587,8418,0,0,0,0,0,0,0,0,0,0,0,0
C3010,10,04,0000,District - Sitamarhi  04,Rural,10,123145,68250,54895,55668,35053,20615,55668,35053,20615,0,0,0,0,0,0,0,0,0,0,0,0
C3010,10,04,0000,District - Sitamarhi  04,Rural,11,29592,16455,13137,16111,10025,6086,16111,10025,6086,0,0,0,0,0,0,0,0,0,0,0,0
C3010,10,04,0000,District - Sitamarhi  04,Rural,12,93103,52566,40537,42929,27514,15415,42929,27514,15415,0,0,0,0,0,0,0,0,0,0,0,0
C3010,10,04,0000,District - Sitamarhi  04,Rural,13,31997,17645,14352,15737,9802,5935,15737,9802,5935,0,0,0,0,0,0,0,0,0,0,0,0
C3010,10,04,0000,District - Sitamarhi  04,Rural,14,46199,25935,20264,19503,12449,7054,19503,12449,7054,0,0,0,0,0,0,0,0,0,0,0,0
C3010,10,04,0000,District - Sitamarhi  04,Rural,15-19,198131,116943,81188,48111,34361,13750,41282,29228,12054,5448,4228,1220,216,153,63,1133,732,401,32,20,12
C3010,10,04,0000,District - Sitamarhi  04,Rural,20-24,189898,95599,94299,12187,10039,2148,4478,3523,955,7282,6196,1086,184,140,44,196,151,45,47,29,18
C3010,10,04,0000,District - Sitamarhi  04,Rural,25-29,180751,89660,91091,1741,1533,208,0,0,0,1395,1257,138,188,152,36,125,102,23,33,22,11
C3010,10,04,0000,District - Sitamarhi  04,Rural,30-34,173252,86251,87001,525,426,99,0,0,0,342,294,48,91,65,26,44,35,9,48,32,16
C3010,10,04,0000,District - Sitamarhi  04,Rural,35-59,552543,289028,263515,851,614,237,0,0,0,370,320,50,221,139,82,111,74,37,149,81,68
C3010,10,04,0000,District - Sitamarhi  04,Rural,60+,164984,85496,79488,214,143,71,0,0,0,65,59,6,62,29,33,32,25,7,55,30,25
C3010,10,04,0000,District - Sitamarhi  04,Rural,Age not stated,3530,2433,1097,22,17,5,0,0,0,15,11,4,4,4,0,3,2,1,0,0,0
C3010,10,04,0000,District - Sitamarhi  04,Urban,All ages,153313,82397,70916,35497,20728,14769,30109,17047,13062,5040,3409,1631,194,159,35,144,106,38,10,7,3
C3010,10,04,0000,District - Sitamarhi  04,Urban,0-4,18026,9259,8767,311,157,154,311,157,154,0,0,0,0,0,0,0,0,0,0,0,0
C3010,10,04,0000,District - Sitamarhi  04,Urban,5,4478,2468,2010,620,366,254,620,366,254,0,0,0,0,0,0,0,0,0,0,0,0
C3010,10,04,0000,District - Sitamarhi  04,Urban,6,4549,2402,2147,1169,635,534,1169,635,534,0,0,0,0,0,0,0,0,0,0,0,0
C3010,10,04,0000,District - Sitamarhi  04,Urban,7,3498,1872,1626,2113,1159,954,2113,1159,954,0,0,0,0,0,0,0,0,0,0,0,0
C3010,10,04,0000,District - Sitamarhi  04,Urban,8,5410,2873,2537,3424,1899,1525,3424,1899,1525,0,0,0,0,0,0,0,0,0,0,0,0
C3010,10,04,0000,District - Sitamarhi  04,Urban,9,2748,1465,1283,2043,1139,904,2043,1139,904,0,0,0,0,0,0,0,0,0,0,0,0
C3010,10,04,0000,District - Sitamarhi  04,Urban,10,6134,3348,2786,4137,2356,1781,4137,2356,1781,0,0,0,0,0,0,0,0,0,0,0,0
C3010,10,04,0000,District - Sitamarhi  04,Urban,11,2343,1291,1052,1847,1034,813,1847,1034,813,0,0,0,0,0,0,0,0,0,0,0,0
C3010,10,04,0000,District - Sitamarhi  04,Urban,12,5316,2918,2398,3665,2055,1610,3665,2055,1610,0,0,0,0,0,0,0,0,0,0,0,0
C3010,10,04,0000,District - Sitamarhi  04,Urban,13,2702,1451,1251,2059,1132,927,2059,1132,927,0,0,0,0,0,0,0,0,0,0,0,0
C3010,10,04,0000,District - Sitamarhi  04,Urban,14,3452,1871,1581,2427,1324,1103,2427,1324,1103,0,0,0,0,0,0,0,0,0,0,0,0
C3010,10,04,0000,District - Sitamarhi  04,Urban,15-19,15061,8774,6287,7875,4674,3201,5867,3487,2380,1924,1133,791,42,32,10,39,20,19,3,2,1
C3010,10,04,0000,District - Sitamarhi  04,Urban,20-24,13297,7421,5876,3079,2201,878,427,304,123,2567,1828,739,56,45,11,26,21,5,3,3,0
C3010,10,04,0000,District - Sitamarhi  04,Urban,25-29,11423,6025,5398,519,435,84,0,0,0,396,331,65,69,60,9,54,44,10,0,0,0
C3010,10,04,0000,District - Sitamarhi  04,Urban,30-34,10305,5331,4974,112,90,22,0,0,0,85,66,19,13,12,1,14,12,2,0,0,0
C3010,10,04,0000,District - Sitamarhi  04,Urban,35-59,34998,18717,16281,74,54,20,0,0,0,53,37,16,12,9,3,7,6,1,2,2,0
C3010,10,04,0000,District - Sitamarhi  04,Urban,60+,9467,4846,4621,22,17,5,0,0,0,14,13,1,2,1,1,4,3,1,2,0,2
C3010,10,04,0000,District - Sitamarhi  04,Urban,Age not stated,106,65,41,1,1,0,0,0,0,1,1,0,0,0,0,0,0,0,0,0,0
C3010,10,05,0000,District - Madhubani  05,Total,All ages,3575281,1840997,1734284,523714,343068,180646,481726,308625,173101,37937,31561,6376,1537,1124,413,2069,1514,555,445,244,201
C3010,10,05,0000,District - Madhubani  05,Total,0-4,476534,244411,232123,4124,2315,1809,4124,2315,1809,0,0,0,0,0,0,0,0,0,0,0,0
C3010,10,05,0000,District - Madhubani  05,Total,5,131585,69148,62437,8958,5364,3594,8958,5364,3594,0,0,0,0,0,0,0,0,0,0,0,0
C3010,10,05,0000,District - Madhubani  05,Total,6,117880,60790,57090,17989,10646,7343,17989,10646,7343,0,0,0,0,0,0,0,0,0,0,0,0
C3010,10,05,0000,District - Madhubani  05,Total,7,93716,49160,44556,35067,21453,13614,35067,21453,13614,0,0,0,0,0,0,0,0,0,0,0,0
C3010,10,05,0000,District - Madhubani  05,Total,8,147019,77006,70013,63441,39037,24404,63441,39037,24404,0,0,0,0,0,0,0,0,0,0,0,0
C3010,10,05,0000,District - Madhubani  05,Total,9,65595,34868,30727,35390,21843,13547,35390,21843,13547,0,0,0,0,0,0,0,0,0,0,0,0
C3010,10,05,0000,District - Madhubani  05,Total,10,164248,87684,76564,79662,50870,28792,79662,50870,28792,0,0,0,0,0,0,0,0,0,0,0,0
C3010,10,05,0000,District - Madhubani  05,Total,11,48627,26253,22374,29075,18264,10811,29075,18264,10811,0,0,0,0,0,0,0,0,0,0,0,0
C3010,10,05,0000,District - Madhubani  05,Total,12,127529,68751,58778,64107,41544,22563,64107,41544,22563,0,0,0,0,0,0,0,0,0,0,0,0
C3010,10,05,0000,District - Madhubani  05,Total,13,53723,28659,25064,29503,18653,10850,29503,18653,10850,0,0,0,0,0,0,0,0,0,0,0,0
C3010,10,05,0000,District - Madhubani  05,Total,14,68554,36934,31620,33394,21658,11736,33394,21658,11736,0,0,0,0,0,0,0,0,0,0,0,0
C3010,10,05,0000,District - Madhubani  05,Total,15-19,291705,160848,130857,88610,63031,25579,73567,51343,22224,13545,10658,2887,283,202,81,1179,810,369,36,18,18
C3010,10,05,0000,District - Madhubani  05,Total,20-24,268176,130437,137739,26226,21429,4797,7449,5635,1814,18157,15328,2829,303,227,76,264,212,52,53,27,26
C3010,10,05,0000,District - Madhubani  05,Total,25-29,257410,123807,133603,4693,4187,506,0,0,0,4077,3687,390,351,298,53,217,176,41,48,26,22
C3010,10,05,0000,District - Madhubani  05,Total,30-34,244821,116848,127973,1294,1054,240,0,0,0,943,806,137,154,112,42,124,98,26,73,38,35
C3010,10,05,0000,District - Madhubani  05,Total,35-59,776406,401799,374607,1788,1410,378,0,0,0,1017,902,115,360,229,131,223,175,48,188,104,84
C3010,10,05,0000,District - Madhubani  05,Total,60+,237441,120761,116680,364,287,77,0,0,0,176,160,16,85,56,29,58,41,17,45,30,15
C3010,10,05,0000,District - Madhubani  05,Total,Age not stated,4312,2833,1479,29,23,6,0,0,0,22,20,2,1,0,1,4,2,2,2,1,1
C3010,10,05,0000,District - Madhubani  05,Rural,All ages,3450736,1775203,1675533,495202,325899,169303,457898,294771,163127,33645,28556,5089,1371,989,382,1862,1347,515,426,236,190
C3010,10,05,0000,District - Madhubani  05,Rural,0-4,462221,237019,225202,3900,2186,1714,3900,2186,1714,0,0,0,0,0,0,0,0,0,0,0,0
C3010,10,05,0000,District - Madhubani  05,Rural,5,127843,67194,60649,8491,5101,3390,8491,5101,3390,0,0,0,0,0,0,0,0,0,0,0,0
C3010,10,05,0000,District - Madhubani  05,Rural,6,114209,58845,55364,17187,10200,6987,17187,10200,6987,0,0,0,0,0,0,0,0,0,0,0,0
C3010,10,05,0000,District - Madhubani  05,Rural,7,90810,47655,43155,33568,20615,12953,33568,20615,12953,0,0,0,0,0,0,0,0,0,0,0,0
C3010,10,05,0000,District - Madhubani  05,Rural,8,142370,74598,67772,60697,37512,23185,60697,37512,23185,0,0,0,0,0,0,0,0,0,0,0,0
C3010,10,05,0000,District - Madhubani  05,Rural,9,63202,33548,29654,33751,20888,12863,33751,20888,12863,0,0,0,0,0,0,0,0,0,0,0,0
C3010,10,05,0000,District - Madhubani  05,Rural,10,158910,84815,74095,76378,48940,27438,76378,48940,27438,0,0,0,0,0,0,0,0,0,0,0,0
C3010,10,05,0000,District - Madhubani  05,Rural,11,46590,25137,21453,27536,17369,10167,27536,17369,10167,0,0,0,0,0,0,0,0,0,0,0,0
C3010,10,05,0000,District - Madhubani  05,Rural,12,122890,66274,56616,61122,39828,21294,61122,39828,21294,0,0,0,0,0,0,0,0,0,0,0,0
C3010,10,05,0000,District - Madhubani  05,Rural,13,51346,27406,23940,27820,17695,10125,27820,17695,10125,0,0,0,0,0,0,0,0,0,0,0,0
C3010,10,05,0000,District - Madhubani  05,Rural,14,65439,35271,30168,31440,20545,10895,31440,20545,10895,0,0,0,0,0,0,0,0,0,0,0,0
C3010,10,05,0000,District - Madhubani  05,Rural,15-19,279106,153701,125405,82184,59055,23129,68852,48480,20372,11990,9672,2318,255,180,75,1052,706,346,35,17,18
C3010,10,05,0000,District - Madhubani  05,Rural,20-24,258172,124903,133269,23647,19560,4087,7156,5412,1744,15948,13739,2209,260,193,67,231,189,42,52,27,25
C3010,10,05,0000,District - Madhubani  05,Rural,25-29,248649,119397,129252,4205,3774,431,0,0,0,3682,3354,328,291,247,44,189,150,39,43,23,20
C3010,10,05,0000,District - Madhubani  05,Rural,30-34,236726,112873,123853,1203,988,215,0,0,0,879,762,117,135,94,41,119,94,25,70,38,32
C3010,10,05,0000,District - Madhubani  05,Rural,35-59,748153,386722,361431,1699,1348,351,0,0,0,962,861,101,347,220,127,211,167,44,179,100,79
C3010,10,05,0000,District - Madhubani  05,Rural,60+,229971,117136,112835,348,275,73,0,0,0,165,151,14,82,55,27,56,39,17,45,30,15
C3010,10,05,0000,District - Madhubani  05,Rural,Age not stated,4129,2709,1420,26,20,6,0,0,0,19,17,2,1,0,1,4,2,2,2,1,1
C3010,10,05,0000,District - Madhubani  05,Urban,All ages,124545,65794,58751,28512,17169,11343,23828,13854,9974,4292,3005,1287,166,135,31,207,167,40,19,8,11
C3010,10,05,0000,District - Madhubani  05,Urban,0-4,14313,7392,6921,224,129,95,224,129,95,0,0,0,0,0,0,0,0,0,0,0,0
C3010,10,05,0000,District - Madhubani  05,Urban,5,3742,1954,1788,467,263,204,467,263,204,0,0,0,0,0,0,0,0,0,0,0,0
C3010,10,05,0000,District - Madhubani  05,Urban,6,3671,1945,1726,802,446,356,802,446,356,0,0,0,0,0,0,0,0,0,0,0,0
C3010,10,05,0000,District - Madhubani  05,Urban,7,2906,1505,1401,1499,838,661,1499,838,661,0,0,0,0,0,0,0,0,0,0,0,0
C3010,10,05,0000,District - Madhubani  05,Urban,8,4649,2408,2241,2744,1525,1219,2744,1525,1219,0,0,0,0,0,0,0,0,0,0,0,0
C3010,10,05,0000,District - Madhubani  05,Urban,9,2393,1320,1073,1639,955,684,1639,955,684,0,0,0,0,0,0,0,0,0,0,0,0
C3010,10,05,0000,District - Madhubani  05,Urban,10,5338,2869,2469,3284,1930,1354,3284,1930,1354,0,0,0,0,0,0,0,0,0,0,0,0
C3010,10,05,0000,District - Madhubani  05,Urban,11,2037,1116,921,1539,895,644,1539,895,644,0,0,0,0,0,0,0,0,0,0,0,0
C3010,10,05,0000,District - Madhubani  05,Urban,12,4639,2477,2162,2985,1716,1269,2985,1716,1269,0,0,0,0,0,0,0,0,0,0,0,0
C3010,10,05,0000,District - Madhubani  05,Urban,13,2377,1253,1124,1683,958,725,1683,958,725,0,0,0,0,0,0,0,0,0,0,0,0
C3010,10,05,0000,District - Madhubani  05,Urban,14,3115,1663,1452,1954,1113,841,1954,1113,841,0,0,0,0,0,0,0,0,0,0,0,0
C3010,10,05,0000,District - Madhubani  05,Urban,15-19,12599,7147,5452,6426,3976,2450,4715,2863,1852,1555,986,569,28,22,6,127,104,23,1,1,0
C3010,10,05,0000,District - Madhubani  05,Urban,20-24,10004,5534,4470,2579,1869,710,293,223,70,2209,1589,620,43,34,9,33,23,10,1,0,1
C3010,10,05,0000,District - Madhubani  05,Urban,25-29,8761,4410,4351,488,413,75,0,0,0,395,333,62,60,51,9,28,26,2,5,3,2
C3010,10,05,0000,District - Madhubani  05,Urban,30-34,8095,3975,4120,91,66,25,0,0,0,64,44,20,19,18,1,5,4,1,3,0,3
C3010,10,05,0000,District - Madhubani  05,Urban,35-59,28253,15077,13176,89,62,27,0,0,0,55,41,14,13,9,4,12,8,4,9,4,5
C3010,10,05,0000,District - Madhubani  05,Urban,60+,7470,3625,3845,16,12,4,0,0,0,11,9,2,3,1,2,2,2,0,0,0,0
C3010,10,05,0000,District - Madhubani  05,Urban,Age not stated,183,124,59,3,3,0,0,0,0,3,3,0,0,0,0,0,0,0,0,0,0
C3010,10,06,0000,District - Supaul *  06,Total,All ages,1732578,902207,830371,202334,140760,61574,187329,129016,58313,11695,9721,1974,603,405,198,1111,809,302,1596,809,787
C3010,10,06,0000,District - Supaul *  06,Total,0-4,239646,123994,115652,1980,1238,742,1980,1238,742,0,0,0,0,0,0,0,0,0,0,0,0
C3010,10,06,0000,District - Supaul *  06,Total,5,65436,34291,31145,3776,2379,1397,3776,2379,1397,0,0,0,0,0,0,0,0,0,0,0,0
C3010,10,06,0000,District - Supaul *  06,Total,6,62220,32478,29742,7673,4977,2696,7673,4977,2696,0,0,0,0,0,0,0,0,0,0,0,0
C3010,10,06,0000,District - Supaul *  06,Total,7,47546,24777,22769,13781,8850,4931,13781,8850,4931,0,0,0,0,0,0,0,0,0,0,0,0
C3010,10,06,0000,District - Supaul *  06,Total,8,76588,40447,36141,26434,17495,8939,26434,17495,8939,0,0,0,0,0,0,0,0,0,0,0,0
C3010,10,06,0000,District - Supaul *  06,Total,9,34968,18232,16736,14530,9550,4980,14530,9550,4980,0,0,0,0,0,0,0,0,0,0,0,0
C3010,10,06,0000,District - Supaul *  06,Total,10,78566,42026,36540,31337,21473,9864,31337,21473,9864,0,0,0,0,0,0,0,0,0,0,0,0
C3010,10,06,0000,District - Supaul *  06,Total,11,23222,12484,10738,10929,7389,3540,10929,7389,3540,0,0,0,0,0,0,0,0,0,0,0,0
C3010,10,06,0000,District - Supaul *  06,Total,12,61537,33530,28007,25007,17713,7294,25007,17713,7294,0,0,0,0,0,0,0,0,0,0,0,0
C3010,10,06,0000,District - Supaul *  06,Total,13,24677,13056,11621,10498,7163,3335,10498,7163,3335,0,0,0,0,0,0,0,0,0,0,0,0
C3010,10,06,0000,District - Supaul *  06,Total,14,31313,16877,14436,11767,8280,3487,11767,8280,3487,0,0,0,0,0,0,0,0,0,0,0,0
C3010,10,06,0000,District - Supaul *  06,Total,15-19,141578,78625,62953,32124,24345,7779,26860,20357,6503,4354,3396,958,122,90,32,657,448,209,131,54,77
C3010,10,06,0000,District - Supaul *  06,Total,20-24,130640,62193,68447,8809,7141,1668,2757,2152,605,5515,4684,831,114,84,30,154,113,41,269,108,161
C3010,10,06,0000,District - Supaul *  06,Total,25-29,128916,62882,66034,1738,1430,308,0,0,0,1238,1111,127,105,86,19,110,97,13,285,136,149
C3010,10,06,0000,District - Supaul *  06,Total,30-34,122617,59918,62699,612,436,176,0,0,0,290,263,27,54,26,28,52,43,9,216,104,112
C3010,10,06,0000,District - Supaul *  06,Total,35-59,357411,191108,166303,1060,710,350,0,0,0,234,211,23,155,91,64,103,88,15,568,320,248
C3010,10,06,0000,District - Supaul *  06,Total,60+,100089,52273,47816,244,166,78,0,0,0,49,41,8,47,27,20,30,16,14,118,82,36
C3010,10,06,0000,District - Supaul *  06,Total,Age not stated,5608,3016,2592,35,25,10,0,0,0,15,15,0,6,1,5,5,4,1,9,5,4
C3010,10,06,0000,District - Supaul *  06,Rural,All ages,1644370,855183,789187,183144,128933,54211,171013,119245,51768,9060,7860,1200,503,318,185,986,708,278,1582,802,780
C3010,10,06,0000,District - Supaul *  06,Rural,0-4,229543,118721,110822,1765,1124,641,1765,1124,641,0,0,0,0,0,0,0,0,0,0,0,0
C3010,10,06,0000,District - Supaul *  06,Rural,5,62694,32851,29843,3401,2177,1224,3401,2177,1224,0,0,0,0,0,0,0,0,0,0,0,0
C3010,10,06,0000,District - Supaul *  06,Rural,6,59652,31113,28539,7093,4637,2456,7093,4637,2456,0,0,0,0,0,0,0,0,0,0,0,0
C3010,10,06,0000,District - Supaul *  06,Rural,7,45495,23686,21809,12740,8230,4510,12740,8230,4510,0,0,0,0,0,0,0,0,0,0,0,0
C3010,10,06,0000,District - Supaul *  06,Rural,8,73197,38616,34581,24502,16356,8146,24502,16356,8146,0,0,0,0,0,0,0,0,0,0,0,0
C3010,10,06,0000,District - Supaul *  06,Rural,9,33252,17259,15993,13408,8841,4567,13408,8841,4567,0,0,0,0,0,0,0,0,0,0,0,0
C3010,10,06,0000,District - Supaul *  06,Rural,10,74950,40122,34828,29228,20243,8985,29228,20243,8985,0,0,0,0,0,0,0,0,0,0,0,0
C3010,10,06,0000,District - Supaul *  06,Rural,11,21744,11688,10056,9854,6768,3086,9854,6768,3086,0,0,0,0,0,0,0,0,0,0,0,0
C3010,10,06,0000,District - Supaul *  06,Rural,12,58298,31739,26559,23050,16523,6527,23050,16523,6527,0,0,0,0,0,0,0,0,0,0,0,0
C3010,10,06,0000,District - Supaul *  06,Rural,13,22951,12158,10793,9337,6507,2830,9337,6507,2830,0,0,0,0,0,0,0,0,0,0,0,0
C3010,10,06,0000,District - Supaul *  06,Rural,14,29215,15738,13477,10448,7507,2941,10448,7507,2941,0,0,0,0,0,0,0,0,0,0,0,0
C3010,10,06,0000,District - Supaul *  06,Rural,15-19,132566,73563,59003,27772,21579,6193,23658,18340,5318,3290,2713,577,86,57,29,607,415,192,131,54,77
C3010,10,06,0000,District - Supaul *  06,Rural,20-24,123356,58335,65021,7266,6000,1266,2529,1992,537,4255,3752,503,86,58,28,130,92,38,266,106,160
C3010,10,06,0000,District - Supaul *  06,Rural,25-29,122682,59696,62986,1452,1196,256,0,0,0,1002,925,77,86,67,19,80,69,11,284,135,149
C3010,10,06,0000,District - Supaul *  06,Rural,30-34,116852,57010,59842,551,384,167,0,0,0,249,227,22,48,23,25,41,32,9,213,102,111
C3010,10,06,0000,District - Supaul *  06,Rural,35-59,337422,180191,157231,1014,681,333,0,0,0,212,196,16,146,86,60,94,81,13,562,318,244
C3010,10,06,0000,District - Supaul *  06,Rural,60+,95259,49886,45373,235,162,73,0,0,0,43,38,5,45,26,19,30,16,14,117,82,35
C3010,10,06,0000,District - Supaul *  06,Rural,Age not stated,5242,2811,2431,28,18,10,0,0,0,9,9,0,6,1,5,4,3,1,9,5,4
C3010,10,06,0000,District - Supaul *  06,Urban,All ages,88208,47024,41184,19190,11827,7363,16316,9771,6545,2635,1861,774,100,87,13,125,101,24,14,7,7
C3010,10,06,0000,District - Supaul *  06,Urban,0-4,10103,5273,4830,215,114,101,215,114,101,0,0,0,0,0,0,0,0,0,0,0,0
C3010,10,06,0000,District - Supaul *  06,Urban,5,2742,1440,1302,375,202,173,375,202,173,0,0,0,0,0,0,0,0,0,0,0,0
C3010,10,06,0000,District - Supaul *  06,Urban,6,2568,1365,1203,580,340,240,580,340,240,0,0,0,0,0,0,0,0,0,0,0,0
C3010,10,06,0000,District - Supaul *  06,Urban,7,2051,1091,960,1041,620,421,1041,620,421,0,0,0,0,0,0,0,0,0,0,0,0
C3010,10,06,0000,District - Supaul *  06,Urban,8,3391,1831,1560,1932,1139,793,1932,1139,793,0,0,0,0,0,0,0,0,0,0,0,0
C3010,10,06,0000,District - Supaul *  06,Urban,9,1716,973,743,1122,709,413,1122,709,413,0,0,0,0,0,0,0,0,0,0,0,0
C3010,10,06,0000,District - Supaul *  06,Urban,10,3616,1904,1712,2109,1230,879,2109,1230,879,0,0,0,0,0,0,0,0,0,0,0,0
C3010,10,06,0000,District - Supaul *  06,Urban,11,1478,796,682,1075,621,454,1075,621,454,0,0,0,0,0,0,0,0,0,0,0,0
C3010,10,06,0000,District - Supaul *  06,Urban,12,3239,1791,1448,1957,1190,767,1957,1190,767,0,0,0,0,0,0,0,0,0,0,0,0
C3010,10,06,0000,District - Supaul *  06,Urban,13,1726,898,828,1161,656,505,1161,656,505,0,0,0,0,0,0,0,0,0,0,0,0
C3010,10,06,0000,District - Supaul *  06,Urban,14,2098,1139,959,1319,773,546,1319,773,546,0,0,0,0,0,0,0,0,0,0,0,0
C3010,10,06,0000,District - Supaul *  06,Urban,15-19,9012,5062,3950,4352,2766,1586,3202,2017,1185,1064,683,381,36,33,3,50,33,17,0,0,0
C3010,10,06,0000,District - Supaul *  06,Urban,20-24,7284,3858,3426,1543,1141,402,228,160,68,1260,932,328,28,26,2,24,21,3,3,2,1
C3010,10,06,0000,District - Supaul *  06,Urban,25-29,6234,3186,3048,286,234,52,0,0,0,236,186,50,19,19,0,30,28,2,1,1,0
C3010,10,06,0000,District - Supaul *  06,Urban,30-34,5765,2908,2857,61,52,9,0,0,0,41,36,5,6,3,3,11,11,0,3,2,1
C3010,10,06,0000,District - Supaul *  06,Urban,35-59,19989,10917,9072,46,29,17,0,0,0,22,15,7,9,5,4,9,7,2,6,2,4
C3010,10,06,0000,District - Supaul *  06,Urban,60+,4830,2387,2443,9,4,5,0,0,0,6,3,3,2,1,1,0,0,0,1,0,1
C3010,10,06,0000,District - Supaul *  06,Urban,Age not stated,366,205,161,7,7,0,0,0,0,6,6,0,0,0,0,1,1,0,0,0,0
C3010,10,07,0000,District - Araria  07,Total,All ages,2158608,1128105,1030503,240394,155048,85346,221059,140462,80597,10878,9039,1839,1121,697,424,3988,2975,1013,3348,1875,1473
C3010,10,07,0000,District - Araria  07,Total,0-4,312331,158203,154128,3171,1791,1380,3171,1791,1380,0,0,0,0,0,0,0,0,0,0,0,0
C3010,10,07,0000,District - Araria  07,Total,5,79421,40965,38456,4955,2913,2042,4955,2913,2042,0,0,0,0,0,0,0,0,0,0,0,0
C3010,10,07,0000,District - Araria  07,Total,6,82429,42396,40033,9813,5757,4056,9813,5757,4056,0,0,0,0,0,0,0,0,0,0,0,0
C3010,10,07,0000,District - Araria  07,Total,7,56858,28985,27873,15920,9231,6689,15920,9231,6689,0,0,0,0,0,0,0,0,0,0,0,0
C3010,10,07,0000,District - Araria  07,Total,8,98428,51721,46707,31281,18929,12352,31281,18929,12352,0,0,0,0,0,0,0,0,0,0,0,0
C3010,10,07,0000,District - Araria  07,Total,9,41484,21659,19825,16169,9755,6414,16169,9755,6414,0,0,0,0,0,0,0,0,0,0,0,0
C3010,10,07,0000,District - Araria  07,Total,10,101431,54349,47082,37257,23349,13908,37257,23349,13908,0,0,0,0,0,0,0,0,0,0,0,0
C3010,10,07,0000,District - Araria  07,Total,11,29466,15621,13845,12732,7791,4941,12732,7791,4941,0,0,0,0,0,0,0,0,0,0,0,0
C3010,10,07,0000,District - Araria  07,Total,12,79014,42993,36021,29782,19282,10500,29782,19282,10500,0,0,0,0,0,0,0,0,0,0,0,0
C3010,10,07,0000,District - Araria  07,Total,13,31505,16658,14847,12506,7902,4604,12506,7902,4604,0,0,0,0,0,0,0,0,0,0,0,0
C3010,10,07,0000,District - Araria  07,Total,14,40357,21968,18389,13843,9047,4796,13843,9047,4796,0,0,0,0,0,0,0,0,0,0,0,0
C3010,10,07,0000,District - Araria  07,Total,15-19,175857,101946,73911,37053,27026,10027,29930,21798,8132,3864,2910,954,267,194,73,2680,1937,743,312,187,125
C3010,10,07,0000,District - Araria  07,Total,20-24,155309,76370,78939,10279,8341,1938,3700,2917,783,5330,4599,731,150,86,64,495,422,73,604,317,287
C3010,10,07,0000,District - Araria  07,Total,25-29,157184,76851,80333,2142,1655,487,0,0,0,1092,1007,85,172,114,58,277,232,45,601,302,299
C3010,10,07,0000,District - Araria  07,Total,30-34,148364,72103,76261,1025,668,357,0,0,0,245,221,24,115,65,50,133,98,35,532,284,248
C3010,10,07,0000,District - Araria  07,Total,35-59,443817,237078,206739,1997,1278,719,0,0,0,287,254,33,316,179,137,273,192,81,1121,653,468
C3010,10,07,0000,District - Araria  07,Total,60+,116295,62832,53463,385,279,106,0,0,0,39,31,8,81,49,32,99,78,21,166,121,45
C3010,10,07,0000,District - Araria  07,Total,Age not stated,9058,5407,3651,84,54,30,0,0,0,21,17,4,20,10,10,31,16,15,12,11,1
C3010,10,07,0000,District - Araria  07,Rural,All ages,2026257,1057202,969055,212837,138945,73892,197136,126918,70218,7490,6654,836,1033,632,401,3851,2876,975,3327,1865,1462
C3010,10,07,0000,District - Araria  07,Rural,0-4,295998,149824,146174,2897,1649,1248,2897,1649,1248,0,0,0,0,0,0,0,0,0,0,0,0
C3010,10,07,0000,District - Araria  07,Rural,5,75292,38824,36468,4489,2656,1833,4489,2656,1833,0,0,0,0,0,0,0,0,0,0,0,0
C3010,10,07,0000,District - Araria  07,Rural,6,78372,40299,38073,8893,5257,3636,8893,5257,3636,0,0,0,0,0,0,0,0,0,0,0,0
C3010,10,07,0000,District - Araria  07,Rural,7,53615,27359,26256,14262,8381,5881,14262,8381,5881,0,0,0,0,0,0,0,0,0,0,0,0
C3010,10,07,0000,District - Araria  07,Rural,8,93441,49120,44321,28594,17453,11141,28594,17453,11141,0,0,0,0,0,0,0,0,0,0,0,0
C3010,10,07,0000,District - Araria  07,Rural,9,38852,20261,18591,14505,8820,5685,14505,8820,5685,0,0,0,0,0,0,0,0,0,0,0,0
C3010,10,07,0000,District - Araria  07,Rural,10,96207,51545,44662,34192,21627,12565,34192,21627,12565,0,0,0,0,0,0,0,0,0,0,0,0
C3010,10,07,0000,District - Araria  07,Rural,11,27280,14483,12797,11243,6994,4249,11243,6994,4249,0,0,0,0,0,0,0,0,0,0,0,0
C3010,10,07,0000,District - Araria  07,Rural,12,74362,40422,33940,26897,17595,9302,26897,17595,9302,0,0,0,0,0,0,0,0,0,0,0,0
C3010,10,07,0000,District - Araria  07,Rural,13,28993,15356,13637,10803,6986,3817,10803,6986,3817,0,0,0,0,0,0,0,0,0,0,0,0
C3010,10,07,0000,District - Araria  07,Rural,14,37156,20295,16861,11849,7960,3889,11849,7960,3889,0,0,0,0,0,0,0,0,0,0,0,0
C3010,10,07,0000,District - Araria  07,Rural,15-19,163245,94687,68558,30925,23294,7631,25221,18930,6291,2538,2110,428,238,170,68,2617,1897,720,311,187,124
C3010,10,07,0000,District - Araria  07,Rural,20-24,144835,70658,74177,8120,6715,1405,3291,2610,681,3622,3310,312,132,74,58,474,404,70,601,317,284
C3010,10,07,0000,District - Araria  07,Rural,25-29,147446,71776,75670,1841,1398,443,0,0,0,842,788,54,156,103,53,244,205,39,599,302,297
C3010,10,07,0000,District - Araria  07,Rural,30-34,139203,67433,71770,958,619,339,0,0,0,202,187,15,106,59,47,122,91,31,528,282,246
C3010,10,07,0000,District - Araria  07,Rural,35-59,414595,220884,193711,1929,1229,700,0,0,0,243,223,20,306,170,136,266,187,79,1114,649,465
C3010,10,07,0000,District - Araria  07,Rural,60+,108995,58981,50014,367,266,101,0,0,0,28,24,4,77,46,31,97,76,21,165,120,45
C3010,10,07,0000,District - Araria  07,Rural,Age not stated,8370,4995,3375,73,46,27,0,0,0,15,12,3,18,10,8,31,16,15,9,8,1
C3010,10,07,0000,District - Araria  07,Urban,All ages,132351,70903,61448,27557,16103,11454,23923,13544,10379,3388,2385,1003,88,65,23,137,99,38,21,10,11
C3010,10,07,0000,District - Araria  07,Urban,0-4,16333,8379,7954,274,142,132,274,142,132,0,0,0,0,0,0,0,0,0,0,0,0
C3010,10,07,0000,District - Araria  07,Urban,5,4129,2141,1988,466,257,209,466,257,209,0,0,0,0,0,0,0,0,0,0,0,0
C3010,10,07,0000,District - Araria  07,Urban,6,4057,2097,1960,920,500,420,920,500,420,0,0,0,0,0,0,0,0,0,0,0,0
C3010,10,07,0000,District - Araria  07,Urban,7,3243,1626,1617,1658,850,808,1658,850,808,0,0,0,0,0,0,0,0,0,0,0,0
C3010,10,07,0000,District - Araria  07,Urban,8,4987,2601,2386,2687,1476,1211,2687,1476,1211,0,0,0,0,0,0,0,0,0,0,0,0
C3010,10,07,0000,District - Araria  07,Urban,9,2632,1398,1234,1664,935,729,1664,935,729,0,0,0,0,0,0,0,0,0,0,0,0
C3010,10,07,0000,District - Araria  07,Urban,10,5224,2804,2420,3065,1722,1343,3065,1722,1343,0,0,0,0,0,0,0,0,0,0,0,0
C3010,10,07,0000,District - Araria  07,Urban,11,2186,1138,1048,1489,797,692,1489,797,692,0,0,0,0,0,0,0,0,0,0,0,0
C3010,10,07,0000,District - Araria  07,Urban,12,4652,2571,2081,2885,1687,1198,2885,1687,1198,0,0,0,0,0,0,0,0,0,0,0,0
C3010,10,07,0000,District - Araria  07,Urban,13,2512,1302,1210,1703,916,787,1703,916,787,0,0,0,0,0,0,0,0,0,0,0,0
C3010,10,07,0000,District - Araria  07,Urban,14,3201,1673,1528,1994,1087,907,1994,1087,907,0,0,0,0,0,0,0,0,0,0,0,0
C3010,10,07,0000,District - Araria  07,Urban,15-19,12612,7259,5353,6128,3732,2396,4709,2868,1841,1326,800,526,29,24,5,63,40,23,1,0,1
C3010,10,07,0000,District - Araria  07,Urban,20-24,10474,5712,4762,2159,1626,533,409,307,102,1708,1289,419,18,12,6,21,18,3,3,0,3
C3010,10,07,0000,District - Araria  07,Urban,25-29,9738,5075,4663,301,257,44,0,0,0,250,219,31,16,11,5,33,27,6,2,0,2
C3010,10,07,0000,District - Araria  07,Urban,30-34,9161,4670,4491,67,49,18,0,0,0,43,34,9,9,6,3,11,7,4,4,2,2
C3010,10,07,0000,District - Araria  07,Urban,35-59,29222,16194,13028,68,49,19,0,0,0,44,31,13,10,9,1,7,5,2,7,4,3
C3010,10,07,0000,District - Araria  07,Urban,60+,7300,3851,3449,18,13,5,0,0,0,11,7,4,4,3,1,2,2,0,1,1,0
C3010,10,07,0000,District - Araria  07,Urban,Age not stated,688,412,276,11,8,3,0,0,0,6,5,1,2,0,2,0,0,0,3,3,0
C3010,10,08,0000,District - Kishanganj  08,Total,All ages,1296348,669552,626796,125343,79349,45994,117363,73356,44007,5037,3955,1082,458,318,140,2285,1618,667,200,102,98
C3010,10,08,0000,District - Kishanganj  08,Total,0-4,193354,99457,93897,1249,741,508,1249,741,508,0,0,0,0,0,0,0,0,0,0,0,0
C3010,10,08,0000,District - Kishanganj  08,Total,5,43259,22280,20979,2208,1313,895,2208,1313,895,0,0,0,0,0,0,0,0,0,0,0,0
C3010,10,08,0000,District - Kishanganj  08,Total,6,51324,26162,25162,5578,3292,2286,5578,3292,2286,0,0,0,0,0,0,0,0,0,0,0,0
C3010,10,08,0000,District - Kishanganj  08,Total,7,31508,15605,15903,8890,5124,3766,8890,5124,3766,0,0,0,0,0,0,0,0,0,0,0,0
C3010,10,08,0000,District - Kishanganj  08,Total,8,59146,30101,29045,18431,11010,7421,18431,11010,7421,0,0,0,0,0,0,0,0,0,0,0,0
C3010,10,08,0000,District - Kishanganj  08,Total,9,23908,12132,11776,9373,5611,3762,9373,5611,3762,0,0,0,0,0,0,0,0,0,0,0,0
C3010,10,08,0000,District - Kishanganj  08,Total,10,57922,29953,27969,20175,12468,7707,20175,12468,7707,0,0,0,0,0,0,0,0,0,0,0,0
C3010,10,08,0000,District - Kishanganj  08,Total,11,17169,8853,8316,7029,4324,2705,7029,4324,2705,0,0,0,0,0,0,0,0,0,0,0,0
C3010,10,08,0000,District - Kishanganj  08,Total,12,48591,24961,23630,15971,10186,5785,15971,10186,5785,0,0,0,0,0,0,0,0,0,0,0,0
C3010,10,08,0000,District - Kishanganj  08,Total,13,19456,9699,9757,6412,4008,2404,6412,4008,2404,0,0,0,0,0,0,0,0,0,0,0,0
C3010,10,08,0000,District - Kishanganj  08,Total,14,29958,15189,14769,7593,4982,2611,7593,4982,2611,0,0,0,0,0,0,0,0,0,0,0,0
C3010,10,08,0000,District - Kishanganj  08,Total,15-19,116283,63068,53215,16655,11657,4998,12972,9081,3891,1930,1386,544,131,98,33,1601,1081,520,21,11,10
C3010,10,08,0000,District - Kishanganj  08,Total,20-24,91608,48830,42778,4410,3571,839,1482,1216,266,2510,2027,483,83,58,25,302,254,48,33,16,17
C3010,10,08,0000,District - Kishanganj  08,Total,25-29,91352,44770,46582,660,561,99,0,0,0,448,407,41,66,50,16,115,91,24,31,13,18
C3010,10,08,0000,District - Kishanganj  08,Total,30-34,86009,41630,44379,178,128,50,0,0,0,59,57,2,39,24,15,57,35,22,23,12,11
C3010,10,08,0000,District - Kishanganj  08,Total,35-59,269104,141920,127184,366,267,99,0,0,0,58,55,3,107,73,34,128,98,30,73,41,32
C3010,10,08,0000,District - Kishanganj  08,Total,60+,63000,32487,30513,132,88,44,0,0,0,27,21,6,29,14,15,60,46,14,16,7,9
C3010,10,08,0000,District - Kishanganj  08,Total,Age not stated,3397,2455,942,33,18,15,0,0,0,5,2,3,3,1,2,22,13,9,3,2,1
C3010,10,08,0000,District - Kishanganj  08,Rural,All ages,1167340,600300,567040,99080,63408,35672,94258,59605,34653,2304,2116,188,346,217,129,1996,1379,617,176,91,85
C3010,10,08,0000,District - Kishanganj  08,Rural,0-4,177186,91191,85995,1017,612,405,1017,612,405,0,0,0,0,0,0,0,0,0,0,0,0
C3010,10,08,0000,District - Kishanganj  08,Rural,5,39422,20249,19173,1729,1039,690,1729,1039,690,0,0,0,0,0,0,0,0,0,0,0,0
C3010,10,08,0000,District - Kishanganj  08,Rural,6,47236,24087,23149,4593,2745,1848,4593,2745,1848,0,0,0,0,0,0,0,0,0,0,0,0
C3010,10,08,0000,District - Kishanganj  08,Rural,7,28315,13922,14393,7089,4107,2982,7089,4107,2982,0,0,0,0,0,0,0,0,0,0,0,0
C3010,10,08,0000,District - Kishanganj  08,Rural,8,54184,27410,26774,15551,9337,6214,15551,9337,6214,0,0,0,0,0,0,0,0,0,0,0,0
C3010,10,08,0000,District - Kishanganj  08,Rural,9,21235,10695,10540,7522,4526,2996,7522,4526,2996,0,0,0,0,0,0,0,0,0,0,0,0
C3010,10,08,0000,District - Kishanganj  08,Rural,10,52831,27121,25710,17085,10608,6477,17085,10608,6477,0,0,0,0,0,0,0,0,0,0,0,0
C3010,10,08,0000,District - Kishanganj  08,Rural,11,14824,7521,7303,5353,3307,2046,5353,3307,2046,0,0,0,0,0,0,0,0,0,0,0,0
C3010,10,08,0000,District - Kishanganj  08,Rural,12,44168,22576,21592,13314,8587,4727,13314,8587,4727,0,0,0,0,0,0,0,0,0,0,0,0
C3010,10,08,0000,District - Kishanganj  08,Rural,13,16929,8288,8641,4750,2984,1766,4750,2984,1766,0,0,0,0,0,0,0,0,0,0,0,0
C3010,10,08,0000,District - Kishanganj  08,Rural,14,26712,13377,13335,5754,3861,1893,5754,3861,1893,0,0,0,0,0,0,0,0,0,0,0,0
C3010,10,08,0000,District - Kishanganj  08,Rural,15-19,103875,56063,47812,11545,8512,3033,9240,6839,2401,833,723,110,85,56,29,1369,886,483,18,8,10
C3010,10,08,0000,District - Kishanganj  08,Rural,20-24,81326,43167,38159,2766,2409,357,1261,1053,208,1150,1082,68,55,31,24,275,231,44,25,12,13
C3010,10,08,0000,District - Kishanganj  08,Rural,25-29,81749,39856,41893,393,338,55,0,0,0,221,216,5,43,30,13,103,82,21,26,10,16
C3010,10,08,0000,District - Kishanganj  08,Rural,30-34,77244,37242,40002,147,102,45,0,0,0,41,39,2,36,21,15,51,31,20,19,11,8
C3010,10,08,0000,District - Kishanganj  08,Rural,35-59,240467,126094,114373,331,245,86,0,0,0,44,44,0,97,65,32,121,95,26,69,41,28
C3010,10,08,0000,District - Kishanganj  08,Rural,60+,56435,29121,27314,111,72,39,0,0,0,11,10,1,28,13,15,56,42,14,16,7,9
C3010,10,08,0000,District - Kishanganj  08,Rural,Age not stated,3202,2320,882,30,17,13,0,0,0,4,2,2,2,1,1,21,12,9,3,2,1
C3010,10,08,0000,District - Kishanganj  08,Urban,All ages,129008,69252,59756,26263,15941,10322,23105,13751,9354,2733,1839,894,112,101,11,289,239,50,24,11,13
C3010,10,08,0000,District - Kishanganj  08,Urban,0-4,16168,8266,7902,232,129,103,232,129,103,0,0,0,0,0,0,0,0,0,0,0,0
C3010,10,08,0000,District - Kishanganj  08,Urban,5,3837,2031,1806,479,274,205,479,274,205,0,0,0,0,0,0,0,0,0,0,0,0
C3010,10,08,0000,District - Kishanganj  08,Urban,6,4088,2075,2013,985,547,438,985,547,438,0,0,0,0,0,0,0,0,0,0,0,0
C3010,10,08,0000,District - Kishanganj  08,Urban,7,3193,1683,1510,1801,1017,784,1801,1017,784,0,0,0,0,0,0,0,0,0,0,0,0
C3010,10,08,0000,District - Kishanganj  08,Urban,8,4962,2691,2271,2880,1673,1207,2880,1673,1207,0,0,0,0,0,0,0,0,0,0,0,0
C3010,10,08,0000,District - Kishanganj  08,Urban,9,2673,1437,1236,1851,1085,766,1851,1085,766,0,0,0,0,0,0,0,0,0,0,0,0
C3010,10,08,0000,District - Kishanganj  08,Urban,10,5091,2832,2259,3090,1860,1230,3090,1860,1230,0,0,0,0,0,0,0,0,0,0,0,0
C3010,10,08,0000,District - Kishanganj  08,Urban,11,2345,1332,1013,1676,1017,659,1676,1017,659,0,0,0,0,0,0,0,0,0,0,0,0
C3010,10,08,0000,District - Kishanganj  08,Urban,12,4423,2385,2038,2657,1599,1058,2657,1599,1058,0,0,0,0,0,0,0,0,0,0,0,0
C3010,10,08,0000,District - Kishanganj  08,Urban,13,2527,1411,1116,1662,1024,638,1662,1024,638,0,0,0,0,0,0,0,0,0,0,0,0
C3010,10,08,0000,District - Kishanganj  08,Urban,14,3246,1812,1434,1839,1121,718,1839,1121,718,0,0,0,0,0,0,0,0,0,0,0,0
C3010,10,08,0000,District - Kishanganj  08,Urban,15-19,12408,7005,5403,5110,3145,1965,3732,2242,1490,1097,663,434,46,42,4,232,195,37,3,3,0
C3010,10,08,0000,District - Kishanganj  08,Urban,20-24,10282,5663,4619,1644,1162,482,221,163,58,1360,945,415,28,27,1,27,23,4,8,4,4
C3010,10,08,0000,District - Kishanganj  08,Urban,25-29,9603,4914,4689,267,223,44,0,0,0,227,191,36,23,20,3,12,9,3,5,3,2
C3010,10,08,0000,District - Kishanganj  08,Urban,30-34,8765,4388,4377,31,26,5,0,0,0,18,18,0,3,3,0,6,4,2,4,1,3
C3010,10,08,0000,District - Kishanganj  08,Urban,35-59,28637,15826,12811,35,22,13,0,0,0,14,11,3,10,8,2,7,3,4,4,0,4
C3010,10,08,0000,District - Kishanganj  08,Urban,60+,6565,3366,3199,21,16,5,0,0,0,16,11,5,1,1,0,4,4,0,0,0,0
C3010,10,08,0000,District - Kishanganj  08,Urban,Age not stated,195,135,60,3,1,2,0,0,0,1,0,1,1,0,1,1,1,0,0,0,0
C3010,10,09,0000,District - Purnia  09,Total,All ages,2543942,1328417,1215525,304705,195480,109225,277871,174699,103172,21906,17073,4833,865,648,217,3692,2833,859,371,227,144
C3010,10,09,0000,District - Purnia  09,Total,0-4,361499,182600,178899,2921,1609,1312,2921,1609,1312,0,0,0,0,0,0,0,0,0,0,0,0
C3010,10,09,0000,District - Purnia  09,Total,5,89659,46172,43487,5820,3346,2474,5820,3346,2474,0,0,0,0,0,0,0,0,0,0,0,0
C3010,10,09,0000,District - Purnia  09,Total,6,98532,50677,47855,13131,7564,5567,13131,7564,5567,0,0,0,0,0,0,0,0,0,0,0,0
C3010,10,09,0000,District - Purnia  09,Total,7,63580,32729,30851,20127,11733,8394,20127,11733,8394,0,0,0,0,0,0,0,0,0,0,0,0
C3010,10,09,0000,District - Purnia  09,Total,8,116609,61179,55430,39308,23707,15601,39308,23707,15601,0,0,0,0,0,0,0,0,0,0,0,0
C3010,10,09,0000,District - Purnia  09,Total,9,49491,25850,23641,20781,12362,8419,20781,12362,8419,0,0,0,0,0,0,0,0,0,0,0,0
C3010,10,09,0000,District - Purnia  09,Total,10,117044,62973,54071,44996,28319,16677,44996,28319,16677,0,0,0,0,0,0,0,0,0,0,0,0
C3010,10,09,0000,District - Purnia  09,Total,11,35235,18644,16591,16404,9962,6442,16404,9962,6442,0,0,0,0,0,0,0,0,0,0,0,0
C3010,10,09,0000,District - Purnia  09,Total,12,94624,51297,43327,36978,23768,13210,36978,23768,13210,0,0,0,0,0,0,0,0,0,0,0,0
C3010,10,09,0000,District - Purnia  09,Total,13,38354,20319,18035,15841,9935,5906,15841,9935,5906,0,0,0,0,0,0,0,0,0,0,0,0
C3010,10,09,0000,District - Purnia  09,Total,14,51429,27643,23786,18407,11911,6496,18407,11911,6496,0,0,0,0,0,0,0,0,0,0,0,0
C3010,10,09,0000,District - Purnia  09,Total,15-19,211852,121022,90830,49427,34839,14588,39031,27311,11720,7849,5658,2191,158,116,42,2362,1733,629,27,21,6
C3010,10,09,0000,District - Purnia  09,Total,20-24,183787,92521,91266,15655,12388,3267,4126,3172,954,10780,8581,2199,144,114,30,559,492,67,46,29,17
C3010,10,09,0000,District - Purnia  09,Total,25-29,181021,88892,92129,2799,2427,372,0,0,0,2276,1993,283,156,129,27,315,273,42,52,32,20
C3010,10,09,0000,District - Purnia  09,Total,30-34,174550,85054,89496,762,607,155,0,0,0,475,399,76,113,83,30,118,94,24,56,31,25
C3010,10,09,0000,District - Purnia  09,Total,35-59,535589,285133,250456,1083,807,276,0,0,0,443,371,72,229,166,63,251,178,73,160,92,68
C3010,10,09,0000,District - Purnia  09,Total,60+,138281,74017,64264,242,180,62,0,0,0,71,61,10,63,40,23,80,57,23,28,22,6
C3010,10,09,0000,District - Purnia  09,Total,Age not stated,2806,1695,1111,23,16,7,0,0,0,12,10,2,2,0,2,7,6,1,2,0,2
C3010,10,09,0000,District - Purnia  09,Rural,All ages,2321544,1208292,1113252,246376,160919,85457,230247,147761,82486,11855,10010,1845,640,454,186,3298,2492,806,336,202,134
C3010,10,09,0000,District - Purnia  09,Rural,0-4,336725,169873,166852,2341,1308,1033,2341,1308,1033,0,0,0,0,0,0,0,0,0,0,0,0
C3010,10,09,0000,District - Purnia  09,Rural,5,83689,42989,40700,4683,2726,1957,4683,2726,1957,0,0,0,0,0,0,0,0,0,0,0,0
C3010,10,09,0000,District - Purnia  09,Rural,6,92303,47528,44775,11088,6488,4600,11088,6488,4600,0,0,0,0,0,0,0,0,0,0,0,0
C3010,10,09,0000,District - Purnia  09,Rural,7,58340,30004,28336,16635,9805,6830,16635,9805,6830,0,0,0,0,0,0,0,0,0,0,0,0
C3010,10,09,0000,District - Purnia  09,Rural,8,108602,56864,51738,34093,20739,13354,34093,20739,13354,0,0,0,0,0,0,0,0,0,0,0,0
C3010,10,09,0000,District - Purnia  09,Rural,9,45434,23700,21734,17710,10698,7012,17710,10698,7012,0,0,0,0,0,0,0,0,0,0,0,0
C3010,10,09,0000,District - Purnia  09,Rural,10,108363,58302,50061,39051,24991,14060,39051,24991,14060,0,0,0,0,0,0,0,0,0,0,0,0
C3010,10,09,0000,District - Purnia  09,Rural,11,31588,16717,14871,13450,8378,5072,13450,8378,5072,0,0,0,0,0,0,0,0,0,0,0,0
C3010,10,09,0000,District - Purnia  09,Rural,12,86897,47082,39815,31546,20699,10847,31546,20699,10847,0,0,0,0,0,0,0,0,0,0,0,0
C3010,10,09,0000,District - Purnia  09,Rural,13,33913,17841,16072,12407,7978,4429,12407,7978,4429,0,0,0,0,0,0,0,0,0,0,0,0
C3010,10,09,0000,District - Purnia  09,Rural,14,45771,24509,21262,14337,9600,4737,14337,9600,4737,0,0,0,0,0,0,0,0,0,0,0,0
C3010,10,09,0000,District - Purnia  09,Rural,15-19,188947,107695,81252,35839,26510,9329,29386,21569,7817,4084,3212,872,126,92,34,2220,1620,600,23,17,6
C3010,10,09,0000,District - Purnia  09,Rural,20-24,164480,81848,82632,9854,8245,1609,3520,2782,738,5729,4956,773,93,70,23,472,412,60,40,25,15
C3010,10,09,0000,District - Purnia  09,Rural,25-29,164001,80029,83972,1720,1518,202,0,0,0,1382,1253,129,99,80,19,199,163,36,40,22,18
C3010,10,09,0000,District - Purnia  09,Rural,30-34,158784,76984,81800,537,431,106,0,0,0,309,278,31,82,52,30,95,73,22,51,28,23
C3010,10,09,0000,District - Purnia  09,Rural,35-59,485000,257179,227821,868,645,223,0,0,0,300,265,35,184,126,58,231,165,66,153,89,64
C3010,10,09,0000,District - Purnia  09,Rural,60+,126086,67564,58522,204,150,54,0,0,0,47,42,5,56,34,22,74,53,21,27,21,6
C3010,10,09,0000,District - Purnia  09,Rural,Age not stated,2621,1584,1037,13,10,3,0,0,0,4,4,0,0,0,0,7,6,1,2,0,2
C3010,10,09,0000,District - Purnia  09,Urban,All ages,222398,120125,102273,58329,34561,23768,47624,26938,20686,10051,7063,2988,225,194,31,394,341,53,35,25,10
C3010,10,09,0000,District - Purnia  09,Urban,0-4,24774,12727,12047,580,301,279,580,301,279,0,0,0,0,0,0,0,0,0,0,0,0
C3010,10,09,0000,District - Purnia  09,Urban,5,5970,3183,2787,1137,620,517,1137,620,517,0,0,0,0,0,0,0,0,0,0,0,0
C3010,10,09,0000,District - Purnia  09,Urban,6,6229,3149,3080,2043,1076,967,2043,1076,967,0,0,0,0,0,0,0,0,0,0,0,0
C3010,10,09,0000,District - Purnia  09,Urban,7,5240,2725,2515,3492,1928,1564,3492,1928,1564,0,0,0,0,0,0,0,0,0,0,0,0
C3010,10,09,0000,District - Purnia  09,Urban,8,8007,4315,3692,5215,2968,2247,5215,2968,2247,0,0,0,0,0,0,0,0,0,0,0,0
C3010,10,09,0000,District - Purnia  09,Urban,9,4057,2150,1907,3071,1664,1407,3071,1664,1407,0,0,0,0,0,0,0,0,0,0,0,0
C3010,10,09,0000,District - Purnia  09,Urban,10,8681,4671,4010,5945,3328,2617,5945,3328,2617,0,0,0,0,0,0,0,0,0,0,0,0
C3010,10,09,0000,District - Purnia  09,Urban,11,3647,1927,1720,2954,1584,1370,2954,1584,1370,0,0,0,0,0,0,0,0,0,0,0,0
C3010,10,09,0000,District - Purnia  09,Urban,12,7727,4215,3512,5432,3069,2363,5432,3069,2363,0,0,0,0,0,0,0,0,0,0,0,0
C3010,10,09,0000,District - Purnia  09,Urban,13,4441,2478,1963,3434,1957,1477,3434,1957,1477,0,0,0,0,0,0,0,0,0,0,0,0
C3010,10,09,0000,District - Purnia  09,Urban,14,5658,3134,2524,4070,2311,1759,4070,2311,1759,0,0,0,0,0,0,0,0,0,0,0,0
C3010,10,09,0000,District - Purnia  09,Urban,15-19,22905,13327,9578,13588,8329,5259,9645,5742,3903,3765,2446,1319,32,24,8,142,113,29,4,4,0
C3010,10,09,0000,District - Purnia  09,Urban,20-24,19307,10673,8634,5801,4143,1658,606,390,216,5051,3625,1426,51,44,7,87,80,7,6,4,2
C3010,10,09,0000,District - Purnia  09,Urban,25-29,17020,8863,8157,1079,909,170,0,0,0,894,740,154,57,49,8,116,110,6,12,10,2
C3010,10,09,0000,District - Purnia  09,Urban,30-34,15766,8070,7696,225,176,49,0,0,0,166,121,45,31,31,0,23,21,2,5,3,2
C3010,10,09,0000,District - Purnia  09,Urban,35-59,50589,27954,22635,215,162,53,0,0,0,143,106,37,45,40,5,20,13,7,7,3,4
C3010,10,09,0000,District - Purnia  09,Urban,60+,12195,6453,5742,38,30,8,0,0,0,24,19,5,7,6,1,6,4,2,1,1,0
C3010,10,09,0000,District - Purnia  09,Urban,Age not stated,185,111,74,10,6,4,0,0,0,8,6,2,2,0,2,0,0,0,0,0,0
C3010,10,10,0000,District - Katihar  10,Total,All ages,2392638,1246872,1145766,277968,173543,104425,256611,157636,98975,17193,13180,4013,846,642,204,3139,1984,1155,179,101,78
C3010,10,10,0000,District - Katihar  10,Total,0-4,351000,177407,173593,2319,1302,1017,2319,1302,1017,0,0,0,0,0,0,0,0,0,0,0,0
C3010,10,10,0000,District - Katihar  10,Total,5,83092,42957,40135,4614,2599,2015,4614,2599,2015,0,0,0,0,0,0,0,0,0,0,0,0
C3010,10,10,0000,District - Katihar  10,Total,6,91357,46875,44482,10736,6113,4623,10736,6113,4623,0,0,0,0,0,0,0,0,0,0,0,0
C3010,10,10,0000,District - Katihar  10,Total,7,61410,31302,30108,17632,10045,7587,17632,10045,7587,0,0,0,0,0,0,0,0,0,0,0,0
C3010,10,10,0000,District - Katihar  10,Total,8,105206,54798,50408,34107,20025,14082,34107,20025,14082,0,0,0,0,0,0,0,0,0,0,0,0
C3010,10,10,0000,District - Katihar  10,Total,9,49207,25519,23688,19651,11456,8195,19651,11456,8195,0,0,0,0,0,0,0,0,0,0,0,0
C3010,10,10,0000,District - Katihar  10,Total,10,106512,56549,49963,40433,24535,15898,40433,24535,15898,0,0,0,0,0,0,0,0,0,0,0,0
C3010,10,10,0000,District - Katihar  10,Total,11,35589,18603,16986,16003,9383,6620,16003,9383,6620,0,0,0,0,0,0,0,0,0,0,0,0
C3010,10,10,0000,District - Katihar  10,Total,12,89656,47924,41732,34430,21480,12950,34430,21480,12950,0,0,0,0,0,0,0,0,0,0,0,0
C3010,10,10,0000,District - Katihar  10,Total,13,39332,20636,18696,16063,9691,6372,16063,9691,6372,0,0,0,0,0,0,0,0,0,0,0,0
C3010,10,10,0000,District - Katihar  10,Total,14,53338,28877,24461,18898,11937,6961,18898,11937,6961,0,0,0,0,0,0,0,0,0,0,0,0
C3010,10,10,0000,District - Katihar  10,Total,15-19,200975,116412,84563,46727,31898,14829,37877,25977,11900,6430,4466,1964,180,126,54,2223,1321,902,17,8,9
C3010,10,10,0000,District - Katihar  10,Total,20-24,170164,86307,83857,12930,10250,2680,3848,3093,755,8493,6705,1788,161,128,33,396,301,95,32,23,9
C3010,10,10,0000,District - Katihar  10,Total,25-29,168850,82701,86149,2129,1868,261,0,0,0,1687,1512,175,207,173,34,213,168,45,22,15,7
C3010,10,10,0000,District - Katihar  10,Total,30-34,161729,79678,82051,518,420,98,0,0,0,314,281,33,99,80,19,83,50,33,22,9,13
C3010,10,10,0000,District - Katihar  10,Total,35-59,491923,261287,230636,594,416,178,0,0,0,196,164,32,162,111,51,174,109,65,62,32,30
C3010,10,10,0000,District - Katihar  10,Total,60+,131199,67722,63477,148,108,40,0,0,0,48,40,8,36,24,12,43,31,12,21,13,8
C3010,10,10,0000,District - Katihar  10,Total,Age not stated,2099,1318,781,36,17,19,0,0,0,25,12,13,1,0,1,7,4,3,3,1,2
C3010,10,10,0000,District - Katihar  10,Rural,All ages,2174361,1130114,1044247,222599,142033,80566,209778,132119,77659,9111,7553,1558,605,429,176,2942,1841,1101,163,91,72
C3010,10,10,0000,District - Katihar  10,Rural,0-4,327556,165326,162230,1878,1055,823,1878,1055,823,0,0,0,0,0,0,0,0,0,0,0,0
C3010,10,10,0000,District - Katihar  10,Rural,5,77004,39730,37274,3740,2133,1607,3740,2133,1607,0,0,0,0,0,0,0,0,0,0,0,0
C3010,10,10,0000,District - Katihar  10,Rural,6,85430,43826,41604,9149,5284,3865,9149,5284,3865,0,0,0,0,0,0,0,0,0,0,0,0
C3010,10,10,0000,District - Katihar  10,Rural,7,56424,28822,27602,14393,8391,6002,14393,8391,6002,0,0,0,0,0,0,0,0,0,0,0,0
C3010,10,10,0000,District - Katihar  10,Rural,8,97748,50976,46772,29088,17366,11722,29088,17366,11722,0,0,0,0,0,0,0,0,0,0,0,0
C3010,10,10,0000,District - Katihar  10,Rural,9,45045,23423,21622,16478,9828,6650,16478,9828,6650,0,0,0,0,0,0,0,0,0,0,0,0
C3010,10,10,0000,District - Katihar  10,Rural,10,98205,52172,46033,34493,21278,13215,34493,21278,13215,0,0,0,0,0,0,0,0,0,0,0,0
C3010,10,10,0000,District - Katihar  10,Rural,11,31896,16725,15171,13021,7828,5193,13021,7828,5193,0,0,0,0,0,0,0,0,0,0,0,0
C3010,10,10,0000,District - Katihar  10,Rural,12,82236,43965,38271,28959,18466,10493,28959,18466,10493,0,0,0,0,0,0,0,0,0,0,0,0
C3010,10,10,0000,District - Katihar  10,Rural,13,35161,18506,16655,12878,8013,4865,12878,8013,4865,0,0,0,0,0,0,0,0,0,0,0,0
C3010,10,10,0000,District - Katihar  10,Rural,14,47681,25887,21794,14741,9678,5063,14741,9678,5063,0,0,0,0,0,0,0,0,0,0,0,0
C3010,10,10,0000,District - Katihar  10,Rural,15-19,178226,103550,74676,33458,24119,9339,27910,20254,7656,3264,2508,756,128,86,42,2140,1263,877,16,8,8
C3010,10,10,0000,District - Katihar  10,Rural,20-24,151614,75745,75869,8055,6745,1310,3050,2545,505,4507,3819,688,116,89,27,352,271,81,30,21,9
C3010,10,10,0000,District - Katihar  10,Rural,25-29,152242,73967,78275,1287,1136,151,0,0,0,971,896,75,133,104,29,164,124,40,19,12,7
C3010,10,10,0000,District - Katihar  10,Rural,30-34,146579,71849,74730,367,290,77,0,0,0,202,183,19,75,56,19,71,43,28,19,8,11
C3010,10,10,0000,District - Katihar  10,Rural,35-59,441380,233445,207935,476,322,154,0,0,0,129,113,16,122,75,47,167,105,62,58,29,29
C3010,10,10,0000,District - Katihar  10,Rural,60+,118044,60994,57050,121,91,30,0,0,0,31,29,2,30,19,11,42,31,11,18,12,6
C3010,10,10,0000,District - Katihar  10,Rural,Age not stated,1890,1206,684,17,10,7,0,0,0,7,5,2,1,0,1,6,4,2,3,1,2
C3010,10,10,0000,District - Katihar  10,Urban,All ages,218277,116758,101519,55369,31510,23859,46833,25517,21316,8082,5627,2455,241,213,28,197,143,54,16,10,6
C3010,10,10,0000,District - Katihar  10,Urban,0-4,23444,12081,11363,441,247,194,441,247,194,0,0,0,0,0,0,0,0,0,0,0,0
C3010,10,10,0000,District - Katihar  10,Urban,5,6088,3227,2861,874,466,408,874,466,408,0,0,0,0,0,0,0,0,0,0,0,0
C3010,10,10,0000,District - Katihar  10,Urban,6,5927,3049,2878,1587,829,758,1587,829,758,0,0,0,0,0,0,0,0,0,0,0,0
C3010,10,10,0000,District - Katihar  10,Urban,7,4986,2480,2506,3239,1654,1585,3239,1654,1585,0,0,0,0,0,0,0,0,0,0,0,0
C3010,10,10,0000,District - Katihar  10,Urban,8,7458,3822,3636,5019,2659,2360,5019,2659,2360,0,0,0,0,0,0,0,0,0,0,0,0
C3010,10,10,0000,District - Katihar  10,Urban,9,4162,2096,2066,3173,1628,1545,3173,1628,1545,0,0,0,0,0,0,0,0,0,0,0,0
C3010,10,10,0000,District - Katihar  10,Urban,10,8307,4377,3930,5940,3257,2683,5940,3257,2683,0,0,0,0,0,0,0,0,0,0,0,0
C3010,10,10,0000,District - Katihar  10,Urban,11,3693,1878,1815,2982,1555,1427,2982,1555,1427,0,0,0,0,0,0,0,0,0,0,0,0
C3010,10,10,0000,District - Katihar  10,Urban,12,7420,3959,3461,5471,3014,2457,5471,3014,2457,0,0,0,0,0,0,0,0,0,0,0,0
C3010,10,10,0000,District - Katihar  10,Urban,13,4171,2130,2041,3185,1678,1507,3185,1678,1507,0,0,0,0,0,0,0,0,0,0,0,0
C3010,10,10,0000,District - Katihar  10,Urban,14,5657,2990,2667,4157,2259,1898,4157,2259,1898,0,0,0,0,0,0,0,0,0,0,0,0
C3010,10,10,0000,District - Katihar  10,Urban,15-19,22749,12862,9887,13269,7779,5490,9967,5723,4244,3166,1958,1208,52,40,12,83,58,25,1,0,1
C3010,10,10,0000,District - Katihar  10,Urban,20-24,18550,10562,7988,4875,3505,1370,798,548,250,3986,2886,1100,45,39,6,44,30,14,2,2,0
C3010,10,10,0000,District - Katihar  10,Urban,25-29,16608,8734,7874,842,732,110,0,0,0,716,616,100,74,69,5,49,44,5,3,3,0
C3010,10,10,0000,District - Katihar  10,Urban,30-34,15150,7829,7321,151,130,21,0,0,0,112,98,14,24,24,0,12,7,5,3,1,2
C3010,10,10,0000,District - Katihar  10,Urban,35-59,50543,27842,22701,118,94,24,0,0,0,67,51,16,40,36,4,7,4,3,4,3,1
C3010,10,10,0000,District - Katihar  10,Urban,60+,13155,6728,6427,27,17,10,0,0,0,17,11,6,6,5,1,1,0,1,3,1,2
C3010,10,10,0000,District - Katihar  10,Urban,Age not stated,209,112,97,19,7,12,0,0,0,18,7,11,0,0,0,1,0,1,0,0,0
C3010,10,11,0000,District - Madhepura  11,Total,All ages,1526646,797180,729466,175458,119467,55991,161678,108236,53442,12574,10421,2153,443,317,126,337,245,92,426,248,178
C3010,10,11,0000,District - Madhepura  11,Total,0-4,215748,111670,104078,1710,987,723,1710,987,723,0,0,0,0,0,0,0,0,0,0,0,0
C3010,10,11,0000,District - Madhepura  11,Total,5,56394,29568,26826,3094,1887,1207,3094,1887,1207,0,0,0,0,0,0,0,0,0,0,0,0
C3010,10,11,0000,District - Madhepura  11,Total,6,58267,30254,28013,6663,4121,2542,6663,4121,2542,0,0,0,0,0,0,0,0,0,0,0,0
C3010,10,11,0000,District - Madhepura  11,Total,7,38384,20134,18250,10769,6760,4009,10769,6760,4009,0,0,0,0,0,0,0,0,0,0,0,0
C3010,10,11,0000,District - Madhepura  11,Total,8,69054,36764,32290,22360,14429,7931,22360,14429,7931,0,0,0,0,0,0,0,0,0,0,0,0
C3010,10,11,0000,District - Madhepura  11,Total,9,28715,15078,13637,11663,7403,4260,11663,7403,4260,0,0,0,0,0,0,0,0,0,0,0,0
C3010,10,11,0000,District - Madhepura  11,Total,10,69661,37727,31934,26668,17801,8867,26668,17801,8867,0,0,0,0,0,0,0,0,0,0,0,0
C3010,10,11,0000,District - Madhepura  11,Total,11,19237,10418,8819,8770,5780,2990,8770,5780,2990,0,0,0,0,0,0,0,0,0,0,0,0
C3010,10,11,0000,District - Madhepura  11,Total,12,56345,31131,25214,22522,15394,7128,22522,15394,7128,0,0,0,0,0,0,0,0,0,0,0,0
C3010,10,11,0000,District - Madhepura  11,Total,13,20520,11011,9509,9003,5901,3102,9003,5901,3102,0,0,0,0,0,0,0,0,0,0,0,0
C3010,10,11,0000,District - Madhepura  11,Total,14,28593,15746,12847,10788,7315,3473,10788,7315,3473,0,0,0,0,0,0,0,0,0,0,0,0
C3010,10,11,0000,District - Madhepura  11,Total,15-19,123685,68868,54817,29459,21783,7676,24933,18326,6607,4286,3303,983,73,52,21,139,85,54,28,17,11
C3010,10,11,0000,District - Madhepura  11,Total,20-24,114103,54910,59193,8861,7282,1579,2735,2132,603,5952,5041,911,75,55,20,33,23,10,66,31,35
C3010,10,11,0000,District - Madhepura  11,Total,25-29,110585,53733,56852,1782,1559,223,0,0,0,1579,1412,167,87,68,19,62,52,10,54,27,27
C3010,10,11,0000,District - Madhepura  11,Total,30-34,105558,51503,54055,533,443,90,0,0,0,390,343,47,54,42,12,31,24,7,58,34,24
C3010,10,11,0000,District - Madhepura  11,Total,35-59,322775,171123,151652,663,507,156,0,0,0,297,263,34,125,86,39,59,49,10,182,109,73
C3010,10,11,0000,District - Madhepura  11,Total,60+,87294,46580,40714,123,93,30,0,0,0,49,41,8,27,13,14,10,10,0,37,29,8
C3010,10,11,0000,District - Madhepura  11,Total,Age not stated,1728,962,766,27,22,5,0,0,0,21,18,3,2,1,1,3,2,1,1,1,0
C3010,10,11,0000,District - Madhepura  11,Rural,All ages,1458679,760198,698481,158994,109430,49564,148114,100368,47746,9757,8320,1437,396,276,120,304,220,84,423,246,177
C3010,10,11,0000,District - Madhepura  11,Rural,0-4,208153,107782,100371,1485,876,609,1485,876,609,0,0,0,0,0,0,0,0,0,0,0,0
C3010,10,11,0000,District - Madhepura  11,Rural,5,54385,28515,25870,2734,1688,1046,2734,1688,1046,0,0,0,0,0,0,0,0,0,0,0,0
C3010,10,11,0000,District - Madhepura  11,Rural,6,56355,29229,27126,6152,3827,2325,6152,3827,2325,0,0,0,0,0,0,0,0,0,0,0,0
C3010,10,11,0000,District - Madhepura  11,Rural,7,36725,19273,17452,9875,6254,3621,9875,6254,3621,0,0,0,0,0,0,0,0,0,0,0,0
C3010,10,11,0000,District - Madhepura  11,Rural,8,66489,35355,31134,20824,13539,7285,20824,13539,7285,0,0,0,0,0,0,0,0,0,0,0,0
C3010,10,11,0000,District - Madhepura  11,Rural,9,27457,14426,13031,10814,6945,3869,10814,6945,3869,0,0,0,0,0,0,0,0,0,0,0,0
C3010,10,11,0000,District - Madhepura  11,Rural,10,66796,36148,30648,24829,16726,8103,24829,16726,8103,0,0,0,0,0,0,0,0,0,0,0,0
C3010,10,11,0000,District - Madhepura  11,Rural,11,18181,9833,8348,7979,5320,2659,7979,5320,2659,0,0,0,0,0,0,0,0,0,0,0,0
C3010,10,11,0000,District - Madhepura  11,Rural,12,53909,29778,24131,20893,14445,6448,20893,14445,6448,0,0,0,0,0,0,0,0,0,0,0,0
C3010,10,11,0000,District - Madhepura  11,Rural,13,19277,10360,8917,8092,5399,2693,8092,5399,2693,0,0,0,0,0,0,0,0,0,0,0,0
C3010,10,11,0000,District - Madhepura  11,Rural,14,26932,14849,12083,9657,6674,2983,9657,6674,2983,0,0,0,0,0,0,0,0,0,0,0,0
C3010,10,11,0000,District - Madhepura  11,Rural,15-19,117014,65008,52006,25780,19463,6317,22239,16682,5557,3318,2640,678,64,43,21,131,81,50,28,17,11
C3010,10,11,0000,District - Madhepura  11,Rural,20-24,108432,51723,56709,7300,6098,1202,2541,1993,548,4605,4011,594,60,43,17,28,20,8,66,31,35
C3010,10,11,0000,District - Madhepura  11,Rural,25-29,105520,51101,54419,1419,1264,155,0,0,0,1240,1137,103,75,58,17,51,42,9,53,27,26
C3010,10,11,0000,District - Madhepura  11,Rural,30-34,100605,48927,51678,444,368,76,0,0,0,307,274,33,52,40,12,27,20,7,58,34,24
C3010,10,11,0000,District - Madhepura  11,Rural,35-59,307350,162492,144858,593,449,144,0,0,0,241,218,23,116,78,38,56,46,10,180,107,73
C3010,10,11,0000,District - Madhepura  11,Rural,60+,83524,44523,39001,115,87,28,0,0,0,41,35,6,27,13,14,10,10,0,37,29,8
C3010,10,11,0000,District - Madhepura  11,Rural,Age not stated,1575,876,699,9,8,1,0,0,0,5,5,0,2,1,1,1,1,0,1,1,0
C3010,10,11,0000,District - Madhepura  11,Urban,All ages,67967,36982,30985,16464,10037,6427,13564,7868,5696,2817,2101,716,47,41,6,33,25,8,3,2,1
C3010,10,11,0000,District - Madhepura  11,Urban,0-4,7595,3888,3707,225,111,114,225,111,114,0,0,0,0,0,0,0,0,0,0,0,0
C3010,10,11,0000,District - Madhepura  11,Urban,5,2009,1053,956,360,199,161,360,199,161,0,0,0,0,0,0,0,0,0,0,0,0
C3010,10,11,0000,District - Madhepura  11,Urban,6,1912,1025,887,511,294,217,511,294,217,0,0,0,0,0,0,0,0,0,0,0,0
C3010,10,11,0000,District - Madhepura  11,Urban,7,1659,861,798,894,506,388,894,506,388,0,0,0,0,0,0,0,0,0,0,0,0
C3010,10,11,0000,District - Madhepura  11,Urban,8,2565,1409,1156,1536,890,646,1536,890,646,0,0,0,0,0,0,0,0,0,0,0,0
C3010,10,11,0000,District - Madhepura  11,Urban,9,1258,652,606,849,458,391,849,458,391,0,0,0,0,0,0,0,0,0,0,0,0
C3010,10,11,0000,District - Madhepura  11,Urban,10,2865,1579,1286,1839,1075,764,1839,1075,764,0,0,0,0,0,0,0,0,0,0,0,0
C3010,10,11,0000,District - Madhepura  11,Urban,11,1056,585,471,791,460,331,791,460,331,0,0,0,0,0,0,0,0,0,0,0,0
C3010,10,11,0000,District - Madhepura  11,Urban,12,2436,1353,1083,1629,949,680,1629,949,680,0,0,0,0,0,0,0,0,0,0,0,0
C3010,10,11,0000,District - Madhepura  11,Urban,13,1243,651,592,911,502,409,911,502,409,0,0,0,0,0,0,0,0,0,0,0,0
C3010,10,11,0000,District - Madhepura  11,Urban,14,1661,897,764,1131,641,490,1131,641,490,0,0,0,0,0,0,0,0,0,0,0,0
C3010,10,11,0000,District - Madhepura  11,Urban,15-19,6671,3860,2811,3679,2320,1359,2694,1644,1050,968,663,305,9,9,0,8,4,4,0,0,0
C3010,10,11,0000,District - Madhepura  11,Urban,20-24,5671,3187,2484,1561,1184,377,194,139,55,1347,1030,317,15,12,3,5,3,2,0,0,0
C3010,10,11,0000,District - Madhepura  11,Urban,25-29,5065,2632,2433,363,295,68,0,0,0,339,275,64,12,10,2,11,10,1,1,0,1
C3010,10,11,0000,District - Madhepura  11,Urban,30-34,4953,2576,2377,89,75,14,0,0,0,83,69,14,2,2,0,4,4,0,0,0,0
C3010,10,11,0000,District - Madhepura  11,Urban,35-59,15425,8631,6794,70,58,12,0,0,0,56,45,11,9,8,1,3,3,0,2,2,0
C3010,10,11,0000,District - Madhepura  11,Urban,60+,3770,2057,1713,8,6,2,0,0,0,8,6,2,0,0,0,0,0,0,0,0,0
C3010,10,11,0000,District - Madhepura  11,Urban,Age not stated,153,86,67,18,14,4,0,0,0,16,13,3,0,0,0,2,1,1,0,0,0
C3010,10,12,0000,District - Saharsa  12,Total,All ages,1508182,789432,718750,195358,131596,63762,177060,117193,59867,16679,13270,3409,508,385,123,592,447,145,519,301,218
C3010,10,12,0000,District - Saharsa  12,Total,0-4,204535,107091,97444,1819,1104,715,1819,1104,715,0,0,0,0,0,0,0,0,0,0,0,0
C3010,10,12,0000,District - Saharsa  12,Total,5,54697,28633,26064,3491,2104,1387,3491,2104,1387,0,0,0,0,0,0,0,0,0,0,0,0
C3010,10,12,0000,District - Saharsa  12,Total,6,57698,30069,27629,7580,4725,2855,7580,4725,2855,0,0,0,0,0,0,0,0,0,0,0,0
C3010,10,12,0000,District - Saharsa  12,Total,7,36156,19055,17101,11551,7073,4478,11551,7073,4478,0,0,0,0,0,0,0,0,0,0,0,0
C3010,10,12,0000,District - Saharsa  12,Total,8,69677,37431,32246,24876,15953,8923,24876,15953,8923,0,0,0,0,0,0,0,0,0,0,0,0
C3010,10,12,0000,District - Saharsa  12,Total,9,27208,14744,12464,12154,7713,4441,12154,7713,4441,0,0,0,0,0,0,0,0,0,0,0,0
C3010,10,12,0000,District - Saharsa  12,Total,10,71290,38638,32652,29241,19426,9815,29241,19426,9815,0,0,0,0,0,0,0,0,0,0,0,0
C3010,10,12,0000,District - Saharsa  12,Total,11,18080,9897,8183,9229,5951,3278,9229,5951,3278,0,0,0,0,0,0,0,0,0,0,0,0
C3010,10,12,0000,District - Saharsa  12,Total,12,56405,31224,25181,24000,16343,7657,24000,16343,7657,0,0,0,0,0,0,0,0,0,0,0,0
C3010,10,12,0000,District - Saharsa  12,Total,13,19741,10759,8982,9225,5958,3267,9225,5958,3267,0,0,0,0,0,0,0,0,0,0,0,0
C3010,10,12,0000,District - Saharsa  12,Total,14,30946,16998,13948,12495,8436,4059,12495,8436,4059,0,0,0,0,0,0,0,0,0,0,0,0
C3010,10,12,0000,District - Saharsa  12,Total,15-19,129335,70888,58447,34944,24932,10012,28485,20184,8301,6001,4431,1570,117,88,29,289,205,84,52,24,28
C3010,10,12,0000,District - Saharsa  12,Total,20-24,116471,56778,59693,11271,8975,2296,2914,2223,691,8073,6558,1515,102,77,25,81,61,20,101,56,45
C3010,10,12,0000,District - Saharsa  12,Total,25-29,107487,53032,54455,2208,1919,289,0,0,0,1875,1658,217,144,121,23,104,94,10,85,46,39
C3010,10,12,0000,District - Saharsa  12,Total,30-34,102687,50051,52636,542,439,103,0,0,0,378,329,49,47,35,12,41,30,11,76,45,31
C3010,10,12,0000,District - Saharsa  12,Total,35-59,316297,167761,148536,637,482,155,0,0,0,327,274,53,74,56,18,67,50,17,169,102,67
C3010,10,12,0000,District - Saharsa  12,Total,60+,87908,45484,42424,89,59,30,0,0,0,22,17,5,23,8,15,9,7,2,35,27,8
C3010,10,12,0000,District - Saharsa  12,Total,Age not stated,1564,899,665,6,4,2,0,0,0,3,3,0,1,0,1,1,0,1,1,1,0
C3010,10,12,0000,District - Saharsa  12,Rural,All ages,1383015,721714,661301,161666,110812,50854,150063,101192,48871,10278,8726,1552,351,244,107,481,354,127,493,296,197
C3010,10,12,0000,District - Saharsa  12,Rural,0-4,190476,99921,90555,1467,911,556,1467,911,556,0,0,0,0,0,0,0,0,0,0,0,0
C3010,10,12,0000,District - Saharsa  12,Rural,5,50877,26657,24220,2876,1754,1122,2876,1754,1122,0,0,0,0,0,0,0,0,0,0,0,0
C3010,10,12,0000,District - Saharsa  12,Rural,6,54274,28266,26008,6633,4182,2451,6633,4182,2451,0,0,0,0,0,0,0,0,0,0,0,0
C3010,10,12,0000,District - Saharsa  12,Rural,7,33266,17527,15739,9743,6036,3707,9743,6036,3707,0,0,0,0,0,0,0,0,0,0,0,0
C3010,10,12,0000,District - Saharsa  12,Rural,8,64976,34880,30096,21893,14216,7677,21893,14216,7677,0,0,0,0,0,0,0,0,0,0,0,0
C3010,10,12,0000,District - Saharsa  12,Rural,9,24998,13573,11425,10516,6795,3721,10516,6795,3721,0,0,0,0,0,0,0,0,0,0,0,0
C3010,10,12,0000,District - Saharsa  12,Rural,10,66058,35710,30348,25686,17269,8417,25686,17269,8417,0,0,0,0,0,0,0,0,0,0,0,0
C3010,10,12,0000,District - Saharsa  12,Rural,11,16104,8804,7300,7601,5020,2581,7601,5020,2581,0,0,0,0,0,0,0,0,0,0,0,0
C3010,10,12,0000,District - Saharsa  12,Rural,12,51886,28697,23189,20877,14501,6376,20877,14501,6376,0,0,0,0,0,0,0,0,0,0,0,0
C3010,10,12,0000,District - Saharsa  12,Rural,13,17512,9556,7956,7511,4983,2528,7511,4983,2528,0,0,0,0,0,0,0,0,0,0,0,0
C3010,10,12,0000,District - Saharsa  12,Rural,14,27822,15252,12570,10221,7111,3110,10221,7111,3110,0,0,0,0,0,0,0,0,0,0,0,0
C3010,10,12,0000,District - Saharsa  12,Rural,15-19,115716,63064,52652,26543,19610,6933,22487,16430,6057,3671,2914,757,85,60,25,253,182,71,47,24,23
C3010,10,12,0000,District - Saharsa  12,Rural,20-24,105484,50745,54739,7607,6330,1277,2552,1984,568,4828,4196,632,61,42,19,70,52,18,96,56,40
C3010,10,12,0000,District - Saharsa  12,Rural,25-29,98073,48090,49983,1436,1267,169,0,0,0,1218,1113,105,77,59,18,60,52,8,81,43,38
C3010,10,12,0000,District - Saharsa  12,Rural,30-34,94173,45710,48463,411,333,78,0,0,0,274,245,29,37,25,12,28,18,10,72,45,27
C3010,10,12,0000,District - Saharsa  12,Rural,35-59,288399,152317,136082,556,435,121,0,0,0,267,241,26,68,51,17,60,43,17,161,100,61
C3010,10,12,0000,District - Saharsa  12,Rural,60+,81445,42103,39342,83,55,28,0,0,0,17,14,3,22,7,15,9,7,2,35,27,8
C3010,10,12,0000,District - Saharsa  12,Rural,Age not stated,1476,842,634,6,4,2,0,0,0,3,3,0,1,0,1,1,0,1,1,1,0
C3010,10,12,0000,District - Saharsa  12,Urban,All ages,125167,67718,57449,33692,20784,12908,26997,16001,10996,6401,4544,1857,157,141,16,111,93,18,26,5,21
C3010,10,12,0000,District - Saharsa  12,Urban,0-4,14059,7170,6889,352,193,159,352,193,159,0,0,0,0,0,0,0,0,0,0,0,0
C3010,10,12,0000,District - Saharsa  12,Urban,5,3820,1976,1844,615,350,265,615,350,265,0,0,0,0,0,0,0,0,0,0,0,0
C3010,10,12,0000,District - Saharsa  12,Urban,6,3424,1803,1621,947,543,404,947,543,404,0,0,0,0,0,0,0,0,0,0,0,0
C3010,10,12,0000,District - Saharsa  12,Urban,7,2890,1528,1362,1808,1037,771,1808,1037,771,0,0,0,0,0,0,0,0,0,0,0,0
C3010,10,12,0000,District - Saharsa  12,Urban,8,4701,2551,2150,2983,1737,1246,2983,1737,1246,0,0,0,0,0,0,0,0,0,0,0,0
C3010,10,12,0000,District - Saharsa  12,Urban,9,2210,1171,1039,1638,918,720,1638,918,720,0,0,0,0,0,0,0,0,0,0,0,0
C3010,10,12,0000,District - Saharsa  12,Urban,10,5232,2928,2304,3555,2157,1398,3555,2157,1398,0,0,0,0,0,0,0,0,0,0,0,0
C3010,10,12,0000,District - Saharsa  12,Urban,11,1976,1093,883,1628,931,697,1628,931,697,0,0,0,0,0,0,0,0,0,0,0,0
C3010,10,12,0000,District - Saharsa  12,Urban,12,4519,2527,1992,3123,1842,1281,3123,1842,1281,0,0,0,0,0,0,0,0,0,0,0,0
C3010,10,12,0000,District - Saharsa  12,Urban,13,2229,1203,1026,1714,975,739,1714,975,739,0,0,0,0,0,0,0,0,0,0,0,0
C3010,10,12,0000,District - Saharsa  12,Urban,14,3124,1746,1378,2274,1325,949,2274,1325,949,0,0,0,0,0,0,0,0,0,0,0,0
C3010,10,12,0000,District - Saharsa  12,Urban,15-19,13619,7824,5795,8401,5322,3079,5998,3754,2244,2330,1517,813,32,28,4,36,23,13,5,0,5
C3010,10,12,0000,District - Saharsa  12,Urban,20-24,10987,6033,4954,3664,2645,1019,362,239,123,3245,2362,883,41,35,6,11,9,2,5,0,5
C3010,10,12,0000,District - Saharsa  12,Urban,25-29,9414,4942,4472,772,652,120,0,0,0,657,545,112,67,62,5,44,42,2,4,3,1
C3010,10,12,0000,District - Saharsa  12,Urban,30-34,8514,4341,4173,131,106,25,0,0,0,104,84,20,10,10,0,13,12,1,4,0,4
C3010,10,12,0000,District - Saharsa  12,Urban,35-59,27898,15444,12454,81,47,34,0,0,0,60,33,27,6,5,1,7,7,0,8,2,6
C3010,10,12,0000,District - Saharsa  12,Urban,60+,6463,3381,3082,6,4,2,0,0,0,5,3,2,1,1,0,0,0,0,0,0,0
C3010,10,12,0000,District - Saharsa  12,Urban,Age not stated,88,57,31,0,0,0,0,0,0,0,0,0,0,0,0,0,0,0,0,0,0
C3010,10,13,0000,District - Darbhanga  13,Total,All ages,3295789,1722189,1573600,506265,322678,183587,461031,288231,172800,38141,29667,8474,2260,1673,587,3336,2223,1113,1497,884,613
C3010,10,13,0000,District - Darbhanga  13,Total,0-4,434762,225607,209155,4737,2688,2049,4737,2688,2049,0,0,0,0,0,0,0,0,0,0,0,0
C3010,10,13,0000,District - Darbhanga  13,Total,5,116710,61940,54770,8645,5120,3525,8645,5120,3525,0,0,0,0,0,0,0,0,0,0,0,0
C3010,10,13,0000,District - Darbhanga  13,Total,6,110733,58310,52423,17408,10246,7162,17408,10246,7162,0,0,0,0,0,0,0,0,0,0,0,0
C3010,10,13,0000,District - Darbhanga  13,Total,7,84388,44634,39754,31735,18860,12875,31735,18860,12875,0,0,0,0,0,0,0,0,0,0,0,0
C3010,10,13,0000,District - Darbhanga  13,Total,8,135313,71652,63661,57997,34975,23022,57997,34975,23022,0,0,0,0,0,0,0,0,0,0,0,0
C3010,10,13,0000,District - Darbhanga  13,Total,9,61684,33050,28634,32315,19570,12745,32315,19570,12745,0,0,0,0,0,0,0,0,0,0,0,0
C3010,10,13,0000,District - Darbhanga  13,Total,10,154910,83464,71446,73974,46023,27951,73974,46023,27951,0,0,0,0,0,0,0,0,0,0,0,0
C3010,10,13,0000,District - Darbhanga  13,Total,11,48406,26154,22252,27971,17049,10922,27971,17049,10922,0,0,0,0,0,0,0,0,0,0,0,0
C3010,10,13,0000,District - Darbhanga  13,Total,12,122196,66231,55965,61051,38350,22701,61051,38350,22701,0,0,0,0,0,0,0,0,0,0,0,0
C3010,10,13,0000,District - Darbhanga  13,Total,13,54444,29022,25422,29365,18001,11364,29365,18001,11364,0,0,0,0,0,0,0,0,0,0,0,0
C3010,10,13,0000,District - Darbhanga  13,Total,14,70119,37721,32398,33102,20778,12324,33102,20778,12324,0,0,0,0,0,0,0,0,0,0,0,0
C3010,10,13,0000,District - Darbhanga  13,Total,15-19,286367,159989,126378,90412,61836,28576,74464,50488,23976,13392,9733,3659,407,302,105,1993,1227,766,156,86,70
C3010,10,13,0000,District - Darbhanga  13,Total,20-24,250663,126780,123883,28448,21936,6512,8267,6083,2184,18949,14964,3985,499,391,108,464,342,122,269,156,113
C3010,10,13,0000,District - Darbhanga  13,Total,25-29,231200,114234,116966,5062,4274,788,0,0,0,3897,3381,516,616,513,103,304,241,63,245,139,106
C3010,10,13,0000,District - Darbhanga  13,Total,30-34,218831,106110,112721,1445,1133,312,0,0,0,900,774,126,236,174,62,141,95,46,168,90,78
C3010,10,13,0000,District - Darbhanga  13,Total,35-59,691599,361855,329744,1994,1414,580,0,0,0,764,621,143,385,236,149,330,239,91,515,318,197
C3010,10,13,0000,District - Darbhanga  13,Total,60+,211815,108390,103425,503,355,148,0,0,0,181,150,31,103,51,52,87,68,19,132,86,46
C3010,10,13,0000,District - Darbhanga  13,Total,Age not stated,11649,7046,4603,101,70,31,0,0,0,58,44,14,14,6,8,17,11,6,12,9,3
C3010,10,13,0000,District - Darbhanga  13,Rural,All ages,3028441,1579812,1448629,431486,279596,151890,400583,254982,145601,24936,20708,4228,1515,1078,437,2995,1968,1027,1457,860,597
C3010,10,13,0000,District - Darbhanga  13,Rural,0-4,406969,211030,195939,4062,2330,1732,4062,2330,1732,0,0,0,0,0,0,0,0,0,0,0,0
C3010,10,13,0000,District - Darbhanga  13,Rural,5,109561,58223,51338,7419,4452,2967,7419,4452,2967,0,0,0,0,0,0,0,0,0,0,0,0
C3010,10,13,0000,District - Darbhanga  13,Rural,6,103873,54762,49111,15093,9015,6078,15093,9015,6078,0,0,0,0,0,0,0,0,0,0,0,0
C3010,10,13,0000,District - Darbhanga  13,Rural,7,78088,41358,36730,27434,16555,10879,27434,16555,10879,0,0,0,0,0,0,0,0,0,0,0,0
C3010,10,13,0000,District - Darbhanga  13,Rural,8,126588,67114,59474,51783,31633,20150,51783,31633,20150,0,0,0,0,0,0,0,0,0,0,0,0
C3010,10,13,0000,District - Darbhanga  13,Rural,9,56718,30472,26246,28431,17501,10930,28431,17501,10930,0,0,0,0,0,0,0,0,0,0,0,0
C3010,10,13,0000,District - Darbhanga  13,Rural,10,144769,78091,66678,66399,41838,24561,66399,41838,24561,0,0,0,0,0,0,0,0,0,0,0,0
C3010,10,13,0000,District - Darbhanga  13,Rural,11,43771,23654,20117,24167,14948,9219,24167,14948,9219,0,0,0,0,0,0,0,0,0,0,0,0
C3010,10,13,0000,District - Darbhanga  13,Rural,12,112884,61258,51626,54058,34503,19555,54058,34503,19555,0,0,0,0,0,0,0,0,0,0,0,0
C3010,10,13,0000,District - Darbhanga  13,Rural,13,48907,26173,22734,25051,15709,9342,25051,15709,9342,0,0,0,0,0,0,0,0,0,0,0,0
C3010,10,13,0000,District - Darbhanga  13,Rural,14,63121,34087,29034,27964,17996,9968,27964,17996,9968,0,0,0,0,0,0,0,0,0,0,0,0
C3010,10,13,0000,District - Darbhanga  13,Rural,15-19,256862,143748,113114,72550,51448,21102,61444,43079,18365,8801,6932,1869,280,212,68,1872,1142,730,153,83,70
C3010,10,13,0000,District - Darbhanga  13,Rural,20-24,226678,113057,113621,20363,16300,4063,7278,5423,1855,12114,10195,1919,300,229,71,410,301,109,261,152,109
C3010,10,13,0000,District - Darbhanga  13,Rural,25-29,210867,103474,107393,3356,2886,470,0,0,0,2590,2333,257,317,257,60,208,160,48,241,136,105
C3010,10,13,0000,District - Darbhanga  13,Rural,30-34,201067,96924,104143,1113,883,230,0,0,0,661,594,67,171,121,50,116,79,37,165,89,76
C3010,10,13,0000,District - Darbhanga  13,Rural,35-59,630931,329294,301637,1723,1229,494,0,0,0,597,505,92,340,208,132,289,210,79,497,306,191
C3010,10,13,0000,District - Darbhanga  13,Rural,60+,195655,100385,95270,435,311,124,0,0,0,129,114,15,94,46,48,83,65,18,129,86,43
C3010,10,13,0000,District - Darbhanga  13,Rural,Age not stated,11132,6708,4424,85,59,26,0,0,0,44,35,9,13,5,8,17,11,6,11,8,3
C3010,10,13,0000,District - Darbhanga  13,Urban,All ages,267348,142377,124971,74779,43082,31697,60448,33249,27199,13205,8959,4246,745,595,150,341,255,86,40,24,16
C3010,10,13,0000,District - Darbhanga  13,Urban,0-4,27793,14577,13216,675,358,317,675,358,317,0,0,0,0,0,0,0,0,0,0,0,0
C3010,10,13,0000,District - Darbhanga  13,Urban,5,7149,3717,3432,1226,668,558,1226,668,558,0,0,0,0,0,0,0,0,0,0,0,0
C3010,10,13,0000,District - Darbhanga  13,Urban,6,6860,3548,3312,2315,1231,1084,2315,1231,1084,0,0,0,0,0,0,0,0,0,0,0,0
C3010,10,13,0000,District - Darbhanga  13,Urban,7,6300,3276,3024,4301,2305,1996,4301,2305,1996,0,0,0,0,0,0,0,0,0,0,0,0
C3010,10,13,0000,District - Darbhanga  13,Urban,8,8725,4538,4187,6214,3342,2872,6214,3342,2872,0,0,0,0,0,0,0,0,0,0,0,0
C3010,10,13,0000,District - Darbhanga  13,Urban,9,4966,2578,2388,3884,2069,1815,3884,2069,1815,0,0,0,0,0,0,0,0,0,0,0,0
C3010,10,13,0000,District - Darbhanga  13,Urban,10,10141,5373,4768,7575,4185,3390,7575,4185,3390,0,0,0,0,0,0,0,0,0,0,0,0
C3010,10,13,0000,District - Darbhanga  13,Urban,11,4635,2500,2135,3804,2101,1703,3804,2101,1703,0,0,0,0,0,0,0,0,0,0,0,0
C3010,10,13,0000,District - Darbhanga  13,Urban,12,9312,4973,4339,6993,3847,3146,6993,3847,3146,0,0,0,0,0,0,0,0,0,0,0,0
C3010,10,13,0000,District - Darbhanga  13,Urban,13,5537,2849,2688,4314,2292,2022,4314,2292,2022,0,0,0,0,0,0,0,0,0,0,0,0
C3010,10,13,0000,District - Darbhanga  13,Urban,14,6998,3634,3364,5138,2782,2356,5138,2782,2356,0,0,0,0,0,0,0,0,0,0,0,0
C3010,10,13,0000,District - Darbhanga  13,Urban,15-19,29505,16241,13264,17862,10388,7474,13020,7409,5611,4591,2801,1790,127,90,37,121,85,36,3,3,0
C3010,10,13,0000,District - Darbhanga  13,Urban,20-24,23985,13723,10262,8085,5636,2449,989,660,329,6835,4769,2066,199,162,37,54,41,13,8,4,4
C3010,10,13,0000,District - Darbhanga  13,Urban,25-29,20333,10760,9573,1706,1388,318,0,0,0,1307,1048,259,299,256,43,96,81,15,4,3,1
C3010,10,13,0000,District - Darbhanga  13,Urban,30-34,17764,9186,8578,332,250,82,0,0,0,239,180,59,65,53,12,25,16,9,3,1,2
C3010,10,13,0000,District - Darbhanga  13,Urban,35-59,60668,32561,28107,271,185,86,0,0,0,167,116,51,45,28,17,41,29,12,18,12,6
C3010,10,13,0000,District - Darbhanga  13,Urban,60+,16160,8005,8155,68,44,24,0,0,0,52,36,16,9,5,4,4,3,1,3,0,3
C3010,10,13,0000,District - Darbhanga  13,Urban,Age not stated,517,338,179,16,11,5,0,0,0,14,9,5,1,1,0,0,0,0,1,1,0
C3010,10,14,0000,District - Muzaffarpur  14,Total,All ages,3746714,1951466,1795248,634515,385828,248687,579730,346151,233579,50489,36640,13849,2227,1666,561,1675,1174,501,394,197,197
C3010,10,14,0000,District - Muzaffarpur  14,Total,0-4,502511,258549,243962,6638,3655,2983,6638,3655,2983,0,0,0,0,0,0,0,0,0,0,0,0
C3010,10,14,0000,District - Muzaffarpur  14,Total,5,118330,62919,55411,11506,6579,4927,11506,6579,4927,0,0,0,0,0,0,0,0,0,0,0,0
C3010,10,14,0000,District - Muzaffarpur  14,Total,6,120865,63273,57592,24761,13988,10773,24761,13988,10773,0,0,0,0,0,0,0,0,0,0,0,0
C3010,10,14,0000,District - Muzaffarpur  14,Total,7,86527,45135,41392,38846,21838,17008,38846,21838,17008,0,0,0,0,0,0,0,0,0,0,0,0
C3010,10,14,0000,District - Muzaffarpur  14,Total,8,145219,77095,68124,71774,41482,30292,71774,41482,30292,0,0,0,0,0,0,0,0,0,0,0,0
C3010,10,14,0000,District - Muzaffarpur  14,Total,9,65864,34814,31050,39237,22494,16743,39237,22494,16743,0,0,0,0,0,0,0,0,0,0,0,0
C3010,10,14,0000,District - Muzaffarpur  14,Total,10,170147,92173,77974,92695,55393,37302,92695,55393,37302,0,0,0,0,0,0,0,0,0,0,0,0
C3010,10,14,0000,District - Muzaffarpur  14,Total,11,55047,29652,25395,35524,20685,14839,35524,20685,14839,0,0,0,0,0,0,0,0,0,0,0,0
C3010,10,14,0000,District - Muzaffarpur  14,Total,12,137713,75340,62373,77578,46745,30833,77578,46745,30833,0,0,0,0,0,0,0,0,0,0,0,0
C3010,10,14,0000,District - Muzaffarpur  14,Total,13,59667,31488,28179,35814,20660,15154,35814,20660,15154,0,0,0,0,0,0,0,0,0,0,0,0
C3010,10,14,0000,District - Muzaffarpur  14,Total,14,77279,41844,35435,41530,24597,16933,41530,24597,16933,0,0,0,0,0,0,0,0,0,0,0,0
C3010,10,14,0000,District - Muzaffarpur  14,Total,15-19,318546,185070,133476,114424,75130,39294,94916,61811,33105,18133,12369,5764,457,341,116,883,591,292,35,18,17
C3010,10,14,0000,District - Muzaffarpur  14,Total,20-24,281630,141454,140176,34277,24882,9395,8911,6224,2687,24496,18003,6493,574,452,122,242,180,62,54,23,31
C3010,10,14,0000,District - Muzaffarpur  14,Total,25-29,258096,124742,133354,5623,4515,1108,0,0,0,4747,3829,918,557,449,108,265,213,52,54,24,30
C3010,10,14,0000,District - Muzaffarpur  14,Total,30-34,250719,120388,130331,1559,1192,367,0,0,0,1251,979,272,172,126,46,87,59,28,49,28,21
C3010,10,14,0000,District - Muzaffarpur  14,Total,35-59,820005,421870,398135,2027,1503,524,0,0,0,1420,1118,302,326,219,107,136,90,46,145,76,69
C3010,10,14,0000,District - Muzaffarpur  14,Total,60+,261312,136435,124877,495,348,147,0,0,0,292,233,59,114,62,52,40,29,11,49,24,25
C3010,10,14,0000,District - Muzaffarpur  14,Total,Age not stated,17237,9225,8012,207,142,65,0,0,0,150,109,41,27,17,10,22,12,10,8,4,4
C3010,10,14,0000,District - Muzaffarpur  14,Rural,All ages,3398361,1764648,1633713,535120,329408,205712,501730,303575,198155,30477,23893,6584,1386,975,411,1187,789,398,340,176,164
C3010,10,14,0000,District - Muzaffarpur  14,Rural,0-4,468329,240644,227685,5039,2795,2244,5039,2795,2244,0,0,0,0,0,0,0,0,0,0,0,0
C3010,10,14,0000,District - Muzaffarpur  14,Rural,5,109862,58327,51535,9247,5316,3931,9247,5316,3931,0,0,0,0,0,0,0,0,0,0,0,0
C3010,10,14,0000,District - Muzaffarpur  14,Rural,6,112437,58848,53589,21470,12240,9230,21470,12240,9230,0,0,0,0,0,0,0,0,0,0,0,0
C3010,10,14,0000,District - Muzaffarpur  14,Rural,7,79263,41270,37993,33682,19061,14621,33682,19061,14621,0,0,0,0,0,0,0,0,0,0,0,0
C3010,10,14,0000,District - Muzaffarpur  14,Rural,8,134629,71520,63109,64175,37370,26805,64175,37370,26805,0,0,0,0,0,0,0,0,0,0,0,0
C3010,10,14,0000,District - Muzaffarpur  14,Rural,9,59876,31614,28262,34394,19854,14540,34394,19854,14540,0,0,0,0,0,0,0,0,0,0,0,0
C3010,10,14,0000,District - Muzaffarpur  14,Rural,10,157513,85425,72088,83392,50341,33051,83392,50341,33051,0,0,0,0,0,0,0,0,0,0,0,0
C3010,10,14,0000,District - Muzaffarpur  14,Rural,11,49093,26422,22671,30560,17966,12594,30560,17966,12594,0,0,0,0,0,0,0,0,0,0,0,0
C3010,10,14,0000,District - Muzaffarpur  14,Rural,12,126152,69032,57120,68899,41967,26932,68899,41967,26932,0,0,0,0,0,0,0,0,0,0,0,0
C3010,10,14,0000,District - Muzaffarpur  14,Rural,13,53050,28080,24970,30504,17892,12612,30504,17892,12612,0,0,0,0,0,0,0,0,0,0,0,0
C3010,10,14,0000,District - Muzaffarpur  14,Rural,14,68584,37192,31392,34908,21052,13856,34908,21052,13856,0,0,0,0,0,0,0,0,0,0,0,0
C3010,10,14,0000,District - Muzaffarpur  14,Rural,15-19,280763,163885,116878,89870,61213,28657,77573,52164,25409,11337,8428,2909,265,189,76,667,416,251,28,16,12
C3010,10,14,0000,District - Muzaffarpur  14,Rural,20-24,249547,123592,125955,22356,17088,5268,7887,5557,2330,13965,11174,2791,307,229,78,153,110,43,44,18,26
C3010,10,14,0000,District - Muzaffarpur  14,Rural,25-29,231289,110790,120499,3359,2778,581,0,0,0,2899,2434,465,276,213,63,142,112,30,42,19,23
C3010,10,14,0000,District - Muzaffarpur  14,Rural,30-34,226326,107948,118378,1097,857,240,0,0,0,870,705,165,131,91,40,56,36,20,40,25,15
C3010,10,14,0000,District - Muzaffarpur  14,Rural,35-59,735884,376366,359518,1593,1219,374,0,0,0,1073,890,183,280,183,97,110,75,35,130,71,59
C3010,10,14,0000,District - Muzaffarpur  14,Rural,60+,239234,124895,114339,408,283,125,0,0,0,220,178,42,103,54,49,37,28,9,48,23,25
C3010,10,14,0000,District - Muzaffarpur  14,Rural,Age not stated,16530,8798,7732,167,116,51,0,0,0,113,84,29,24,16,8,22,12,10,8,4,4
C3010,10,14,0000,District - Muzaffarpur  14,Urban,All ages,348353,186818,161535,99395,56420,42975,78000,42576,35424,20012,12747,7265,841,691,150,488,385,103,54,21,33
C3010,10,14,0000,District - Muzaffarpur  14,Urban,0-4,34182,17905,16277,1599,860,739,1599,860,739,0,0,0,0,0,0,0,0,0,0,0,0
C3010,10,14,0000,District - Muzaffarpur  14,Urban,5,8468,4592,3876,2259,1263,996,2259,1263,996,0,0,0,0,0,0,0,0,0,0,0,0
C3010,10,14,0000,District - Muzaffarpur  14,Urban,6,8428,4425,4003,3291,1748,1543,3291,1748,1543,0,0,0,0,0,0,0,0,0,0,0,0
C3010,10,14,0000,District - Muzaffarpur  14,Urban,7,7264,3865,3399,5164,2777,2387,5164,2777,2387,0,0,0,0,0,0,0,0,0,0,0,0
C3010,10,14,0000,District - Muzaffarpur  14,Urban,8,10590,5575,5015,7599,4112,3487,7599,4112,3487,0,0,0,0,0,0,0,0,0,0,0,0
C3010,10,14,0000,District - Muzaffarpur  14,Urban,9,5988,3200,2788,4843,2640,2203,4843,2640,2203,0,0,0,0,0,0,0,0,0,0,0,0
C3010,10,14,0000,District - Muzaffarpur  14,Urban,10,12634,6748,5886,9303,5052,4251,9303,5052,4251,0,0,0,0,0,0,0,0,0,0,0,0
C3010,10,14,0000,District - Muzaffarpur  14,Urban,11,5954,3230,2724,4964,2719,2245,4964,2719,2245,0,0,0,0,0,0,0,0,0,0,0,0
C3010,10,14,0000,District - Muzaffarpur  14,Urban,12,11561,6308,5253,8679,4778,3901,8679,4778,3901,0,0,0,0,0,0,0,0,0,0,0,0
C3010,10,14,0000,District - Muzaffarpur  14,Urban,13,6617,3408,3209,5310,2768,2542,5310,2768,2542,0,0,0,0,0,0,0,0,0,0,0,0
C3010,10,14,0000,District - Muzaffarpur  14,Urban,14,8695,4652,4043,6622,3545,3077,6622,3545,3077,0,0,0,0,0,0,0,0,0,0,0,0
C3010,10,14,0000,District - Muzaffarpur  14,Urban,15-19,37783,21185,16598,24554,13917,10637,17343,9647,7696,6796,3941,2855,192,152,40,216,175,41,7,2,5
C3010,10,14,0000,District - Muzaffarpur  14,Urban,20-24,32083,17862,14221,11921,7794,4127,1024,667,357,10531,6829,3702,267,223,44,89,70,19,10,5,5
C3010,10,14,0000,District - Muzaffarpur  14,Urban,25-29,26807,13952,12855,2264,1737,527,0,0,0,1848,1395,453,281,236,45,123,101,22,12,5,7
C3010,10,14,0000,District - Muzaffarpur  14,Urban,30-34,24393,12440,11953,462,335,127,0,0,0,381,274,107,41,35,6,31,23,8,9,3,6
C3010,10,14,0000,District - Muzaffarpur  14,Urban,35-59,84121,45504,38617,434,284,150,0,0,0,347,228,119,46,36,10,26,15,11,15,5,10
C3010,10,14,0000,District - Muzaffarpur  14,Urban,60+,22078,11540,10538,87,65,22,0,0,0,72,55,17,11,8,3,3,1,2,1,1,0
C3010,10,14,0000,District - Muzaffarpur  14,Urban,Age not stated,707,427,280,40,26,14,0,0,0,37,25,12,3,1,2,0,0,0,0,0,0
C3010,10,15,0000,District - Gopalganj  15,Total,All ages,2152638,1075710,1076928,412094,251807,160287,395398,238617,156781,14912,11965,2947,906,690,216,534,357,177,344,178,166
C3010,10,15,0000,District - Gopalganj  15,Total,0-4,282490,142530,139960,3904,2081,1823,3904,2081,1823,0,0,0,0,0,0,0,0,0,0,0,0
C3010,10,15,0000,District - Gopalganj  15,Total,5,73760,38687,35073,8575,4820,3755,8575,4820,3755,0,0,0,0,0,0,0,0,0,0,0,0
C3010,10,15,0000,District - Gopalganj  15,Total,6,77418,39611,37807,18578,10314,8264,18578,10314,8264,0,0,0,0,0,0,0,0,0,0,0,0
C3010,10,15,0000,District - Gopalganj  15,Total,7,54610,27983,26627,27294,15416,11878,27294,15416,11878,0,0,0,0,0,0,0,0,0,0,0,0
C3010,10,15,0000,District - Gopalganj  15,Total,8,94693,49337,45356,54312,31294,23018,54312,31294,23018,0,0,0,0,0,0,0,0,0,0,0,0
C3010,10,15,0000,District - Gopalganj  15,Total,9,42011,21592,20419,27632,15734,11898,27632,15734,11898,0,0,0,0,0,0,0,0,0,0,0,0
C3010,10,15,0000,District - Gopalganj  15,Total,10,103090,55027,48063,65956,39644,26312,65956,39644,26312,0,0,0,0,0,0,0,0,0,0,0,0
C3010,10,15,0000,District - Gopalganj  15,Total,11,31852,16638,15214,22241,13194,9047,22241,13194,9047,0,0,0,0,0,0,0,0,0,0,0,0
C3010,10,15,0000,District - Gopalganj  15,Total,12,83958,44197,39761,53026,32259,20767,53026,32259,20767,0,0,0,0,0,0,0,0,0,0,0,0
C3010,10,15,0000,District - Gopalganj  15,Total,13,36487,18399,18088,22894,13567,9327,22894,13567,9327,0,0,0,0,0,0,0,0,0,0,0,0
C3010,10,15,0000,District - Gopalganj  15,Total,14,51006,25968,25038,28195,17462,10733,28195,17462,10733,0,0,0,0,0,0,0,0,0,0,0,0
C3010,10,15,0000,District - Gopalganj  15,Total,15-19,192757,102448,90309,64657,44297,20360,57972,39262,18710,6106,4622,1484,272,230,42,277,170,107,30,13,17
C3010,10,15,0000,District - Gopalganj  15,Total,20-24,147617,69241,78376,12037,9465,2572,4819,3570,1249,6871,5623,1248,224,187,37,80,64,16,43,21,22
C3010,10,15,0000,District - Gopalganj  15,Total,25-29,140041,62625,77416,1532,1314,218,0,0,0,1240,1109,131,173,141,32,61,46,15,58,18,40
C3010,10,15,0000,District - Gopalganj  15,Total,30-34,132612,58893,73719,448,345,103,0,0,0,309,273,36,58,31,27,37,19,18,44,22,22
C3010,10,15,0000,District - Gopalganj  15,Total,35-59,448513,218557,229956,641,476,165,0,0,0,307,272,35,138,75,63,71,53,18,125,76,49
C3010,10,15,0000,District - Gopalganj  15,Total,60+,156361,81840,74521,162,118,44,0,0,0,72,61,11,39,25,14,8,5,3,43,27,16
C3010,10,15,0000,District - Gopalganj  15,Total,Age not stated,3362,2137,1225,10,7,3,0,0,0,7,5,2,2,1,1,0,0,0,1,1,0
C3010,10,15,0000,District - Gopalganj  15,Rural,All ages,2022048,1007970,1014078,380150,233414,146736,366344,222162,144182,12202,10176,2026,783,583,200,489,323,166,332,170,162
C3010,10,15,0000,District - Gopalganj  15,Rural,0-4,267089,134723,132366,3446,1832,1614,3446,1832,1614,0,0,0,0,0,0,0,0,0,0,0,0
C3010,10,15,0000,District - Gopalganj  15,Rural,5,69825,36577,33248,7780,4370,3410,7780,4370,3410,0,0,0,0,0,0,0,0,0,0,0,0
C3010,10,15,0000,District - Gopalganj  15,Rural,6,73295,37425,35870,17169,9569,7600,17169,9569,7600,0,0,0,0,0,0,0,0,0,0,0,0
C3010,10,15,0000,District - Gopalganj  15,Rural,7,51295,26220,25075,25242,14278,10964,25242,14278,10964,0,0,0,0,0,0,0,0,0,0,0,0
C3010,10,15,0000,District - Gopalganj  15,Rural,8,89397,46529,42868,50818,29357,21461,50818,29357,21461,0,0,0,0,0,0,0,0,0,0,0,0
C3010,10,15,0000,District - Gopalganj  15,Rural,9,39343,20204,19139,25662,14654,11008,25662,14654,11008,0,0,0,0,0,0,0,0,0,0,0,0
C3010,10,15,0000,District - Gopalganj  15,Rural,10,97243,51837,45406,61830,37272,24558,61830,37272,24558,0,0,0,0,0,0,0,0,0,0,0,0
C3010,10,15,0000,District - Gopalganj  15,Rural,11,29649,15471,14178,20530,12216,8314,20530,12216,8314,0,0,0,0,0,0,0,0,0,0,0,0
C3010,10,15,0000,District - Gopalganj  15,Rural,12,79007,41515,37492,49492,30233,19259,49492,30233,19259,0,0,0,0,0,0,0,0,0,0,0,0
C3010,10,15,0000,District - Gopalganj  15,Rural,13,34009,17114,16895,21059,12534,8525,21059,12534,8525,0,0,0,0,0,0,0,0,0,0,0,0
C3010,10,15,0000,District - Gopalganj  15,Rural,14,47544,24186,23358,25894,16208,9686,25894,16208,9686,0,0,0,0,0,0,0,0,0,0,0,0
C3010,10,15,0000,District - Gopalganj  15,Rural,15-19,179533,95353,84180,58439,40634,17805,52916,36292,16624,5000,3972,1028,235,199,36,260,160,100,28,11,17
C3010,10,15,0000,District - Gopalganj  15,Rural,20-24,138009,64188,73821,10342,8278,2064,4506,3347,1159,5534,4698,836,187,153,34,73,59,14,42,21,21
C3010,10,15,0000,District - Gopalganj  15,Rural,25-29,131294,58405,72889,1296,1118,178,0,0,0,1049,953,96,138,109,29,53,39,14,56,17,39
C3010,10,15,0000,District - Gopalganj  15,Rural,30-34,124385,55000,69385,404,313,91,0,0,0,269,244,25,57,30,27,34,17,17,44,22,22
C3010,10,15,0000,District - Gopalganj  15,Rural,35-59,419853,203674,216179,585,432,153,0,0,0,277,248,29,127,68,59,61,43,18,120,73,47
C3010,10,15,0000,District - Gopalganj  15,Rural,60+,148039,77472,70567,152,109,43,0,0,0,66,56,10,37,23,14,8,5,3,41,25,16
C3010,10,15,0000,District - Gopalganj  15,Rural,Age not stated,3239,2077,1162,10,7,3,0,0,0,7,5,2,2,1,1,0,0,0,1,1,0
C3010,10,15,0000,District - Gopalganj  15,Urban,All ages,130590,67740,62850,31944,18393,13551,29054,16455,12599,2710,1789,921,123,107,16,45,34,11,12,8,4
C3010,10,15,0000,District - Gopalganj  15,Urban,0-4,15401,7807,7594,458,249,209,458,249,209,0,0,0,0,0,0,0,0,0,0,0,0
C3010,10,15,0000,District - Gopalganj  15,Urban,5,3935,2110,1825,795,450,345,795,450,345,0,0,0,0,0,0,0,0,0,0,0,0
C3010,10,15,0000,District - Gopalganj  15,Urban,6,4123,2186,1937,1409,745,664,1409,745,664,0,0,0,0,0,0,0,0,0,0,0,0
C3010,10,15,0000,District - Gopalganj  15,Urban,7,3315,1763,1552,2052,1138,914,2052,1138,914,0,0,0,0,0,0,0,0,0,0,0,0
C3010,10,15,0000,District - Gopalganj  15,Urban,8,5296,2808,2488,3494,1937,1557,3494,1937,1557,0,0,0,0,0,0,0,0,0,0,0,0
C3010,10,15,0000,District - Gopalganj  15,Urban,9,2668,1388,1280,1970,1080,890,1970,1080,890,0,0,0,0,0,0,0,0,0,0,0,0
C3010,10,15,0000,District - Gopalganj  15,Urban,10,5847,3190,2657,4126,2372,1754,4126,2372,1754,0,0,0,0,0,0,0,0,0,0,0,0
C3010,10,15,0000,District - Gopalganj  15,Urban,11,2203,1167,1036,1711,978,733,1711,978,733,0,0,0,0,0,0,0,0,0,0,0,0
C3010,10,15,0000,District - Gopalganj  15,Urban,12,4951,2682,2269,3534,2026,1508,3534,2026,1508,0,0,0,0,0,0,0,0,0,0,0,0
C3010,10,15,0000,District - Gopalganj  15,Urban,13,2478,1285,1193,1835,1033,802,1835,1033,802,0,0,0,0,0,0,0,0,0,0,0,0
C3010,10,15,0000,District - Gopalganj  15,Urban,14,3462,1782,1680,2301,1254,1047,2301,1254,1047,0,0,0,0,0,0,0,0,0,0,0,0
C3010,10,15,0000,District - Gopalganj  15,Urban,15-19,13224,7095,6129,6218,3663,2555,5056,2970,2086,1106,650,456,37,31,6,17,10,7,2,2,0
C3010,10,15,0000,District - Gopalganj  15,Urban,20-24,9608,5053,4555,1695,1187,508,313,223,90,1337,925,412,37,34,3,7,5,2,1,0,1
C3010,10,15,0000,District - Gopalganj  15,Urban,25-29,8747,4220,4527,236,196,40,0,0,0,191,156,35,35,32,3,8,7,1,2,1,1
C3010,10,15,0000,District - Gopalganj  15,Urban,30-34,8227,3893,4334,44,32,12,0,0,0,40,29,11,1,1,0,3,2,1,0,0,0
C3010,10,15,0000,District - Gopalganj  15,Urban,35-59,28660,14883,13777,56,44,12,0,0,0,30,24,6,11,7,4,10,10,0,5,3,2
C3010,10,15,0000,District - Gopalganj  15,Urban,60+,8322,4368,3954,10,9,1,0,0,0,6,5,1,2,2,0,0,0,0,2,2,0
C3010,10,15,0000,District - Gopalganj  15,Urban,Age not stated,123,60,63,0,0,0,0,0,0,0,0,0,0,0,0,0,0,0,0,0,0
C3010,10,16,0000,District - Siwan  16,Total,All ages,2714349,1336283,1378066,549797,328887,220910,518417,305222,213195,26363,21249,5114,1312,955,357,928,575,353,2777,886,1891
C3010,10,16,0000,District - Siwan  16,Total,0-4,357430,184253,173177,5157,2849,2308,5157,2849,2308,0,0,0,0,0,0,0,0,0,0,0,0
C3010,10,16,0000,District - Siwan  16,Total,5,94884,50103,44781,10414,5928,4486,10414,5928,4486,0,0,0,0,0,0,0,0,0,0,0,0
C3010,10,16,0000,District - Siwan  16,Total,6,97297,49839,47458,22829,12857,9972,22829,12857,9972,0,0,0,0,0,0,0,0,0,0,0,0
C3010,10,16,0000,District - Siwan  16,Total,7,68968,35327,33641,34385,19309,15076,34385,19309,15076,0,0,0,0,0,0,0,0,0,0,0,0
C3010,10,16,0000,District - Siwan  16,Total,8,115780,59630,56150,67919,38665,29254,67919,38665,29254,0,0,0,0,0,0,0,0,0,0,0,0
C3010,10,16,0000,District - Siwan  16,Total,9,53094,27579,25515,35411,20148,15263,35411,20148,15263,0,0,0,0,0,0,0,0,0,0,0,0
C3010,10,16,0000,District - Siwan  16,Total,10,124258,64080,60178,81302,46974,34328,81302,46974,34328,0,0,0,0,0,0,0,0,0,0,0,0
C3010,10,16,0000,District - Siwan  16,Total,11,42869,22284,20585,30328,17528,12800,30328,17528,12800,0,0,0,0,0,0,0,0,0,0,0,0
C3010,10,16,0000,District - Siwan  16,Total,12,105689,53507,52182,68694,40018,28676,68694,40018,28676,0,0,0,0,0,0,0,0,0,0,0,0
C3010,10,16,0000,District - Siwan  16,Total,13,48072,24000,24072,31678,18217,13461,31678,18217,13461,0,0,0,0,0,0,0,0,0,0,0,0
C3010,10,16,0000,District - Siwan  16,Total,14,68103,33808,34295,40188,24008,16180,40188,24008,16180,0,0,0,0,0,0,0,0,0,0,0,0
C3010,10,16,0000,District - Siwan  16,Total,15-19,253107,129531,123576,94535,62273,32262,82987,53662,29325,10519,8031,2488,345,252,93,521,279,242,163,49,114
C3010,10,16,0000,District - Siwan  16,Total,20-24,187632,87197,100435,19714,15202,4512,7125,5059,2066,11868,9771,2097,260,207,53,128,92,36,333,73,260
C3010,10,16,0000,District - Siwan  16,Total,25-29,169972,74534,95438,3047,2416,631,0,0,0,2307,2043,264,220,181,39,117,94,23,403,98,305
C3010,10,16,0000,District - Siwan  16,Total,30-34,158618,68432,90186,1256,789,467,0,0,0,673,572,101,111,79,32,47,34,13,425,104,321
C3010,10,16,0000,District - Siwan  16,Total,35-59,549875,258694,291181,2355,1304,1051,0,0,0,775,646,129,283,174,109,75,47,28,1222,437,785
C3010,10,16,0000,District - Siwan  16,Total,60+,216146,112130,104016,561,387,174,0,0,0,204,175,29,91,61,30,37,27,10,229,124,105
C3010,10,16,0000,District - Siwan  16,Total,Age not stated,2555,1355,1200,24,15,9,0,0,0,17,11,6,2,1,1,3,2,1,2,1,1
C3010,10,16,0000,District - Siwan  16,Rural,All ages,2564860,1257556,1307304,509463,306132,203331,483778,286280,197498,21017,17711,3306,1122,795,327,795,472,323,2751,874,1877
C3010,10,16,0000,District - Siwan  16,Rural,0-4,341785,176277,165508,4631,2564,2067,4631,2564,2067,0,0,0,0,0,0,0,0,0,0,0,0
C3010,10,16,0000,District - Siwan  16,Rural,5,90524,47802,42722,9528,5419,4109,9528,5419,4109,0,0,0,0,0,0,0,0,0,0,0,0
C3010,10,16,0000,District - Siwan  16,Rural,6,92749,47550,45199,21337,12069,9268,21337,12069,9268,0,0,0,0,0,0,0,0,0,0,0,0
C3010,10,16,0000,District - Siwan  16,Rural,7,65366,33480,31886,32115,18111,14004,32115,18111,14004,0,0,0,0,0,0,0,0,0,0,0,0
C3010,10,16,0000,District - Siwan  16,Rural,8,109908,56554,53354,64008,36525,27483,64008,36525,27483,0,0,0,0,0,0,0,0,0,0,0,0
C3010,10,16,0000,District - Siwan  16,Rural,9,50178,26030,24148,33235,18941,14294,33235,18941,14294,0,0,0,0,0,0,0,0,0,0,0,0
C3010,10,16,0000,District - Siwan  16,Rural,10,117922,60760,57162,76774,44508,32266,76774,44508,32266,0,0,0,0,0,0,0,0,0,0,0,0
C3010,10,16,0000,District - Siwan  16,Rural,11,40410,20964,19446,28388,16468,11920,28388,16468,11920,0,0,0,0,0,0,0,0,0,0,0,0
C3010,10,16,0000,District - Siwan  16,Rural,12,100154,50609,49545,64696,37841,26855,64696,37841,26855,0,0,0,0,0,0,0,0,0,0,0,0
C3010,10,16,0000,District - Siwan  16,Rural,13,45056,22442,22614,29437,17025,12412,29437,17025,12412,0,0,0,0,0,0,0,0,0,0,0,0
C3010,10,16,0000,District - Siwan  16,Rural,14,63956,31633,32323,37216,22397,14819,37216,22397,14819,0,0,0,0,0,0,0,0,0,0,0,0
C3010,10,16,0000,District - Siwan  16,Rural,15-19,236409,120484,115925,85406,57157,28249,75882,49734,26148,8604,6923,1681,307,224,83,451,228,223,162,48,114
C3010,10,16,0000,District - Siwan  16,Rural,20-24,175174,80162,95012,16407,12925,3482,6531,4678,1853,9228,7936,1292,209,165,44,108,75,33,331,71,260
C3010,10,16,0000,District - Siwan  16,Rural,25-29,159804,69252,90552,2509,1975,534,0,0,0,1849,1676,173,163,129,34,94,72,22,403,98,305
C3010,10,16,0000,District - Siwan  16,Rural,30-34,149058,63688,85370,1110,684,426,0,0,0,553,485,68,92,63,29,44,33,11,421,103,318
C3010,10,16,0000,District - Siwan  16,Rural,35-59,517568,241573,275995,2159,1174,985,0,0,0,615,541,74,266,160,106,65,40,25,1213,433,780
C3010,10,16,0000,District - Siwan  16,Rural,60+,206403,107009,99394,490,338,152,0,0,0,157,142,15,83,53,30,31,23,8,219,120,99
C3010,10,16,0000,District - Siwan  16,Rural,Age not stated,2436,1287,1149,17,11,6,0,0,0,11,8,3,2,1,1,2,1,1,2,1,1
C3010,10,16,0000,District - Siwan  16,Urban,All ages,149489,78727,70762,40334,22755,17579,34639,18942,15697,5346,3538,1808,190,160,30,133,103,30,26,12,14
C3010,10,16,0000,District - Siwan  16,Urban,0-4,15645,7976,7669,526,285,241,526,285,241,0,0,0,0,0,0,0,0,0,0,0,0
C3010,10,16,0000,District - Siwan  16,Urban,5,4360,2301,2059,886,509,377,886,509,377,0,0,0,0,0,0,0,0,0,0,0,0
C3010,10,16,0000,District - Siwan  16,Urban,6,4548,2289,2259,1492,788,704,1492,788,704,0,0,0,0,0,0,0,0,0,0,0,0
C3010,10,16,0000,District - Siwan  16,Urban,7,3602,1847,1755,2270,1198,1072,2270,1198,1072,0,0,0,0,0,0,0,0,0,0,0,0
C3010,10,16,0000,District - Siwan  16,Urban,8,5872,3076,2796,3911,2140,1771,3911,2140,1771,0,0,0,0,0,0,0,0,0,0,0,0
C3010,10,16,0000,District - Siwan  16,Urban,9,2916,1549,1367,2176,1207,969,2176,1207,969,0,0,0,0,0,0,0,0,0,0,0,0
C3010,10,16,0000,District - Siwan  16,Urban,10,6336,3320,3016,4528,2466,2062,4528,2466,2062,0,0,0,0,0,0,0,0,0,0,0,0
C3010,10,16,0000,District - Siwan  16,Urban,11,2459,1320,1139,1940,1060,880,1940,1060,880,0,0,0,0,0,0,0,0,0,0,0,0
C3010,10,16,0000,District - Siwan  16,Urban,12,5535,2898,2637,3998,2177,1821,3998,2177,1821,0,0,0,0,0,0,0,0,0,0,0,0
C3010,10,16,0000,District - Siwan  16,Urban,13,3016,1558,1458,2241,1192,1049,2241,1192,1049,0,0,0,0,0,0,0,0,0,0,0,0
C3010,10,16,0000,District - Siwan  16,Urban,14,4147,2175,1972,2972,1611,1361,2972,1611,1361,0,0,0,0,0,0,0,0,0,0,0,0
C3010,10,16,0000,District - Siwan  16,Urban,15-19,16698,9047,7651,9129,5116,4013,7105,3928,3177,1915,1108,807,38,28,10,70,51,19,1,1,0
C3010,10,16,0000,District - Siwan  16,Urban,20-24,12458,7035,5423,3307,2277,1030,594,381,213,2640,1835,805,51,42,9,20,17,3,2,2,0
C3010,10,16,0000,District - Siwan  16,Urban,25-29,10168,5282,4886,538,441,97,0,0,0,458,367,91,57,52,5,23,22,1,0,0,0
C3010,10,16,0000,District - Siwan  16,Urban,30-34,9560,4744,4816,146,105,41,0,0,0,120,87,33,19,16,3,3,1,2,4,1,3
C3010,10,16,0000,District - Siwan  16,Urban,35-59,32307,17121,15186,196,130,66,0,0,0,160,105,55,17,14,3,10,7,3,9,4,5
C3010,10,16,0000,District - Siwan  16,Urban,60+,9743,5121,4622,71,49,22,0,0,0,47,33,14,8,8,0,6,4,2,10,4,6
C3010,10,16,0000,District - Siwan  16,Urban,Age not stated,119,68,51,7,4,3,0,0,0,6,3,3,0,0,0,1,1,0,0,0,0
C3010,10,17,0000,District - Saran  17,Total,All ages,3248701,1652661,1596040,620870,384572,236298,579919,351486,228433,37689,30846,6843,1941,1388,553,856,626,230,465,226,239
C3010,10,17,0000,District - Saran  17,Total,0-4,420308,213249,207059,5576,3088,2488,5576,3088,2488,0,0,0,0,0,0,0,0,0,0,0,0
C3010,10,17,0000,District - Saran  17,Total,5,108128,57362,50766,11098,6493,4605,11098,6493,4605,0,0,0,0,0,0,0,0,0,0,0,0
C3010,10,17,0000,District - Saran  17,Total,6,118837,61446,57391,24435,13979,10456,24435,13979,10456,0,0,0,0,0,0,0,0,0,0,0,0
C3010,10,17,0000,District - Saran  17,Total,7,76853,39543,37310,36117,20483,15634,36117,20483,15634,0,0,0,0,0,0,0,0,0,0,0,0
C3010,10,17,0000,District - Saran  17,Total,8,145580,76437,69143,77799,45412,32387,77799,45412,32387,0,0,0,0,0,0,0,0,0,0,0,0
C3010,10,17,0000,District - Saran  17,Total,9,57716,30062,27654,35930,20742,15188,35930,20742,15188,0,0,0,0,0,0,0,0,0,0,0,0
C3010,10,17,0000,District - Saran  17,Total,10,159141,85118,74023,96154,57563,38591,96154,57563,38591,0,0,0,0,0,0,0,0,0,0,0,0
C3010,10,17,0000,District - Saran  17,Total,11,45342,23604,21738,30530,17704,12826,30530,17704,12826,0,0,0,0,0,0,0,0,0,0,0,0
C3010,10,17,0000,District - Saran  17,Total,12,128935,68906,60029,79290,48079,31211,79290,48079,31211,0,0,0,0,0,0,0,0,0,0,0,0
C3010,10,17,0000,District - Saran  17,Total,13,52809,27188,25621,33441,19649,13792,33441,19649,13792,0,0,0,0,0,0,0,0,0,0,0,0
C3010,10,17,0000,District - Saran  17,Total,14,78369,41001,37368,44836,27332,17504,44836,27332,17504,0,0,0,0,0,0,0,0,0,0,0,0
C3010,10,17,0000,District - Saran  17,Total,15-19,289740,165198,124542,112306,77225,35081,96417,64881,31536,15197,11846,3351,396,310,86,268,173,95,28,15,13
C3010,10,17,0000,District - Saran  17,Total,20-24,226104,111906,114198,25956,20765,5191,8296,6081,2215,17090,14248,2842,377,308,69,131,107,24,62,21,41
C3010,10,17,0000,District - Saran  17,Total,25-29,210586,96893,113693,3823,3331,492,0,0,0,3301,2940,361,345,263,82,117,100,17,60,28,32
C3010,10,17,0000,District - Saran  17,Total,30-34,199966,91975,107991,1221,1018,203,0,0,0,919,815,104,178,124,54,77,57,20,47,22,25
C3010,10,17,0000,District - Saran  17,Total,35-59,667619,325372,342247,1777,1281,496,0,0,0,912,763,149,464,272,192,205,150,55,196,96,100
C3010,10,17,0000,District - Saran  17,Total,60+,258474,135051,123423,556,408,148,0,0,0,254,219,35,179,109,70,56,39,17,67,41,26
C3010,10,17,0000,District - Saran  17,Total,Age not stated,4194,2350,1844,25,20,5,0,0,0,16,15,1,2,2,0,2,0,2,5,3,2
C3010,10,17,0000,District - Saran  17,Rural,All ages,2950064,1494636,1455428,546589,341326,205263,516040,315566,200474,27894,24004,3890,1573,1086,487,657,461,196,425,209,216
C3010,10,17,0000,District - Saran  17,Rural,0-4,387689,196700,190989,4814,2651,2163,4814,2651,2163,0,0,0,0,0,0,0,0,0,0,0,0
C3010,10,17,0000,District - Saran  17,Rural,5,99736,52966,46770,9762,5741,4021,9762,5741,4021,0,0,0,0,0,0,0,0,0,0,0,0
C3010,10,17,0000,District - Saran  17,Rural,6,109433,56588,52845,21822,12565,9257,21822,12565,9257,0,0,0,0,0,0,0,0,0,0,0,0
C3010,10,17,0000,District - Saran  17,Rural,7,70279,36202,34077,32235,18410,13825,32235,18410,13825,0,0,0,0,0,0,0,0,0,0,0,0
C3010,10,17,0000,District - Saran  17,Rural,8,133800,70198,63602,70359,41234,29125,70359,41234,29125,0,0,0,0,0,0,0,0,0,0,0,0
C3010,10,17,0000,District - Saran  17,Rural,9,52381,27278,25103,32099,18629,13470,32099,18629,13470,0,0,0,0,0,0,0,0,0,0,0,0
C3010,10,17,0000,District - Saran  17,Rural,10,145781,78013,67768,86991,52466,34525,86991,52466,34525,0,0,0,0,0,0,0,0,0,0,0,0
C3010,10,17,0000,District - Saran  17,Rural,11,40617,21126,19491,26958,15748,11210,26958,15748,11210,0,0,0,0,0,0,0,0,0,0,0,0
C3010,10,17,0000,District - Saran  17,Rural,12,117654,62905,54749,71433,43687,27746,71433,43687,27746,0,0,0,0,0,0,0,0,0,0,0,0
C3010,10,17,0000,District - Saran  17,Rural,13,47407,24462,22945,29451,17534,11917,29451,17534,11917,0,0,0,0,0,0,0,0,0,0,0,0
C3010,10,17,0000,District - Saran  17,Rural,14,70265,36697,33568,39291,24238,15053,39291,24238,15053,0,0,0,0,0,0,0,0,0,0,0,0
C3010,10,17,0000,District - Saran  17,Rural,15-19,258292,147281,111011,95551,67106,28445,83522,57252,26270,11459,9449,2010,320,252,68,228,142,86,22,11,11
C3010,10,17,0000,District - Saran  17,Rural,20-24,202066,98332,103734,20084,16573,3511,7303,5411,1892,12350,10845,1505,281,223,58,91,74,17,59,20,39
C3010,10,17,0000,District - Saran  17,Rural,25-29,190084,86318,103766,2837,2533,304,0,0,0,2443,2250,193,262,192,70,76,64,12,56,27,29
C3010,10,17,0000,District - Saran  17,Rural,30-34,181185,82497,98688,970,820,150,0,0,0,718,655,63,153,100,53,59,44,15,40,21,19
C3010,10,17,0000,District - Saran  17,Rural,35-59,601693,290591,311102,1431,1020,411,0,0,0,706,606,100,397,228,169,149,100,49,179,86,93
C3010,10,17,0000,District - Saran  17,Rural,60+,237747,124278,113469,479,351,128,0,0,0,203,184,19,158,89,69,54,37,17,64,41,23
C3010,10,17,0000,District - Saran  17,Rural,Age not stated,3955,2204,1751,22,20,2,0,0,0,15,15,0,2,2,0,0,0,0,5,3,2
C3010,10,17,0000,District - Saran  17,Urban,All ages,298637,158025,140612,74281,43246,31035,63879,35920,27959,9795,6842,2953,368,302,66,199,165,34,40,17,23
C3010,10,17,0000,District - Saran  17,Urban,0-4,32619,16549,16070,762,437,325,762,437,325,0,0,0,0,0,0,0,0,0,0,0,0
C3010,10,17,0000,District - Saran  17,Urban,5,8392,4396,3996,1336,752,584,1336,752,584,0,0,0,0,0,0,0,0,0,0,0,0
C3010,10,17,0000,District - Saran  17,Urban,6,9404,4858,4546,2613,1414,1199,2613,1414,1199,0,0,0,0,0,0,0,0,0,0,0,0
C3010,10,17,0000,District - Saran  17,Urban,7,6574,3341,3233,3882,2073,1809,3882,2073,1809,0,0,0,0,0,0,0,0,0,0,0,0
C3010,10,17,0000,District - Saran  17,Urban,8,11780,6239,5541,7440,4178,3262,7440,4178,3262,0,0,0,0,0,0,0,0,0,0,0,0
C3010,10,17,0000,District - Saran  17,Urban,9,5335,2784,2551,3831,2113,1718,3831,2113,1718,0,0,0,0,0,0,0,0,0,0,0,0
C3010,10,17,0000,District - Saran  17,Urban,10,13360,7105,6255,9163,5097,4066,9163,5097,4066,0,0,0,0,0,0,0,0,0,0,0,0
C3010,10,17,0000,District - Saran  17,Urban,11,4725,2478,2247,3572,1956,1616,3572,1956,1616,0,0,0,0,0,0,0,0,0,0,0,0
C3010,10,17,0000,District - Saran  17,Urban,12,11281,6001,5280,7857,4392,3465,7857,4392,3465,0,0,0,0,0,0,0,0,0,0,0,0
C3010,10,17,0000,District - Saran  17,Urban,13,5402,2726,2676,3990,2115,1875,3990,2115,1875,0,0,0,0,0,0,0,0,0,0,0,0
C3010,10,17,0000,District - Saran  17,Urban,14,8104,4304,3800,5545,3094,2451,5545,3094,2451,0,0,0,0,0,0,0,0,0,0,0,0
C3010,10,17,0000,District - Saran  17,Urban,15-19,31448,17917,13531,16755,10119,6636,12895,7629,5266,3738,2397,1341,76,58,18,40,31,9,6,4,2
C3010,10,17,0000,District - Saran  17,Urban,20-24,24038,13574,10464,5872,4192,1680,993,670,323,4740,3403,1337,96,85,11,40,33,7,3,1,2
C3010,10,17,0000,District - Saran  17,Urban,25-29,20502,10575,9927,986,798,188,0,0,0,858,690,168,83,71,12,41,36,5,4,1,3
C3010,10,17,0000,District - Saran  17,Urban,30-34,18781,9478,9303,251,198,53,0,0,0,201,160,41,25,24,1,18,13,5,7,1,6
C3010,10,17,0000,District - Saran  17,Urban,35-59,65926,34781,31145,346,261,85,0,0,0,206,157,49,67,44,23,56,50,6,17,10,7
C3010,10,17,0000,District - Saran  17,Urban,60+,20727,10773,9954,77,57,20,0,0,0,51,35,16,21,20,1,2,2,0,3,0,3
C3010,10,17,0000,District - Saran  17,Urban,Age not stated,239,146,93,3,0,3,0,0,0,1,0,1,0,0,0,2,0,2,0,0,0
C3010,10,18,0000,District - Vaishali  18,Total,All ages,2718421,1415603,1302818,499347,306317,193030,464173,277930,186243,33287,27041,6246,1022,794,228,672,443,229,193,109,84
C3010,10,18,0000,District - Vaishali  18,Total,0-4,361280,185461,175819,4241,2301,1940,4241,2301,1940,0,0,0,0,0,0,0,0,0,0,0,0
C3010,10,18,0000,District - Vaishali  18,Total,5,86361,45456,40905,7945,4522,3423,7945,4522,3423,0,0,0,0,0,0,0,0,0,0,0,0
C3010,10,18,0000,District - Vaishali  18,Total,6,95594,49525,46069,19297,10739,8558,19297,10739,8558,0,0,0,0,0,0,0,0,0,0,0,0
C3010,10,18,0000,District - Vaishali  18,Total,7,60713,31319,29394,29760,16628,13132,29760,16628,13132,0,0,0,0,0,0,0,0,0,0,0,0
C3010,10,18,0000,District - Vaishali  18,Total,8,118004,62038,55966,62707,35889,26818,62707,35889,26818,0,0,0,0,0,0,0,0,0,0,0,0
C3010,10,18,0000,District - Vaishali  18,Total,9,47005,24391,22614,29660,16592,13068,29660,16592,13068,0,0,0,0,0,0,0,0,0,0,0,0
C3010,10,18,0000,District - Vaishali  18,Total,10,130698,71153,59545,77573,45768,31805,77573,45768,31805,0,0,0,0,0,0,0,0,0,0,0,0
C3010,10,18,0000,District - Vaishali  18,Total,11,36653,19493,17160,25273,14458,10815,25273,14458,10815,0,0,0,0,0,0,0,0,0,0,0,0
C3010,10,18,0000,District - Vaishali  18,Total,12,104561,57584,46977,64174,38381,25793,64174,38381,25793,0,0,0,0,0,0,0,0,0,0,0,0
C3010,10,18,0000,District - Vaishali  18,Total,13,41938,22513,19425,27311,15830,11481,27311,15830,11481,0,0,0,0,0,0,0,0,0,0,0,0
C3010,10,18,0000,District - Vaishali  18,Total,14,57358,31785,25573,34557,20650,13907,34557,20650,13907,0,0,0,0,0,0,0,0,0,0,0,0
C3010,10,18,0000,District - Vaishali  18,Total,15-19,228817,135096,93721,88272,61296,26976,74748,51041,23707,12958,9896,3062,223,172,51,328,179,149,15,8,7
C3010,10,18,0000,District - Vaishali  18,Total,20-24,203940,103220,100720,22821,18419,4402,6927,5131,1796,15563,13017,2546,216,184,32,89,75,14,26,12,14
C3010,10,18,0000,District - Vaishali  18,Total,25-29,187083,89156,97927,3493,3046,447,0,0,0,3129,2753,376,219,186,33,116,91,25,29,16,13
C3010,10,18,0000,District - Vaishali  18,Total,30-34,177118,85299,91819,938,778,160,0,0,0,767,656,111,96,70,26,49,40,9,26,12,14
C3010,10,18,0000,District - Vaishali  18,Total,35-59,575231,292914,282317,1059,819,240,0,0,0,726,594,132,194,132,62,68,46,22,71,47,24
C3010,10,18,0000,District - Vaishali  18,Total,60+,199182,105455,93727,212,158,54,0,0,0,102,89,13,69,45,24,18,11,7,23,13,10
C3010,10,18,0000,District - Vaishali  18,Total,Age not stated,6885,3745,3140,54,43,11,0,0,0,42,36,6,5,5,0,4,1,3,3,1,2
C3010,10,18,0000,District - Vaishali  18,Rural,All ages,2531766,1316796,1214970,453767,279823,173944,424814,255842,168972,27374,22877,4497,832,633,199,577,377,200,170,94,76
C3010,10,18,0000,District - Vaishali  18,Rural,0-4,338789,173829,164960,3692,2016,1676,3692,2016,1676,0,0,0,0,0,0,0,0,0,0,0,0
C3010,10,18,0000,District - Vaishali  18,Rural,5,80894,42616,38278,7111,4092,3019,7111,4092,3019,0,0,0,0,0,0,0,0,0,0,0,0
C3010,10,18,0000,District - Vaishali  18,Rural,6,89821,46513,43308,17757,9906,7851,17757,9906,7851,0,0,0,0,0,0,0,0,0,0,0,0
C3010,10,18,0000,District - Vaishali  18,Rural,7,56412,29056,27356,27088,15155,11933,27088,15155,11933,0,0,0,0,0,0,0,0,0,0,0,0
C3010,10,18,0000,District - Vaishali  18,Rural,8,110805,58287,52518,58059,33350,24709,58059,33350,24709,0,0,0,0,0,0,0,0,0,0,0,0
C3010,10,18,0000,District - Vaishali  18,Rural,9,43643,22653,20990,27164,15252,11912,27164,15252,11912,0,0,0,0,0,0,0,0,0,0,0,0
C3010,10,18,0000,District - Vaishali  18,Rural,10,122583,66857,55726,72019,42680,29339,72019,42680,29339,0,0,0,0,0,0,0,0,0,0,0,0
C3010,10,18,0000,District - Vaishali  18,Rural,11,33582,17844,15738,22847,13099,9748,22847,13099,9748,0,0,0,0,0,0,0,0,0,0,0,0
C3010,10,18,0000,District - Vaishali  18,Rural,12,97556,53759,43797,59202,35563,23639,59202,35563,23639,0,0,0,0,0,0,0,0,0,0,0,0
C3010,10,18,0000,District - Vaishali  18,Rural,13,38664,20809,17855,24857,14543,10314,24857,14543,10314,0,0,0,0,0,0,0,0,0,0,0,0
C3010,10,18,0000,District - Vaishali  18,Rural,14,52712,29312,23400,31282,18883,12399,31282,18883,12399,0,0,0,0,0,0,0,0,0,0,0,0
C3010,10,18,0000,District - Vaishali  18,Rural,15-19,210812,124791,86021,78607,55412,23195,67356,46572,20784,10759,8531,2228,193,147,46,287,156,131,12,6,6
C3010,10,18,0000,District - Vaishali  18,Rural,20-24,188494,94726,93768,19269,15787,3482,6380,4731,1649,12614,10832,1782,172,147,25,78,65,13,25,12,13
C3010,10,18,0000,District - Vaishali  18,Rural,25-29,173836,82429,91407,2850,2516,334,0,0,0,2570,2297,273,161,134,27,96,72,24,23,13,10
C3010,10,18,0000,District - Vaishali  18,Rural,30-34,164850,79169,85681,800,664,136,0,0,0,655,566,89,78,52,26,42,34,8,25,12,13
C3010,10,18,0000,District - Vaishali  18,Rural,35-59,534952,271662,263290,935,735,200,0,0,0,653,544,109,164,112,52,55,39,16,63,40,23
C3010,10,18,0000,District - Vaishali  18,Rural,60+,186649,98844,87805,179,132,47,0,0,0,85,75,10,60,37,23,15,10,5,19,10,9
C3010,10,18,0000,District - Vaishali  18,Rural,Age not stated,6712,3640,3072,49,38,11,0,0,0,38,32,6,4,4,0,4,1,3,3,1,2
C3010,10,18,0000,District - Vaishali  18,Urban,All ages,186655,98807,87848,45580,26494,19086,39359,22088,17271,5913,4164,1749,190,161,29,95,66,29,23,15,8
C3010,10,18,0000,District - Vaishali  18,Urban,0-4,22491,11632,10859,549,285,264,549,285,264,0,0,0,0,0,0,0,0,0,0,0,0
C3010,10,18,0000,District - Vaishali  18,Urban,5,5467,2840,2627,834,430,404,834,430,404,0,0,0,0,0,0,0,0,0,0,0,0
C3010,10,18,0000,District - Vaishali  18,Urban,6,5773,3012,2761,1540,833,707,1540,833,707,0,0,0,0,0,0,0,0,0,0,0,0
C3010,10,18,0000,District - Vaishali  18,Urban,7,4301,2263,2038,2672,1473,1199,2672,1473,1199,0,0,0,0,0,0,0,0,0,0,0,0
C3010,10,18,0000,District - Vaishali  18,Urban,8,7199,3751,3448,4648,2539,2109,4648,2539,2109,0,0,0,0,0,0,0,0,0,0,0,0
C3010,10,18,0000,District - Vaishali  18,Urban,9,3362,1738,1624,2496,1340,1156,2496,1340,1156,0,0,0,0,0,0,0,0,0,0,0,0
C3010,10,18,0000,District - Vaishali  18,Urban,10,8115,4296,3819,5554,3088,2466,5554,3088,2466,0,0,0,0,0,0,0,0,0,0,0,0
C3010,10,18,0000,District - Vaishali  18,Urban,11,3071,1649,1422,2426,1359,1067,2426,1359,1067,0,0,0,0,0,0,0,0,0,0,0,0
C3010,10,18,0000,District - Vaishali  18,Urban,12,7005,3825,3180,4972,2818,2154,4972,2818,2154,0,0,0,0,0,0,0,0,0,0,0,0
C3010,10,18,0000,District - Vaishali  18,Urban,13,3274,1704,1570,2454,1287,1167,2454,1287,1167,0,0,0,0,0,0,0,0,0,0,0,0
C3010,10,18,0000,District - Vaishali  18,Urban,14,4646,2473,2173,3275,1767,1508,3275,1767,1508,0,0,0,0,0,0,0,0,0,0,0,0
C3010,10,18,0000,District - Vaishali  18,Urban,15-19,18005,10305,7700,9665,5884,3781,7392,4469,2923,2199,1365,834,30,25,5,41,23,18,3,2,1
C3010,10,18,0000,District - Vaishali  18,Urban,20-24,15446,8494,6952,3552,2632,920,547,400,147,2949,2185,764,44,37,7,11,10,1,1,0,1
C3010,10,18,0000,District - Vaishali  18,Urban,25-29,13247,6727,6520,643,530,113,0,0,0,559,456,103,58,52,6,20,19,1,6,3,3
C3010,10,18,0000,District - Vaishali  18,Urban,30-34,12268,6130,6138,138,114,24,0,0,0,112,90,22,18,18,0,7,6,1,1,0,1
C3010,10,18,0000,District - Vaishali  18,Urban,35-59,40279,21252,19027,124,84,40,0,0,0,73,50,23,30,20,10,13,7,6,8,7,1
C3010,10,18,0000,District - Vaishali  18,Urban,60+,12533,6611,5922,33,26,7,0,0,0,17,14,3,9,8,1,3,1,2,4,3,1
C3010,10,18,0000,District - Vaishali  18,Urban,Age not stated,173,105,68,5,5,0,0,0,0,4,4,0,1,1,0,0,0,0,0,0,0
C3010,10,19,0000,District - Samastipur  19,Total,All ages,3394793,1760692,1634101,535204,333824,201380,502132,308146,193986,30275,23670,6605,1274,1018,256,1258,841,417,265,149,116
C3010,10,19,0000,District - Samastipur  19,Total,0-4,478075,244567,233508,4232,2284,1948,4232,2284,1948,0,0,0,0,0,0,0,0,0,0,0,0
C3010,10,19,0000,District - Samastipur  19,Total,5,114641,60569,54072,8723,5015,3708,8723,5015,3708,0,0,0,0,0,0,0,0,0,0,0,0
C3010,10,19,0000,District - Samastipur  19,Total,6,118452,61842,56610,20425,11703,8722,20425,11703,8722,0,0,0,0,0,0,0,0,0,0,0,0
C3010,10,19,0000,District - Samastipur  19,Total,7,81992,42882,39110,33937,19613,14324,33937,19613,14324,0,0,0,0,0,0,0,0,0,0,0,0
C3010,10,19,0000,District - Samastipur  19,Total,8,141756,74830,66926,66233,39039,27194,66233,39039,27194,0,0,0,0,0,0,0,0,0,0,0,0
C3010,10,19,0000,District - Samastipur  19,Total,9,61994,32615,29379,35196,20331,14865,35196,20331,14865,0,0,0,0,0,0,0,0,0,0,0,0
C3010,10,19,0000,District - Samastipur  19,Total,10,153843,83357,70486,80980,49399,31581,80980,49399,31581,0,0,0,0,0,0,0,0,0,0,0,0
C3010,10,19,0000,District - Samastipur  19,Total,11,49992,26911,23081,31190,18554,12636,31190,18554,12636,0,0,0,0,0,0,0,0,0,0,0,0
C3010,10,19,0000,District - Samastipur  19,Total,12,122964,67148,55816,66262,40818,25444,66262,40818,25444,0,0,0,0,0,0,0,0,0,0,0,0
C3010,10,19,0000,District - Samastipur  19,Total,13,56979,30626,26353,32633,19661,12972,32633,19661,12972,0,0,0,0,0,0,0,0,0,0,0,0
C3010,10,19,0000,District - Samastipur  19,Total,14,70747,39054,31693,36525,22782,13743,36525,22782,13743,0,0,0,0,0,0,0,0,0,0,0,0
C3010,10,19,0000,District - Samastipur  19,Total,15-19,288362,162099,126263,90326,62089,28237,78094,53214,24880,11290,8249,3041,308,255,53,613,356,257,21,15,6
C3010,10,19,0000,District - Samastipur  19,Total,20-24,258032,126240,131792,23019,17956,5063,7702,5733,1969,14797,11812,2985,311,263,48,166,122,44,43,26,17
C3010,10,19,0000,District - Samastipur  19,Total,25-29,234337,113774,120563,3410,2941,469,0,0,0,2876,2508,368,316,261,55,185,151,34,33,21,12
C3010,10,19,0000,District - Samastipur  19,Total,30-34,219666,106878,112788,879,708,171,0,0,0,631,532,99,108,84,24,101,72,29,39,20,19
C3010,10,19,0000,District - Samastipur  19,Total,35-59,710083,367093,342990,1012,774,238,0,0,0,570,481,89,195,135,60,155,113,42,92,45,47
C3010,10,19,0000,District - Samastipur  19,Total,60+,228818,118001,110817,198,144,54,0,0,0,93,78,15,34,19,15,37,26,11,34,21,13
C3010,10,19,0000,District - Samastipur  19,Total,Age not stated,4060,2206,1854,24,13,11,0,0,0,18,10,8,2,1,1,1,1,0,3,1,2
C3010,10,19,0000,District - Samastipur  19,Rural,All ages,3271338,1694987,1576351,500562,313784,186778,472727,291651,181076,25313,20346,4967,1093,867,226,1169,773,396,260,147,113
C3010,10,19,0000,District - Samastipur  19,Rural,0-4,464623,237644,226979,3979,2164,1815,3979,2164,1815,0,0,0,0,0,0,0,0,0,0,0,0
C3010,10,19,0000,District - Samastipur  19,Rural,5,111228,58754,52474,8110,4665,3445,8110,4665,3445,0,0,0,0,0,0,0,0,0,0,0,0
C3010,10,19,0000,District - Samastipur  19,Rural,6,115189,60108,55081,19360,11127,8233,19360,11127,8233,0,0,0,0,0,0,0,0,0,0,0,0
C3010,10,19,0000,District - Samastipur  19,Rural,7,79203,41461,37742,31850,18525,13325,31850,18525,13325,0,0,0,0,0,0,0,0,0,0,0,0
C3010,10,19,0000,District - Samastipur  19,Rural,8,137433,72489,64944,62954,37211,25743,62954,37211,25743,0,0,0,0,0,0,0,0,0,0,0,0
C3010,10,19,0000,District - Samastipur  19,Rural,9,59681,31388,28293,33273,19285,13988,33273,19285,13988,0,0,0,0,0,0,0,0,0,0,0,0
C3010,10,19,0000,District - Samastipur  19,Rural,10,148979,80728,68251,77092,47230,29862,77092,47230,29862,0,0,0,0,0,0,0,0,0,0,0,0
C3010,10,19,0000,District - Samastipur  19,Rural,11,47736,25690,22046,29252,17479,11773,29252,17479,11773,0,0,0,0,0,0,0,0,0,0,0,0
C3010,10,19,0000,District - Samastipur  19,Rural,12,118679,64792,53887,62844,38881,23963,62844,38881,23963,0,0,0,0,0,0,0,0,0,0,0,0
C3010,10,19,0000,District - Samastipur  19,Rural,13,54394,29225,25169,30478,18477,12001,30478,18477,12001,0,0,0,0,0,0,0,0,0,0,0,0
C3010,10,19,0000,District - Samastipur  19,Rural,14,67615,37328,30287,34074,21408,12666,34074,21408,12666,0,0,0,0,0,0,0,0,0,0,0,0
C3010,10,19,0000,District - Samastipur  19,Rural,15-19,275513,154844,120669,82518,57482,25036,72197,49783,22414,9462,7135,2327,255,211,44,584,339,245,20,14,6
C3010,10,19,0000,District - Samastipur  19,Rural,20-24,247465,120465,127000,19956,15829,4127,7264,5416,1848,12230,10051,2179,263,222,41,156,114,42,43,26,17
C3010,10,19,0000,District - Samastipur  19,Rural,25-29,225501,109256,116245,2878,2506,372,0,0,0,2421,2138,283,268,223,45,156,124,32,33,21,12
C3010,10,19,0000,District - Samastipur  19,Rural,30-34,211483,102809,108674,802,646,156,0,0,0,576,488,88,98,75,23,90,63,27,38,20,18
C3010,10,19,0000,District - Samastipur  19,Rural,35-59,681481,351598,329883,931,715,216,0,0,0,523,448,75,174,117,57,145,106,39,89,44,45
C3010,10,19,0000,District - Samastipur  19,Rural,60+,221172,114258,106914,190,141,49,0,0,0,86,76,10,33,18,15,37,26,11,34,21,13
C3010,10,19,0000,District - Samastipur  19,Rural,Age not stated,3963,2150,1813,21,13,8,0,0,0,15,10,5,2,1,1,1,1,0,3,1,2
C3010,10,19,0000,District - Samastipur  19,Urban,All ages,123455,65705,57750,34642,20040,14602,29405,16495,12910,4962,3324,1638,181,151,30,89,68,21,5,2,3
C3010,10,19,0000,District - Samastipur  19,Urban,0-4,13452,6923,6529,253,120,133,253,120,133,0,0,0,0,0,0,0,0,0,0,0,0
C3010,10,19,0000,District - Samastipur  19,Urban,5,3413,1815,1598,613,350,263,613,350,263,0,0,0,0,0,0,0,0,0,0,0,0
C3010,10,19,0000,District - Samastipur  19,Urban,6,3263,1734,1529,1065,576,489,1065,576,489,0,0,0,0,0,0,0,0,0,0,0,0
C3010,10,19,0000,District - Samastipur  19,Urban,7,2789,1421,1368,2087,1088,999,2087,1088,999,0,0,0,0,0,0,0,0,0,0,0,0
C3010,10,19,0000,District - Samastipur  19,Urban,8,4323,2341,1982,3279,1828,1451,3279,1828,1451,0,0,0,0,0,0,0,0,0,0,0,0
C3010,10,19,0000,District - Samastipur  19,Urban,9,2313,1227,1086,1923,1046,877,1923,1046,877,0,0,0,0,0,0,0,0,0,0,0,0
C3010,10,19,0000,District - Samastipur  19,Urban,10,4864,2629,2235,3888,2169,1719,3888,2169,1719,0,0,0,0,0,0,0,0,0,0,0,0
C3010,10,19,0000,District - Samastipur  19,Urban,11,2256,1221,1035,1938,1075,863,1938,1075,863,0,0,0,0,0,0,0,0,0,0,0,0
C3010,10,19,0000,District - Samastipur  19,Urban,12,4285,2356,1929,3418,1937,1481,3418,1937,1481,0,0,0,0,0,0,0,0,0,0,0,0
C3010,10,19,0000,District - Samastipur  19,Urban,13,2585,1401,1184,2155,1184,971,2155,1184,971,0,0,0,0,0,0,0,0,0,0,0,0
C3010,10,19,0000,District - Samastipur  19,Urban,14,3132,1726,1406,2451,1374,1077,2451,1374,1077,0,0,0,0,0,0,0,0,0,0,0,0
C3010,10,19,0000,District - Samastipur  19,Urban,15-19,12849,7255,5594,7808,4607,3201,5897,3431,2466,1828,1114,714,53,44,9,29,17,12,1,1,0
C3010,10,19,0000,District - Samastipur  19,Urban,20-24,10567,5775,4792,3063,2127,936,438,317,121,2567,1761,806,48,41,7,10,8,2,0,0,0
C3010,10,19,0000,District - Samastipur  19,Urban,25-29,8836,4518,4318,532,435,97,0,0,0,455,370,85,48,38,10,29,27,2,0,0,0
C3010,10,19,0000,District - Samastipur  19,Urban,30-34,8183,4069,4114,77,62,15,0,0,0,55,44,11,10,9,1,11,9,2,1,0,1
C3010,10,19,0000,District - Samastipur  19,Urban,35-59,28602,15495,13107,81,59,22,0,0,0,47,33,14,21,18,3,10,7,3,3,1,2
C3010,10,19,0000,District - Samastipur  19,Urban,60+,7646,3743,3903,8,3,5,0,0,0,7,2,5,1,1,0,0,0,0,0,0,0
C3010,10,19,0000,District - Samastipur  19,Urban,Age not stated,97,56,41,3,0,3,0,0,0,3,0,3,0,0,0,0,0,0,0,0,0
C3010,10,20,0000,District - Begusarai  20,Total,All ages,2349366,1228874,1120492,398856,243270,155586,364376,218564,145812,29957,22058,7899,1439,1022,417,1169,719,450,1915,907,1008
C3010,10,20,0000,District - Begusarai  20,Total,0-4,317887,162028,155859,3836,2058,1778,3836,2058,1778,0,0,0,0,0,0,0,0,0,0,0,0
C3010,10,20,0000,District - Begusarai  20,Total,5,77132,40759,36373,6845,3975,2870,6845,3975,2870,0,0,0,0,0,0,0,0,0,0,0,0
C3010,10,20,0000,District - Begusarai  20,Total,6,86099,44491,41608,14494,8069,6425,14494,8069,6425,0,0,0,0,0,0,0,0,0,0,0,0
C3010,10,20,0000,District - Begusarai  20,Total,7,52651,27455,25196,21547,12151,9396,21547,12151,9396,0,0,0,0,0,0,0,0,0,0,0,0
C3010,10,20,0000,District - Begusarai  20,Total,8,103511,55008,48503,46482,26750,19732,46482,26750,19732,0,0,0,0,0,0,0,0,0,0,0,0
C3010,10,20,0000,District - Begusarai  20,Total,9,41289,21781,19508,23415,13240,10175,23415,13240,10175,0,0,0,0,0,0,0,0,0,0,0,0
C3010,10,20,0000,District - Begusarai  20,Total,10,109069,59754,49315,56988,34036,22952,56988,34036,22952,0,0,0,0,0,0,0,0,0,0,0,0
C3010,10,20,0000,District - Begusarai  20,Total,11,32994,17866,15128,20694,12008,8686,20694,12008,8686,0,0,0,0,0,0,0,0,0,0,0,0
C3010,10,20,0000,District - Begusarai  20,Total,12,91467,50734,40733,50066,30257,19809,50066,30257,19809,0,0,0,0,0,0,0,0,0,0,0,0
C3010,10,20,0000,District - Begusarai  20,Total,13,37699,20382,17317,22298,13029,9269,22298,13029,9269,0,0,0,0,0,0,0,0,0,0,0,0
C3010,10,20,0000,District - Begusarai  20,Total,14,51782,28682,23100,27587,16683,10904,27587,16683,10904,0,0,0,0,0,0,0,0,0,0,0,0
C3010,10,20,0000,District - Begusarai  20,Total,15-19,210623,119499,91124,73597,48520,25077,62639,41140,21499,10049,6841,3208,300,207,93,469,283,186,140,49,91
C3010,10,20,0000,District - Begusarai  20,Total,20-24,187186,94328,92858,23012,16642,6370,7485,5168,2317,14743,10993,3750,330,257,73,167,106,61,287,118,169
C3010,10,20,0000,District - Begusarai  20,Total,25-29,167892,82688,85204,4158,3275,883,0,0,0,3357,2771,586,323,259,64,189,129,60,289,116,173
C3010,10,20,0000,District - Begusarai  20,Total,30-34,152113,75491,76622,1342,956,386,0,0,0,835,683,152,143,103,40,86,56,30,278,114,164
C3010,10,20,0000,District - Begusarai  20,Total,35-59,479993,248553,231440,2030,1327,703,0,0,0,796,635,161,269,159,110,204,123,81,761,410,351
C3010,10,20,0000,District - Begusarai  20,Total,60+,146463,77401,69062,421,261,160,0,0,0,145,109,36,70,35,35,54,22,32,152,95,57
C3010,10,20,0000,District - Begusarai  20,Total,Age not stated,3516,1974,1542,44,33,11,0,0,0,32,26,6,4,2,2,0,0,0,8,5,3
C3010,10,20,0000,District - Begusarai  20,Rural,All ages,2241743,1171333,1070410,367495,225356,142139,338900,204477,134423,24345,18431,5914,1252,880,372,1101,667,434,1897,901,996
C3010,10,20,0000,District - Begusarai  20,Rural,0-4,306913,156309,150604,3514,1877,1637,3514,1877,1637,0,0,0,0,0,0,0,0,0,0,0,0
C3010,10,20,0000,District - Begusarai  20,Rural,5,74230,39190,35040,6290,3659,2631,6290,3659,2631,0,0,0,0,0,0,0,0,0,0,0,0
C3010,10,20,0000,District - Begusarai  20,Rural,6,83150,42962,40188,13514,7550,5964,13514,7550,5964,0,0,0,0,0,0,0,0,0,0,0,0
C3010,10,20,0000,District - Begusarai  20,Rural,7,50278,26216,24062,19818,11227,8591,19818,11227,8591,0,0,0,0,0,0,0,0,0,0,0,0
C3010,10,20,0000,District - Begusarai  20,Rural,8,99877,53068,46809,43801,25278,18523,43801,25278,18523,0,0,0,0,0,0,0,0,0,0,0,0
C3010,10,20,0000,District - Begusarai  20,Rural,9,39262,20704,18558,21740,12342,9398,21740,12342,9398,0,0,0,0,0,0,0,0,0,0,0,0
C3010,10,20,0000,District - Begusarai  20,Rural,10,105032,57593,47439,53814,32305,21509,53814,32305,21509,0,0,0,0,0,0,0,0,0,0,0,0
C3010,10,20,0000,District - Begusarai  20,Rural,11,31135,16857,14278,19102,11116,7986,19102,11116,7986,0,0,0,0,0,0,0,0,0,0,0,0
C3010,10,20,0000,District - Begusarai  20,Rural,12,87715,48682,39033,47095,28610,18485,47095,28610,18485,0,0,0,0,0,0,0,0,0,0,0,0
C3010,10,20,0000,District - Begusarai  20,Rural,13,35639,19302,16337,20605,12146,8459,20605,12146,8459,0,0,0,0,0,0,0,0,0,0,0,0
C3010,10,20,0000,District - Begusarai  20,Rural,14,49008,27201,21807,25437,15521,9916,25437,15521,9916,0,0,0,0,0,0,0,0,0,0,0,0
C3010,10,20,0000,District - Begusarai  20,Rural,15-19,199052,113007,86045,66191,44221,21970,57154,37967,19187,8195,5765,2430,253,169,84,449,271,178,140,49,91
C3010,10,20,0000,District - Begusarai  20,Rural,20-24,177342,88989,88353,19611,14439,5172,7016,4879,2137,11878,9127,2751,281,222,59,151,94,57,285,117,168
C3010,10,20,0000,District - Begusarai  20,Rural,25-29,159096,78179,80917,3464,2727,737,0,0,0,2743,2288,455,261,209,52,173,114,59,287,116,171
C3010,10,20,0000,District - Begusarai  20,Rural,30-34,144446,71556,72890,1186,840,346,0,0,0,706,587,119,129,91,38,78,49,29,273,113,160
C3010,10,20,0000,District - Begusarai  20,Rural,35-59,455952,235532,220420,1884,1229,655,0,0,0,678,551,127,256,153,103,197,118,79,753,407,346
C3010,10,20,0000,District - Begusarai  20,Rural,60+,140263,74118,66145,397,247,150,0,0,0,125,98,27,68,34,34,53,21,32,151,94,57
C3010,10,20,0000,District - Begusarai  20,Rural,Age not stated,3353,1868,1485,32,22,10,0,0,0,20,15,5,4,2,2,0,0,0,8,5,3
C3010,10,20,0000,District - Begusarai  20,Urban,All ages,107623,57541,50082,31361,17914,13447,25476,14087,11389,5612,3627,1985,187,142,45,68,52,16,18,6,12
C3010,10,20,0000,District - Begusarai  20,Urban,0-4,10974,5719,5255,322,181,141,322,181,141,0,0,0,0,0,0,0,0,0,0,0,0
C3010,10,20,0000,District - Begusarai  20,Urban,5,2902,1569,1333,555,316,239,555,316,239,0,0,0,0,0,0,0,0,0,0,0,0
C3010,10,20,0000,District - Begusarai  20,Urban,6,2949,1529,1420,980,519,461,980,519,461,0,0,0,0,0,0,0,0,0,0,0,0
C3010,10,20,0000,District - Begusarai  20,Urban,7,2373,1239,1134,1729,924,805,1729,924,805,0,0,0,0,0,0,0,0,0,0,0,0
C3010,10,20,0000,District - Begusarai  20,Urban,8,3634,1940,1694,2681,1472,1209,2681,1472,1209,0,0,0,0,0,0,0,0,0,0,0,0
C3010,10,20,0000,District - Begusarai  20,Urban,9,2027,1077,950,1675,898,777,1675,898,777,0,0,0,0,0,0,0,0,0,0,0,0
C3010,10,20,0000,District - Begusarai  20,Urban,10,4037,2161,1876,3174,1731,1443,3174,1731,1443,0,0,0,0,0,0,0,0,0,0,0,0
C3010,10,20,0000,District - Begusarai  20,Urban,11,1859,1009,850,1592,892,700,1592,892,700,0,0,0,0,0,0,0,0,0,0,0,0
C3010,10,20,0000,District - Begusarai  20,Urban,12,3752,2052,1700,2971,1647,1324,2971,1647,1324,0,0,0,0,0,0,0,0,0,0,0,0
C3010,10,20,0000,District - Begusarai  20,Urban,13,2060,1080,980,1693,883,810,1693,883,810,0,0,0,0,0,0,0,0,0,0,0,0
C3010,10,20,0000,District - Begusarai  20,Urban,14,2774,1481,1293,2150,1162,988,2150,1162,988,0,0,0,0,0,0,0,0,0,0,0,0
C3010,10,20,0000,District - Begusarai  20,Urban,15-19,11571,6492,5079,7406,4299,3107,5485,3173,2312,1854,1076,778,47,38,9,20,12,8,0,0,0
C3010,10,20,0000,District - Begusarai  20,Urban,20-24,9844,5339,4505,3401,2203,1198,469,289,180,2865,1866,999,49,35,14,16,12,4,2,1,1
C3010,10,20,0000,District - Begusarai  20,Urban,25-29,8796,4509,4287,694,548,146,0,0,0,614,483,131,62,50,12,16,15,1,2,0,2
C3010,10,20,0000,District - Begusarai  20,Urban,30-34,7667,3935,3732,156,116,40,0,0,0,129,96,33,14,12,2,8,7,1,5,1,4
C3010,10,20,0000,District - Begusarai  20,Urban,35-59,24041,13021,11020,146,98,48,0,0,0,118,84,34,13,6,7,7,5,2,8,3,5
C3010,10,20,0000,District - Begusarai  20,Urban,60+,6200,3283,2917,24,14,10,0,0,0,20,11,9,2,1,1,1,1,0,1,1,0
C3010,10,20,0000,District - Begusarai  20,Urban,Age not stated,163,106,57,12,11,1,0,0,0,12,11,1,0,0,0,0,0,0,0,0,0
C3010,10,21,0000,District - Khagaria  21,Total,All ages,1280354,679267,601087,184939,117034,67905,171212,106519,64693,11704,9323,2381,515,373,142,525,377,148,983,442,541
C3010,10,21,0000,District - Khagaria  21,Total,0-4,183903,94510,89393,1723,919,804,1723,919,804,0,0,0,0,0,0,0,0,0,0,0,0
C3010,10,21,0000,District - Khagaria  21,Total,5,44046,23239,20807,2907,1654,1253,2907,1654,1253,0,0,0,0,0,0,0,0,0,0,0,0
C3010,10,21,0000,District - Khagaria  21,Total,6,50742,26508,24234,6973,3970,3003,6973,3970,3003,0,0,0,0,0,0,0,0,0,0,0,0
C3010,10,21,0000,District - Khagaria  21,Total,7,27823,14594,13229,9374,5368,4006,9374,5368,4006,0,0,0,0,0,0,0,0,0,0,0,0
C3010,10,21,0000,District - Khagaria  21,Total,8,59724,32033,27691,22983,13543,9440,22983,13543,9440,0,0,0,0,0,0,0,0,0,0,0,0
C3010,10,21,0000,District - Khagaria  21,Total,9,21226,11297,9929,10497,6145,4352,10497,6145,4352,0,0,0,0,0,0,0,0,0,0,0,0
C3010,10,21,0000,District - Khagaria  21,Total,10,60555,33505,27050,27621,16901,10720,27621,16901,10720,0,0,0,0,0,0,0,0,0,0,0,0
C3010,10,21,0000,District - Khagaria  21,Total,11,15626,8567,7059,8653,5241,3412,8653,5241,3412,0,0,0,0,0,0,0,0,0,0,0,0
C3010,10,21,0000,District - Khagaria  21,Total,12,49090,27752,21338,23885,15130,8755,23885,15130,8755,0,0,0,0,0,0,0,0,0,0,0,0
C3010,10,21,0000,District - Khagaria  21,Total,13,18832,10391,8441,9957,6106,3851,9957,6106,3851,0,0,0,0,0,0,0,0,0,0,0,0
C3010,10,21,0000,District - Khagaria  21,Total,14,28322,15982,12340,13372,8375,4997,13372,8375,4997,0,0,0,0,0,0,0,0,0,0,0,0
C3010,10,21,0000,District - Khagaria  21,Total,15-19,108661,63378,45283,33632,23308,10324,29303,20165,9138,3926,2878,1048,71,46,25,241,169,72,91,50,41
C3010,10,21,0000,District - Khagaria  21,Total,20-24,98059,49730,48329,10101,7909,2192,3964,3002,962,5760,4685,1075,109,86,23,92,76,16,176,60,116
C3010,10,21,0000,District - Khagaria  21,Total,25-29,90584,45435,45149,1754,1458,296,0,0,0,1399,1251,148,107,92,15,70,52,18,178,63,115
C3010,10,21,0000,District - Khagaria  21,Total,30-34,83921,41651,42270,537,385,152,0,0,0,307,255,52,62,42,20,31,20,11,137,68,69
C3010,10,21,0000,District - Khagaria  21,Total,35-59,258329,136888,121441,773,493,280,0,0,0,254,205,49,117,82,35,65,43,22,337,163,174
C3010,10,21,0000,District - Khagaria  21,Total,60+,77100,41047,36053,170,110,60,0,0,0,39,33,6,45,24,21,26,17,9,60,36,24
C3010,10,21,0000,District - Khagaria  21,Total,Age not stated,3811,2760,1051,27,19,8,0,0,0,19,16,3,4,1,3,0,0,0,4,2,2
C3010,10,21,0000,District - Khagaria  21,Rural,All ages,1204027,637823,566204,165896,105874,60022,154741,97172,57569,9255,7597,1658,450,322,128,474,345,129,976,438,538
C3010,10,21,0000,District - Khagaria  21,Rural,0-4,174409,89626,84783,1566,843,723,1566,843,723,0,0,0,0,0,0,0,0,0,0,0,0
C3010,10,21,0000,District - Khagaria  21,Rural,5,41810,22024,19786,2586,1465,1121,2586,1465,1121,0,0,0,0,0,0,0,0,0,0,0,0
C3010,10,21,0000,District - Khagaria  21,Rural,6,48284,25209,23075,6372,3637,2735,6372,3637,2735,0,0,0,0,0,0,0,0,0,0,0,0
C3010,10,21,0000,District - Khagaria  21,Rural,7,26192,13747,12445,8354,4816,3538,8354,4816,3538,0,0,0,0,0,0,0,0,0,0,0,0
C3010,10,21,0000,District - Khagaria  21,Rural,8,56794,30421,26373,21081,12462,8619,21081,12462,8619,0,0,0,0,0,0,0,0,0,0,0,0
C3010,10,21,0000,District - Khagaria  21,Rural,9,19876,10573,9303,9485,5601,3884,9485,5601,3884,0,0,0,0,0,0,0,0,0,0,0,0
C3010,10,21,0000,District - Khagaria  21,Rural,10,57597,31904,25693,25542,15738,9804,25542,15738,9804,0,0,0,0,0,0,0,0,0,0,0,0
C3010,10,21,0000,District - Khagaria  21,Rural,11,14449,7939,6510,7713,4730,2983,7713,4730,2983,0,0,0,0,0,0,0,0,0,0,0,0
C3010,10,21,0000,District - Khagaria  21,Rural,12,46409,26285,20124,21949,14037,7912,21949,14037,7912,0,0,0,0,0,0,0,0,0,0,0,0
C3010,10,21,0000,District - Khagaria  21,Rural,13,17481,9707,7774,8892,5556,3336,8892,5556,3336,0,0,0,0,0,0,0,0,0,0,0,0
C3010,10,21,0000,District - Khagaria  21,Rural,14,26371,14941,11430,11970,7609,4361,11970,7609,4361,0,0,0,0,0,0,0,0,0,0,0,0
C3010,10,21,0000,District - Khagaria  21,Rural,15-19,101080,59049,42031,29295,20706,8589,25801,18077,7724,3116,2376,740,62,42,20,225,161,64,91,50,41
C3010,10,21,0000,District - Khagaria  21,Rural,20-24,91253,45859,45394,8242,6543,1699,3430,2601,829,4467,3742,725,93,73,20,78,68,10,174,59,115
C3010,10,21,0000,District - Khagaria  21,Rural,25-29,84768,42350,42418,1464,1215,249,0,0,0,1145,1041,104,82,68,14,60,44,16,177,62,115
C3010,10,21,0000,District - Khagaria  21,Rural,30-34,78870,39025,39845,474,343,131,0,0,0,254,217,37,56,39,17,29,20,9,135,67,68
C3010,10,21,0000,District - Khagaria  21,Rural,35-59,242057,127777,114280,732,458,274,0,0,0,227,183,44,110,75,35,59,38,21,336,162,174
C3010,10,21,0000,District - Khagaria  21,Rural,60+,72664,38740,33924,160,104,56,0,0,0,35,30,5,43,24,19,23,14,9,59,36,23
C3010,10,21,0000,District - Khagaria  21,Rural,Age not stated,3663,2647,1016,19,11,8,0,0,0,11,8,3,4,1,3,0,0,0,4,2,2
C3010,10,21,0000,District - Khagaria  21,Urban,All ages,76327,41444,34883,19043,11160,7883,16471,9347,7124,2449,1726,723,65,51,14,51,32,19,7,4,3
C3010,10,21,0000,District - Khagaria  21,Urban,0-4,9494,4884,4610,157,76,81,157,76,81,0,0,0,0,0,0,0,0,0,0,0,0
C3010,10,21,0000,District - Khagaria  21,Urban,5,2236,1215,1021,321,189,132,321,189,132,0,0,0,0,0,0,0,0,0,0,0,0
C3010,10,21,0000,District - Khagaria  21,Urban,6,2458,1299,1159,601,333,268,601,333,268,0,0,0,0,0,0,0,0,0,0,0,0
C3010,10,21,0000,District - Khagaria  21,Urban,7,1631,847,784,1020,552,468,1020,552,468,0,0,0,0,0,0,0,0,0,0,0,0
C3010,10,21,0000,District - Khagaria  21,Urban,8,2930,1612,1318,1902,1081,821,1902,1081,821,0,0,0,0,0,0,0,0,0,0,0,0
C3010,10,21,0000,District - Khagaria  21,Urban,9,1350,724,626,1012,544,468,1012,544,468,0,0,0,0,0,0,0,0,0,0,0,0
C3010,10,21,0000,District - Khagaria  21,Urban,10,2958,1601,1357,2079,1163,916,2079,1163,916,0,0,0,0,0,0,0,0,0,0,0,0
C3010,10,21,0000,District - Khagaria  21,Urban,11,1177,628,549,940,511,429,940,511,429,0,0,0,0,0,0,0,0,0,0,0,0
C3010,10,21,0000,District - Khagaria  21,Urban,12,2681,1467,1214,1936,1093,843,1936,1093,843,0,0,0,0,0,0,0,0,0,0,0,0
C3010,10,21,0000,District - Khagaria  21,Urban,13,1351,684,667,1065,550,515,1065,550,515,0,0,0,0,0,0,0,0,0,0,0,0
C3010,10,21,0000,District - Khagaria  21,Urban,14,1951,1041,910,1402,766,636,1402,766,636,0,0,0,0,0,0,0,0,0,0,0,0
C3010,10,21,0000,District - Khagaria  21,Urban,15-19,7581,4329,3252,4337,2602,1735,3502,2088,1414,810,502,308,9,4,5,16,8,8,0,0,0
C3010,10,21,0000,District - Khagaria  21,Urban,20-24,6806,3871,2935,1859,1366,493,534,401,133,1293,943,350,16,13,3,14,8,6,2,1,1
C3010,10,21,0000,District - Khagaria  21,Urban,25-29,5816,3085,2731,290,243,47,0,0,0,254,210,44,25,24,1,10,8,2,1,1,0
C3010,10,21,0000,District - Khagaria  21,Urban,30-34,5051,2626,2425,63,42,21,0,0,0,53,38,15,6,3,3,2,0,2,2,1,1
C3010,10,21,0000,District - Khagaria  21,Urban,35-59,16272,9111,7161,41,35,6,0,0,0,27,22,5,7,7,0,6,5,1,1,1,0
C3010,10,21,0000,District - Khagaria  21,Urban,60+,4436,2307,2129,10,6,4,0,0,0,4,3,1,2,0,2,3,3,0,1,0,1
C3010,10,21,0000,District - Khagaria  21,Urban,Age not stated,148,113,35,8,8,0,0,0,0,8,8,0,0,0,0,0,0,0,0,0,0
C3010,10,22,0000,District - Bhagalpur  22,Total,All ages,2423172,1291658,1131514,430815,265672,165143,380239,227930,152309,46133,34362,11771,2050,1659,391,1865,1385,480,528,336,192
C3010,10,22,0000,District - Bhagalpur  22,Total,0-4,305203,153855,151348,4590,2426,2164,4590,2426,2164,0,0,0,0,0,0,0,0,0,0,0,0
C3010,10,22,0000,District - Bhagalpur  22,Total,5,80303,41803,38500,7904,4485,3419,7904,4485,3419,0,0,0,0,0,0,0,0,0,0,0,0
C3010,10,22,0000,District - Bhagalpur  22,Total,6,86620,44474,42146,16768,9256,7512,16768,9256,7512,0,0,0,0,0,0,0,0,0,0,0,0
C3010,10,22,0000,District - Bhagalpur  22,Total,7,53020,27095,25925,22831,12598,10233,22831,12598,10233,0,0,0,0,0,0,0,0,0,0,0,0
C3010,10,22,0000,District - Bhagalpur  22,Total,8,109000,57490,51510,49682,28513,21169,49682,28513,21169,0,0,0,0,0,0,0,0,0,0,0,0
C3010,10,22,0000,District - Bhagalpur  22,Total,9,40271,21047,19224,22335,12619,9716,22335,12619,9716,0,0,0,0,0,0,0,0,0,0,0,0
C3010,10,22,0000,District - Bhagalpur  22,Total,10,115457,62803,52654,59188,35241,23947,59188,35241,23947,0,0,0,0,0,0,0,0,0,0,0,0
C3010,10,22,0000,District - Bhagalpur  22,Total,11,30586,16203,14383,18580,10720,7860,18580,10720,7860,0,0,0,0,0,0,0,0,0,0,0,0
C3010,10,22,0000,District - Bhagalpur  22,Total,12,96425,53145,43280,51099,30872,20227,51099,30872,20227,0,0,0,0,0,0,0,0,0,0,0,0
C3010,10,22,0000,District - Bhagalpur  22,Total,13,35594,18773,16821,20732,11886,8846,20732,11886,8846,0,0,0,0,0,0,0,0,0,0,0,0
C3010,10,22,0000,District - Bhagalpur  22,Total,14,52648,28814,23834,28167,16824,11343,28167,16824,11343,0,0,0,0,0,0,0,0,0,0,0,0
C3010,10,22,0000,District - Bhagalpur  22,Total,15-19,217971,130868,87103,85085,56597,28488,69165,45667,23498,14707,10035,4672,334,253,81,845,618,227,34,24,10
C3010,10,22,0000,District - Bhagalpur  22,Total,20-24,185548,101601,83947,32352,24247,8105,9198,6823,2375,22311,16742,5569,442,370,72,339,277,62,62,35,27
C3010,10,22,0000,District - Bhagalpur  22,Total,25-29,173917,88490,85427,6808,5707,1101,0,0,0,5964,5012,952,519,456,63,248,186,62,77,53,24
C3010,10,22,0000,District - Bhagalpur  22,Total,30-34,160408,81032,79376,1819,1482,337,0,0,0,1446,1208,238,202,159,43,117,84,33,54,31,23
C3010,10,22,0000,District - Bhagalpur  22,Total,35-59,513626,274143,239483,2313,1799,514,0,0,0,1396,1137,259,441,344,97,238,163,75,238,155,83
C3010,10,22,0000,District - Bhagalpur  22,Total,60+,160873,86352,74521,456,339,117,0,0,0,218,175,43,108,76,32,69,51,18,61,37,24
C3010,10,22,0000,District - Bhagalpur  22,Total,Age not stated,5702,3670,2032,106,61,45,0,0,0,91,53,38,4,1,3,9,6,3,2,1,1
C3010,10,22,0000,District - Bhagalpur  22,Rural,All ages,1970745,1049140,921605,312112,197574,114538,283948,174884,109064,25077,20365,4712,1320,1044,276,1318,996,322,449,285,164
C3010,10,22,0000,District - Bhagalpur  22,Rural,0-4,258858,130120,128738,3194,1704,1490,3194,1704,1490,0,0,0,0,0,0,0,0,0,0,0,0
C3010,10,22,0000,District - Bhagalpur  22,Rural,5,68244,35484,32760,5713,3282,2431,5713,3282,2431,0,0,0,0,0,0,0,0,0,0,0,0
C3010,10,22,0000,District - Bhagalpur  22,Rural,6,73293,37586,35707,12931,7221,5710,12931,7221,5710,0,0,0,0,0,0,0,0,0,0,0,0
C3010,10,22,0000,District - Bhagalpur  22,Rural,7,43793,22445,21348,17201,9654,7547,17201,9654,7547,0,0,0,0,0,0,0,0,0,0,0,0
C3010,10,22,0000,District - Bhagalpur  22,Rural,8,92166,48734,43432,39040,22779,16261,39040,22779,16261,0,0,0,0,0,0,0,0,0,0,0,0
C3010,10,22,0000,District - Bhagalpur  22,Rural,9,32955,17218,15737,17033,9808,7225,17033,9808,7225,0,0,0,0,0,0,0,0,0,0,0,0
C3010,10,22,0000,District - Bhagalpur  22,Rural,10,96682,52811,43871,46251,28129,18122,46251,28129,18122,0,0,0,0,0,0,0,0,0,0,0,0
C3010,10,22,0000,District - Bhagalpur  22,Rural,11,23797,12652,11145,13426,7915,5511,13426,7915,5511,0,0,0,0,0,0,0,0,0,0,0,0
C3010,10,22,0000,District - Bhagalpur  22,Rural,12,79334,43898,35436,39210,24255,14955,39210,24255,14955,0,0,0,0,0,0,0,0,0,0,0,0
C3010,10,22,0000,District - Bhagalpur  22,Rural,13,27515,14720,12795,14740,8783,5957,14740,8783,5957,0,0,0,0,0,0,0,0,0,0,0,0
C3010,10,22,0000,District - Bhagalpur  22,Rural,14,40674,22516,18158,19901,12331,7570,19901,12331,7570,0,0,0,0,0,0,0,0,0,0,0,0
C3010,10,22,0000,District - Bhagalpur  22,Rural,15-19,169200,103619,65581,57108,40240,16868,48322,33629,14693,7917,5962,1955,219,168,51,624,464,160,26,17,9
C3010,10,22,0000,District - Bhagalpur  22,Rural,20-24,145907,78999,66908,19401,15575,3826,6986,5394,1592,11841,9723,2118,302,250,52,222,178,44,50,30,20
C3010,10,22,0000,District - Bhagalpur  22,Rural,25-29,140125,70467,69658,3850,3399,451,0,0,0,3376,3011,365,260,220,40,153,124,29,61,44,17
C3010,10,22,0000,District - Bhagalpur  22,Rural,30-34,130295,65445,64850,1174,958,216,0,0,0,909,773,136,135,101,34,84,60,24,46,24,22
C3010,10,22,0000,District - Bhagalpur  22,Rural,35-59,411981,218851,193130,1598,1282,316,0,0,0,882,766,116,326,252,74,179,126,53,211,138,73
C3010,10,22,0000,District - Bhagalpur  22,Rural,60+,131322,70544,60778,313,240,73,0,0,0,131,114,17,77,53,24,52,42,10,53,31,22
C3010,10,22,0000,District - Bhagalpur  22,Rural,Age not stated,4604,3031,1573,28,19,9,0,0,0,21,16,5,1,0,1,4,2,2,2,1,1
C3010,10,22,0000,District - Bhagalpur  22,Urban,All ages,452427,242518,209909,118703,68098,50605,96291,53046,43245,21056,13997,7059,730,615,115,547,389,158,79,51,28
C3010,10,22,0000,District - Bhagalpur  22,Urban,0-4,46345,23735,22610,1396,722,674,1396,722,674,0,0,0,0,0,0,0,0,0,0,0,0
C3010,10,22,0000,District - Bhagalpur  22,Urban,5,12059,6319,5740,2191,1203,988,2191,1203,988,0,0,0,0,0,0,0,0,0,0,0,0
C3010,10,22,0000,District - Bhagalpur  22,Urban,6,13327,6888,6439,3837,2035,1802,3837,2035,1802,0,0,0,0,0,0,0,0,0,0,0,0
C3010,10,22,0000,District - Bhagalpur  22,Urban,7,9227,4650,4577,5630,2944,2686,5630,2944,2686,0,0,0,0,0,0,0,0,0,0,0,0
C3010,10,22,0000,District - Bhagalpur  22,Urban,8,16834,8756,8078,10642,5734,4908,10642,5734,4908,0,0,0,0,0,0,0,0,0,0,0,0
C3010,10,22,0000,District - Bhagalpur  22,Urban,9,7316,3829,3487,5302,2811,2491,5302,2811,2491,0,0,0,0,0,0,0,0,0,0,0,0
C3010,10,22,0000,District - Bhagalpur  22,Urban,10,18775,9992,8783,12937,7112,5825,12937,7112,5825,0,0,0,0,0,0,0,0,0,0,0,0
C3010,10,22,0000,District - Bhagalpur  22,Urban,11,6789,3551,3238,5154,2805,2349,5154,2805,2349,0,0,0,0,0,0,0,0,0,0,0,0
C3010,10,22,0000,District - Bhagalpur  22,Urban,12,17091,9247,7844,11889,6617,5272,11889,6617,5272,0,0,0,0,0,0,0,0,0,0,0,0
C3010,10,22,0000,District - Bhagalpur  22,Urban,13,8079,4053,4026,5992,3103,2889,5992,3103,2889,0,0,0,0,0,0,0,0,0,0,0,0
C3010,10,22,0000,District - Bhagalpur  22,Urban,14,11974,6298,5676,8266,4493,3773,8266,4493,3773,0,0,0,0,0,0,0,0,0,0,0,0
C3010,10,22,0000,District - Bhagalpur  22,Urban,15-19,48771,27249,21522,27977,16357,11620,20843,12038,8805,6790,4073,2717,115,85,30,221,154,67,8,7,1
C3010,10,22,0000,District - Bhagalpur  22,Urban,20-24,39641,22602,17039,12951,8672,4279,2212,1429,783,10470,7019,3451,140,120,20,117,99,18,12,5,7
C3010,10,22,0000,District - Bhagalpur  22,Urban,25-29,33792,18023,15769,2958,2308,650,0,0,0,2588,2001,587,259,236,23,95,62,33,16,9,7
C3010,10,22,0000,District - Bhagalpur  22,Urban,30-34,30113,15587,14526,645,524,121,0,0,0,537,435,102,67,58,9,33,24,9,8,7,1
C3010,10,22,0000,District - Bhagalpur  22,Urban,35-59,101645,55292,46353,715,517,198,0,0,0,514,371,143,115,92,23,59,37,22,27,17,10
C3010,10,22,0000,District - Bhagalpur  22,Urban,60+,29551,15808,13743,143,99,44,0,0,0,87,61,26,31,23,8,17,9,8,8,6,2
C3010,10,22,0000,District - Bhagalpur  22,Urban,Age not stated,1098,639,459,78,42,36,0,0,0,70,37,33,3,1,2,5,4,1,0,0,0
C3010,10,23,0000,District - Banka *  23,Total,All ages,1608773,843293,765480,229184,147917,81267,214097,135567,78530,13351,11065,2286,516,393,123,1045,806,239,175,86,89
C3010,10,23,0000,District - Banka *  23,Total,0-4,213438,107686,105752,1700,951,749,1700,951,749,0,0,0,0,0,0,0,0,0,0,0,0
C3010,10,23,0000,District - Banka *  23,Total,5,55946,29224,26722,3575,2082,1493,3575,2082,1493,0,0,0,0,0,0,0,0,0,0,0,0
C3010,10,23,0000,District - Banka *  23,Total,6,58519,29999,28520,9009,5125,3884,9009,5125,3884,0,0,0,0,0,0,0,0,0,0,0,0
C3010,10,23,0000,District - Banka *  23,Total,7,35756,18401,17355,13586,7822,5764,13586,7822,5764,0,0,0,0,0,0,0,0,0,0,0,0
C3010,10,23,0000,District - Banka *  23,Total,8,71902,37953,33949,31199,18578,12621,31199,18578,12621,0,0,0,0,0,0,0,0,0,0,0,0
C3010,10,23,0000,District - Banka *  23,Total,9,27962,14635,13327,14633,8563,6070,14633,8563,6070,0,0,0,0,0,0,0,0,0,0,0,0
C3010,10,23,0000,District - Banka *  23,Total,10,73888,40662,33226,36798,22851,13947,36798,22851,13947,0,0,0,0,0,0,0,0,0,0,0,0
C3010,10,23,0000,District - Banka *  23,Total,11,18722,9975,8747,10900,6577,4323,10900,6577,4323,0,0,0,0,0,0,0,0,0,0,0,0
C3010,10,23,0000,District - Banka *  23,Total,12,62227,34964,27263,31233,20156,11077,31233,20156,11077,0,0,0,0,0,0,0,0,0,0,0,0
C3010,10,23,0000,District - Banka *  23,Total,13,21172,11347,9825,11261,7028,4233,11261,7028,4233,0,0,0,0,0,0,0,0,0,0,0,0
C3010,10,23,0000,District - Banka *  23,Total,14,29506,16540,12966,14020,9185,4835,14020,9185,4835,0,0,0,0,0,0,0,0,0,0,0,0
C3010,10,23,0000,District - Banka *  23,Total,15-19,130736,75734,55002,37594,27589,10005,32366,23615,8751,4508,3409,1099,100,78,22,604,478,126,16,9,7
C3010,10,23,0000,District - Banka *  23,Total,20-24,119174,60438,58736,10427,8642,1785,3817,3034,783,6334,5405,929,97,78,19,154,117,37,25,8,17
C3010,10,23,0000,District - Banka *  23,Total,25-29,117538,57565,59973,1893,1689,204,0,0,0,1636,1486,150,136,109,27,106,89,17,15,5,10
C3010,10,23,0000,District - Banka *  23,Total,30-34,111405,55098,56307,563,472,91,0,0,0,417,376,41,60,46,14,59,38,21,27,12,15
C3010,10,23,0000,District - Banka *  23,Total,35-59,348716,183802,164914,638,491,147,0,0,0,381,321,60,94,64,30,89,64,25,74,42,32
C3010,10,23,0000,District - Banka *  23,Total,60+,109859,57985,51874,139,102,37,0,0,0,62,57,5,28,17,11,31,18,13,18,10,8
C3010,10,23,0000,District - Banka *  23,Total,Age not stated,2307,1285,1022,16,14,2,0,0,0,13,11,2,1,1,0,2,2,0,0,0,0
C3010,10,23,0000,District - Banka *  23,Rural,All ages,1552353,813088,739265,217557,141137,76420,203861,129780,74081,12048,10147,1901,477,359,118,1000,766,234,171,85,86
C3010,10,23,0000,District - Banka *  23,Rural,0-4,207092,104465,102627,1626,911,715,1626,911,715,0,0,0,0,0,0,0,0,0,0,0,0
C3010,10,23,0000,District - Banka *  23,Rural,5,54261,28340,25921,3393,1986,1407,3393,1986,1407,0,0,0,0,0,0,0,0,0,0,0,0
C3010,10,23,0000,District - Banka *  23,Rural,6,56767,29063,27704,8637,4927,3710,8637,4927,3710,0,0,0,0,0,0,0,0,0,0,0,0
C3010,10,23,0000,District - Banka *  23,Rural,7,34517,17741,16776,12867,7426,5441,12867,7426,5441,0,0,0,0,0,0,0,0,0,0,0,0
C3010,10,23,0000,District - Banka *  23,Rural,8,69660,36795,32865,29874,17859,12015,29874,17859,12015,0,0,0,0,0,0,0,0,0,0,0,0
C3010,10,23,0000,District - Banka *  23,Rural,9,27092,14181,12911,14032,8236,5796,14032,8236,5796,0,0,0,0,0,0,0,0,0,0,0,0
C3010,10,23,0000,District - Banka *  23,Rural,10,71433,39330,32103,35282,21998,13284,35282,21998,13284,0,0,0,0,0,0,0,0,0,0,0,0
C3010,10,23,0000,District - Banka *  23,Rural,11,17917,9526,8391,10319,6244,4075,10319,6244,4075,0,0,0,0,0,0,0,0,0,0,0,0
C3010,10,23,0000,District - Banka *  23,Rural,12,60066,33800,26266,29916,19409,10507,29916,19409,10507,0,0,0,0,0,0,0,0,0,0,0,0
C3010,10,23,0000,District - Banka *  23,Rural,13,20211,10864,9347,10611,6681,3930,10611,6681,3930,0,0,0,0,0,0,0,0,0,0,0,0
C3010,10,23,0000,District - Banka *  23,Rural,14,28212,15852,12360,13175,8721,4454,13175,8721,4454,0,0,0,0,0,0,0,0,0,0,0,0
C3010,10,23,0000,District - Banka *  23,Rural,15-19,125340,72604,52736,35159,26095,9064,30476,22472,8004,3993,3084,909,93,73,20,581,457,124,16,9,7
C3010,10,23,0000,District - Banka *  23,Rural,20-24,114934,58057,56877,9639,8066,1573,3653,2910,743,5732,4970,762,89,71,18,142,107,35,23,8,15
C3010,10,23,0000,District - Banka *  23,Rural,25-29,113529,55515,58014,1740,1560,180,0,0,0,1505,1376,129,119,94,25,101,85,16,15,5,10
C3010,10,23,0000,District - Banka *  23,Rural,30-34,107520,53110,54410,521,434,87,0,0,0,384,347,37,54,40,14,56,35,21,27,12,15
C3010,10,23,0000,District - Banka *  23,Rural,35-59,335757,176742,159015,616,472,144,0,0,0,364,306,58,93,63,30,87,62,25,72,41,31
C3010,10,23,0000,District - Banka *  23,Rural,60+,105832,55873,49959,136,99,37,0,0,0,59,54,5,28,17,11,31,18,13,18,10,8
C3010,10,23,0000,District - Banka *  23,Rural,Age not stated,2213,1230,983,14,13,1,0,0,0,11,10,1,1,1,0,2,2,0,0,0,0
C3010,10,23,0000,District - Banka *  23,Urban,All ages,56420,30205,26215,11627,6780,4847,10236,5787,4449,1303,918,385,39,34,5,45,40,5,4,1,3
C3010,10,23,0000,District - Banka *  23,Urban,0-4,6346,3221,3125,74,40,34,74,40,34,0,0,0,0,0,0,0,0,0,0,0,0
C3010,10,23,0000,District - Banka *  23,Urban,5,1685,884,801,182,96,86,182,96,86,0,0,0,0,0,0,0,0,0,0,0,0
C3010,10,23,0000,District - Banka *  23,Urban,6,1752,936,816,372,198,174,372,198,174,0,0,0,0,0,0,0,0,0,0,0,0
C3010,10,23,0000,District - Banka *  23,Urban,7,1239,660,579,719,396,323,719,396,323,0,0,0,0,0,0,0,0,0,0,0,0
C3010,10,23,0000,District - Banka *  23,Urban,8,2242,1158,1084,1325,719,606,1325,719,606,0,0,0,0,0,0,0,0,0,0,0,0
C3010,10,23,0000,District - Banka *  23,Urban,9,870,454,416,601,327,274,601,327,274,0,0,0,0,0,0,0,0,0,0,0,0
C3010,10,23,0000,District - Banka *  23,Urban,10,2455,1332,1123,1516,853,663,1516,853,663,0,0,0,0,0,0,0,0,0,0,0,0
C3010,10,23,0000,District - Banka *  23,Urban,11,805,449,356,581,333,248,581,333,248,0,0,0,0,0,0,0,0,0,0,0,0
C3010,10,23,0000,District - Banka *  23,Urban,12,2161,1164,997,1317,747,570,1317,747,570,0,0,0,0,0,0,0,0,0,0,0,0
C3010,10,23,0000,District - Banka *  23,Urban,13,961,483,478,650,347,303,650,347,303,0,0,0,0,0,0,0,0,0,0,0,0
C3010,10,23,0000,District - Banka *  23,Urban,14,1294,688,606,845,464,381,845,464,381,0,0,0,0,0,0,0,0,0,0,0,0
C3010,10,23,0000,District - Banka *  23,Urban,15-19,5396,3130,2266,2435,1494,941,1890,1143,747,515,325,190,7,5,2,23,21,2,0,0,0
C3010,10,23,0000,District - Banka *  23,Urban,20-24,4240,2381,1859,788,576,212,164,124,40,602,435,167,8,7,1,12,10,2,2,0,2
C3010,10,23,0000,District - Banka *  23,Urban,25-29,4009,2050,1959,153,129,24,0,0,0,131,110,21,17,15,2,5,4,1,0,0,0
C3010,10,23,0000,District - Banka *  23,Urban,30-34,3885,1988,1897,42,38,4,0,0,0,33,29,4,6,6,0,3,3,0,0,0,0
C3010,10,23,0000,District - Banka *  23,Urban,35-59,12959,7060,5899,22,19,3,0,0,0,17,15,2,1,1,0,2,2,0,2,1,1
C3010,10,23,0000,District - Banka *  23,Urban,60+,4027,2112,1915,3,3,0,0,0,0,3,3,0,0,0,0,0,0,0,0,0,0
C3010,10,23,0000,District - Banka *  23,Urban,Age not stated,94,55,39,2,1,1,0,0,0,2,1,1,0,0,0,0,0,0,0,0,0
C3010,10,24,0000,District - Munger  24,Total,All ages,1137797,607730,530067,245067,147640,97427,215465,125627,89838,25980,19504,6476,1063,783,280,1295,1158,137,1264,568,696
C3010,10,24,0000,District - Munger  24,Total,0-4,134754,70187,64567,2889,1533,1356,2889,1533,1356,0,0,0,0,0,0,0,0,0,0,0,0
C3010,10,24,0000,District - Munger  24,Total,5,33813,18004,15809,4527,2509,2018,4527,2509,2018,0,0,0,0,0,0,0,0,0,0,0,0
C3010,10,24,0000,District - Munger  24,Total,6,37168,19294,17874,9026,4924,4102,9026,4924,4102,0,0,0,0,0,0,0,0,0,0,0,0
C3010,10,24,0000,District - Munger  24,Total,7,24540,12556,11984,12324,6772,5552,12324,6772,5552,0,0,0,0,0,0,0,0,0,0,0,0
C3010,10,24,0000,District - Munger  24,Total,8,48168,25251,22917,26222,14648,11574,26222,14648,11574,0,0,0,0,0,0,0,0,0,0,0,0
C3010,10,24,0000,District - Munger  24,Total,9,19171,10014,9157,12462,6886,5576,12462,6886,5576,0,0,0,0,0,0,0,0,0,0,0,0
C3010,10,24,0000,District - Munger  24,Total,10,52658,28694,23964,32602,18955,13647,32602,18955,13647,0,0,0,0,0,0,0,0,0,0,0,0
C3010,10,24,0000,District - Munger  24,Total,11,14801,7962,6839,10559,5885,4674,10559,5885,4674,0,0,0,0,0,0,0,0,0,0,0,0
C3010,10,24,0000,District - Munger  24,Total,12,44384,24478,19906,28465,16613,11852,28465,16613,11852,0,0,0,0,0,0,0,0,0,0,0,0
C3010,10,24,0000,District - Munger  24,Total,13,17233,8974,8259,11986,6556,5430,11986,6556,5430,0,0,0,0,0,0,0,0,0,0,0,0
C3010,10,24,0000,District - Munger  24,Total,14,26315,14435,11880,16850,9727,7123,16850,9727,7123,0,0,0,0,0,0,0,0,0,0,0,0
C3010,10,24,0000,District - Munger  24,Total,15-19,107413,63041,44372,51691,33341,18350,41981,26573,15408,8660,5848,2812,179,141,38,797,743,54,74,36,38
C3010,10,24,0000,District - Munger  24,Total,20-24,90326,50053,40273,19108,14437,4671,5572,4046,1526,12875,9914,2961,251,190,61,202,190,12,208,97,111
C3010,10,24,0000,District - Munger  24,Total,25-29,80652,41407,39245,3587,2993,594,0,0,0,3022,2595,427,256,215,41,136,114,22,173,69,104
C3010,10,24,0000,District - Munger  24,Total,30-34,75019,37619,37400,1011,727,284,0,0,0,693,561,132,85,63,22,55,42,13,178,61,117
C3010,10,24,0000,District - Munger  24,Total,35-59,248680,131825,116855,1362,878,484,0,0,0,582,462,120,211,131,80,76,50,26,493,235,258
C3010,10,24,0000,District - Munger  24,Total,60+,77355,40418,36937,333,209,124,0,0,0,119,102,17,67,34,33,19,10,9,128,63,65
C3010,10,24,0000,District - Munger  24,Total,Age not stated,5347,3518,1829,63,47,16,0,0,0,29,22,7,14,9,5,10,9,1,10,7,3
C3010,10,24,0000,District - Munger  24,Rural,All ages,819950,437364,382586,154084,95975,58109,139024,84183,54841,13053,10665,2388,536,392,144,259,193,66,1212,542,670
C3010,10,24,0000,District - Munger  24,Rural,0-4,101317,52895,48422,1663,898,765,1663,898,765,0,0,0,0,0,0,0,0,0,0,0,0
C3010,10,24,0000,District - Munger  24,Rural,5,25707,13709,11998,2737,1541,1196,2737,1541,1196,0,0,0,0,0,0,0,0,0,0,0,0
C3010,10,24,0000,District - Munger  24,Rural,6,28483,14874,13609,5919,3297,2622,5919,3297,2622,0,0,0,0,0,0,0,0,0,0,0,0
C3010,10,24,0000,District - Munger  24,Rural,7,17947,9134,8813,7883,4444,3439,7883,4444,3439,0,0,0,0,0,0,0,0,0,0,0,0
C3010,10,24,0000,District - Munger  24,Rural,8,37049,19419,17630,18298,10423,7875,18298,10423,7875,0,0,0,0,0,0,0,0,0,0,0,0
C3010,10,24,0000,District - Munger  24,Rural,9,13722,7187,6535,8052,4584,3468,8052,4584,3468,0,0,0,0,0,0,0,0,0,0,0,0
C3010,10,24,0000,District - Munger  24,Rural,10,39743,21754,17989,22726,13586,9140,22726,13586,9140,0,0,0,0,0,0,0,0,0,0,0,0
C3010,10,24,0000,District - Munger  24,Rural,11,9717,5266,4451,6339,3679,2660,6339,3679,2660,0,0,0,0,0,0,0,0,0,0,0,0
C3010,10,24,0000,District - Munger  24,Rural,12,32760,18271,14489,19328,11752,7576,19328,11752,7576,0,0,0,0,0,0,0,0,0,0,0,0
C3010,10,24,0000,District - Munger  24,Rural,13,11511,6092,5419,7278,4195,3083,7278,4195,3083,0,0,0,0,0,0,0,0,0,0,0,0
C3010,10,24,0000,District - Munger  24,Rural,14,18016,10026,7990,10386,6270,4116,10386,6270,4116,0,0,0,0,0,0,0,0,0,0,0,0
C3010,10,24,0000,District - Munger  24,Rural,15-19,73278,43688,29590,29724,20434,9290,25063,16964,8099,4411,3305,1106,86,68,18,93,62,31,71,35,36
C3010,10,24,0000,District - Munger  24,Rural,20-24,63070,34436,28634,10028,8097,1931,3352,2550,802,6306,5310,996,124,101,23,48,42,6,198,94,104
C3010,10,24,0000,District - Munger  24,Rural,25-29,58011,29365,28646,1892,1597,295,0,0,0,1553,1386,167,119,103,16,55,45,10,165,63,102
C3010,10,24,0000,District - Munger  24,Rural,30-34,54250,27134,27116,611,420,191,0,0,0,365,309,56,46,31,15,25,21,4,175,59,116
C3010,10,24,0000,District - Munger  24,Rural,35-59,176065,92554,83511,956,601,355,0,0,0,343,289,54,110,68,42,29,17,12,474,227,247
C3010,10,24,0000,District - Munger  24,Rural,60+,56493,29801,26692,244,144,100,0,0,0,69,61,8,46,19,27,5,2,3,124,62,62
C3010,10,24,0000,District - Munger  24,Rural,Age not stated,2811,1759,1052,20,13,7,0,0,0,6,5,1,5,2,3,4,4,0,5,2,3
C3010,10,24,0000,District - Munger  24,Urban,All ages,317847,170366,147481,90983,51665,39318,76441,41444,34997,12927,8839,4088,527,391,136,1036,965,71,52,26,26
C3010,10,24,0000,District - Munger  24,Urban,0-4,33437,17292,16145,1226,635,591,1226,635,591,0,0,0,0,0,0,0,0,0,0,0,0
C3010,10,24,0000,District - Munger  24,Urban,5,8106,4295,3811,1790,968,822,1790,968,822,0,0,0,0,0,0,0,0,0,0,0,0
C3010,10,24,0000,District - Munger  24,Urban,6,8685,4420,4265,3107,1627,1480,3107,1627,1480,0,0,0,0,0,0,0,0,0,0,0,0
C3010,10,24,0000,District - Munger  24,Urban,7,6593,3422,3171,4441,2328,2113,4441,2328,2113,0,0,0,0,0,0,0,0,0,0,0,0
C3010,10,24,0000,District - Munger  24,Urban,8,11119,5832,5287,7924,4225,3699,7924,4225,3699,0,0,0,0,0,0,0,0,0,0,0,0
C3010,10,24,0000,District - Munger  24,Urban,9,5449,2827,2622,4410,2302,2108,4410,2302,2108,0,0,0,0,0,0,0,0,0,0,0,0
C3010,10,24,0000,District - Munger  24,Urban,10,12915,6940,5975,9876,5369,4507,9876,5369,4507,0,0,0,0,0,0,0,0,0,0,0,0
C3010,10,24,0000,District - Munger  24,Urban,11,5084,2696,2388,4220,2206,2014,4220,2206,2014,0,0,0,0,0,0,0,0,0,0,0,0
C3010,10,24,0000,District - Munger  24,Urban,12,11624,6207,5417,9137,4861,4276,9137,4861,4276,0,0,0,0,0,0,0,0,0,0,0,0
C3010,10,24,0000,District - Munger  24,Urban,13,5722,2882,2840,4708,2361,2347,4708,2361,2347,0,0,0,0,0,0,0,0,0,0,0,0
C3010,10,24,0000,District - Munger  24,Urban,14,8299,4409,3890,6464,3457,3007,6464,3457,3007,0,0,0,0,0,0,0,0,0,0,0,0
C3010,10,24,0000,District - Munger  24,Urban,15-19,34135,19353,14782,21967,12907,9060,16918,9609,7309,4249,2543,1706,93,73,20,704,681,23,3,1,2
C3010,10,24,0000,District - Munger  24,Urban,20-24,27256,15617,11639,9080,6340,2740,2220,1496,724,6569,4604,1965,127,89,38,154,148,6,10,3,7
C3010,10,24,0000,District - Munger  24,Urban,25-29,22641,12042,10599,1695,1396,299,0,0,0,1469,1209,260,137,112,25,81,69,12,8,6,2
C3010,10,24,0000,District - Munger  24,Urban,30-34,20769,10485,10284,400,307,93,0,0,0,328,252,76,39,32,7,30,21,9,3,2,1
C3010,10,24,0000,District - Munger  24,Urban,35-59,72615,39271,33344,406,277,129,0,0,0,239,173,66,101,63,38,47,33,14,19,8,11
C3010,10,24,0000,District - Munger  24,Urban,60+,20862,10617,10245,89,65,24,0,0,0,50,41,9,21,15,6,14,8,6,4,1,3
C3010,10,24,0000,District - Munger  24,Urban,Age not stated,2536,1759,777,43,34,9,0,0,0,23,17,6,9,7,2,6,5,1,5,5,0
C3010,10,25,0000,District - Lakhisarai *  25,Total,All ages,802225,417672,384553,132719,83060,49659,124002,76294,47708,8111,6334,1777,327,246,81,219,151,68,60,35,25
C3010,10,25,0000,District - Lakhisarai *  25,Total,0-4,111184,56655,54529,1551,885,666,1551,885,666,0,0,0,0,0,0,0,0,0,0,0,0
C3010,10,25,0000,District - Lakhisarai *  25,Total,5,27197,14337,12860,2535,1504,1031,2535,1504,1031,0,0,0,0,0,0,0,0,0,0,0,0
C3010,10,25,0000,District - Lakhisarai *  25,Total,6,30939,15808,15131,5304,2991,2313,5304,2991,2313,0,0,0,0,0,0,0,0,0,0,0,0
C3010,10,25,0000,District - Lakhisarai *  25,Total,7,17778,9156,8622,7484,4187,3297,7484,4187,3297,0,0,0,0,0,0,0,0,0,0,0,0
C3010,10,25,0000,District - Lakhisarai *  25,Total,8,36240,19202,17038,17328,10197,7131,17328,10197,7131,0,0,0,0,0,0,0,0,0,0,0,0
C3010,10,25,0000,District - Lakhisarai *  25,Total,9,15267,8112,7155,8772,5163,3609,8772,5163,3609,0,0,0,0,0,0,0,0,0,0,0,0
C3010,10,25,0000,District - Lakhisarai *  25,Total,10,35879,19667,16212,19865,12178,7687,19865,12178,7687,0,0,0,0,0,0,0,0,0,0,0,0
C3010,10,25,0000,District - Lakhisarai *  25,Total,11,10758,5849,4909,6916,4135,2781,6916,4135,2781,0,0,0,0,0,0,0,0,0,0,0,0
C3010,10,25,0000,District - Lakhisarai *  25,Total,12,29592,16310,13282,16774,10441,6333,16774,10441,6333,0,0,0,0,0,0,0,0,0,0,0,0
C3010,10,25,0000,District - Lakhisarai *  25,Total,13,12152,6517,5635,7242,4383,2859,7242,4383,2859,0,0,0,0,0,0,0,0,0,0,0,0
C3010,10,25,0000,District - Lakhisarai *  25,Total,14,17258,9443,7815,9149,5738,3411,9149,5738,3411,0,0,0,0,0,0,0,0,0,0,0,0
C3010,10,25,0000,District - Lakhisarai *  25,Total,15-19,68830,38168,30662,22393,15506,6887,19335,13239,6096,2912,2164,748,72,55,17,71,45,26,3,3,0
C3010,10,25,0000,District - Lakhisarai *  25,Total,20-24,62083,30722,31361,5944,4570,1374,1747,1253,494,4078,3219,859,70,62,8,42,33,9,7,3,4
C3010,10,25,0000,District - Lakhisarai *  25,Total,25-29,56765,27957,28808,937,792,145,0,0,0,799,685,114,89,71,18,44,35,9,5,1,4
C3010,10,25,0000,District - Lakhisarai *  25,Total,30-34,51155,25301,25854,227,182,45,0,0,0,169,142,27,28,21,7,22,14,8,8,5,3
C3010,10,25,0000,District - Lakhisarai *  25,Total,35-59,165465,85996,79469,220,155,65,0,0,0,117,94,23,49,29,20,24,14,10,30,18,12
C3010,10,25,0000,District - Lakhisarai *  25,Total,60+,52579,27718,24861,68,47,21,0,0,0,27,24,3,18,8,10,16,10,6,7,5,2
C3010,10,25,0000,District - Lakhisarai *  25,Total,Age not stated,1104,754,350,10,6,4,0,0,0,9,6,3,1,0,1,0,0,0,0,0,0
C3010,10,25,0000,District - Lakhisarai *  25,Rural,All ages,684485,355141,329344,107447,68089,39358,101405,63191,38214,5555,4552,1003,260,196,64,176,117,59,51,33,18
C3010,10,25,0000,District - Lakhisarai *  25,Rural,0-4,96596,49127,47469,1140,659,481,1140,659,481,0,0,0,0,0,0,0,0,0,0,0,0
C3010,10,25,0000,District - Lakhisarai *  25,Rural,5,23643,12468,11175,1909,1159,750,1909,1159,750,0,0,0,0,0,0,0,0,0,0,0,0
C3010,10,25,0000,District - Lakhisarai *  25,Rural,6,27092,13847,13245,4372,2478,1894,4372,2478,1894,0,0,0,0,0,0,0,0,0,0,0,0
C3010,10,25,0000,District - Lakhisarai *  25,Rural,7,15235,7839,7396,6135,3468,2667,6135,3468,2667,0,0,0,0,0,0,0,0,0,0,0,0
C3010,10,25,0000,District - Lakhisarai *  25,Rural,8,31415,16646,14769,14569,8645,5924,14569,8645,5924,0,0,0,0,0,0,0,0,0,0,0,0
C3010,10,25,0000,District - Lakhisarai *  25,Rural,9,13118,6936,6182,7333,4322,3011,7333,4322,3011,0,0,0,0,0,0,0,0,0,0,0,0
C3010,10,25,0000,District - Lakhisarai *  25,Rural,10,30953,16894,14059,16703,10306,6397,16703,10306,6397,0,0,0,0,0,0,0,0,0,0,0,0
C3010,10,25,0000,District - Lakhisarai *  25,Rural,11,8880,4825,4055,5557,3356,2201,5557,3356,2201,0,0,0,0,0,0,0,0,0,0,0,0
C3010,10,25,0000,District - Lakhisarai *  25,Rural,12,25253,13946,11307,13926,8786,5140,13926,8786,5140,0,0,0,0,0,0,0,0,0,0,0,0
C3010,10,25,0000,District - Lakhisarai *  25,Rural,13,10187,5466,4721,5926,3644,2282,5926,3644,2282,0,0,0,0,0,0,0,0,0,0,0,0
C3010,10,25,0000,District - Lakhisarai *  25,Rural,14,14373,7857,6516,7325,4692,2633,7325,4692,2633,0,0,0,0,0,0,0,0,0,0,0,0
C3010,10,25,0000,District - Lakhisarai *  25,Rural,15-19,57250,31665,25585,17239,12333,4906,15141,10684,4457,1983,1565,418,56,45,11,56,36,20,3,3,0
C3010,10,25,0000,District - Lakhisarai *  25,Rural,20-24,52273,25473,26800,4248,3365,883,1369,992,377,2785,2298,487,55,48,7,33,25,8,6,2,4
C3010,10,25,0000,District - Lakhisarai *  25,Rural,25-29,48232,23617,24615,665,570,95,0,0,0,563,495,68,68,53,15,31,22,9,3,0,3
C3010,10,25,0000,District - Lakhisarai *  25,Rural,30-34,43502,21446,22056,177,145,32,0,0,0,127,110,17,23,17,6,20,13,7,7,5,2
C3010,10,25,0000,District - Lakhisarai *  25,Rural,35-59,140186,72506,67680,166,122,44,0,0,0,78,66,12,42,26,16,21,12,9,25,18,7
C3010,10,25,0000,District - Lakhisarai *  25,Rural,60+,45405,23970,21435,56,39,17,0,0,0,19,18,1,15,7,8,15,9,6,7,5,2
C3010,10,25,0000,District - Lakhisarai *  25,Rural,Age not stated,892,613,279,1,0,1,0,0,0,0,0,0,1,0,1,0,0,0,0,0,0
C3010,10,25,0000,District - Lakhisarai *  25,Urban,All ages,117740,62531,55209,25272,14971,10301,22597,13103,9494,2556,1782,774,67,50,17,43,34,9,9,2,7
C3010,10,25,0000,District - Lakhisarai *  25,Urban,0-4,14588,7528,7060,411,226,185,411,226,185,0,0,0,0,0,0,0,0,0,0,0,0
C3010,10,25,0000,District - Lakhisarai *  25,Urban,5,3554,1869,1685,626,345,281,626,345,281,0,0,0,0,0,0,0,0,0,0,0,0
C3010,10,25,0000,District - Lakhisarai *  25,Urban,6,3847,1961,1886,932,513,419,932,513,419,0,0,0,0,0,0,0,0,0,0,0,0
C3010,10,25,0000,District - Lakhisarai *  25,Urban,7,2543,1317,1226,1349,719,630,1349,719,630,0,0,0,0,0,0,0,0,0,0,0,0
C3010,10,25,0000,District - Lakhisarai *  25,Urban,8,4825,2556,2269,2759,1552,1207,2759,1552,1207,0,0,0,0,0,0,0,0,0,0,0,0
C3010,10,25,0000,District - Lakhisarai *  25,Urban,9,2149,1176,973,1439,841,598,1439,841,598,0,0,0,0,0,0,0,0,0,0,0,0
C3010,10,25,0000,District - Lakhisarai *  25,Urban,10,4926,2773,2153,3162,1872,1290,3162,1872,1290,0,0,0,0,0,0,0,0,0,0,0,0
C3010,10,25,0000,District - Lakhisarai *  25,Urban,11,1878,1024,854,1359,779,580,1359,779,580,0,0,0,0,0,0,0,0,0,0,0,0
C3010,10,25,0000,District - Lakhisarai *  25,Urban,12,4339,2364,1975,2848,1655,1193,2848,1655,1193,0,0,0,0,0,0,0,0,0,0,0,0
C3010,10,25,0000,District - Lakhisarai *  25,Urban,13,1965,1051,914,1316,739,577,1316,739,577,0,0,0,0,0,0,0,0,0,0,0,0
C3010,10,25,0000,District - Lakhisarai *  25,Urban,14,2885,1586,1299,1824,1046,778,1824,1046,778,0,0,0,0,0,0,0,0,0,0,0,0
C3010,10,25,0000,District - Lakhisarai *  25,Urban,15-19,11580,6503,5077,5154,3173,1981,4194,2555,1639,929,599,330,16,10,6,15,9,6,0,0,0
C3010,10,25,0000,District - Lakhisarai *  25,Urban,20-24,9810,5249,4561,1696,1205,491,378,261,117,1293,921,372,15,14,1,9,8,1,1,1,0
C3010,10,25,0000,District - Lakhisarai *  25,Urban,25-29,8533,4340,4193,272,222,50,0,0,0,236,190,46,21,18,3,13,13,0,2,1,1
C3010,10,25,0000,District - Lakhisarai *  25,Urban,30-34,7653,3855,3798,50,37,13,0,0,0,42,32,10,5,4,1,2,1,1,1,0,1
C3010,10,25,0000,District - Lakhisarai *  25,Urban,35-59,25279,13490,11789,54,33,21,0,0,0,39,28,11,7,3,4,3,2,1,5,0,5
C3010,10,25,0000,District - Lakhisarai *  25,Urban,60+,7174,3748,3426,12,8,4,0,0,0,8,6,2,3,1,2,1,1,0,0,0,0
C3010,10,25,0000,District - Lakhisarai *  25,Urban,Age not stated,212,141,71,9,6,3,0,0,0,9,6,3,0,0,0,0,0,0,0,0,0
C3010,10,26,0000,District - Sheikhpura *  26,Total,All ages,525502,273992,251510,86327,55005,31322,78726,48992,29734,7153,5705,1448,187,130,57,168,122,46,93,56,37
C3010,10,26,0000,District - Sheikhpura *  26,Total,0-4,71583,36329,35254,634,358,276,634,358,276,0,0,0,0,0,0,0,0,0,0,0,0
C3010,10,26,0000,District - Sheikhpura *  26,Total,5,17166,8969,8197,1051,577,474,1051,577,474,0,0,0,0,0,0,0,0,0,0,0,0
C3010,10,26,0000,District - Sheikhpura *  26,Total,6,21033,10866,10167,2862,1670,1192,2862,1670,1192,0,0,0,0,0,0,0,0,0,0,0,0
C3010,10,26,0000,District - Sheikhpura *  26,Total,7,10818,5632,5186,4446,2569,1877,4446,2569,1877,0,0,0,0,0,0,0,0,0,0,0,0
C3010,10,26,0000,District - Sheikhpura *  26,Total,8,23251,12363,10888,10800,6467,4333,10800,6467,4333,0,0,0,0,0,0,0,0,0,0,0,0
C3010,10,26,0000,District - Sheikhpura *  26,Total,9,9557,4979,4578,5557,3228,2329,5557,3228,2329,0,0,0,0,0,0,0,0,0,0,0,0
C3010,10,26,0000,District - Sheikhpura *  26,Total,10,23493,12970,10523,12608,7859,4749,12608,7859,4749,0,0,0,0,0,0,0,0,0,0,0,0
C3010,10,26,0000,District - Sheikhpura *  26,Total,11,7374,3955,3419,4693,2836,1857,4693,2836,1857,0,0,0,0,0,0,0,0,0,0,0,0
C3010,10,26,0000,District - Sheikhpura *  26,Total,12,19341,10792,8549,10858,6830,4028,10858,6830,4028,0,0,0,0,0,0,0,0,0,0,0,0
C3010,10,26,0000,District - Sheikhpura *  26,Total,13,7967,4235,3732,4774,2916,1858,4774,2916,1858,0,0,0,0,0,0,0,0,0,0,0,0
C3010,10,26,0000,District - Sheikhpura *  26,Total,14,11312,6204,5108,5992,3807,2185,5992,3807,2185,0,0,0,0,0,0,0,0,0,0,0,0
C3010,10,26,0000,District - Sheikhpura *  26,Total,15-19,45601,24854,20747,15775,10907,4868,13104,8941,4163,2569,1901,668,33,22,11,66,40,26,3,3,0
C3010,10,26,0000,District - Sheikhpura *  26,Total,20-24,41231,20653,20578,4816,3739,1077,1347,934,413,3383,2749,634,40,28,12,29,22,7,17,6,11
C3010,10,26,0000,District - Sheikhpura *  26,Total,25-29,36959,18246,18713,847,744,103,0,0,0,775,685,90,37,28,9,24,22,2,11,9,2
C3010,10,26,0000,District - Sheikhpura *  26,Total,30-34,33513,16624,16889,233,193,40,0,0,0,190,164,26,18,12,6,11,10,1,14,7,7
C3010,10,26,0000,District - Sheikhpura *  26,Total,35-59,108213,56380,51833,308,248,60,0,0,0,189,167,22,51,34,17,29,22,7,39,25,14
C3010,10,26,0000,District - Sheikhpura *  26,Total,60+,35232,18941,16291,57,45,12,0,0,0,35,30,5,7,5,2,7,5,2,8,5,3
C3010,10,26,0000,District - Sheikhpura *  26,Total,Age not stated,1858,1000,858,16,12,4,0,0,0,12,9,3,1,1,0,2,1,1,1,1,0
C3010,10,26,0000,District - Sheikhpura *  26,Rural,All ages,444189,230820,213369,66845,43384,23461,61705,39120,22585,4776,4013,763,143,100,43,141,105,36,80,46,34
C3010,10,26,0000,District - Sheikhpura *  26,Rural,0-4,61453,31161,30292,456,258,198,456,258,198,0,0,0,0,0,0,0,0,0,0,0,0
C3010,10,26,0000,District - Sheikhpura *  26,Rural,5,14698,7670,7028,722,396,326,722,396,326,0,0,0,0,0,0,0,0,0,0,0,0
C3010,10,26,0000,District - Sheikhpura *  26,Rural,6,18132,9344,8788,2156,1274,882,2156,1274,882,0,0,0,0,0,0,0,0,0,0,0,0
C3010,10,26,0000,District - Sheikhpura *  26,Rural,7,9068,4729,4339,3440,2016,1424,3440,2016,1424,0,0,0,0,0,0,0,0,0,0,0,0
C3010,10,26,0000,District - Sheikhpura *  26,Rural,8,19722,10470,9252,8735,5285,3450,8735,5285,3450,0,0,0,0,0,0,0,0,0,0,0,0
C3010,10,26,0000,District - Sheikhpura *  26,Rural,9,7980,4162,3818,4463,2642,1821,4463,2642,1821,0,0,0,0,0,0,0,0,0,0,0,0
C3010,10,26,0000,District - Sheikhpura *  26,Rural,10,19948,10993,8955,10327,6527,3800,10327,6527,3800,0,0,0,0,0,0,0,0,0,0,0,0
C3010,10,26,0000,District - Sheikhpura *  26,Rural,11,6001,3208,2793,3677,2260,1417,3677,2260,1417,0,0,0,0,0,0,0,0,0,0,0,0
C3010,10,26,0000,District - Sheikhpura *  26,Rural,12,16290,9107,7183,8745,5600,3145,8745,5600,3145,0,0,0,0,0,0,0,0,0,0,0,0
C3010,10,26,0000,District - Sheikhpura *  26,Rural,13,6437,3436,3001,3640,2305,1335,3640,2305,1335,0,0,0,0,0,0,0,0,0,0,0,0
C3010,10,26,0000,District - Sheikhpura *  26,Rural,14,9216,5081,4135,4587,3012,1575,4587,3012,1575,0,0,0,0,0,0,0,0,0,0,0,0
C3010,10,26,0000,District - Sheikhpura *  26,Rural,15-19,37438,20220,17218,11454,8203,3251,9690,6804,2886,1688,1349,339,23,15,8,51,33,18,2,2,0
C3010,10,26,0000,District - Sheikhpura *  26,Rural,20-24,34654,17085,17569,3382,2708,674,1067,741,326,2246,1922,324,30,22,8,23,18,5,16,5,11
C3010,10,26,0000,District - Sheikhpura *  26,Rural,25-29,31382,15348,16034,606,524,82,0,0,0,550,480,70,26,18,8,20,18,2,10,8,2
C3010,10,26,0000,District - Sheikhpura *  26,Rural,30-34,28417,14089,14328,174,145,29,0,0,0,140,123,17,11,7,4,10,9,1,13,6,7
C3010,10,26,0000,District - Sheikhpura *  26,Rural,35-59,91417,47453,43964,227,186,41,0,0,0,124,114,10,45,32,13,28,21,7,30,19,11
C3010,10,26,0000,District - Sheikhpura *  26,Rural,60+,30264,16362,13902,43,34,9,0,0,0,21,19,2,7,5,2,7,5,2,8,5,3
C3010,10,26,0000,District - Sheikhpura *  26,Rural,Age not stated,1672,902,770,11,9,2,0,0,0,7,6,1,1,1,0,2,1,1,1,1,0
C3010,10,26,0000,District - Sheikhpura *  26,Urban,All ages,81313,43172,38141,19482,11621,7861,17021,9872,7149,2377,1692,685,44,30,14,27,17,10,13,10,3
C3010,10,26,0000,District - Sheikhpura *  26,Urban,0-4,10130,5168,4962,178,100,78,178,100,78,0,0,0,0,0,0,0,0,0,0,0,0
C3010,10,26,0000,District - Sheikhpura *  26,Urban,5,2468,1299,1169,329,181,148,329,181,148,0,0,0,0,0,0,0,0,0,0,0,0
C3010,10,26,0000,District - Sheikhpura *  26,Urban,6,2901,1522,1379,706,396,310,706,396,310,0,0,0,0,0,0,0,0,0,0,0,0
C3010,10,26,0000,District - Sheikhpura *  26,Urban,7,1750,903,847,1006,553,453,1006,553,453,0,0,0,0,0,0,0,0,0,0,0,0
C3010,10,26,0000,District - Sheikhpura *  26,Urban,8,3529,1893,1636,2065,1182,883,2065,1182,883,0,0,0,0,0,0,0,0,0,0,0,0
C3010,10,26,0000,District - Sheikhpura *  26,Urban,9,1577,817,760,1094,586,508,1094,586,508,0,0,0,0,0,0,0,0,0,0,0,0
C3010,10,26,0000,District - Sheikhpura *  26,Urban,10,3545,1977,1568,2281,1332,949,2281,1332,949,0,0,0,0,0,0,0,0,0,0,0,0
C3010,10,26,0000,District - Sheikhpura *  26,Urban,11,1373,747,626,1016,576,440,1016,576,440,0,0,0,0,0,0,0,0,0,0,0,0
C3010,10,26,0000,District - Sheikhpura *  26,Urban,12,3051,1685,1366,2113,1230,883,2113,1230,883,0,0,0,0,0,0,0,0,0,0,0,0
C3010,10,26,0000,District - Sheikhpura *  26,Urban,13,1530,799,731,1134,611,523,1134,611,523,0,0,0,0,0,0,0,0,0,0,0,0
C3010,10,26,0000,District - Sheikhpura *  26,Urban,14,2096,1123,973,1405,795,610,1405,795,610,0,0,0,0,0,0,0,0,0,0,0,0
C3010,10,26,0000,District - Sheikhpura *  26,Urban,15-19,8163,4634,3529,4321,2704,1617,3414,2137,1277,881,552,329,10,7,3,15,7,8,1,1,0
C3010,10,26,0000,District - Sheikhpura *  26,Urban,20-24,6577,3568,3009,1434,1031,403,280,193,87,1137,827,310,10,6,4,6,4,2,1,1,0
C3010,10,26,0000,District - Sheikhpura *  26,Urban,25-29,5577,2898,2679,241,220,21,0,0,0,225,205,20,11,10,1,4,4,0,1,1,0
C3010,10,26,0000,District - Sheikhpura *  26,Urban,30-34,5096,2535,2561,59,48,11,0,0,0,50,41,9,7,5,2,1,1,0,1,1,0
C3010,10,26,0000,District - Sheikhpura *  26,Urban,35-59,16796,8927,7869,81,62,19,0,0,0,65,53,12,6,2,4,1,1,0,9,6,3
C3010,10,26,0000,District - Sheikhpura *  26,Urban,60+,4968,2579,2389,14,11,3,0,0,0,14,11,3,0,0,0,0,0,0,0,0,0
C3010,10,26,0000,District - Sheikhpura *  26,Urban,Age not stated,186,98,88,5,3,2,0,0,0,5,3,2,0,0,0,0,0,0,0,0,0
C3010,10,27,0000,District - Nalanda  27,Total,All ages,2370528,1238599,1131929,438518,270166,168352,391228,233413,157815,44600,34795,9805,1507,1155,352,829,634,195,354,169,185
C3010,10,27,0000,District - Nalanda  27,Total,0-4,298638,152571,146067,3984,2202,1782,3984,2202,1782,0,0,0,0,0,0,0,0,0,0,0,0
C3010,10,27,0000,District - Nalanda  27,Total,5,73309,38575,34734,7732,4362,3370,7732,4362,3370,0,0,0,0,0,0,0,0,0,0,0,0
C3010,10,27,0000,District - Nalanda  27,Total,6,89293,46381,42912,17169,9724,7445,17169,9724,7445,0,0,0,0,0,0,0,0,0,0,0,0
C3010,10,27,0000,District - Nalanda  27,Total,7,46411,23925,22486,22867,12855,10012,22867,12855,10012,0,0,0,0,0,0,0,0,0,0,0,0
C3010,10,27,0000,District - Nalanda  27,Total,8,105136,55630,49506,54805,31773,23032,54805,31773,23032,0,0,0,0,0,0,0,0,0,0,0,0
C3010,10,27,0000,District - Nalanda  27,Total,9,41107,21606,19501,25706,14618,11088,25706,14618,11088,0,0,0,0,0,0,0,0,0,0,0,0
C3010,10,27,0000,District - Nalanda  27,Total,10,106225,57804,48421,62031,37132,24899,62031,37132,24899,0,0,0,0,0,0,0,0,0,0,0,0
C3010,10,27,0000,District - Nalanda  27,Total,11,29566,15717,13849,20188,11692,8496,20188,11692,8496,0,0,0,0,0,0,0,0,0,0,0,0
C3010,10,27,0000,District - Nalanda  27,Total,12,88056,48102,39954,52621,31772,20849,52621,31772,20849,0,0,0,0,0,0,0,0,0,0,0,0
C3010,10,27,0000,District - Nalanda  27,Total,13,33850,17556,16294,21821,12540,9281,21821,12540,9281,0,0,0,0,0,0,0,0,0,0,0,0
C3010,10,27,0000,District - Nalanda  27,Total,14,51373,27398,23975,29581,17642,11939,29581,17642,11939,0,0,0,0,0,0,0,0,0,0,0,0
C3010,10,27,0000,District - Nalanda  27,Total,15-19,210914,113334,97580,82242,54071,28171,66263,42608,23655,15432,11091,4341,278,208,70,250,155,95,19,9,10
C3010,10,27,0000,District - Nalanda  27,Total,20-24,191083,96961,94122,28264,21945,6319,6460,4493,1967,21289,17054,4235,313,245,68,155,131,24,47,22,25
C3010,10,27,0000,District - Nalanda  27,Total,25-29,175263,87466,87797,5873,5007,866,0,0,0,5241,4483,758,379,319,60,212,179,33,41,26,15
C3010,10,27,0000,District - Nalanda  27,Total,30-34,160650,80932,79718,1611,1301,310,0,0,0,1316,1086,230,168,124,44,92,77,15,35,14,21
C3010,10,27,0000,District - Nalanda  27,Total,35-59,499168,262114,237054,1646,1251,395,0,0,0,1095,892,203,288,208,80,98,75,23,165,76,89
C3010,10,27,0000,District - Nalanda  27,Total,60+,167616,90736,76880,339,255,84,0,0,0,191,166,25,80,51,29,22,17,5,46,21,25
C3010,10,27,0000,District - Nalanda  27,Total,Age not stated,2870,1791,1079,38,24,14,0,0,0,36,23,13,1,0,1,0,0,0,1,1,0
C3010,10,27,0000,District - Nalanda  27,Rural,All ages,2016899,1052091,964808,347901,218468,129433,315118,191853,123265,31009,25309,5700,988,747,241,532,428,104,254,131,123
C3010,10,27,0000,District - Nalanda  27,Rural,0-4,258792,131894,126898,2952,1648,1304,2952,1648,1304,0,0,0,0,0,0,0,0,0,0,0,0
C3010,10,27,0000,District - Nalanda  27,Rural,5,63419,33351,30068,6001,3406,2595,6001,3406,2595,0,0,0,0,0,0,0,0,0,0,0,0
C3010,10,27,0000,District - Nalanda  27,Rural,6,77840,40424,37416,14015,8061,5954,14015,8061,5954,0,0,0,0,0,0,0,0,0,0,0,0
C3010,10,27,0000,District - Nalanda  27,Rural,7,39013,20189,18824,18424,10578,7846,18424,10578,7846,0,0,0,0,0,0,0,0,0,0,0,0
C3010,10,27,0000,District - Nalanda  27,Rural,8,90752,48155,42597,45613,26829,18784,45613,26829,18784,0,0,0,0,0,0,0,0,0,0,0,0
C3010,10,27,0000,District - Nalanda  27,Rural,9,34663,18252,16411,21009,12136,8873,21009,12136,8873,0,0,0,0,0,0,0,0,0,0,0,0
C3010,10,27,0000,District - Nalanda  27,Rural,10,90677,49514,41163,51197,31155,20042,51197,31155,20042,0,0,0,0,0,0,0,0,0,0,0,0
C3010,10,27,0000,District - Nalanda  27,Rural,11,24183,12873,11310,16013,9431,6582,16013,9431,6582,0,0,0,0,0,0,0,0,0,0,0,0
C3010,10,27,0000,District - Nalanda  27,Rural,12,74599,40924,33675,43177,26594,16583,43177,26594,16583,0,0,0,0,0,0,0,0,0,0,0,0
C3010,10,27,0000,District - Nalanda  27,Rural,13,27534,14354,13180,17057,10055,7002,17057,10055,7002,0,0,0,0,0,0,0,0,0,0,0,0
C3010,10,27,0000,District - Nalanda  27,Rural,14,41682,22373,19309,23012,14103,8909,23012,14103,8909,0,0,0,0,0,0,0,0,0,0,0,0
C3010,10,27,0000,District - Nalanda  27,Rural,15-19,173521,93304,80217,62549,42525,20024,51480,34174,17306,10733,8105,2628,182,138,44,138,100,38,16,8,8
C3010,10,27,0000,District - Nalanda  27,Rural,20-24,160526,80461,80065,20132,16234,3898,5168,3683,1485,14621,12293,2328,197,150,47,106,91,15,40,17,23
C3010,10,27,0000,District - Nalanda  27,Rural,25-29,149044,73952,75092,4076,3572,504,0,0,0,3676,3236,440,234,202,32,133,111,22,33,23,10
C3010,10,27,0000,District - Nalanda  27,Rural,30-34,137372,68919,68453,1163,967,196,0,0,0,978,828,150,103,74,29,62,52,10,20,13,7
C3010,10,27,0000,District - Nalanda  27,Rural,35-59,425174,222460,202714,1243,971,272,0,0,0,848,715,133,206,141,65,75,58,17,114,57,57
C3010,10,27,0000,District - Nalanda  27,Rural,60+,145779,79187,66592,249,191,58,0,0,0,136,121,15,65,42,23,18,16,2,30,12,18
C3010,10,27,0000,District - Nalanda  27,Rural,Age not stated,2329,1505,824,19,12,7,0,0,0,17,11,6,1,0,1,0,0,0,1,1,0
C3010,10,27,0000,District - Nalanda  27,Urban,All ages,353629,186508,167121,90617,51698,38919,76110,41560,34550,13591,9486,4105,519,408,111,297,206,91,100,38,62
C3010,10,27,0000,District - Nalanda  27,Urban,0-4,39846,20677,19169,1032,554,478,1032,554,478,0,0,0,0,0,0,0,0,0,0,0,0
C3010,10,27,0000,District - Nalanda  27,Urban,5,9890,5224,4666,1731,956,775,1731,956,775,0,0,0,0,0,0,0,0,0,0,0,0
C3010,10,27,0000,District - Nalanda  27,Urban,6,11453,5957,5496,3154,1663,1491,3154,1663,1491,0,0,0,0,0,0,0,0,0,0,0,0
C3010,10,27,0000,District - Nalanda  27,Urban,7,7398,3736,3662,4443,2277,2166,4443,2277,2166,0,0,0,0,0,0,0,0,0,0,0,0
C3010,10,27,0000,District - Nalanda  27,Urban,8,14384,7475,6909,9192,4944,4248,9192,4944,4248,0,0,0,0,0,0,0,0,0,0,0,0
C3010,10,27,0000,District - Nalanda  27,Urban,9,6444,3354,3090,4697,2482,2215,4697,2482,2215,0,0,0,0,0,0,0,0,0,0,0,0
C3010,10,27,0000,District - Nalanda  27,Urban,10,15548,8290,7258,10834,5977,4857,10834,5977,4857,0,0,0,0,0,0,0,0,0,0,0,0
C3010,10,27,0000,District - Nalanda  27,Urban,11,5383,2844,2539,4175,2261,1914,4175,2261,1914,0,0,0,0,0,0,0,0,0,0,0,0
C3010,10,27,0000,District - Nalanda  27,Urban,12,13457,7178,6279,9444,5178,4266,9444,5178,4266,0,0,0,0,0,0,0,0,0,0,0,0
C3010,10,27,0000,District - Nalanda  27,Urban,13,6316,3202,3114,4764,2485,2279,4764,2485,2279,0,0,0,0,0,0,0,0,0,0,0,0
C3010,10,27,0000,District - Nalanda  27,Urban,14,9691,5025,4666,6569,3539,3030,6569,3539,3030,0,0,0,0,0,0,0,0,0,0,0,0
C3010,10,27,0000,District - Nalanda  27,Urban,15-19,37393,20030,17363,19693,11546,8147,14783,8434,6349,4699,2986,1713,96,70,26,112,55,57,3,1,2
C3010,10,27,0000,District - Nalanda  27,Urban,20-24,30557,16500,14057,8132,5711,2421,1292,810,482,6668,4761,1907,116,95,21,49,40,9,7,5,2
C3010,10,27,0000,District - Nalanda  27,Urban,25-29,26219,13514,12705,1797,1435,362,0,0,0,1565,1247,318,145,117,28,79,68,11,8,3,5
C3010,10,27,0000,District - Nalanda  27,Urban,30-34,23278,12013,11265,448,334,114,0,0,0,338,258,80,65,50,15,30,25,5,15,1,14
C3010,10,27,0000,District - Nalanda  27,Urban,35-59,73994,39654,34340,403,280,123,0,0,0,247,177,70,82,67,15,23,17,6,51,19,32
C3010,10,27,0000,District - Nalanda  27,Urban,60+,21837,11549,10288,90,64,26,0,0,0,55,45,10,15,9,6,4,1,3,16,9,7
C3010,10,27,0000,District - Nalanda  27,Urban,Age not stated,541,286,255,19,12,7,0,0,0,19,12,7,0,0,0,0,0,0,0,0,0
C3010,10,28,0000,District - Patna  28,Total,All ages,4718592,2519942,2198650,1083181,646519,436662,924816,533646,391170,145374,102984,42390,8106,6282,1824,3930,3081,849,955,526,429
C3010,10,28,0000,District - Patna  28,Total,0-4,530093,273334,256759,13103,7196,5907,13103,7196,5907,0,0,0,0,0,0,0,0,0,0,0,0
C3010,10,28,0000,District - Patna  28,Total,5,133159,71532,61627,21680,12165,9515,21680,12165,9515,0,0,0,0,0,0,0,0,0,0,0,0
C3010,10,28,0000,District - Patna  28,Total,6,155742,81096,74646,40069,21988,18081,40069,21988,18081,0,0,0,0,0,0,0,0,0,0,0,0
C3010,10,28,0000,District - Patna  28,Total,7,90223,46715,43508,51292,27844,23448,51292,27844,23448,0,0,0,0,0,0,0,0,0,0,0,0
C3010,10,28,0000,District - Patna  28,Total,8,191133,101717,89416,112383,63285,49098,112383,63285,49098,0,0,0,0,0,0,0,0,0,0,0,0
C3010,10,28,0000,District - Patna  28,Total,9,75330,39524,35806,52712,29014,23698,52712,29014,23698,0,0,0,0,0,0,0,0,0,0,0,0
C3010,10,28,0000,District - Patna  28,Total,10,204972,112247,92725,132935,77092,55843,132935,77092,55843,0,0,0,0,0,0,0,0,0,0,0,0
C3010,10,28,0000,District - Patna  28,Total,11,60350,31887,28463,45713,25283,20430,45713,25283,20430,0,0,0,0,0,0,0,0,0,0,0,0
C3010,10,28,0000,District - Patna  28,Total,12,173848,95161,78687,116268,67227,49041,116268,67227,49041,0,0,0,0,0,0,0,0,0,0,0,0
C3010,10,28,0000,District - Patna  28,Total,13,72624,37759,34865,52533,28735,23798,52533,28735,23798,0,0,0,0,0,0,0,0,0,0,0,0
C3010,10,28,0000,District - Patna  28,Total,14,112507,60554,51953,74729,42424,32305,74729,42424,32305,0,0,0,0,0,0,0,0,0,0,0,0
C3010,10,28,0000,District - Patna  28,Total,15-19,461313,260196,201117,238115,147543,90572,190126,116364,73762,45552,29525,16027,1470,1035,435,902,576,326,65,43,22
C3010,10,28,0000,District - Patna  28,Total,20-24,407016,220981,186035,100486,71883,28603,21273,15029,6244,76108,54472,21636,2155,1631,524,815,678,137,135,73,62
C3010,10,28,0000,District - Patna  28,Total,25-29,360567,187085,173482,20614,16784,3830,0,0,0,16593,13455,3138,2581,2142,439,1275,1094,181,165,93,72
C3010,10,28,0000,District - Patna  28,Total,30-34,329801,168666,161135,4807,3825,982,0,0,0,3497,2788,709,779,649,130,414,337,77,117,51,66
C3010,10,28,0000,District - Patna  28,Total,35-59,1039458,556368,483090,4634,3452,1182,0,0,0,2920,2236,684,926,688,238,439,331,108,349,197,152
C3010,10,28,0000,District - Patna  28,Total,60+,314112,171284,142828,970,689,281,0,0,0,590,439,151,187,129,58,74,55,19,119,66,53
C3010,10,28,0000,District - Patna  28,Total,Age not stated,6344,3836,2508,138,90,48,0,0,0,114,69,45,8,8,0,11,10,1,5,3,2
C3010,10,28,0000,District - Patna  28,Rural,All ages,2757060,1456408,1300652,492290,305171,187119,460064,278587,181477,29686,24808,4878,1380,1018,362,663,505,158,497,253,244
C3010,10,28,0000,District - Patna  28,Rural,0-4,349411,178635,170776,4430,2499,1931,4430,2499,1931,0,0,0,0,0,0,0,0,0,0,0,0
C3010,10,28,0000,District - Patna  28,Rural,5,86335,46322,40013,9136,5188,3948,9136,5188,3948,0,0,0,0,0,0,0,0,0,0,0,0
C3010,10,28,0000,District - Patna  28,Rural,6,105252,54725,50527,20600,11578,9022,20600,11578,9022,0,0,0,0,0,0,0,0,0,0,0,0
C3010,10,28,0000,District - Patna  28,Rural,7,51718,26758,24960,23902,13281,10621,23902,13281,10621,0,0,0,0,0,0,0,0,0,0,0,0
C3010,10,28,0000,District - Patna  28,Rural,8,126299,67424,58875,64513,37375,27138,64513,37375,27138,0,0,0,0,0,0,0,0,0,0,0,0
C3010,10,28,0000,District - Patna  28,Rural,9,42392,22209,20183,25762,14601,11161,25762,14601,11161,0,0,0,0,0,0,0,0,0,0,0,0
C3010,10,28,0000,District - Patna  28,Rural,10,131738,72593,59145,76298,45956,30342,76298,45956,30342,0,0,0,0,0,0,0,0,0,0,0,0
C3010,10,28,0000,District - Patna  28,Rural,11,30476,16146,14330,20320,11673,8647,20320,11673,8647,0,0,0,0,0,0,0,0,0,0,0,0
C3010,10,28,0000,District - Patna  28,Rural,12,106956,59038,47918,63739,38693,25046,63739,38693,25046,0,0,0,0,0,0,0,0,0,0,0,0
C3010,10,28,0000,District - Patna  28,Rural,13,37213,19459,17754,23351,13451,9900,23351,13451,9900,0,0,0,0,0,0,0,0,0,0,0,0
C3010,10,28,0000,District - Patna  28,Rural,14,60915,32993,27922,34507,20772,13735,34507,20772,13735,0,0,0,0,0,0,0,0,0,0,0,0
C3010,10,28,0000,District - Patna  28,Rural,15-19,241218,135111,106107,91092,61829,29263,81586,54535,27051,9096,7025,2071,243,162,81,137,90,47,30,17,13
C3010,10,28,0000,District - Patna  28,Rural,20-24,219916,113611,106305,26962,21704,5258,11920,8985,2935,14601,12406,2195,258,200,58,109,82,27,74,31,43
C3010,10,28,0000,District - Patna  28,Rural,25-29,201911,101564,100347,4271,3796,475,0,0,0,3819,3455,364,265,212,53,125,104,21,62,25,37
C3010,10,28,0000,District - Patna  28,Rural,30-34,190174,95599,94575,1371,1165,206,0,0,0,1059,945,114,165,126,39,87,71,16,60,23,37
C3010,10,28,0000,District - Patna  28,Rural,35-59,578155,305470,272685,1643,1330,313,0,0,0,933,834,99,351,256,95,169,131,38,190,109,81
C3010,10,28,0000,District - Patna  28,Rural,60+,192516,106066,86450,361,259,102,0,0,0,155,128,27,95,59,36,34,26,8,77,46,31
C3010,10,28,0000,District - Patna  28,Rural,Age not stated,4465,2685,1780,32,21,11,0,0,0,23,15,8,3,3,0,2,1,1,4,2,2
C3010,10,28,0000,District - Patna  28,Urban,All ages,1961532,1063534,897998,590891,341348,249543,464752,255059,209693,115688,78176,37512,6726,5264,1462,3267,2576,691,458,273,185
C3010,10,28,0000,District - Patna  28,Urban,0-4,180682,94699,85983,8673,4697,3976,8673,4697,3976,0,0,0,0,0,0,0,0,0,0,0,0
C3010,10,28,0000,District - Patna  28,Urban,5,46824,25210,21614,12544,6977,5567,12544,6977,5567,0,0,0,0,0,0,0,0,0,0,0,0
C3010,10,28,0000,District - Patna  28,Urban,6,50490,26371,24119,19469,10410,9059,19469,10410,9059,0,0,0,0,0,0,0,0,0,0,0,0
C3010,10,28,0000,District - Patna  28,Urban,7,38505,19957,18548,27390,14563,12827,27390,14563,12827,0,0,0,0,0,0,0,0,0,0,0,0
C3010,10,28,0000,District - Patna  28,Urban,8,64834,34293,30541,47870,25910,21960,47870,25910,21960,0,0,0,0,0,0,0,0,0,0,0,0
C3010,10,28,0000,District - Patna  28,Urban,9,32938,17315,15623,26950,14413,12537,26950,14413,12537,0,0,0,0,0,0,0,0,0,0,0,0
C3010,10,28,0000,District - Patna  28,Urban,10,73234,39654,33580,56637,31136,25501,56637,31136,25501,0,0,0,0,0,0,0,0,0,0,0,0
C3010,10,28,0000,District - Patna  28,Urban,11,29874,15741,14133,25393,13610,11783,25393,13610,11783,0,0,0,0,0,0,0,0,0,0,0,0
C3010,10,28,0000,District - Patna  28,Urban,12,66892,36123,30769,52529,28534,23995,52529,28534,23995,0,0,0,0,0,0,0,0,0,0,0,0
C3010,10,28,0000,District - Patna  28,Urban,13,35411,18300,17111,29182,15284,13898,29182,15284,13898,0,0,0,0,0,0,0,0,0,0,0,0
C3010,10,28,0000,District - Patna  28,Urban,14,51592,27561,24031,40222,21652,18570,40222,21652,18570,0,0,0,0,0,0,0,0,0,0,0,0
C3010,10,28,0000,District - Patna  28,Urban,15-19,220095,125085,95010,147023,85714,61309,108540,61829,46711,36456,22500,13956,1227,873,354,765,486,279,35,26,9
C3010,10,28,0000,District - Patna  28,Urban,20-24,187100,107370,79730,73524,50179,23345,9353,6044,3309,61507,42066,19441,1897,1431,466,706,596,110,61,42,19
C3010,10,28,0000,District - Patna  28,Urban,25-29,158656,85521,73135,16343,12988,3355,0,0,0,12774,10000,2774,2316,1930,386,1150,990,160,103,68,35
C3010,10,28,0000,District - Patna  28,Urban,30-34,139627,73067,66560,3436,2660,776,0,0,0,2438,1843,595,614,523,91,327,266,61,57,28,29
C3010,10,28,0000,District - Patna  28,Urban,35-59,461303,250898,210405,2991,2122,869,0,0,0,1987,1402,585,575,432,143,270,200,70,159,88,71
C3010,10,28,0000,District - Patna  28,Urban,60+,121596,65218,56378,609,430,179,0,0,0,435,311,124,92,70,22,40,29,11,42,20,22
C3010,10,28,0000,District - Patna  28,Urban,Age not stated,1879,1151,728,106,69,37,0,0,0,91,54,37,5,5,0,9,9,0,1,1,0
C3010,10,29,0000,District - Bhojpur  29,Total,All ages,2243144,1179611,1063533,479623,301416,178207,440905,269889,171016,36844,30222,6622,950,718,232,534,419,115,390,168,222
C3010,10,29,0000,District - Bhojpur  29,Total,0-4,270812,137531,133281,3958,2149,1809,3958,2149,1809,0,0,0,0,0,0,0,0,0,0,0,0
C3010,10,29,0000,District - Bhojpur  29,Total,5,75471,40387,35084,9250,5356,3894,9250,5356,3894,0,0,0,0,0,0,0,0,0,0,0,0
C3010,10,29,0000,District - Bhojpur  29,Total,6,76959,40302,36657,18872,10772,8100,18872,10772,8100,0,0,0,0,0,0,0,0,0,0,0,0
C3010,10,29,0000,District - Bhojpur  29,Total,7,49815,26039,23776,27783,15718,12065,27783,15718,12065,0,0,0,0,0,0,0,0,0,0,0,0
C3010,10,29,0000,District - Bhojpur  29,Total,8,97614,51886,45728,61265,35490,25775,61265,35490,25775,0,0,0,0,0,0,0,0,0,0,0,0
C3010,10,29,0000,District - Bhojpur  29,Total,9,36224,19034,17190,26395,14940,11455,26395,14940,11455,0,0,0,0,0,0,0,0,0,0,0,0
C3010,10,29,0000,District - Bhojpur  29,Total,10,105499,57525,47974,73027,43672,29355,73027,43672,29355,0,0,0,0,0,0,0,0,0,0,0,0
C3010,10,29,0000,District - Bhojpur  29,Total,11,27984,15025,12959,21491,12595,8896,21491,12595,8896,0,0,0,0,0,0,0,0,0,0,0,0
C3010,10,29,0000,District - Bhojpur  29,Total,12,86386,47752,38634,60154,37161,22993,60154,37161,22993,0,0,0,0,0,0,0,0,0,0,0,0
C3010,10,29,0000,District - Bhojpur  29,Total,13,33938,18068,15870,24226,14618,9608,24226,14618,9608,0,0,0,0,0,0,0,0,0,0,0,0
C3010,10,29,0000,District - Bhojpur  29,Total,14,52823,28724,24099,33968,21332,12636,33968,21332,12636,0,0,0,0,0,0,0,0,0,0,0,0
C3010,10,29,0000,District - Bhojpur  29,Total,15-19,205293,116013,89280,87547,61769,25778,73445,50838,22607,13717,10654,3063,181,138,43,171,123,48,33,16,17
C3010,10,29,0000,District - Bhojpur  29,Total,20-24,176220,91801,84419,24931,20104,4827,7071,5248,1823,17572,14638,2934,156,125,31,85,75,10,47,18,29
C3010,10,29,0000,District - Bhojpur  29,Total,25-29,161822,81016,80806,4099,3661,438,0,0,0,3704,3341,363,241,200,41,112,95,17,42,25,17
C3010,10,29,0000,District - Bhojpur  29,Total,30-34,149456,74088,75368,1047,865,182,0,0,0,850,726,124,91,74,17,56,49,7,50,16,34
C3010,10,29,0000,District - Bhojpur  29,Total,35-59,467176,241139,226037,1300,990,310,0,0,0,832,723,109,212,140,72,85,61,24,171,66,105
C3010,10,29,0000,District - Bhojpur  29,Total,60+,167458,91956,75502,288,209,79,0,0,0,149,127,22,67,39,28,25,16,9,47,27,20
C3010,10,29,0000,District - Bhojpur  29,Total,Age not stated,2194,1325,869,22,15,7,0,0,0,20,13,7,2,2,0,0,0,0,0,0,0
C3010,10,29,0000,District - Bhojpur  29,Rural,All ages,1930730,1010076,920654,395297,252226,143071,369976,230116,139860,24009,21241,2768,635,470,165,349,262,87,328,137,191
C3010,10,29,0000,District - Bhojpur  29,Rural,0-4,238404,120812,117592,3139,1728,1411,3139,1728,1411,0,0,0,0,0,0,0,0,0,0,0,0
C3010,10,29,0000,District - Bhojpur  29,Rural,5,66529,35552,30977,7861,4532,3329,7861,4532,3329,0,0,0,0,0,0,0,0,0,0,0,0
C3010,10,29,0000,District - Bhojpur  29,Rural,6,67724,35424,32300,16362,9382,6980,16362,9382,6980,0,0,0,0,0,0,0,0,0,0,0,0
C3010,10,29,0000,District - Bhojpur  29,Rural,7,43139,22604,20535,23515,13451,10064,23515,13451,10064,0,0,0,0,0,0,0,0,0,0,0,0
C3010,10,29,0000,District - Bhojpur  29,Rural,8,85590,45487,40103,52867,30831,22036,52867,30831,22036,0,0,0,0,0,0,0,0,0,0,0,0
C3010,10,29,0000,District - Bhojpur  29,Rural,9,30774,16160,14614,22069,12617,9452,22069,12617,9452,0,0,0,0,0,0,0,0,0,0,0,0
C3010,10,29,0000,District - Bhojpur  29,Rural,10,92048,50234,41814,63074,38087,24987,63074,38087,24987,0,0,0,0,0,0,0,0,0,0,0,0
C3010,10,29,0000,District - Bhojpur  29,Rural,11,23393,12606,10787,17649,10529,7120,17649,10529,7120,0,0,0,0,0,0,0,0,0,0,0,0
C3010,10,29,0000,District - Bhojpur  29,Rural,12,74552,41334,33218,51193,32156,19037,51193,32156,19037,0,0,0,0,0,0,0,0,0,0,0,0
C3010,10,29,0000,District - Bhojpur  29,Rural,13,28356,15144,13212,19785,12223,7562,19785,12223,7562,0,0,0,0,0,0,0,0,0,0,0,0
C3010,10,29,0000,District - Bhojpur  29,Rural,14,44339,24206,20133,27692,17915,9777,27692,17915,9777,0,0,0,0,0,0,0,0,0,0,0,0
C3010,10,29,0000,District - Bhojpur  29,Rural,15-19,171919,97076,74843,68149,50040,18109,58797,42161,16636,9092,7705,1387,128,95,33,104,67,37,28,12,16
C3010,10,29,0000,District - Bhojpur  29,Rural,20-24,149254,76280,72974,17307,14678,2629,5973,4504,1469,11142,10031,1111,92,76,16,62,55,7,38,12,26
C3010,10,29,0000,District - Bhojpur  29,Rural,25-29,138881,68569,70312,2691,2489,202,0,0,0,2454,2299,155,141,119,22,64,52,12,32,19,13
C3010,10,29,0000,District - Bhojpur  29,Rural,30-34,128343,62861,65482,743,634,109,0,0,0,604,543,61,56,42,14,39,34,5,44,15,29
C3010,10,29,0000,District - Bhojpur  29,Rural,35-59,398995,203912,195083,979,768,211,0,0,0,609,564,45,163,106,57,58,40,18,149,58,91
C3010,10,29,0000,District - Bhojpur  29,Rural,60+,146589,80699,65890,213,158,55,0,0,0,99,91,8,55,32,23,22,14,8,37,21,16
C3010,10,29,0000,District - Bhojpur  29,Rural,Age not stated,1901,1116,785,9,8,1,0,0,0,9,8,1,0,0,0,0,0,0,0,0,0
C3010,10,29,0000,District - Bhojpur  29,Urban,All ages,312414,169535,142879,84326,49190,35136,70929,39773,31156,12835,8981,3854,315,248,67,185,157,28,62,31,31
C3010,10,29,0000,District - Bhojpur  29,Urban,0-4,32408,16719,15689,819,421,398,819,421,398,0,0,0,0,0,0,0,0,0,0,0,0
C3010,10,29,0000,District - Bhojpur  29,Urban,5,8942,4835,4107,1389,824,565,1389,824,565,0,0,0,0,0,0,0,0,0,0,0,0
C3010,10,29,0000,District - Bhojpur  29,Urban,6,9235,4878,4357,2510,1390,1120,2510,1390,1120,0,0,0,0,0,0,0,0,0,0,0,0
C3010,10,29,0000,District - Bhojpur  29,Urban,7,6676,3435,3241,4268,2267,2001,4268,2267,2001,0,0,0,0,0,0,0,0,0,0,0,0
C3010,10,29,0000,District - Bhojpur  29,Urban,8,12024,6399,5625,8398,4659,3739,8398,4659,3739,0,0,0,0,0,0,0,0,0,0,0,0
C3010,10,29,0000,District - Bhojpur  29,Urban,9,5450,2874,2576,4326,2323,2003,4326,2323,2003,0,0,0,0,0,0,0,0,0,0,0,0
C3010,10,29,0000,District - Bhojpur  29,Urban,10,13451,7291,6160,9953,5585,4368,9953,5585,4368,0,0,0,0,0,0,0,0,0,0,0,0
C3010,10,29,0000,District - Bhojpur  29,Urban,11,4591,2419,2172,3842,2066,1776,3842,2066,1776,0,0,0,0,0,0,0,0,0,0,0,0
C3010,10,29,0000,District - Bhojpur  29,Urban,12,11834,6418,5416,8961,5005,3956,8961,5005,3956,0,0,0,0,0,0,0,0,0,0,0,0
C3010,10,29,0000,District - Bhojpur  29,Urban,13,5582,2924,2658,4441,2395,2046,4441,2395,2046,0,0,0,0,0,0,0,0,0,0,0,0
C3010,10,29,0000,District - Bhojpur  29,Urban,14,8484,4518,3966,6276,3417,2859,6276,3417,2859,0,0,0,0,0,0,0,0,0,0,0,0
C3010,10,29,0000,District - Bhojpur  29,Urban,15-19,33374,18937,14437,19398,11729,7669,14648,8677,5971,4625,2949,1676,53,43,10,67,56,11,5,4,1
C3010,10,29,0000,District - Bhojpur  29,Urban,20-24,26966,15521,11445,7624,5426,2198,1098,744,354,6430,4607,1823,64,49,15,23,20,3,9,6,3
C3010,10,29,0000,District - Bhojpur  29,Urban,25-29,22941,12447,10494,1408,1172,236,0,0,0,1250,1042,208,100,81,19,48,43,5,10,6,4
C3010,10,29,0000,District - Bhojpur  29,Urban,30-34,21113,11227,9886,304,231,73,0,0,0,246,183,63,35,32,3,17,15,2,6,1,5
C3010,10,29,0000,District - Bhojpur  29,Urban,35-59,68181,37227,30954,321,222,99,0,0,0,223,159,64,49,34,15,27,21,6,22,8,14
C3010,10,29,0000,District - Bhojpur  29,Urban,60+,20869,11257,9612,75,51,24,0,0,0,50,36,14,12,7,5,3,2,1,10,6,4
C3010,10,29,0000,District - Bhojpur  29,Urban,Age not stated,293,209,84,13,7,6,0,0,0,11,5,6,2,2,0,0,0,0,0,0,0
C3010,10,30,0000,District - Buxar *  30,Total,All ages,1402396,738354,664042,285461,182381,103080,263434,164293,99141,20690,17213,3477,722,493,229,305,220,85,310,162,148
C3010,10,30,0000,District - Buxar *  30,Total,0-4,172313,87802,84511,2382,1297,1085,2382,1297,1085,0,0,0,0,0,0,0,0,0,0,0,0
C3010,10,30,0000,District - Buxar *  30,Total,5,49584,26911,22673,5252,3120,2132,5252,3120,2132,0,0,0,0,0,0,0,0,0,0,0,0
C3010,10,30,0000,District - Buxar *  30,Total,6,49952,26532,23420,11085,6346,4739,11085,6346,4739,0,0,0,0,0,0,0,0,0,0,0,0
C3010,10,30,0000,District - Buxar *  30,Total,7,33630,17575,16055,17947,10204,7743,17947,10204,7743,0,0,0,0,0,0,0,0,0,0,0,0
C3010,10,30,0000,District - Buxar *  30,Total,8,60443,32631,27812,36518,21773,14745,36518,21773,14745,0,0,0,0,0,0,0,0,0,0,0,0
C3010,10,30,0000,District - Buxar *  30,Total,9,23652,12554,11098,16844,9747,7097,16844,9747,7097,0,0,0,0,0,0,0,0,0,0,0,0
C3010,10,30,0000,District - Buxar *  30,Total,10,64219,35693,28526,43130,26579,16551,43130,26579,16551,0,0,0,0,0,0,0,0,0,0,0,0
C3010,10,30,0000,District - Buxar *  30,Total,11,17876,9644,8232,13376,7973,5403,13376,7973,5403,0,0,0,0,0,0,0,0,0,0,0,0
C3010,10,30,0000,District - Buxar *  30,Total,12,51925,28641,23284,35038,21907,13131,35038,21907,13131,0,0,0,0,0,0,0,0,0,0,0,0
C3010,10,30,0000,District - Buxar *  30,Total,13,21570,11572,9998,14936,9173,5763,14936,9173,5763,0,0,0,0,0,0,0,0,0,0,0,0
C3010,10,30,0000,District - Buxar *  30,Total,14,31662,17180,14482,19759,12616,7143,19759,12616,7143,0,0,0,0,0,0,0,0,0,0,0,0
C3010,10,30,0000,District - Buxar *  30,Total,15-19,124794,70228,54566,51064,36763,14301,43051,30461,12590,7799,6153,1646,127,94,33,70,47,23,17,8,9
C3010,10,30,0000,District - Buxar *  30,Total,20-24,105777,54182,51595,13929,11351,2578,4116,3097,1019,9580,8098,1482,128,91,37,57,43,14,48,22,26
C3010,10,30,0000,District - Buxar *  30,Total,25-29,100297,49631,50666,2259,1991,268,0,0,0,2004,1811,193,139,113,26,50,36,14,66,31,35
C3010,10,30,0000,District - Buxar *  30,Total,30-34,93347,45994,47353,693,581,112,0,0,0,554,484,70,76,57,19,32,24,8,31,16,15
C3010,10,30,0000,District - Buxar *  30,Total,35-59,292924,152296,140628,922,722,200,0,0,0,557,494,63,180,107,73,72,53,19,113,68,45
C3010,10,30,0000,District - Buxar *  30,Total,60+,107126,58561,48565,315,228,87,0,0,0,185,163,22,71,31,40,24,17,7,35,17,18
C3010,10,30,0000,District - Buxar *  30,Total,Age not stated,1305,727,578,12,10,2,0,0,0,11,10,1,1,0,1,0,0,0,0,0,0
C3010,10,30,0000,District - Buxar *  30,Rural,All ages,1273422,669408,604014,250491,162045,88446,233275,147322,85953,16087,14004,2083,599,394,205,243,171,72,287,154,133
C3010,10,30,0000,District - Buxar *  30,Rural,0-4,158337,80764,77573,1913,1048,865,1913,1048,865,0,0,0,0,0,0,0,0,0,0,0,0
C3010,10,30,0000,District - Buxar *  30,Rural,5,45681,24789,20892,4459,2686,1773,4459,2686,1773,0,0,0,0,0,0,0,0,0,0,0,0
C3010,10,30,0000,District - Buxar *  30,Rural,6,46054,24448,21606,9759,5620,4139,9759,5620,4139,0,0,0,0,0,0,0,0,0,0,0,0
C3010,10,30,0000,District - Buxar *  30,Rural,7,30564,15943,14621,15796,9024,6772,15796,9024,6772,0,0,0,0,0,0,0,0,0,0,0,0
C3010,10,30,0000,District - Buxar *  30,Rural,8,55514,30007,25507,32942,19790,13152,32942,19790,13152,0,0,0,0,0,0,0,0,0,0,0,0
C3010,10,30,0000,District - Buxar *  30,Rural,9,21296,11313,9983,14961,8720,6241,14961,8720,6241,0,0,0,0,0,0,0,0,0,0,0,0
C3010,10,30,0000,District - Buxar *  30,Rural,10,58818,32695,26123,39022,24204,14818,39022,24204,14818,0,0,0,0,0,0,0,0,0,0,0,0
C3010,10,30,0000,District - Buxar *  30,Rural,11,15824,8544,7280,11687,7038,4649,11687,7038,4649,0,0,0,0,0,0,0,0,0,0,0,0
C3010,10,30,0000,District - Buxar *  30,Rural,12,47117,25999,21118,31421,19856,11565,31421,19856,11565,0,0,0,0,0,0,0,0,0,0,0,0
C3010,10,30,0000,District - Buxar *  30,Rural,13,19213,10318,8895,13076,8150,4926,13076,8150,4926,0,0,0,0,0,0,0,0,0,0,0,0
C3010,10,30,0000,District - Buxar *  30,Rural,14,28255,15369,12886,17306,11290,6016,17306,11290,6016,0,0,0,0,0,0,0,0,0,0,0,0
C3010,10,30,0000,District - Buxar *  30,Rural,15-19,110923,62492,48431,43395,32203,11192,37212,27065,10147,6014,5019,995,103,76,27,51,35,16,15,8,7
C3010,10,30,0000,District - Buxar *  30,Rural,20-24,95152,48269,46883,11273,9463,1810,3721,2831,890,7359,6507,852,98,66,32,51,39,12,44,20,24
C3010,10,30,0000,District - Buxar *  30,Rural,25-29,91156,44926,46230,1814,1629,185,0,0,0,1610,1491,119,104,83,21,39,26,13,61,29,32
C3010,10,30,0000,District - Buxar *  30,Rural,30-34,84939,41687,43252,596,498,98,0,0,0,477,420,57,65,47,18,24,16,8,30,15,15
C3010,10,30,0000,District - Buxar *  30,Rural,35-59,265207,137360,127847,794,622,172,0,0,0,472,425,47,162,94,68,56,38,18,104,65,39
C3010,10,30,0000,District - Buxar *  30,Rural,60+,98232,53854,44378,271,199,72,0,0,0,150,137,13,66,28,38,22,17,5,33,17,16
C3010,10,30,0000,District - Buxar *  30,Rural,Age not stated,1140,631,509,6,5,1,0,0,0,5,5,0,1,0,1,0,0,0,0,0,0
C3010,10,30,0000,District - Buxar *  30,Urban,All ages,128974,68946,60028,34970,20336,14634,30159,16971,13188,4603,3209,1394,123,99,24,62,49,13,23,8,15
C3010,10,30,0000,District - Buxar *  30,Urban,0-4,13976,7038,6938,469,249,220,469,249,220,0,0,0,0,0,0,0,0,0,0,0,0
C3010,10,30,0000,District - Buxar *  30,Urban,5,3903,2122,1781,793,434,359,793,434,359,0,0,0,0,0,0,0,0,0,0,0,0
C3010,10,30,0000,District - Buxar *  30,Urban,6,3898,2084,1814,1326,726,600,1326,726,600,0,0,0,0,0,0,0,0,0,0,0,0
C3010,10,30,0000,District - Buxar *  30,Urban,7,3066,1632,1434,2151,1180,971,2151,1180,971,0,0,0,0,0,0,0,0,0,0,0,0
C3010,10,30,0000,District - Buxar *  30,Urban,8,4929,2624,2305,3576,1983,1593,3576,1983,1593,0,0,0,0,0,0,0,0,0,0,0,0
C3010,10,30,0000,District - Buxar *  30,Urban,9,2356,1241,1115,1883,1027,856,1883,1027,856,0,0,0,0,0,0,0,0,0,0,0,0
C3010,10,30,0000,District - Buxar *  30,Urban,10,5401,2998,2403,4108,2375,1733,4108,2375,1733,0,0,0,0,0,0,0,0,0,0,0,0
C3010,10,30,0000,District - Buxar *  30,Urban,11,2052,1100,952,1689,935,754,1689,935,754,0,0,0,0,0,0,0,0,0,0,0,0
C3010,10,30,0000,District - Buxar *  30,Urban,12,4808,2642,2166,3617,2051,1566,3617,2051,1566,0,0,0,0,0,0,0,0,0,0,0,0
C3010,10,30,0000,District - Buxar *  30,Urban,13,2357,1254,1103,1860,1023,837,1860,1023,837,0,0,0,0,0,0,0,0,0,0,0,0
C3010,10,30,0000,District - Buxar *  30,Urban,14,3407,1811,1596,2453,1326,1127,2453,1326,1127,0,0,0,0,0,0,0,0,0,0,0,0
C3010,10,30,0000,District - Buxar *  30,Urban,15-19,13871,7736,6135,7669,4560,3109,5839,3396,2443,1785,1134,651,24,18,6,19,12,7,2,0,2
C3010,10,30,0000,District - Buxar *  30,Urban,20-24,10625,5913,4712,2656,1888,768,395,266,129,2221,1591,630,30,25,5,6,4,2,4,2,2
C3010,10,30,0000,District - Buxar *  30,Urban,25-29,9141,4705,4436,445,362,83,0,0,0,394,320,74,35,30,5,11,10,1,5,2,3
C3010,10,30,0000,District - Buxar *  30,Urban,30-34,8408,4307,4101,97,83,14,0,0,0,77,64,13,11,10,1,8,8,0,1,1,0
C3010,10,30,0000,District - Buxar *  30,Urban,35-59,27717,14936,12781,128,100,28,0,0,0,85,69,16,18,13,5,16,15,1,9,3,6
C3010,10,30,0000,District - Buxar *  30,Urban,60+,8894,4707,4187,44,29,15,0,0,0,35,26,9,5,3,2,2,0,2,2,0,2
C3010,10,30,0000,District - Buxar *  30,Urban,Age not stated,165,96,69,6,5,1,0,0,0,6,5,1,0,0,0,0,0,0,0,0,0
C3010,10,31,0000,District - Kaimur (Bhabua) *  31,Total,All ages,1289074,677623,611451,250295,158107,92188,234315,145096,89219,13978,11846,2132,720,499,221,318,230,88,964,436,528
C3010,10,31,0000,District - Kaimur (Bhabua) *  31,Total,0-4,176355,89797,86558,2386,1317,1069,2386,1317,1069,0,0,0,0,0,0,0,0,0,0,0,0
C3010,10,31,0000,District - Kaimur (Bhabua) *  31,Total,5,46313,24885,21428,3760,2173,1587,3760,2173,1587,0,0,0,0,0,0,0,0,0,0,0,0
C3010,10,31,0000,District - Kaimur (Bhabua) *  31,Total,6,47144,24418,22726,8831,4961,3870,8831,4961,3870,0,0,0,0,0,0,0,0,0,0,0,0
C3010,10,31,0000,District - Kaimur (Bhabua) *  31,Total,7,29799,15557,14242,16146,9153,6993,16146,9153,6993,0,0,0,0,0,0,0,0,0,0,0,0
C3010,10,31,0000,District - Kaimur (Bhabua) *  31,Total,8,55754,29948,25806,34527,20148,14379,34527,20148,14379,0,0,0,0,0,0,0,0,0,0,0,0
C3010,10,31,0000,District - Kaimur (Bhabua) *  31,Total,9,21143,11259,9884,15388,8824,6564,15388,8824,6564,0,0,0,0,0,0,0,0,0,0,0,0
C3010,10,31,0000,District - Kaimur (Bhabua) *  31,Total,10,58111,32220,25891,39701,24120,15581,39701,24120,15581,0,0,0,0,0,0,0,0,0,0,0,0
C3010,10,31,0000,District - Kaimur (Bhabua) *  31,Total,11,14832,8046,6786,11150,6582,4568,11150,6582,4568,0,0,0,0,0,0,0,0,0,0,0,0
C3010,10,31,0000,District - Kaimur (Bhabua) *  31,Total,12,45985,25349,20636,31821,19549,12272,31821,19549,12272,0,0,0,0,0,0,0,0,0,0,0,0
C3010,10,31,0000,District - Kaimur (Bhabua) *  31,Total,13,17727,9647,8080,12351,7643,4708,12351,7643,4708,0,0,0,0,0,0,0,0,0,0,0,0
C3010,10,31,0000,District - Kaimur (Bhabua) *  31,Total,14,27103,14887,12216,17112,10989,6123,17112,10989,6123,0,0,0,0,0,0,0,0,0,0,0,0
C3010,10,31,0000,District - Kaimur (Bhabua) *  31,Total,15-19,104886,59314,45572,42176,30730,11446,36872,26512,10360,5040,4047,993,115,84,31,100,68,32,49,19,30
C3010,10,31,0000,District - Kaimur (Bhabua) *  31,Total,20-24,95406,46968,48438,10901,8742,2159,4270,3125,1145,6352,5463,889,103,74,29,39,29,10,137,51,86
C3010,10,31,0000,District - Kaimur (Bhabua) *  31,Total,25-29,89936,45115,44821,1825,1548,277,0,0,0,1459,1337,122,126,92,34,59,49,10,181,70,111
C3010,10,31,0000,District - Kaimur (Bhabua) *  31,Total,30-34,85979,42500,43479,770,567,203,0,0,0,467,405,62,94,66,28,39,27,12,170,69,101
C3010,10,31,0000,District - Kaimur (Bhabua) *  31,Total,35-59,267131,140582,126549,1106,812,294,0,0,0,506,458,48,211,138,73,56,42,14,333,174,159
C3010,10,31,0000,District - Kaimur (Bhabua) *  31,Total,60+,94662,51154,43508,261,186,75,0,0,0,101,90,11,61,41,20,21,13,8,78,42,36
C3010,10,31,0000,District - Kaimur (Bhabua) *  31,Total,Age not stated,10808,5977,4831,83,63,20,0,0,0,53,46,7,10,4,6,4,2,2,16,11,5
C3010,10,31,0000,District - Kaimur (Bhabua) *  31,Rural,All ages,1247299,654826,592473,237671,150611,87060,223333,138796,84537,12417,10720,1697,661,446,215,298,214,84,962,435,527
C3010,10,31,0000,District - Kaimur (Bhabua) *  31,Rural,0-4,171851,87442,84409,2259,1257,1002,2259,1257,1002,0,0,0,0,0,0,0,0,0,0,0,0
C3010,10,31,0000,District - Kaimur (Bhabua) *  31,Rural,5,45201,24280,20921,3584,2061,1523,3584,2061,1523,0,0,0,0,0,0,0,0,0,0,0,0
C3010,10,31,0000,District - Kaimur (Bhabua) *  31,Rural,6,45895,23785,22110,8437,4741,3696,8437,4741,3696,0,0,0,0,0,0,0,0,0,0,0,0
C3010,10,31,0000,District - Kaimur (Bhabua) *  31,Rural,7,28844,15059,13785,15426,8765,6661,15426,8765,6661,0,0,0,0,0,0,0,0,0,0,0,0
C3010,10,31,0000,District - Kaimur (Bhabua) *  31,Rural,8,54176,29147,25029,33299,19515,13784,33299,19515,13784,0,0,0,0,0,0,0,0,0,0,0,0
C3010,10,31,0000,District - Kaimur (Bhabua) *  31,Rural,9,20361,10830,9531,14721,8446,6275,14721,8446,6275,0,0,0,0,0,0,0,0,0,0,0,0
C3010,10,31,0000,District - Kaimur (Bhabua) *  31,Rural,10,56376,31263,25113,38233,23298,14935,38233,23298,14935,0,0,0,0,0,0,0,0,0,0,0,0
C3010,10,31,0000,District - Kaimur (Bhabua) *  31,Rural,11,14135,7676,6459,10544,6258,4286,10544,6258,4286,0,0,0,0,0,0,0,0,0,0,0,0
C3010,10,31,0000,District - Kaimur (Bhabua) *  31,Rural,12,44352,24448,19904,30448,18773,11675,30448,18773,11675,0,0,0,0,0,0,0,0,0,0,0,0
C3010,10,31,0000,District - Kaimur (Bhabua) *  31,Rural,13,16944,9246,7698,11678,7294,4384,11678,7294,4384,0,0,0,0,0,0,0,0,0,0,0,0
C3010,10,31,0000,District - Kaimur (Bhabua) *  31,Rural,14,25897,14231,11666,16163,10463,5700,16163,10463,5700,0,0,0,0,0,0,0,0,0,0,0,0
C3010,10,31,0000,District - Kaimur (Bhabua) *  31,Rural,15-19,100205,56494,43711,39184,28773,10411,34467,24944,9523,4476,3677,799,99,72,27,93,61,32,49,19,30
C3010,10,31,0000,District - Kaimur (Bhabua) *  31,Rural,20-24,91994,45042,46952,9904,8000,1904,4074,2981,1093,5569,4881,688,90,62,28,34,25,9,137,51,86
C3010,10,31,0000,District - Kaimur (Bhabua) *  31,Rural,25-29,87131,43586,43545,1667,1416,251,0,0,0,1318,1221,97,111,78,33,57,47,10,181,70,111
C3010,10,31,0000,District - Kaimur (Bhabua) *  31,Rural,30-34,83206,41048,42158,730,536,194,0,0,0,433,380,53,89,61,28,38,26,12,170,69,101
C3010,10,31,0000,District - Kaimur (Bhabua) *  31,Rural,35-59,257956,135539,122417,1061,774,287,0,0,0,473,430,43,202,129,73,54,42,12,332,173,159
C3010,10,31,0000,District - Kaimur (Bhabua) *  31,Rural,60+,92107,49831,42276,253,180,73,0,0,0,97,87,10,60,40,20,19,11,8,77,42,35
C3010,10,31,0000,District - Kaimur (Bhabua) *  31,Rural,Age not stated,10668,5879,4789,80,61,19,0,0,0,51,44,7,10,4,6,3,2,1,16,11,5
C3010,10,31,0000,District - Kaimur (Bhabua) *  31,Urban,All ages,41775,22797,18978,12624,7496,5128,10982,6300,4682,1561,1126,435,59,53,6,20,16,4,2,1,1
C3010,10,31,0000,District - Kaimur (Bhabua) *  31,Urban,0-4,4504,2355,2149,127,60,67,127,60,67,0,0,0,0,0,0,0,0,0,0,0,0
C3010,10,31,0000,District - Kaimur (Bhabua) *  31,Urban,5,1112,605,507,176,112,64,176,112,64,0,0,0,0,0,0,0,0,0,0,0,0
C3010,10,31,0000,District - Kaimur (Bhabua) *  31,Urban,6,1249,633,616,394,220,174,394,220,174,0,0,0,0,0,0,0,0,0,0,0,0
C3010,10,31,0000,District - Kaimur (Bhabua) *  31,Urban,7,955,498,457,720,388,332,720,388,332,0,0,0,0,0,0,0,0,0,0,0,0
C3010,10,31,0000,District - Kaimur (Bhabua) *  31,Urban,8,1578,801,777,1228,633,595,1228,633,595,0,0,0,0,0,0,0,0,0,0,0,0
C3010,10,31,0000,District - Kaimur (Bhabua) *  31,Urban,9,782,429,353,667,378,289,667,378,289,0,0,0,0,0,0,0,0,0,0,0,0
C3010,10,31,0000,District - Kaimur (Bhabua) *  31,Urban,10,1735,957,778,1468,822,646,1468,822,646,0,0,0,0,0,0,0,0,0,0,0,0
C3010,10,31,0000,District - Kaimur (Bhabua) *  31,Urban,11,697,370,327,606,324,282,606,324,282,0,0,0,0,0,0,0,0,0,0,0,0
C3010,10,31,0000,District - Kaimur (Bhabua) *  31,Urban,12,1633,901,732,1373,776,597,1373,776,597,0,0,0,0,0,0,0,0,0,0,0,0
C3010,10,31,0000,District - Kaimur (Bhabua) *  31,Urban,13,783,401,382,673,349,324,673,349,324,0,0,0,0,0,0,0,0,0,0,0,0
C3010,10,31,0000,District - Kaimur (Bhabua) *  31,Urban,14,1206,656,550,949,526,423,949,526,423,0,0,0,0,0,0,0,0,0,0,0,0
C3010,10,31,0000,District - Kaimur (Bhabua) *  31,Urban,15-19,4681,2820,1861,2992,1957,1035,2405,1568,837,564,370,194,16,12,4,7,7,0,0,0,0
C3010,10,31,0000,District - Kaimur (Bhabua) *  31,Urban,20-24,3412,1926,1486,997,742,255,196,144,52,783,582,201,13,12,1,5,4,1,0,0,0
C3010,10,31,0000,District - Kaimur (Bhabua) *  31,Urban,25-29,2805,1529,1276,158,132,26,0,0,0,141,116,25,15,14,1,2,2,0,0,0,0
C3010,10,31,0000,District - Kaimur (Bhabua) *  31,Urban,30-34,2773,1452,1321,40,31,9,0,0,0,34,25,9,5,5,0,1,1,0,0,0,0
C3010,10,31,0000,District - Kaimur (Bhabua) *  31,Urban,35-59,9175,5043,4132,45,38,7,0,0,0,33,28,5,9,9,0,2,0,2,1,1,0
C3010,10,31,0000,District - Kaimur (Bhabua) *  31,Urban,60+,2555,1323,1232,8,6,2,0,0,0,4,3,1,1,1,0,2,2,0,1,0,1
C3010,10,31,0000,District - Kaimur (Bhabua) *  31,Urban,Age not stated,140,98,42,3,2,1,0,0,0,2,2,0,0,0,0,1,0,1,0,0,0
C3010,10,32,0000,District - Rohtas  32,Total,All ages,2450748,1283485,1167263,545973,329252,216721,502820,295288,207532,40241,32028,8213,1230,997,233,971,651,320,711,288,423
C3010,10,32,0000,District - Rohtas  32,Total,0-4,312605,158183,154422,5775,3080,2695,5775,3080,2695,0,0,0,0,0,0,0,0,0,0,0,0
C3010,10,32,0000,District - Rohtas  32,Total,5,83591,44410,39181,11811,6641,5170,11811,6641,5170,0,0,0,0,0,0,0,0,0,0,0,0
C3010,10,32,0000,District - Rohtas  32,Total,6,88163,45672,42491,24809,13788,11021,24809,13788,11021,0,0,0,0,0,0,0,0,0,0,0,0
C3010,10,32,0000,District - Rohtas  32,Total,7,54404,27794,26610,33740,18321,15419,33740,18321,15419,0,0,0,0,0,0,0,0,0,0,0,0
C3010,10,32,0000,District - Rohtas  32,Total,8,106565,56660,49905,71334,40632,30702,71334,40632,30702,0,0,0,0,0,0,0,0,0,0,0,0
C3010,10,32,0000,District - Rohtas  32,Total,9,38327,20029,18298,29515,16292,13223,29515,16292,13223,0,0,0,0,0,0,0,0,0,0,0,0
C3010,10,32,0000,District - Rohtas  32,Total,10,108858,59219,49639,79343,46167,33176,79343,46167,33176,0,0,0,0,0,0,0,0,0,0,0,0
C3010,10,32,0000,District - Rohtas  32,Total,11,29377,15559,13818,23779,13335,10444,23779,13335,10444,0,0,0,0,0,0,0,0,0,0,0,0
C3010,10,32,0000,District - Rohtas  32,Total,12,91795,50221,41574,66707,39514,27193,66707,39514,27193,0,0,0,0,0,0,0,0,0,0,0,0
C3010,10,32,0000,District - Rohtas  32,Total,13,37801,19929,17872,28520,16406,12114,28520,16406,12114,0,0,0,0,0,0,0,0,0,0,0,0
C3010,10,32,0000,District - Rohtas  32,Total,14,58003,30676,27327,39013,22941,16072,39013,22941,16072,0,0,0,0,0,0,0,0,0,0,0,0
C3010,10,32,0000,District - Rohtas  32,Total,15-19,217227,119863,97364,96243,64119,32124,80476,52475,28001,15215,11280,3935,246,200,46,252,145,107,54,19,35
C3010,10,32,0000,District - Rohtas  32,Total,20-24,192186,98161,94025,27395,21407,5988,7998,5696,2302,18901,15358,3543,244,205,39,135,95,40,117,53,64
C3010,10,32,0000,District - Rohtas  32,Total,25-29,180716,90315,90401,4541,3929,612,0,0,0,3961,3506,455,270,234,36,188,145,43,122,44,78
C3010,10,32,0000,District - Rohtas  32,Total,30-34,168734,84047,84687,1339,1069,270,0,0,0,1027,881,146,119,94,25,94,57,37,99,37,62
C3010,10,32,0000,District - Rohtas  32,Total,35-59,511128,269095,242033,1711,1305,406,0,0,0,952,843,109,286,211,75,220,149,71,253,102,151
C3010,10,32,0000,District - Rohtas  32,Total,60+,167663,91680,75983,368,284,84,0,0,0,165,143,22,65,53,12,78,57,21,60,31,29
C3010,10,32,0000,District - Rohtas  32,Total,Age not stated,3605,1972,1633,30,22,8,0,0,0,20,17,3,0,0,0,4,3,1,6,2,4
C3010,10,32,0000,District - Rohtas  32,Rural,All ages,2123942,1110083,1013859,453815,277099,176716,423488,251882,171606,28021,23743,4278,883,704,179,741,493,248,682,277,405
C3010,10,32,0000,District - Rohtas  32,Rural,0-4,276692,139790,136902,4343,2302,2041,4343,2302,2041,0,0,0,0,0,0,0,0,0,0,0,0
C3010,10,32,0000,District - Rohtas  32,Rural,5,74280,39519,34761,9511,5391,4120,9511,5391,4120,0,0,0,0,0,0,0,0,0,0,0,0
C3010,10,32,0000,District - Rohtas  32,Rural,6,78282,40541,37741,21103,11793,9310,21103,11793,9310,0,0,0,0,0,0,0,0,0,0,0,0
C3010,10,32,0000,District - Rohtas  32,Rural,7,47238,24086,23152,28620,15645,12975,28620,15645,12975,0,0,0,0,0,0,0,0,0,0,0,0
C3010,10,32,0000,District - Rohtas  32,Rural,8,94111,50112,43999,62114,35633,26481,62114,35633,26481,0,0,0,0,0,0,0,0,0,0,0,0
C3010,10,32,0000,District - Rohtas  32,Rural,9,32756,17129,15627,24939,13894,11045,24939,13894,11045,0,0,0,0,0,0,0,0,0,0,0,0
C3010,10,32,0000,District - Rohtas  32,Rural,10,95557,52026,43531,69016,40465,28551,69016,40465,28551,0,0,0,0,0,0,0,0,0,0,0,0
C3010,10,32,0000,District - Rohtas  32,Rural,11,24457,13015,11442,19630,11151,8479,19630,11151,8479,0,0,0,0,0,0,0,0,0,0,0,0
C3010,10,32,0000,District - Rohtas  32,Rural,12,79270,43358,35912,56941,34075,22866,56941,34075,22866,0,0,0,0,0,0,0,0,0,0,0,0
C3010,10,32,0000,District - Rohtas  32,Rural,13,31671,16782,14889,23559,13786,9773,23559,13786,9773,0,0,0,0,0,0,0,0,0,0,0,0
C3010,10,32,0000,District - Rohtas  32,Rural,14,48931,25943,22988,32273,19362,12911,32273,19362,12911,0,0,0,0,0,0,0,0,0,0,0,0
C3010,10,32,0000,District - Rohtas  32,Rural,15-19,181207,100175,81032,75515,52066,23449,64644,43436,21208,10468,8361,2107,189,157,32,163,94,69,51,18,33
C3010,10,32,0000,District - Rohtas  32,Rural,20-24,164357,82924,81433,20227,16505,3722,6795,4949,1846,13036,11288,1748,180,147,33,103,70,33,113,51,62
C3010,10,32,0000,District - Rohtas  32,Rural,25-29,157029,77979,79050,3264,2881,383,0,0,0,2834,2581,253,177,155,22,135,102,33,118,43,75
C3010,10,32,0000,District - Rohtas  32,Rural,30-34,147070,73096,73974,1053,859,194,0,0,0,795,710,85,88,68,20,77,46,31,93,35,58
C3010,10,32,0000,District - Rohtas  32,Rural,35-59,440184,230877,209307,1377,1041,336,0,0,0,744,676,68,199,139,60,191,128,63,243,98,145
C3010,10,32,0000,District - Rohtas  32,Rural,60+,147696,81031,66665,307,235,72,0,0,0,131,117,14,50,38,12,68,50,18,58,30,28
C3010,10,32,0000,District - Rohtas  32,Rural,Age not stated,3154,1700,1454,23,15,8,0,0,0,13,10,3,0,0,0,4,3,1,6,2,4
C3010,10,32,0000,District - Rohtas  32,Urban,All ages,326806,173402,153404,92158,52153,40005,79332,43406,35926,12220,8285,3935,347,293,54,230,158,72,29,11,18
C3010,10,32,0000,District - Rohtas  32,Urban,0-4,35913,18393,17520,1432,778,654,1432,778,654,0,0,0,0,0,0,0,0,0,0,0,0
C3010,10,32,0000,District - Rohtas  32,Urban,5,9311,4891,4420,2300,1250,1050,2300,1250,1050,0,0,0,0,0,0,0,0,0,0,0,0
C3010,10,32,0000,District - Rohtas  32,Urban,6,9881,5131,4750,3706,1995,1711,3706,1995,1711,0,0,0,0,0,0,0,0,0,0,0,0
C3010,10,32,0000,District - Rohtas  32,Urban,7,7166,3708,3458,5120,2676,2444,5120,2676,2444,0,0,0,0,0,0,0,0,0,0,0,0
C3010,10,32,0000,District - Rohtas  32,Urban,8,12454,6548,5906,9220,4999,4221,9220,4999,4221,0,0,0,0,0,0,0,0,0,0,0,0
C3010,10,32,0000,District - Rohtas  32,Urban,9,5571,2900,2671,4576,2398,2178,4576,2398,2178,0,0,0,0,0,0,0,0,0,0,0,0
C3010,10,32,0000,District - Rohtas  32,Urban,10,13301,7193,6108,10327,5702,4625,10327,5702,4625,0,0,0,0,0,0,0,0,0,0,0,0
C3010,10,32,0000,District - Rohtas  32,Urban,11,4920,2544,2376,4149,2184,1965,4149,2184,1965,0,0,0,0,0,0,0,0,0,0,0,0
C3010,10,32,0000,District - Rohtas  32,Urban,12,12525,6863,5662,9766,5439,4327,9766,5439,4327,0,0,0,0,0,0,0,0,0,0,0,0
C3010,10,32,0000,District - Rohtas  32,Urban,13,6130,3147,2983,4961,2620,2341,4961,2620,2341,0,0,0,0,0,0,0,0,0,0,0,0
C3010,10,32,0000,District - Rohtas  32,Urban,14,9072,4733,4339,6740,3579,3161,6740,3579,3161,0,0,0,0,0,0,0,0,0,0,0,0
C3010,10,32,0000,District - Rohtas  32,Urban,15-19,36020,19688,16332,20728,12053,8675,15832,9039,6793,4747,2919,1828,57,43,14,89,51,38,3,1,2
C3010,10,32,0000,District - Rohtas  32,Urban,20-24,27829,15237,12592,7168,4902,2266,1203,747,456,5865,4070,1795,64,58,6,32,25,7,4,2,2
C3010,10,32,0000,District - Rohtas  32,Urban,25-29,23687,12336,11351,1277,1048,229,0,0,0,1127,925,202,93,79,14,53,43,10,4,1,3
C3010,10,32,0000,District - Rohtas  32,Urban,30-34,21664,10951,10713,286,210,76,0,0,0,232,171,61,31,26,5,17,11,6,6,2,4
C3010,10,32,0000,District - Rohtas  32,Urban,35-59,70944,38218,32726,334,264,70,0,0,0,208,167,41,87,72,15,29,21,8,10,4,6
C3010,10,32,0000,District - Rohtas  32,Urban,60+,19967,10649,9318,61,49,12,0,0,0,34,26,8,15,15,0,10,7,3,2,1,1
C3010,10,32,0000,District - Rohtas  32,Urban,Age not stated,451,272,179,7,7,0,0,0,0,7,7,0,0,0,0,0,0,0,0,0,0
C3010,10,33,0000,District - Jehanabad  33,Total,All ages,1514315,784946,729369,295170,180692,114478,271164,161406,109758,21928,17882,4046,855,613,242,395,286,109,828,505,323
C3010,10,33,0000,District - Jehanabad  33,Total,0-4,188698,98090,90608,2852,1606,1246,2852,1606,1246,0,0,0,0,0,0,0,0,0,0,0,0
C3010,10,33,0000,District - Jehanabad  33,Total,5,48952,26070,22882,5801,3381,2420,5801,3381,2420,0,0,0,0,0,0,0,0,0,0,0,0
C3010,10,33,0000,District - Jehanabad  33,Total,6,56695,29395,27300,13036,7439,5597,13036,7439,5597,0,0,0,0,0,0,0,0,0,0,0,0
C3010,10,33,0000,District - Jehanabad  33,Total,7,29339,15269,14070,15329,8624,6705,15329,8624,6705,0,0,0,0,0,0,0,0,0,0,0,0
C3010,10,33,0000,District - Jehanabad  33,Total,8,67217,35042,32175,38033,21788,16245,38033,21788,16245,0,0,0,0,0,0,0,0,0,0,0,0
C3010,10,33,0000,District - Jehanabad  33,Total,9,24107,12713,11394,16192,9247,6945,16192,9247,6945,0,0,0,0,0,0,0,0,0,0,0,0
C3010,10,33,0000,District - Jehanabad  33,Total,10,68807,36776,32031,44156,26093,18063,44156,26093,18063,0,0,0,0,0,0,0,0,0,0,0,0
C3010,10,33,0000,District - Jehanabad  33,Total,11,17735,9346,8389,12822,7373,5449,12822,7373,5449,0,0,0,0,0,0,0,0,0,0,0,0
C3010,10,33,0000,District - Jehanabad  33,Total,12,57187,30264,26923,37498,22139,15359,37498,22139,15359,0,0,0,0,0,0,0,0,0,0,0,0
C3010,10,33,0000,District - Jehanabad  33,Total,13,20642,10497,10145,14273,8120,6153,14273,8120,6153,0,0,0,0,0,0,0,0,0,0,0,0
C3010,10,33,0000,District - Jehanabad  33,Total,14,32618,16842,15776,20324,12072,8252,20324,12072,8252,0,0,0,0,0,0,0,0,0,0,0,0
C3010,10,33,0000,District - Jehanabad  33,Total,15-19,134590,69935,64655,53564,35970,17594,45431,29765,15666,7832,6007,1825,161,114,47,107,69,38,33,15,18
C3010,10,33,0000,District - Jehanabad  33,Total,20-24,123884,61151,62733,15860,12402,3458,5417,3759,1658,10137,8435,1702,156,118,38,58,42,16,92,48,44
C3010,10,33,0000,District - Jehanabad  33,Total,25-29,112522,55637,56885,2762,2354,408,0,0,0,2417,2096,321,157,130,27,77,62,15,111,66,45
C3010,10,33,0000,District - Jehanabad  33,Total,30-34,105221,51937,53284,951,788,163,0,0,0,707,620,87,98,76,22,46,32,14,100,60,40
C3010,10,33,0000,District - Jehanabad  33,Total,35-59,312362,163580,148782,1340,1017,323,0,0,0,681,589,92,207,136,71,82,63,19,370,229,141
C3010,10,33,0000,District - Jehanabad  33,Total,60+,111428,60943,50485,363,272,91,0,0,0,148,132,16,72,37,35,23,16,7,120,87,33
C3010,10,33,0000,District - Jehanabad  33,Total,Age not stated,2311,1459,852,14,7,7,0,0,0,6,3,3,4,2,2,2,2,0,2,0,2
C3010,10,33,0000,District - Jehanabad  33,Rural,All ages,1402703,725559,677144,265193,163178,102015,245297,146822,98475,18105,15133,2972,739,518,221,338,247,91,714,458,256
C3010,10,33,0000,District - Jehanabad  33,Rural,0-4,176249,91519,84730,2516,1417,1099,2516,1417,1099,0,0,0,0,0,0,0,0,0,0,0,0
C3010,10,33,0000,District - Jehanabad  33,Rural,5,45683,24291,21392,5232,3062,2170,5232,3062,2170,0,0,0,0,0,0,0,0,0,0,0,0
C3010,10,33,0000,District - Jehanabad  33,Rural,6,52861,27409,25452,11890,6831,5059,11890,6831,5059,0,0,0,0,0,0,0,0,0,0,0,0
C3010,10,33,0000,District - Jehanabad  33,Rural,7,27066,14070,12996,13763,7759,6004,13763,7759,6004,0,0,0,0,0,0,0,0,0,0,0,0
C3010,10,33,0000,District - Jehanabad  33,Rural,8,62475,32486,29989,34834,20022,14812,34834,20022,14812,0,0,0,0,0,0,0,0,0,0,0,0
C3010,10,33,0000,District - Jehanabad  33,Rural,9,22100,11630,10470,14625,8365,6260,14625,8365,6260,0,0,0,0,0,0,0,0,0,0,0,0
C3010,10,33,0000,District - Jehanabad  33,Rural,10,63734,33906,29828,40416,23919,16497,40416,23919,16497,0,0,0,0,0,0,0,0,0,0,0,0
C3010,10,33,0000,District - Jehanabad  33,Rural,11,16121,8476,7645,11483,6626,4857,11483,6626,4857,0,0,0,0,0,0,0,0,0,0,0,0
C3010,10,33,0000,District - Jehanabad  33,Rural,12,52823,27918,24905,34276,20345,13931,34276,20345,13931,0,0,0,0,0,0,0,0,0,0,0,0
C3010,10,33,0000,District - Jehanabad  33,Rural,13,18777,9565,9212,12790,7357,5433,12790,7357,5433,0,0,0,0,0,0,0,0,0,0,0,0
C3010,10,33,0000,District - Jehanabad  33,Rural,14,29694,15288,14406,18157,10887,7270,18157,10887,7270,0,0,0,0,0,0,0,0,0,0,0,0
C3010,10,33,0000,District - Jehanabad  33,Rural,15-19,123190,63745,59445,47130,32045,15085,40442,26810,13632,6438,5071,1367,133,91,42,90,59,31,27,14,13
C3010,10,33,0000,District - Jehanabad  33,Rural,20-24,114300,55982,58318,13429,10692,2737,4873,3422,1451,8291,7085,1206,142,110,32,48,34,14,75,41,34
C3010,10,33,0000,District - Jehanabad  33,Rural,25-29,104041,51307,52734,2337,2020,317,0,0,0,2047,1802,245,132,105,27,69,56,13,89,57,32
C3010,10,33,0000,District - Jehanabad  33,Rural,30-34,97652,48121,49531,827,695,132,0,0,0,622,555,67,81,59,22,41,29,12,83,52,31
C3010,10,33,0000,District - Jehanabad  33,Rural,35-59,289416,151239,138177,1159,892,267,0,0,0,580,509,71,180,118,62,72,54,18,327,211,116
C3010,10,33,0000,District - Jehanabad  33,Rural,60+,104397,57235,47162,316,238,78,0,0,0,121,108,13,67,33,34,17,14,3,111,83,28
C3010,10,33,0000,District - Jehanabad  33,Rural,Age not stated,2124,1372,752,13,6,7,0,0,0,6,3,3,4,2,2,1,1,0,2,0,2
C3010,10,33,0000,District - Jehanabad  33,Urban,All ages,111612,59387,52225,29977,17514,12463,25867,14584,11283,3823,2749,1074,116,95,21,57,39,18,114,47,67
C3010,10,33,0000,District - Jehanabad  33,Urban,0-4,12449,6571,5878,336,189,147,336,189,147,0,0,0,0,0,0,0,0,0,0,0,0
C3010,10,33,0000,District - Jehanabad  33,Urban,5,3269,1779,1490,569,319,250,569,319,250,0,0,0,0,0,0,0,0,0,0,0,0
C3010,10,33,0000,District - Jehanabad  33,Urban,6,3834,1986,1848,1146,608,538,1146,608,538,0,0,0,0,0,0,0,0,0,0,0,0
C3010,10,33,0000,District - Jehanabad  33,Urban,7,2273,1199,1074,1566,865,701,1566,865,701,0,0,0,0,0,0,0,0,0,0,0,0
C3010,10,33,0000,District - Jehanabad  33,Urban,8,4742,2556,2186,3199,1766,1433,3199,1766,1433,0,0,0,0,0,0,0,0,0,0,0,0
C3010,10,33,0000,District - Jehanabad  33,Urban,9,2007,1083,924,1567,882,685,1567,882,685,0,0,0,0,0,0,0,0,0,0,0,0
C3010,10,33,0000,District - Jehanabad  33,Urban,10,5073,2870,2203,3740,2174,1566,3740,2174,1566,0,0,0,0,0,0,0,0,0,0,0,0
C3010,10,33,0000,District - Jehanabad  33,Urban,11,1614,870,744,1339,747,592,1339,747,592,0,0,0,0,0,0,0,0,0,0,0,0
C3010,10,33,0000,District - Jehanabad  33,Urban,12,4364,2346,2018,3222,1794,1428,3222,1794,1428,0,0,0,0,0,0,0,0,0,0,0,0
C3010,10,33,0000,District - Jehanabad  33,Urban,13,1865,932,933,1483,763,720,1483,763,720,0,0,0,0,0,0,0,0,0,0,0,0
C3010,10,33,0000,District - Jehanabad  33,Urban,14,2924,1554,1370,2167,1185,982,2167,1185,982,0,0,0,0,0,0,0,0,0,0,0,0
C3010,10,33,0000,District - Jehanabad  33,Urban,15-19,11400,6190,5210,6434,3925,2509,4989,2955,2034,1394,936,458,28,23,5,17,10,7,6,1,5
C3010,10,33,0000,District - Jehanabad  33,Urban,20-24,9584,5169,4415,2431,1710,721,544,337,207,1846,1350,496,14,8,6,10,8,2,17,7,10
C3010,10,33,0000,District - Jehanabad  33,Urban,25-29,8481,4330,4151,425,334,91,0,0,0,370,294,76,25,25,0,8,6,2,22,9,13
C3010,10,33,0000,District - Jehanabad  33,Urban,30-34,7569,3816,3753,124,93,31,0,0,0,85,65,20,17,17,0,5,3,2,17,8,9
C3010,10,33,0000,District - Jehanabad  33,Urban,35-59,22946,12341,10605,181,125,56,0,0,0,101,80,21,27,18,9,10,9,1,43,18,25
C3010,10,33,0000,District - Jehanabad  33,Urban,60+,7031,3708,3323,47,34,13,0,0,0,27,24,3,5,4,1,6,2,4,9,4,5
C3010,10,33,0000,District - Jehanabad  33,Urban,Age not stated,187,87,100,1,1,0,0,0,0,0,0,0,0,0,0,1,1,0,0,0,0
C3010,10,34,0000,District - Aurangabad  34,Total,All ages,2013055,1040945,972110,404861,243526,161335,376730,221125,155605,25884,20971,4913,996,700,296,635,436,199,616,294,322
C3010,10,34,0000,District - Aurangabad  34,Total,0-4,257989,132195,125794,5064,2738,2326,5064,2738,2326,0,0,0,0,0,0,0,0,0,0,0,0
C3010,10,34,0000,District - Aurangabad  34,Total,5,65040,33976,31064,7808,4305,3503,7808,4305,3503,0,0,0,0,0,0,0,0,0,0,0,0
C3010,10,34,0000,District - Aurangabad  34,Total,6,75573,38968,36605,17523,9755,7768,17523,9755,7768,0,0,0,0,0,0,0,0,0,0,0,0
C3010,10,34,0000,District - Aurangabad  34,Total,7,42129,21561,20568,22180,12128,10052,22180,12128,10052,0,0,0,0,0,0,0,0,0,0,0,0
C3010,10,34,0000,District - Aurangabad  34,Total,8,89227,46710,42517,52426,29561,22865,52426,29561,22865,0,0,0,0,0,0,0,0,0,0,0,0
C3010,10,34,0000,District - Aurangabad  34,Total,9,31818,16475,15343,21636,12003,9633,21636,12003,9633,0,0,0,0,0,0,0,0,0,0,0,0
C3010,10,34,0000,District - Aurangabad  34,Total,10,93098,49846,43252,62196,36098,26098,62196,36098,26098,0,0,0,0,0,0,0,0,0,0,0,0
C3010,10,34,0000,District - Aurangabad  34,Total,11,23696,12407,11289,17389,9849,7540,17389,9849,7540,0,0,0,0,0,0,0,0,0,0,0,0
C3010,10,34,0000,District - Aurangabad  34,Total,12,77781,41390,36391,52887,31092,21795,52887,31092,21795,0,0,0,0,0,0,0,0,0,0,0,0
C3010,10,34,0000,District - Aurangabad  34,Total,13,27492,13948,13544,19254,10893,8361,19254,10893,8361,0,0,0,0,0,0,0,0,0,0,0,0
C3010,10,34,0000,District - Aurangabad  34,Total,14,45392,23467,21925,28501,16837,11664,28501,16837,11664,0,0,0,0,0,0,0,0,0,0,0,0
C3010,10,34,0000,District - Aurangabad  34,Total,15-19,180032,94171,85861,72212,48042,24170,62359,40650,21709,9434,7123,2311,163,116,47,210,131,79,46,22,24
C3010,10,34,0000,District - Aurangabad  34,Total,20-24,160853,78867,81986,19812,15311,4501,7507,5216,2291,11898,9822,2076,208,156,52,87,64,23,112,53,59
C3010,10,34,0000,District - Aurangabad  34,Total,25-29,145499,71385,74114,3042,2627,415,0,0,0,2648,2349,299,195,151,44,106,84,22,93,43,50
C3010,10,34,0000,District - Aurangabad  34,Total,30-34,135839,66923,68916,1031,832,199,0,0,0,778,685,93,105,75,30,56,37,19,92,35,57
C3010,10,34,0000,District - Aurangabad  34,Total,35-59,412104,216135,195969,1453,1133,320,0,0,0,899,805,94,225,143,82,123,81,42,206,104,102
C3010,10,34,0000,District - Aurangabad  34,Total,60+,140943,77962,62981,352,258,94,0,0,0,166,146,20,89,51,38,35,27,8,62,34,28
C3010,10,34,0000,District - Aurangabad  34,Total,Age not stated,8550,4559,3991,95,64,31,0,0,0,61,41,20,11,8,3,18,12,6,5,3,2
C3010,10,34,0000,District - Aurangabad  34,Rural,All ages,1842998,951399,891599,357717,216882,140835,336178,199018,137160,19606,16664,2942,839,579,260,496,336,160,598,285,313
C3010,10,34,0000,District - Aurangabad  34,Rural,0-4,237924,121838,116086,4369,2384,1985,4369,2384,1985,0,0,0,0,0,0,0,0,0,0,0,0
C3010,10,34,0000,District - Aurangabad  34,Rural,5,60095,31395,28700,6946,3845,3101,6946,3845,3101,0,0,0,0,0,0,0,0,0,0,0,0
C3010,10,34,0000,District - Aurangabad  34,Rural,6,70001,36025,33976,15830,8840,6990,15830,8840,6990,0,0,0,0,0,0,0,0,0,0,0,0
C3010,10,34,0000,District - Aurangabad  34,Rural,7,38517,19711,18806,19694,10809,8885,19694,10809,8885,0,0,0,0,0,0,0,0,0,0,0,0
C3010,10,34,0000,District - Aurangabad  34,Rural,8,82377,43185,39192,47543,26990,20553,47543,26990,20553,0,0,0,0,0,0,0,0,0,0,0,0
C3010,10,34,0000,District - Aurangabad  34,Rural,9,28973,15017,13956,19402,10834,8568,19402,10834,8568,0,0,0,0,0,0,0,0,0,0,0,0
C3010,10,34,0000,District - Aurangabad  34,Rural,10,85555,45861,39694,56425,32925,23500,56425,32925,23500,0,0,0,0,0,0,0,0,0,0,0,0
C3010,10,34,0000,District - Aurangabad  34,Rural,11,21224,11076,10148,15341,8726,6615,15341,8726,6615,0,0,0,0,0,0,0,0,0,0,0,0
C3010,10,34,0000,District - Aurangabad  34,Rural,12,71332,38040,33292,47842,28395,19447,47842,28395,19447,0,0,0,0,0,0,0,0,0,0,0,0
C3010,10,34,0000,District - Aurangabad  34,Rural,13,24583,12462,12121,16891,9649,7242,16891,9649,7242,0,0,0,0,0,0,0,0,0,0,0,0
C3010,10,34,0000,District - Aurangabad  34,Rural,14,40759,21074,19685,25029,14968,10061,25029,14968,10061,0,0,0,0,0,0,0,0,0,0,0,0
C3010,10,34,0000,District - Aurangabad  34,Rural,15-19,162001,84463,77538,61653,41865,19788,54173,35962,18211,7133,5689,1444,142,99,43,163,95,68,42,20,22
C3010,10,34,0000,District - Aurangabad  34,Rural,20-24,146341,71052,75289,15914,12613,3301,6693,4691,2002,8878,7695,1183,166,122,44,67,52,15,110,53,57
C3010,10,34,0000,District - Aurangabad  34,Rural,25-29,133492,65254,68238,2374,2100,274,0,0,0,2058,1883,175,146,111,35,81,66,15,89,40,49
C3010,10,34,0000,District - Aurangabad  34,Rural,30-34,124631,61237,63394,842,689,153,0,0,0,617,562,55,93,65,28,41,27,14,91,35,56
C3010,10,34,0000,District - Aurangabad  34,Rural,35-59,376456,196988,179468,1226,960,266,0,0,0,733,674,59,197,124,73,95,60,35,201,102,99
C3010,10,34,0000,District - Aurangabad  34,Rural,60+,130562,72370,58192,313,231,82,0,0,0,137,124,13,84,50,34,31,24,7,61,33,28
C3010,10,34,0000,District - Aurangabad  34,Rural,Age not stated,8175,4351,3824,83,59,24,0,0,0,50,37,13,11,8,3,18,12,6,4,2,2
C3010,10,34,0000,District - Aurangabad  34,Urban,All ages,170057,89546,80511,47144,26644,20500,40552,22107,18445,6278,4307,1971,157,121,36,139,100,39,18,9,9
C3010,10,34,0000,District - Aurangabad  34,Urban,0-4,20065,10357,9708,695,354,341,695,354,341,0,0,0,0,0,0,0,0,0,0,0,0
C3010,10,34,0000,District - Aurangabad  34,Urban,5,4945,2581,2364,862,460,402,862,460,402,0,0,0,0,0,0,0,0,0,0,0,0
C3010,10,34,0000,District - Aurangabad  34,Urban,6,5572,2943,2629,1693,915,778,1693,915,778,0,0,0,0,0,0,0,0,0,0,0,0
C3010,10,34,0000,District - Aurangabad  34,Urban,7,3612,1850,1762,2486,1319,1167,2486,1319,1167,0,0,0,0,0,0,0,0,0,0,0,0
C3010,10,34,0000,District - Aurangabad  34,Urban,8,6850,3525,3325,4883,2571,2312,4883,2571,2312,0,0,0,0,0,0,0,0,0,0,0,0
C3010,10,34,0000,District - Aurangabad  34,Urban,9,2845,1458,1387,2234,1169,1065,2234,1169,1065,0,0,0,0,0,0,0,0,0,0,0,0
C3010,10,34,0000,District - Aurangabad  34,Urban,10,7543,3985,3558,5771,3173,2598,5771,3173,2598,0,0,0,0,0,0,0,0,0,0,0,0
C3010,10,34,0000,District - Aurangabad  34,Urban,11,2472,1331,1141,2048,1123,925,2048,1123,925,0,0,0,0,0,0,0,0,0,0,0,0
C3010,10,34,0000,District - Aurangabad  34,Urban,12,6449,3350,3099,5045,2697,2348,5045,2697,2348,0,0,0,0,0,0,0,0,0,0,0,0
C3010,10,34,0000,District - Aurangabad  34,Urban,13,2909,1486,1423,2363,1244,1119,2363,1244,1119,0,0,0,0,0,0,0,0,0,0,0,0
C3010,10,34,0000,District - Aurangabad  34,Urban,14,4633,2393,2240,3472,1869,1603,3472,1869,1603,0,0,0,0,0,0,0,0,0,0,0,0
C3010,10,34,0000,District - Aurangabad  34,Urban,15-19,18031,9708,8323,10559,6177,4382,8186,4688,3498,2301,1434,867,21,17,4,47,36,11,4,2,2
C3010,10,34,0000,District - Aurangabad  34,Urban,20-24,14512,7815,6697,3898,2698,1200,814,525,289,3020,2127,893,42,34,8,20,12,8,2,0,2
C3010,10,34,0000,District - Aurangabad  34,Urban,25-29,12007,6131,5876,668,527,141,0,0,0,590,466,124,49,40,9,25,18,7,4,3,1
C3010,10,34,0000,District - Aurangabad  34,Urban,30-34,11208,5686,5522,189,143,46,0,0,0,161,123,38,12,10,2,15,10,5,1,0,1
C3010,10,34,0000,District - Aurangabad  34,Urban,35-59,35648,19147,16501,227,173,54,0,0,0,166,131,35,28,19,9,28,21,7,5,2,3
C3010,10,34,0000,District - Aurangabad  34,Urban,60+,10381,5592,4789,39,27,12,0,0,0,29,22,7,5,1,4,4,3,1,1,1,0
C3010,10,34,0000,District - Aurangabad  34,Urban,Age not stated,375,208,167,12,5,7,0,0,0,11,4,7,0,0,0,0,0,0,1,1,0
C3010,10,35,0000,District - Gaya  35,Total,All ages,3473428,1792163,1681265,630451,382811,247640,577871,342698,235173,48167,37211,10956,2309,1564,745,1500,979,521,604,359,245
C3010,10,35,0000,District - Gaya  35,Total,0-4,444584,224355,220229,6945,3669,3276,6945,3669,3276,0,0,0,0,0,0,0,0,0,0,0,0
C3010,10,35,0000,District - Gaya  35,Total,5,107341,55805,51536,11534,6420,5114,11534,6420,5114,0,0,0,0,0,0,0,0,0,0,0,0
C3010,10,35,0000,District - Gaya  35,Total,6,135444,69026,66418,28703,15739,12964,28703,15739,12964,0,0,0,0,0,0,0,0,0,0,0,0
C3010,10,35,0000,District - Gaya  35,Total,7,72636,37073,35563,34993,19266,15727,34993,19266,15727,0,0,0,0,0,0,0,0,0,0,0,0
C3010,10,35,0000,District - Gaya  35,Total,8,159718,83421,76297,80312,45563,34749,80312,45563,34749,0,0,0,0,0,0,0,0,0,0,0,0
C3010,10,35,0000,District - Gaya  35,Total,9,58262,30013,28249,35942,20042,15900,35942,20042,15900,0,0,0,0,0,0,0,0,0,0,0,0
C3010,10,35,0000,District - Gaya  35,Total,10,166373,89816,76557,95956,56756,39200,95956,56756,39200,0,0,0,0,0,0,0,0,0,0,0,0
C3010,10,35,0000,District - Gaya  35,Total,11,41235,21486,19749,27782,15813,11969,27782,15813,11969,0,0,0,0,0,0,0,0,0,0,0,0
C3010,10,35,0000,District - Gaya  35,Total,12,133405,72171,61234,78316,47318,30998,78316,47318,30998,0,0,0,0,0,0,0,0,0,0,0,0
C3010,10,35,0000,District - Gaya  35,Total,13,49209,25214,23995,30652,17695,12957,30652,17695,12957,0,0,0,0,0,0,0,0,0,0,0,0
C3010,10,35,0000,District - Gaya  35,Total,14,75324,39166,36158,41207,24908,16299,41207,24908,16299,0,0,0,0,0,0,0,0,0,0,0,0
C3010,10,35,0000,District - Gaya  35,Total,15-19,312748,162312,150436,110656,73544,37112,93179,61044,32135,16532,11934,4598,365,233,132,531,305,226,49,28,21
C3010,10,35,0000,District - Gaya  35,Total,20-24,284254,139590,144664,36129,26870,9259,12350,8465,3885,22913,17883,5030,570,344,226,209,137,72,87,41,46
C3010,10,35,0000,District - Gaya  35,Total,25-29,253707,125586,128121,6134,5133,1001,0,0,0,5250,4465,785,512,397,115,295,229,66,77,42,35
C3010,10,35,0000,District - Gaya  35,Total,30-34,235817,117082,118735,1935,1558,377,0,0,0,1450,1219,231,255,180,75,144,106,38,86,53,33
C3010,10,35,0000,District - Gaya  35,Total,35-59,700228,368539,331689,2463,1931,532,0,0,0,1559,1331,228,458,318,140,232,148,84,214,134,80
C3010,10,35,0000,District - Gaya  35,Total,60+,230859,124932,105927,613,463,150,0,0,0,317,273,44,134,85,49,80,47,33,82,58,24
C3010,10,35,0000,District - Gaya  35,Total,Age not stated,12284,6576,5708,179,123,56,0,0,0,146,106,40,15,7,8,9,7,2,9,3,6
C3010,10,35,0000,District - Gaya  35,Rural,All ages,2997479,1538787,1458692,492079,304013,188066,463671,280272,183399,25523,21910,3613,1304,863,441,1064,670,394,517,298,219
C3010,10,35,0000,District - Gaya  35,Rural,0-4,396154,199509,196645,4957,2618,2339,4957,2618,2339,0,0,0,0,0,0,0,0,0,0,0,0
C3010,10,35,0000,District - Gaya  35,Rural,5,95386,49556,45830,8511,4788,3723,8511,4788,3723,0,0,0,0,0,0,0,0,0,0,0,0
C3010,10,35,0000,District - Gaya  35,Rural,6,121877,61996,59881,23451,12947,10504,23451,12947,10504,0,0,0,0,0,0,0,0,0,0,0,0
C3010,10,35,0000,District - Gaya  35,Rural,7,62786,32087,30699,28074,15676,12398,28074,15676,12398,0,0,0,0,0,0,0,0,0,0,0,0
C3010,10,35,0000,District - Gaya  35,Rural,8,142678,74539,68139,67884,38957,28927,67884,38957,28927,0,0,0,0,0,0,0,0,0,0,0,0
C3010,10,35,0000,District - Gaya  35,Rural,9,50178,25819,24359,29381,16559,12822,29381,16559,12822,0,0,0,0,0,0,0,0,0,0,0,0
C3010,10,35,0000,District - Gaya  35,Rural,10,147155,79395,67760,81161,48547,32614,81161,48547,32614,0,0,0,0,0,0,0,0,0,0,0,0
C3010,10,35,0000,District - Gaya  35,Rural,11,33892,17557,16335,21678,12480,9198,21678,12480,9198,0,0,0,0,0,0,0,0,0,0,0,0
C3010,10,35,0000,District - Gaya  35,Rural,12,115929,62767,53162,64699,39863,24836,64699,39863,24836,0,0,0,0,0,0,0,0,0,0,0,0
C3010,10,35,0000,District - Gaya  35,Rural,13,40464,20718,19746,23576,14001,9575,23576,14001,9575,0,0,0,0,0,0,0,0,0,0,0,0
C3010,10,35,0000,District - Gaya  35,Rural,14,62370,32331,30039,31411,19615,11796,31411,19615,11796,0,0,0,0,0,0,0,0,0,0,0,0
C3010,10,35,0000,District - Gaya  35,Rural,15-19,259537,133264,126273,78418,54838,23580,69008,47318,21690,8717,7123,1594,231,130,101,422,245,177,40,22,18
C3010,10,35,0000,District - Gaya  35,Rural,20-24,239855,114992,124863,22138,17427,4711,9880,6903,2977,11814,10245,1569,232,154,78,135,90,45,77,35,42
C3010,10,35,0000,District - Gaya  35,Rural,25-29,216677,106011,110666,3388,3000,388,0,0,0,2937,2663,274,229,181,48,162,125,37,60,31,29
C3010,10,35,0000,District - Gaya  35,Rural,30-34,202943,100026,102917,1205,1001,204,0,0,0,875,788,87,170,114,56,87,57,30,73,42,31
C3010,10,35,0000,District - Gaya  35,Rural,35-59,596754,312761,283993,1595,1280,315,0,0,0,908,848,60,320,211,109,184,110,74,183,111,72
C3010,10,35,0000,District - Gaya  35,Rural,60+,201930,109630,92300,445,337,108,0,0,0,192,176,16,109,67,42,69,40,29,75,54,21
C3010,10,35,0000,District - Gaya  35,Rural,Age not stated,10914,5829,5085,107,79,28,0,0,0,80,67,13,13,6,7,5,3,2,9,3,6
C3010,10,35,0000,District - Gaya  35,Urban,All ages,475949,253376,222573,138372,78798,59574,114200,62426,51774,22644,15301,7343,1005,701,304,436,309,127,87,61,26
C3010,10,35,0000,District - Gaya  35,Urban,0-4,48430,24846,23584,1988,1051,937,1988,1051,937,0,0,0,0,0,0,0,0,0,0,0,0
C3010,10,35,0000,District - Gaya  35,Urban,5,11955,6249,5706,3023,1632,1391,3023,1632,1391,0,0,0,0,0,0,0,0,0,0,0,0
C3010,10,35,0000,District - Gaya  35,Urban,6,13567,7030,6537,5252,2792,2460,5252,2792,2460,0,0,0,0,0,0,0,0,0,0,0,0
C3010,10,35,0000,District - Gaya  35,Urban,7,9850,4986,4864,6919,3590,3329,6919,3590,3329,0,0,0,0,0,0,0,0,0,0,0,0
C3010,10,35,0000,District - Gaya  35,Urban,8,17040,8882,8158,12428,6606,5822,12428,6606,5822,0,0,0,0,0,0,0,0,0,0,0,0
C3010,10,35,0000,District - Gaya  35,Urban,9,8084,4194,3890,6561,3483,3078,6561,3483,3078,0,0,0,0,0,0,0,0,0,0,0,0
C3010,10,35,0000,District - Gaya  35,Urban,10,19218,10421,8797,14795,8209,6586,14795,8209,6586,0,0,0,0,0,0,0,0,0,0,0,0
C3010,10,35,0000,District - Gaya  35,Urban,11,7343,3929,3414,6104,3333,2771,6104,3333,2771,0,0,0,0,0,0,0,0,0,0,0,0
C3010,10,35,0000,District - Gaya  35,Urban,12,17476,9404,8072,13617,7455,6162,13617,7455,6162,0,0,0,0,0,0,0,0,0,0,0,0
C3010,10,35,0000,District - Gaya  35,Urban,13,8745,4496,4249,7076,3694,3382,7076,3694,3382,0,0,0,0,0,0,0,0,0,0,0,0
C3010,10,35,0000,District - Gaya  35,Urban,14,12954,6835,6119,9796,5293,4503,9796,5293,4503,0,0,0,0,0,0,0,0,0,0,0,0
C3010,10,35,0000,District - Gaya  35,Urban,15-19,53211,29048,24163,32238,18706,13532,24171,13726,10445,7815,4811,3004,134,103,31,109,60,49,9,6,3
C3010,10,35,0000,District - Gaya  35,Urban,20-24,44399,24598,19801,13991,9443,4548,2470,1562,908,11099,7638,3461,338,190,148,74,47,27,10,6,4
C3010,10,35,0000,District - Gaya  35,Urban,25-29,37030,19575,17455,2746,2133,613,0,0,0,2313,1802,511,283,216,67,133,104,29,17,11,6
C3010,10,35,0000,District - Gaya  35,Urban,30-34,32874,17056,15818,730,557,173,0,0,0,575,431,144,85,66,19,57,49,8,13,11,2
C3010,10,35,0000,District - Gaya  35,Urban,35-59,103474,55778,47696,868,651,217,0,0,0,651,483,168,138,107,31,48,38,10,31,23,8
C3010,10,35,0000,District - Gaya  35,Urban,60+,28929,15302,13627,168,126,42,0,0,0,125,97,28,25,18,7,11,7,4,7,4,3
C3010,10,35,0000,District - Gaya  35,Urban,Age not stated,1370,747,623,72,44,28,0,0,0,66,39,27,2,1,1,4,4,0,0,0,0
C3010,10,36,0000,District - Nawada  36,Total,All ages,1809696,929960,879736,286716,179860,106856,265035,162299,102736,19911,16353,3558,715,501,214,624,428,196,431,279,152
C3010,10,36,0000,District - Nawada  36,Total,0-4,229592,115306,114286,2656,1462,1194,2656,1462,1194,0,0,0,0,0,0,0,0,0,0,0,0
C3010,10,36,0000,District - Nawada  36,Total,5,56730,29417,27313,4148,2366,1782,4148,2366,1782,0,0,0,0,0,0,0,0,0,0,0,0
C3010,10,36,0000,District - Nawada  36,Total,6,73088,37013,36075,10974,6230,4744,10974,6230,4744,0,0,0,0,0,0,0,0,0,0,0,0
C3010,10,36,0000,District - Nawada  36,Total,7,35289,18038,17251,14153,8023,6130,14153,8023,6130,0,0,0,0,0,0,0,0,0,0,0,0
C3010,10,36,0000,District - Nawada  36,Total,8,87686,45676,42010,37846,22087,15759,37846,22087,15759,0,0,0,0,0,0,0,0,0,0,0,0
C3010,10,36,0000,District - Nawada  36,Total,9,31401,16154,15247,17152,9731,7421,17152,9731,7421,0,0,0,0,0,0,0,0,0,0,0,0
C3010,10,36,0000,District - Nawada  36,Total,10,87549,47477,40072,45137,27440,17697,45137,27440,17697,0,0,0,0,0,0,0,0,0,0,0,0
C3010,10,36,0000,District - Nawada  36,Total,11,21626,11339,10287,13368,7796,5572,13368,7796,5572,0,0,0,0,0,0,0,0,0,0,0,0
C3010,10,36,0000,District - Nawada  36,Total,12,70991,38695,32296,37857,23581,14276,37857,23581,14276,0,0,0,0,0,0,0,0,0,0,0,0
C3010,10,36,0000,District - Nawada  36,Total,13,25214,12907,12307,14235,8449,5786,14235,8449,5786,0,0,0,0,0,0,0,0,0,0,0,0
C3010,10,36,0000,District - Nawada  36,Total,14,39553,20471,19082,19571,12162,7409,19571,12162,7409,0,0,0,0,0,0,0,0,0,0,0,0
C3010,10,36,0000,District - Nawada  36,Total,15-19,161643,84315,77328,50195,34892,15303,42727,29198,13529,7020,5420,1600,156,101,55,266,160,106,26,13,13
C3010,10,36,0000,District - Nawada  36,Total,20-24,142904,69678,73226,14764,11693,3071,5211,3774,1437,9304,7737,1567,126,100,26,71,51,20,52,31,21
C3010,10,36,0000,District - Nawada  36,Total,25-29,129927,63117,66810,2618,2296,322,0,0,0,2307,2055,252,141,113,28,111,92,19,59,36,23
C3010,10,36,0000,District - Nawada  36,Total,30-34,120451,59991,60460,831,715,116,0,0,0,628,566,62,74,51,23,51,43,8,78,55,23
C3010,10,36,0000,District - Nawada  36,Total,35-59,370649,193453,177196,969,765,204,0,0,0,546,487,59,167,107,60,90,58,32,166,113,53
C3010,10,36,0000,District - Nawada  36,Total,60+,123773,65996,57777,232,163,69,0,0,0,98,81,17,51,29,22,33,22,11,50,31,19
C3010,10,36,0000,District - Nawada  36,Total,Age not stated,1630,917,713,10,9,1,0,0,0,8,7,1,0,0,0,2,2,0,0,0,0
C3010,10,36,0000,District - Nawada  36,Rural,All ages,1671253,857016,814237,249761,158534,91227,233670,144893,88777,14599,12647,1952,599,402,197,490,328,162,403,264,139
C3010,10,36,0000,District - Nawada  36,Rural,0-4,214196,107393,106803,2150,1191,959,2150,1191,959,0,0,0,0,0,0,0,0,0,0,0,0
C3010,10,36,0000,District - Nawada  36,Rural,5,52802,27317,25485,3486,2007,1479,3486,2007,1479,0,0,0,0,0,0,0,0,0,0,0,0
C3010,10,36,0000,District - Nawada  36,Rural,6,68661,34725,33936,9780,5578,4202,9780,5578,4202,0,0,0,0,0,0,0,0,0,0,0,0
C3010,10,36,0000,District - Nawada  36,Rural,7,32391,16513,15878,12374,7055,5319,12374,7055,5319,0,0,0,0,0,0,0,0,0,0,0,0
C3010,10,36,0000,District - Nawada  36,Rural,8,81990,42653,39337,34192,20089,14103,34192,20089,14103,0,0,0,0,0,0,0,0,0,0,0,0
C3010,10,36,0000,District - Nawada  36,Rural,9,28815,14785,14030,15244,8683,6561,15244,8683,6561,0,0,0,0,0,0,0,0,0,0,0,0
C3010,10,36,0000,District - Nawada  36,Rural,10,81514,44252,37262,40918,25081,15837,40918,25081,15837,0,0,0,0,0,0,0,0,0,0,0,0
C3010,10,36,0000,District - Nawada  36,Rural,11,19380,10142,9238,11584,6809,4775,11584,6809,4775,0,0,0,0,0,0,0,0,0,0,0,0
C3010,10,36,0000,District - Nawada  36,Rural,12,65647,35795,29852,33928,21375,12553,33928,21375,12553,0,0,0,0,0,0,0,0,0,0,0,0
C3010,10,36,0000,District - Nawada  36,Rural,13,22702,11630,11072,12299,7447,4852,12299,7447,4852,0,0,0,0,0,0,0,0,0,0,0,0
C3010,10,36,0000,District - Nawada  36,Rural,14,35692,18479,17213,16846,10682,6164,16846,10682,6164,0,0,0,0,0,0,0,0,0,0,0,0
C3010,10,36,0000,District - Nawada  36,Rural,15-19,146388,76127,70261,41659,29913,11746,36237,25490,10747,5036,4190,846,135,85,50,227,136,91,24,12,12
C3010,10,36,0000,District - Nawada  36,Rural,20-24,130793,63110,67683,11554,9421,2133,4632,3406,1226,6713,5864,849,105,81,24,57,41,16,47,29,18
C3010,10,36,0000,District - Nawada  36,Rural,25-29,119953,58019,61934,2021,1794,227,0,0,0,1787,1626,161,101,76,25,79,60,19,54,32,22
C3010,10,36,0000,District - Nawada  36,Rural,30-34,111468,55345,56123,701,607,94,0,0,0,524,479,45,61,41,20,39,33,6,77,54,23
C3010,10,36,0000,District - Nawada  36,Rural,35-59,342002,178228,163774,842,670,172,0,0,0,463,421,42,151,94,57,70,45,25,158,110,48
C3010,10,36,0000,District - Nawada  36,Rural,60+,115341,61655,53686,174,124,50,0,0,0,69,61,8,46,25,21,16,11,5,43,27,16
C3010,10,36,0000,District - Nawada  36,Rural,Age not stated,1518,848,670,9,8,1,0,0,0,7,6,1,0,0,0,2,2,0,0,0,0
C3010,10,36,0000,District - Nawada  36,Urban,All ages,138443,72944,65499,36955,21326,15629,31365,17406,13959,5312,3706,1606,116,99,17,134,100,34,28,15,13
C3010,10,36,0000,District - Nawada  36,Urban,0-4,15396,7913,7483,506,271,235,506,271,235,0,0,0,0,0,0,0,0,0,0,0,0
C3010,10,36,0000,District - Nawada  36,Urban,5,3928,2100,1828,662,359,303,662,359,303,0,0,0,0,0,0,0,0,0,0,0,0
C3010,10,36,0000,District - Nawada  36,Urban,6,4427,2288,2139,1194,652,542,1194,652,542,0,0,0,0,0,0,0,0,0,0,0,0
C3010,10,36,0000,District - Nawada  36,Urban,7,2898,1525,1373,1779,968,811,1779,968,811,0,0,0,0,0,0,0,0,0,0,0,0
C3010,10,36,0000,District - Nawada  36,Urban,8,5696,3023,2673,3654,1998,1656,3654,1998,1656,0,0,0,0,0,0,0,0,0,0,0,0
C3010,10,36,0000,District - Nawada  36,Urban,9,2586,1369,1217,1908,1048,860,1908,1048,860,0,0,0,0,0,0,0,0,0,0,0,0
C3010,10,36,0000,District - Nawada  36,Urban,10,6035,3225,2810,4219,2359,1860,4219,2359,1860,0,0,0,0,0,0,0,0,0,0,0,0
C3010,10,36,0000,District - Nawada  36,Urban,11,2246,1197,1049,1784,987,797,1784,987,797,0,0,0,0,0,0,0,0,0,0,0,0
C3010,10,36,0000,District - Nawada  36,Urban,12,5344,2900,2444,3929,2206,1723,3929,2206,1723,0,0,0,0,0,0,0,0,0,0,0,0
C3010,10,36,0000,District - Nawada  36,Urban,13,2512,1277,1235,1936,1002,934,1936,1002,934,0,0,0,0,0,0,0,0,0,0,0,0
C3010,10,36,0000,District - Nawada  36,Urban,14,3861,1992,1869,2725,1480,1245,2725,1480,1245,0,0,0,0,0,0,0,0,0,0,0,0
C3010,10,36,0000,District - Nawada  36,Urban,15-19,15255,8188,7067,8536,4979,3557,6490,3708,2782,1984,1230,754,21,16,5,39,24,15,2,1,1
C3010,10,36,0000,District - Nawada  36,Urban,20-24,12111,6568,5543,3210,2272,938,579,368,211,2591,1873,718,21,19,2,14,10,4,5,2,3
C3010,10,36,0000,District - Nawada  36,Urban,25-29,9974,5098,4876,597,502,95,0,0,0,520,429,91,40,37,3,32,32,0,5,4,1
C3010,10,36,0000,District - Nawada  36,Urban,30-34,8983,4646,4337,130,108,22,0,0,0,104,87,17,13,10,3,12,10,2,1,1,0
C3010,10,36,0000,District - Nawada  36,Urban,35-59,28647,15225,13422,127,95,32,0,0,0,83,66,17,16,13,3,20,13,7,8,3,5
C3010,10,36,0000,District - Nawada  36,Urban,60+,8432,4341,4091,58,39,19,0,0,0,29,20,9,5,4,1,17,11,6,7,4,3
C3010,10,36,0000,District - Nawada  36,Urban,Age not stated,112,69,43,1,1,0,0,0,0,1,1,0,0,0,0,0,0,0,0,0,0
C3010,10,37,0000,District - Jamui *  37,Total,All ages,1398796,729138,669658,198158,130600,67558,186236,120853,65383,10577,8827,1750,536,355,181,424,327,97,385,238,147
C3010,10,37,0000,District - Jamui *  37,Total,0-4,178083,89736,88347,2096,1189,907,2096,1189,907,0,0,0,0,0,0,0,0,0,0,0,0
C3010,10,37,0000,District - Jamui *  37,Total,5,46405,24413,21992,3586,2146,1440,3586,2146,1440,0,0,0,0,0,0,0,0,0,0,0,0
C3010,10,37,0000,District - Jamui *  37,Total,6,51891,26626,25265,8006,4628,3378,8006,4628,3378,0,0,0,0,0,0,0,0,0,0,0,0
C3010,10,37,0000,District - Jamui *  37,Total,7,29534,15172,14362,10882,6285,4597,10882,6285,4597,0,0,0,0,0,0,0,0,0,0,0,0
C3010,10,37,0000,District - Jamui *  37,Total,8,64345,34105,30240,26367,15912,10455,26367,15912,10455,0,0,0,0,0,0,0,0,0,0,0,0
C3010,10,37,0000,District - Jamui *  37,Total,9,25092,13228,11864,12674,7626,5048,12674,7626,5048,0,0,0,0,0,0,0,0,0,0,0,0
C3010,10,37,0000,District - Jamui *  37,Total,10,65912,36159,29753,30985,19861,11124,30985,19861,11124,0,0,0,0,0,0,0,0,0,0,0,0
C3010,10,37,0000,District - Jamui *  37,Total,11,17417,9324,8093,9860,6136,3724,9860,6136,3724,0,0,0,0,0,0,0,0,0,0,0,0
C3010,10,37,0000,District - Jamui *  37,Total,12,54000,29991,24009,26242,17469,8773,26242,17469,8773,0,0,0,0,0,0,0,0,0,0,0,0
C3010,10,37,0000,District - Jamui *  37,Total,13,20458,10704,9754,10417,6768,3649,10417,6768,3649,0,0,0,0,0,0,0,0,0,0,0,0
C3010,10,37,0000,District - Jamui *  37,Total,14,28157,15058,13099,12436,8294,4142,12436,8294,4142,0,0,0,0,0,0,0,0,0,0,0,0
C3010,10,37,0000,District - Jamui *  37,Total,15-19,125793,68622,57171,33231,24912,8319,29091,21714,7377,3782,2947,835,105,70,35,217,159,58,36,22,14
C3010,10,37,0000,District - Jamui *  37,Total,20-24,110192,55366,54826,8801,7247,1554,3594,2825,769,5003,4278,725,81,60,21,62,52,10,61,32,29
C3010,10,37,0000,District - Jamui *  37,Total,25-29,102228,50198,52030,1376,1216,160,0,0,0,1189,1081,108,88,71,17,51,39,12,48,25,23
C3010,10,37,0000,District - Jamui *  37,Total,30-34,94939,47661,47278,436,361,75,0,0,0,303,271,32,65,39,26,29,25,4,39,26,13
C3010,10,37,0000,District - Jamui *  37,Total,35-59,294359,154840,139519,574,417,157,0,0,0,221,185,36,153,89,64,55,44,11,145,99,46
C3010,10,37,0000,District - Jamui *  37,Total,60+,84693,45210,39483,146,101,45,0,0,0,47,39,8,42,25,17,10,8,2,47,29,18
C3010,10,37,0000,District - Jamui *  37,Total,Age not stated,5298,2725,2573,43,32,11,0,0,0,32,26,6,2,1,1,0,0,0,9,5,4
C3010,10,37,0000,District - Jamui *  37,Rural,All ages,1295552,674112,621440,172600,115671,56929,163913,108277,55636,7453,6552,901,466,303,163,389,306,83,379,233,146
C3010,10,37,0000,District - Jamui *  37,Rural,0-4,166707,83893,82814,1875,1072,803,1875,1072,803,0,0,0,0,0,0,0,0,0,0,0,0
C3010,10,37,0000,District - Jamui *  37,Rural,5,43554,22883,20671,3159,1908,1251,3159,1908,1251,0,0,0,0,0,0,0,0,0,0,0,0
C3010,10,37,0000,District - Jamui *  37,Rural,6,48749,24975,23774,7222,4203,3019,7222,4203,3019,0,0,0,0,0,0,0,0,0,0,0,0
C3010,10,37,0000,District - Jamui *  37,Rural,7,27319,14055,13264,9515,5576,3939,9515,5576,3939,0,0,0,0,0,0,0,0,0,0,0,0
C3010,10,37,0000,District - Jamui *  37,Rural,8,60300,32063,28237,23641,14465,9176,23641,14465,9176,0,0,0,0,0,0,0,0,0,0,0,0
C3010,10,37,0000,District - Jamui *  37,Rural,9,23028,12135,10893,11114,6773,4341,11114,6773,4341,0,0,0,0,0,0,0,0,0,0,0,0
C3010,10,37,0000,District - Jamui *  37,Rural,10,61913,34014,27899,28069,18238,9831,28069,18238,9831,0,0,0,0,0,0,0,0,0,0,0,0
C3010,10,37,0000,District - Jamui *  37,Rural,11,15555,8335,7220,8406,5315,3091,8406,5315,3091,0,0,0,0,0,0,0,0,0,0,0,0
C3010,10,37,0000,District - Jamui *  37,Rural,12,50154,27899,22255,23435,15881,7554,23435,15881,7554,0,0,0,0,0,0,0,0,0,0,0,0
C3010,10,37,0000,District - Jamui *  37,Rural,13,18513,9731,8782,8932,5992,2940,8932,5992,2940,0,0,0,0,0,0,0,0,0,0,0,0
C3010,10,37,0000,District - Jamui *  37,Rural,14,25517,13652,11865,10663,7274,3389,10663,7274,3389,0,0,0,0,0,0,0,0,0,0,0,0
C3010,10,37,0000,District - Jamui *  37,Rural,15-19,114801,62600,52201,27560,21427,6133,24664,19036,5628,2571,2158,413,85,57,28,205,155,50,35,21,14
C3010,10,37,0000,District - Jamui *  37,Rural,20-24,101333,50429,50904,6926,5829,1097,3218,2544,674,3531,3163,368,61,43,18,56,48,8,60,31,29
C3010,10,37,0000,District - Jamui *  37,Rural,25-29,94623,46188,48435,1056,948,108,0,0,0,894,834,60,74,59,15,42,31,11,46,24,22
C3010,10,37,0000,District - Jamui *  37,Rural,30-34,87990,44052,43938,343,278,65,0,0,0,224,200,24,56,32,24,25,21,4,38,25,13
C3010,10,37,0000,District - Jamui *  37,Rural,35-59,271392,142360,129032,509,367,142,0,0,0,167,140,27,146,86,60,52,43,9,144,98,46
C3010,10,37,0000,District - Jamui *  37,Rural,60+,78911,42183,36728,135,94,41,0,0,0,37,32,5,42,25,17,9,8,1,47,29,18
C3010,10,37,0000,District - Jamui *  37,Rural,Age not stated,5193,2665,2528,40,31,9,0,0,0,29,25,4,2,1,1,0,0,0,9,5,4
C3010,10,37,0000,District - Jamui *  37,Urban,All ages,103244,55026,48218,25558,14929,10629,22323,12576,9747,3124,2275,849,70,52,18,35,21,14,6,5,1
C3010,10,37,0000,District - Jamui *  37,Urban,0-4,11376,5843,5533,221,117,104,221,117,104,0,0,0,0,0,0,0,0,0,0,0,0
C3010,10,37,0000,District - Jamui *  37,Urban,5,2851,1530,1321,427,238,189,427,238,189,0,0,0,0,0,0,0,0,0,0,0,0
C3010,10,37,0000,District - Jamui *  37,Urban,6,3142,1651,1491,784,425,359,784,425,359,0,0,0,0,0,0,0,0,0,0,0,0
C3010,10,37,0000,District - Jamui *  37,Urban,7,2215,1117,1098,1367,709,658,1367,709,658,0,0,0,0,0,0,0,0,0,0,0,0
C3010,10,37,0000,District - Jamui *  37,Urban,8,4045,2042,2003,2726,1447,1279,2726,1447,1279,0,0,0,0,0,0,0,0,0,0,0,0
C3010,10,37,0000,District - Jamui *  37,Urban,9,2064,1093,971,1560,853,707,1560,853,707,0,0,0,0,0,0,0,0,0,0,0,0
C3010,10,37,0000,District - Jamui *  37,Urban,10,3999,2145,1854,2916,1623,1293,2916,1623,1293,0,0,0,0,0,0,0,0,0,0,0,0
C3010,10,37,0000,District - Jamui *  37,Urban,11,1862,989,873,1454,821,633,1454,821,633,0,0,0,0,0,0,0,0,0,0,0,0
C3010,10,37,0000,District - Jamui *  37,Urban,12,3846,2092,1754,2807,1588,1219,2807,1588,1219,0,0,0,0,0,0,0,0,0,0,0,0
C3010,10,37,0000,District - Jamui *  37,Urban,13,1945,973,972,1485,776,709,1485,776,709,0,0,0,0,0,0,0,0,0,0,0,0
C3010,10,37,0000,District - Jamui *  37,Urban,14,2640,1406,1234,1773,1020,753,1773,1020,753,0,0,0,0,0,0,0,0,0,0,0,0
C3010,10,37,0000,District - Jamui *  37,Urban,15-19,10992,6022,4970,5671,3485,2186,4427,2678,1749,1211,789,422,20,13,7,12,4,8,1,1,0
C3010,10,37,0000,District - Jamui *  37,Urban,20-24,8859,4937,3922,1875,1418,457,376,281,95,1472,1115,357,20,17,3,6,4,2,1,1,0
C3010,10,37,0000,District - Jamui *  37,Urban,25-29,7605,4010,3595,320,268,52,0,0,0,295,247,48,14,12,2,9,8,1,2,1,1
C3010,10,37,0000,District - Jamui *  37,Urban,30-34,6949,3609,3340,93,83,10,0,0,0,79,71,8,9,7,2,4,4,0,1,1,0
C3010,10,37,0000,District - Jamui *  37,Urban,35-59,22967,12480,10487,65,50,15,0,0,0,54,45,9,7,3,4,3,1,2,1,1,0
C3010,10,37,0000,District - Jamui *  37,Urban,60+,5782,3027,2755,11,7,4,0,0,0,10,7,3,0,0,0,1,0,1,0,0,0
C3010,10,37,0000,District - Jamui *  37,Urban,Age not stated,105,60,45,3,1,2,0,0,0,3,1,2,0,0,0,0,0,0,0,0,0
