Table Name,State Code,District Code,Tehsil Code,Area Name,Total/ Rural/ Urban,Age-group,Total population - Persons,Total population - Males,Total population - Females,Population attending educational institutions - Persons,Population attending educational institutions - Males,Population attending educational institutions - Females,Type of educational institution - School - Persons,Type of educational institution - School - Males,Type of educational institution - School - Females,Type of educational institution - College - Persons,Type of educational institution - College - Males,Type of educational institution - College - Females,Type of educational institution - Vocational institute - Persons,Type of educational institution - Vocational institute - Males,Type of educational institution - Vocational institute - Females,Type of educational institution - Other institute - Persons,Type of educational institution - Other institute - Males,Type of educational institution - Other institute - Females,Type of educational institution - Literacy centre - Persons,Type of educational institution - Literacy centre - Males,Type of educational institution - Literacy centre - Females
C3010,22,00,0000,State - CHHATTISGARH  22,Total,All ages,20833803,10474218,10359585,4606577,2581722,2024855,4333828,2412244,1921584,188254,126483,61771,15034,10692,4342,5525,3667,1858,63936,28636,35300
C3010,22,00,0000,State - CHHATTISGARH  22,Total,0-4,2452954,1241636,1211318,39967,20571,19396,39967,20571,19396,0,0,0,0,0,0,0,0,0,0,0,0
C3010,22,00,0000,State - CHHATTISGARH  22,Total,5,560406,287043,273363,60754,32298,28456,60754,32298,28456,0,0,0,0,0,0,0,0,0,0,0,0
C3010,22,00,0000,State - CHHATTISGARH  22,Total,6,541556,271734,269822,244947,128056,116891,244947,128056,116891,0,0,0,0,0,0,0,0,0,0,0,0
C3010,22,00,0000,State - CHHATTISGARH  22,Total,7,459063,231150,227913,343136,179035,164101,343136,179035,164101,0,0,0,0,0,0,0,0,0,0,0,0
C3010,22,00,0000,State - CHHATTISGARH  22,Total,8,573730,291950,281780,465225,245402,219823,465225,245402,219823,0,0,0,0,0,0,0,0,0,0,0,0
C3010,22,00,0000,State - CHHATTISGARH  22,Total,9,499608,249131,250477,433245,222652,210593,433245,222652,210593,0,0,0,0,0,0,0,0,0,0,0,0
C3010,22,00,0000,State - CHHATTISGARH  22,Total,10,669385,342573,326812,548928,293539,255389,548928,293539,255389,0,0,0,0,0,0,0,0,0,0,0,0
C3010,22,00,0000,State - CHHATTISGARH  22,Total,11,437320,226375,210945,380632,204826,175806,380632,204826,175806,0,0,0,0,0,0,0,0,0,0,0,0
C3010,22,00,0000,State - CHHATTISGARH  22,Total,12,601060,308571,292489,449475,248822,200653,449475,248822,200653,0,0,0,0,0,0,0,0,0,0,0,0
C3010,22,00,0000,State - CHHATTISGARH  22,Total,13,438366,220748,217618,320350,177526,142824,320350,177526,142824,0,0,0,0,0,0,0,0,0,0,0,0
C3010,22,00,0000,State - CHHATTISGARH  22,Total,14,459206,234670,224536,294137,170649,123488,294137,170649,123488,0,0,0,0,0,0,0,0,0,0,0,0
C3010,22,00,0000,State - CHHATTISGARH  22,Total,15-19,1931724,1008441,923283,754266,478165,276101,695360,445074,250286,49519,27566,21953,4329,2866,1463,1904,1208,696,3154,1451,1703
C3010,22,00,0000,State - CHHATTISGARH  22,Total,20-24,1671488,827776,843712,191735,135193,56542,57672,43794,13878,118027,82128,35899,6053,4531,1522,1513,1067,446,8470,3673,4797
C3010,22,00,0000,State - CHHATTISGARH  22,Total,25-29,1636950,814809,822141,31484,21467,10017,0,0,0,16709,13776,2933,2719,2153,566,973,688,285,11083,4850,6233
C3010,22,00,0000,State - CHHATTISGARH  22,Total,30-34,1542280,755721,786559,15631,7523,8108,0,0,0,2095,1644,451,644,431,213,393,243,150,12499,5205,7294
C3010,22,00,0000,State - CHHATTISGARH  22,Total,35-59,4826242,2456463,2369779,30077,14402,15675,0,0,0,1419,1073,346,1023,588,435,562,352,210,27073,12389,14684
C3010,22,00,0000,State - CHHATTISGARH  22,Total,60+,1504383,689685,814698,2285,1447,838,0,0,0,302,208,94,230,109,121,161,103,58,1592,1027,565
C3010,22,00,0000,State - CHHATTISGARH  22,Total,Age not stated,28082,15742,12340,303,149,154,0,0,0,183,88,95,36,14,22,19,6,13,65,41,24
C3010,22,00,0000,State - CHHATTISGARH  22,Rural,All ages,16648056,8307443,8340613,3466831,1967896,1498935,3324001,1875667,1448334,73206,58683,14523,5368,3936,1432,2784,1833,951,61472,27777,33695
C3010,22,00,0000,State - CHHATTISGARH  22,Rural,0-4,2042755,1030310,1012445,23985,12070,11915,23985,12070,11915,0,0,0,0,0,0,0,0,0,0,0,0
C3010,22,00,0000,State - CHHATTISGARH  22,Rural,5,465621,237219,228402,36613,19266,17347,36613,19266,17347,0,0,0,0,0,0,0,0,0,0,0,0
C3010,22,00,0000,State - CHHATTISGARH  22,Rural,6,455604,227971,227633,202384,105999,96385,202384,105999,96385,0,0,0,0,0,0,0,0,0,0,0,0
C3010,22,00,0000,State - CHHATTISGARH  22,Rural,7,370190,185883,184307,269184,140826,128358,269184,140826,128358,0,0,0,0,0,0,0,0,0,0,0,0
C3010,22,00,0000,State - CHHATTISGARH  22,Rural,8,468401,237394,231007,371394,196105,175289,371394,196105,175289,0,0,0,0,0,0,0,0,0,0,0,0
C3010,22,00,0000,State - CHHATTISGARH  22,Rural,9,416399,207376,209023,356240,183645,172595,356240,183645,172595,0,0,0,0,0,0,0,0,0,0,0,0
C3010,22,00,0000,State - CHHATTISGARH  22,Rural,10,547488,279580,267908,439116,236007,203109,439116,236007,203109,0,0,0,0,0,0,0,0,0,0,0,0
C3010,22,00,0000,State - CHHATTISGARH  22,Rural,11,351033,181889,169144,300977,163330,137647,300977,163330,137647,0,0,0,0,0,0,0,0,0,0,0,0
C3010,22,00,0000,State - CHHATTISGARH  22,Rural,12,487123,249650,237473,350764,196786,153978,350764,196786,153978,0,0,0,0,0,0,0,0,0,0,0,0
C3010,22,00,0000,State - CHHATTISGARH  22,Rural,13,349387,176487,172900,244351,138806,105545,244351,138806,105545,0,0,0,0,0,0,0,0,0,0,0,0
C3010,22,00,0000,State - CHHATTISGARH  22,Rural,14,365452,186999,178453,219600,131623,87977,219600,131623,87977,0,0,0,0,0,0,0,0,0,0,0,0
C3010,22,00,0000,State - CHHATTISGARH  22,Rural,15-19,1487415,773358,714057,493066,335020,158046,470842,320438,150404,17033,11743,5290,1250,886,364,866,527,339,3075,1426,1649
C3010,22,00,0000,State - CHHATTISGARH  22,Rural,20-24,1268540,616462,652078,96129,74960,21169,38551,30766,7785,46775,38539,8236,1906,1583,323,671,486,185,8226,3586,4640
C3010,22,00,0000,State - CHHATTISGARH  22,Rural,25-29,1265273,627523,637750,19844,12813,7031,0,0,0,7758,6993,765,966,785,181,429,305,124,10691,4730,5961
C3010,22,00,0000,State - CHHATTISGARH  22,Rural,30-34,1204248,582456,621792,13512,6179,7333,0,0,0,955,828,127,346,204,142,247,154,93,11964,4993,6971
C3010,22,00,0000,State - CHHATTISGARH  22,Rural,35-59,3809366,1916381,1892985,27649,13162,14487,0,0,0,533,459,74,718,398,320,424,270,154,25974,12035,13939
C3010,22,00,0000,State - CHHATTISGARH  22,Rural,60+,1270678,577529,693149,1880,1212,668,0,0,0,102,82,20,166,76,90,130,86,44,1482,968,514
C3010,22,00,0000,State - CHHATTISGARH  22,Rural,Age not stated,23083,12976,10107,143,87,56,0,0,0,50,39,11,16,4,12,17,5,12,60,39,21
C3010,22,00,0000,State - CHHATTISGARH  22,Urban,All ages,4185747,2166775,2018972,1139746,613826,525920,1009827,536577,473250,115048,67800,47248,9666,6756,2910,2741,1834,907,2464,859,1605
C3010,22,00,0000,State - CHHATTISGARH  22,Urban,0-4,410199,211326,198873,15982,8501,7481,15982,8501,7481,0,0,0,0,0,0,0,0,0,0,0,0
C3010,22,00,0000,State - CHHATTISGARH  22,Urban,5,94785,49824,44961,24141,13032,11109,24141,13032,11109,0,0,0,0,0,0,0,0,0,0,0,0
C3010,22,00,0000,State - CHHATTISGARH  22,Urban,6,85952,43763,42189,42563,22057,20506,42563,22057,20506,0,0,0,0,0,0,0,0,0,0,0,0
C3010,22,00,0000,State - CHHATTISGARH  22,Urban,7,88873,45267,43606,73952,38209,35743,73952,38209,35743,0,0,0,0,0,0,0,0,0,0,0,0
C3010,22,00,0000,State - CHHATTISGARH  22,Urban,8,105329,54556,50773,93831,49297,44534,93831,49297,44534,0,0,0,0,0,0,0,0,0,0,0,0
C3010,22,00,0000,State - CHHATTISGARH  22,Urban,9,83209,41755,41454,77005,39007,37998,77005,39007,37998,0,0,0,0,0,0,0,0,0,0,0,0
C3010,22,00,0000,State - CHHATTISGARH  22,Urban,10,121897,62993,58904,109812,57532,52280,109812,57532,52280,0,0,0,0,0,0,0,0,0,0,0,0
C3010,22,00,0000,State - CHHATTISGARH  22,Urban,11,86287,44486,41801,79655,41496,38159,79655,41496,38159,0,0,0,0,0,0,0,0,0,0,0,0
C3010,22,00,0000,State - CHHATTISGARH  22,Urban,12,113937,58921,55016,98711,52036,46675,98711,52036,46675,0,0,0,0,0,0,0,0,0,0,0,0
C3010,22,00,0000,State - CHHATTISGARH  22,Urban,13,88979,44261,44718,75999,38720,37279,75999,38720,37279,0,0,0,0,0,0,0,0,0,0,0,0
C3010,22,00,0000,State - CHHATTISGARH  22,Urban,14,93754,47671,46083,74537,39026,35511,74537,39026,35511,0,0,0,0,0,0,0,0,0,0,0,0
C3010,22,00,0000,State - CHHATTISGARH  22,Urban,15-19,444309,235083,209226,261200,143145,118055,224518,124636,99882,32486,15823,16663,3079,1980,1099,1038,681,357,79,25,54
C3010,22,00,0000,State - CHHATTISGARH  22,Urban,20-24,402948,211314,191634,95606,60233,35373,19121,13028,6093,71252,43589,27663,4147,2948,1199,842,581,261,244,87,157
C3010,22,00,0000,State - CHHATTISGARH  22,Urban,25-29,371677,187286,184391,11640,8654,2986,0,0,0,8951,6783,2168,1753,1368,385,544,383,161,392,120,272
C3010,22,00,0000,State - CHHATTISGARH  22,Urban,30-34,338032,173265,164767,2119,1344,775,0,0,0,1140,816,324,298,227,71,146,89,57,535,212,323
C3010,22,00,0000,State - CHHATTISGARH  22,Urban,35-59,1016876,540082,476794,2428,1240,1188,0,0,0,886,614,272,305,190,115,138,82,56,1099,354,745
C3010,22,00,0000,State - CHHATTISGARH  22,Urban,60+,233705,112156,121549,405,235,170,0,0,0,200,126,74,64,33,31,31,17,14,110,59,51
C3010,22,00,0000,State - CHHATTISGARH  22,Urban,Age not stated,4999,2766,2233,160,62,98,0,0,0,133,49,84,20,10,10,2,1,1,5,2,3
C3010,22,01,0000,District - Koriya *  01,Total,All ages,586327,301251,285076,137801,76748,61053,130549,72366,58183,5037,3300,1737,264,204,60,164,107,57,1787,771,1016
C3010,22,01,0000,District - Koriya *  01,Total,0-4,67977,34456,33521,1711,853,858,1711,853,858,0,0,0,0,0,0,0,0,0,0,0,0
C3010,22,01,0000,District - Koriya *  01,Total,5,16547,8462,8085,2694,1437,1257,2694,1437,1257,0,0,0,0,0,0,0,0,0,0,0,0
C3010,22,01,0000,District - Koriya *  01,Total,6,15745,7986,7759,7551,4019,3532,7551,4019,3532,0,0,0,0,0,0,0,0,0,0,0,0
C3010,22,01,0000,District - Koriya *  01,Total,7,13648,6832,6816,10526,5442,5084,10526,5442,5084,0,0,0,0,0,0,0,0,0,0,0,0
C3010,22,01,0000,District - Koriya *  01,Total,8,17084,8760,8324,14053,7416,6637,14053,7416,6637,0,0,0,0,0,0,0,0,0,0,0,0
C3010,22,01,0000,District - Koriya *  01,Total,9,13529,6672,6857,11760,5956,5804,11760,5956,5804,0,0,0,0,0,0,0,0,0,0,0,0
C3010,22,01,0000,District - Koriya *  01,Total,10,19940,10212,9728,16252,8690,7562,16252,8690,7562,0,0,0,0,0,0,0,0,0,0,0,0
C3010,22,01,0000,District - Koriya *  01,Total,11,11511,5986,5525,10001,5380,4621,10001,5380,4621,0,0,0,0,0,0,0,0,0,0,0,0
C3010,22,01,0000,District - Koriya *  01,Total,12,18561,9666,8895,13949,7704,6245,13949,7704,6245,0,0,0,0,0,0,0,0,0,0,0,0
C3010,22,01,0000,District - Koriya *  01,Total,13,12930,6627,6303,9760,5402,4358,9760,5402,4358,0,0,0,0,0,0,0,0,0,0,0,0
C3010,22,01,0000,District - Koriya *  01,Total,14,13426,7000,6426,9065,5164,3901,9065,5164,3901,0,0,0,0,0,0,0,0,0,0,0,0
C3010,22,01,0000,District - Koriya *  01,Total,15-19,55483,29849,25634,23405,14660,8745,21594,13638,7956,1603,906,697,66,40,26,62,41,21,80,35,45
C3010,22,01,0000,District - Koriya *  01,Total,20-24,47674,24047,23627,5021,3484,1537,1633,1265,368,2954,1993,961,94,85,9,41,23,18,299,118,181
C3010,22,01,0000,District - Koriya *  01,Total,25-29,44721,22653,22068,791,528,263,0,0,0,392,333,59,50,42,8,30,22,8,319,131,188
C3010,22,01,0000,District - Koriya *  01,Total,30-34,42090,20946,21144,433,219,214,0,0,0,53,45,8,25,23,2,11,7,4,344,144,200
C3010,22,01,0000,District - Koriya *  01,Total,35-59,139771,73739,66032,780,368,412,0,0,0,29,20,9,22,12,10,16,11,5,713,325,388
C3010,22,01,0000,District - Koriya *  01,Total,60+,35203,17046,18157,48,26,22,0,0,0,6,3,3,7,2,5,3,3,0,32,18,14
C3010,22,01,0000,District - Koriya *  01,Total,Age not stated,487,312,175,1,0,1,0,0,0,0,0,0,0,0,0,1,0,1,0,0,0
C3010,22,01,0000,District - Koriya *  01,Rural,All ages,411536,208790,202746,82937,46644,36293,79675,44738,34937,1328,1033,295,99,73,26,60,35,25,1775,765,1010
C3010,22,01,0000,District - Koriya *  01,Rural,0-4,52017,26255,25762,1099,537,562,1099,537,562,0,0,0,0,0,0,0,0,0,0,0,0
C3010,22,01,0000,District - Koriya *  01,Rural,5,12389,6302,6087,1423,753,670,1423,753,670,0,0,0,0,0,0,0,0,0,0,0,0
C3010,22,01,0000,District - Koriya *  01,Rural,6,11865,5995,5870,5431,2917,2514,5431,2917,2514,0,0,0,0,0,0,0,0,0,0,0,0
C3010,22,01,0000,District - Koriya *  01,Rural,7,9535,4743,4792,6924,3583,3341,6924,3583,3341,0,0,0,0,0,0,0,0,0,0,0,0
C3010,22,01,0000,District - Koriya *  01,Rural,8,11912,6086,5826,9314,4928,4386,9314,4928,4386,0,0,0,0,0,0,0,0,0,0,0,0
C3010,22,01,0000,District - Koriya *  01,Rural,9,9610,4712,4898,8107,4102,4005,8107,4102,4005,0,0,0,0,0,0,0,0,0,0,0,0
C3010,22,01,0000,District - Koriya *  01,Rural,10,13965,7038,6927,10796,5738,5058,10796,5738,5058,0,0,0,0,0,0,0,0,0,0,0,0
C3010,22,01,0000,District - Koriya *  01,Rural,11,7531,3897,3634,6275,3416,2859,6275,3416,2859,0,0,0,0,0,0,0,0,0,0,0,0
C3010,22,01,0000,District - Koriya *  01,Rural,12,12708,6544,6164,8756,4876,3880,8756,4876,3880,0,0,0,0,0,0,0,0,0,0,0,0
C3010,22,01,0000,District - Koriya *  01,Rural,13,8418,4318,4100,5755,3311,2444,5755,3311,2444,0,0,0,0,0,0,0,0,0,0,0,0
C3010,22,01,0000,District - Koriya *  01,Rural,14,8512,4462,4050,4924,2971,1953,4924,2971,1953,0,0,0,0,0,0,0,0,0,0,0,0
C3010,22,01,0000,District - Koriya *  01,Rural,15-19,34534,18358,16176,10509,7253,3256,10043,6942,3101,350,253,97,18,13,5,18,10,8,80,35,45
C3010,22,01,0000,District - Koriya *  01,Rural,20-24,33175,16037,17138,1949,1422,527,828,664,164,786,610,176,31,28,3,8,4,4,296,116,180
C3010,22,01,0000,District - Koriya *  01,Rural,25-29,32295,16364,15931,509,296,213,0,0,0,155,140,15,21,15,6,17,11,6,316,130,186
C3010,22,01,0000,District - Koriya *  01,Rural,30-34,29936,14919,15017,382,177,205,0,0,0,25,22,3,10,10,0,4,2,2,343,143,200
C3010,22,01,0000,District - Koriya *  01,Rural,35-59,94257,48822,45435,743,342,401,0,0,0,12,8,4,13,5,8,9,5,4,709,324,385
C3010,22,01,0000,District - Koriya *  01,Rural,60+,28447,13658,14789,40,22,18,0,0,0,0,0,0,6,2,4,3,3,0,31,17,14
C3010,22,01,0000,District - Koriya *  01,Rural,Age not stated,430,280,150,1,0,1,0,0,0,0,0,0,0,0,0,1,0,1,0,0,0
C3010,22,01,0000,District - Koriya *  01,Urban,All ages,174791,92461,82330,54864,30104,24760,50874,27628,23246,3709,2267,1442,165,131,34,104,72,32,12,6,6
C3010,22,01,0000,District - Koriya *  01,Urban,0-4,15960,8201,7759,612,316,296,612,316,296,0,0,0,0,0,0,0,0,0,0,0,0
C3010,22,01,0000,District - Koriya *  01,Urban,5,4158,2160,1998,1271,684,587,1271,684,587,0,0,0,0,0,0,0,0,0,0,0,0
C3010,22,01,0000,District - Koriya *  01,Urban,6,3880,1991,1889,2120,1102,1018,2120,1102,1018,0,0,0,0,0,0,0,0,0,0,0,0
C3010,22,01,0000,District - Koriya *  01,Urban,7,4113,2089,2024,3602,1859,1743,3602,1859,1743,0,0,0,0,0,0,0,0,0,0,0,0
C3010,22,01,0000,District - Koriya *  01,Urban,8,5172,2674,2498,4739,2488,2251,4739,2488,2251,0,0,0,0,0,0,0,0,0,0,0,0
C3010,22,01,0000,District - Koriya *  01,Urban,9,3919,1960,1959,3653,1854,1799,3653,1854,1799,0,0,0,0,0,0,0,0,0,0,0,0
C3010,22,01,0000,District - Koriya *  01,Urban,10,5975,3174,2801,5456,2952,2504,5456,2952,2504,0,0,0,0,0,0,0,0,0,0,0,0
C3010,22,01,0000,District - Koriya *  01,Urban,11,3980,2089,1891,3726,1964,1762,3726,1964,1762,0,0,0,0,0,0,0,0,0,0,0,0
C3010,22,01,0000,District - Koriya *  01,Urban,12,5853,3122,2731,5193,2828,2365,5193,2828,2365,0,0,0,0,0,0,0,0,0,0,0,0
C3010,22,01,0000,District - Koriya *  01,Urban,13,4512,2309,2203,4005,2091,1914,4005,2091,1914,0,0,0,0,0,0,0,0,0,0,0,0
C3010,22,01,0000,District - Koriya *  01,Urban,14,4914,2538,2376,4141,2193,1948,4141,2193,1948,0,0,0,0,0,0,0,0,0,0,0,0
C3010,22,01,0000,District - Koriya *  01,Urban,15-19,20949,11491,9458,12896,7407,5489,11551,6696,4855,1253,653,600,48,27,21,44,31,13,0,0,0
C3010,22,01,0000,District - Koriya *  01,Urban,20-24,14499,8010,6489,3072,2062,1010,805,601,204,2168,1383,785,63,57,6,33,19,14,3,2,1
C3010,22,01,0000,District - Koriya *  01,Urban,25-29,12426,6289,6137,282,232,50,0,0,0,237,193,44,29,27,2,13,11,2,3,1,2
C3010,22,01,0000,District - Koriya *  01,Urban,30-34,12154,6027,6127,51,42,9,0,0,0,28,23,5,15,13,2,7,5,2,1,1,0
C3010,22,01,0000,District - Koriya *  01,Urban,35-59,45514,24917,20597,37,26,11,0,0,0,17,12,5,9,7,2,7,6,1,4,1,3
C3010,22,01,0000,District - Koriya *  01,Urban,60+,6756,3388,3368,8,4,4,0,0,0,6,3,3,1,0,1,0,0,0,1,1,0
C3010,22,01,0000,District - Koriya *  01,Urban,Age not stated,57,32,25,0,0,0,0,0,0,0,0,0,0,0,0,0,0,0,0,0,0
C3010,22,02,0000,District - Surguja  02,Total,All ages,1972094,1000050,972044,394726,225516,169210,368805,210187,158618,12221,8465,3756,993,597,396,606,376,230,12101,5891,6210
C3010,22,02,0000,District - Surguja  02,Total,0-4,257133,129683,127450,3927,1992,1935,3927,1992,1935,0,0,0,0,0,0,0,0,0,0,0,0
C3010,22,02,0000,District - Surguja  02,Total,5,60561,31060,29501,6456,3475,2981,6456,3475,2981,0,0,0,0,0,0,0,0,0,0,0,0
C3010,22,02,0000,District - Surguja  02,Total,6,60242,30450,29792,21501,11618,9883,21501,11618,9883,0,0,0,0,0,0,0,0,0,0,0,0
C3010,22,02,0000,District - Surguja  02,Total,7,46405,23040,23365,31103,16289,14814,31103,16289,14814,0,0,0,0,0,0,0,0,0,0,0,0
C3010,22,02,0000,District - Surguja  02,Total,8,58908,29945,28963,42136,22730,19406,42136,22730,19406,0,0,0,0,0,0,0,0,0,0,0,0
C3010,22,02,0000,District - Surguja  02,Total,9,45897,22893,23004,36277,18972,17305,36277,18972,17305,0,0,0,0,0,0,0,0,0,0,0,0
C3010,22,02,0000,District - Surguja  02,Total,10,66712,34143,32569,48546,26657,21889,48546,26657,21889,0,0,0,0,0,0,0,0,0,0,0,0
C3010,22,02,0000,District - Surguja  02,Total,11,33513,17221,16292,27405,14925,12480,27405,14925,12480,0,0,0,0,0,0,0,0,0,0,0,0
C3010,22,02,0000,District - Surguja  02,Total,12,59609,30929,28680,39894,22749,17145,39894,22749,17145,0,0,0,0,0,0,0,0,0,0,0,0
C3010,22,02,0000,District - Surguja  02,Total,13,36695,18976,17719,25667,14594,11073,25667,14594,11073,0,0,0,0,0,0,0,0,0,0,0,0
C3010,22,02,0000,District - Surguja  02,Total,14,38108,20393,17715,23565,14315,9250,23565,14315,9250,0,0,0,0,0,0,0,0,0,0,0,0
C3010,22,02,0000,District - Surguja  02,Total,15-19,161783,85206,76577,61208,39926,21282,56782,37544,19238,3442,1889,1553,269,167,102,160,97,63,555,229,326
C3010,22,02,0000,District - Surguja  02,Total,20-24,148634,71112,77522,14899,10545,4354,5546,4327,1219,7217,5271,1946,284,173,111,150,105,45,1702,669,1033
C3010,22,02,0000,District - Surguja  02,Total,25-29,151052,74738,76314,3634,2177,1457,0,0,0,1224,1050,174,183,117,66,78,46,32,2149,964,1185
C3010,22,02,0000,District - Surguja  02,Total,30-34,145110,70690,74420,2691,1246,1445,0,0,0,182,147,35,84,41,43,65,29,36,2360,1029,1331
C3010,22,02,0000,District - Surguja  02,Total,35-59,456926,237237,219689,5477,3085,2392,0,0,0,111,94,17,151,90,61,123,79,44,5092,2822,2270
C3010,22,02,0000,District - Surguja  02,Total,60+,141869,70635,71234,291,211,80,0,0,0,11,8,3,17,9,8,27,19,8,236,175,61
C3010,22,02,0000,District - Surguja  02,Total,Age not stated,2937,1699,1238,49,10,39,0,0,0,34,6,28,5,0,5,3,1,2,7,3,4
C3010,22,02,0000,District - Surguja  02,Rural,All ages,1834913,928009,906904,349857,201469,148388,330350,189820,140530,6411,5149,1262,601,356,245,482,282,200,12013,5862,6151
C3010,22,02,0000,District - Surguja  02,Rural,0-4,244389,122964,121425,3234,1603,1631,3234,1603,1631,0,0,0,0,0,0,0,0,0,0,0,0
C3010,22,02,0000,District - Surguja  02,Rural,5,57301,29321,27980,5296,2854,2442,5296,2854,2442,0,0,0,0,0,0,0,0,0,0,0,0
C3010,22,02,0000,District - Surguja  02,Rural,6,57316,28923,28393,19944,10817,9127,19944,10817,9127,0,0,0,0,0,0,0,0,0,0,0,0
C3010,22,02,0000,District - Surguja  02,Rural,7,43545,21616,21929,28561,14995,13566,28561,14995,13566,0,0,0,0,0,0,0,0,0,0,0,0
C3010,22,02,0000,District - Surguja  02,Rural,8,55233,27997,27236,38695,20899,17796,38695,20899,17796,0,0,0,0,0,0,0,0,0,0,0,0
C3010,22,02,0000,District - Surguja  02,Rural,9,43283,21579,21704,33787,17713,16074,33787,17713,16074,0,0,0,0,0,0,0,0,0,0,0,0
C3010,22,02,0000,District - Surguja  02,Rural,10,62555,31919,30636,44663,24563,20100,44663,24563,20100,0,0,0,0,0,0,0,0,0,0,0,0
C3010,22,02,0000,District - Surguja  02,Rural,11,30830,15832,14998,24840,13586,11254,24840,13586,11254,0,0,0,0,0,0,0,0,0,0,0,0
C3010,22,02,0000,District - Surguja  02,Rural,12,55632,28859,26773,36243,20830,15413,36243,20830,15413,0,0,0,0,0,0,0,0,0,0,0,0
C3010,22,02,0000,District - Surguja  02,Rural,13,33523,17410,16113,22745,13149,9596,22745,13149,9596,0,0,0,0,0,0,0,0,0,0,0,0
C3010,22,02,0000,District - Surguja  02,Rural,14,34632,18599,16033,20472,12693,7779,20472,12693,7779,0,0,0,0,0,0,0,0,0,0,0,0
C3010,22,02,0000,District - Surguja  02,Rural,15-19,145753,76886,68867,49402,33732,15670,47128,32338,14790,1499,1032,467,109,66,43,118,69,49,548,227,321
C3010,22,02,0000,District - Surguja  02,Rural,20-24,135081,63876,71205,10526,7792,2734,4742,3780,962,3876,3207,669,128,81,47,92,57,35,1688,667,1021
C3010,22,02,0000,District - Surguja  02,Rural,25-29,139052,68666,70386,3134,1791,1343,0,0,0,808,713,95,126,80,46,67,36,31,2133,962,1171
C3010,22,02,0000,District - Surguja  02,Rural,30-34,134009,64982,69027,2615,1198,1417,0,0,0,135,115,20,75,36,39,57,24,33,2348,1023,1325
C3010,22,02,0000,District - Surguja  02,Rural,35-59,424820,219684,205136,5399,3041,2358,0,0,0,83,74,9,141,84,57,118,76,42,5057,2807,2250
C3010,22,02,0000,District - Surguja  02,Rural,60+,135186,67265,67921,283,206,77,0,0,0,7,5,2,17,9,8,27,19,8,232,173,59
C3010,22,02,0000,District - Surguja  02,Rural,Age not stated,2773,1631,1142,18,7,11,0,0,0,3,3,0,5,0,5,3,1,2,7,3,4
C3010,22,02,0000,District - Surguja  02,Urban,All ages,137181,72041,65140,44869,24047,20822,38455,20367,18088,5810,3316,2494,392,241,151,124,94,30,88,29,59
C3010,22,02,0000,District - Surguja  02,Urban,0-4,12744,6719,6025,693,389,304,693,389,304,0,0,0,0,0,0,0,0,0,0,0,0
C3010,22,02,0000,District - Surguja  02,Urban,5,3260,1739,1521,1160,621,539,1160,621,539,0,0,0,0,0,0,0,0,0,0,0,0
C3010,22,02,0000,District - Surguja  02,Urban,6,2926,1527,1399,1557,801,756,1557,801,756,0,0,0,0,0,0,0,0,0,0,0,0
C3010,22,02,0000,District - Surguja  02,Urban,7,2860,1424,1436,2542,1294,1248,2542,1294,1248,0,0,0,0,0,0,0,0,0,0,0,0
C3010,22,02,0000,District - Surguja  02,Urban,8,3675,1948,1727,3441,1831,1610,3441,1831,1610,0,0,0,0,0,0,0,0,0,0,0,0
C3010,22,02,0000,District - Surguja  02,Urban,9,2614,1314,1300,2490,1259,1231,2490,1259,1231,0,0,0,0,0,0,0,0,0,0,0,0
C3010,22,02,0000,District - Surguja  02,Urban,10,4157,2224,1933,3883,2094,1789,3883,2094,1789,0,0,0,0,0,0,0,0,0,0,0,0
C3010,22,02,0000,District - Surguja  02,Urban,11,2683,1389,1294,2565,1339,1226,2565,1339,1226,0,0,0,0,0,0,0,0,0,0,0,0
C3010,22,02,0000,District - Surguja  02,Urban,12,3977,2070,1907,3651,1919,1732,3651,1919,1732,0,0,0,0,0,0,0,0,0,0,0,0
C3010,22,02,0000,District - Surguja  02,Urban,13,3172,1566,1606,2922,1445,1477,2922,1445,1477,0,0,0,0,0,0,0,0,0,0,0,0
C3010,22,02,0000,District - Surguja  02,Urban,14,3476,1794,1682,3093,1622,1471,3093,1622,1471,0,0,0,0,0,0,0,0,0,0,0,0
C3010,22,02,0000,District - Surguja  02,Urban,15-19,16030,8320,7710,11806,6194,5612,9654,5206,4448,1943,857,1086,160,101,59,42,28,14,7,2,5
C3010,22,02,0000,District - Surguja  02,Urban,20-24,13553,7236,6317,4373,2753,1620,804,547,257,3341,2064,1277,156,92,64,58,48,10,14,2,12
C3010,22,02,0000,District - Surguja  02,Urban,25-29,12000,6072,5928,500,386,114,0,0,0,416,337,79,57,37,20,11,10,1,16,2,14
C3010,22,02,0000,District - Surguja  02,Urban,30-34,11101,5708,5393,76,48,28,0,0,0,47,32,15,9,5,4,8,5,3,12,6,6
C3010,22,02,0000,District - Surguja  02,Urban,35-59,32106,17553,14553,78,44,34,0,0,0,28,20,8,10,6,4,5,3,2,35,15,20
C3010,22,02,0000,District - Surguja  02,Urban,60+,6683,3370,3313,8,5,3,0,0,0,4,3,1,0,0,0,0,0,0,4,2,2
C3010,22,02,0000,District - Surguja  02,Urban,Age not stated,164,68,96,31,3,28,0,0,0,31,3,28,0,0,0,0,0,0,0,0,0
C3010,22,03,0000,District - Jashpur *  03,Total,All ages,743160,371697,371463,175868,95619,80249,167448,90563,76885,5602,3851,1751,358,115,243,95,61,34,2365,1029,1336
C3010,22,03,0000,District - Jashpur *  03,Total,0-4,82856,41892,40964,991,496,495,991,496,495,0,0,0,0,0,0,0,0,0,0,0,0
C3010,22,03,0000,District - Jashpur *  03,Total,5,20270,10419,9851,1571,823,748,1571,823,748,0,0,0,0,0,0,0,0,0,0,0,0
C3010,22,03,0000,District - Jashpur *  03,Total,6,19808,9933,9875,8865,4644,4221,8865,4644,4221,0,0,0,0,0,0,0,0,0,0,0,0
C3010,22,03,0000,District - Jashpur *  03,Total,7,15293,7702,7591,11792,6135,5657,11792,6135,5657,0,0,0,0,0,0,0,0,0,0,0,0
C3010,22,03,0000,District - Jashpur *  03,Total,8,19067,9562,9505,15954,8237,7717,15954,8237,7717,0,0,0,0,0,0,0,0,0,0,0,0
C3010,22,03,0000,District - Jashpur *  03,Total,9,17313,8630,8683,15500,7906,7594,15500,7906,7594,0,0,0,0,0,0,0,0,0,0,0,0
C3010,22,03,0000,District - Jashpur *  03,Total,10,23552,11982,11570,20372,10682,9690,20372,10682,9690,0,0,0,0,0,0,0,0,0,0,0,0
C3010,22,03,0000,District - Jashpur *  03,Total,11,14199,7219,6980,12832,6694,6138,12832,6694,6138,0,0,0,0,0,0,0,0,0,0,0,0
C3010,22,03,0000,District - Jashpur *  03,Total,12,22136,11448,10688,17984,9682,8302,17984,9682,8302,0,0,0,0,0,0,0,0,0,0,0,0
C3010,22,03,0000,District - Jashpur *  03,Total,13,15718,7873,7845,12683,6713,5970,12683,6713,5970,0,0,0,0,0,0,0,0,0,0,0,0
C3010,22,03,0000,District - Jashpur *  03,Total,14,16996,8685,8311,12612,6851,5761,12612,6851,5761,0,0,0,0,0,0,0,0,0,0,0,0
C3010,22,03,0000,District - Jashpur *  03,Total,15-19,67848,35631,32217,34242,20023,14219,32752,19249,13503,1277,709,568,108,17,91,27,15,12,78,33,45
C3010,22,03,0000,District - Jashpur *  03,Total,20-24,50675,24581,26094,7466,5074,2392,3540,2451,1089,3511,2485,1026,146,34,112,23,12,11,246,92,154
C3010,22,03,0000,District - Jashpur *  03,Total,25-29,52351,25351,27000,1080,729,351,0,0,0,686,555,131,55,33,22,15,12,3,324,129,195
C3010,22,03,0000,District - Jashpur *  03,Total,30-34,53289,24900,28389,576,251,325,0,0,0,88,70,18,11,7,4,8,6,2,469,168,301
C3010,22,03,0000,District - Jashpur *  03,Total,35-59,189016,95752,93264,1270,631,639,0,0,0,27,24,3,29,20,9,18,14,4,1196,573,623
C3010,22,03,0000,District - Jashpur *  03,Total,60+,62128,29732,32396,74,45,29,0,0,0,10,6,4,9,4,5,4,2,2,51,33,18
C3010,22,03,0000,District - Jashpur *  03,Total,Age not stated,645,405,240,4,3,1,0,0,0,3,2,1,0,0,0,0,0,0,1,1,0
C3010,22,03,0000,District - Jashpur *  03,Rural,All ages,708965,353877,355088,163593,89071,74522,157244,85200,72044,3799,2744,1055,132,70,62,64,32,32,2354,1025,1329
C3010,22,03,0000,District - Jashpur *  03,Rural,0-4,79656,40205,39451,800,393,407,800,393,407,0,0,0,0,0,0,0,0,0,0,0,0
C3010,22,03,0000,District - Jashpur *  03,Rural,5,19459,9977,9482,1251,648,603,1251,648,603,0,0,0,0,0,0,0,0,0,0,0,0
C3010,22,03,0000,District - Jashpur *  03,Rural,6,18998,9508,9490,8358,4386,3972,8358,4386,3972,0,0,0,0,0,0,0,0,0,0,0,0
C3010,22,03,0000,District - Jashpur *  03,Rural,7,14543,7322,7221,11117,5793,5324,11117,5793,5324,0,0,0,0,0,0,0,0,0,0,0,0
C3010,22,03,0000,District - Jashpur *  03,Rural,8,18181,9094,9087,15152,7802,7350,15152,7802,7350,0,0,0,0,0,0,0,0,0,0,0,0
C3010,22,03,0000,District - Jashpur *  03,Rural,9,16635,8268,8367,14861,7563,7298,14861,7563,7298,0,0,0,0,0,0,0,0,0,0,0,0
C3010,22,03,0000,District - Jashpur *  03,Rural,10,22418,11405,11013,19329,10151,9178,19329,10151,9178,0,0,0,0,0,0,0,0,0,0,0,0
C3010,22,03,0000,District - Jashpur *  03,Rural,11,13523,6894,6629,12183,6383,5800,12183,6383,5800,0,0,0,0,0,0,0,0,0,0,0,0
C3010,22,03,0000,District - Jashpur *  03,Rural,12,21077,10916,10161,17049,9212,7837,17049,9212,7837,0,0,0,0,0,0,0,0,0,0,0,0
C3010,22,03,0000,District - Jashpur *  03,Rural,13,14951,7482,7469,11983,6350,5633,11983,6350,5633,0,0,0,0,0,0,0,0,0,0,0,0
C3010,22,03,0000,District - Jashpur *  03,Rural,14,16095,8240,7855,11811,6463,5348,11811,6463,5348,0,0,0,0,0,0,0,0,0,0,0,0
C3010,22,03,0000,District - Jashpur *  03,Rural,15-19,63418,33296,30122,30950,18275,12675,30051,17748,12303,770,472,298,28,10,18,23,12,11,78,33,45
C3010,22,03,0000,District - Jashpur *  03,Rural,20-24,47101,22692,24409,5963,4159,1804,3299,2308,991,2371,1739,632,30,13,17,17,7,10,246,92,154
C3010,22,03,0000,District - Jashpur *  03,Rural,25-29,49649,23994,25655,922,609,313,0,0,0,561,455,106,31,22,9,7,4,3,323,128,195
C3010,22,03,0000,District - Jashpur *  03,Rural,30-34,50697,23647,27050,551,232,319,0,0,0,71,57,14,8,4,4,5,3,2,467,168,299
C3010,22,03,0000,District - Jashpur *  03,Rural,35-59,181468,91618,89850,1241,607,634,0,0,0,16,14,2,28,19,9,8,4,4,1189,570,619
C3010,22,03,0000,District - Jashpur *  03,Rural,60+,60474,28926,31548,69,42,27,0,0,0,8,5,3,7,2,5,4,2,2,50,33,17
C3010,22,03,0000,District - Jashpur *  03,Rural,Age not stated,622,393,229,3,3,0,0,0,0,2,2,0,0,0,0,0,0,0,1,1,0
C3010,22,03,0000,District - Jashpur *  03,Urban,All ages,34195,17820,16375,12275,6548,5727,10204,5363,4841,1803,1107,696,226,45,181,31,29,2,11,4,7
C3010,22,03,0000,District - Jashpur *  03,Urban,0-4,3200,1687,1513,191,103,88,191,103,88,0,0,0,0,0,0,0,0,0,0,0,0
C3010,22,03,0000,District - Jashpur *  03,Urban,5,811,442,369,320,175,145,320,175,145,0,0,0,0,0,0,0,0,0,0,0,0
C3010,22,03,0000,District - Jashpur *  03,Urban,6,810,425,385,507,258,249,507,258,249,0,0,0,0,0,0,0,0,0,0,0,0
C3010,22,03,0000,District - Jashpur *  03,Urban,7,750,380,370,675,342,333,675,342,333,0,0,0,0,0,0,0,0,0,0,0,0
C3010,22,03,0000,District - Jashpur *  03,Urban,8,886,468,418,802,435,367,802,435,367,0,0,0,0,0,0,0,0,0,0,0,0
C3010,22,03,0000,District - Jashpur *  03,Urban,9,678,362,316,639,343,296,639,343,296,0,0,0,0,0,0,0,0,0,0,0,0
C3010,22,03,0000,District - Jashpur *  03,Urban,10,1134,577,557,1043,531,512,1043,531,512,0,0,0,0,0,0,0,0,0,0,0,0
C3010,22,03,0000,District - Jashpur *  03,Urban,11,676,325,351,649,311,338,649,311,338,0,0,0,0,0,0,0,0,0,0,0,0
C3010,22,03,0000,District - Jashpur *  03,Urban,12,1059,532,527,935,470,465,935,470,465,0,0,0,0,0,0,0,0,0,0,0,0
C3010,22,03,0000,District - Jashpur *  03,Urban,13,767,391,376,700,363,337,700,363,337,0,0,0,0,0,0,0,0,0,0,0,0
C3010,22,03,0000,District - Jashpur *  03,Urban,14,901,445,456,801,388,413,801,388,413,0,0,0,0,0,0,0,0,0,0,0,0
C3010,22,03,0000,District - Jashpur *  03,Urban,15-19,4430,2335,2095,3292,1748,1544,2701,1501,1200,507,237,270,80,7,73,4,3,1,0,0,0
C3010,22,03,0000,District - Jashpur *  03,Urban,20-24,3574,1889,1685,1503,915,588,241,143,98,1140,746,394,116,21,95,6,5,1,0,0,0
C3010,22,03,0000,District - Jashpur *  03,Urban,25-29,2702,1357,1345,158,120,38,0,0,0,125,100,25,24,11,13,8,8,0,1,1,0
C3010,22,03,0000,District - Jashpur *  03,Urban,30-34,2592,1253,1339,25,19,6,0,0,0,17,13,4,3,3,0,3,3,0,2,0,2
C3010,22,03,0000,District - Jashpur *  03,Urban,35-59,7548,4134,3414,29,24,5,0,0,0,11,10,1,1,1,0,10,10,0,7,3,4
C3010,22,03,0000,District - Jashpur *  03,Urban,60+,1654,806,848,5,3,2,0,0,0,2,1,1,2,2,0,0,0,0,1,0,1
C3010,22,03,0000,District - Jashpur *  03,Urban,Age not stated,23,12,11,1,0,1,0,0,0,1,0,1,0,0,0,0,0,0,0,0,0
C3010,22,04,0000,District - Raigarh  04,Total,All ages,1265529,634597,630932,259919,144551,115368,247303,136399,110904,9305,6590,2715,556,423,133,200,133,67,2555,1006,1549
C3010,22,04,0000,District - Raigarh  04,Total,0-4,140095,71252,68843,2312,1185,1127,2312,1185,1127,0,0,0,0,0,0,0,0,0,0,0,0
C3010,22,04,0000,District - Raigarh  04,Total,5,32266,16554,15712,3432,1866,1566,3432,1866,1566,0,0,0,0,0,0,0,0,0,0,0,0
C3010,22,04,0000,District - Raigarh  04,Total,6,29194,14794,14400,15349,8064,7285,15349,8064,7285,0,0,0,0,0,0,0,0,0,0,0,0
C3010,22,04,0000,District - Raigarh  04,Total,7,25122,12503,12619,20453,10473,9980,20453,10473,9980,0,0,0,0,0,0,0,0,0,0,0,0
C3010,22,04,0000,District - Raigarh  04,Total,8,30430,15438,14992,26795,13883,12912,26795,13883,12912,0,0,0,0,0,0,0,0,0,0,0,0
C3010,22,04,0000,District - Raigarh  04,Total,9,27821,13757,14064,25306,12743,12563,25306,12743,12563,0,0,0,0,0,0,0,0,0,0,0,0
C3010,22,04,0000,District - Raigarh  04,Total,10,35715,18236,17479,31314,16455,14859,31314,16455,14859,0,0,0,0,0,0,0,0,0,0,0,0
C3010,22,04,0000,District - Raigarh  04,Total,11,25693,13212,12481,22964,12218,10746,22964,12218,10746,0,0,0,0,0,0,0,0,0,0,0,0
C3010,22,04,0000,District - Raigarh  04,Total,12,32134,16396,15738,25061,13768,11293,25061,13768,11293,0,0,0,0,0,0,0,0,0,0,0,0
C3010,22,04,0000,District - Raigarh  04,Total,13,24932,12401,12531,18207,10034,8173,18207,10034,8173,0,0,0,0,0,0,0,0,0,0,0,0
C3010,22,04,0000,District - Raigarh  04,Total,14,26970,13622,13348,16842,9827,7015,16842,9827,7015,0,0,0,0,0,0,0,0,0,0,0,0
C3010,22,04,0000,District - Raigarh  04,Total,15-19,113014,58615,54399,39390,25498,13892,36619,23906,12713,2472,1416,1056,170,112,58,66,40,26,63,24,39
C3010,22,04,0000,District - Raigarh  04,Total,20-24,97437,48258,49179,9035,6634,2401,2649,1977,672,5877,4357,1520,214,182,32,49,38,11,246,80,166
C3010,22,04,0000,District - Raigarh  04,Total,25-29,100284,49814,50470,1334,926,408,0,0,0,771,669,102,85,76,9,37,26,11,441,155,286
C3010,22,04,0000,District - Raigarh  04,Total,30-34,100524,48684,51840,655,271,384,0,0,0,108,90,18,27,19,8,9,5,4,511,157,354
C3010,22,04,0000,District - Raigarh  04,Total,35-59,316083,161490,154593,1304,603,701,0,0,0,60,48,12,47,29,18,27,15,12,1170,511,659
C3010,22,04,0000,District - Raigarh  04,Total,60+,106543,48866,57677,157,100,57,0,0,0,11,7,4,13,5,8,11,9,2,122,79,43
C3010,22,04,0000,District - Raigarh  04,Total,Age not stated,1272,705,567,9,3,6,0,0,0,6,3,3,0,0,0,1,0,1,2,0,2
C3010,22,04,0000,District - Raigarh  04,Rural,All ages,1096073,547288,548785,214147,119826,94321,206565,114747,91818,4671,3802,869,247,185,62,143,92,51,2521,1000,1521
C3010,22,04,0000,District - Raigarh  04,Rural,0-4,123724,62793,60931,1503,763,740,1503,763,740,0,0,0,0,0,0,0,0,0,0,0,0
C3010,22,04,0000,District - Raigarh  04,Rural,5,28390,14510,13880,2349,1275,1074,2349,1275,1074,0,0,0,0,0,0,0,0,0,0,0,0
C3010,22,04,0000,District - Raigarh  04,Rural,6,25746,13038,12708,13460,7058,6402,13460,7058,6402,0,0,0,0,0,0,0,0,0,0,0,0
C3010,22,04,0000,District - Raigarh  04,Rural,7,21495,10651,10844,17321,8842,8479,17321,8842,8479,0,0,0,0,0,0,0,0,0,0,0,0
C3010,22,04,0000,District - Raigarh  04,Rural,8,26231,13262,12969,23002,11894,11108,23002,11894,11108,0,0,0,0,0,0,0,0,0,0,0,0
C3010,22,04,0000,District - Raigarh  04,Rural,9,24506,12113,12393,22224,11200,11024,22224,11200,11024,0,0,0,0,0,0,0,0,0,0,0,0
C3010,22,04,0000,District - Raigarh  04,Rural,10,30678,15623,15055,26783,14038,12745,26783,14038,12745,0,0,0,0,0,0,0,0,0,0,0,0
C3010,22,04,0000,District - Raigarh  04,Rural,11,22292,11445,10847,19838,10568,9270,19838,10568,9270,0,0,0,0,0,0,0,0,0,0,0,0
C3010,22,04,0000,District - Raigarh  04,Rural,12,27584,13997,13587,21167,11673,9494,21167,11673,9494,0,0,0,0,0,0,0,0,0,0,0,0
C3010,22,04,0000,District - Raigarh  04,Rural,13,21521,10671,10850,15349,8530,6819,15349,8530,6819,0,0,0,0,0,0,0,0,0,0,0,0
C3010,22,04,0000,District - Raigarh  04,Rural,14,23192,11704,11488,13917,8286,5631,13917,8286,5631,0,0,0,0,0,0,0,0,0,0,0,0
C3010,22,04,0000,District - Raigarh  04,Rural,15-19,94831,49055,45776,29053,20004,9049,27712,19104,8608,1178,808,370,58,44,14,43,24,19,62,24,38
C3010,22,04,0000,District - Raigarh  04,Rural,20-24,81523,39831,41692,5234,4183,1051,1940,1516,424,2953,2509,444,65,55,10,34,26,8,242,77,165
C3010,22,04,0000,District - Raigarh  04,Rural,25-29,85825,42620,43205,940,604,336,0,0,0,435,395,40,46,40,6,21,14,7,438,155,283
C3010,22,04,0000,District - Raigarh  04,Rural,30-34,87074,41885,45189,593,229,364,0,0,0,62,54,8,23,15,8,6,4,2,502,156,346
C3010,22,04,0000,District - Raigarh  04,Rural,35-59,274693,139517,135176,1262,583,679,0,0,0,35,31,4,43,26,17,27,15,12,1157,511,646
C3010,22,04,0000,District - Raigarh  04,Rural,60+,95631,43936,51695,146,94,52,0,0,0,4,3,1,12,5,7,11,9,2,119,77,42
C3010,22,04,0000,District - Raigarh  04,Rural,Age not stated,1137,637,500,6,2,4,0,0,0,4,2,2,0,0,0,1,0,1,1,0,1
C3010,22,04,0000,District - Raigarh  04,Urban,All ages,169456,87309,82147,45772,24725,21047,40738,21652,19086,4634,2788,1846,309,238,71,57,41,16,34,6,28
C3010,22,04,0000,District - Raigarh  04,Urban,0-4,16371,8459,7912,809,422,387,809,422,387,0,0,0,0,0,0,0,0,0,0,0,0
C3010,22,04,0000,District - Raigarh  04,Urban,5,3876,2044,1832,1083,591,492,1083,591,492,0,0,0,0,0,0,0,0,0,0,0,0
C3010,22,04,0000,District - Raigarh  04,Urban,6,3448,1756,1692,1889,1006,883,1889,1006,883,0,0,0,0,0,0,0,0,0,0,0,0
C3010,22,04,0000,District - Raigarh  04,Urban,7,3627,1852,1775,3132,1631,1501,3132,1631,1501,0,0,0,0,0,0,0,0,0,0,0,0
C3010,22,04,0000,District - Raigarh  04,Urban,8,4199,2176,2023,3793,1989,1804,3793,1989,1804,0,0,0,0,0,0,0,0,0,0,0,0
C3010,22,04,0000,District - Raigarh  04,Urban,9,3315,1644,1671,3082,1543,1539,3082,1543,1539,0,0,0,0,0,0,0,0,0,0,0,0
C3010,22,04,0000,District - Raigarh  04,Urban,10,5037,2613,2424,4531,2417,2114,4531,2417,2114,0,0,0,0,0,0,0,0,0,0,0,0
C3010,22,04,0000,District - Raigarh  04,Urban,11,3401,1767,1634,3126,1650,1476,3126,1650,1476,0,0,0,0,0,0,0,0,0,0,0,0
C3010,22,04,0000,District - Raigarh  04,Urban,12,4550,2399,2151,3894,2095,1799,3894,2095,1799,0,0,0,0,0,0,0,0,0,0,0,0
C3010,22,04,0000,District - Raigarh  04,Urban,13,3411,1730,1681,2858,1504,1354,2858,1504,1354,0,0,0,0,0,0,0,0,0,0,0,0
C3010,22,04,0000,District - Raigarh  04,Urban,14,3778,1918,1860,2925,1541,1384,2925,1541,1384,0,0,0,0,0,0,0,0,0,0,0,0
C3010,22,04,0000,District - Raigarh  04,Urban,15-19,18183,9560,8623,10337,5494,4843,8907,4802,4105,1294,608,686,112,68,44,23,16,7,1,0,1
C3010,22,04,0000,District - Raigarh  04,Urban,20-24,15914,8427,7487,3801,2451,1350,709,461,248,2924,1848,1076,149,127,22,15,12,3,4,3,1
C3010,22,04,0000,District - Raigarh  04,Urban,25-29,14459,7194,7265,394,322,72,0,0,0,336,274,62,39,36,3,16,12,4,3,0,3
C3010,22,04,0000,District - Raigarh  04,Urban,30-34,13450,6799,6651,62,42,20,0,0,0,46,36,10,4,4,0,3,1,2,9,1,8
C3010,22,04,0000,District - Raigarh  04,Urban,35-59,41390,21973,19417,42,20,22,0,0,0,25,17,8,4,3,1,0,0,0,13,0,13
C3010,22,04,0000,District - Raigarh  04,Urban,60+,10912,4930,5982,11,6,5,0,0,0,7,4,3,1,0,1,0,0,0,3,2,1
C3010,22,04,0000,District - Raigarh  04,Urban,Age not stated,135,68,67,3,1,2,0,0,0,2,1,1,0,0,0,0,0,0,1,0,1
C3010,22,05,0000,District - Korba *  05,Total,All ages,1011823,515147,496676,239083,133569,105514,219583,122234,97349,12992,8693,4299,1031,817,214,286,187,99,5191,1638,3553
C3010,22,05,0000,District - Korba *  05,Total,0-4,117885,59384,58501,1922,997,925,1922,997,925,0,0,0,0,0,0,0,0,0,0,0,0
C3010,22,05,0000,District - Korba *  05,Total,5,27579,14224,13355,3227,1734,1493,3227,1734,1493,0,0,0,0,0,0,0,0,0,0,0,0
C3010,22,05,0000,District - Korba *  05,Total,6,26376,13252,13124,11989,6264,5725,11989,6264,5725,0,0,0,0,0,0,0,0,0,0,0,0
C3010,22,05,0000,District - Korba *  05,Total,7,22668,11293,11375,16304,8482,7822,16304,8482,7822,0,0,0,0,0,0,0,0,0,0,0,0
C3010,22,05,0000,District - Korba *  05,Total,8,27037,13873,13164,21365,11408,9957,21365,11408,9957,0,0,0,0,0,0,0,0,0,0,0,0
C3010,22,05,0000,District - Korba *  05,Total,9,24302,12049,12253,20500,10530,9970,20500,10530,9970,0,0,0,0,0,0,0,0,0,0,0,0
C3010,22,05,0000,District - Korba *  05,Total,10,32947,16875,16072,26767,14331,12436,26767,14331,12436,0,0,0,0,0,0,0,0,0,0,0,0
C3010,22,05,0000,District - Korba *  05,Total,11,22790,11770,11020,19553,10521,9032,19553,10521,9032,0,0,0,0,0,0,0,0,0,0,0,0
C3010,22,05,0000,District - Korba *  05,Total,12,30530,15787,14743,22803,12735,10068,22803,12735,10068,0,0,0,0,0,0,0,0,0,0,0,0
C3010,22,05,0000,District - Korba *  05,Total,13,22431,11250,11181,16400,8941,7459,16400,8941,7459,0,0,0,0,0,0,0,0,0,0,0,0
C3010,22,05,0000,District - Korba *  05,Total,14,23797,12278,11519,15694,8972,6722,15694,8972,6722,0,0,0,0,0,0,0,0,0,0,0,0
C3010,22,05,0000,District - Korba *  05,Total,15-19,98069,52551,45518,43873,27085,16788,39831,24818,15013,3433,1915,1518,304,211,93,101,62,39,204,79,125
C3010,22,05,0000,District - Korba *  05,Total,20-24,80250,40959,39291,12577,8762,3815,3228,2501,727,8175,5646,2529,429,369,60,80,57,23,665,189,476
C3010,22,05,0000,District - Korba *  05,Total,25-29,78484,39051,39433,2410,1495,915,0,0,0,1164,976,188,202,184,18,41,31,10,1003,304,699
C3010,22,05,0000,District - Korba *  05,Total,30-34,77392,38097,39295,1288,446,842,0,0,0,129,94,35,43,29,14,20,10,10,1096,313,783
C3010,22,05,0000,District - Korba *  05,Total,35-59,238724,124963,113761,2267,791,1476,0,0,0,74,50,24,44,22,22,38,24,14,2111,695,1416
C3010,22,05,0000,District - Korba *  05,Total,60+,59574,26923,32651,132,68,64,0,0,0,15,11,4,8,2,6,5,3,2,104,52,52
C3010,22,05,0000,District - Korba *  05,Total,Age not stated,988,568,420,12,7,5,0,0,0,2,1,1,1,0,1,1,0,1,8,6,2
C3010,22,05,0000,District - Korba *  05,Rural,All ages,644860,323739,321121,128218,73215,55003,120154,68905,51249,3074,2528,546,203,156,47,113,75,38,4674,1551,3123
C3010,22,05,0000,District - Korba *  05,Rural,0-4,80925,40292,40633,805,398,407,805,398,407,0,0,0,0,0,0,0,0,0,0,0,0
C3010,22,05,0000,District - Korba *  05,Rural,5,18752,9576,9176,1385,728,657,1385,728,657,0,0,0,0,0,0,0,0,0,0,0,0
C3010,22,05,0000,District - Korba *  05,Rural,6,18268,9141,9127,8180,4320,3860,8180,4320,3860,0,0,0,0,0,0,0,0,0,0,0,0
C3010,22,05,0000,District - Korba *  05,Rural,7,14261,7063,7198,9479,5015,4464,9479,5015,4464,0,0,0,0,0,0,0,0,0,0,0,0
C3010,22,05,0000,District - Korba *  05,Rural,8,17228,8783,8445,12677,6812,5865,12677,6812,5865,0,0,0,0,0,0,0,0,0,0,0,0
C3010,22,05,0000,District - Korba *  05,Rural,9,15900,7857,8043,12749,6614,6135,12749,6614,6135,0,0,0,0,0,0,0,0,0,0,0,0
C3010,22,05,0000,District - Korba *  05,Rural,10,21275,10929,10346,16175,8837,7338,16175,8837,7338,0,0,0,0,0,0,0,0,0,0,0,0
C3010,22,05,0000,District - Korba *  05,Rural,11,14105,7272,6833,11436,6266,5170,11436,6266,5170,0,0,0,0,0,0,0,0,0,0,0,0
C3010,22,05,0000,District - Korba *  05,Rural,12,19297,9984,9313,12832,7437,5395,12832,7437,5395,0,0,0,0,0,0,0,0,0,0,0,0
C3010,22,05,0000,District - Korba *  05,Rural,13,13667,6855,6812,8715,4963,3752,8715,4963,3752,0,0,0,0,0,0,0,0,0,0,0,0
C3010,22,05,0000,District - Korba *  05,Rural,14,14287,7419,6868,7847,4786,3061,7847,4786,3061,0,0,0,0,0,0,0,0,0,0,0,0
C3010,22,05,0000,District - Korba *  05,Rural,15-19,57319,30797,26522,17577,12283,5294,16627,11690,4937,681,466,215,51,37,14,31,19,12,187,71,116
C3010,22,05,0000,District - Korba *  05,Rural,20-24,48131,23703,24428,3965,3006,959,1247,1039,208,1990,1702,288,68,59,9,34,25,9,626,181,445
C3010,22,05,0000,District - Korba *  05,Rural,25-29,49094,24483,24611,1320,658,662,0,0,0,340,306,34,51,46,5,18,15,3,911,291,620
C3010,22,05,0000,District - Korba *  05,Rural,30-34,48817,23966,24851,1045,350,695,0,0,0,43,38,5,15,11,4,9,4,5,978,297,681
C3010,22,05,0000,District - Korba *  05,Rural,35-59,146860,74621,72239,1921,684,1237,0,0,0,17,13,4,15,3,12,18,11,7,1871,657,1214
C3010,22,05,0000,District - Korba *  05,Rural,60+,46035,20634,25401,101,52,49,0,0,0,3,3,0,3,0,3,2,1,1,93,48,45
C3010,22,05,0000,District - Korba *  05,Rural,Age not stated,639,364,275,9,6,3,0,0,0,0,0,0,0,0,0,1,0,1,8,6,2
C3010,22,05,0000,District - Korba *  05,Urban,All ages,366963,191408,175555,110865,60354,50511,99429,53329,46100,9918,6165,3753,828,661,167,173,112,61,517,87,430
C3010,22,05,0000,District - Korba *  05,Urban,0-4,36960,19092,17868,1117,599,518,1117,599,518,0,0,0,0,0,0,0,0,0,0,0,0
C3010,22,05,0000,District - Korba *  05,Urban,5,8827,4648,4179,1842,1006,836,1842,1006,836,0,0,0,0,0,0,0,0,0,0,0,0
C3010,22,05,0000,District - Korba *  05,Urban,6,8108,4111,3997,3809,1944,1865,3809,1944,1865,0,0,0,0,0,0,0,0,0,0,0,0
C3010,22,05,0000,District - Korba *  05,Urban,7,8407,4230,4177,6825,3467,3358,6825,3467,3358,0,0,0,0,0,0,0,0,0,0,0,0
C3010,22,05,0000,District - Korba *  05,Urban,8,9809,5090,4719,8688,4596,4092,8688,4596,4092,0,0,0,0,0,0,0,0,0,0,0,0
C3010,22,05,0000,District - Korba *  05,Urban,9,8402,4192,4210,7751,3916,3835,7751,3916,3835,0,0,0,0,0,0,0,0,0,0,0,0
C3010,22,05,0000,District - Korba *  05,Urban,10,11672,5946,5726,10592,5494,5098,10592,5494,5098,0,0,0,0,0,0,0,0,0,0,0,0
C3010,22,05,0000,District - Korba *  05,Urban,11,8685,4498,4187,8117,4255,3862,8117,4255,3862,0,0,0,0,0,0,0,0,0,0,0,0
C3010,22,05,0000,District - Korba *  05,Urban,12,11233,5803,5430,9971,5298,4673,9971,5298,4673,0,0,0,0,0,0,0,0,0,0,0,0
C3010,22,05,0000,District - Korba *  05,Urban,13,8764,4395,4369,7685,3978,3707,7685,3978,3707,0,0,0,0,0,0,0,0,0,0,0,0
C3010,22,05,0000,District - Korba *  05,Urban,14,9510,4859,4651,7847,4186,3661,7847,4186,3661,0,0,0,0,0,0,0,0,0,0,0,0
C3010,22,05,0000,District - Korba *  05,Urban,15-19,40750,21754,18996,26296,14802,11494,23204,13128,10076,2752,1449,1303,253,174,79,70,43,27,17,8,9
C3010,22,05,0000,District - Korba *  05,Urban,20-24,32119,17256,14863,8612,5756,2856,1981,1462,519,6185,3944,2241,361,310,51,46,32,14,39,8,31
C3010,22,05,0000,District - Korba *  05,Urban,25-29,29390,14568,14822,1090,837,253,0,0,0,824,670,154,151,138,13,23,16,7,92,13,79
C3010,22,05,0000,District - Korba *  05,Urban,30-34,28575,14131,14444,243,96,147,0,0,0,86,56,30,28,18,10,11,6,5,118,16,102
C3010,22,05,0000,District - Korba *  05,Urban,35-59,91864,50342,41522,346,107,239,0,0,0,57,37,20,29,19,10,20,13,7,240,38,202
C3010,22,05,0000,District - Korba *  05,Urban,60+,13539,6289,7250,31,16,15,0,0,0,12,8,4,5,2,3,3,2,1,11,4,7
C3010,22,05,0000,District - Korba *  05,Urban,Age not stated,349,204,145,3,1,2,0,0,0,2,1,1,1,0,1,0,0,0,0,0,0
C3010,22,06,0000,District - Janjgir - Champa*  06,Total,All ages,1317431,659388,658043,312836,178036,134800,298168,167621,130547,11607,9121,2486,521,378,143,267,190,77,2273,726,1547
C3010,22,06,0000,District - Janjgir - Champa*  06,Total,0-4,155099,78932,76167,1454,745,709,1454,745,709,0,0,0,0,0,0,0,0,0,0,0,0
C3010,22,06,0000,District - Janjgir - Champa*  06,Total,5,35038,18049,16989,2309,1248,1061,2309,1248,1061,0,0,0,0,0,0,0,0,0,0,0,0
C3010,22,06,0000,District - Janjgir - Champa*  06,Total,6,34655,17368,17287,15651,8000,7651,15651,8000,7651,0,0,0,0,0,0,0,0,0,0,0,0
C3010,22,06,0000,District - Janjgir - Champa*  06,Total,7,27576,14103,13473,21107,11132,9975,21107,11132,9975,0,0,0,0,0,0,0,0,0,0,0,0
C3010,22,06,0000,District - Janjgir - Champa*  06,Total,8,35934,18283,17651,30706,16033,14673,30706,16033,14673,0,0,0,0,0,0,0,0,0,0,0,0
C3010,22,06,0000,District - Janjgir - Champa*  06,Total,9,33809,16790,17019,30692,15569,15123,30692,15569,15123,0,0,0,0,0,0,0,0,0,0,0,0
C3010,22,06,0000,District - Janjgir - Champa*  06,Total,10,44523,22843,21680,38812,20623,18189,38812,20623,18189,0,0,0,0,0,0,0,0,0,0,0,0
C3010,22,06,0000,District - Janjgir - Champa*  06,Total,11,31817,16557,15260,28521,15357,13164,28521,15357,13164,0,0,0,0,0,0,0,0,0,0,0,0
C3010,22,06,0000,District - Janjgir - Champa*  06,Total,12,38642,19593,19049,30722,16901,13821,30722,16901,13821,0,0,0,0,0,0,0,0,0,0,0,0
C3010,22,06,0000,District - Janjgir - Champa*  06,Total,13,30247,15084,15163,22992,12693,10299,22992,12693,10299,0,0,0,0,0,0,0,0,0,0,0,0
C3010,22,06,0000,District - Janjgir - Champa*  06,Total,14,32608,16270,16338,21764,12670,9094,21764,12670,9094,0,0,0,0,0,0,0,0,0,0,0,0
C3010,22,06,0000,District - Janjgir - Champa*  06,Total,15-19,128867,67287,61580,52735,35530,17205,49706,33552,16154,2717,1804,913,145,94,51,92,59,33,75,21,54
C3010,22,06,0000,District - Janjgir - Champa*  06,Total,20-24,101634,52611,49023,11583,9309,2274,3732,3098,634,7425,5974,1451,177,135,42,72,54,18,177,48,129
C3010,22,06,0000,District - Janjgir - Champa*  06,Total,25-29,91567,46700,44867,1714,1375,339,0,0,0,1266,1168,98,108,93,15,45,36,9,295,78,217
C3010,22,06,0000,District - Janjgir - Champa*  06,Total,30-34,87921,42653,45268,628,286,342,0,0,0,134,117,17,31,19,12,16,12,4,447,138,309
C3010,22,06,0000,District - Janjgir - Champa*  06,Total,35-59,291357,143238,148119,1314,474,840,0,0,0,51,44,7,51,32,19,25,16,9,1187,382,805
C3010,22,06,0000,District - Janjgir - Champa*  06,Total,60+,114402,52149,62253,123,82,41,0,0,0,8,8,0,9,5,4,16,12,4,90,57,33
C3010,22,06,0000,District - Janjgir - Champa*  06,Total,Age not stated,1735,878,857,9,9,0,0,0,0,6,6,0,0,0,0,1,1,0,2,2,0
C3010,22,06,0000,District - Janjgir - Champa*  06,Rural,All ages,1172112,584520,587592,274852,157200,117652,264039,149266,114773,8059,6839,1220,325,253,72,183,123,60,2246,719,1527
C3010,22,06,0000,District - Janjgir - Champa*  06,Rural,0-4,140398,71311,69087,1123,578,545,1123,578,545,0,0,0,0,0,0,0,0,0,0,0,0
C3010,22,06,0000,District - Janjgir - Champa*  06,Rural,5,31643,16255,15388,1755,932,823,1755,932,823,0,0,0,0,0,0,0,0,0,0,0,0
C3010,22,06,0000,District - Janjgir - Champa*  06,Rural,6,31599,15796,15803,14416,7364,7052,14416,7364,7052,0,0,0,0,0,0,0,0,0,0,0,0
C3010,22,06,0000,District - Janjgir - Champa*  06,Rural,7,24555,12568,11987,18636,9856,8780,18636,9856,8780,0,0,0,0,0,0,0,0,0,0,0,0
C3010,22,06,0000,District - Janjgir - Champa*  06,Rural,8,32290,16365,15925,27499,14328,13171,27499,14328,13171,0,0,0,0,0,0,0,0,0,0,0,0
C3010,22,06,0000,District - Janjgir - Champa*  06,Rural,9,30683,15208,15475,27808,14106,13702,27808,14106,13702,0,0,0,0,0,0,0,0,0,0,0,0
C3010,22,06,0000,District - Janjgir - Champa*  06,Rural,10,40174,20593,19581,34909,18583,16326,34909,18583,16326,0,0,0,0,0,0,0,0,0,0,0,0
C3010,22,06,0000,District - Janjgir - Champa*  06,Rural,11,28492,14868,13624,25480,13782,11698,25480,13782,11698,0,0,0,0,0,0,0,0,0,0,0,0
C3010,22,06,0000,District - Janjgir - Champa*  06,Rural,12,34675,17506,17169,27343,15072,12271,27343,15072,12271,0,0,0,0,0,0,0,0,0,0,0,0
C3010,22,06,0000,District - Janjgir - Champa*  06,Rural,13,27082,13527,13555,20346,11341,9005,20346,11341,9005,0,0,0,0,0,0,0,0,0,0,0,0
C3010,22,06,0000,District - Janjgir - Champa*  06,Rural,14,29123,14533,14590,19131,11290,7841,19131,11290,7841,0,0,0,0,0,0,0,0,0,0,0,0
C3010,22,06,0000,District - Janjgir - Champa*  06,Rural,15-19,113175,59008,54167,44259,30665,13594,42314,29273,13041,1731,1280,451,77,55,22,63,36,27,74,21,53
C3010,22,06,0000,District - Janjgir - Champa*  06,Rural,20-24,88213,45497,42716,8787,7415,1372,3279,2761,518,5199,4496,703,101,88,13,34,23,11,174,47,127
C3010,22,06,0000,District - Janjgir - Champa*  06,Rural,25-29,80032,40774,39258,1380,1100,280,0,0,0,986,932,54,70,64,6,32,26,6,292,78,214
C3010,22,06,0000,District - Janjgir - Champa*  06,Rural,30-34,76827,37016,39811,573,251,322,0,0,0,96,89,7,26,16,10,13,10,3,438,136,302
C3010,22,06,0000,District - Janjgir - Champa*  06,Rural,35-59,257352,125446,131906,1280,451,829,0,0,0,38,33,5,42,25,17,24,15,9,1176,378,798
C3010,22,06,0000,District - Janjgir - Champa*  06,Rural,60+,104206,47446,56760,121,80,41,0,0,0,6,6,0,9,5,4,16,12,4,90,57,33
C3010,22,06,0000,District - Janjgir - Champa*  06,Rural,Age not stated,1593,803,790,6,6,0,0,0,0,3,3,0,0,0,0,1,1,0,2,2,0
C3010,22,06,0000,District - Janjgir - Champa*  06,Urban,All ages,145319,74868,70451,37984,20836,17148,34129,18355,15774,3548,2282,1266,196,125,71,84,67,17,27,7,20
C3010,22,06,0000,District - Janjgir - Champa*  06,Urban,0-4,14701,7621,7080,331,167,164,331,167,164,0,0,0,0,0,0,0,0,0,0,0,0
C3010,22,06,0000,District - Janjgir - Champa*  06,Urban,5,3395,1794,1601,554,316,238,554,316,238,0,0,0,0,0,0,0,0,0,0,0,0
C3010,22,06,0000,District - Janjgir - Champa*  06,Urban,6,3056,1572,1484,1235,636,599,1235,636,599,0,0,0,0,0,0,0,0,0,0,0,0
C3010,22,06,0000,District - Janjgir - Champa*  06,Urban,7,3021,1535,1486,2471,1276,1195,2471,1276,1195,0,0,0,0,0,0,0,0,0,0,0,0
C3010,22,06,0000,District - Janjgir - Champa*  06,Urban,8,3644,1918,1726,3207,1705,1502,3207,1705,1502,0,0,0,0,0,0,0,0,0,0,0,0
C3010,22,06,0000,District - Janjgir - Champa*  06,Urban,9,3126,1582,1544,2884,1463,1421,2884,1463,1421,0,0,0,0,0,0,0,0,0,0,0,0
C3010,22,06,0000,District - Janjgir - Champa*  06,Urban,10,4349,2250,2099,3903,2040,1863,3903,2040,1863,0,0,0,0,0,0,0,0,0,0,0,0
C3010,22,06,0000,District - Janjgir - Champa*  06,Urban,11,3325,1689,1636,3041,1575,1466,3041,1575,1466,0,0,0,0,0,0,0,0,0,0,0,0
C3010,22,06,0000,District - Janjgir - Champa*  06,Urban,12,3967,2087,1880,3379,1829,1550,3379,1829,1550,0,0,0,0,0,0,0,0,0,0,0,0
C3010,22,06,0000,District - Janjgir - Champa*  06,Urban,13,3165,1557,1608,2646,1352,1294,2646,1352,1294,0,0,0,0,0,0,0,0,0,0,0,0
C3010,22,06,0000,District - Janjgir - Champa*  06,Urban,14,3485,1737,1748,2633,1380,1253,2633,1380,1253,0,0,0,0,0,0,0,0,0,0,0,0
C3010,22,06,0000,District - Janjgir - Champa*  06,Urban,15-19,15692,8279,7413,8476,4865,3611,7392,4279,3113,986,524,462,68,39,29,29,23,6,1,0,1
C3010,22,06,0000,District - Janjgir - Champa*  06,Urban,20-24,13421,7114,6307,2796,1894,902,453,337,116,2226,1478,748,76,47,29,38,31,7,3,1,2
C3010,22,06,0000,District - Janjgir - Champa*  06,Urban,25-29,11535,5926,5609,334,275,59,0,0,0,280,236,44,38,29,9,13,10,3,3,0,3
C3010,22,06,0000,District - Janjgir - Champa*  06,Urban,30-34,11094,5637,5457,55,35,20,0,0,0,38,28,10,5,3,2,3,2,1,9,2,7
C3010,22,06,0000,District - Janjgir - Champa*  06,Urban,35-59,34005,17792,16213,34,23,11,0,0,0,13,11,2,9,7,2,1,1,0,11,4,7
C3010,22,06,0000,District - Janjgir - Champa*  06,Urban,60+,10196,4703,5493,2,2,0,0,0,0,2,2,0,0,0,0,0,0,0,0,0,0
C3010,22,06,0000,District - Janjgir - Champa*  06,Urban,Age not stated,142,75,67,3,3,0,0,0,0,3,3,0,0,0,0,0,0,0,0,0,0
C3010,22,07,0000,District - Bilaspur  07,Total,All ages,1998355,1013875,984480,447788,260776,187012,417562,240513,177049,25446,17471,7975,1867,1399,468,643,357,286,2270,1036,1234
C3010,22,07,0000,District - Bilaspur  07,Total,0-4,240556,122296,118260,3531,1855,1676,3531,1855,1676,0,0,0,0,0,0,0,0,0,0,0,0
C3010,22,07,0000,District - Bilaspur  07,Total,5,53831,27710,26121,5295,2881,2414,5295,2881,2414,0,0,0,0,0,0,0,0,0,0,0,0
C3010,22,07,0000,District - Bilaspur  07,Total,6,53643,27134,26509,23123,12291,10832,23123,12291,10832,0,0,0,0,0,0,0,0,0,0,0,0
C3010,22,07,0000,District - Bilaspur  07,Total,7,45637,23078,22559,31941,17069,14872,31941,17069,14872,0,0,0,0,0,0,0,0,0,0,0,0
C3010,22,07,0000,District - Bilaspur  07,Total,8,56729,29003,27726,44592,24094,20498,44592,24094,20498,0,0,0,0,0,0,0,0,0,0,0,0
C3010,22,07,0000,District - Bilaspur  07,Total,9,48693,24556,24137,41418,21836,19582,41418,21836,19582,0,0,0,0,0,0,0,0,0,0,0,0
C3010,22,07,0000,District - Bilaspur  07,Total,10,66936,34646,32290,54137,29914,24223,54137,29914,24223,0,0,0,0,0,0,0,0,0,0,0,0
C3010,22,07,0000,District - Bilaspur  07,Total,11,44333,23395,20938,37770,21014,16756,37770,21014,16756,0,0,0,0,0,0,0,0,0,0,0,0
C3010,22,07,0000,District - Bilaspur  07,Total,12,59656,30765,28891,43641,24920,18721,43641,24920,18721,0,0,0,0,0,0,0,0,0,0,0,0
C3010,22,07,0000,District - Bilaspur  07,Total,13,42380,21578,20802,29821,17223,12598,29821,17223,12598,0,0,0,0,0,0,0,0,0,0,0,0
C3010,22,07,0000,District - Bilaspur  07,Total,14,44779,23010,21769,27876,16829,11047,27876,16829,11047,0,0,0,0,0,0,0,0,0,0,0,0
C3010,22,07,0000,District - Bilaspur  07,Total,15-19,183321,99101,84220,74525,49279,25246,67771,45457,22314,5995,3336,2659,482,343,139,209,109,100,68,34,34
C3010,22,07,0000,District - Bilaspur  07,Total,20-24,167025,85138,81887,24119,17442,6677,6646,5130,1516,16283,11547,4736,704,547,157,178,91,87,308,127,181
C3010,22,07,0000,District - Bilaspur  07,Total,25-29,155508,78324,77184,3510,2738,772,0,0,0,2597,2159,438,423,349,74,132,92,40,358,138,220
C3010,22,07,0000,District - Bilaspur  07,Total,30-34,143498,71355,72143,919,564,355,0,0,0,315,257,58,78,57,21,50,27,23,476,223,253
C3010,22,07,0000,District - Bilaspur  07,Total,35-59,442011,223265,218746,1339,684,655,0,0,0,184,125,59,135,82,53,58,30,28,962,447,515
C3010,22,07,0000,District - Bilaspur  07,Total,60+,145928,67321,78607,188,117,71,0,0,0,40,25,15,39,19,20,15,8,7,94,65,29
C3010,22,07,0000,District - Bilaspur  07,Total,Age not stated,3891,2200,1691,43,26,17,0,0,0,32,22,10,6,2,4,1,0,1,4,2,2
C3010,22,07,0000,District - Bilaspur  07,Rural,All ages,1511661,761994,749667,318067,190012,128055,305536,180500,125036,9172,7638,1534,887,680,207,271,181,90,2201,1013,1188
C3010,22,07,0000,District - Bilaspur  07,Rural,0-4,192869,97690,95179,1810,916,894,1810,916,894,0,0,0,0,0,0,0,0,0,0,0,0
C3010,22,07,0000,District - Bilaspur  07,Rural,5,43293,22117,21176,2750,1481,1269,2750,1481,1269,0,0,0,0,0,0,0,0,0,0,0,0
C3010,22,07,0000,District - Bilaspur  07,Rural,6,43632,21991,21641,18328,9768,8560,18328,9768,8560,0,0,0,0,0,0,0,0,0,0,0,0
C3010,22,07,0000,District - Bilaspur  07,Rural,7,35687,18009,17678,23929,12884,11045,23929,12884,11045,0,0,0,0,0,0,0,0,0,0,0,0
C3010,22,07,0000,District - Bilaspur  07,Rural,8,44995,22988,22007,34406,18757,15649,34406,18757,15649,0,0,0,0,0,0,0,0,0,0,0,0
C3010,22,07,0000,District - Bilaspur  07,Rural,9,39448,19840,19608,33019,17497,15522,33019,17497,15522,0,0,0,0,0,0,0,0,0,0,0,0
C3010,22,07,0000,District - Bilaspur  07,Rural,10,53218,27653,25565,42032,23610,18422,42032,23610,18422,0,0,0,0,0,0,0,0,0,0,0,0
C3010,22,07,0000,District - Bilaspur  07,Rural,11,34630,18403,16227,28886,16372,12514,28886,16372,12514,0,0,0,0,0,0,0,0,0,0,0,0
C3010,22,07,0000,District - Bilaspur  07,Rural,12,46808,24146,22662,32695,19160,13535,32695,19160,13535,0,0,0,0,0,0,0,0,0,0,0,0
C3010,22,07,0000,District - Bilaspur  07,Rural,13,32591,16770,15821,21600,13044,8556,21600,13044,8556,0,0,0,0,0,0,0,0,0,0,0,0
C3010,22,07,0000,District - Bilaspur  07,Rural,14,34351,17657,16694,19687,12492,7195,19687,12492,7195,0,0,0,0,0,0,0,0,0,0,0,0
C3010,22,07,0000,District - Bilaspur  07,Rural,15-19,132800,72162,60638,44509,32704,11805,42323,31149,11174,1813,1314,499,227,157,70,81,50,31,65,34,31
C3010,22,07,0000,District - Bilaspur  07,Rural,20-24,118306,59405,58901,10847,8972,1875,4071,3370,701,6046,5126,920,357,299,58,78,55,23,295,122,173
C3010,22,07,0000,District - Bilaspur  07,Rural,25-29,111404,55767,55637,1656,1318,338,0,0,0,1094,1006,88,161,140,21,49,34,15,352,138,214
C3010,22,07,0000,District - Bilaspur  07,Rural,30-34,104532,51319,53213,653,380,273,0,0,0,128,115,13,32,23,9,30,21,9,463,221,242
C3010,22,07,0000,District - Bilaspur  07,Rural,35-59,325129,162007,163122,1099,549,550,0,0,0,60,51,9,78,48,30,26,16,10,935,434,501
C3010,22,07,0000,District - Bilaspur  07,Rural,60+,114745,52249,62496,136,90,46,0,0,0,16,12,4,26,11,15,7,5,2,87,62,25
C3010,22,07,0000,District - Bilaspur  07,Rural,Age not stated,3223,1821,1402,25,18,7,0,0,0,15,14,1,6,2,4,0,0,0,4,2,2
C3010,22,07,0000,District - Bilaspur  07,Urban,All ages,486694,251881,234813,129721,70764,58957,112026,60013,52013,16274,9833,6441,980,719,261,372,176,196,69,23,46
C3010,22,07,0000,District - Bilaspur  07,Urban,0-4,47687,24606,23081,1721,939,782,1721,939,782,0,0,0,0,0,0,0,0,0,0,0,0
C3010,22,07,0000,District - Bilaspur  07,Urban,5,10538,5593,4945,2545,1400,1145,2545,1400,1145,0,0,0,0,0,0,0,0,0,0,0,0
C3010,22,07,0000,District - Bilaspur  07,Urban,6,10011,5143,4868,4795,2523,2272,4795,2523,2272,0,0,0,0,0,0,0,0,0,0,0,0
C3010,22,07,0000,District - Bilaspur  07,Urban,7,9950,5069,4881,8012,4185,3827,8012,4185,3827,0,0,0,0,0,0,0,0,0,0,0,0
C3010,22,07,0000,District - Bilaspur  07,Urban,8,11734,6015,5719,10186,5337,4849,10186,5337,4849,0,0,0,0,0,0,0,0,0,0,0,0
C3010,22,07,0000,District - Bilaspur  07,Urban,9,9245,4716,4529,8399,4339,4060,8399,4339,4060,0,0,0,0,0,0,0,0,0,0,0,0
C3010,22,07,0000,District - Bilaspur  07,Urban,10,13718,6993,6725,12105,6304,5801,12105,6304,5801,0,0,0,0,0,0,0,0,0,0,0,0
C3010,22,07,0000,District - Bilaspur  07,Urban,11,9703,4992,4711,8884,4642,4242,8884,4642,4242,0,0,0,0,0,0,0,0,0,0,0,0
C3010,22,07,0000,District - Bilaspur  07,Urban,12,12848,6619,6229,10946,5760,5186,10946,5760,5186,0,0,0,0,0,0,0,0,0,0,0,0
C3010,22,07,0000,District - Bilaspur  07,Urban,13,9789,4808,4981,8221,4179,4042,8221,4179,4042,0,0,0,0,0,0,0,0,0,0,0,0
C3010,22,07,0000,District - Bilaspur  07,Urban,14,10428,5353,5075,8189,4337,3852,8189,4337,3852,0,0,0,0,0,0,0,0,0,0,0,0
C3010,22,07,0000,District - Bilaspur  07,Urban,15-19,50521,26939,23582,30016,16575,13441,25448,14308,11140,4182,2022,2160,255,186,69,128,59,69,3,0,3
C3010,22,07,0000,District - Bilaspur  07,Urban,20-24,48719,25733,22986,13272,8470,4802,2575,1760,815,10237,6421,3816,347,248,99,100,36,64,13,5,8
C3010,22,07,0000,District - Bilaspur  07,Urban,25-29,44104,22557,21547,1854,1420,434,0,0,0,1503,1153,350,262,209,53,83,58,25,6,0,6
C3010,22,07,0000,District - Bilaspur  07,Urban,30-34,38966,20036,18930,266,184,82,0,0,0,187,142,45,46,34,12,20,6,14,13,2,11
C3010,22,07,0000,District - Bilaspur  07,Urban,35-59,116882,61258,55624,240,135,105,0,0,0,124,74,50,57,34,23,32,14,18,27,13,14
C3010,22,07,0000,District - Bilaspur  07,Urban,60+,31183,15072,16111,52,27,25,0,0,0,24,13,11,13,8,5,8,3,5,7,3,4
C3010,22,07,0000,District - Bilaspur  07,Urban,Age not stated,668,379,289,18,8,10,0,0,0,17,8,9,0,0,0,1,0,1,0,0,0
C3010,22,08,0000,District - Kawardha *  08,Total,All ages,584552,291963,292589,114999,69627,45372,111879,67481,44398,2120,1671,449,70,43,27,85,64,21,845,368,477
C3010,22,08,0000,District - Kawardha *  08,Total,0-4,77062,39054,38008,926,517,409,926,517,409,0,0,0,0,0,0,0,0,0,0,0,0
C3010,22,08,0000,District - Kawardha *  08,Total,5,17241,8825,8416,1585,889,696,1585,889,696,0,0,0,0,0,0,0,0,0,0,0,0
C3010,22,08,0000,District - Kawardha *  08,Total,6,16968,8615,8353,7216,3990,3226,7216,3990,3226,0,0,0,0,0,0,0,0,0,0,0,0
C3010,22,08,0000,District - Kawardha *  08,Total,7,15106,7563,7543,10542,5680,4862,10542,5680,4862,0,0,0,0,0,0,0,0,0,0,0,0
C3010,22,08,0000,District - Kawardha *  08,Total,8,18918,9648,9270,14456,7925,6531,14456,7925,6531,0,0,0,0,0,0,0,0,0,0,0,0
C3010,22,08,0000,District - Kawardha *  08,Total,9,15312,7632,7680,12602,6745,5857,12602,6745,5857,0,0,0,0,0,0,0,0,0,0,0,0
C3010,22,08,0000,District - Kawardha *  08,Total,10,20368,10400,9968,15466,8759,6707,15466,8759,6707,0,0,0,0,0,0,0,0,0,0,0,0
C3010,22,08,0000,District - Kawardha *  08,Total,11,12455,6616,5839,9965,5874,4091,9965,5874,4091,0,0,0,0,0,0,0,0,0,0,0,0
C3010,22,08,0000,District - Kawardha *  08,Total,12,17809,9357,8452,11481,7227,4254,11481,7227,4254,0,0,0,0,0,0,0,0,0,0,0,0
C3010,22,08,0000,District - Kawardha *  08,Total,13,12476,6502,5974,7538,4969,2569,7538,4969,2569,0,0,0,0,0,0,0,0,0,0,0,0
C3010,22,08,0000,District - Kawardha *  08,Total,14,12199,6415,5784,6287,4329,1958,6287,4329,1958,0,0,0,0,0,0,0,0,0,0,0,0
C3010,22,08,0000,District - Kawardha *  08,Total,15-19,46801,24455,22346,13321,10063,3258,12730,9674,3056,513,345,168,13,10,3,27,17,10,38,17,21
C3010,22,08,0000,District - Kawardha *  08,Total,20-24,44952,21211,23741,2680,2145,535,1085,903,182,1415,1156,259,17,11,6,25,21,4,138,54,84
C3010,22,08,0000,District - Kawardha *  08,Total,25-29,45552,22100,23452,333,228,105,0,0,0,162,149,13,9,7,2,15,12,3,147,60,87
C3010,22,08,0000,District - Kawardha *  08,Total,30-34,43400,21025,22375,226,103,123,0,0,0,15,10,5,8,6,2,5,3,2,198,84,114
C3010,22,08,0000,District - Kawardha *  08,Total,35-59,125003,62991,62012,346,169,177,0,0,0,12,9,3,18,8,10,13,11,2,303,141,162
C3010,22,08,0000,District - Kawardha *  08,Total,60+,42604,19371,23233,28,15,13,0,0,0,2,2,0,5,1,4,0,0,0,21,12,9
C3010,22,08,0000,District - Kawardha *  08,Total,Age not stated,326,183,143,1,0,1,0,0,0,1,0,1,0,0,0,0,0,0,0,0,0
C3010,22,08,0000,District - Kawardha *  08,Rural,All ages,539660,268767,270893,102861,62680,40181,100712,61197,39515,1166,1020,146,61,37,24,78,58,20,844,368,476
C3010,22,08,0000,District - Kawardha *  08,Rural,0-4,72294,36591,35703,757,428,329,757,428,329,0,0,0,0,0,0,0,0,0,0,0,0
C3010,22,08,0000,District - Kawardha *  08,Rural,5,16129,8263,7866,1281,725,556,1281,725,556,0,0,0,0,0,0,0,0,0,0,0,0
C3010,22,08,0000,District - Kawardha *  08,Rural,6,15966,8103,7863,6674,3687,2987,6674,3687,2987,0,0,0,0,0,0,0,0,0,0,0,0
C3010,22,08,0000,District - Kawardha *  08,Rural,7,14000,6966,7034,9601,5152,4449,9601,5152,4449,0,0,0,0,0,0,0,0,0,0,0,0
C3010,22,08,0000,District - Kawardha *  08,Rural,8,17607,8990,8617,13320,7330,5990,13320,7330,5990,0,0,0,0,0,0,0,0,0,0,0,0
C3010,22,08,0000,District - Kawardha *  08,Rural,9,14357,7142,7215,11734,6287,5447,11734,6287,5447,0,0,0,0,0,0,0,0,0,0,0,0
C3010,22,08,0000,District - Kawardha *  08,Rural,10,18950,9658,9292,14239,8088,6151,14239,8088,6151,0,0,0,0,0,0,0,0,0,0,0,0
C3010,22,08,0000,District - Kawardha *  08,Rural,11,11574,6166,5408,9182,5454,3728,9182,5454,3728,0,0,0,0,0,0,0,0,0,0,0,0
C3010,22,08,0000,District - Kawardha *  08,Rural,12,16484,8653,7831,10396,6613,3783,10396,6613,3783,0,0,0,0,0,0,0,0,0,0,0,0
C3010,22,08,0000,District - Kawardha *  08,Rural,13,11517,6013,5504,6754,4554,2200,6754,4554,2200,0,0,0,0,0,0,0,0,0,0,0,0
C3010,22,08,0000,District - Kawardha *  08,Rural,14,11172,5874,5298,5526,3895,1631,5526,3895,1631,0,0,0,0,0,0,0,0,0,0,0,0
C3010,22,08,0000,District - Kawardha *  08,Rural,15-19,42212,21926,20286,10700,8481,2219,10369,8233,2136,260,209,51,10,8,2,23,14,9,38,17,21
C3010,22,08,0000,District - Kawardha *  08,Rural,20-24,40892,19047,21845,1827,1520,307,879,751,128,772,687,85,14,8,6,24,20,4,138,54,84
C3010,22,08,0000,District - Kawardha *  08,Rural,25-29,41768,20302,21466,289,190,99,0,0,0,120,113,7,8,6,2,14,11,3,147,60,87
C3010,22,08,0000,District - Kawardha *  08,Rural,30-34,39730,19130,20600,216,96,120,0,0,0,5,3,2,8,6,2,5,3,2,198,84,114
C3010,22,08,0000,District - Kawardha *  08,Rural,35-59,114797,57643,57154,338,166,172,0,0,0,7,7,0,17,8,9,12,10,2,302,141,161
C3010,22,08,0000,District - Kawardha *  08,Rural,60+,39895,18125,21770,26,14,12,0,0,0,1,1,0,4,1,3,0,0,0,21,12,9
C3010,22,08,0000,District - Kawardha *  08,Rural,Age not stated,316,175,141,1,0,1,0,0,0,1,0,1,0,0,0,0,0,0,0,0,0
C3010,22,08,0000,District - Kawardha *  08,Urban,All ages,44892,23196,21696,12138,6947,5191,11167,6284,4883,954,651,303,9,6,3,7,6,1,1,0,1
C3010,22,08,0000,District - Kawardha *  08,Urban,0-4,4768,2463,2305,169,89,80,169,89,80,0,0,0,0,0,0,0,0,0,0,0,0
C3010,22,08,0000,District - Kawardha *  08,Urban,5,1112,562,550,304,164,140,304,164,140,0,0,0,0,0,0,0,0,0,0,0,0
C3010,22,08,0000,District - Kawardha *  08,Urban,6,1002,512,490,542,303,239,542,303,239,0,0,0,0,0,0,0,0,0,0,0,0
C3010,22,08,0000,District - Kawardha *  08,Urban,7,1106,597,509,941,528,413,941,528,413,0,0,0,0,0,0,0,0,0,0,0,0
C3010,22,08,0000,District - Kawardha *  08,Urban,8,1311,658,653,1136,595,541,1136,595,541,0,0,0,0,0,0,0,0,0,0,0,0
C3010,22,08,0000,District - Kawardha *  08,Urban,9,955,490,465,868,458,410,868,458,410,0,0,0,0,0,0,0,0,0,0,0,0
C3010,22,08,0000,District - Kawardha *  08,Urban,10,1418,742,676,1227,671,556,1227,671,556,0,0,0,0,0,0,0,0,0,0,0,0
C3010,22,08,0000,District - Kawardha *  08,Urban,11,881,450,431,783,420,363,783,420,363,0,0,0,0,0,0,0,0,0,0,0,0
C3010,22,08,0000,District - Kawardha *  08,Urban,12,1325,704,621,1085,614,471,1085,614,471,0,0,0,0,0,0,0,0,0,0,0,0
C3010,22,08,0000,District - Kawardha *  08,Urban,13,959,489,470,784,415,369,784,415,369,0,0,0,0,0,0,0,0,0,0,0,0
C3010,22,08,0000,District - Kawardha *  08,Urban,14,1027,541,486,761,434,327,761,434,327,0,0,0,0,0,0,0,0,0,0,0,0
C3010,22,08,0000,District - Kawardha *  08,Urban,15-19,4589,2529,2060,2621,1582,1039,2361,1441,920,253,136,117,3,2,1,4,3,1,0,0,0
C3010,22,08,0000,District - Kawardha *  08,Urban,20-24,4060,2164,1896,853,625,228,206,152,54,643,469,174,3,3,0,1,1,0,0,0,0
C3010,22,08,0000,District - Kawardha *  08,Urban,25-29,3784,1798,1986,44,38,6,0,0,0,42,36,6,1,1,0,1,1,0,0,0,0
C3010,22,08,0000,District - Kawardha *  08,Urban,30-34,3670,1895,1775,10,7,3,0,0,0,10,7,3,0,0,0,0,0,0,0,0,0
C3010,22,08,0000,District - Kawardha *  08,Urban,35-59,10206,5348,4858,8,3,5,0,0,0,5,2,3,1,0,1,1,1,0,1,0,1
C3010,22,08,0000,District - Kawardha *  08,Urban,60+,2709,1246,1463,2,1,1,0,0,0,1,1,0,1,0,1,0,0,0,0,0,0
C3010,22,08,0000,District - Kawardha *  08,Urban,Age not stated,10,8,2,0,0,0,0,0,0,0,0,0,0,0,0,0,0,0,0,0,0
C3010,22,09,0000,District - Rajnandgaon  09,Total,All ages,1283224,634342,648882,292156,158385,133771,278626,151077,127549,8839,5920,2919,601,395,206,250,176,74,3840,817,3023
C3010,22,09,0000,District - Rajnandgaon  09,Total,0-4,152856,77101,75755,3427,1741,1686,3427,1741,1686,0,0,0,0,0,0,0,0,0,0,0,0
C3010,22,09,0000,District - Rajnandgaon  09,Total,5,33470,17075,16395,4344,2241,2103,4344,2241,2103,0,0,0,0,0,0,0,0,0,0,0,0
C3010,22,09,0000,District - Rajnandgaon  09,Total,6,30918,15345,15573,16795,8509,8286,16795,8509,8286,0,0,0,0,0,0,0,0,0,0,0,0
C3010,22,09,0000,District - Rajnandgaon  09,Total,7,27168,13689,13479,23375,11938,11437,23375,11938,11437,0,0,0,0,0,0,0,0,0,0,0,0
C3010,22,09,0000,District - Rajnandgaon  09,Total,8,31945,16189,15756,29336,15106,14230,29336,15106,14230,0,0,0,0,0,0,0,0,0,0,0,0
C3010,22,09,0000,District - Rajnandgaon  09,Total,9,30723,15166,15557,29021,14496,14525,29021,14496,14525,0,0,0,0,0,0,0,0,0,0,0,0
C3010,22,09,0000,District - Rajnandgaon  09,Total,10,37632,18934,18698,34665,17744,16921,34665,17744,16921,0,0,0,0,0,0,0,0,0,0,0,0
C3010,22,09,0000,District - Rajnandgaon  09,Total,11,28404,14384,14020,26257,13574,12683,26257,13574,12683,0,0,0,0,0,0,0,0,0,0,0,0
C3010,22,09,0000,District - Rajnandgaon  09,Total,12,34641,17654,16987,28568,15357,13211,28568,15357,13211,0,0,0,0,0,0,0,0,0,0,0,0
C3010,22,09,0000,District - Rajnandgaon  09,Total,13,27888,13935,13953,21568,11740,9828,21568,11740,9828,0,0,0,0,0,0,0,0,0,0,0,0
C3010,22,09,0000,District - Rajnandgaon  09,Total,14,29305,14844,14461,19168,11100,8068,19168,11100,8068,0,0,0,0,0,0,0,0,0,0,0,0
C3010,22,09,0000,District - Rajnandgaon  09,Total,15-19,121488,61642,59846,42098,27021,15077,39380,25481,13899,2412,1377,1035,151,100,51,78,47,31,77,16,61
C3010,22,09,0000,District - Rajnandgaon  09,Total,20-24,105066,51037,54029,8966,6178,2788,2722,2050,672,5536,3820,1716,229,171,58,85,69,16,394,68,326
C3010,22,09,0000,District - Rajnandgaon  09,Total,25-29,101524,49919,51605,1529,807,722,0,0,0,715,583,132,110,73,37,42,33,9,662,118,544
C3010,22,09,0000,District - Rajnandgaon  09,Total,30-34,94726,46010,48716,964,253,711,0,0,0,86,68,18,30,15,15,13,7,6,835,163,672
C3010,22,09,0000,District - Rajnandgaon  09,Total,35-59,296219,147389,148830,1953,512,1441,0,0,0,69,56,13,62,28,34,23,14,9,1799,414,1385
C3010,22,09,0000,District - Rajnandgaon  09,Total,60+,96664,42603,54061,108,63,45,0,0,0,15,12,3,18,8,10,6,5,1,69,38,31
C3010,22,09,0000,District - Rajnandgaon  09,Total,Age not stated,2587,1426,1161,14,5,9,0,0,0,6,4,2,1,0,1,3,1,2,4,0,4
C3010,22,09,0000,District - Rajnandgaon  09,Rural,All ages,1051577,517085,534492,231322,126676,104646,224139,122886,101253,3336,2767,569,243,171,72,120,81,39,3484,771,2713
C3010,22,09,0000,District - Rajnandgaon  09,Rural,0-4,130835,65739,65096,2449,1210,1239,2449,1210,1239,0,0,0,0,0,0,0,0,0,0,0,0
C3010,22,09,0000,District - Rajnandgaon  09,Rural,5,28706,14553,14153,3020,1520,1500,3020,1520,1500,0,0,0,0,0,0,0,0,0,0,0,0
C3010,22,09,0000,District - Rajnandgaon  09,Rural,6,26557,13175,13382,14538,7351,7187,14538,7351,7187,0,0,0,0,0,0,0,0,0,0,0,0
C3010,22,09,0000,District - Rajnandgaon  09,Rural,7,22312,11246,11066,19199,9834,9365,19199,9834,9365,0,0,0,0,0,0,0,0,0,0,0,0
C3010,22,09,0000,District - Rajnandgaon  09,Rural,8,26443,13345,13098,24306,12488,11818,24306,12488,11818,0,0,0,0,0,0,0,0,0,0,0,0
C3010,22,09,0000,District - Rajnandgaon  09,Rural,9,26126,12847,13279,24693,12304,12389,24693,12304,12389,0,0,0,0,0,0,0,0,0,0,0,0
C3010,22,09,0000,District - Rajnandgaon  09,Rural,10,31320,15661,15659,28797,14696,14101,28797,14696,14101,0,0,0,0,0,0,0,0,0,0,0,0
C3010,22,09,0000,District - Rajnandgaon  09,Rural,11,23569,11998,11571,21729,11329,10400,21729,11329,10400,0,0,0,0,0,0,0,0,0,0,0,0
C3010,22,09,0000,District - Rajnandgaon  09,Rural,12,28603,14569,14034,23263,12624,10639,23263,12624,10639,0,0,0,0,0,0,0,0,0,0,0,0
C3010,22,09,0000,District - Rajnandgaon  09,Rural,13,22954,11504,11450,17302,9628,7674,17302,9628,7674,0,0,0,0,0,0,0,0,0,0,0,0
C3010,22,09,0000,District - Rajnandgaon  09,Rural,14,24105,12271,11834,15053,9030,6023,15053,9030,6023,0,0,0,0,0,0,0,0,0,0,0,0
C3010,22,09,0000,District - Rajnandgaon  09,Rural,15-19,97192,49176,48016,28938,20105,8833,27940,19401,8539,841,628,213,45,34,11,41,26,15,71,16,55
C3010,22,09,0000,District - Rajnandgaon  09,Rural,20-24,83052,39650,43402,4481,3463,1018,1850,1471,379,2141,1823,318,87,76,11,36,28,8,367,65,302
C3010,22,09,0000,District - Rajnandgaon  09,Rural,25-29,81557,39926,41631,950,415,535,0,0,0,287,261,26,39,27,12,13,10,3,611,117,494
C3010,22,09,0000,District - Rajnandgaon  09,Rural,30-34,76260,36727,39533,812,189,623,0,0,0,29,25,4,15,7,8,9,5,4,759,152,607
C3010,22,09,0000,District - Rajnandgaon  09,Rural,35-59,239211,118144,121067,1706,445,1261,0,0,0,31,24,7,44,22,22,15,9,6,1616,390,1226
C3010,22,09,0000,District - Rajnandgaon  09,Rural,60+,80539,35314,45225,77,43,34,0,0,0,5,5,0,13,5,8,3,2,1,56,31,25
C3010,22,09,0000,District - Rajnandgaon  09,Rural,Age not stated,2236,1240,996,9,2,7,0,0,0,2,1,1,0,0,0,3,1,2,4,0,4
C3010,22,09,0000,District - Rajnandgaon  09,Urban,All ages,231647,117257,114390,60834,31709,29125,54487,28191,26296,5503,3153,2350,358,224,134,130,95,35,356,46,310
C3010,22,09,0000,District - Rajnandgaon  09,Urban,0-4,22021,11362,10659,978,531,447,978,531,447,0,0,0,0,0,0,0,0,0,0,0,0
C3010,22,09,0000,District - Rajnandgaon  09,Urban,5,4764,2522,2242,1324,721,603,1324,721,603,0,0,0,0,0,0,0,0,0,0,0,0
C3010,22,09,0000,District - Rajnandgaon  09,Urban,6,4361,2170,2191,2257,1158,1099,2257,1158,1099,0,0,0,0,0,0,0,0,0,0,0,0
C3010,22,09,0000,District - Rajnandgaon  09,Urban,7,4856,2443,2413,4176,2104,2072,4176,2104,2072,0,0,0,0,0,0,0,0,0,0,0,0
C3010,22,09,0000,District - Rajnandgaon  09,Urban,8,5502,2844,2658,5030,2618,2412,5030,2618,2412,0,0,0,0,0,0,0,0,0,0,0,0
C3010,22,09,0000,District - Rajnandgaon  09,Urban,9,4597,2319,2278,4328,2192,2136,4328,2192,2136,0,0,0,0,0,0,0,0,0,0,0,0
C3010,22,09,0000,District - Rajnandgaon  09,Urban,10,6312,3273,3039,5868,3048,2820,5868,3048,2820,0,0,0,0,0,0,0,0,0,0,0,0
C3010,22,09,0000,District - Rajnandgaon  09,Urban,11,4835,2386,2449,4528,2245,2283,4528,2245,2283,0,0,0,0,0,0,0,0,0,0,0,0
C3010,22,09,0000,District - Rajnandgaon  09,Urban,12,6038,3085,2953,5305,2733,2572,5305,2733,2572,0,0,0,0,0,0,0,0,0,0,0,0
C3010,22,09,0000,District - Rajnandgaon  09,Urban,13,4934,2431,2503,4266,2112,2154,4266,2112,2154,0,0,0,0,0,0,0,0,0,0,0,0
C3010,22,09,0000,District - Rajnandgaon  09,Urban,14,5200,2573,2627,4115,2070,2045,4115,2070,2045,0,0,0,0,0,0,0,0,0,0,0,0
C3010,22,09,0000,District - Rajnandgaon  09,Urban,15-19,24296,12466,11830,13160,6916,6244,11440,6080,5360,1571,749,822,106,66,40,37,21,16,6,0,6
C3010,22,09,0000,District - Rajnandgaon  09,Urban,20-24,22014,11387,10627,4485,2715,1770,872,579,293,3395,1997,1398,142,95,47,49,41,8,27,3,24
C3010,22,09,0000,District - Rajnandgaon  09,Urban,25-29,19967,9993,9974,579,392,187,0,0,0,428,322,106,71,46,25,29,23,6,51,1,50
C3010,22,09,0000,District - Rajnandgaon  09,Urban,30-34,18466,9283,9183,152,64,88,0,0,0,57,43,14,15,8,7,4,2,2,76,11,65
C3010,22,09,0000,District - Rajnandgaon  09,Urban,35-59,57008,29245,27763,247,67,180,0,0,0,38,32,6,18,6,12,8,5,3,183,24,159
C3010,22,09,0000,District - Rajnandgaon  09,Urban,60+,16125,7289,8836,31,20,11,0,0,0,10,7,3,5,3,2,3,3,0,13,7,6
C3010,22,09,0000,District - Rajnandgaon  09,Urban,Age not stated,351,186,165,5,3,2,0,0,0,4,3,1,1,0,1,0,0,0,0,0,0
C3010,22,10,0000,District - Durg  10,Total,All ages,2810436,1417893,1392543,696747,379853,316894,652981,353246,299735,35609,21868,13741,4040,3155,885,1062,742,320,3055,842,2213
C3010,22,10,0000,District - Durg  10,Total,0-4,305754,155775,149979,5683,3010,2673,5683,3010,2673,0,0,0,0,0,0,0,0,0,0,0,0
C3010,22,10,0000,District - Durg  10,Total,5,69096,35441,33655,8144,4283,3861,8144,4283,3861,0,0,0,0,0,0,0,0,0,0,0,0
C3010,22,10,0000,District - Durg  10,Total,6,63244,31650,31594,32386,16631,15755,32386,16631,15755,0,0,0,0,0,0,0,0,0,0,0,0
C3010,22,10,0000,District - Durg  10,Total,7,57585,29281,28304,48234,24936,23298,48234,24936,23298,0,0,0,0,0,0,0,0,0,0,0,0
C3010,22,10,0000,District - Durg  10,Total,8,72294,36858,35436,65865,34082,31783,65865,34082,31783,0,0,0,0,0,0,0,0,0,0,0,0
C3010,22,10,0000,District - Durg  10,Total,9,65914,32902,33012,62181,31365,30816,62181,31365,30816,0,0,0,0,0,0,0,0,0,0,0,0
C3010,22,10,0000,District - Durg  10,Total,10,84622,43178,41444,77527,40307,37220,77527,40307,37220,0,0,0,0,0,0,0,0,0,0,0,0
C3010,22,10,0000,District - Durg  10,Total,11,63989,33007,30982,59536,31243,28293,59536,31243,28293,0,0,0,0,0,0,0,0,0,0,0,0
C3010,22,10,0000,District - Durg  10,Total,12,78307,39644,38663,67416,35557,31859,67416,35557,31859,0,0,0,0,0,0,0,0,0,0,0,0
C3010,22,10,0000,District - Durg  10,Total,13,62747,31251,31496,51989,27481,24508,51989,27481,24508,0,0,0,0,0,0,0,0,0,0,0,0
C3010,22,10,0000,District - Durg  10,Total,14,64412,32376,32036,47740,26203,21537,47740,26203,21537,0,0,0,0,0,0,0,0,0,0,0,0
C3010,22,10,0000,District - Durg  10,Total,15-19,268544,141637,126907,129111,78015,51096,117474,71584,45890,9886,5194,4692,1311,975,336,390,250,140,50,12,38
C3010,22,10,0000,District - Durg  10,Total,20-24,238384,120173,118211,33678,22616,11062,8806,6564,2242,22515,14274,8241,1783,1471,312,338,260,78,236,47,189
C3010,22,10,0000,District - Durg  10,Total,25-29,232769,115530,117239,3871,2730,1141,0,0,0,2556,1947,609,673,526,147,219,159,60,423,98,325
C3010,22,10,0000,District - Durg  10,Total,30-34,215284,107575,107709,1082,506,576,0,0,0,339,241,98,107,84,23,53,30,23,583,151,432
C3010,22,10,0000,District - Durg  10,Total,35-59,657795,333745,324050,2031,734,1297,0,0,0,241,166,75,127,81,46,44,30,14,1619,457,1162
C3010,22,10,0000,District - Durg  10,Total,60+,206685,96177,110508,250,140,110,0,0,0,59,38,21,30,12,18,18,13,5,143,77,66
C3010,22,10,0000,District - Durg  10,Total,Age not stated,3011,1693,1318,23,14,9,0,0,0,13,8,5,9,6,3,0,0,0,1,0,1
C3010,22,10,0000,District - Durg  10,Rural,All ages,1738127,861958,876169,406677,224282,182395,394466,216156,178310,8611,6674,1937,717,591,126,237,165,72,2646,696,1950
C3010,22,10,0000,District - Durg  10,Rural,0-4,203836,103265,100571,1860,920,940,1860,920,940,0,0,0,0,0,0,0,0,0,0,0,0
C3010,22,10,0000,District - Durg  10,Rural,5,45374,23052,22322,2534,1273,1261,2534,1273,1261,0,0,0,0,0,0,0,0,0,0,0,0
C3010,22,10,0000,District - Durg  10,Rural,6,42138,20886,21252,22075,11308,10767,22075,11308,10767,0,0,0,0,0,0,0,0,0,0,0,0
C3010,22,10,0000,District - Durg  10,Rural,7,35225,17866,17359,29048,15060,13988,29048,15060,13988,0,0,0,0,0,0,0,0,0,0,0,0
C3010,22,10,0000,District - Durg  10,Rural,8,45833,23150,22683,41588,21348,20240,41588,21348,20240,0,0,0,0,0,0,0,0,0,0,0,0
C3010,22,10,0000,District - Durg  10,Rural,9,45026,22473,22553,42446,21467,20979,42446,21467,20979,0,0,0,0,0,0,0,0,0,0,0,0
C3010,22,10,0000,District - Durg  10,Rural,10,54052,27389,26663,49358,25606,23752,49358,25606,23752,0,0,0,0,0,0,0,0,0,0,0,0
C3010,22,10,0000,District - Durg  10,Rural,11,42160,21735,20425,39052,20572,18480,39052,20572,18480,0,0,0,0,0,0,0,0,0,0,0,0
C3010,22,10,0000,District - Durg  10,Rural,12,50094,25144,24950,42206,22409,19797,42206,22409,19797,0,0,0,0,0,0,0,0,0,0,0,0
C3010,22,10,0000,District - Durg  10,Rural,13,40186,19980,20206,32144,17368,14776,32144,17368,14776,0,0,0,0,0,0,0,0,0,0,0,0
C3010,22,10,0000,District - Durg  10,Rural,14,41185,20716,20469,28727,16379,12348,28727,16379,12348,0,0,0,0,0,0,0,0,0,0,0,0
C3010,22,10,0000,District - Durg  10,Rural,15-19,157094,82320,74774,61799,40769,21030,59355,39138,20217,2151,1429,722,177,147,30,80,47,33,36,8,28
C3010,22,10,0000,District - Durg  10,Rural,20-24,135639,66475,69164,10233,8139,2094,4073,3308,765,5587,4463,1124,299,272,27,70,58,12,204,38,166
C3010,22,10,0000,District - Durg  10,Rural,25-29,134837,66773,68064,1268,887,381,0,0,0,735,665,70,134,112,22,40,30,10,359,80,279
C3010,22,10,0000,District - Durg  10,Rural,30-34,125848,60969,64879,624,214,410,0,0,0,83,68,15,26,18,8,12,6,6,503,122,381
C3010,22,10,0000,District - Durg  10,Rural,35-59,391533,193395,198138,1553,473,1080,0,0,0,43,38,5,64,36,28,23,15,8,1423,384,1039
C3010,22,10,0000,District - Durg  10,Rural,60+,146128,65279,80849,160,89,71,0,0,0,11,10,1,17,6,11,12,9,3,120,64,56
C3010,22,10,0000,District - Durg  10,Rural,Age not stated,1939,1091,848,2,1,1,0,0,0,1,1,0,0,0,0,0,0,0,1,0,1
C3010,22,10,0000,District - Durg  10,Urban,All ages,1072309,555935,516374,290070,155571,134499,258515,137090,121425,26998,15194,11804,3323,2564,759,825,577,248,409,146,263
C3010,22,10,0000,District - Durg  10,Urban,0-4,101918,52510,49408,3823,2090,1733,3823,2090,1733,0,0,0,0,0,0,0,0,0,0,0,0
C3010,22,10,0000,District - Durg  10,Urban,5,23722,12389,11333,5610,3010,2600,5610,3010,2600,0,0,0,0,0,0,0,0,0,0,0,0
C3010,22,10,0000,District - Durg  10,Urban,6,21106,10764,10342,10311,5323,4988,10311,5323,4988,0,0,0,0,0,0,0,0,0,0,0,0
C3010,22,10,0000,District - Durg  10,Urban,7,22360,11415,10945,19186,9876,9310,19186,9876,9310,0,0,0,0,0,0,0,0,0,0,0,0
C3010,22,10,0000,District - Durg  10,Urban,8,26461,13708,12753,24277,12734,11543,24277,12734,11543,0,0,0,0,0,0,0,0,0,0,0,0
C3010,22,10,0000,District - Durg  10,Urban,9,20888,10429,10459,19735,9898,9837,19735,9898,9837,0,0,0,0,0,0,0,0,0,0,0,0
C3010,22,10,0000,District - Durg  10,Urban,10,30570,15789,14781,28169,14701,13468,28169,14701,13468,0,0,0,0,0,0,0,0,0,0,0,0
C3010,22,10,0000,District - Durg  10,Urban,11,21829,11272,10557,20484,10671,9813,20484,10671,9813,0,0,0,0,0,0,0,0,0,0,0,0
C3010,22,10,0000,District - Durg  10,Urban,12,28213,14500,13713,25210,13148,12062,25210,13148,12062,0,0,0,0,0,0,0,0,0,0,0,0
C3010,22,10,0000,District - Durg  10,Urban,13,22561,11271,11290,19845,10113,9732,19845,10113,9732,0,0,0,0,0,0,0,0,0,0,0,0
C3010,22,10,0000,District - Durg  10,Urban,14,23227,11660,11567,19013,9824,9189,19013,9824,9189,0,0,0,0,0,0,0,0,0,0,0,0
C3010,22,10,0000,District - Durg  10,Urban,15-19,111450,59317,52133,67312,37246,30066,58119,32446,25673,7735,3765,3970,1134,828,306,310,203,107,14,4,10
C3010,22,10,0000,District - Durg  10,Urban,20-24,102745,53698,49047,23445,14477,8968,4733,3256,1477,16928,9811,7117,1484,1199,285,268,202,66,32,9,23
C3010,22,10,0000,District - Durg  10,Urban,25-29,97932,48757,49175,2603,1843,760,0,0,0,1821,1282,539,539,414,125,179,129,50,64,18,46
C3010,22,10,0000,District - Durg  10,Urban,30-34,89436,46606,42830,458,292,166,0,0,0,256,173,83,81,66,15,41,24,17,80,29,51
C3010,22,10,0000,District - Durg  10,Urban,35-59,266262,140350,125912,478,261,217,0,0,0,198,128,70,63,45,18,21,15,6,196,73,123
C3010,22,10,0000,District - Durg  10,Urban,60+,60557,30898,29659,90,51,39,0,0,0,48,28,20,13,6,7,6,4,2,23,13,10
C3010,22,10,0000,District - Durg  10,Urban,Age not stated,1072,602,470,21,13,8,0,0,0,12,7,5,9,6,3,0,0,0,0,0,0
C3010,22,11,0000,District - Raipur  11,Total,All ages,3016930,1523925,1493005,703884,390596,313288,657255,361704,295551,36446,23668,12778,2937,2042,895,874,621,253,6372,2561,3811
C3010,22,11,0000,District - Raipur  11,Total,0-4,358976,182897,176079,7024,3572,3452,7024,3572,3452,0,0,0,0,0,0,0,0,0,0,0,0
C3010,22,11,0000,District - Raipur  11,Total,5,80000,41229,38771,9838,5275,4563,9838,5275,4563,0,0,0,0,0,0,0,0,0,0,0,0
C3010,22,11,0000,District - Raipur  11,Total,6,76606,38280,38326,36690,18940,17750,36690,18940,17750,0,0,0,0,0,0,0,0,0,0,0,0
C3010,22,11,0000,District - Raipur  11,Total,7,67423,34017,33406,51863,26914,24949,51863,26914,24949,0,0,0,0,0,0,0,0,0,0,0,0
C3010,22,11,0000,District - Raipur  11,Total,8,83712,42657,41055,71374,37333,34041,71374,37333,34041,0,0,0,0,0,0,0,0,0,0,0,0
C3010,22,11,0000,District - Raipur  11,Total,9,73864,37113,36751,66488,34162,32326,66488,34162,32326,0,0,0,0,0,0,0,0,0,0,0,0
C3010,22,11,0000,District - Raipur  11,Total,10,97346,49738,47608,83887,44310,39577,83887,44310,39577,0,0,0,0,0,0,0,0,0,0,0,0
C3010,22,11,0000,District - Raipur  11,Total,11,67991,35466,32525,60145,32433,27712,60145,32433,27712,0,0,0,0,0,0,0,0,0,0,0,0
C3010,22,11,0000,District - Raipur  11,Total,12,85574,43914,41660,66653,36440,30213,66653,36440,30213,0,0,0,0,0,0,0,0,0,0,0,0
C3010,22,11,0000,District - Raipur  11,Total,13,65863,33132,32731,48643,26731,21912,48643,26731,21912,0,0,0,0,0,0,0,0,0,0,0,0
C3010,22,11,0000,District - Raipur  11,Total,14,66758,33960,32798,42960,24652,18308,42960,24652,18308,0,0,0,0,0,0,0,0,0,0,0,0
C3010,22,11,0000,District - Raipur  11,Total,15-19,285893,150169,135724,113819,70551,43268,103188,64739,38449,9262,4958,4304,836,550,286,319,222,97,214,82,132
C3010,22,11,0000,District - Raipur  11,Total,20-24,255839,128838,127001,33578,22948,10630,8502,6203,2299,22963,15451,7512,1254,877,377,234,189,45,625,228,397
C3010,22,11,0000,District - Raipur  11,Total,25-29,244632,123301,121331,4879,3394,1485,0,0,0,3215,2517,698,517,416,101,173,121,52,974,340,634
C3010,22,11,0000,District - Raipur  11,Total,30-34,221018,110214,110804,1776,897,879,0,0,0,427,327,100,113,76,37,61,46,15,1175,448,727
C3010,22,11,0000,District - Raipur  11,Total,35-59,664822,339462,325360,3751,1722,2029,0,0,0,420,323,97,164,97,67,60,32,28,3107,1270,1837
C3010,22,11,0000,District - Raipur  11,Total,60+,215272,96637,118635,431,289,142,0,0,0,101,72,29,44,23,21,21,9,12,265,185,80
C3010,22,11,0000,District - Raipur  11,Total,Age not stated,5341,2901,2440,85,33,52,0,0,0,58,20,38,9,3,6,6,2,4,12,8,4
C3010,22,11,0000,District - Raipur  11,Rural,All ages,2099312,1047633,1051679,473942,266915,207027,455506,254846,200660,11206,8756,2450,851,698,153,365,266,99,6014,2349,3665
C3010,22,11,0000,District - Raipur  11,Rural,0-4,263334,133807,129527,3142,1573,1569,3142,1573,1569,0,0,0,0,0,0,0,0,0,0,0,0
C3010,22,11,0000,District - Raipur  11,Rural,5,58575,29965,28610,4473,2330,2143,4473,2330,2143,0,0,0,0,0,0,0,0,0,0,0,0
C3010,22,11,0000,District - Raipur  11,Rural,6,57162,28483,28679,27476,14187,13289,27476,14187,13289,0,0,0,0,0,0,0,0,0,0,0,0
C3010,22,11,0000,District - Raipur  11,Rural,7,47832,24012,23820,36698,19030,17668,36698,19030,17668,0,0,0,0,0,0,0,0,0,0,0,0
C3010,22,11,0000,District - Raipur  11,Rural,8,60692,30635,30057,51793,26963,24830,51793,26963,24830,0,0,0,0,0,0,0,0,0,0,0,0
C3010,22,11,0000,District - Raipur  11,Rural,9,56422,28355,28067,50801,26204,24597,50801,26204,24597,0,0,0,0,0,0,0,0,0,0,0,0
C3010,22,11,0000,District - Raipur  11,Rural,10,71438,36388,35050,61337,32542,28795,61337,32542,28795,0,0,0,0,0,0,0,0,0,0,0,0
C3010,22,11,0000,District - Raipur  11,Rural,11,49859,26068,23791,43899,23940,19959,43899,23940,19959,0,0,0,0,0,0,0,0,0,0,0,0
C3010,22,11,0000,District - Raipur  11,Rural,12,61432,31423,30009,46726,25934,20792,46726,25934,20792,0,0,0,0,0,0,0,0,0,0,0,0
C3010,22,11,0000,District - Raipur  11,Rural,13,47549,24101,23448,33886,19278,14608,33886,19278,14608,0,0,0,0,0,0,0,0,0,0,0,0
C3010,22,11,0000,District - Raipur  11,Rural,14,48139,24446,23693,29177,17408,11769,29177,17408,11769,0,0,0,0,0,0,0,0,0,0,0,0
C3010,22,11,0000,District - Raipur  11,Rural,15-19,192483,100839,91644,64668,43882,20786,61508,41822,19686,2632,1726,906,204,172,32,124,88,36,200,74,126
C3010,22,11,0000,District - Raipur  11,Rural,20-24,162572,80409,82163,12955,10166,2789,4590,3635,955,7312,5896,1416,372,343,29,97,82,15,584,210,374
C3010,22,11,0000,District - Raipur  11,Rural,25-29,156883,78377,78506,2106,1375,731,0,0,0,999,908,91,129,110,19,59,45,14,919,312,607
C3010,22,11,0000,District - Raipur  11,Rural,30-34,144907,70599,74308,1317,564,753,0,0,0,136,119,17,38,16,22,28,21,7,1115,408,707
C3010,22,11,0000,District - Raipur  11,Rural,35-59,451935,225176,226759,3163,1323,1840,0,0,0,93,83,10,82,45,37,40,23,17,2948,1172,1776
C3010,22,11,0000,District - Raipur  11,Rural,60+,164378,72529,91849,303,204,99,0,0,0,27,20,7,25,12,13,12,6,6,239,166,73
C3010,22,11,0000,District - Raipur  11,Rural,Age not stated,3720,2021,1699,22,12,10,0,0,0,7,4,3,1,0,1,5,1,4,9,7,2
C3010,22,11,0000,District - Raipur  11,Urban,All ages,917618,476292,441326,229942,123681,106261,201749,106858,94891,25240,14912,10328,2086,1344,742,509,355,154,358,212,146
C3010,22,11,0000,District - Raipur  11,Urban,0-4,95642,49090,46552,3882,1999,1883,3882,1999,1883,0,0,0,0,0,0,0,0,0,0,0,0
C3010,22,11,0000,District - Raipur  11,Urban,5,21425,11264,10161,5365,2945,2420,5365,2945,2420,0,0,0,0,0,0,0,0,0,0,0,0
C3010,22,11,0000,District - Raipur  11,Urban,6,19444,9797,9647,9214,4753,4461,9214,4753,4461,0,0,0,0,0,0,0,0,0,0,0,0
C3010,22,11,0000,District - Raipur  11,Urban,7,19591,10005,9586,15165,7884,7281,15165,7884,7281,0,0,0,0,0,0,0,0,0,0,0,0
C3010,22,11,0000,District - Raipur  11,Urban,8,23020,12022,10998,19581,10370,9211,19581,10370,9211,0,0,0,0,0,0,0,0,0,0,0,0
C3010,22,11,0000,District - Raipur  11,Urban,9,17442,8758,8684,15687,7958,7729,15687,7958,7729,0,0,0,0,0,0,0,0,0,0,0,0
C3010,22,11,0000,District - Raipur  11,Urban,10,25908,13350,12558,22550,11768,10782,22550,11768,10782,0,0,0,0,0,0,0,0,0,0,0,0
C3010,22,11,0000,District - Raipur  11,Urban,11,18132,9398,8734,16246,8493,7753,16246,8493,7753,0,0,0,0,0,0,0,0,0,0,0,0
C3010,22,11,0000,District - Raipur  11,Urban,12,24142,12491,11651,19927,10506,9421,19927,10506,9421,0,0,0,0,0,0,0,0,0,0,0,0
C3010,22,11,0000,District - Raipur  11,Urban,13,18314,9031,9283,14757,7453,7304,14757,7453,7304,0,0,0,0,0,0,0,0,0,0,0,0
C3010,22,11,0000,District - Raipur  11,Urban,14,18619,9514,9105,13783,7244,6539,13783,7244,6539,0,0,0,0,0,0,0,0,0,0,0,0
C3010,22,11,0000,District - Raipur  11,Urban,15-19,93410,49330,44080,49151,26669,22482,41680,22917,18763,6630,3232,3398,632,378,254,195,134,61,14,8,6
C3010,22,11,0000,District - Raipur  11,Urban,20-24,93267,48429,44838,20623,12782,7841,3912,2568,1344,15651,9555,6096,882,534,348,137,107,30,41,18,23
C3010,22,11,0000,District - Raipur  11,Urban,25-29,87749,44924,42825,2773,2019,754,0,0,0,2216,1609,607,388,306,82,114,76,38,55,28,27
C3010,22,11,0000,District - Raipur  11,Urban,30-34,76111,39615,36496,459,333,126,0,0,0,291,208,83,75,60,15,33,25,8,60,40,20
C3010,22,11,0000,District - Raipur  11,Urban,35-59,212887,114286,98601,588,399,189,0,0,0,327,240,87,82,52,30,20,9,11,159,98,61
C3010,22,11,0000,District - Raipur  11,Urban,60+,50894,24108,26786,128,85,43,0,0,0,74,52,22,19,11,8,9,3,6,26,19,7
C3010,22,11,0000,District - Raipur  11,Urban,Age not stated,1621,880,741,63,21,42,0,0,0,51,16,35,8,3,5,1,1,0,3,1,2
C3010,22,12,0000,District - Mahasamund *  12,Total,All ages,860257,426201,434056,176895,98690,78205,168454,93703,74751,5034,3726,1308,288,182,106,114,78,36,3005,1001,2004
C3010,22,12,0000,District - Mahasamund *  12,Total,0-4,94599,47667,46932,857,458,399,857,458,399,0,0,0,0,0,0,0,0,0,0,0,0
C3010,22,12,0000,District - Mahasamund *  12,Total,5,22132,11324,10808,1457,755,702,1457,755,702,0,0,0,0,0,0,0,0,0,0,0,0
C3010,22,12,0000,District - Mahasamund *  12,Total,6,19974,10085,9889,10613,5549,5064,10613,5549,5064,0,0,0,0,0,0,0,0,0,0,0,0
C3010,22,12,0000,District - Mahasamund *  12,Total,7,17685,8990,8695,14794,7685,7109,14794,7685,7109,0,0,0,0,0,0,0,0,0,0,0,0
C3010,22,12,0000,District - Mahasamund *  12,Total,8,21237,10740,10497,18950,9787,9163,18950,9787,9163,0,0,0,0,0,0,0,0,0,0,0,0
C3010,22,12,0000,District - Mahasamund *  12,Total,9,20106,9884,10222,18617,9351,9266,18617,9351,9266,0,0,0,0,0,0,0,0,0,0,0,0
C3010,22,12,0000,District - Mahasamund *  12,Total,10,25309,12842,12467,22246,11653,10593,22246,11653,10593,0,0,0,0,0,0,0,0,0,0,0,0
C3010,22,12,0000,District - Mahasamund *  12,Total,11,17842,9315,8527,15948,8593,7355,15948,8593,7355,0,0,0,0,0,0,0,0,0,0,0,0
C3010,22,12,0000,District - Mahasamund *  12,Total,12,23228,11886,11342,17694,9834,7860,17694,9834,7860,0,0,0,0,0,0,0,0,0,0,0,0
C3010,22,12,0000,District - Mahasamund *  12,Total,13,17300,8720,8580,12260,6952,5308,12260,6952,5308,0,0,0,0,0,0,0,0,0,0,0,0
C3010,22,12,0000,District - Mahasamund *  12,Total,14,18982,9650,9332,11085,6678,4407,11085,6678,4407,0,0,0,0,0,0,0,0,0,0,0,0
C3010,22,12,0000,District - Mahasamund *  12,Total,15-19,77594,39990,37604,24215,16308,7907,22465,15236,7229,1539,961,578,88,49,39,41,27,14,82,35,47
C3010,22,12,0000,District - Mahasamund *  12,Total,20-24,65867,32194,33673,4936,3747,1189,1468,1172,296,3100,2411,689,97,65,32,21,18,3,250,81,169
C3010,22,12,0000,District - Mahasamund *  12,Total,25-29,66046,32757,33289,872,495,377,0,0,0,327,296,31,56,45,11,25,14,11,464,140,324
C3010,22,12,0000,District - Mahasamund *  12,Total,30-34,65209,30852,34357,668,208,460,0,0,0,29,25,4,13,9,4,2,1,1,624,173,451
C3010,22,12,0000,District - Mahasamund *  12,Total,35-59,212136,106314,105822,1588,577,1011,0,0,0,31,26,5,29,13,16,17,11,6,1511,527,984
C3010,22,12,0000,District - Mahasamund *  12,Total,60+,74495,32697,41798,91,58,33,0,0,0,7,6,1,4,1,3,7,6,1,73,45,28
C3010,22,12,0000,District - Mahasamund *  12,Total,Age not stated,516,294,222,4,2,2,0,0,0,1,1,0,1,0,1,1,1,0,1,0,1
C3010,22,12,0000,District - Mahasamund *  12,Rural,All ages,762577,376391,386186,151510,84947,66563,145571,81485,64086,2722,2311,411,153,106,47,73,50,23,2991,995,1996
C3010,22,12,0000,District - Mahasamund *  12,Rural,0-4,84603,42519,42084,591,323,268,591,323,268,0,0,0,0,0,0,0,0,0,0,0,0
C3010,22,12,0000,District - Mahasamund *  12,Rural,5,19800,10088,9712,968,496,472,968,496,472,0,0,0,0,0,0,0,0,0,0,0,0
C3010,22,12,0000,District - Mahasamund *  12,Rural,6,17998,9061,8937,9642,5038,4604,9642,5038,4604,0,0,0,0,0,0,0,0,0,0,0,0
C3010,22,12,0000,District - Mahasamund *  12,Rural,7,15511,7874,7637,12929,6715,6214,12929,6715,6214,0,0,0,0,0,0,0,0,0,0,0,0
C3010,22,12,0000,District - Mahasamund *  12,Rural,8,18642,9388,9254,16658,8571,8087,16658,8571,8087,0,0,0,0,0,0,0,0,0,0,0,0
C3010,22,12,0000,District - Mahasamund *  12,Rural,9,18094,8915,9179,16765,8436,8329,16765,8436,8329,0,0,0,0,0,0,0,0,0,0,0,0
C3010,22,12,0000,District - Mahasamund *  12,Rural,10,22402,11379,11023,19695,10341,9354,19695,10341,9354,0,0,0,0,0,0,0,0,0,0,0,0
C3010,22,12,0000,District - Mahasamund *  12,Rural,11,15749,8231,7518,14059,7592,6467,14059,7592,6467,0,0,0,0,0,0,0,0,0,0,0,0
C3010,22,12,0000,District - Mahasamund *  12,Rural,12,20532,10508,10024,15504,8683,6821,15504,8683,6821,0,0,0,0,0,0,0,0,0,0,0,0
C3010,22,12,0000,District - Mahasamund *  12,Rural,13,15096,7607,7489,10499,6027,4472,10499,6027,4472,0,0,0,0,0,0,0,0,0,0,0,0
C3010,22,12,0000,District - Mahasamund *  12,Rural,14,16688,8492,8196,9393,5786,3607,9393,5786,3607,0,0,0,0,0,0,0,0,0,0,0,0
C3010,22,12,0000,District - Mahasamund *  12,Rural,15-19,67105,34390,32715,18551,13134,5417,17686,12506,5180,717,547,170,43,31,12,24,15,9,81,35,46
C3010,22,12,0000,District - Mahasamund *  12,Rural,20-24,57070,27598,29472,3220,2609,611,1182,971,211,1732,1513,219,46,35,11,12,11,1,248,79,169
C3010,22,12,0000,District - Mahasamund *  12,Rural,25-29,58140,28878,29262,718,372,346,0,0,0,217,202,15,24,22,2,14,9,5,463,139,324
C3010,22,12,0000,District - Mahasamund *  12,Rural,30-34,57672,27174,30498,656,199,457,0,0,0,23,20,3,9,5,4,2,1,1,622,173,449
C3010,22,12,0000,District - Mahasamund *  12,Rural,35-59,188362,93906,94456,1574,569,1005,0,0,0,27,23,4,27,12,15,15,9,6,1505,525,980
C3010,22,12,0000,District - Mahasamund *  12,Rural,60+,68625,30103,38522,84,54,30,0,0,0,5,5,0,3,1,2,5,4,1,71,44,27
C3010,22,12,0000,District - Mahasamund *  12,Rural,Age not stated,488,280,208,4,2,2,0,0,0,1,1,0,1,0,1,1,1,0,1,0,1
C3010,22,12,0000,District - Mahasamund *  12,Urban,All ages,97680,49810,47870,25385,13743,11642,22883,12218,10665,2312,1415,897,135,76,59,41,28,13,14,6,8
C3010,22,12,0000,District - Mahasamund *  12,Urban,0-4,9996,5148,4848,266,135,131,266,135,131,0,0,0,0,0,0,0,0,0,0,0,0
C3010,22,12,0000,District - Mahasamund *  12,Urban,5,2332,1236,1096,489,259,230,489,259,230,0,0,0,0,0,0,0,0,0,0,0,0
C3010,22,12,0000,District - Mahasamund *  12,Urban,6,1976,1024,952,971,511,460,971,511,460,0,0,0,0,0,0,0,0,0,0,0,0
C3010,22,12,0000,District - Mahasamund *  12,Urban,7,2174,1116,1058,1865,970,895,1865,970,895,0,0,0,0,0,0,0,0,0,0,0,0
C3010,22,12,0000,District - Mahasamund *  12,Urban,8,2595,1352,1243,2292,1216,1076,2292,1216,1076,0,0,0,0,0,0,0,0,0,0,0,0
C3010,22,12,0000,District - Mahasamund *  12,Urban,9,2012,969,1043,1852,915,937,1852,915,937,0,0,0,0,0,0,0,0,0,0,0,0
C3010,22,12,0000,District - Mahasamund *  12,Urban,10,2907,1463,1444,2551,1312,1239,2551,1312,1239,0,0,0,0,0,0,0,0,0,0,0,0
C3010,22,12,0000,District - Mahasamund *  12,Urban,11,2093,1084,1009,1889,1001,888,1889,1001,888,0,0,0,0,0,0,0,0,0,0,0,0
C3010,22,12,0000,District - Mahasamund *  12,Urban,12,2696,1378,1318,2190,1151,1039,2190,1151,1039,0,0,0,0,0,0,0,0,0,0,0,0
C3010,22,12,0000,District - Mahasamund *  12,Urban,13,2204,1113,1091,1761,925,836,1761,925,836,0,0,0,0,0,0,0,0,0,0,0,0
C3010,22,12,0000,District - Mahasamund *  12,Urban,14,2294,1158,1136,1692,892,800,1692,892,800,0,0,0,0,0,0,0,0,0,0,0,0
C3010,22,12,0000,District - Mahasamund *  12,Urban,15-19,10489,5600,4889,5664,3174,2490,4779,2730,2049,822,414,408,45,18,27,17,12,5,1,0,1
C3010,22,12,0000,District - Mahasamund *  12,Urban,20-24,8797,4596,4201,1716,1138,578,286,201,85,1368,898,470,51,30,21,9,7,2,2,2,0
C3010,22,12,0000,District - Mahasamund *  12,Urban,25-29,7906,3879,4027,154,123,31,0,0,0,110,94,16,32,23,9,11,5,6,1,1,0
C3010,22,12,0000,District - Mahasamund *  12,Urban,30-34,7537,3678,3859,12,9,3,0,0,0,6,5,1,4,4,0,0,0,0,2,0,2
C3010,22,12,0000,District - Mahasamund *  12,Urban,35-59,23774,12408,11366,14,8,6,0,0,0,4,3,1,2,1,1,2,2,0,6,2,4
C3010,22,12,0000,District - Mahasamund *  12,Urban,60+,5870,2594,3276,7,4,3,0,0,0,2,1,1,1,0,1,2,2,0,2,1,1
C3010,22,12,0000,District - Mahasamund *  12,Urban,Age not stated,28,14,14,0,0,0,0,0,0,0,0,0,0,0,0,0,0,0,0,0,0
C3010,22,13,0000,District - Dhamtari *  13,Total,All ages,706591,352524,354067,164535,87815,76720,156984,83481,73503,4805,3368,1437,505,277,228,131,84,47,2110,605,1505
C3010,22,13,0000,District - Dhamtari *  13,Total,0-4,81267,41012,40255,2143,1086,1057,2143,1086,1057,0,0,0,0,0,0,0,0,0,0,0,0
C3010,22,13,0000,District - Dhamtari *  13,Total,5,17547,9054,8493,2578,1274,1304,2578,1274,1304,0,0,0,0,0,0,0,0,0,0,0,0
C3010,22,13,0000,District - Dhamtari *  13,Total,6,17700,8894,8806,9654,4919,4735,9654,4919,4735,0,0,0,0,0,0,0,0,0,0,0,0
C3010,22,13,0000,District - Dhamtari *  13,Total,7,14274,7264,7010,12309,6380,5929,12309,6380,5929,0,0,0,0,0,0,0,0,0,0,0,0
C3010,22,13,0000,District - Dhamtari *  13,Total,8,17438,8782,8656,16146,8177,7969,16146,8177,7969,0,0,0,0,0,0,0,0,0,0,0,0
C3010,22,13,0000,District - Dhamtari *  13,Total,9,16198,7972,8226,15415,7628,7787,15415,7628,7787,0,0,0,0,0,0,0,0,0,0,0,0
C3010,22,13,0000,District - Dhamtari *  13,Total,10,20742,10580,10162,19313,9931,9382,19313,9931,9382,0,0,0,0,0,0,0,0,0,0,0,0
C3010,22,13,0000,District - Dhamtari *  13,Total,11,15647,7913,7734,14595,7442,7153,14595,7442,7153,0,0,0,0,0,0,0,0,0,0,0,0
C3010,22,13,0000,District - Dhamtari *  13,Total,12,19274,9707,9567,16505,8539,7966,16505,8539,7966,0,0,0,0,0,0,0,0,0,0,0,0
C3010,22,13,0000,District - Dhamtari *  13,Total,13,15718,7696,8022,12574,6564,6010,12574,6564,6010,0,0,0,0,0,0,0,0,0,0,0,0
C3010,22,13,0000,District - Dhamtari *  13,Total,14,16109,8025,8084,11013,6031,4982,11013,6031,4982,0,0,0,0,0,0,0,0,0,0,0,0
C3010,22,13,0000,District - Dhamtari *  13,Total,15-19,68810,35317,33493,24906,15297,9609,23291,14410,8881,1366,762,604,164,81,83,45,30,15,40,14,26
C3010,22,13,0000,District - Dhamtari *  13,Total,20-24,59727,29956,29771,4928,3560,1368,1448,1100,348,3043,2266,777,235,130,105,38,27,11,164,37,127
C3010,22,13,0000,District - Dhamtari *  13,Total,25-29,56959,28802,28157,751,449,302,0,0,0,332,290,42,65,45,20,18,11,7,336,103,233
C3010,22,13,0000,District - Dhamtari *  13,Total,30-34,53325,25853,27472,495,139,356,0,0,0,33,27,6,11,6,5,8,3,5,443,103,340
C3010,22,13,0000,District - Dhamtari *  13,Total,35-59,162100,81963,80137,1110,348,762,0,0,0,22,19,3,26,14,12,11,7,4,1051,308,743
C3010,22,13,0000,District - Dhamtari *  13,Total,60+,53253,23435,29818,96,50,46,0,0,0,6,3,3,3,1,2,11,6,5,76,40,36
C3010,22,13,0000,District - Dhamtari *  13,Total,Age not stated,503,299,204,4,1,3,0,0,0,3,1,2,1,0,1,0,0,0,0,0,0
C3010,22,13,0000,District - Dhamtari *  13,Rural,All ages,613007,305531,307476,141221,75619,65602,135639,72327,63312,3096,2425,671,292,203,89,95,62,33,2099,602,1497
C3010,22,13,0000,District - Dhamtari *  13,Rural,0-4,71662,36092,35570,1660,839,821,1660,839,821,0,0,0,0,0,0,0,0,0,0,0,0
C3010,22,13,0000,District - Dhamtari *  13,Rural,5,15413,7929,7484,1896,919,977,1896,919,977,0,0,0,0,0,0,0,0,0,0,0,0
C3010,22,13,0000,District - Dhamtari *  13,Rural,6,15768,7895,7873,8554,4341,4213,8554,4341,4213,0,0,0,0,0,0,0,0,0,0,0,0
C3010,22,13,0000,District - Dhamtari *  13,Rural,7,12312,6224,6088,10594,5450,5144,10594,5450,5144,0,0,0,0,0,0,0,0,0,0,0,0
C3010,22,13,0000,District - Dhamtari *  13,Rural,8,15153,7659,7494,14049,7137,6912,14049,7137,6912,0,0,0,0,0,0,0,0,0,0,0,0
C3010,22,13,0000,District - Dhamtari *  13,Rural,9,14372,7058,7314,13690,6759,6931,13690,6759,6931,0,0,0,0,0,0,0,0,0,0,0,0
C3010,22,13,0000,District - Dhamtari *  13,Rural,10,18105,9215,8890,16916,8687,8229,16916,8687,8229,0,0,0,0,0,0,0,0,0,0,0,0
C3010,22,13,0000,District - Dhamtari *  13,Rural,11,13731,6909,6822,12848,6531,6317,12848,6531,6317,0,0,0,0,0,0,0,0,0,0,0,0
C3010,22,13,0000,District - Dhamtari *  13,Rural,12,16812,8428,8384,14430,7456,6974,14430,7456,6974,0,0,0,0,0,0,0,0,0,0,0,0
C3010,22,13,0000,District - Dhamtari *  13,Rural,13,13715,6734,6981,10938,5756,5182,10938,5756,5182,0,0,0,0,0,0,0,0,0,0,0,0
C3010,22,13,0000,District - Dhamtari *  13,Rural,14,14037,6965,7072,9514,5233,4281,9514,5233,4281,0,0,0,0,0,0,0,0,0,0,0,0
C3010,22,13,0000,District - Dhamtari *  13,Rural,15-19,59251,30449,28802,20281,12871,7410,19305,12250,7055,797,526,271,108,60,48,32,21,11,39,14,25
C3010,22,13,0000,District - Dhamtari *  13,Rural,20-24,51045,25588,25457,3557,2762,795,1245,969,276,2013,1643,370,113,95,18,24,19,5,162,36,126
C3010,22,13,0000,District - Dhamtari *  13,Rural,25-29,48797,24792,24005,627,360,267,0,0,0,245,221,24,36,30,6,10,6,4,336,103,233
C3010,22,13,0000,District - Dhamtari *  13,Rural,30-34,45734,22060,23674,482,131,351,0,0,0,22,19,3,10,6,4,7,3,4,443,103,340
C3010,22,13,0000,District - Dhamtari *  13,Rural,35-59,139833,70591,69242,1091,338,753,0,0,0,14,14,0,21,11,10,11,7,4,1045,306,739
C3010,22,13,0000,District - Dhamtari *  13,Rural,60+,46840,20683,26157,91,48,43,0,0,0,3,1,2,3,1,2,11,6,5,74,40,34
C3010,22,13,0000,District - Dhamtari *  13,Rural,Age not stated,427,260,167,3,1,2,0,0,0,2,1,1,1,0,1,0,0,0,0,0,0
C3010,22,13,0000,District - Dhamtari *  13,Urban,All ages,93584,46993,46591,23314,12196,11118,21345,11154,10191,1709,943,766,213,74,139,36,22,14,11,3,8
C3010,22,13,0000,District - Dhamtari *  13,Urban,0-4,9605,4920,4685,483,247,236,483,247,236,0,0,0,0,0,0,0,0,0,0,0,0
C3010,22,13,0000,District - Dhamtari *  13,Urban,5,2134,1125,1009,682,355,327,682,355,327,0,0,0,0,0,0,0,0,0,0,0,0
C3010,22,13,0000,District - Dhamtari *  13,Urban,6,1932,999,933,1100,578,522,1100,578,522,0,0,0,0,0,0,0,0,0,0,0,0
C3010,22,13,0000,District - Dhamtari *  13,Urban,7,1962,1040,922,1715,930,785,1715,930,785,0,0,0,0,0,0,0,0,0,0,0,0
C3010,22,13,0000,District - Dhamtari *  13,Urban,8,2285,1123,1162,2097,1040,1057,2097,1040,1057,0,0,0,0,0,0,0,0,0,0,0,0
C3010,22,13,0000,District - Dhamtari *  13,Urban,9,1826,914,912,1725,869,856,1725,869,856,0,0,0,0,0,0,0,0,0,0,0,0
C3010,22,13,0000,District - Dhamtari *  13,Urban,10,2637,1365,1272,2397,1244,1153,2397,1244,1153,0,0,0,0,0,0,0,0,0,0,0,0
C3010,22,13,0000,District - Dhamtari *  13,Urban,11,1916,1004,912,1747,911,836,1747,911,836,0,0,0,0,0,0,0,0,0,0,0,0
C3010,22,13,0000,District - Dhamtari *  13,Urban,12,2462,1279,1183,2075,1083,992,2075,1083,992,0,0,0,0,0,0,0,0,0,0,0,0
C3010,22,13,0000,District - Dhamtari *  13,Urban,13,2003,962,1041,1636,808,828,1636,808,828,0,0,0,0,0,0,0,0,0,0,0,0
C3010,22,13,0000,District - Dhamtari *  13,Urban,14,2072,1060,1012,1499,798,701,1499,798,701,0,0,0,0,0,0,0,0,0,0,0,0
C3010,22,13,0000,District - Dhamtari *  13,Urban,15-19,9559,4868,4691,4625,2426,2199,3986,2160,1826,569,236,333,56,21,35,13,9,4,1,0,1
C3010,22,13,0000,District - Dhamtari *  13,Urban,20-24,8682,4368,4314,1371,798,573,203,131,72,1030,623,407,122,35,87,14,8,6,2,1,1
C3010,22,13,0000,District - Dhamtari *  13,Urban,25-29,8162,4010,4152,124,89,35,0,0,0,87,69,18,29,15,14,8,5,3,0,0,0
C3010,22,13,0000,District - Dhamtari *  13,Urban,30-34,7591,3793,3798,13,8,5,0,0,0,11,8,3,1,0,1,1,0,1,0,0,0
C3010,22,13,0000,District - Dhamtari *  13,Urban,35-59,22267,11372,10895,19,10,9,0,0,0,8,5,3,5,3,2,0,0,0,6,2,4
C3010,22,13,0000,District - Dhamtari *  13,Urban,60+,6413,2752,3661,5,2,3,0,0,0,3,2,1,0,0,0,0,0,0,2,0,2
C3010,22,13,0000,District - Dhamtari *  13,Urban,Age not stated,76,39,37,1,0,1,0,0,0,1,0,1,0,0,0,0,0,0,0,0,0
C3010,22,14,0000,District - Kanker *  14,Total,All ages,650934,324636,326298,144683,79369,65314,138823,75707,63116,4493,3171,1322,210,135,75,120,50,70,1037,306,731
C3010,22,14,0000,District - Kanker *  14,Total,0-4,73557,37322,36235,1189,607,582,1189,607,582,0,0,0,0,0,0,0,0,0,0,0,0
C3010,22,14,0000,District - Kanker *  14,Total,5,16522,8389,8133,2431,1248,1183,2431,1248,1183,0,0,0,0,0,0,0,0,0,0,0,0
C3010,22,14,0000,District - Kanker *  14,Total,6,16800,8413,8387,8355,4270,4085,8355,4270,4085,0,0,0,0,0,0,0,0,0,0,0,0
C3010,22,14,0000,District - Kanker *  14,Total,7,14004,6944,7060,11548,5855,5693,11548,5855,5693,0,0,0,0,0,0,0,0,0,0,0,0
C3010,22,14,0000,District - Kanker *  14,Total,8,17119,8807,8312,15044,7912,7132,15044,7912,7132,0,0,0,0,0,0,0,0,0,0,0,0
C3010,22,14,0000,District - Kanker *  14,Total,9,15612,7688,7924,14141,7087,7054,14141,7087,7054,0,0,0,0,0,0,0,0,0,0,0,0
C3010,22,14,0000,District - Kanker *  14,Total,10,19488,9945,9543,17060,8911,8149,17060,8911,8149,0,0,0,0,0,0,0,0,0,0,0,0
C3010,22,14,0000,District - Kanker *  14,Total,11,12753,6522,6231,11341,5958,5383,11341,5958,5383,0,0,0,0,0,0,0,0,0,0,0,0
C3010,22,14,0000,District - Kanker *  14,Total,12,17983,9283,8700,14287,7805,6482,14287,7805,6482,0,0,0,0,0,0,0,0,0,0,0,0
C3010,22,14,0000,District - Kanker *  14,Total,13,13448,6692,6756,10041,5424,4617,10041,5424,4617,0,0,0,0,0,0,0,0,0,0,0,0
C3010,22,14,0000,District - Kanker *  14,Total,14,14631,7363,7268,9586,5408,4178,9586,5408,4178,0,0,0,0,0,0,0,0,0,0,0,0
C3010,22,14,0000,District - Kanker *  14,Total,15-19,65615,33270,32345,23366,14622,8744,22113,13920,8193,1129,655,474,46,23,23,38,13,25,40,11,29
C3010,22,14,0000,District - Kanker *  14,Total,20-24,52180,25700,26480,4714,3408,1306,1687,1302,385,2787,2008,779,83,53,30,30,9,21,127,36,91
C3010,22,14,0000,District - Kanker *  14,Total,25-29,50914,25167,25747,716,535,181,0,0,0,507,448,59,44,38,6,17,8,9,148,41,107
C3010,22,14,0000,District - Kanker *  14,Total,30-34,47367,22786,24581,273,107,166,0,0,0,43,37,6,12,8,4,14,8,6,204,54,150
C3010,22,14,0000,District - Kanker *  14,Total,35-59,155627,79301,76326,534,176,358,0,0,0,14,12,2,21,9,12,17,10,7,482,145,337
C3010,22,14,0000,District - Kanker *  14,Total,60+,46706,20713,25993,47,28,19,0,0,0,6,6,0,3,3,0,4,2,2,34,17,17
C3010,22,14,0000,District - Kanker *  14,Total,Age not stated,608,331,277,10,8,2,0,0,0,7,5,2,1,1,0,0,0,0,2,2,0
C3010,22,14,0000,District - Kanker *  14,Rural,All ages,619549,308749,310800,134766,74097,60669,130673,71486,59187,2927,2214,713,123,83,40,68,36,32,975,278,697
C3010,22,14,0000,District - Kanker *  14,Rural,0-4,70835,35971,34864,1031,529,502,1031,529,502,0,0,0,0,0,0,0,0,0,0,0,0
C3010,22,14,0000,District - Kanker *  14,Rural,5,15871,8094,7777,2109,1119,990,2109,1119,990,0,0,0,0,0,0,0,0,0,0,0,0
C3010,22,14,0000,District - Kanker *  14,Rural,6,16251,8122,8129,7966,4055,3911,7966,4055,3911,0,0,0,0,0,0,0,0,0,0,0,0
C3010,22,14,0000,District - Kanker *  14,Rural,7,13374,6616,6758,10950,5538,5412,10950,5538,5412,0,0,0,0,0,0,0,0,0,0,0,0
C3010,22,14,0000,District - Kanker *  14,Rural,8,16442,8446,7996,14397,7569,6828,14397,7569,6828,0,0,0,0,0,0,0,0,0,0,0,0
C3010,22,14,0000,District - Kanker *  14,Rural,9,14955,7363,7592,13509,6770,6739,13509,6770,6739,0,0,0,0,0,0,0,0,0,0,0,0
C3010,22,14,0000,District - Kanker *  14,Rural,10,18644,9488,9156,16262,8480,7782,16262,8480,7782,0,0,0,0,0,0,0,0,0,0,0,0
C3010,22,14,0000,District - Kanker *  14,Rural,11,12125,6189,5936,10735,5635,5100,10735,5635,5100,0,0,0,0,0,0,0,0,0,0,0,0
C3010,22,14,0000,District - Kanker *  14,Rural,12,17183,8878,8305,13555,7429,6126,13555,7429,6126,0,0,0,0,0,0,0,0,0,0,0,0
C3010,22,14,0000,District - Kanker *  14,Rural,13,12827,6388,6439,9486,5151,4335,9486,5151,4335,0,0,0,0,0,0,0,0,0,0,0,0
C3010,22,14,0000,District - Kanker *  14,Rural,14,13897,6976,6921,8975,5085,3890,8975,5085,3890,0,0,0,0,0,0,0,0,0,0,0,0
C3010,22,14,0000,District - Kanker *  14,Rural,15-19,61814,31380,30434,20931,13392,7539,20161,12919,7242,683,442,241,23,13,10,25,8,17,39,10,29
C3010,22,14,0000,District - Kanker *  14,Rural,20-24,48699,23857,24842,3524,2663,861,1537,1207,330,1816,1393,423,43,30,13,9,4,5,119,29,90
C3010,22,14,0000,District - Kanker *  14,Rural,25-29,48134,23773,24361,546,397,149,0,0,0,378,335,43,25,23,2,6,4,2,137,35,102
C3010,22,14,0000,District - Kanker *  14,Rural,30-34,44937,21568,23369,248,94,154,0,0,0,32,29,3,10,6,4,12,8,4,194,51,143
C3010,22,14,0000,District - Kanker *  14,Rural,35-59,147980,75348,72632,500,164,336,0,0,0,9,7,2,20,9,11,12,10,2,459,138,321
C3010,22,14,0000,District - Kanker *  14,Rural,60+,44987,19969,25018,37,23,14,0,0,0,5,5,0,2,2,0,4,2,2,26,14,12
C3010,22,14,0000,District - Kanker *  14,Rural,Age not stated,594,323,271,5,4,1,0,0,0,4,3,1,0,0,0,0,0,0,1,1,0
C3010,22,14,0000,District - Kanker *  14,Urban,All ages,31385,15887,15498,9917,5272,4645,8150,4221,3929,1566,957,609,87,52,35,52,14,38,62,28,34
C3010,22,14,0000,District - Kanker *  14,Urban,0-4,2722,1351,1371,158,78,80,158,78,80,0,0,0,0,0,0,0,0,0,0,0,0
C3010,22,14,0000,District - Kanker *  14,Urban,5,651,295,356,322,129,193,322,129,193,0,0,0,0,0,0,0,0,0,0,0,0
C3010,22,14,0000,District - Kanker *  14,Urban,6,549,291,258,389,215,174,389,215,174,0,0,0,0,0,0,0,0,0,0,0,0
C3010,22,14,0000,District - Kanker *  14,Urban,7,630,328,302,598,317,281,598,317,281,0,0,0,0,0,0,0,0,0,0,0,0
C3010,22,14,0000,District - Kanker *  14,Urban,8,677,361,316,647,343,304,647,343,304,0,0,0,0,0,0,0,0,0,0,0,0
C3010,22,14,0000,District - Kanker *  14,Urban,9,657,325,332,632,317,315,632,317,315,0,0,0,0,0,0,0,0,0,0,0,0
C3010,22,14,0000,District - Kanker *  14,Urban,10,844,457,387,798,431,367,798,431,367,0,0,0,0,0,0,0,0,0,0,0,0
C3010,22,14,0000,District - Kanker *  14,Urban,11,628,333,295,606,323,283,606,323,283,0,0,0,0,0,0,0,0,0,0,0,0
C3010,22,14,0000,District - Kanker *  14,Urban,12,800,405,395,732,376,356,732,376,356,0,0,0,0,0,0,0,0,0,0,0,0
C3010,22,14,0000,District - Kanker *  14,Urban,13,621,304,317,555,273,282,555,273,282,0,0,0,0,0,0,0,0,0,0,0,0
C3010,22,14,0000,District - Kanker *  14,Urban,14,734,387,347,611,323,288,611,323,288,0,0,0,0,0,0,0,0,0,0,0,0
C3010,22,14,0000,District - Kanker *  14,Urban,15-19,3801,1890,1911,2435,1230,1205,1952,1001,951,446,213,233,23,10,13,13,5,8,1,1,0
C3010,22,14,0000,District - Kanker *  14,Urban,20-24,3481,1843,1638,1190,745,445,150,95,55,971,615,356,40,23,17,21,5,16,8,7,1
C3010,22,14,0000,District - Kanker *  14,Urban,25-29,2780,1394,1386,170,138,32,0,0,0,129,113,16,19,15,4,11,4,7,11,6,5
C3010,22,14,0000,District - Kanker *  14,Urban,30-34,2430,1218,1212,25,13,12,0,0,0,11,8,3,2,2,0,2,0,2,10,3,7
C3010,22,14,0000,District - Kanker *  14,Urban,35-59,7647,3953,3694,34,12,22,0,0,0,5,5,0,1,0,1,5,0,5,23,7,16
C3010,22,14,0000,District - Kanker *  14,Urban,60+,1719,744,975,10,5,5,0,0,0,1,1,0,1,1,0,0,0,0,8,3,5
C3010,22,14,0000,District - Kanker *  14,Urban,Age not stated,14,8,6,5,4,1,0,0,0,3,2,1,1,1,0,0,0,0,1,1,0
C3010,22,15,0000,District - Bastar  15,Total,All ages,1306673,649801,656872,241151,139111,102040,227601,130118,97483,6331,4087,2244,484,299,185,461,340,121,6274,4267,2007
C3010,22,15,0000,District - Bastar  15,Total,0-4,158366,78898,79468,2039,1019,1020,2039,1019,1020,0,0,0,0,0,0,0,0,0,0,0,0
C3010,22,15,0000,District - Bastar  15,Total,5,36666,18446,18220,3790,1968,1822,3790,1968,1822,0,0,0,0,0,0,0,0,0,0,0,0
C3010,22,15,0000,District - Bastar  15,Total,6,37173,18263,18910,14041,7392,6649,14041,7392,6649,0,0,0,0,0,0,0,0,0,0,0,0
C3010,22,15,0000,District - Bastar  15,Total,7,30780,15275,15505,19225,10060,9165,19225,10060,9165,0,0,0,0,0,0,0,0,0,0,0,0
C3010,22,15,0000,District - Bastar  15,Total,8,39775,20012,19763,26658,14352,12306,26658,14352,12306,0,0,0,0,0,0,0,0,0,0,0,0
C3010,22,15,0000,District - Bastar  15,Total,9,33115,16506,16609,24420,13075,11345,24420,13075,11345,0,0,0,0,0,0,0,0,0,0,0,0
C3010,22,15,0000,District - Bastar  15,Total,10,45659,23473,22186,30408,17079,13329,30408,17079,13329,0,0,0,0,0,0,0,0,0,0,0,0
C3010,22,15,0000,District - Bastar  15,Total,11,23395,12041,11354,17575,9827,7748,17575,9827,7748,0,0,0,0,0,0,0,0,0,0,0,0
C3010,22,15,0000,District - Bastar  15,Total,12,40241,20654,19587,23395,13678,9717,23395,13678,9717,0,0,0,0,0,0,0,0,0,0,0,0
C3010,22,15,0000,District - Bastar  15,Total,13,25034,12666,12368,14601,8590,6011,14601,8590,6011,0,0,0,0,0,0,0,0,0,0,0,0
C3010,22,15,0000,District - Bastar  15,Total,14,26558,13784,12774,13512,8292,5220,13512,8292,5220,0,0,0,0,0,0,0,0,0,0,0,0
C3010,22,15,0000,District - Bastar  15,Total,15-19,123436,61701,61735,37402,23818,13584,34650,22305,12345,1848,990,858,112,52,60,185,144,41,607,327,280
C3010,22,15,0000,District - Bastar  15,Total,20-24,99586,46347,53239,8398,5898,2500,3287,2481,806,3773,2522,1251,185,128,57,97,68,29,1056,699,357
C3010,22,15,0000,District - Bastar  15,Total,25-29,104106,50919,53187,1914,1415,499,0,0,0,576,474,102,85,64,21,61,46,15,1192,831,361
C3010,22,15,0000,District - Bastar  15,Total,30-34,97967,47592,50375,1342,947,395,0,0,0,78,61,17,31,17,14,41,35,6,1192,834,358
C3010,22,15,0000,District - Bastar  15,Total,35-59,309160,158717,150443,2271,1584,687,0,0,0,45,34,11,54,27,27,64,41,23,2108,1482,626
C3010,22,15,0000,District - Bastar  15,Total,60+,74518,33896,40622,148,109,39,0,0,0,4,1,3,16,10,6,12,6,6,116,92,24
C3010,22,15,0000,District - Bastar  15,Total,Age not stated,1138,611,527,12,8,4,0,0,0,7,5,2,1,1,0,1,0,1,3,2,1
C3010,22,15,0000,District - Bastar  15,Rural,All ages,1176652,583498,593154,204124,119647,84477,194949,113146,81803,2573,2010,563,304,190,114,335,237,98,5963,4064,1899
C3010,22,15,0000,District - Bastar  15,Rural,0-4,147146,73160,73986,1559,765,794,1559,765,794,0,0,0,0,0,0,0,0,0,0,0,0
C3010,22,15,0000,District - Bastar  15,Rural,5,33938,16994,16944,2927,1523,1404,2927,1523,1404,0,0,0,0,0,0,0,0,0,0,0,0
C3010,22,15,0000,District - Bastar  15,Rural,6,34728,17045,17683,12676,6702,5974,12676,6702,5974,0,0,0,0,0,0,0,0,0,0,0,0
C3010,22,15,0000,District - Bastar  15,Rural,7,28308,14016,14292,17058,8942,8116,17058,8942,8116,0,0,0,0,0,0,0,0,0,0,0,0
C3010,22,15,0000,District - Bastar  15,Rural,8,36599,18418,18181,23789,12885,10904,23789,12885,10904,0,0,0,0,0,0,0,0,0,0,0,0
C3010,22,15,0000,District - Bastar  15,Rural,9,30507,15191,15316,21988,11830,10158,21988,11830,10158,0,0,0,0,0,0,0,0,0,0,0,0
C3010,22,15,0000,District - Bastar  15,Rural,10,41782,21404,20378,26908,15196,11712,26908,15196,11712,0,0,0,0,0,0,0,0,0,0,0,0
C3010,22,15,0000,District - Bastar  15,Rural,11,20872,10739,10133,15233,8610,6623,15233,8610,6623,0,0,0,0,0,0,0,0,0,0,0,0
C3010,22,15,0000,District - Bastar  15,Rural,12,36765,18874,17891,20349,12069,8280,20349,12069,8280,0,0,0,0,0,0,0,0,0,0,0,0
C3010,22,15,0000,District - Bastar  15,Rural,13,22285,11299,10986,12192,7373,4819,12192,7373,4819,0,0,0,0,0,0,0,0,0,0,0,0
C3010,22,15,0000,District - Bastar  15,Rural,14,23583,12206,11377,11046,6986,4060,11046,6986,4060,0,0,0,0,0,0,0,0,0,0,0,0
C3010,22,15,0000,District - Bastar  15,Rural,15-19,109072,54455,54617,28160,19150,9010,26724,18263,8461,677,465,212,54,27,27,101,68,33,604,327,277
C3010,22,15,0000,District - Bastar  15,Rural,20-24,86924,40016,46908,5276,4064,1212,2500,2002,498,1551,1245,306,121,83,38,75,53,22,1029,681,348
C3010,22,15,0000,District - Bastar  15,Rural,25-29,92339,45030,47309,1510,1114,396,0,0,0,277,245,32,43,33,10,51,41,10,1139,795,344
C3010,22,15,0000,District - Bastar  15,Rural,30-34,87030,42075,44955,1172,812,360,0,0,0,40,33,7,24,12,12,35,29,6,1073,738,335
C3010,22,15,0000,District - Bastar  15,Rural,35-59,276043,141359,134684,2136,1515,621,0,0,0,25,20,5,47,24,23,60,40,20,2004,1431,573
C3010,22,15,0000,District - Bastar  15,Rural,60+,67709,30673,37036,138,107,31,0,0,0,1,1,0,14,10,4,12,6,6,111,90,21
C3010,22,15,0000,District - Bastar  15,Rural,Age not stated,1022,544,478,7,4,3,0,0,0,2,1,1,1,1,0,1,0,1,3,2,1
C3010,22,15,0000,District - Bastar  15,Urban,All ages,130021,66303,63718,37027,19464,17563,32652,16972,15680,3758,2077,1681,180,109,71,126,103,23,311,203,108
C3010,22,15,0000,District - Bastar  15,Urban,0-4,11220,5738,5482,480,254,226,480,254,226,0,0,0,0,0,0,0,0,0,0,0,0
C3010,22,15,0000,District - Bastar  15,Urban,5,2728,1452,1276,863,445,418,863,445,418,0,0,0,0,0,0,0,0,0,0,0,0
C3010,22,15,0000,District - Bastar  15,Urban,6,2445,1218,1227,1365,690,675,1365,690,675,0,0,0,0,0,0,0,0,0,0,0,0
C3010,22,15,0000,District - Bastar  15,Urban,7,2472,1259,1213,2167,1118,1049,2167,1118,1049,0,0,0,0,0,0,0,0,0,0,0,0
C3010,22,15,0000,District - Bastar  15,Urban,8,3176,1594,1582,2869,1467,1402,2869,1467,1402,0,0,0,0,0,0,0,0,0,0,0,0
C3010,22,15,0000,District - Bastar  15,Urban,9,2608,1315,1293,2432,1245,1187,2432,1245,1187,0,0,0,0,0,0,0,0,0,0,0,0
C3010,22,15,0000,District - Bastar  15,Urban,10,3877,2069,1808,3500,1883,1617,3500,1883,1617,0,0,0,0,0,0,0,0,0,0,0,0
C3010,22,15,0000,District - Bastar  15,Urban,11,2523,1302,1221,2342,1217,1125,2342,1217,1125,0,0,0,0,0,0,0,0,0,0,0,0
C3010,22,15,0000,District - Bastar  15,Urban,12,3476,1780,1696,3046,1609,1437,3046,1609,1437,0,0,0,0,0,0,0,0,0,0,0,0
C3010,22,15,0000,District - Bastar  15,Urban,13,2749,1367,1382,2409,1217,1192,2409,1217,1192,0,0,0,0,0,0,0,0,0,0,0,0
C3010,22,15,0000,District - Bastar  15,Urban,14,2975,1578,1397,2466,1306,1160,2466,1306,1160,0,0,0,0,0,0,0,0,0,0,0,0
C3010,22,15,0000,District - Bastar  15,Urban,15-19,14364,7246,7118,9242,4668,4574,7926,4042,3884,1171,525,646,58,25,33,84,76,8,3,0,3
C3010,22,15,0000,District - Bastar  15,Urban,20-24,12662,6331,6331,3122,1834,1288,787,479,308,2222,1277,945,64,45,19,22,15,7,27,18,9
C3010,22,15,0000,District - Bastar  15,Urban,25-29,11767,5889,5878,404,301,103,0,0,0,299,229,70,42,31,11,10,5,5,53,36,17
C3010,22,15,0000,District - Bastar  15,Urban,30-34,10937,5517,5420,170,135,35,0,0,0,38,28,10,7,5,2,6,6,0,119,96,23
C3010,22,15,0000,District - Bastar  15,Urban,35-59,33117,17358,15759,135,69,66,0,0,0,20,14,6,7,3,4,4,1,3,104,51,53
C3010,22,15,0000,District - Bastar  15,Urban,60+,6809,3223,3586,10,2,8,0,0,0,3,0,3,2,0,2,0,0,0,5,2,3
C3010,22,15,0000,District - Bastar  15,Urban,Age not stated,116,67,49,5,4,1,0,0,0,5,4,1,0,0,0,0,0,0,0,0,0
C3010,22,16,0000,District - Dantewada*  16,Total,All ages,719487,356928,362559,103506,63461,40045,91807,55844,35963,2367,1513,854,309,231,78,167,101,66,8856,5772,3084
C3010,22,16,0000,District - Dantewada*  16,Total,0-4,88916,44015,44901,831,438,393,831,438,393,0,0,0,0,0,0,0,0,0,0,0,0
C3010,22,16,0000,District - Dantewada*  16,Total,5,21640,10782,10858,1603,901,702,1603,901,702,0,0,0,0,0,0,0,0,0,0,0,0
C3010,22,16,0000,District - Dantewada*  16,Total,6,22510,11272,11238,5168,2956,2212,5168,2956,2212,0,0,0,0,0,0,0,0,0,0,0,0
C3010,22,16,0000,District - Dantewada*  16,Total,7,18689,9576,9113,8020,4565,3455,8020,4565,3455,0,0,0,0,0,0,0,0,0,0,0,0
C3010,22,16,0000,District - Dantewada*  16,Total,8,26103,13393,12710,11795,6927,4868,11795,6927,4868,0,0,0,0,0,0,0,0,0,0,0,0
C3010,22,16,0000,District - Dantewada*  16,Total,9,17400,8921,8479,8907,5231,3676,8907,5231,3676,0,0,0,0,0,0,0,0,0,0,0,0
C3010,22,16,0000,District - Dantewada*  16,Total,10,27894,14546,13348,12156,7493,4663,12156,7493,4663,0,0,0,0,0,0,0,0,0,0,0,0
C3010,22,16,0000,District - Dantewada*  16,Total,11,10988,5751,5237,6224,3773,2451,6224,3773,2451,0,0,0,0,0,0,0,0,0,0,0,0
C3010,22,16,0000,District - Dantewada*  16,Total,12,22735,11888,10847,9422,5926,3496,9422,5926,3496,0,0,0,0,0,0,0,0,0,0,0,0
C3010,22,16,0000,District - Dantewada*  16,Total,13,12559,6365,6194,5606,3475,2131,5606,3475,2131,0,0,0,0,0,0,0,0,0,0,0,0
C3010,22,16,0000,District - Dantewada*  16,Total,14,13568,6995,6573,5368,3328,2040,5368,3328,2040,0,0,0,0,0,0,0,0,0,0,0,0
C3010,22,16,0000,District - Dantewada*  16,Total,15-19,65158,32020,33138,16650,10469,6181,15014,9561,5453,625,349,276,64,42,22,64,35,29,883,482,401
C3010,22,16,0000,District - Dantewada*  16,Total,20-24,56558,25614,30944,5157,3443,1714,1693,1270,423,1453,947,506,122,100,22,52,26,26,1837,1100,737
C3010,22,16,0000,District - Dantewada*  16,Total,25-29,60481,29683,30798,2146,1446,700,0,0,0,219,162,57,54,45,9,25,19,6,1848,1220,628
C3010,22,16,0000,District - Dantewada*  16,Total,30-34,54160,26489,27671,1615,1080,535,0,0,0,36,28,8,20,15,5,17,14,3,1542,1023,519
C3010,22,16,0000,District - Dantewada*  16,Total,35-59,169492,86897,82595,2742,1944,798,0,0,0,29,23,6,43,24,19,8,7,1,2662,1890,772
C3010,22,16,0000,District - Dantewada*  16,Total,60+,28539,11484,17055,73,46,27,0,0,0,1,0,1,5,4,1,1,0,1,66,42,24
C3010,22,16,0000,District - Dantewada*  16,Total,Age not stated,2097,1237,860,23,20,3,0,0,0,4,4,0,1,1,0,0,0,0,18,15,3
C3010,22,16,0000,District - Dantewada*  16,Rural,All ages,667475,329614,337861,88737,55596,33141,78783,48962,29821,1055,773,282,130,84,46,97,58,39,8672,5719,2953
C3010,22,16,0000,District - Dantewada*  16,Rural,0-4,84232,41656,42576,562,295,267,562,295,267,0,0,0,0,0,0,0,0,0,0,0,0
C3010,22,16,0000,District - Dantewada*  16,Rural,5,20588,10223,10365,1196,690,506,1196,690,506,0,0,0,0,0,0,0,0,0,0,0,0
C3010,22,16,0000,District - Dantewada*  16,Rural,6,21612,10809,10803,4666,2700,1966,4666,2700,1966,0,0,0,0,0,0,0,0,0,0,0,0
C3010,22,16,0000,District - Dantewada*  16,Rural,7,17695,9091,8604,7140,4137,3003,7140,4137,3003,0,0,0,0,0,0,0,0,0,0,0,0
C3010,22,16,0000,District - Dantewada*  16,Rural,8,24920,12788,12132,10749,6394,4355,10749,6394,4355,0,0,0,0,0,0,0,0,0,0,0,0
C3010,22,16,0000,District - Dantewada*  16,Rural,9,16475,8455,8020,8059,4793,3266,8059,4793,3266,0,0,0,0,0,0,0,0,0,0,0,0
C3010,22,16,0000,District - Dantewada*  16,Rural,10,26512,13838,12674,10917,6851,4066,10917,6851,4066,0,0,0,0,0,0,0,0,0,0,0,0
C3010,22,16,0000,District - Dantewada*  16,Rural,11,9991,5243,4748,5302,3294,2008,5302,3294,2008,0,0,0,0,0,0,0,0,0,0,0,0
C3010,22,16,0000,District - Dantewada*  16,Rural,12,21437,11221,10216,8250,5309,2941,8250,5309,2941,0,0,0,0,0,0,0,0,0,0,0,0
C3010,22,16,0000,District - Dantewada*  16,Rural,13,11505,5828,5677,4657,2983,1674,4657,2983,1674,0,0,0,0,0,0,0,0,0,0,0,0
C3010,22,16,0000,District - Dantewada*  16,Rural,14,12454,6439,6015,4400,2840,1560,4400,2840,1560,0,0,0,0,0,0,0,0,0,0,0,0
C3010,22,16,0000,District - Dantewada*  16,Rural,15-19,59362,28861,30501,12779,8320,4459,11596,7662,3934,253,146,107,18,12,6,39,20,19,873,480,393
C3010,22,16,0000,District - Dantewada*  16,Rural,20-24,51117,22781,28336,3785,2625,1160,1289,1014,275,630,487,143,31,18,13,27,14,13,1808,1092,716
C3010,22,16,0000,District - Dantewada*  16,Rural,25-29,55467,27004,28463,1969,1327,642,0,0,0,121,96,25,22,15,7,11,9,2,1815,1207,608
C3010,22,16,0000,District - Dantewada*  16,Rural,30-34,50238,24420,25818,1573,1063,510,0,0,0,25,22,3,17,13,4,13,10,3,1518,1018,500
C3010,22,16,0000,District - Dantewada*  16,Rural,35-59,155093,79104,75989,2643,1912,731,0,0,0,23,19,4,36,21,15,6,5,1,2578,1867,711
C3010,22,16,0000,District - Dantewada*  16,Rural,60+,26853,10740,16113,68,44,24,0,0,0,0,0,0,5,4,1,1,0,1,62,40,22
C3010,22,16,0000,District - Dantewada*  16,Rural,Age not stated,1924,1113,811,22,19,3,0,0,0,3,3,0,1,1,0,0,0,0,18,15,3
C3010,22,16,0000,District - Dantewada*  16,Urban,All ages,52012,27314,24698,14769,7865,6904,13024,6882,6142,1312,740,572,179,147,32,70,43,27,184,53,131
C3010,22,16,0000,District - Dantewada*  16,Urban,0-4,4684,2359,2325,269,143,126,269,143,126,0,0,0,0,0,0,0,0,0,0,0,0
C3010,22,16,0000,District - Dantewada*  16,Urban,5,1052,559,493,407,211,196,407,211,196,0,0,0,0,0,0,0,0,0,0,0,0
C3010,22,16,0000,District - Dantewada*  16,Urban,6,898,463,435,502,256,246,502,256,246,0,0,0,0,0,0,0,0,0,0,0,0
C3010,22,16,0000,District - Dantewada*  16,Urban,7,994,485,509,880,428,452,880,428,452,0,0,0,0,0,0,0,0,0,0,0,0
C3010,22,16,0000,District - Dantewada*  16,Urban,8,1183,605,578,1046,533,513,1046,533,513,0,0,0,0,0,0,0,0,0,0,0,0
C3010,22,16,0000,District - Dantewada*  16,Urban,9,925,466,459,848,438,410,848,438,410,0,0,0,0,0,0,0,0,0,0,0,0
C3010,22,16,0000,District - Dantewada*  16,Urban,10,1382,708,674,1239,642,597,1239,642,597,0,0,0,0,0,0,0,0,0,0,0,0
C3010,22,16,0000,District - Dantewada*  16,Urban,11,997,508,489,922,479,443,922,479,443,0,0,0,0,0,0,0,0,0,0,0,0
C3010,22,16,0000,District - Dantewada*  16,Urban,12,1298,667,631,1172,617,555,1172,617,555,0,0,0,0,0,0,0,0,0,0,0,0
C3010,22,16,0000,District - Dantewada*  16,Urban,13,1054,537,517,949,492,457,949,492,457,0,0,0,0,0,0,0,0,0,0,0,0
C3010,22,16,0000,District - Dantewada*  16,Urban,14,1114,556,558,968,488,480,968,488,480,0,0,0,0,0,0,0,0,0,0,0,0
C3010,22,16,0000,District - Dantewada*  16,Urban,15-19,5796,3159,2637,3871,2149,1722,3418,1899,1519,372,203,169,46,30,16,25,15,10,10,2,8
C3010,22,16,0000,District - Dantewada*  16,Urban,20-24,5441,2833,2608,1372,818,554,404,256,148,823,460,363,91,82,9,25,12,13,29,8,21
C3010,22,16,0000,District - Dantewada*  16,Urban,25-29,5014,2679,2335,177,119,58,0,0,0,98,66,32,32,30,2,14,10,4,33,13,20
C3010,22,16,0000,District - Dantewada*  16,Urban,30-34,3922,2069,1853,42,17,25,0,0,0,11,6,5,3,2,1,4,4,0,24,5,19
C3010,22,16,0000,District - Dantewada*  16,Urban,35-59,14399,7793,6606,99,32,67,0,0,0,6,4,2,7,3,4,2,2,0,84,23,61
C3010,22,16,0000,District - Dantewada*  16,Urban,60+,1686,744,942,5,2,3,0,0,0,1,0,1,0,0,0,0,0,0,4,2,2
C3010,22,16,0000,District - Dantewada*  16,Urban,Age not stated,173,124,49,1,1,0,0,0,0,1,1,0,0,0,0,0,0,0,0,0,0
