Table Name,State Code,District Code,Tehsil Code,Area Name,Total/ Rural/ Urban,Age-group,Total population - Persons,Total population - Males,Total population - Females,Population attending educational institutions - Persons,Population attending educational institutions - Males,Population attending educational institutions - Females,Type of educational institution - School - Persons,Type of educational institution - School - Males,Type of educational institution - School - Females,Type of educational institution - College - Persons,Type of educational institution - College - Males,Type of educational institution - College - Females,Type of educational institution - Vocational institute - Persons,Type of educational institution - Vocational institute - Males,Type of educational institution - Vocational institute - Females,Type of educational institution - Other institute - Persons,Type of educational institution - Other institute - Males,Type of educational institution - Other institute - Females,Type of educational institution - Literacy centre - Persons,Type of educational institution - Literacy centre - Males,Type of educational institution - Literacy centre - Females
C3010,24,00,0000,State - GUJARAT  24,Total,All ages,50671017,26385577,24285440,10552630,6023058,4529572,9894834,5608846,4285988,549515,334256,215259,71289,53704,17585,28405,22147,6258,8587,4105,4482
C3010,24,00,0000,State - GUJARAT  24,Total,0-4,5268670,2789888,2478782,83984,45994,37990,83984,45994,37990,0,0,0,0,0,0,0,0,0,0,0,0
C3010,24,00,0000,State - GUJARAT  24,Total,5,1210512,654970,555542,203090,114398,88692,203090,114398,88692,0,0,0,0,0,0,0,0,0,0,0,0
C3010,24,00,0000,State - GUJARAT  24,Total,6,1053222,555290,497932,514970,283150,231820,514970,283150,231820,0,0,0,0,0,0,0,0,0,0,0,0
C3010,24,00,0000,State - GUJARAT  24,Total,7,1117785,586369,531416,875099,475526,399573,875099,475526,399573,0,0,0,0,0,0,0,0,0,0,0,0
C3010,24,00,0000,State - GUJARAT  24,Total,8,1308013,690157,617856,1072747,587579,485168,1072747,587579,485168,0,0,0,0,0,0,0,0,0,0,0,0
C3010,24,00,0000,State - GUJARAT  24,Total,9,992490,523492,468998,865480,470932,394548,865480,470932,394548,0,0,0,0,0,0,0,0,0,0,0,0
C3010,24,00,0000,State - GUJARAT  24,Total,10,1422251,757412,664839,1155697,645076,510621,1155697,645076,510621,0,0,0,0,0,0,0,0,0,0,0,0
C3010,24,00,0000,State - GUJARAT  24,Total,11,925983,500096,425887,805300,451338,353962,805300,451338,353962,0,0,0,0,0,0,0,0,0,0,0,0
C3010,24,00,0000,State - GUJARAT  24,Total,12,1291981,688434,603547,993594,565695,427899,993594,565695,427899,0,0,0,0,0,0,0,0,0,0,0,0
C3010,24,00,0000,State - GUJARAT  24,Total,13,973749,512713,461036,736800,420785,316015,736800,420785,316015,0,0,0,0,0,0,0,0,0,0,0,0
C3010,24,00,0000,State - GUJARAT  24,Total,14,1059512,555767,503745,699793,408973,290820,699793,408973,290820,0,0,0,0,0,0,0,0,0,0,0,0
C3010,24,00,0000,State - GUJARAT  24,Total,15-19,5183754,2756478,2427276,2009272,1201810,807462,1763665,1055849,707816,201631,112020,89611,31971,25092,6879,11650,8668,2982,355,181,174
C3010,24,00,0000,State - GUJARAT  24,Total,20-24,4839265,2538544,2300721,458665,296903,161762,124615,83551,41064,312450,196874,115576,16023,12357,3666,4459,3623,836,1118,498,620
C3010,24,00,0000,State - GUJARAT  24,Total,25-29,4224871,2182059,2042812,38557,28129,10428,0,0,0,25537,18715,6822,8570,6386,2184,3072,2385,687,1378,643,735
C3010,24,00,0000,State - GUJARAT  24,Total,30-34,3985565,2027533,1958032,11753,7886,3867,0,0,0,4314,2915,1399,3888,2643,1245,2126,1680,446,1425,648,777
C3010,24,00,0000,State - GUJARAT  24,Total,35-59,12267094,6411161,5855933,24405,16788,7617,0,0,0,4554,3088,1466,9818,6669,3149,6381,5248,1133,3652,1783,1869
C3010,24,00,0000,State - GUJARAT  24,Total,60+,3499063,1628474,1870589,2667,1675,992,0,0,0,693,461,232,723,420,303,605,451,154,646,343,303
C3010,24,00,0000,State - GUJARAT  24,Total,Age not stated,47237,26740,20497,757,421,336,0,0,0,336,183,153,296,137,159,112,92,20,13,9,4
C3010,24,00,0000,State - GUJARAT  24,Rural,All ages,31740767,16317771,15422996,6195212,3599363,2595849,5953105,3432452,2520653,186870,125480,61390,32898,26535,6363,15231,11596,3635,7108,3300,3808
C3010,24,00,0000,State - GUJARAT  24,Rural,0-4,3576413,1871793,1704620,28557,15308,13249,28557,15308,13249,0,0,0,0,0,0,0,0,0,0,0,0
C3010,24,00,0000,State - GUJARAT  24,Rural,5,795670,424574,371096,111905,62825,49080,111905,62825,49080,0,0,0,0,0,0,0,0,0,0,0,0
C3010,24,00,0000,State - GUJARAT  24,Rural,6,713858,372160,341698,347828,191619,156209,347828,191619,156209,0,0,0,0,0,0,0,0,0,0,0,0
C3010,24,00,0000,State - GUJARAT  24,Rural,7,733677,381294,352383,557771,303056,254715,557771,303056,254715,0,0,0,0,0,0,0,0,0,0,0,0
C3010,24,00,0000,State - GUJARAT  24,Rural,8,874011,455600,418411,696913,381216,315697,696913,381216,315697,0,0,0,0,0,0,0,0,0,0,0,0
C3010,24,00,0000,State - GUJARAT  24,Rural,9,674040,353852,320188,577430,315476,261954,577430,315476,261954,0,0,0,0,0,0,0,0,0,0,0,0
C3010,24,00,0000,State - GUJARAT  24,Rural,10,920940,485960,434980,719921,405045,314876,719921,405045,314876,0,0,0,0,0,0,0,0,0,0,0,0
C3010,24,00,0000,State - GUJARAT  24,Rural,11,591646,320175,271471,501706,285842,215864,501706,285842,215864,0,0,0,0,0,0,0,0,0,0,0,0
C3010,24,00,0000,State - GUJARAT  24,Rural,12,828174,437621,390553,602738,349257,253481,602738,349257,253481,0,0,0,0,0,0,0,0,0,0,0,0
C3010,24,00,0000,State - GUJARAT  24,Rural,13,614042,324779,289263,435700,258276,177424,435700,258276,177424,0,0,0,0,0,0,0,0,0,0,0,0
C3010,24,00,0000,State - GUJARAT  24,Rural,14,668978,350711,318267,402627,245988,156639,402627,245988,156639,0,0,0,0,0,0,0,0,0,0,0,0
C3010,24,00,0000,State - GUJARAT  24,Rural,15-19,3152829,1644102,1508727,1000599,636015,364584,906832,573622,333210,69798,43116,26682,15488,13162,2326,8199,5981,2218,282,134,148
C3010,24,00,0000,State - GUJARAT  24,Rural,20-24,2871801,1470791,1401010,178078,125281,52797,63177,44922,18255,104645,72280,32365,6947,5712,1235,2366,1963,403,943,404,539
C3010,24,00,0000,State - GUJARAT  24,Rural,25-29,2511297,1287160,1224137,15434,11978,3456,0,0,0,9341,7617,1724,3719,2905,814,1205,928,277,1169,528,641
C3010,24,00,0000,State - GUJARAT  24,Rural,30-34,2406237,1204983,1201254,5496,3748,1748,0,0,0,1569,1246,323,1826,1295,531,885,667,218,1216,540,676
C3010,24,00,0000,State - GUJARAT  24,Rural,35-59,7463028,3845325,3617703,11004,7507,3497,0,0,0,1286,1056,230,4440,3179,1261,2282,1848,434,2996,1424,1572
C3010,24,00,0000,State - GUJARAT  24,Rural,60+,2318951,1072260,1246691,1179,690,489,0,0,0,143,104,39,325,177,148,217,143,74,494,266,228
C3010,24,00,0000,State - GUJARAT  24,Rural,Age not stated,25175,14631,10544,326,236,90,0,0,0,88,61,27,153,105,48,77,66,11,8,4,4
C3010,24,00,0000,State - GUJARAT  24,Urban,All ages,18930250,10067806,8862444,4357418,2423695,1933723,3941729,2176394,1765335,362645,208776,153869,38391,27169,11222,13174,10551,2623,1479,805,674
C3010,24,00,0000,State - GUJARAT  24,Urban,0-4,1692257,918095,774162,55427,30686,24741,55427,30686,24741,0,0,0,0,0,0,0,0,0,0,0,0
C3010,24,00,0000,State - GUJARAT  24,Urban,5,414842,230396,184446,91185,51573,39612,91185,51573,39612,0,0,0,0,0,0,0,0,0,0,0,0
C3010,24,00,0000,State - GUJARAT  24,Urban,6,339364,183130,156234,167142,91531,75611,167142,91531,75611,0,0,0,0,0,0,0,0,0,0,0,0
C3010,24,00,0000,State - GUJARAT  24,Urban,7,384108,205075,179033,317328,172470,144858,317328,172470,144858,0,0,0,0,0,0,0,0,0,0,0,0
C3010,24,00,0000,State - GUJARAT  24,Urban,8,434002,234557,199445,375834,206363,169471,375834,206363,169471,0,0,0,0,0,0,0,0,0,0,0,0
C3010,24,00,0000,State - GUJARAT  24,Urban,9,318450,169640,148810,288050,155456,132594,288050,155456,132594,0,0,0,0,0,0,0,0,0,0,0,0
C3010,24,00,0000,State - GUJARAT  24,Urban,10,501311,271452,229859,435776,240031,195745,435776,240031,195745,0,0,0,0,0,0,0,0,0,0,0,0
C3010,24,00,0000,State - GUJARAT  24,Urban,11,334337,179921,154416,303594,165496,138098,303594,165496,138098,0,0,0,0,0,0,0,0,0,0,0,0
C3010,24,00,0000,State - GUJARAT  24,Urban,12,463807,250813,212994,390856,216438,174418,390856,216438,174418,0,0,0,0,0,0,0,0,0,0,0,0
C3010,24,00,0000,State - GUJARAT  24,Urban,13,359707,187934,171773,301100,162509,138591,301100,162509,138591,0,0,0,0,0,0,0,0,0,0,0,0
C3010,24,00,0000,State - GUJARAT  24,Urban,14,390534,205056,185478,297166,162985,134181,297166,162985,134181,0,0,0,0,0,0,0,0,0,0,0,0
C3010,24,00,0000,State - GUJARAT  24,Urban,15-19,2030925,1112376,918549,1008673,565795,442878,856833,482227,374606,131833,68904,62929,16483,11930,4553,3451,2687,764,73,47,26
C3010,24,00,0000,State - GUJARAT  24,Urban,20-24,1967464,1067753,899711,280587,171622,108965,61438,38629,22809,207805,124594,83211,9076,6645,2431,2093,1660,433,175,94,81
C3010,24,00,0000,State - GUJARAT  24,Urban,25-29,1713574,894899,818675,23123,16151,6972,0,0,0,16196,11098,5098,4851,3481,1370,1867,1457,410,209,115,94
C3010,24,00,0000,State - GUJARAT  24,Urban,30-34,1579328,822550,756778,6257,4138,2119,0,0,0,2745,1669,1076,2062,1348,714,1241,1013,228,209,108,101
C3010,24,00,0000,State - GUJARAT  24,Urban,35-59,4804066,2565836,2238230,13401,9281,4120,0,0,0,3268,2032,1236,5378,3490,1888,4099,3400,699,656,359,297
C3010,24,00,0000,State - GUJARAT  24,Urban,60+,1180112,556214,623898,1488,985,503,0,0,0,550,357,193,398,243,155,388,308,80,152,77,75
C3010,24,00,0000,State - GUJARAT  24,Urban,Age not stated,22062,12109,9953,431,185,246,0,0,0,248,122,126,143,32,111,35,26,9,5,5,0
C3010,24,01,0000,District - Kachchh  01,Total,All ages,1583225,815152,768073,290968,168824,122144,280774,162552,118222,8585,5171,3414,967,686,281,535,388,147,107,27,80
C3010,24,01,0000,District - Kachchh  01,Total,0-4,176916,91614,85302,2622,1400,1222,2622,1400,1222,0,0,0,0,0,0,0,0,0,0,0,0
C3010,24,01,0000,District - Kachchh  01,Total,5,40640,21728,18912,5656,3197,2459,5656,3197,2459,0,0,0,0,0,0,0,0,0,0,0,0
C3010,24,01,0000,District - Kachchh  01,Total,6,36892,19069,17823,15138,8237,6901,15138,8237,6901,0,0,0,0,0,0,0,0,0,0,0,0
C3010,24,01,0000,District - Kachchh  01,Total,7,35880,18677,17203,25024,13704,11320,25024,13704,11320,0,0,0,0,0,0,0,0,0,0,0,0
C3010,24,01,0000,District - Kachchh  01,Total,8,45135,23646,21489,32728,18150,14578,32728,18150,14578,0,0,0,0,0,0,0,0,0,0,0,0
C3010,24,01,0000,District - Kachchh  01,Total,9,31357,16405,14952,25241,13828,11413,25241,13828,11413,0,0,0,0,0,0,0,0,0,0,0,0
C3010,24,01,0000,District - Kachchh  01,Total,10,48889,25908,22981,35937,20369,15568,35937,20369,15568,0,0,0,0,0,0,0,0,0,0,0,0
C3010,24,01,0000,District - Kachchh  01,Total,11,30624,16403,14221,24849,14078,10771,24849,14078,10771,0,0,0,0,0,0,0,0,0,0,0,0
C3010,24,01,0000,District - Kachchh  01,Total,12,44908,23740,21168,31335,18265,13070,31335,18265,13070,0,0,0,0,0,0,0,0,0,0,0,0
C3010,24,01,0000,District - Kachchh  01,Total,13,31575,16426,15149,20758,12356,8402,20758,12356,8402,0,0,0,0,0,0,0,0,0,0,0,0
C3010,24,01,0000,District - Kachchh  01,Total,14,35135,18238,16897,18832,11782,7050,18832,11782,7050,0,0,0,0,0,0,0,0,0,0,0,0
C3010,24,01,0000,District - Kachchh  01,Total,15-19,169173,88283,80890,44834,28276,16558,40371,25665,14706,3760,2093,1667,433,331,102,262,184,78,8,3,5
C3010,24,01,0000,District - Kachchh  01,Total,20-24,146169,76766,69403,6958,4498,2460,2283,1521,762,4389,2770,1619,162,115,47,110,90,20,14,2,12
C3010,24,01,0000,District - Kachchh  01,Total,25-29,121760,62228,59532,504,337,167,0,0,0,286,200,86,136,89,47,66,47,19,16,1,15
C3010,24,01,0000,District - Kachchh  01,Total,30-34,116290,58985,57305,190,118,72,0,0,0,55,41,14,80,47,33,38,28,10,17,2,15
C3010,24,01,0000,District - Kachchh  01,Total,35-59,358129,186106,172023,294,186,108,0,0,0,74,50,24,134,93,41,44,27,17,42,16,26
C3010,24,01,0000,District - Kachchh  01,Total,60+,112625,50262,62363,60,37,23,0,0,0,18,14,4,18,9,9,14,11,3,10,3,7
C3010,24,01,0000,District - Kachchh  01,Total,Age not stated,1128,668,460,8,6,2,0,0,0,3,3,0,4,2,2,1,1,0,0,0,0
C3010,24,01,0000,District - Kachchh  01,Rural,All ages,1108333,567470,540863,190316,113157,77159,187219,110952,76267,2270,1642,628,458,341,117,292,207,85,77,15,62
C3010,24,01,0000,District - Kachchh  01,Rural,0-4,132225,68355,63870,1339,738,601,1339,738,601,0,0,0,0,0,0,0,0,0,0,0,0
C3010,24,01,0000,District - Kachchh  01,Rural,5,29759,15835,13924,3699,2078,1621,3699,2078,1621,0,0,0,0,0,0,0,0,0,0,0,0
C3010,24,01,0000,District - Kachchh  01,Rural,6,27370,14074,13296,10993,6000,4993,10993,6000,4993,0,0,0,0,0,0,0,0,0,0,0,0
C3010,24,01,0000,District - Kachchh  01,Rural,7,26100,13545,12555,17778,9775,8003,17778,9775,8003,0,0,0,0,0,0,0,0,0,0,0,0
C3010,24,01,0000,District - Kachchh  01,Rural,8,33354,17422,15932,23739,13256,10483,23739,13256,10483,0,0,0,0,0,0,0,0,0,0,0,0
C3010,24,01,0000,District - Kachchh  01,Rural,9,23196,12115,11081,18505,10203,8302,18505,10203,8302,0,0,0,0,0,0,0,0,0,0,0,0
C3010,24,01,0000,District - Kachchh  01,Rural,10,35372,18643,16729,25326,14452,10874,25326,14452,10874,0,0,0,0,0,0,0,0,0,0,0,0
C3010,24,01,0000,District - Kachchh  01,Rural,11,21791,11737,10054,17359,9997,7362,17359,9997,7362,0,0,0,0,0,0,0,0,0,0,0,0
C3010,24,01,0000,District - Kachchh  01,Rural,12,31975,16889,15086,21473,12738,8735,21473,12738,8735,0,0,0,0,0,0,0,0,0,0,0,0
C3010,24,01,0000,District - Kachchh  01,Rural,13,22112,11627,10485,13682,8543,5139,13682,8543,5139,0,0,0,0,0,0,0,0,0,0,0,0
C3010,24,01,0000,District - Kachchh  01,Rural,14,24795,12924,11871,11791,7885,3906,11791,7885,3906,0,0,0,0,0,0,0,0,0,0,0,0
C3010,24,01,0000,District - Kachchh  01,Rural,15-19,117391,60937,56454,22109,15654,6455,20663,14640,6023,1079,742,337,177,138,39,184,132,52,6,2,4
C3010,24,01,0000,District - Kachchh  01,Rural,20-24,99939,52388,47551,2066,1541,525,872,647,225,1088,817,271,60,47,13,38,29,9,8,1,7
C3010,24,01,0000,District - Kachchh  01,Rural,25-29,81614,41663,39951,188,133,55,0,0,0,73,61,12,83,58,25,22,14,8,10,0,10
C3010,24,01,0000,District - Kachchh  01,Rural,30-34,78026,39195,38831,103,63,40,0,0,0,17,14,3,54,36,18,16,12,4,16,1,15
C3010,24,01,0000,District - Kachchh  01,Rural,35-59,239649,122838,116811,137,84,53,0,0,0,11,6,5,70,54,16,26,15,11,30,9,21
C3010,24,01,0000,District - Kachchh  01,Rural,60+,82984,36862,46122,24,13,11,0,0,0,1,1,0,11,6,5,5,4,1,7,2,5
C3010,24,01,0000,District - Kachchh  01,Rural,Age not stated,681,421,260,5,4,1,0,0,0,1,1,0,3,2,1,1,1,0,0,0,0
C3010,24,01,0000,District - Kachchh  01,Urban,All ages,474892,247682,227210,100652,55667,44985,93555,51600,41955,6315,3529,2786,509,345,164,243,181,62,30,12,18
C3010,24,01,0000,District - Kachchh  01,Urban,0-4,44691,23259,21432,1283,662,621,1283,662,621,0,0,0,0,0,0,0,0,0,0,0,0
C3010,24,01,0000,District - Kachchh  01,Urban,5,10881,5893,4988,1957,1119,838,1957,1119,838,0,0,0,0,0,0,0,0,0,0,0,0
C3010,24,01,0000,District - Kachchh  01,Urban,6,9522,4995,4527,4145,2237,1908,4145,2237,1908,0,0,0,0,0,0,0,0,0,0,0,0
C3010,24,01,0000,District - Kachchh  01,Urban,7,9780,5132,4648,7246,3929,3317,7246,3929,3317,0,0,0,0,0,0,0,0,0,0,0,0
C3010,24,01,0000,District - Kachchh  01,Urban,8,11781,6224,5557,8989,4894,4095,8989,4894,4095,0,0,0,0,0,0,0,0,0,0,0,0
C3010,24,01,0000,District - Kachchh  01,Urban,9,8161,4290,3871,6736,3625,3111,6736,3625,3111,0,0,0,0,0,0,0,0,0,0,0,0
C3010,24,01,0000,District - Kachchh  01,Urban,10,13517,7265,6252,10611,5917,4694,10611,5917,4694,0,0,0,0,0,0,0,0,0,0,0,0
C3010,24,01,0000,District - Kachchh  01,Urban,11,8833,4666,4167,7490,4081,3409,7490,4081,3409,0,0,0,0,0,0,0,0,0,0,0,0
C3010,24,01,0000,District - Kachchh  01,Urban,12,12933,6851,6082,9862,5527,4335,9862,5527,4335,0,0,0,0,0,0,0,0,0,0,0,0
C3010,24,01,0000,District - Kachchh  01,Urban,13,9463,4799,4664,7076,3813,3263,7076,3813,3263,0,0,0,0,0,0,0,0,0,0,0,0
C3010,24,01,0000,District - Kachchh  01,Urban,14,10340,5314,5026,7041,3897,3144,7041,3897,3144,0,0,0,0,0,0,0,0,0,0,0,0
C3010,24,01,0000,District - Kachchh  01,Urban,15-19,51782,27346,24436,22725,12622,10103,19708,11025,8683,2681,1351,1330,256,193,63,78,52,26,2,1,1
C3010,24,01,0000,District - Kachchh  01,Urban,20-24,46230,24378,21852,4892,2957,1935,1411,874,537,3301,1953,1348,102,68,34,72,61,11,6,1,5
C3010,24,01,0000,District - Kachchh  01,Urban,25-29,40146,20565,19581,316,204,112,0,0,0,213,139,74,53,31,22,44,33,11,6,1,5
C3010,24,01,0000,District - Kachchh  01,Urban,30-34,38264,19790,18474,87,55,32,0,0,0,38,27,11,26,11,15,22,16,6,1,1,0
C3010,24,01,0000,District - Kachchh  01,Urban,35-59,118480,63268,55212,157,102,55,0,0,0,63,44,19,64,39,25,18,12,6,12,7,5
C3010,24,01,0000,District - Kachchh  01,Urban,60+,29641,13400,16241,36,24,12,0,0,0,17,13,4,7,3,4,9,7,2,3,1,2
C3010,24,01,0000,District - Kachchh  01,Urban,Age not stated,447,247,200,3,2,1,0,0,0,2,2,0,1,0,1,0,0,0,0,0,0
C3010,24,02,0000,District - Banas Kantha  02,Total,All ages,2504244,1297404,1206840,466333,297257,169076,451377,285675,165702,11728,8857,2871,1825,1449,376,1279,1190,89,124,86,38
C3010,24,02,0000,District - Banas Kantha  02,Total,0-4,326948,170610,156338,1238,714,524,1238,714,524,0,0,0,0,0,0,0,0,0,0,0,0
C3010,24,02,0000,District - Banas Kantha  02,Total,5,73047,39470,33577,6657,3972,2685,6657,3972,2685,0,0,0,0,0,0,0,0,0,0,0,0
C3010,24,02,0000,District - Banas Kantha  02,Total,6,68399,35574,32825,24888,14366,10522,24888,14366,10522,0,0,0,0,0,0,0,0,0,0,0,0
C3010,24,02,0000,District - Banas Kantha  02,Total,7,64479,33743,30736,42523,24473,18050,42523,24473,18050,0,0,0,0,0,0,0,0,0,0,0,0
C3010,24,02,0000,District - Banas Kantha  02,Total,8,84293,44470,39823,60137,35129,25008,60137,35129,25008,0,0,0,0,0,0,0,0,0,0,0,0
C3010,24,02,0000,District - Banas Kantha  02,Total,9,57899,31031,26868,46100,26968,19132,46100,26968,19132,0,0,0,0,0,0,0,0,0,0,0,0
C3010,24,02,0000,District - Banas Kantha  02,Total,10,89027,47307,41720,63481,38297,25184,63481,38297,25184,0,0,0,0,0,0,0,0,0,0,0,0
C3010,24,02,0000,District - Banas Kantha  02,Total,11,48385,26758,21627,37614,23405,14209,37614,23405,14209,0,0,0,0,0,0,0,0,0,0,0,0
C3010,24,02,0000,District - Banas Kantha  02,Total,12,76560,40870,35690,48825,31415,17410,48825,31415,17410,0,0,0,0,0,0,0,0,0,0,0,0
C3010,24,02,0000,District - Banas Kantha  02,Total,13,50702,27157,23545,30668,20714,9954,30668,20714,9954,0,0,0,0,0,0,0,0,0,0,0,0
C3010,24,02,0000,District - Banas Kantha  02,Total,14,56111,30086,26025,27460,19700,7760,27460,19700,7760,0,0,0,0,0,0,0,0,0,0,0,0
C3010,24,02,0000,District - Banas Kantha  02,Total,15-19,249126,133505,115621,63530,47693,15837,57885,43487,14398,4053,2808,1245,772,607,165,813,788,25,7,3,4
C3010,24,02,0000,District - Banas Kantha  02,Total,20-24,224028,113626,110402,11448,8981,2467,3901,3035,866,6861,5356,1505,445,376,69,229,206,23,12,8,4
C3010,24,02,0000,District - Banas Kantha  02,Total,25-29,194063,99340,94723,942,803,139,0,0,0,624,544,80,239,195,44,58,48,10,21,16,5
C3010,24,02,0000,District - Banas Kantha  02,Total,30-34,179515,90383,89132,273,208,65,0,0,0,92,72,20,109,80,29,56,44,12,16,12,4
C3010,24,02,0000,District - Banas Kantha  02,Total,35-59,518731,268015,250716,484,376,108,0,0,0,88,70,18,238,181,57,106,92,14,52,33,19
C3010,24,02,0000,District - Banas Kantha  02,Total,60+,141890,64834,77056,58,39,19,0,0,0,6,5,1,21,9,12,15,11,4,16,14,2
C3010,24,02,0000,District - Banas Kantha  02,Total,Age not stated,1041,625,416,7,4,3,0,0,0,4,2,2,1,1,0,2,1,1,0,0,0
C3010,24,02,0000,District - Banas Kantha  02,Rural,All ages,2228743,1152573,1076170,400076,258608,141468,390096,250319,139777,7450,6115,1335,1255,1003,252,1161,1089,72,114,82,32
C3010,24,02,0000,District - Banas Kantha  02,Rural,0-4,297770,154724,143046,855,496,359,855,496,359,0,0,0,0,0,0,0,0,0,0,0,0
C3010,24,02,0000,District - Banas Kantha  02,Rural,5,66132,35504,30628,5851,3485,2366,5851,3485,2366,0,0,0,0,0,0,0,0,0,0,0,0
C3010,24,02,0000,District - Banas Kantha  02,Rural,6,62782,32484,30298,22549,13009,9540,22549,13009,9540,0,0,0,0,0,0,0,0,0,0,0,0
C3010,24,02,0000,District - Banas Kantha  02,Rural,7,58041,30231,27810,37610,21700,15910,37610,21700,15910,0,0,0,0,0,0,0,0,0,0,0,0
C3010,24,02,0000,District - Banas Kantha  02,Rural,8,76568,40222,36346,53777,31493,22284,53777,31493,22284,0,0,0,0,0,0,0,0,0,0,0,0
C3010,24,02,0000,District - Banas Kantha  02,Rural,9,52570,28130,24440,41361,24323,17038,41361,24323,17038,0,0,0,0,0,0,0,0,0,0,0,0
C3010,24,02,0000,District - Banas Kantha  02,Rural,10,80289,42634,37655,56258,34297,21961,56258,34297,21961,0,0,0,0,0,0,0,0,0,0,0,0
C3010,24,02,0000,District - Banas Kantha  02,Rural,11,42754,23692,19062,32611,20584,12027,32611,20584,12027,0,0,0,0,0,0,0,0,0,0,0,0
C3010,24,02,0000,District - Banas Kantha  02,Rural,12,68249,36350,31899,42284,27682,14602,42284,27682,14602,0,0,0,0,0,0,0,0,0,0,0,0
C3010,24,02,0000,District - Banas Kantha  02,Rural,13,44663,23943,20720,25865,17959,7906,25865,17959,7906,0,0,0,0,0,0,0,0,0,0,0,0
C3010,24,02,0000,District - Banas Kantha  02,Rural,14,49780,26637,23143,22954,17030,5924,22954,17030,5924,0,0,0,0,0,0,0,0,0,0,0,0
C3010,24,02,0000,District - Banas Kantha  02,Rural,15-19,218168,116779,101389,48952,38875,10077,45096,35781,9315,2534,1922,612,534,408,126,782,762,20,6,2,4
C3010,24,02,0000,District - Banas Kantha  02,Rural,20-24,197219,99785,97434,7909,6620,1289,3025,2480,545,4382,3702,680,279,239,40,211,191,20,12,8,4
C3010,24,02,0000,District - Banas Kantha  02,Rural,25-29,171900,88280,83620,694,616,78,0,0,0,447,411,36,181,153,28,47,37,10,19,15,4
C3010,24,02,0000,District - Banas Kantha  02,Rural,30-34,158458,79850,78608,200,163,37,0,0,0,54,50,4,86,65,21,45,36,9,15,12,3
C3010,24,02,0000,District - Banas Kantha  02,Rural,35-59,455000,234530,220470,295,243,52,0,0,0,28,27,1,160,132,28,61,53,8,46,31,15
C3010,24,02,0000,District - Banas Kantha  02,Rural,60+,127474,58244,69230,45,29,16,0,0,0,2,1,1,14,5,9,13,9,4,16,14,2
C3010,24,02,0000,District - Banas Kantha  02,Rural,Age not stated,926,554,372,6,4,2,0,0,0,3,2,1,1,1,0,2,1,1,0,0,0
C3010,24,02,0000,District - Banas Kantha  02,Urban,All ages,275501,144831,130670,66257,38649,27608,61281,35356,25925,4278,2742,1536,570,446,124,118,101,17,10,4,6
C3010,24,02,0000,District - Banas Kantha  02,Urban,0-4,29178,15886,13292,383,218,165,383,218,165,0,0,0,0,0,0,0,0,0,0,0,0
C3010,24,02,0000,District - Banas Kantha  02,Urban,5,6915,3966,2949,806,487,319,806,487,319,0,0,0,0,0,0,0,0,0,0,0,0
C3010,24,02,0000,District - Banas Kantha  02,Urban,6,5617,3090,2527,2339,1357,982,2339,1357,982,0,0,0,0,0,0,0,0,0,0,0,0
C3010,24,02,0000,District - Banas Kantha  02,Urban,7,6438,3512,2926,4913,2773,2140,4913,2773,2140,0,0,0,0,0,0,0,0,0,0,0,0
C3010,24,02,0000,District - Banas Kantha  02,Urban,8,7725,4248,3477,6360,3636,2724,6360,3636,2724,0,0,0,0,0,0,0,0,0,0,0,0
C3010,24,02,0000,District - Banas Kantha  02,Urban,9,5329,2901,2428,4739,2645,2094,4739,2645,2094,0,0,0,0,0,0,0,0,0,0,0,0
C3010,24,02,0000,District - Banas Kantha  02,Urban,10,8738,4673,4065,7223,4000,3223,7223,4000,3223,0,0,0,0,0,0,0,0,0,0,0,0
C3010,24,02,0000,District - Banas Kantha  02,Urban,11,5631,3066,2565,5003,2821,2182,5003,2821,2182,0,0,0,0,0,0,0,0,0,0,0,0
C3010,24,02,0000,District - Banas Kantha  02,Urban,12,8311,4520,3791,6541,3733,2808,6541,3733,2808,0,0,0,0,0,0,0,0,0,0,0,0
C3010,24,02,0000,District - Banas Kantha  02,Urban,13,6039,3214,2825,4803,2755,2048,4803,2755,2048,0,0,0,0,0,0,0,0,0,0,0,0
C3010,24,02,0000,District - Banas Kantha  02,Urban,14,6331,3449,2882,4506,2670,1836,4506,2670,1836,0,0,0,0,0,0,0,0,0,0,0,0
C3010,24,02,0000,District - Banas Kantha  02,Urban,15-19,30958,16726,14232,14578,8818,5760,12789,7706,5083,1519,886,633,238,199,39,31,26,5,1,1,0
C3010,24,02,0000,District - Banas Kantha  02,Urban,20-24,26809,13841,12968,3539,2361,1178,876,555,321,2479,1654,825,166,137,29,18,15,3,0,0,0
C3010,24,02,0000,District - Banas Kantha  02,Urban,25-29,22163,11060,11103,248,187,61,0,0,0,177,133,44,58,42,16,11,11,0,2,1,1
C3010,24,02,0000,District - Banas Kantha  02,Urban,30-34,21057,10533,10524,73,45,28,0,0,0,38,22,16,23,15,8,11,8,3,1,0,1
C3010,24,02,0000,District - Banas Kantha  02,Urban,35-59,63731,33485,30246,189,133,56,0,0,0,60,43,17,78,49,29,45,39,6,6,2,4
C3010,24,02,0000,District - Banas Kantha  02,Urban,60+,14416,6590,7826,13,10,3,0,0,0,4,4,0,7,4,3,2,2,0,0,0,0
C3010,24,02,0000,District - Banas Kantha  02,Urban,Age not stated,115,71,44,1,0,1,0,0,0,1,0,1,0,0,0,0,0,0,0,0,0
C3010,24,03,0000,District - Patan  *  03,Total,All ages,1182709,612100,570609,230268,140713,89555,218173,132251,85922,9721,6490,3231,1215,924,291,1135,1035,100,24,13,11
C3010,24,03,0000,District - Patan  *  03,Total,0-4,132514,70823,61691,1094,605,489,1094,605,489,0,0,0,0,0,0,0,0,0,0,0,0
C3010,24,03,0000,District - Patan  *  03,Total,5,30436,16694,13742,3241,1910,1331,3241,1910,1331,0,0,0,0,0,0,0,0,0,0,0,0
C3010,24,03,0000,District - Patan  *  03,Total,6,27242,14451,12791,11692,6765,4927,11692,6765,4927,0,0,0,0,0,0,0,0,0,0,0,0
C3010,24,03,0000,District - Patan  *  03,Total,7,26461,14124,12337,18711,10724,7987,18711,10724,7987,0,0,0,0,0,0,0,0,0,0,0,0
C3010,24,03,0000,District - Patan  *  03,Total,8,32392,17355,15037,24931,14379,10552,24931,14379,10552,0,0,0,0,0,0,0,0,0,0,0,0
C3010,24,03,0000,District - Patan  *  03,Total,9,23582,12642,10940,19971,11360,8611,19971,11360,8611,0,0,0,0,0,0,0,0,0,0,0,0
C3010,24,03,0000,District - Patan  *  03,Total,10,35763,19200,16563,27582,16204,11378,27582,16204,11378,0,0,0,0,0,0,0,0,0,0,0,0
C3010,24,03,0000,District - Patan  *  03,Total,11,21473,11875,9598,18059,10667,7392,18059,10667,7392,0,0,0,0,0,0,0,0,0,0,0,0
C3010,24,03,0000,District - Patan  *  03,Total,12,31058,16686,14372,22301,13467,8834,22301,13467,8834,0,0,0,0,0,0,0,0,0,0,0,0
C3010,24,03,0000,District - Patan  *  03,Total,13,22782,12494,10288,15769,9932,5837,15769,9932,5837,0,0,0,0,0,0,0,0,0,0,0,0
C3010,24,03,0000,District - Patan  *  03,Total,14,25138,13594,11544,14983,9655,5328,14983,9655,5328,0,0,0,0,0,0,0,0,0,0,0,0
C3010,24,03,0000,District - Patan  *  03,Total,15-19,125079,66360,58719,42015,28109,13906,37216,24741,12475,3372,2091,1281,602,495,107,824,781,43,1,1,0
C3010,24,03,0000,District - Patan  *  03,Total,20-24,112890,56724,56166,8839,6121,2718,2623,1842,781,5746,3914,1832,275,195,80,191,168,23,4,2,2
C3010,24,03,0000,District - Patan  *  03,Total,25-29,91521,46566,44955,649,510,139,0,0,0,482,384,98,128,96,32,37,30,7,2,0,2
C3010,24,03,0000,District - Patan  *  03,Total,30-34,86895,43391,43504,141,102,39,0,0,0,64,51,13,50,36,14,23,13,10,4,2,2
C3010,24,03,0000,District - Patan  *  03,Total,35-59,270562,138881,131681,259,181,78,0,0,0,47,42,5,148,94,54,55,40,15,9,5,4
C3010,24,03,0000,District - Patan  *  03,Total,60+,86256,39822,46434,30,22,8,0,0,0,9,8,1,12,8,4,5,3,2,4,3,1
C3010,24,03,0000,District - Patan  *  03,Total,Age not stated,665,418,247,1,0,1,0,0,0,1,0,1,0,0,0,0,0,0,0,0,0
C3010,24,03,0000,District - Patan  *  03,Rural,All ages,944281,487266,457015,173822,107900,65922,167577,103156,64421,4792,3525,1267,725,578,147,708,629,79,20,12,8
C3010,24,03,0000,District - Patan  *  03,Rural,0-4,111284,59032,52252,734,393,341,734,393,341,0,0,0,0,0,0,0,0,0,0,0,0
C3010,24,03,0000,District - Patan  *  03,Rural,5,25310,13747,11563,2402,1410,992,2402,1410,992,0,0,0,0,0,0,0,0,0,0,0,0
C3010,24,03,0000,District - Patan  *  03,Rural,6,22901,12068,10833,9675,5601,4074,9675,5601,4074,0,0,0,0,0,0,0,0,0,0,0,0
C3010,24,03,0000,District - Patan  *  03,Rural,7,21754,11535,10219,14946,8579,6367,14946,8579,6367,0,0,0,0,0,0,0,0,0,0,0,0
C3010,24,03,0000,District - Patan  *  03,Rural,8,26852,14339,12513,20423,11794,8629,20423,11794,8629,0,0,0,0,0,0,0,0,0,0,0,0
C3010,24,03,0000,District - Patan  *  03,Rural,9,19589,10530,9059,16407,9413,6994,16407,9413,6994,0,0,0,0,0,0,0,0,0,0,0,0
C3010,24,03,0000,District - Patan  *  03,Rural,10,29136,15585,13551,22069,13081,8988,22069,13081,8988,0,0,0,0,0,0,0,0,0,0,0,0
C3010,24,03,0000,District - Patan  *  03,Rural,11,17095,9476,7619,14062,8427,5635,14062,8427,5635,0,0,0,0,0,0,0,0,0,0,0,0
C3010,24,03,0000,District - Patan  *  03,Rural,12,24693,13129,11564,17048,10384,6664,17048,10384,6664,0,0,0,0,0,0,0,0,0,0,0,0
C3010,24,03,0000,District - Patan  *  03,Rural,13,17959,9835,8124,11782,7624,4158,11782,7624,4158,0,0,0,0,0,0,0,0,0,0,0,0
C3010,24,03,0000,District - Patan  *  03,Rural,14,19726,10666,9060,10870,7257,3613,10870,7257,3613,0,0,0,0,0,0,0,0,0,0,0,0
C3010,24,03,0000,District - Patan  *  03,Rural,15-19,98040,51708,46332,28038,19903,8135,25396,17877,7519,1731,1204,527,377,324,53,533,497,36,1,1,0
C3010,24,03,0000,District - Patan  *  03,Rural,20-24,89006,44270,44736,4807,3610,1197,1763,1316,447,2787,2093,694,149,116,33,105,84,21,3,1,2
C3010,24,03,0000,District - Patan  *  03,Rural,25-29,72701,36989,35712,316,251,65,0,0,0,218,178,40,76,57,19,22,16,6,0,0,0
C3010,24,03,0000,District - Patan  *  03,Rural,30-34,68932,34445,34487,79,60,19,0,0,0,31,28,3,30,22,8,15,8,7,3,2,1
C3010,24,03,0000,District - Patan  *  03,Rural,35-59,210375,107842,102533,148,102,46,0,0,0,22,20,2,87,55,32,30,22,8,9,5,4
C3010,24,03,0000,District - Patan  *  03,Rural,60+,68394,31736,36658,16,11,5,0,0,0,3,2,1,6,4,2,3,2,1,4,3,1
C3010,24,03,0000,District - Patan  *  03,Rural,Age not stated,534,334,200,0,0,0,0,0,0,0,0,0,0,0,0,0,0,0,0,0,0
C3010,24,03,0000,District - Patan  *  03,Urban,All ages,238428,124834,113594,56446,32813,23633,50596,29095,21501,4929,2965,1964,490,346,144,427,406,21,4,1,3
C3010,24,03,0000,District - Patan  *  03,Urban,0-4,21230,11791,9439,360,212,148,360,212,148,0,0,0,0,0,0,0,0,0,0,0,0
C3010,24,03,0000,District - Patan  *  03,Urban,5,5126,2947,2179,839,500,339,839,500,339,0,0,0,0,0,0,0,0,0,0,0,0
C3010,24,03,0000,District - Patan  *  03,Urban,6,4341,2383,1958,2017,1164,853,2017,1164,853,0,0,0,0,0,0,0,0,0,0,0,0
C3010,24,03,0000,District - Patan  *  03,Urban,7,4707,2589,2118,3765,2145,1620,3765,2145,1620,0,0,0,0,0,0,0,0,0,0,0,0
C3010,24,03,0000,District - Patan  *  03,Urban,8,5540,3016,2524,4508,2585,1923,4508,2585,1923,0,0,0,0,0,0,0,0,0,0,0,0
C3010,24,03,0000,District - Patan  *  03,Urban,9,3993,2112,1881,3564,1947,1617,3564,1947,1617,0,0,0,0,0,0,0,0,0,0,0,0
C3010,24,03,0000,District - Patan  *  03,Urban,10,6627,3615,3012,5513,3123,2390,5513,3123,2390,0,0,0,0,0,0,0,0,0,0,0,0
C3010,24,03,0000,District - Patan  *  03,Urban,11,4378,2399,1979,3997,2240,1757,3997,2240,1757,0,0,0,0,0,0,0,0,0,0,0,0
C3010,24,03,0000,District - Patan  *  03,Urban,12,6365,3557,2808,5253,3083,2170,5253,3083,2170,0,0,0,0,0,0,0,0,0,0,0,0
C3010,24,03,0000,District - Patan  *  03,Urban,13,4823,2659,2164,3987,2308,1679,3987,2308,1679,0,0,0,0,0,0,0,0,0,0,0,0
C3010,24,03,0000,District - Patan  *  03,Urban,14,5412,2928,2484,4113,2398,1715,4113,2398,1715,0,0,0,0,0,0,0,0,0,0,0,0
C3010,24,03,0000,District - Patan  *  03,Urban,15-19,27039,14652,12387,13977,8206,5771,11820,6864,4956,1641,887,754,225,171,54,291,284,7,0,0,0
C3010,24,03,0000,District - Patan  *  03,Urban,20-24,23884,12454,11430,4032,2511,1521,860,526,334,2959,1821,1138,126,79,47,86,84,2,1,1,0
C3010,24,03,0000,District - Patan  *  03,Urban,25-29,18820,9577,9243,333,259,74,0,0,0,264,206,58,52,39,13,15,14,1,2,0,2
C3010,24,03,0000,District - Patan  *  03,Urban,30-34,17963,8946,9017,62,42,20,0,0,0,33,23,10,20,14,6,8,5,3,1,0,1
C3010,24,03,0000,District - Patan  *  03,Urban,35-59,60187,31039,29148,111,79,32,0,0,0,25,22,3,61,39,22,25,18,7,0,0,0
C3010,24,03,0000,District - Patan  *  03,Urban,60+,17862,8086,9776,14,11,3,0,0,0,6,6,0,6,4,2,2,1,1,0,0,0
C3010,24,03,0000,District - Patan  *  03,Urban,Age not stated,131,84,47,1,0,1,0,0,0,1,0,1,0,0,0,0,0,0,0,0,0
C3010,24,04,0000,District - Mahesana  04,Total,All ages,1837892,953842,884050,417207,243107,174100,386876,223596,163280,26356,16375,9981,3291,2661,630,576,426,150,108,49,59
C3010,24,04,0000,District - Mahesana  04,Total,0-4,179056,98997,80059,1451,826,625,1451,826,625,0,0,0,0,0,0,0,0,0,0,0,0
C3010,24,04,0000,District - Mahesana  04,Total,5,42754,24267,18487,4391,2591,1800,4391,2591,1800,0,0,0,0,0,0,0,0,0,0,0,0
C3010,24,04,0000,District - Mahesana  04,Total,6,36329,20070,16259,16990,9859,7131,16990,9859,7131,0,0,0,0,0,0,0,0,0,0,0,0
C3010,24,04,0000,District - Mahesana  04,Total,7,36238,19762,16476,29274,16586,12688,29274,16586,12688,0,0,0,0,0,0,0,0,0,0,0,0
C3010,24,04,0000,District - Mahesana  04,Total,8,43746,23962,19784,38235,21685,16550,38235,21685,16550,0,0,0,0,0,0,0,0,0,0,0,0
C3010,24,04,0000,District - Mahesana  04,Total,9,35103,19069,16034,32341,18009,14332,32341,18009,14332,0,0,0,0,0,0,0,0,0,0,0,0
C3010,24,04,0000,District - Mahesana  04,Total,10,50435,27583,22852,43931,25033,18898,43931,25033,18898,0,0,0,0,0,0,0,0,0,0,0,0
C3010,24,04,0000,District - Mahesana  04,Total,11,35545,19819,15726,32660,18743,13917,32660,18743,13917,0,0,0,0,0,0,0,0,0,0,0,0
C3010,24,04,0000,District - Mahesana  04,Total,12,45608,24759,20849,38134,22019,16115,38134,22019,16115,0,0,0,0,0,0,0,0,0,0,0,0
C3010,24,04,0000,District - Mahesana  04,Total,13,35291,18755,16536,29075,16583,12492,29075,16583,12492,0,0,0,0,0,0,0,0,0,0,0,0
C3010,24,04,0000,District - Mahesana  04,Total,14,38125,20261,17864,28899,16852,12047,28899,16852,12047,0,0,0,0,0,0,0,0,0,0,0,0
C3010,24,04,0000,District - Mahesana  04,Total,15-19,193608,101150,92458,96358,57900,38458,85031,50716,34315,9508,5656,3852,1657,1413,244,157,111,46,5,4,1
C3010,24,04,0000,District - Mahesana  04,Total,20-24,179631,89882,89749,22711,14382,8329,6464,4094,2370,15403,9629,5774,726,583,143,100,67,33,18,9,9
C3010,24,04,0000,District - Mahesana  04,Total,25-29,147387,74824,72563,1489,1117,372,0,0,0,1070,801,269,327,252,75,76,55,21,16,9,7
C3010,24,04,0000,District - Mahesana  04,Total,30-34,142437,70768,71669,394,276,118,0,0,0,177,128,49,149,101,48,53,41,12,15,6,9
C3010,24,04,0000,District - Mahesana  04,Total,35-59,451739,232551,219188,787,591,196,0,0,0,159,132,27,410,301,109,173,142,31,45,16,29
C3010,24,04,0000,District - Mahesana  04,Total,60+,143321,66474,76847,77,47,30,0,0,0,33,24,9,18,8,10,17,10,7,9,5,4
C3010,24,04,0000,District - Mahesana  04,Total,Age not stated,1539,889,650,10,8,2,0,0,0,6,5,1,4,3,1,0,0,0,0,0,0
C3010,24,04,0000,District - Mahesana  04,Rural,All ages,1426175,737246,688929,310749,182881,127868,292986,170725,122261,14969,9889,5080,2342,1963,379,393,284,109,59,20,39
C3010,24,04,0000,District - Mahesana  04,Rural,0-4,145001,79747,65254,850,461,389,850,461,389,0,0,0,0,0,0,0,0,0,0,0,0
C3010,24,04,0000,District - Mahesana  04,Rural,5,34229,19217,15012,3094,1821,1273,3094,1821,1273,0,0,0,0,0,0,0,0,0,0,0,0
C3010,24,04,0000,District - Mahesana  04,Rural,6,29595,16207,13388,13963,8067,5896,13963,8067,5896,0,0,0,0,0,0,0,0,0,0,0,0
C3010,24,04,0000,District - Mahesana  04,Rural,7,28318,15272,13046,22720,12755,9965,22720,12755,9965,0,0,0,0,0,0,0,0,0,0,0,0
C3010,24,04,0000,District - Mahesana  04,Rural,8,34636,18821,15815,30210,17075,13135,30210,17075,13135,0,0,0,0,0,0,0,0,0,0,0,0
C3010,24,04,0000,District - Mahesana  04,Rural,9,28403,15315,13088,26154,14467,11687,26154,14467,11687,0,0,0,0,0,0,0,0,0,0,0,0
C3010,24,04,0000,District - Mahesana  04,Rural,10,39374,21384,17990,34206,19475,14731,34206,19475,14731,0,0,0,0,0,0,0,0,0,0,0,0
C3010,24,04,0000,District - Mahesana  04,Rural,11,27924,15515,12409,25569,14701,10868,25569,14701,10868,0,0,0,0,0,0,0,0,0,0,0,0
C3010,24,04,0000,District - Mahesana  04,Rural,12,34833,18857,15976,28645,16719,11926,28645,16719,11926,0,0,0,0,0,0,0,0,0,0,0,0
C3010,24,04,0000,District - Mahesana  04,Rural,13,27349,14673,12676,22102,12903,9199,22102,12903,9199,0,0,0,0,0,0,0,0,0,0,0,0
C3010,24,04,0000,District - Mahesana  04,Rural,14,29164,15544,13620,21384,12764,8620,21384,12764,8620,0,0,0,0,0,0,0,0,0,0,0,0
C3010,24,04,0000,District - Mahesana  04,Rural,15-19,147069,76340,70729,66523,41215,25308,59820,36688,23132,5350,3350,2000,1237,1092,145,115,84,31,1,1,0
C3010,24,04,0000,District - Mahesana  04,Rural,20-24,136739,68050,68689,13641,9154,4487,4269,2829,1440,8784,5856,2928,511,425,86,65,41,24,12,3,9
C3010,24,04,0000,District - Mahesana  04,Rural,25-29,113016,57609,55407,917,726,191,0,0,0,639,513,126,213,167,46,57,40,17,8,6,2
C3010,24,04,0000,District - Mahesana  04,Rural,30-34,108935,54034,54901,260,191,69,0,0,0,105,86,19,105,74,31,39,28,11,11,3,8
C3010,24,04,0000,District - Mahesana  04,Rural,35-59,344631,176284,168347,462,358,104,0,0,0,75,70,5,257,196,61,107,86,21,23,6,17
C3010,24,04,0000,District - Mahesana  04,Rural,60+,115829,53687,62142,42,23,19,0,0,0,12,10,2,16,7,9,10,5,5,4,1,3
C3010,24,04,0000,District - Mahesana  04,Rural,Age not stated,1130,690,440,7,6,1,0,0,0,4,4,0,3,2,1,0,0,0,0,0,0
C3010,24,04,0000,District - Mahesana  04,Urban,All ages,411717,216596,195121,106458,60226,46232,93890,52871,41019,11387,6486,4901,949,698,251,183,142,41,49,29,20
C3010,24,04,0000,District - Mahesana  04,Urban,0-4,34055,19250,14805,601,365,236,601,365,236,0,0,0,0,0,0,0,0,0,0,0,0
C3010,24,04,0000,District - Mahesana  04,Urban,5,8525,5050,3475,1297,770,527,1297,770,527,0,0,0,0,0,0,0,0,0,0,0,0
C3010,24,04,0000,District - Mahesana  04,Urban,6,6734,3863,2871,3027,1792,1235,3027,1792,1235,0,0,0,0,0,0,0,0,0,0,0,0
C3010,24,04,0000,District - Mahesana  04,Urban,7,7920,4490,3430,6554,3831,2723,6554,3831,2723,0,0,0,0,0,0,0,0,0,0,0,0
C3010,24,04,0000,District - Mahesana  04,Urban,8,9110,5141,3969,8025,4610,3415,8025,4610,3415,0,0,0,0,0,0,0,0,0,0,0,0
C3010,24,04,0000,District - Mahesana  04,Urban,9,6700,3754,2946,6187,3542,2645,6187,3542,2645,0,0,0,0,0,0,0,0,0,0,0,0
C3010,24,04,0000,District - Mahesana  04,Urban,10,11061,6199,4862,9725,5558,4167,9725,5558,4167,0,0,0,0,0,0,0,0,0,0,0,0
C3010,24,04,0000,District - Mahesana  04,Urban,11,7621,4304,3317,7091,4042,3049,7091,4042,3049,0,0,0,0,0,0,0,0,0,0,0,0
C3010,24,04,0000,District - Mahesana  04,Urban,12,10775,5902,4873,9489,5300,4189,9489,5300,4189,0,0,0,0,0,0,0,0,0,0,0,0
C3010,24,04,0000,District - Mahesana  04,Urban,13,7942,4082,3860,6973,3680,3293,6973,3680,3293,0,0,0,0,0,0,0,0,0,0,0,0
C3010,24,04,0000,District - Mahesana  04,Urban,14,8961,4717,4244,7515,4088,3427,7515,4088,3427,0,0,0,0,0,0,0,0,0,0,0,0
C3010,24,04,0000,District - Mahesana  04,Urban,15-19,46539,24810,21729,29835,16685,13150,25211,14028,11183,4158,2306,1852,420,321,99,42,27,15,4,3,1
C3010,24,04,0000,District - Mahesana  04,Urban,20-24,42892,21832,21060,9070,5228,3842,2195,1265,930,6619,3773,2846,215,158,57,35,26,9,6,6,0
C3010,24,04,0000,District - Mahesana  04,Urban,25-29,34371,17215,17156,572,391,181,0,0,0,431,288,143,114,85,29,19,15,4,8,3,5
C3010,24,04,0000,District - Mahesana  04,Urban,30-34,33502,16734,16768,134,85,49,0,0,0,72,42,30,44,27,17,14,13,1,4,3,1
C3010,24,04,0000,District - Mahesana  04,Urban,35-59,107108,56267,50841,325,233,92,0,0,0,84,62,22,153,105,48,66,56,10,22,10,12
C3010,24,04,0000,District - Mahesana  04,Urban,60+,27492,12787,14705,35,24,11,0,0,0,21,14,7,2,1,1,7,5,2,5,4,1
C3010,24,04,0000,District - Mahesana  04,Urban,Age not stated,409,199,210,3,2,1,0,0,0,2,1,1,1,1,0,0,0,0,0,0,0
C3010,24,05,0000,District - Sabar Kantha  05,Total,All ages,2082531,1069554,1012977,468340,271002,197338,437704,249961,187743,26142,17484,8658,3281,2636,645,1110,872,238,103,49,54
C3010,24,05,0000,District - Sabar Kantha  05,Total,0-4,230011,122341,107670,2030,1121,909,2030,1121,909,0,0,0,0,0,0,0,0,0,0,0,0
C3010,24,05,0000,District - Sabar Kantha  05,Total,5,49359,26503,22856,7860,4344,3516,7860,4344,3516,0,0,0,0,0,0,0,0,0,0,0,0
C3010,24,05,0000,District - Sabar Kantha  05,Total,6,45346,23942,21404,23253,12784,10469,23253,12784,10469,0,0,0,0,0,0,0,0,0,0,0,0
C3010,24,05,0000,District - Sabar Kantha  05,Total,7,47038,24686,22352,38378,20797,17581,38378,20797,17581,0,0,0,0,0,0,0,0,0,0,0,0
C3010,24,05,0000,District - Sabar Kantha  05,Total,8,55931,29392,26539,47119,25703,21416,47119,25703,21416,0,0,0,0,0,0,0,0,0,0,0,0
C3010,24,05,0000,District - Sabar Kantha  05,Total,9,42497,22527,19970,38147,20798,17349,38147,20798,17349,0,0,0,0,0,0,0,0,0,0,0,0
C3010,24,05,0000,District - Sabar Kantha  05,Total,10,55657,29256,26401,45223,25183,20040,45223,25183,20040,0,0,0,0,0,0,0,0,0,0,0,0
C3010,24,05,0000,District - Sabar Kantha  05,Total,11,38591,21063,17528,34427,19385,15042,34427,19385,15042,0,0,0,0,0,0,0,0,0,0,0,0
C3010,24,05,0000,District - Sabar Kantha  05,Total,12,52443,27670,24773,41144,23432,17712,41144,23432,17712,0,0,0,0,0,0,0,0,0,0,0,0
C3010,24,05,0000,District - Sabar Kantha  05,Total,13,40119,21249,18870,31917,18370,13547,31917,18370,13547,0,0,0,0,0,0,0,0,0,0,0,0
C3010,24,05,0000,District - Sabar Kantha  05,Total,14,43322,22837,20485,31591,18569,13022,31591,18569,13022,0,0,0,0,0,0,0,0,0,0,0,0
C3010,24,05,0000,District - Sabar Kantha  05,Total,15-19,212554,111722,100832,101624,62258,39366,89507,54521,34986,10386,6331,4055,1492,1237,255,235,166,69,4,3,1
C3010,24,05,0000,District - Sabar Kantha  05,Total,20-24,195158,97755,97403,22162,15521,6641,7108,4954,2154,14163,9868,4295,750,597,153,135,98,37,6,4,2
C3010,24,05,0000,District - Sabar Kantha  05,Total,25-29,163067,83124,79943,1596,1269,327,0,0,0,1107,878,229,319,265,54,156,121,35,14,5,9
C3010,24,05,0000,District - Sabar Kantha  05,Total,30-34,155744,76828,78916,529,402,127,0,0,0,206,171,35,187,129,58,119,95,24,17,7,10
C3010,24,05,0000,District - Sabar Kantha  05,Total,35-59,504986,258129,246857,1245,999,246,0,0,0,245,207,38,512,397,115,439,370,69,49,25,24
C3010,24,05,0000,District - Sabar Kantha  05,Total,60+,148513,69289,79224,79,53,26,0,0,0,20,16,4,20,10,10,26,22,4,13,5,8
C3010,24,05,0000,District - Sabar Kantha  05,Total,Age not stated,2195,1241,954,16,14,2,0,0,0,15,13,2,1,1,0,0,0,0,0,0,0
C3010,24,05,0000,District - Sabar Kantha  05,Rural,All ages,1857402,952287,905115,408902,237403,171499,385267,220641,164626,19851,13741,6110,2726,2201,525,971,779,192,87,41,46
C3010,24,05,0000,District - Sabar Kantha  05,Rural,0-4,209895,111414,98481,1468,802,666,1468,802,666,0,0,0,0,0,0,0,0,0,0,0,0
C3010,24,05,0000,District - Sabar Kantha  05,Rural,5,44496,23777,20719,6649,3658,2991,6649,3658,2991,0,0,0,0,0,0,0,0,0,0,0,0
C3010,24,05,0000,District - Sabar Kantha  05,Rural,6,41173,21669,19504,20900,11485,9415,20900,11485,9415,0,0,0,0,0,0,0,0,0,0,0,0
C3010,24,05,0000,District - Sabar Kantha  05,Rural,7,42248,22066,20182,34365,18539,15826,34365,18539,15826,0,0,0,0,0,0,0,0,0,0,0,0
C3010,24,05,0000,District - Sabar Kantha  05,Rural,8,50403,26387,24016,42393,23078,19315,42393,23078,19315,0,0,0,0,0,0,0,0,0,0,0,0
C3010,24,05,0000,District - Sabar Kantha  05,Rural,9,38406,20290,18116,34459,18747,15712,34459,18747,15712,0,0,0,0,0,0,0,0,0,0,0,0
C3010,24,05,0000,District - Sabar Kantha  05,Rural,10,49532,25941,23591,40090,22316,17774,40090,22316,17774,0,0,0,0,0,0,0,0,0,0,0,0
C3010,24,05,0000,District - Sabar Kantha  05,Rural,11,34232,18701,15531,30448,17204,13244,30448,17204,13244,0,0,0,0,0,0,0,0,0,0,0,0
C3010,24,05,0000,District - Sabar Kantha  05,Rural,12,46468,24441,22027,36136,20637,15499,36136,20637,15499,0,0,0,0,0,0,0,0,0,0,0,0
C3010,24,05,0000,District - Sabar Kantha  05,Rural,13,35305,18665,16640,27758,16064,11694,27758,16064,11694,0,0,0,0,0,0,0,0,0,0,0,0
C3010,24,05,0000,District - Sabar Kantha  05,Rural,14,38222,20161,18061,27537,16350,11187,27537,16350,11187,0,0,0,0,0,0,0,0,0,0,0,0
C3010,24,05,0000,District - Sabar Kantha  05,Rural,15-19,187159,98101,89058,86380,53615,32765,76926,47366,29560,8026,5080,2946,1217,1015,202,208,152,56,3,2,1
C3010,24,05,0000,District - Sabar Kantha  05,Rural,20-24,172529,86243,86286,17492,12612,4880,6138,4395,1743,10617,7638,2979,610,486,124,123,91,32,4,2,2
C3010,24,05,0000,District - Sabar Kantha  05,Rural,25-29,145012,74127,70885,1296,1074,222,0,0,0,862,724,138,285,237,48,136,108,28,13,5,8
C3010,24,05,0000,District - Sabar Kantha  05,Rural,30-34,138655,68390,70265,437,335,102,0,0,0,153,128,25,163,116,47,107,86,21,14,5,9
C3010,24,05,0000,District - Sabar Kantha  05,Rural,35-59,447699,228268,219431,1015,832,183,0,0,0,161,145,16,434,338,96,378,327,51,42,22,20
C3010,24,05,0000,District - Sabar Kantha  05,Rural,60+,134021,62545,71476,64,42,22,0,0,0,18,14,4,16,8,8,19,15,4,11,5,6
C3010,24,05,0000,District - Sabar Kantha  05,Rural,Age not stated,1947,1101,846,15,13,2,0,0,0,14,12,2,1,1,0,0,0,0,0,0,0
C3010,24,05,0000,District - Sabar Kantha  05,Urban,All ages,225129,117267,107862,59438,33599,25839,52437,29320,23117,6291,3743,2548,555,435,120,139,93,46,16,8,8
C3010,24,05,0000,District - Sabar Kantha  05,Urban,0-4,20116,10927,9189,562,319,243,562,319,243,0,0,0,0,0,0,0,0,0,0,0,0
C3010,24,05,0000,District - Sabar Kantha  05,Urban,5,4863,2726,2137,1211,686,525,1211,686,525,0,0,0,0,0,0,0,0,0,0,0,0
C3010,24,05,0000,District - Sabar Kantha  05,Urban,6,4173,2273,1900,2353,1299,1054,2353,1299,1054,0,0,0,0,0,0,0,0,0,0,0,0
C3010,24,05,0000,District - Sabar Kantha  05,Urban,7,4790,2620,2170,4013,2258,1755,4013,2258,1755,0,0,0,0,0,0,0,0,0,0,0,0
C3010,24,05,0000,District - Sabar Kantha  05,Urban,8,5528,3005,2523,4726,2625,2101,4726,2625,2101,0,0,0,0,0,0,0,0,0,0,0,0
C3010,24,05,0000,District - Sabar Kantha  05,Urban,9,4091,2237,1854,3688,2051,1637,3688,2051,1637,0,0,0,0,0,0,0,0,0,0,0,0
C3010,24,05,0000,District - Sabar Kantha  05,Urban,10,6125,3315,2810,5133,2867,2266,5133,2867,2266,0,0,0,0,0,0,0,0,0,0,0,0
C3010,24,05,0000,District - Sabar Kantha  05,Urban,11,4359,2362,1997,3979,2181,1798,3979,2181,1798,0,0,0,0,0,0,0,0,0,0,0,0
C3010,24,05,0000,District - Sabar Kantha  05,Urban,12,5975,3229,2746,5008,2795,2213,5008,2795,2213,0,0,0,0,0,0,0,0,0,0,0,0
C3010,24,05,0000,District - Sabar Kantha  05,Urban,13,4814,2584,2230,4159,2306,1853,4159,2306,1853,0,0,0,0,0,0,0,0,0,0,0,0
C3010,24,05,0000,District - Sabar Kantha  05,Urban,14,5100,2676,2424,4054,2219,1835,4054,2219,1835,0,0,0,0,0,0,0,0,0,0,0,0
C3010,24,05,0000,District - Sabar Kantha  05,Urban,15-19,25395,13621,11774,15244,8643,6601,12581,7155,5426,2360,1251,1109,275,222,53,27,14,13,1,1,0
C3010,24,05,0000,District - Sabar Kantha  05,Urban,20-24,22629,11512,11117,4670,2909,1761,970,559,411,3546,2230,1316,140,111,29,12,7,5,2,2,0
C3010,24,05,0000,District - Sabar Kantha  05,Urban,25-29,18055,8997,9058,300,195,105,0,0,0,245,154,91,34,28,6,20,13,7,1,0,1
C3010,24,05,0000,District - Sabar Kantha  05,Urban,30-34,17089,8438,8651,92,67,25,0,0,0,53,43,10,24,13,11,12,9,3,3,2,1
C3010,24,05,0000,District - Sabar Kantha  05,Urban,35-59,57287,29861,27426,230,167,63,0,0,0,84,62,22,78,59,19,61,43,18,7,3,4
C3010,24,05,0000,District - Sabar Kantha  05,Urban,60+,14492,6744,7748,15,11,4,0,0,0,2,2,0,4,2,2,7,7,0,2,0,2
C3010,24,05,0000,District - Sabar Kantha  05,Urban,Age not stated,248,140,108,1,1,0,0,0,0,1,1,0,0,0,0,0,0,0,0,0,0
C3010,24,06,0000,District - Gandhinagar  06,Total,All ages,1334455,697999,636456,309709,180250,129459,283017,164384,118633,23315,13531,9784,2819,1906,913,493,401,92,65,28,37
C3010,24,06,0000,District - Gandhinagar  06,Total,0-4,130223,71529,58694,2413,1396,1017,2413,1396,1017,0,0,0,0,0,0,0,0,0,0,0,0
C3010,24,06,0000,District - Gandhinagar  06,Total,5,30443,17225,13218,5130,3026,2104,5130,3026,2104,0,0,0,0,0,0,0,0,0,0,0,0
C3010,24,06,0000,District - Gandhinagar  06,Total,6,25030,13652,11378,12616,7149,5467,12616,7149,5467,0,0,0,0,0,0,0,0,0,0,0,0
C3010,24,06,0000,District - Gandhinagar  06,Total,7,27570,14752,12818,22715,12516,10199,22715,12516,10199,0,0,0,0,0,0,0,0,0,0,0,0
C3010,24,06,0000,District - Gandhinagar  06,Total,8,31424,17400,14024,27599,15753,11846,27599,15753,11846,0,0,0,0,0,0,0,0,0,0,0,0
C3010,24,06,0000,District - Gandhinagar  06,Total,9,24955,13744,11211,22963,12964,9999,22963,12964,9999,0,0,0,0,0,0,0,0,0,0,0,0
C3010,24,06,0000,District - Gandhinagar  06,Total,10,35891,19779,16112,31514,18069,13445,31514,18069,13445,0,0,0,0,0,0,0,0,0,0,0,0
C3010,24,06,0000,District - Gandhinagar  06,Total,11,25060,14069,10991,23035,13289,9746,23035,13289,9746,0,0,0,0,0,0,0,0,0,0,0,0
C3010,24,06,0000,District - Gandhinagar  06,Total,12,32834,17891,14943,27861,16075,11786,27861,16075,11786,0,0,0,0,0,0,0,0,0,0,0,0
C3010,24,06,0000,District - Gandhinagar  06,Total,13,25846,14013,11833,21632,12573,9059,21632,12573,9059,0,0,0,0,0,0,0,0,0,0,0,0
C3010,24,06,0000,District - Gandhinagar  06,Total,14,27883,15068,12815,21498,12731,8767,21498,12731,8767,0,0,0,0,0,0,0,0,0,0,0,0
C3010,24,06,0000,District - Gandhinagar  06,Total,15-19,139754,73001,66753,69423,41408,28015,59840,36062,23778,8048,4295,3753,1325,881,444,207,170,37,3,0,3
C3010,24,06,0000,District - Gandhinagar  06,Total,20-24,136550,70133,66417,18804,11548,7256,4201,2781,1420,13816,8214,5602,703,493,210,73,55,18,11,5,6
C3010,24,06,0000,District - Gandhinagar  06,Total,25-29,115838,59353,56485,1598,1135,463,0,0,0,1125,795,330,397,277,120,67,58,9,9,5,4
C3010,24,06,0000,District - Gandhinagar  06,Total,30-34,108323,55304,53019,341,229,112,0,0,0,163,112,51,119,74,45,52,41,11,7,2,5
C3010,24,06,0000,District - Gandhinagar  06,Total,35-59,329732,171325,158407,486,351,135,0,0,0,137,99,38,235,166,69,86,71,15,28,15,13
C3010,24,06,0000,District - Gandhinagar  06,Total,60+,86164,39203,46961,53,35,18,0,0,0,22,15,7,17,14,3,7,5,2,7,1,6
C3010,24,06,0000,District - Gandhinagar  06,Total,Age not stated,935,558,377,28,3,25,0,0,0,4,1,3,23,1,22,1,1,0,0,0,0
C3010,24,06,0000,District - Gandhinagar  06,Rural,All ages,867195,450470,416725,185954,109798,76156,175885,103361,72524,8444,5304,3140,1239,813,426,345,303,42,41,17,24
C3010,24,06,0000,District - Gandhinagar  06,Rural,0-4,90105,49182,40923,1109,620,489,1109,620,489,0,0,0,0,0,0,0,0,0,0,0,0
C3010,24,06,0000,District - Gandhinagar  06,Rural,5,20463,11523,8940,2700,1617,1083,2700,1617,1083,0,0,0,0,0,0,0,0,0,0,0,0
C3010,24,06,0000,District - Gandhinagar  06,Rural,6,17212,9337,7875,8559,4833,3726,8559,4833,3726,0,0,0,0,0,0,0,0,0,0,0,0
C3010,24,06,0000,District - Gandhinagar  06,Rural,7,18286,9726,8560,14917,8227,6690,14917,8227,6690,0,0,0,0,0,0,0,0,0,0,0,0
C3010,24,06,0000,District - Gandhinagar  06,Rural,8,21097,11530,9567,18512,10480,8032,18512,10480,8032,0,0,0,0,0,0,0,0,0,0,0,0
C3010,24,06,0000,District - Gandhinagar  06,Rural,9,17076,9394,7682,15728,8900,6828,15728,8900,6828,0,0,0,0,0,0,0,0,0,0,0,0
C3010,24,06,0000,District - Gandhinagar  06,Rural,10,23722,13002,10720,20718,11917,8801,20718,11917,8801,0,0,0,0,0,0,0,0,0,0,0,0
C3010,24,06,0000,District - Gandhinagar  06,Rural,11,16007,9017,6990,14556,8500,6056,14556,8500,6056,0,0,0,0,0,0,0,0,0,0,0,0
C3010,24,06,0000,District - Gandhinagar  06,Rural,12,21295,11469,9826,17661,10255,7406,17661,10255,7406,0,0,0,0,0,0,0,0,0,0,0,0
C3010,24,06,0000,District - Gandhinagar  06,Rural,13,16196,8841,7355,13091,7819,5272,13091,7819,5272,0,0,0,0,0,0,0,0,0,0,0,0
C3010,24,06,0000,District - Gandhinagar  06,Rural,14,17550,9461,8089,12835,7803,5032,12835,7803,5032,0,0,0,0,0,0,0,0,0,0,0,0
C3010,24,06,0000,District - Gandhinagar  06,Rural,15-19,88768,45670,43098,36889,23067,13822,33202,20843,12359,2905,1691,1214,624,396,228,156,137,19,2,0,2
C3010,24,06,0000,District - Gandhinagar  06,Rural,20-24,88076,45118,42958,7629,4932,2697,2297,1547,750,5032,3185,1847,257,169,88,38,30,8,5,1,4
C3010,24,06,0000,District - Gandhinagar  06,Rural,25-29,74419,38471,35948,559,456,103,0,0,0,379,317,62,138,101,37,38,35,3,4,3,1
C3010,24,06,0000,District - Gandhinagar  06,Rural,30-34,69406,35546,33860,156,120,36,0,0,0,70,58,12,40,25,15,40,35,5,6,2,4
C3010,24,06,0000,District - Gandhinagar  06,Rural,35-59,206119,105968,100151,286,232,54,0,0,0,54,49,5,145,111,34,68,62,6,19,10,9
C3010,24,06,0000,District - Gandhinagar  06,Rural,60+,60784,26866,33918,24,17,7,0,0,0,3,3,0,12,10,2,4,3,1,5,1,4
C3010,24,06,0000,District - Gandhinagar  06,Rural,Age not stated,614,349,265,25,3,22,0,0,0,1,1,0,23,1,22,1,1,0,0,0,0
C3010,24,06,0000,District - Gandhinagar  06,Urban,All ages,467260,247529,219731,123755,70452,53303,107132,61023,46109,14871,8227,6644,1580,1093,487,148,98,50,24,11,13
C3010,24,06,0000,District - Gandhinagar  06,Urban,0-4,40118,22347,17771,1304,776,528,1304,776,528,0,0,0,0,0,0,0,0,0,0,0,0
C3010,24,06,0000,District - Gandhinagar  06,Urban,5,9980,5702,4278,2430,1409,1021,2430,1409,1021,0,0,0,0,0,0,0,0,0,0,0,0
C3010,24,06,0000,District - Gandhinagar  06,Urban,6,7818,4315,3503,4057,2316,1741,4057,2316,1741,0,0,0,0,0,0,0,0,0,0,0,0
C3010,24,06,0000,District - Gandhinagar  06,Urban,7,9284,5026,4258,7798,4289,3509,7798,4289,3509,0,0,0,0,0,0,0,0,0,0,0,0
C3010,24,06,0000,District - Gandhinagar  06,Urban,8,10327,5870,4457,9087,5273,3814,9087,5273,3814,0,0,0,0,0,0,0,0,0,0,0,0
C3010,24,06,0000,District - Gandhinagar  06,Urban,9,7879,4350,3529,7235,4064,3171,7235,4064,3171,0,0,0,0,0,0,0,0,0,0,0,0
C3010,24,06,0000,District - Gandhinagar  06,Urban,10,12169,6777,5392,10796,6152,4644,10796,6152,4644,0,0,0,0,0,0,0,0,0,0,0,0
C3010,24,06,0000,District - Gandhinagar  06,Urban,11,9053,5052,4001,8479,4789,3690,8479,4789,3690,0,0,0,0,0,0,0,0,0,0,0,0
C3010,24,06,0000,District - Gandhinagar  06,Urban,12,11539,6422,5117,10200,5820,4380,10200,5820,4380,0,0,0,0,0,0,0,0,0,0,0,0
C3010,24,06,0000,District - Gandhinagar  06,Urban,13,9650,5172,4478,8541,4754,3787,8541,4754,3787,0,0,0,0,0,0,0,0,0,0,0,0
C3010,24,06,0000,District - Gandhinagar  06,Urban,14,10333,5607,4726,8663,4928,3735,8663,4928,3735,0,0,0,0,0,0,0,0,0,0,0,0
C3010,24,06,0000,District - Gandhinagar  06,Urban,15-19,50986,27331,23655,32534,18341,14193,26638,15219,11419,5143,2604,2539,701,485,216,51,33,18,1,0,1
C3010,24,06,0000,District - Gandhinagar  06,Urban,20-24,48474,25015,23459,11175,6616,4559,1904,1234,670,8784,5029,3755,446,324,122,35,25,10,6,4,2
C3010,24,06,0000,District - Gandhinagar  06,Urban,25-29,41419,20882,20537,1039,679,360,0,0,0,746,478,268,259,176,83,29,23,6,5,2,3
C3010,24,06,0000,District - Gandhinagar  06,Urban,30-34,38917,19758,19159,185,109,76,0,0,0,93,54,39,79,49,30,12,6,6,1,0,1
C3010,24,06,0000,District - Gandhinagar  06,Urban,35-59,123613,65357,58256,200,119,81,0,0,0,83,50,33,90,55,35,18,9,9,9,5,4
C3010,24,06,0000,District - Gandhinagar  06,Urban,60+,25380,12337,13043,29,18,11,0,0,0,19,12,7,5,4,1,3,2,1,2,0,2
C3010,24,06,0000,District - Gandhinagar  06,Urban,Age not stated,321,209,112,3,0,3,0,0,0,3,0,3,0,0,0,0,0,0,0,0,0
C3010,24,07,0000,District - Ahmadabad  07,Total,All ages,5816519,3074556,2741963,1286462,732827,553635,1162537,658134,504403,108619,63644,44975,10436,7532,2904,4111,3117,994,759,400,359
C3010,24,07,0000,District - Ahmadabad  07,Total,0-4,531956,288603,243353,14731,8159,6572,14731,8159,6572,0,0,0,0,0,0,0,0,0,0,0,0
C3010,24,07,0000,District - Ahmadabad  07,Total,5,130971,73073,57898,26885,15338,11547,26885,15338,11547,0,0,0,0,0,0,0,0,0,0,0,0
C3010,24,07,0000,District - Ahmadabad  07,Total,6,106739,57573,49166,50088,27730,22358,50088,27730,22358,0,0,0,0,0,0,0,0,0,0,0,0
C3010,24,07,0000,District - Ahmadabad  07,Total,7,118127,63584,54543,95212,52521,42691,95212,52521,42691,0,0,0,0,0,0,0,0,0,0,0,0
C3010,24,07,0000,District - Ahmadabad  07,Total,8,136590,74378,62212,116722,65218,51504,116722,65218,51504,0,0,0,0,0,0,0,0,0,0,0,0
C3010,24,07,0000,District - Ahmadabad  07,Total,9,96446,52143,44303,86385,47690,38695,86385,47690,38695,0,0,0,0,0,0,0,0,0,0,0,0
C3010,24,07,0000,District - Ahmadabad  07,Total,10,156743,85795,70948,134017,75466,58551,134017,75466,58551,0,0,0,0,0,0,0,0,0,0,0,0
C3010,24,07,0000,District - Ahmadabad  07,Total,11,100013,54723,45290,89669,50111,39558,89669,50111,39558,0,0,0,0,0,0,0,0,0,0,0,0
C3010,24,07,0000,District - Ahmadabad  07,Total,12,142242,77562,64680,117050,66290,50760,117050,66290,50760,0,0,0,0,0,0,0,0,0,0,0,0
C3010,24,07,0000,District - Ahmadabad  07,Total,13,106970,56609,50361,86457,48239,38218,86457,48239,38218,0,0,0,0,0,0,0,0,0,0,0,0
C3010,24,07,0000,District - Ahmadabad  07,Total,14,115540,61124,54416,84562,47893,36669,84562,47893,36669,0,0,0,0,0,0,0,0,0,0,0,0
C3010,24,07,0000,District - Ahmadabad  07,Total,15-19,610080,328946,281134,287898,167849,120049,243332,142537,100795,39347,21428,17919,4444,3351,1093,734,508,226,41,25,16
C3010,24,07,0000,District - Ahmadabad  07,Total,20-24,587367,309671,277696,82335,50445,31890,17427,10942,6485,62006,37428,24578,2309,1680,629,515,371,144,78,24,54
C3010,24,07,0000,District - Ahmadabad  07,Total,25-29,508551,260729,247822,7179,5051,2128,0,0,0,4864,3356,1508,1539,1120,419,684,524,160,92,51,41
C3010,24,07,0000,District - Ahmadabad  07,Total,30-34,474127,243300,230827,2081,1359,722,0,0,0,928,553,375,588,394,194,467,365,102,98,47,51
C3010,24,07,0000,District - Ahmadabad  07,Total,35-59,1500692,796520,704172,4539,3028,1511,0,0,0,1221,721,500,1432,905,527,1530,1211,319,356,191,165
C3010,24,07,0000,District - Ahmadabad  07,Total,60+,385613,185733,199880,581,401,180,0,0,0,193,127,66,119,77,42,175,135,40,94,62,32
C3010,24,07,0000,District - Ahmadabad  07,Total,Age not stated,7752,4490,3262,71,39,32,0,0,0,60,31,29,5,5,0,6,3,3,0,0,0
C3010,24,07,0000,District - Ahmadabad  07,Rural,All ages,1152986,601125,551861,213341,129704,83637,206595,124622,81973,5054,3792,1262,1018,851,167,289,210,79,385,229,156
C3010,24,07,0000,District - Ahmadabad  07,Rural,0-4,131101,69739,61362,1305,722,583,1305,722,583,0,0,0,0,0,0,0,0,0,0,0,0
C3010,24,07,0000,District - Ahmadabad  07,Rural,5,30078,16386,13692,4329,2459,1870,4329,2459,1870,0,0,0,0,0,0,0,0,0,0,0,0
C3010,24,07,0000,District - Ahmadabad  07,Rural,6,25643,13431,12212,12740,7225,5515,12740,7225,5515,0,0,0,0,0,0,0,0,0,0,0,0
C3010,24,07,0000,District - Ahmadabad  07,Rural,7,26805,14177,12628,20419,11441,8978,20419,11441,8978,0,0,0,0,0,0,0,0,0,0,0,0
C3010,24,07,0000,District - Ahmadabad  07,Rural,8,32491,17492,14999,26240,14933,11307,26240,14933,11307,0,0,0,0,0,0,0,0,0,0,0,0
C3010,24,07,0000,District - Ahmadabad  07,Rural,9,24210,13031,11179,20819,11763,9056,20819,11763,9056,0,0,0,0,0,0,0,0,0,0,0,0
C3010,24,07,0000,District - Ahmadabad  07,Rural,10,34182,18351,15831,26894,15571,11323,26894,15571,11323,0,0,0,0,0,0,0,0,0,0,0,0
C3010,24,07,0000,District - Ahmadabad  07,Rural,11,20494,11460,9034,17181,10247,6934,17181,10247,6934,0,0,0,0,0,0,0,0,0,0,0,0
C3010,24,07,0000,District - Ahmadabad  07,Rural,12,28947,15727,13220,20699,12614,8085,20699,12614,8085,0,0,0,0,0,0,0,0,0,0,0,0
C3010,24,07,0000,District - Ahmadabad  07,Rural,13,21593,11713,9880,14248,9071,5177,14248,9071,5177,0,0,0,0,0,0,0,0,0,0,0,0
C3010,24,07,0000,District - Ahmadabad  07,Rural,14,22658,12031,10627,12521,8118,4403,12521,8118,4403,0,0,0,0,0,0,0,0,0,0,0,0
C3010,24,07,0000,District - Ahmadabad  07,Rural,15-19,114383,60680,53703,29756,21074,8682,27190,19082,8108,1920,1414,506,573,525,48,60,47,13,13,6,7
C3010,24,07,0000,District - Ahmadabad  07,Rural,20-24,105186,54556,50630,4951,3559,1392,2010,1376,634,2752,2059,693,115,91,24,33,19,14,41,14,27
C3010,24,07,0000,District - Ahmadabad  07,Rural,25-29,92872,47845,45027,437,344,93,0,0,0,258,220,38,87,63,24,37,29,8,55,32,23
C3010,24,07,0000,District - Ahmadabad  07,Rural,30-34,88395,44729,43666,194,133,61,0,0,0,57,43,14,42,30,12,45,31,14,50,29,21
C3010,24,07,0000,District - Ahmadabad  07,Rural,35-59,268388,139724,128664,515,364,151,0,0,0,57,47,10,184,132,52,95,71,24,179,114,65
C3010,24,07,0000,District - Ahmadabad  07,Rural,60+,84353,39396,44957,91,65,26,0,0,0,9,9,0,17,10,7,18,12,6,47,34,13
C3010,24,07,0000,District - Ahmadabad  07,Rural,Age not stated,1207,657,550,2,1,1,0,0,0,1,0,1,0,0,0,1,1,0,0,0,0
C3010,24,07,0000,District - Ahmadabad  07,Urban,All ages,4663533,2473431,2190102,1073121,603123,469998,955942,533512,422430,103565,59852,43713,9418,6681,2737,3822,2907,915,374,171,203
C3010,24,07,0000,District - Ahmadabad  07,Urban,0-4,400855,218864,181991,13426,7437,5989,13426,7437,5989,0,0,0,0,0,0,0,0,0,0,0,0
C3010,24,07,0000,District - Ahmadabad  07,Urban,5,100893,56687,44206,22556,12879,9677,22556,12879,9677,0,0,0,0,0,0,0,0,0,0,0,0
C3010,24,07,0000,District - Ahmadabad  07,Urban,6,81096,44142,36954,37348,20505,16843,37348,20505,16843,0,0,0,0,0,0,0,0,0,0,0,0
C3010,24,07,0000,District - Ahmadabad  07,Urban,7,91322,49407,41915,74793,41080,33713,74793,41080,33713,0,0,0,0,0,0,0,0,0,0,0,0
C3010,24,07,0000,District - Ahmadabad  07,Urban,8,104099,56886,47213,90482,50285,40197,90482,50285,40197,0,0,0,0,0,0,0,0,0,0,0,0
C3010,24,07,0000,District - Ahmadabad  07,Urban,9,72236,39112,33124,65566,35927,29639,65566,35927,29639,0,0,0,0,0,0,0,0,0,0,0,0
C3010,24,07,0000,District - Ahmadabad  07,Urban,10,122561,67444,55117,107123,59895,47228,107123,59895,47228,0,0,0,0,0,0,0,0,0,0,0,0
C3010,24,07,0000,District - Ahmadabad  07,Urban,11,79519,43263,36256,72488,39864,32624,72488,39864,32624,0,0,0,0,0,0,0,0,0,0,0,0
C3010,24,07,0000,District - Ahmadabad  07,Urban,12,113295,61835,51460,96351,53676,42675,96351,53676,42675,0,0,0,0,0,0,0,0,0,0,0,0
C3010,24,07,0000,District - Ahmadabad  07,Urban,13,85377,44896,40481,72209,39168,33041,72209,39168,33041,0,0,0,0,0,0,0,0,0,0,0,0
C3010,24,07,0000,District - Ahmadabad  07,Urban,14,92882,49093,43789,72041,39775,32266,72041,39775,32266,0,0,0,0,0,0,0,0,0,0,0,0
C3010,24,07,0000,District - Ahmadabad  07,Urban,15-19,495697,268266,227431,258142,146775,111367,216142,123455,92687,37427,20014,17413,3871,2826,1045,674,461,213,28,19,9
C3010,24,07,0000,District - Ahmadabad  07,Urban,20-24,482181,255115,227066,77384,46886,30498,15417,9566,5851,59254,35369,23885,2194,1589,605,482,352,130,37,10,27
C3010,24,07,0000,District - Ahmadabad  07,Urban,25-29,415679,212884,202795,6742,4707,2035,0,0,0,4606,3136,1470,1452,1057,395,647,495,152,37,19,18
C3010,24,07,0000,District - Ahmadabad  07,Urban,30-34,385732,198571,187161,1887,1226,661,0,0,0,871,510,361,546,364,182,422,334,88,48,18,30
C3010,24,07,0000,District - Ahmadabad  07,Urban,35-59,1232304,656796,575508,4024,2664,1360,0,0,0,1164,674,490,1248,773,475,1435,1140,295,177,77,100
C3010,24,07,0000,District - Ahmadabad  07,Urban,60+,301260,146337,154923,490,336,154,0,0,0,184,118,66,102,67,35,157,123,34,47,28,19
C3010,24,07,0000,District - Ahmadabad  07,Urban,Age not stated,6545,3833,2712,69,38,31,0,0,0,59,31,28,5,5,0,5,2,3,0,0,0
C3010,24,08,0000,District - Surendranagar  08,Total,All ages,1515148,787650,727498,283150,167695,115455,273105,160893,112212,7962,5262,2700,1311,1003,308,339,252,87,433,285,148
C3010,24,08,0000,District - Surendranagar  08,Total,0-4,173263,91639,81624,960,535,425,960,535,425,0,0,0,0,0,0,0,0,0,0,0,0
C3010,24,08,0000,District - Surendranagar  08,Total,5,39885,21537,18348,4646,2699,1947,4646,2699,1947,0,0,0,0,0,0,0,0,0,0,0,0
C3010,24,08,0000,District - Surendranagar  08,Total,6,34146,17944,16202,15731,8804,6927,15731,8804,6927,0,0,0,0,0,0,0,0,0,0,0,0
C3010,24,08,0000,District - Surendranagar  08,Total,7,36096,18963,17133,27246,15246,12000,27246,15246,12000,0,0,0,0,0,0,0,0,0,0,0,0
C3010,24,08,0000,District - Surendranagar  08,Total,8,41134,21635,19499,32463,18077,14386,32463,18077,14386,0,0,0,0,0,0,0,0,0,0,0,0
C3010,24,08,0000,District - Surendranagar  08,Total,9,32525,16870,15655,27176,14952,12224,27176,14952,12224,0,0,0,0,0,0,0,0,0,0,0,0
C3010,24,08,0000,District - Surendranagar  08,Total,10,42654,22665,19989,33228,18970,14258,33228,18970,14258,0,0,0,0,0,0,0,0,0,0,0,0
C3010,24,08,0000,District - Surendranagar  08,Total,11,29501,16104,13397,24065,14073,9992,24065,14073,9992,0,0,0,0,0,0,0,0,0,0,0,0
C3010,24,08,0000,District - Surendranagar  08,Total,12,37347,20060,17287,26913,15901,11012,26913,15901,11012,0,0,0,0,0,0,0,0,0,0,0,0
C3010,24,08,0000,District - Surendranagar  08,Total,13,31762,16982,14780,21061,12857,8204,21061,12857,8204,0,0,0,0,0,0,0,0,0,0,0,0
C3010,24,08,0000,District - Surendranagar  08,Total,14,33992,17986,16006,18529,11768,6761,18529,11768,6761,0,0,0,0,0,0,0,0,0,0,0,0
C3010,24,08,0000,District - Surendranagar  08,Total,15-19,163740,86426,77314,43011,28132,14879,38785,25397,13388,3212,1943,1269,796,637,159,178,131,47,40,24,16
C3010,24,08,0000,District - Surendranagar  08,Total,20-24,137581,72321,65260,6886,4769,2117,2302,1614,688,4264,2929,1335,198,139,59,39,33,6,83,54,29
C3010,24,08,0000,District - Surendranagar  08,Total,25-29,113501,58718,54783,577,443,134,0,0,0,360,288,72,108,83,25,27,18,9,82,54,28
C3010,24,08,0000,District - Surendranagar  08,Total,30-34,110142,55648,54494,211,159,52,0,0,0,53,45,8,54,40,14,21,16,5,83,58,25
C3010,24,08,0000,District - Surendranagar  08,Total,35-59,345626,180435,165191,379,275,104,0,0,0,62,51,11,134,96,38,63,47,16,120,81,39
C3010,24,08,0000,District - Surendranagar  08,Total,60+,111472,51268,60204,61,31,30,0,0,0,8,4,4,19,7,12,10,6,4,24,14,10
C3010,24,08,0000,District - Surendranagar  08,Total,Age not stated,781,449,332,7,4,3,0,0,0,3,2,1,2,1,1,1,1,0,1,0,1
C3010,24,08,0000,District - Surendranagar  08,Rural,All ages,1112700,576655,536045,193624,117346,76278,189404,114002,75402,2823,2268,555,700,589,111,274,207,67,423,280,143
C3010,24,08,0000,District - Surendranagar  08,Rural,0-4,136362,71520,64842,434,222,212,434,222,212,0,0,0,0,0,0,0,0,0,0,0,0
C3010,24,08,0000,District - Surendranagar  08,Rural,5,30891,16534,14357,3340,1959,1381,3340,1959,1381,0,0,0,0,0,0,0,0,0,0,0,0
C3010,24,08,0000,District - Surendranagar  08,Rural,6,26617,13907,12710,12142,6838,5304,12142,6838,5304,0,0,0,0,0,0,0,0,0,0,0,0
C3010,24,08,0000,District - Surendranagar  08,Rural,7,27609,14474,13135,20360,11483,8877,20360,11483,8877,0,0,0,0,0,0,0,0,0,0,0,0
C3010,24,08,0000,District - Surendranagar  08,Rural,8,31573,16423,15150,24337,13575,10762,24337,13575,10762,0,0,0,0,0,0,0,0,0,0,0,0
C3010,24,08,0000,District - Surendranagar  08,Rural,9,25232,13054,12178,20673,11480,9193,20673,11480,9193,0,0,0,0,0,0,0,0,0,0,0,0
C3010,24,08,0000,District - Surendranagar  08,Rural,10,31832,16911,14921,24026,13982,10044,24026,13982,10044,0,0,0,0,0,0,0,0,0,0,0,0
C3010,24,08,0000,District - Surendranagar  08,Rural,11,21731,11898,9833,17144,10239,6905,17144,10239,6905,0,0,0,0,0,0,0,0,0,0,0,0
C3010,24,08,0000,District - Surendranagar  08,Rural,12,27520,14790,12730,18836,11400,7436,18836,11400,7436,0,0,0,0,0,0,0,0,0,0,0,0
C3010,24,08,0000,District - Surendranagar  08,Rural,13,22842,12117,10725,13788,8686,5102,13788,8686,5102,0,0,0,0,0,0,0,0,0,0,0,0
C3010,24,08,0000,District - Surendranagar  08,Rural,14,24762,13125,11637,11871,7999,3872,11871,7999,3872,0,0,0,0,0,0,0,0,0,0,0,0
C3010,24,08,0000,District - Surendranagar  08,Rural,15-19,118516,62383,56133,23088,16691,6397,21292,15274,6018,1161,887,274,442,390,52,153,116,37,40,24,16
C3010,24,08,0000,District - Surendranagar  08,Rural,20-24,99617,52154,47463,2799,2205,594,1161,865,296,1457,1201,256,69,59,10,30,26,4,82,54,28
C3010,24,08,0000,District - Surendranagar  08,Rural,25-29,82290,42739,39551,307,244,63,0,0,0,152,133,19,59,46,13,18,14,4,78,51,27
C3010,24,08,0000,District - Surendranagar  08,Rural,30-34,79387,40080,39307,164,127,37,0,0,0,27,25,2,38,31,7,18,14,4,81,57,24
C3010,24,08,0000,District - Surendranagar  08,Rural,35-59,243752,126598,117154,265,191,74,0,0,0,23,19,4,77,60,17,46,32,14,119,80,39
C3010,24,08,0000,District - Surendranagar  08,Rural,60+,81609,37619,43990,45,22,23,0,0,0,1,1,0,14,3,11,8,4,4,22,14,8
C3010,24,08,0000,District - Surendranagar  08,Rural,Age not stated,558,329,229,5,3,2,0,0,0,2,2,0,1,0,1,1,1,0,1,0,1
C3010,24,08,0000,District - Surendranagar  08,Urban,All ages,402448,210995,191453,89526,50349,39177,83701,46891,36810,5139,2994,2145,611,414,197,65,45,20,10,5,5
C3010,24,08,0000,District - Surendranagar  08,Urban,0-4,36901,20119,16782,526,313,213,526,313,213,0,0,0,0,0,0,0,0,0,0,0,0
C3010,24,08,0000,District - Surendranagar  08,Urban,5,8994,5003,3991,1306,740,566,1306,740,566,0,0,0,0,0,0,0,0,0,0,0,0
C3010,24,08,0000,District - Surendranagar  08,Urban,6,7529,4037,3492,3589,1966,1623,3589,1966,1623,0,0,0,0,0,0,0,0,0,0,0,0
C3010,24,08,0000,District - Surendranagar  08,Urban,7,8487,4489,3998,6886,3763,3123,6886,3763,3123,0,0,0,0,0,0,0,0,0,0,0,0
C3010,24,08,0000,District - Surendranagar  08,Urban,8,9561,5212,4349,8126,4502,3624,8126,4502,3624,0,0,0,0,0,0,0,0,0,0,0,0
C3010,24,08,0000,District - Surendranagar  08,Urban,9,7293,3816,3477,6503,3472,3031,6503,3472,3031,0,0,0,0,0,0,0,0,0,0,0,0
C3010,24,08,0000,District - Surendranagar  08,Urban,10,10822,5754,5068,9202,4988,4214,9202,4988,4214,0,0,0,0,0,0,0,0,0,0,0,0
C3010,24,08,0000,District - Surendranagar  08,Urban,11,7770,4206,3564,6921,3834,3087,6921,3834,3087,0,0,0,0,0,0,0,0,0,0,0,0
C3010,24,08,0000,District - Surendranagar  08,Urban,12,9827,5270,4557,8077,4501,3576,8077,4501,3576,0,0,0,0,0,0,0,0,0,0,0,0
C3010,24,08,0000,District - Surendranagar  08,Urban,13,8920,4865,4055,7273,4171,3102,7273,4171,3102,0,0,0,0,0,0,0,0,0,0,0,0
C3010,24,08,0000,District - Surendranagar  08,Urban,14,9230,4861,4369,6658,3769,2889,6658,3769,2889,0,0,0,0,0,0,0,0,0,0,0,0
C3010,24,08,0000,District - Surendranagar  08,Urban,15-19,45224,24043,21181,19923,11441,8482,17493,10123,7370,2051,1056,995,354,247,107,25,15,10,0,0,0
C3010,24,08,0000,District - Surendranagar  08,Urban,20-24,37964,20167,17797,4087,2564,1523,1141,749,392,2807,1728,1079,129,80,49,9,7,2,1,0,1
C3010,24,08,0000,District - Surendranagar  08,Urban,25-29,31211,15979,15232,270,199,71,0,0,0,208,155,53,49,37,12,9,4,5,4,3,1
C3010,24,08,0000,District - Surendranagar  08,Urban,30-34,30755,15568,15187,47,32,15,0,0,0,26,20,6,16,9,7,3,2,1,2,1,1
C3010,24,08,0000,District - Surendranagar  08,Urban,35-59,101874,53837,48037,114,84,30,0,0,0,39,32,7,57,36,21,17,15,2,1,1,0
C3010,24,08,0000,District - Surendranagar  08,Urban,60+,29863,13649,16214,16,9,7,0,0,0,7,3,4,5,4,1,2,2,0,2,0,2
C3010,24,08,0000,District - Surendranagar  08,Urban,Age not stated,223,120,103,2,1,1,0,0,0,1,0,1,1,1,0,0,0,0,0,0,0
C3010,24,09,0000,District - Rajkot  09,Total,All ages,3169881,1642018,1527863,683835,374312,309523,644475,352336,292139,34420,18657,15763,3351,2089,1262,1447,1147,300,142,83,59
C3010,24,09,0000,District - Rajkot  09,Total,0-4,297863,160895,136968,6225,3479,2746,6225,3479,2746,0,0,0,0,0,0,0,0,0,0,0,0
C3010,24,09,0000,District - Rajkot  09,Total,5,71211,38722,32489,16329,9205,7124,16329,9205,7124,0,0,0,0,0,0,0,0,0,0,0,0
C3010,24,09,0000,District - Rajkot  09,Total,6,58110,30785,27325,32645,17702,14943,32645,17702,14943,0,0,0,0,0,0,0,0,0,0,0,0
C3010,24,09,0000,District - Rajkot  09,Total,7,67199,35432,31767,56859,30662,26197,56859,30662,26197,0,0,0,0,0,0,0,0,0,0,0,0
C3010,24,09,0000,District - Rajkot  09,Total,8,75687,40024,35663,66186,35635,30551,66186,35635,30551,0,0,0,0,0,0,0,0,0,0,0,0
C3010,24,09,0000,District - Rajkot  09,Total,9,57730,30194,27536,52442,27883,24559,52442,27883,24559,0,0,0,0,0,0,0,0,0,0,0,0
C3010,24,09,0000,District - Rajkot  09,Total,10,83942,44902,39040,72936,39965,32971,72936,39965,32971,0,0,0,0,0,0,0,0,0,0,0,0
C3010,24,09,0000,District - Rajkot  09,Total,11,57067,30260,26807,51588,27948,23640,51588,27948,23640,0,0,0,0,0,0,0,0,0,0,0,0
C3010,24,09,0000,District - Rajkot  09,Total,12,77306,41104,36202,64514,35437,29077,64514,35437,29077,0,0,0,0,0,0,0,0,0,0,0,0
C3010,24,09,0000,District - Rajkot  09,Total,13,62272,32388,29884,49962,27357,22605,49962,27357,22605,0,0,0,0,0,0,0,0,0,0,0,0
C3010,24,09,0000,District - Rajkot  09,Total,14,69288,35829,33459,48485,26920,21565,48485,26920,21565,0,0,0,0,0,0,0,0,0,0,0,0
C3010,24,09,0000,District - Rajkot  09,Total,15-19,355701,185474,170227,135292,73764,61528,118901,65581,53320,14527,7065,7462,1555,913,642,305,203,102,4,2,2
C3010,24,09,0000,District - Rajkot  09,Total,20-24,309302,161683,147619,26357,15623,10734,7403,4562,2841,18041,10414,7627,671,484,187,229,156,73,13,7,6
C3010,24,09,0000,District - Rajkot  09,Total,25-29,250735,127761,122974,1787,1210,577,0,0,0,1239,809,430,331,229,102,197,161,36,20,11,9
C3010,24,09,0000,District - Rajkot  09,Total,30-34,242432,121449,120983,577,386,191,0,0,0,213,127,86,180,105,75,168,143,25,16,11,5
C3010,24,09,0000,District - Rajkot  09,Total,35-59,784300,408729,375571,1417,998,419,0,0,0,319,194,125,537,322,215,498,442,56,63,40,23
C3010,24,09,0000,District - Rajkot  09,Total,60+,245527,113995,131532,179,116,63,0,0,0,51,36,15,54,28,26,49,41,8,25,11,14
C3010,24,09,0000,District - Rajkot  09,Total,Age not stated,4209,2392,1817,55,22,33,0,0,0,30,12,18,23,8,15,1,1,0,1,1,0
C3010,24,09,0000,District - Rajkot  09,Rural,All ages,1544019,792848,751171,306597,169207,137390,298743,164537,134206,6734,3906,2828,783,529,254,271,192,79,66,43,23
C3010,24,09,0000,District - Rajkot  09,Rural,0-4,157944,84290,73654,1297,711,586,1297,711,586,0,0,0,0,0,0,0,0,0,0,0,0
C3010,24,09,0000,District - Rajkot  09,Rural,5,36402,19541,16861,7826,4421,3405,7826,4421,3405,0,0,0,0,0,0,0,0,0,0,0,0
C3010,24,09,0000,District - Rajkot  09,Rural,6,30267,15796,14471,18169,9871,8298,18169,9871,8298,0,0,0,0,0,0,0,0,0,0,0,0
C3010,24,09,0000,District - Rajkot  09,Rural,7,34499,17997,16502,29296,15815,13481,29296,15815,13481,0,0,0,0,0,0,0,0,0,0,0,0
C3010,24,09,0000,District - Rajkot  09,Rural,8,38582,20110,18472,33650,18015,15635,33650,18015,15635,0,0,0,0,0,0,0,0,0,0,0,0
C3010,24,09,0000,District - Rajkot  09,Rural,9,30771,15974,14797,27934,14855,13079,27934,14855,13079,0,0,0,0,0,0,0,0,0,0,0,0
C3010,24,09,0000,District - Rajkot  09,Rural,10,40776,21547,19229,34898,19191,15707,34898,19191,15707,0,0,0,0,0,0,0,0,0,0,0,0
C3010,24,09,0000,District - Rajkot  09,Rural,11,29249,15470,13779,26184,14287,11897,26184,14287,11897,0,0,0,0,0,0,0,0,0,0,0,0
C3010,24,09,0000,District - Rajkot  09,Rural,12,37568,19771,17797,30294,16725,13569,30294,16725,13569,0,0,0,0,0,0,0,0,0,0,0,0
C3010,24,09,0000,District - Rajkot  09,Rural,13,30428,15887,14541,22992,12958,10034,22992,12958,10034,0,0,0,0,0,0,0,0,0,0,0,0
C3010,24,09,0000,District - Rajkot  09,Rural,14,34320,17669,16651,21671,12369,9302,21671,12369,9302,0,0,0,0,0,0,0,0,0,0,0,0
C3010,24,09,0000,District - Rajkot  09,Rural,15-19,174303,88085,86218,46226,26145,20081,42522,24072,18450,3129,1675,1454,430,287,143,143,110,33,2,1,1
C3010,24,09,0000,District - Rajkot  09,Rural,20-24,147395,76405,70990,5533,3416,2117,2010,1247,763,3334,2022,1312,134,111,23,50,34,16,5,2,3
C3010,24,09,0000,District - Rajkot  09,Rural,25-29,113883,59117,54766,300,230,70,0,0,0,207,165,42,65,46,19,22,15,7,6,4,2
C3010,24,09,0000,District - Rajkot  09,Rural,30-34,111221,55901,55320,86,55,31,0,0,0,26,17,9,30,19,11,22,14,8,8,5,3
C3010,24,09,0000,District - Rajkot  09,Rural,35-59,364144,188016,176128,187,117,70,0,0,0,30,22,8,98,58,40,27,14,13,32,23,9
C3010,24,09,0000,District - Rajkot  09,Rural,60+,130746,60409,70337,39,21,18,0,0,0,5,2,3,15,7,8,6,4,2,13,8,5
C3010,24,09,0000,District - Rajkot  09,Rural,Age not stated,1521,863,658,15,5,10,0,0,0,3,3,0,11,1,10,1,1,0,0,0,0
C3010,24,09,0000,District - Rajkot  09,Urban,All ages,1625862,849170,776692,377238,205105,172133,345732,187799,157933,27686,14751,12935,2568,1560,1008,1176,955,221,76,40,36
C3010,24,09,0000,District - Rajkot  09,Urban,0-4,139919,76605,63314,4928,2768,2160,4928,2768,2160,0,0,0,0,0,0,0,0,0,0,0,0
C3010,24,09,0000,District - Rajkot  09,Urban,5,34809,19181,15628,8503,4784,3719,8503,4784,3719,0,0,0,0,0,0,0,0,0,0,0,0
C3010,24,09,0000,District - Rajkot  09,Urban,6,27843,14989,12854,14476,7831,6645,14476,7831,6645,0,0,0,0,0,0,0,0,0,0,0,0
C3010,24,09,0000,District - Rajkot  09,Urban,7,32700,17435,15265,27563,14847,12716,27563,14847,12716,0,0,0,0,0,0,0,0,0,0,0,0
C3010,24,09,0000,District - Rajkot  09,Urban,8,37105,19914,17191,32536,17620,14916,32536,17620,14916,0,0,0,0,0,0,0,0,0,0,0,0
C3010,24,09,0000,District - Rajkot  09,Urban,9,26959,14220,12739,24508,13028,11480,24508,13028,11480,0,0,0,0,0,0,0,0,0,0,0,0
C3010,24,09,0000,District - Rajkot  09,Urban,10,43166,23355,19811,38038,20774,17264,38038,20774,17264,0,0,0,0,0,0,0,0,0,0,0,0
C3010,24,09,0000,District - Rajkot  09,Urban,11,27818,14790,13028,25404,13661,11743,25404,13661,11743,0,0,0,0,0,0,0,0,0,0,0,0
C3010,24,09,0000,District - Rajkot  09,Urban,12,39738,21333,18405,34220,18712,15508,34220,18712,15508,0,0,0,0,0,0,0,0,0,0,0,0
C3010,24,09,0000,District - Rajkot  09,Urban,13,31844,16501,15343,26970,14399,12571,26970,14399,12571,0,0,0,0,0,0,0,0,0,0,0,0
C3010,24,09,0000,District - Rajkot  09,Urban,14,34968,18160,16808,26814,14551,12263,26814,14551,12263,0,0,0,0,0,0,0,0,0,0,0,0
C3010,24,09,0000,District - Rajkot  09,Urban,15-19,181398,97389,84009,89066,47619,41447,76379,41509,34870,11398,5390,6008,1125,626,499,162,93,69,2,1,1
C3010,24,09,0000,District - Rajkot  09,Urban,20-24,161907,85278,76629,20824,12207,8617,5393,3315,2078,14707,8392,6315,537,373,164,179,122,57,8,5,3
C3010,24,09,0000,District - Rajkot  09,Urban,25-29,136852,68644,68208,1487,980,507,0,0,0,1032,644,388,266,183,83,175,146,29,14,7,7
C3010,24,09,0000,District - Rajkot  09,Urban,30-34,131211,65548,65663,491,331,160,0,0,0,187,110,77,150,86,64,146,129,17,8,6,2
C3010,24,09,0000,District - Rajkot  09,Urban,35-59,420156,220713,199443,1230,881,349,0,0,0,289,172,117,439,264,175,471,428,43,31,17,14
C3010,24,09,0000,District - Rajkot  09,Urban,60+,114781,53586,61195,140,95,45,0,0,0,46,34,12,39,21,18,43,37,6,12,3,9
C3010,24,09,0000,District - Rajkot  09,Urban,Age not stated,2688,1529,1159,40,17,23,0,0,0,27,9,18,12,7,5,0,0,0,1,1,0
C3010,24,10,0000,District - Jamnagar  10,Total,All ages,1904278,981320,922958,377230,210504,166726,358184,198817,159367,15533,9300,6233,2100,1461,639,842,676,166,571,250,321
C3010,24,10,0000,District - Jamnagar  10,Total,0-4,192652,101285,91367,3304,1818,1486,3304,1818,1486,0,0,0,0,0,0,0,0,0,0,0,0
C3010,24,10,0000,District - Jamnagar  10,Total,5,44399,23804,20595,8036,4516,3520,8036,4516,3520,0,0,0,0,0,0,0,0,0,0,0,0
C3010,24,10,0000,District - Jamnagar  10,Total,6,37217,19405,17812,19107,10308,8799,19107,10308,8799,0,0,0,0,0,0,0,0,0,0,0,0
C3010,24,10,0000,District - Jamnagar  10,Total,7,41691,21692,19999,32735,17511,15224,32735,17511,15224,0,0,0,0,0,0,0,0,0,0,0,0
C3010,24,10,0000,District - Jamnagar  10,Total,8,47799,25059,22740,39104,21017,18087,39104,21017,18087,0,0,0,0,0,0,0,0,0,0,0,0
C3010,24,10,0000,District - Jamnagar  10,Total,9,35794,18689,17105,31014,16579,14435,31014,16579,14435,0,0,0,0,0,0,0,0,0,0,0,0
C3010,24,10,0000,District - Jamnagar  10,Total,10,53195,28186,25009,43020,23529,19491,43020,23529,19491,0,0,0,0,0,0,0,0,0,0,0,0
C3010,24,10,0000,District - Jamnagar  10,Total,11,34414,18037,16377,29486,15920,13566,29486,15920,13566,0,0,0,0,0,0,0,0,0,0,0,0
C3010,24,10,0000,District - Jamnagar  10,Total,12,48162,25375,22787,36767,20448,16319,36767,20448,16319,0,0,0,0,0,0,0,0,0,0,0,0
C3010,24,10,0000,District - Jamnagar  10,Total,13,37036,19156,17880,27081,15256,11825,27081,15256,11825,0,0,0,0,0,0,0,0,0,0,0,0
C3010,24,10,0000,District - Jamnagar  10,Total,14,42703,21627,21076,25905,14854,11051,25905,14854,11051,0,0,0,0,0,0,0,0,0,0,0,0
C3010,24,10,0000,District - Jamnagar  10,Total,15-19,213815,110078,103737,65673,38440,27233,58849,34636,24213,5658,2997,2661,988,703,285,155,96,59,23,8,15
C3010,24,10,0000,District - Jamnagar  10,Total,20-24,182833,95596,87237,13024,8280,4744,3776,2425,1351,8551,5353,3198,418,281,137,228,199,29,51,22,29
C3010,24,10,0000,District - Jamnagar  10,Total,25-29,150316,77070,73246,1488,1086,402,0,0,0,993,726,267,238,185,53,189,150,39,68,25,43
C3010,24,10,0000,District - Jamnagar  10,Total,30-34,142291,71972,70319,510,355,155,0,0,0,154,105,49,155,114,41,124,105,19,77,31,46
C3010,24,10,0000,District - Jamnagar  10,Total,35-59,450525,235564,214961,808,490,318,0,0,0,140,98,42,263,160,103,124,108,16,281,124,157
C3010,24,10,0000,District - Jamnagar  10,Total,60+,146511,67103,79408,149,83,66,0,0,0,28,16,12,32,13,19,20,16,4,69,38,31
C3010,24,10,0000,District - Jamnagar  10,Total,Age not stated,2925,1622,1303,19,14,5,0,0,0,9,5,4,6,5,1,2,2,0,2,2,0
C3010,24,10,0000,District - Jamnagar  10,Rural,All ages,1068022,545345,522677,198262,111947,86315,193406,108872,84534,3583,2225,1358,488,394,94,278,224,54,507,232,275
C3010,24,10,0000,District - Jamnagar  10,Rural,0-4,116322,60839,55483,1057,583,474,1057,583,474,0,0,0,0,0,0,0,0,0,0,0,0
C3010,24,10,0000,District - Jamnagar  10,Rural,5,25633,13654,11979,4491,2480,2011,4491,2480,2011,0,0,0,0,0,0,0,0,0,0,0,0
C3010,24,10,0000,District - Jamnagar  10,Rural,6,21698,11225,10473,12090,6517,5573,12090,6517,5573,0,0,0,0,0,0,0,0,0,0,0,0
C3010,24,10,0000,District - Jamnagar  10,Rural,7,23824,12265,11559,19384,10238,9146,19384,10238,9146,0,0,0,0,0,0,0,0,0,0,0,0
C3010,24,10,0000,District - Jamnagar  10,Rural,8,27317,14152,13165,23153,12303,10850,23153,12303,10850,0,0,0,0,0,0,0,0,0,0,0,0
C3010,24,10,0000,District - Jamnagar  10,Rural,9,21219,11018,10201,18994,10063,8931,18994,10063,8931,0,0,0,0,0,0,0,0,0,0,0,0
C3010,24,10,0000,District - Jamnagar  10,Rural,10,29325,15341,13984,24423,13202,11221,24423,13202,11221,0,0,0,0,0,0,0,0,0,0,0,0
C3010,24,10,0000,District - Jamnagar  10,Rural,11,19877,10413,9464,17417,9422,7995,17417,9422,7995,0,0,0,0,0,0,0,0,0,0,0,0
C3010,24,10,0000,District - Jamnagar  10,Rural,12,26447,13920,12527,20383,11453,8930,20383,11453,8930,0,0,0,0,0,0,0,0,0,0,0,0
C3010,24,10,0000,District - Jamnagar  10,Rural,13,20278,10632,9646,14282,8397,5885,14282,8397,5885,0,0,0,0,0,0,0,0,0,0,0,0
C3010,24,10,0000,District - Jamnagar  10,Rural,14,23523,12123,11400,12994,8059,4935,12994,8059,4935,0,0,0,0,0,0,0,0,0,0,0,0
C3010,24,10,0000,District - Jamnagar  10,Rural,15-19,119381,60182,59199,25391,16432,8959,23601,15377,8224,1475,806,669,235,205,30,62,37,25,18,7,11
C3010,24,10,0000,District - Jamnagar  10,Rural,20-24,100680,51945,48735,3297,2254,1043,1137,778,359,1945,1298,647,89,77,12,84,80,4,42,21,21
C3010,24,10,0000,District - Jamnagar  10,Rural,25-29,79728,41287,38441,291,204,87,0,0,0,117,87,30,65,55,10,50,40,10,59,22,37
C3010,24,10,0000,District - Jamnagar  10,Rural,30-34,76119,38135,37984,168,98,70,0,0,0,30,23,7,28,14,14,43,35,8,67,26,41
C3010,24,10,0000,District - Jamnagar  10,Rural,35-59,244165,125771,118394,364,195,169,0,0,0,13,10,3,63,41,22,32,26,6,256,118,138
C3010,24,10,0000,District - Jamnagar  10,Rural,60+,90975,41592,49383,80,46,34,0,0,0,2,1,1,6,1,5,7,6,1,65,38,27
C3010,24,10,0000,District - Jamnagar  10,Rural,Age not stated,1511,851,660,3,1,2,0,0,0,1,0,1,2,1,1,0,0,0,0,0,0
C3010,24,10,0000,District - Jamnagar  10,Urban,All ages,836256,435975,400281,178968,98557,80411,164778,89945,74833,11950,7075,4875,1612,1067,545,564,452,112,64,18,46
C3010,24,10,0000,District - Jamnagar  10,Urban,0-4,76330,40446,35884,2247,1235,1012,2247,1235,1012,0,0,0,0,0,0,0,0,0,0,0,0
C3010,24,10,0000,District - Jamnagar  10,Urban,5,18766,10150,8616,3545,2036,1509,3545,2036,1509,0,0,0,0,0,0,0,0,0,0,0,0
C3010,24,10,0000,District - Jamnagar  10,Urban,6,15519,8180,7339,7017,3791,3226,7017,3791,3226,0,0,0,0,0,0,0,0,0,0,0,0
C3010,24,10,0000,District - Jamnagar  10,Urban,7,17867,9427,8440,13351,7273,6078,13351,7273,6078,0,0,0,0,0,0,0,0,0,0,0,0
C3010,24,10,0000,District - Jamnagar  10,Urban,8,20482,10907,9575,15951,8714,7237,15951,8714,7237,0,0,0,0,0,0,0,0,0,0,0,0
C3010,24,10,0000,District - Jamnagar  10,Urban,9,14575,7671,6904,12020,6516,5504,12020,6516,5504,0,0,0,0,0,0,0,0,0,0,0,0
C3010,24,10,0000,District - Jamnagar  10,Urban,10,23870,12845,11025,18597,10327,8270,18597,10327,8270,0,0,0,0,0,0,0,0,0,0,0,0
C3010,24,10,0000,District - Jamnagar  10,Urban,11,14537,7624,6913,12069,6498,5571,12069,6498,5571,0,0,0,0,0,0,0,0,0,0,0,0
C3010,24,10,0000,District - Jamnagar  10,Urban,12,21715,11455,10260,16384,8995,7389,16384,8995,7389,0,0,0,0,0,0,0,0,0,0,0,0
C3010,24,10,0000,District - Jamnagar  10,Urban,13,16758,8524,8234,12799,6859,5940,12799,6859,5940,0,0,0,0,0,0,0,0,0,0,0,0
C3010,24,10,0000,District - Jamnagar  10,Urban,14,19180,9504,9676,12911,6795,6116,12911,6795,6116,0,0,0,0,0,0,0,0,0,0,0,0
C3010,24,10,0000,District - Jamnagar  10,Urban,15-19,94434,49896,44538,40282,22008,18274,35248,19259,15989,4183,2191,1992,753,498,255,93,59,34,5,1,4
C3010,24,10,0000,District - Jamnagar  10,Urban,20-24,82153,43651,38502,9727,6026,3701,2639,1647,992,6606,4055,2551,329,204,125,144,119,25,9,1,8
C3010,24,10,0000,District - Jamnagar  10,Urban,25-29,70588,35783,34805,1197,882,315,0,0,0,876,639,237,173,130,43,139,110,29,9,3,6
C3010,24,10,0000,District - Jamnagar  10,Urban,30-34,66172,33837,32335,342,257,85,0,0,0,124,82,42,127,100,27,81,70,11,10,5,5
C3010,24,10,0000,District - Jamnagar  10,Urban,35-59,206360,109793,96567,444,295,149,0,0,0,127,88,39,200,119,81,92,82,10,25,6,19
C3010,24,10,0000,District - Jamnagar  10,Urban,60+,55536,25511,30025,69,37,32,0,0,0,26,15,11,26,12,14,13,10,3,4,0,4
C3010,24,10,0000,District - Jamnagar  10,Urban,Age not stated,1414,771,643,16,13,3,0,0,0,8,5,3,4,4,0,2,2,0,2,2,0
C3010,24,11,0000,District - Porbandar  *  11,Total,All ages,536835,275821,261014,103095,56909,46186,99224,54545,44679,3487,2081,1406,286,213,73,85,63,22,13,7,6
C3010,24,11,0000,District - Porbandar  *  11,Total,0-4,54019,28298,25721,481,258,223,481,258,223,0,0,0,0,0,0,0,0,0,0,0,0
C3010,24,11,0000,District - Porbandar  *  11,Total,5,12119,6557,5562,2188,1240,948,2188,1240,948,0,0,0,0,0,0,0,0,0,0,0,0
C3010,24,11,0000,District - Porbandar  *  11,Total,6,9961,5247,4714,5315,2847,2468,5315,2847,2468,0,0,0,0,0,0,0,0,0,0,0,0
C3010,24,11,0000,District - Porbandar  *  11,Total,7,11382,5933,5449,9443,4968,4475,9443,4968,4475,0,0,0,0,0,0,0,0,0,0,0,0
C3010,24,11,0000,District - Porbandar  *  11,Total,8,12680,6686,5994,11008,5870,5138,11008,5870,5138,0,0,0,0,0,0,0,0,0,0,0,0
C3010,24,11,0000,District - Porbandar  *  11,Total,9,10162,5284,4878,9146,4804,4342,9146,4804,4342,0,0,0,0,0,0,0,0,0,0,0,0
C3010,24,11,0000,District - Porbandar  *  11,Total,10,13839,7374,6465,11768,6400,5368,11768,6400,5368,0,0,0,0,0,0,0,0,0,0,0,0
C3010,24,11,0000,District - Porbandar  *  11,Total,11,9462,5051,4411,8306,4544,3762,8306,4544,3762,0,0,0,0,0,0,0,0,0,0,0,0
C3010,24,11,0000,District - Porbandar  *  11,Total,12,12619,6629,5990,10027,5468,4559,10027,5468,4559,0,0,0,0,0,0,0,0,0,0,0,0
C3010,24,11,0000,District - Porbandar  *  11,Total,13,10197,5159,5038,7700,4155,3545,7700,4155,3545,0,0,0,0,0,0,0,0,0,0,0,0
C3010,24,11,0000,District - Porbandar  *  11,Total,14,11601,5935,5666,7237,4102,3135,7237,4102,3135,0,0,0,0,0,0,0,0,0,0,0,0
C3010,24,11,0000,District - Porbandar  *  11,Total,15-19,57105,30291,26814,16941,9968,6973,15530,9189,6341,1284,677,607,92,75,17,33,26,7,2,1,1
C3010,24,11,0000,District - Porbandar  *  11,Total,20-24,50328,26748,23580,3070,1956,1114,1075,700,375,1916,1197,719,57,44,13,20,14,6,2,1,1
C3010,24,11,0000,District - Porbandar  *  11,Total,25-29,44035,22133,21902,278,206,72,0,0,0,217,156,61,48,41,7,12,9,3,1,0,1
C3010,24,11,0000,District - Porbandar  *  11,Total,30-34,41011,20604,20407,55,38,17,0,0,0,33,25,8,11,6,5,8,6,2,3,1,2
C3010,24,11,0000,District - Porbandar  *  11,Total,35-59,133202,68358,64844,113,70,43,0,0,0,31,23,8,69,39,30,11,7,4,2,1,1
C3010,24,11,0000,District - Porbandar  *  11,Total,60+,42709,19308,23401,12,10,2,0,0,0,2,1,1,6,5,1,1,1,0,3,3,0
C3010,24,11,0000,District - Porbandar  *  11,Total,Age not stated,404,226,178,7,5,2,0,0,0,4,2,2,3,3,0,0,0,0,0,0,0
C3010,24,11,0000,District - Porbandar  *  11,Rural,All ages,275460,141068,134392,47827,26578,21249,46949,25996,20953,726,456,270,112,95,17,35,26,9,5,5,0
C3010,24,11,0000,District - Porbandar  *  11,Rural,0-4,30134,15720,14414,174,96,78,174,96,78,0,0,0,0,0,0,0,0,0,0,0,0
C3010,24,11,0000,District - Porbandar  *  11,Rural,5,6432,3507,2925,1302,752,550,1302,752,550,0,0,0,0,0,0,0,0,0,0,0,0
C3010,24,11,0000,District - Porbandar  *  11,Rural,6,5320,2765,2555,2991,1570,1421,2991,1570,1421,0,0,0,0,0,0,0,0,0,0,0,0
C3010,24,11,0000,District - Porbandar  *  11,Rural,7,6007,3129,2878,4898,2568,2330,4898,2568,2330,0,0,0,0,0,0,0,0,0,0,0,0
C3010,24,11,0000,District - Porbandar  *  11,Rural,8,6651,3434,3217,5700,2965,2735,5700,2965,2735,0,0,0,0,0,0,0,0,0,0,0,0
C3010,24,11,0000,District - Porbandar  *  11,Rural,9,5524,2856,2668,4965,2603,2362,4965,2603,2362,0,0,0,0,0,0,0,0,0,0,0,0
C3010,24,11,0000,District - Porbandar  *  11,Rural,10,6883,3672,3211,5694,3122,2572,5694,3122,2572,0,0,0,0,0,0,0,0,0,0,0,0
C3010,24,11,0000,District - Porbandar  *  11,Rural,11,4892,2591,2301,4236,2320,1916,4236,2320,1916,0,0,0,0,0,0,0,0,0,0,0,0
C3010,24,11,0000,District - Porbandar  *  11,Rural,12,6298,3305,2993,4781,2641,2140,4781,2641,2140,0,0,0,0,0,0,0,0,0,0,0,0
C3010,24,11,0000,District - Porbandar  *  11,Rural,13,5035,2540,2495,3492,1943,1549,3492,1943,1549,0,0,0,0,0,0,0,0,0,0,0,0
C3010,24,11,0000,District - Porbandar  *  11,Rural,14,5844,2954,2890,3168,1848,1320,3168,1848,1320,0,0,0,0,0,0,0,0,0,0,0,0
C3010,24,11,0000,District - Porbandar  *  11,Rural,15-19,28416,14969,13447,5607,3579,2028,5267,3382,1885,288,150,138,32,31,1,19,15,4,1,1,0
C3010,24,11,0000,District - Porbandar  *  11,Rural,20-24,25175,13426,11749,703,483,220,281,186,95,391,269,122,23,21,2,7,6,1,1,1,0
C3010,24,11,0000,District - Porbandar  *  11,Rural,25-29,22339,11346,10993,55,39,16,0,0,0,32,24,8,19,13,6,4,2,2,0,0,0
C3010,24,11,0000,District - Porbandar  *  11,Rural,30-34,20602,10343,10259,16,14,2,0,0,0,8,8,0,5,4,1,2,1,1,1,1,0
C3010,24,11,0000,District - Porbandar  *  11,Rural,35-59,66015,33667,32348,37,29,8,0,0,0,6,5,1,27,21,6,3,2,1,1,1,0
C3010,24,11,0000,District - Porbandar  *  11,Rural,60+,23713,10741,12972,6,5,1,0,0,0,0,0,0,5,4,1,0,0,0,1,1,0
C3010,24,11,0000,District - Porbandar  *  11,Rural,Age not stated,180,103,77,2,1,1,0,0,0,1,0,1,1,1,0,0,0,0,0,0,0
C3010,24,11,0000,District - Porbandar  *  11,Urban,All ages,261375,134753,126622,55268,30331,24937,52275,28549,23726,2761,1625,1136,174,118,56,50,37,13,8,2,6
C3010,24,11,0000,District - Porbandar  *  11,Urban,0-4,23885,12578,11307,307,162,145,307,162,145,0,0,0,0,0,0,0,0,0,0,0,0
C3010,24,11,0000,District - Porbandar  *  11,Urban,5,5687,3050,2637,886,488,398,886,488,398,0,0,0,0,0,0,0,0,0,0,0,0
C3010,24,11,0000,District - Porbandar  *  11,Urban,6,4641,2482,2159,2324,1277,1047,2324,1277,1047,0,0,0,0,0,0,0,0,0,0,0,0
C3010,24,11,0000,District - Porbandar  *  11,Urban,7,5375,2804,2571,4545,2400,2145,4545,2400,2145,0,0,0,0,0,0,0,0,0,0,0,0
C3010,24,11,0000,District - Porbandar  *  11,Urban,8,6029,3252,2777,5308,2905,2403,5308,2905,2403,0,0,0,0,0,0,0,0,0,0,0,0
C3010,24,11,0000,District - Porbandar  *  11,Urban,9,4638,2428,2210,4181,2201,1980,4181,2201,1980,0,0,0,0,0,0,0,0,0,0,0,0
C3010,24,11,0000,District - Porbandar  *  11,Urban,10,6956,3702,3254,6074,3278,2796,6074,3278,2796,0,0,0,0,0,0,0,0,0,0,0,0
C3010,24,11,0000,District - Porbandar  *  11,Urban,11,4570,2460,2110,4070,2224,1846,4070,2224,1846,0,0,0,0,0,0,0,0,0,0,0,0
C3010,24,11,0000,District - Porbandar  *  11,Urban,12,6321,3324,2997,5246,2827,2419,5246,2827,2419,0,0,0,0,0,0,0,0,0,0,0,0
C3010,24,11,0000,District - Porbandar  *  11,Urban,13,5162,2619,2543,4208,2212,1996,4208,2212,1996,0,0,0,0,0,0,0,0,0,0,0,0
C3010,24,11,0000,District - Porbandar  *  11,Urban,14,5757,2981,2776,4069,2254,1815,4069,2254,1815,0,0,0,0,0,0,0,0,0,0,0,0
C3010,24,11,0000,District - Porbandar  *  11,Urban,15-19,28689,15322,13367,11334,6389,4945,10263,5807,4456,996,527,469,60,44,16,14,11,3,1,0,1
C3010,24,11,0000,District - Porbandar  *  11,Urban,20-24,25153,13322,11831,2367,1473,894,794,514,280,1525,928,597,34,23,11,13,8,5,1,0,1
C3010,24,11,0000,District - Porbandar  *  11,Urban,25-29,21696,10787,10909,223,167,56,0,0,0,185,132,53,29,28,1,8,7,1,1,0,1
C3010,24,11,0000,District - Porbandar  *  11,Urban,30-34,20409,10261,10148,39,24,15,0,0,0,25,17,8,6,2,4,6,5,1,2,0,2
C3010,24,11,0000,District - Porbandar  *  11,Urban,35-59,67187,34691,32496,76,41,35,0,0,0,25,18,7,42,18,24,8,5,3,1,0,1
C3010,24,11,0000,District - Porbandar  *  11,Urban,60+,18996,8567,10429,6,5,1,0,0,0,2,1,1,1,1,0,1,1,0,2,2,0
C3010,24,11,0000,District - Porbandar  *  11,Urban,Age not stated,224,123,101,5,4,1,0,0,0,3,2,1,2,2,0,0,0,0,0,0,0
C3010,24,12,0000,District - Junagadh  12,Total,All ages,2448173,1252350,1195823,525318,289032,236286,500824,274691,226133,21698,12176,9522,2117,1662,455,565,442,123,114,61,53
C3010,24,12,0000,District - Junagadh  12,Total,0-4,260017,136728,123289,3659,2043,1616,3659,2043,1616,0,0,0,0,0,0,0,0,0,0,0,0
C3010,24,12,0000,District - Junagadh  12,Total,5,60312,32081,28231,11610,6397,5213,11610,6397,5213,0,0,0,0,0,0,0,0,0,0,0,0
C3010,24,12,0000,District - Junagadh  12,Total,6,49362,25483,23879,25422,13617,11805,25422,13617,11805,0,0,0,0,0,0,0,0,0,0,0,0
C3010,24,12,0000,District - Junagadh  12,Total,7,55344,28805,26539,46126,24628,21498,46126,24628,21498,0,0,0,0,0,0,0,0,0,0,0,0
C3010,24,12,0000,District - Junagadh  12,Total,8,62754,32537,30217,54183,28820,25363,54183,28820,25363,0,0,0,0,0,0,0,0,0,0,0,0
C3010,24,12,0000,District - Junagadh  12,Total,9,48846,25285,23561,44338,23480,20858,44338,23480,20858,0,0,0,0,0,0,0,0,0,0,0,0
C3010,24,12,0000,District - Junagadh  12,Total,10,66551,34931,31620,57168,31025,26143,57168,31025,26143,0,0,0,0,0,0,0,0,0,0,0,0
C3010,24,12,0000,District - Junagadh  12,Total,11,45033,23835,21198,40390,22009,18381,40390,22009,18381,0,0,0,0,0,0,0,0,0,0,0,0
C3010,24,12,0000,District - Junagadh  12,Total,12,63646,33676,29970,51374,28736,22638,51374,28736,22638,0,0,0,0,0,0,0,0,0,0,0,0
C3010,24,12,0000,District - Junagadh  12,Total,13,49011,25465,23546,38743,21590,17153,38743,21590,17153,0,0,0,0,0,0,0,0,0,0,0,0
C3010,24,12,0000,District - Junagadh  12,Total,14,55737,28557,27180,37451,21129,16322,37451,21129,16322,0,0,0,0,0,0,0,0,0,0,0,0
C3010,24,12,0000,District - Junagadh  12,Total,15-19,267347,135859,131488,94752,52659,42093,84861,47706,37155,8966,4213,4753,733,598,135,183,135,48,9,7,2
C3010,24,12,0000,District - Junagadh  12,Total,20-24,230278,118554,111724,17449,10887,6562,5499,3511,1988,11500,7031,4469,366,283,83,67,53,14,17,9,8
C3010,24,12,0000,District - Junagadh  12,Total,25-29,192204,97987,94217,1288,984,304,0,0,0,949,733,216,269,199,70,58,44,14,12,8,4
C3010,24,12,0000,District - Junagadh  12,Total,30-34,182123,90824,91299,317,230,87,0,0,0,137,98,39,124,91,33,47,36,11,9,5,4
C3010,24,12,0000,District - Junagadh  12,Total,35-59,575257,297047,278210,923,719,204,0,0,0,122,89,33,574,455,119,186,156,30,41,19,22
C3010,24,12,0000,District - Junagadh  12,Total,60+,182137,83408,98729,114,73,41,0,0,0,15,8,7,49,34,15,24,18,6,26,13,13
C3010,24,12,0000,District - Junagadh  12,Total,Age not stated,2214,1288,926,11,6,5,0,0,0,9,4,5,2,2,0,0,0,0,0,0,0
C3010,24,12,0000,District - Junagadh  12,Rural,All ages,1736645,885414,851231,355584,196769,158815,344605,189725,154880,9912,6211,3701,816,667,149,178,129,49,73,37,36
C3010,24,12,0000,District - Junagadh  12,Rural,0-4,193351,101184,92167,1791,1001,790,1791,1001,790,0,0,0,0,0,0,0,0,0,0,0,0
C3010,24,12,0000,District - Junagadh  12,Rural,5,44068,23278,20790,8315,4604,3711,8315,4604,3711,0,0,0,0,0,0,0,0,0,0,0,0
C3010,24,12,0000,District - Junagadh  12,Rural,6,35965,18434,17531,19407,10395,9012,19407,10395,9012,0,0,0,0,0,0,0,0,0,0,0,0
C3010,24,12,0000,District - Junagadh  12,Rural,7,39992,20646,19346,33280,17666,15614,33280,17666,15614,0,0,0,0,0,0,0,0,0,0,0,0
C3010,24,12,0000,District - Junagadh  12,Rural,8,45497,23428,22069,39405,20876,18529,39405,20876,18529,0,0,0,0,0,0,0,0,0,0,0,0
C3010,24,12,0000,District - Junagadh  12,Rural,9,36087,18606,17481,32878,17382,15496,32878,17382,15496,0,0,0,0,0,0,0,0,0,0,0,0
C3010,24,12,0000,District - Junagadh  12,Rural,10,46821,24338,22483,40229,21690,18539,40229,21690,18539,0,0,0,0,0,0,0,0,0,0,0,0
C3010,24,12,0000,District - Junagadh  12,Rural,11,32058,16914,15144,28777,15659,13118,28777,15659,13118,0,0,0,0,0,0,0,0,0,0,0,0
C3010,24,12,0000,District - Junagadh  12,Rural,12,44249,23126,21123,35599,19750,15849,35599,19750,15849,0,0,0,0,0,0,0,0,0,0,0,0
C3010,24,12,0000,District - Junagadh  12,Rural,13,33601,17622,15979,26016,14805,11211,26016,14805,11211,0,0,0,0,0,0,0,0,0,0,0,0
C3010,24,12,0000,District - Junagadh  12,Rural,14,38517,19687,18830,24915,14317,10598,24915,14317,10598,0,0,0,0,0,0,0,0,0,0,0,0
C3010,24,12,0000,District - Junagadh  12,Rural,15-19,184742,93549,91193,55472,32162,23310,50959,29621,21338,4102,2197,1905,345,299,46,62,43,19,4,2,2
C3010,24,12,0000,District - Junagadh  12,Rural,20-24,161977,83219,78758,8486,5655,2831,3034,1959,1075,5267,3541,1726,156,131,25,20,18,2,9,6,3
C3010,24,12,0000,District - Junagadh  12,Rural,25-29,134970,69186,65784,587,500,87,0,0,0,444,386,58,114,93,21,22,16,6,7,5,2
C3010,24,12,0000,District - Junagadh  12,Rural,30-34,127856,63937,63919,132,109,23,0,0,0,48,44,4,59,49,10,19,14,5,6,2,4
C3010,24,12,0000,District - Junagadh  12,Rural,35-59,400592,205889,194703,244,168,76,0,0,0,42,36,6,127,85,42,48,35,13,27,12,15
C3010,24,12,0000,District - Junagadh  12,Rural,60+,134836,61514,73322,47,26,21,0,0,0,6,4,2,14,9,5,7,3,4,20,10,10
C3010,24,12,0000,District - Junagadh  12,Rural,Age not stated,1466,857,609,4,4,0,0,0,0,3,3,0,1,1,0,0,0,0,0,0,0
C3010,24,12,0000,District - Junagadh  12,Urban,All ages,711528,366936,344592,169734,92263,77471,156219,84966,71253,11786,5965,5821,1301,995,306,387,313,74,41,24,17
C3010,24,12,0000,District - Junagadh  12,Urban,0-4,66666,35544,31122,1868,1042,826,1868,1042,826,0,0,0,0,0,0,0,0,0,0,0,0
C3010,24,12,0000,District - Junagadh  12,Urban,5,16244,8803,7441,3295,1793,1502,3295,1793,1502,0,0,0,0,0,0,0,0,0,0,0,0
C3010,24,12,0000,District - Junagadh  12,Urban,6,13397,7049,6348,6015,3222,2793,6015,3222,2793,0,0,0,0,0,0,0,0,0,0,0,0
C3010,24,12,0000,District - Junagadh  12,Urban,7,15352,8159,7193,12846,6962,5884,12846,6962,5884,0,0,0,0,0,0,0,0,0,0,0,0
C3010,24,12,0000,District - Junagadh  12,Urban,8,17257,9109,8148,14778,7944,6834,14778,7944,6834,0,0,0,0,0,0,0,0,0,0,0,0
C3010,24,12,0000,District - Junagadh  12,Urban,9,12759,6679,6080,11460,6098,5362,11460,6098,5362,0,0,0,0,0,0,0,0,0,0,0,0
C3010,24,12,0000,District - Junagadh  12,Urban,10,19730,10593,9137,16939,9335,7604,16939,9335,7604,0,0,0,0,0,0,0,0,0,0,0,0
C3010,24,12,0000,District - Junagadh  12,Urban,11,12975,6921,6054,11613,6350,5263,11613,6350,5263,0,0,0,0,0,0,0,0,0,0,0,0
C3010,24,12,0000,District - Junagadh  12,Urban,12,19397,10550,8847,15775,8986,6789,15775,8986,6789,0,0,0,0,0,0,0,0,0,0,0,0
C3010,24,12,0000,District - Junagadh  12,Urban,13,15410,7843,7567,12727,6785,5942,12727,6785,5942,0,0,0,0,0,0,0,0,0,0,0,0
C3010,24,12,0000,District - Junagadh  12,Urban,14,17220,8870,8350,12536,6812,5724,12536,6812,5724,0,0,0,0,0,0,0,0,0,0,0,0
C3010,24,12,0000,District - Junagadh  12,Urban,15-19,82605,42310,40295,39280,20497,18783,33902,18085,15817,4864,2016,2848,388,299,89,121,92,29,5,5,0
C3010,24,12,0000,District - Junagadh  12,Urban,20-24,68301,35335,32966,8963,5232,3731,2465,1552,913,6233,3490,2743,210,152,58,47,35,12,8,3,5
C3010,24,12,0000,District - Junagadh  12,Urban,25-29,57234,28801,28433,701,484,217,0,0,0,505,347,158,155,106,49,36,28,8,5,3,2
C3010,24,12,0000,District - Junagadh  12,Urban,30-34,54267,26887,27380,185,121,64,0,0,0,89,54,35,65,42,23,28,22,6,3,3,0
C3010,24,12,0000,District - Junagadh  12,Urban,35-59,174665,91158,83507,679,551,128,0,0,0,80,53,27,447,370,77,138,121,17,14,7,7
C3010,24,12,0000,District - Junagadh  12,Urban,60+,47301,21894,25407,67,47,20,0,0,0,9,4,5,35,25,10,17,15,2,6,3,3
C3010,24,12,0000,District - Junagadh  12,Urban,Age not stated,748,431,317,7,2,5,0,0,0,6,1,5,1,1,0,0,0,0,0,0,0
C3010,24,13,0000,District - Amreli  13,Total,All ages,1393918,701593,692325,301873,164979,136894,292240,159320,132920,8284,4671,3613,953,727,226,212,146,66,184,115,69
C3010,24,13,0000,District - Amreli  13,Total,0-4,136207,72122,64085,1474,768,706,1474,768,706,0,0,0,0,0,0,0,0,0,0,0,0
C3010,24,13,0000,District - Amreli  13,Total,5,33336,17774,15562,6143,3402,2741,6143,3402,2741,0,0,0,0,0,0,0,0,0,0,0,0
C3010,24,13,0000,District - Amreli  13,Total,6,29114,15101,14013,15469,8375,7094,15469,8375,7094,0,0,0,0,0,0,0,0,0,0,0,0
C3010,24,13,0000,District - Amreli  13,Total,7,32872,17078,15794,26702,14305,12397,26702,14305,12397,0,0,0,0,0,0,0,0,0,0,0,0
C3010,24,13,0000,District - Amreli  13,Total,8,37439,19659,17780,32098,17297,14801,32098,17297,14801,0,0,0,0,0,0,0,0,0,0,0,0
C3010,24,13,0000,District - Amreli  13,Total,9,29570,15299,14271,26595,14104,12491,26595,14104,12491,0,0,0,0,0,0,0,0,0,0,0,0
C3010,24,13,0000,District - Amreli  13,Total,10,41217,21756,19461,35406,19313,16093,35406,19313,16093,0,0,0,0,0,0,0,0,0,0,0,0
C3010,24,13,0000,District - Amreli  13,Total,11,28054,14778,13276,24847,13550,11297,24847,13550,11297,0,0,0,0,0,0,0,0,0,0,0,0
C3010,24,13,0000,District - Amreli  13,Total,12,38489,20217,18272,31066,17188,13878,31066,17188,13878,0,0,0,0,0,0,0,0,0,0,0,0
C3010,24,13,0000,District - Amreli  13,Total,13,30207,15582,14625,23174,12816,10358,23174,12816,10358,0,0,0,0,0,0,0,0,0,0,0,0
C3010,24,13,0000,District - Amreli  13,Total,14,33113,16542,16571,21509,11855,9654,21509,11855,9654,0,0,0,0,0,0,0,0,0,0,0,0
C3010,24,13,0000,District - Amreli  13,Total,15-19,160105,77099,83006,49674,27181,22493,45392,24852,20540,3695,1851,1844,509,418,91,69,53,16,9,7,2
C3010,24,13,0000,District - Amreli  13,Total,20-24,116761,57985,58776,6753,4179,2574,2365,1495,870,4169,2520,1649,156,117,39,43,33,10,20,14,6
C3010,24,13,0000,District - Amreli  13,Total,25-29,95533,47554,47979,450,308,142,0,0,0,282,203,79,115,71,44,31,20,11,22,14,8
C3010,24,13,0000,District - Amreli  13,Total,30-34,97622,47486,50136,143,95,48,0,0,0,50,31,19,42,33,9,17,8,9,34,23,11
C3010,24,13,0000,District - Amreli  13,Total,35-59,330388,169309,161079,288,197,91,0,0,0,71,53,18,100,72,28,43,26,17,74,46,28
C3010,24,13,0000,District - Amreli  13,Total,60+,123214,55862,67352,79,43,36,0,0,0,16,12,4,29,14,15,9,6,3,25,11,14
C3010,24,13,0000,District - Amreli  13,Total,Age not stated,677,390,287,3,3,0,0,0,0,1,1,0,2,2,0,0,0,0,0,0,0
C3010,24,13,0000,District - Amreli  13,Rural,All ages,1080960,540316,540644,226303,123991,102312,221501,121089,100412,3955,2285,1670,598,467,131,102,59,43,147,91,56
C3010,24,13,0000,District - Amreli  13,Rural,0-4,107800,56934,50866,937,482,455,937,482,455,0,0,0,0,0,0,0,0,0,0,0,0
C3010,24,13,0000,District - Amreli  13,Rural,5,26118,13828,12290,4809,2675,2134,4809,2675,2134,0,0,0,0,0,0,0,0,0,0,0,0
C3010,24,13,0000,District - Amreli  13,Rural,6,23077,11941,11136,12628,6871,5757,12628,6871,5757,0,0,0,0,0,0,0,0,0,0,0,0
C3010,24,13,0000,District - Amreli  13,Rural,7,25629,13294,12335,20925,11214,9711,20925,11214,9711,0,0,0,0,0,0,0,0,0,0,0,0
C3010,24,13,0000,District - Amreli  13,Rural,8,29339,15312,14027,25233,13575,11658,25233,13575,11658,0,0,0,0,0,0,0,0,0,0,0,0
C3010,24,13,0000,District - Amreli  13,Rural,9,23520,12183,11337,21216,11275,9941,21216,11275,9941,0,0,0,0,0,0,0,0,0,0,0,0
C3010,24,13,0000,District - Amreli  13,Rural,10,31958,16797,15161,27487,14982,12505,27487,14982,12505,0,0,0,0,0,0,0,0,0,0,0,0
C3010,24,13,0000,District - Amreli  13,Rural,11,21857,11468,10389,19368,10564,8804,19368,10564,8804,0,0,0,0,0,0,0,0,0,0,0,0
C3010,24,13,0000,District - Amreli  13,Rural,12,29766,15579,14187,23920,13258,10662,23920,13258,10662,0,0,0,0,0,0,0,0,0,0,0,0
C3010,24,13,0000,District - Amreli  13,Rural,13,23141,11909,11232,17423,9700,7723,17423,9700,7723,0,0,0,0,0,0,0,0,0,0,0,0
C3010,24,13,0000,District - Amreli  13,Rural,14,25287,12572,12715,15887,8889,6998,15887,8889,6998,0,0,0,0,0,0,0,0,0,0,0,0
C3010,24,13,0000,District - Amreli  13,Rural,15-19,123015,57624,65391,32501,18001,14500,30334,16765,13569,1840,964,876,309,259,50,14,9,5,4,4,0
C3010,24,13,0000,District - Amreli  13,Rural,20-24,87831,42977,44854,3386,2111,1275,1334,839,495,1935,1184,751,84,66,18,18,12,6,15,10,5
C3010,24,13,0000,District - Amreli  13,Rural,25-29,71777,35638,36139,244,172,72,0,0,0,135,103,32,76,49,27,19,10,9,14,10,4
C3010,24,13,0000,District - Amreli  13,Rural,30-34,74598,36192,38406,98,68,30,0,0,0,24,17,7,34,28,6,12,4,8,28,19,9
C3010,24,13,0000,District - Amreli  13,Rural,35-59,255167,130194,124973,184,123,61,0,0,0,15,13,2,74,54,20,33,19,14,62,37,25
C3010,24,13,0000,District - Amreli  13,Rural,60+,100611,45608,55003,54,28,26,0,0,0,5,3,2,19,9,10,6,5,1,24,11,13
C3010,24,13,0000,District - Amreli  13,Rural,Age not stated,469,266,203,3,3,0,0,0,0,1,1,0,2,2,0,0,0,0,0,0,0
C3010,24,13,0000,District - Amreli  13,Urban,All ages,312958,161277,151681,75570,40988,34582,70739,38231,32508,4329,2386,1943,355,260,95,110,87,23,37,24,13
C3010,24,13,0000,District - Amreli  13,Urban,0-4,28407,15188,13219,537,286,251,537,286,251,0,0,0,0,0,0,0,0,0,0,0,0
C3010,24,13,0000,District - Amreli  13,Urban,5,7218,3946,3272,1334,727,607,1334,727,607,0,0,0,0,0,0,0,0,0,0,0,0
C3010,24,13,0000,District - Amreli  13,Urban,6,6037,3160,2877,2841,1504,1337,2841,1504,1337,0,0,0,0,0,0,0,0,0,0,0,0
C3010,24,13,0000,District - Amreli  13,Urban,7,7243,3784,3459,5777,3091,2686,5777,3091,2686,0,0,0,0,0,0,0,0,0,0,0,0
C3010,24,13,0000,District - Amreli  13,Urban,8,8100,4347,3753,6865,3722,3143,6865,3722,3143,0,0,0,0,0,0,0,0,0,0,0,0
C3010,24,13,0000,District - Amreli  13,Urban,9,6050,3116,2934,5379,2829,2550,5379,2829,2550,0,0,0,0,0,0,0,0,0,0,0,0
C3010,24,13,0000,District - Amreli  13,Urban,10,9259,4959,4300,7919,4331,3588,7919,4331,3588,0,0,0,0,0,0,0,0,0,0,0,0
C3010,24,13,0000,District - Amreli  13,Urban,11,6197,3310,2887,5479,2986,2493,5479,2986,2493,0,0,0,0,0,0,0,0,0,0,0,0
C3010,24,13,0000,District - Amreli  13,Urban,12,8723,4638,4085,7146,3930,3216,7146,3930,3216,0,0,0,0,0,0,0,0,0,0,0,0
C3010,24,13,0000,District - Amreli  13,Urban,13,7066,3673,3393,5751,3116,2635,5751,3116,2635,0,0,0,0,0,0,0,0,0,0,0,0
C3010,24,13,0000,District - Amreli  13,Urban,14,7826,3970,3856,5622,2966,2656,5622,2966,2656,0,0,0,0,0,0,0,0,0,0,0,0
C3010,24,13,0000,District - Amreli  13,Urban,15-19,37090,19475,17615,17173,9180,7993,15058,8087,6971,1855,887,968,200,159,41,55,44,11,5,3,2
C3010,24,13,0000,District - Amreli  13,Urban,20-24,28930,15008,13922,3367,2068,1299,1031,656,375,2234,1336,898,72,51,21,25,21,4,5,4,1
C3010,24,13,0000,District - Amreli  13,Urban,25-29,23756,11916,11840,206,136,70,0,0,0,147,100,47,39,22,17,12,10,2,8,4,4
C3010,24,13,0000,District - Amreli  13,Urban,30-34,23024,11294,11730,45,27,18,0,0,0,26,14,12,8,5,3,5,4,1,6,4,2
C3010,24,13,0000,District - Amreli  13,Urban,35-59,75221,39115,36106,104,74,30,0,0,0,56,40,16,26,18,8,10,7,3,12,9,3
C3010,24,13,0000,District - Amreli  13,Urban,60+,22603,10254,12349,25,15,10,0,0,0,11,9,2,10,5,5,3,1,2,1,0,1
C3010,24,13,0000,District - Amreli  13,Urban,Age not stated,208,124,84,0,0,0,0,0,0,0,0,0,0,0,0,0,0,0,0,0,0
C3010,24,14,0000,District - Bhavnagar  14,Total,All ages,2469630,1274920,1194710,515018,295359,219659,496425,283378,213047,16037,10242,5795,1795,1186,609,601,457,144,160,96,64
C3010,24,14,0000,District - Bhavnagar  14,Total,0-4,276315,146967,129348,4018,2178,1840,4018,2178,1840,0,0,0,0,0,0,0,0,0,0,0,0
C3010,24,14,0000,District - Bhavnagar  14,Total,5,66614,35844,30770,12801,7328,5473,12801,7328,5473,0,0,0,0,0,0,0,0,0,0,0,0
C3010,24,14,0000,District - Bhavnagar  14,Total,6,58851,30786,28065,31522,17319,14203,31522,17319,14203,0,0,0,0,0,0,0,0,0,0,0,0
C3010,24,14,0000,District - Bhavnagar  14,Total,7,62923,32635,30288,50429,27215,23214,50429,27215,23214,0,0,0,0,0,0,0,0,0,0,0,0
C3010,24,14,0000,District - Bhavnagar  14,Total,8,71363,37381,33982,60551,33014,27537,60551,33014,27537,0,0,0,0,0,0,0,0,0,0,0,0
C3010,24,14,0000,District - Bhavnagar  14,Total,9,54831,29040,25791,48505,26680,21825,48505,26680,21825,0,0,0,0,0,0,0,0,0,0,0,0
C3010,24,14,0000,District - Bhavnagar  14,Total,10,75343,39602,35741,62691,34851,27840,62691,34851,27840,0,0,0,0,0,0,0,0,0,0,0,0
C3010,24,14,0000,District - Bhavnagar  14,Total,11,50107,26861,23246,42708,24143,18565,42708,24143,18565,0,0,0,0,0,0,0,0,0,0,0,0
C3010,24,14,0000,District - Bhavnagar  14,Total,12,68406,36326,32080,51283,29731,21552,51283,29731,21552,0,0,0,0,0,0,0,0,0,0,0,0
C3010,24,14,0000,District - Bhavnagar  14,Total,13,52888,27587,25301,35366,20897,14469,35366,20897,14469,0,0,0,0,0,0,0,0,0,0,0,0
C3010,24,14,0000,District - Bhavnagar  14,Total,14,56282,28852,27430,30095,18265,11830,30095,18265,11830,0,0,0,0,0,0,0,0,0,0,0,0
C3010,24,14,0000,District - Bhavnagar  14,Total,15-19,269504,138725,130779,68921,43027,25894,62166,38936,23230,5778,3431,2347,811,538,273,165,121,44,1,1,0
C3010,24,14,0000,District - Bhavnagar  14,Total,20-24,216423,112301,104122,13866,9122,4744,4290,2821,1469,9137,6009,3128,356,236,120,60,41,19,23,15,8
C3010,24,14,0000,District - Bhavnagar  14,Total,25-29,185914,95151,90763,1115,822,293,0,0,0,811,604,207,201,144,57,85,65,20,18,9,9
C3010,24,14,0000,District - Bhavnagar  14,Total,30-34,179120,89241,89879,342,234,108,0,0,0,141,94,47,122,85,37,57,45,12,22,10,12
C3010,24,14,0000,District - Bhavnagar  14,Total,35-59,541342,283021,258321,659,442,217,0,0,0,119,75,44,271,166,105,199,156,43,70,45,25
C3010,24,14,0000,District - Bhavnagar  14,Total,60+,180512,82957,97555,126,84,42,0,0,0,34,22,12,33,17,16,34,29,5,25,16,9
C3010,24,14,0000,District - Bhavnagar  14,Total,Age not stated,2892,1643,1249,20,7,13,0,0,0,17,7,10,1,0,1,1,0,1,1,0,1
C3010,24,14,0000,District - Bhavnagar  14,Rural,All ages,1534592,782227,752365,305515,178240,127275,301103,174731,126372,3577,2902,675,558,400,158,179,139,40,98,68,30
C3010,24,14,0000,District - Bhavnagar  14,Rural,0-4,185022,97531,87491,1610,848,762,1610,848,762,0,0,0,0,0,0,0,0,0,0,0,0
C3010,24,14,0000,District - Bhavnagar  14,Rural,5,43650,23219,20431,8194,4764,3430,8194,4764,3430,0,0,0,0,0,0,0,0,0,0,0,0
C3010,24,14,0000,District - Bhavnagar  14,Rural,6,40290,20941,19349,21596,11895,9701,21596,11895,9701,0,0,0,0,0,0,0,0,0,0,0,0
C3010,24,14,0000,District - Bhavnagar  14,Rural,7,42133,21728,20405,33386,17998,15388,33386,17998,15388,0,0,0,0,0,0,0,0,0,0,0,0
C3010,24,14,0000,District - Bhavnagar  14,Rural,8,47952,24876,23076,40272,21971,18301,40272,21971,18301,0,0,0,0,0,0,0,0,0,0,0,0
C3010,24,14,0000,District - Bhavnagar  14,Rural,9,37379,19752,17627,32852,18215,14637,32852,18215,14637,0,0,0,0,0,0,0,0,0,0,0,0
C3010,24,14,0000,District - Bhavnagar  14,Rural,10,48613,25422,23191,39769,22343,17426,39769,22343,17426,0,0,0,0,0,0,0,0,0,0,0,0
C3010,24,14,0000,District - Bhavnagar  14,Rural,11,32813,17464,15349,27314,15620,11694,27314,15620,11694,0,0,0,0,0,0,0,0,0,0,0,0
C3010,24,14,0000,District - Bhavnagar  14,Rural,12,43914,23096,20818,31502,18588,12914,31502,18588,12914,0,0,0,0,0,0,0,0,0,0,0,0
C3010,24,14,0000,District - Bhavnagar  14,Rural,13,34173,17693,16480,20842,12780,8062,20842,12780,8062,0,0,0,0,0,0,0,0,0,0,0,0
C3010,24,14,0000,District - Bhavnagar  14,Rural,14,35988,18216,17772,16393,10580,5813,16393,10580,5813,0,0,0,0,0,0,0,0,0,0,0,0
C3010,24,14,0000,District - Bhavnagar  14,Rural,15-19,166288,82993,83295,27581,19346,8235,25970,18108,7862,1319,1014,305,200,149,51,91,74,17,1,1,0
C3010,24,14,0000,District - Bhavnagar  14,Rural,20-24,124608,63618,60990,3555,2790,765,1403,1021,382,2022,1676,346,96,71,25,20,13,7,14,9,5
C3010,24,14,0000,District - Bhavnagar  14,Rural,25-29,106132,53937,52195,299,251,48,0,0,0,180,161,19,94,72,22,13,10,3,12,8,4
C3010,24,14,0000,District - Bhavnagar  14,Rural,30-34,104557,51020,53537,104,79,25,0,0,0,29,27,2,50,37,13,13,9,4,12,6,6
C3010,24,14,0000,District - Bhavnagar  14,Rural,35-59,319379,164727,154652,199,141,58,0,0,0,21,18,3,99,61,38,35,28,7,44,34,10
C3010,24,14,0000,District - Bhavnagar  14,Rural,60+,119989,55039,64950,41,27,14,0,0,0,2,2,0,18,10,8,7,5,2,14,10,4
C3010,24,14,0000,District - Bhavnagar  14,Rural,Age not stated,1712,955,757,6,4,2,0,0,0,4,4,0,1,0,1,0,0,0,1,0,1
C3010,24,14,0000,District - Bhavnagar  14,Urban,All ages,935038,492693,442345,209503,117119,92384,195322,108647,86675,12460,7340,5120,1237,786,451,422,318,104,62,28,34
C3010,24,14,0000,District - Bhavnagar  14,Urban,0-4,91293,49436,41857,2408,1330,1078,2408,1330,1078,0,0,0,0,0,0,0,0,0,0,0,0
C3010,24,14,0000,District - Bhavnagar  14,Urban,5,22964,12625,10339,4607,2564,2043,4607,2564,2043,0,0,0,0,0,0,0,0,0,0,0,0
C3010,24,14,0000,District - Bhavnagar  14,Urban,6,18561,9845,8716,9926,5424,4502,9926,5424,4502,0,0,0,0,0,0,0,0,0,0,0,0
C3010,24,14,0000,District - Bhavnagar  14,Urban,7,20790,10907,9883,17043,9217,7826,17043,9217,7826,0,0,0,0,0,0,0,0,0,0,0,0
C3010,24,14,0000,District - Bhavnagar  14,Urban,8,23411,12505,10906,20279,11043,9236,20279,11043,9236,0,0,0,0,0,0,0,0,0,0,0,0
C3010,24,14,0000,District - Bhavnagar  14,Urban,9,17452,9288,8164,15653,8465,7188,15653,8465,7188,0,0,0,0,0,0,0,0,0,0,0,0
C3010,24,14,0000,District - Bhavnagar  14,Urban,10,26730,14180,12550,22922,12508,10414,22922,12508,10414,0,0,0,0,0,0,0,0,0,0,0,0
C3010,24,14,0000,District - Bhavnagar  14,Urban,11,17294,9397,7897,15394,8523,6871,15394,8523,6871,0,0,0,0,0,0,0,0,0,0,0,0
C3010,24,14,0000,District - Bhavnagar  14,Urban,12,24492,13230,11262,19781,11143,8638,19781,11143,8638,0,0,0,0,0,0,0,0,0,0,0,0
C3010,24,14,0000,District - Bhavnagar  14,Urban,13,18715,9894,8821,14524,8117,6407,14524,8117,6407,0,0,0,0,0,0,0,0,0,0,0,0
C3010,24,14,0000,District - Bhavnagar  14,Urban,14,20294,10636,9658,13702,7685,6017,13702,7685,6017,0,0,0,0,0,0,0,0,0,0,0,0
C3010,24,14,0000,District - Bhavnagar  14,Urban,15-19,103216,55732,47484,41340,23681,17659,36196,20828,15368,4459,2417,2042,611,389,222,74,47,27,0,0,0
C3010,24,14,0000,District - Bhavnagar  14,Urban,20-24,91815,48683,43132,10311,6332,3979,2887,1800,1087,7115,4333,2782,260,165,95,40,28,12,9,6,3
C3010,24,14,0000,District - Bhavnagar  14,Urban,25-29,79782,41214,38568,816,571,245,0,0,0,631,443,188,107,72,35,72,55,17,6,1,5
C3010,24,14,0000,District - Bhavnagar  14,Urban,30-34,74563,38221,36342,238,155,83,0,0,0,112,67,45,72,48,24,44,36,8,10,4,6
C3010,24,14,0000,District - Bhavnagar  14,Urban,35-59,221963,118294,103669,460,301,159,0,0,0,98,57,41,172,105,67,164,128,36,26,11,15
C3010,24,14,0000,District - Bhavnagar  14,Urban,60+,60523,27918,32605,85,57,28,0,0,0,32,20,12,15,7,8,27,24,3,11,6,5
C3010,24,14,0000,District - Bhavnagar  14,Urban,Age not stated,1180,688,492,14,3,11,0,0,0,13,3,10,0,0,0,1,0,1,0,0,0
C3010,24,15,0000,District - Anand  *  15,Total,All ages,1856872,972000,884872,400529,234211,166318,366709,212472,154237,30215,19109,11106,2789,1992,797,743,600,143,73,38,35
C3010,24,15,0000,District - Anand  *  15,Total,0-4,178990,95745,83245,2560,1406,1154,2560,1406,1154,0,0,0,0,0,0,0,0,0,0,0,0
C3010,24,15,0000,District - Anand  *  15,Total,5,40326,22576,17750,5637,3220,2417,5637,3220,2417,0,0,0,0,0,0,0,0,0,0,0,0
C3010,24,15,0000,District - Anand  *  15,Total,6,35915,19753,16162,18826,10722,8104,18826,10722,8104,0,0,0,0,0,0,0,0,0,0,0,0
C3010,24,15,0000,District - Anand  *  15,Total,7,38187,20341,17846,30945,17031,13914,30945,17031,13914,0,0,0,0,0,0,0,0,0,0,0,0
C3010,24,15,0000,District - Anand  *  15,Total,8,43955,23588,20367,38106,21013,17093,38106,21013,17093,0,0,0,0,0,0,0,0,0,0,0,0
C3010,24,15,0000,District - Anand  *  15,Total,9,34485,18527,15958,31322,17205,14117,31322,17205,14117,0,0,0,0,0,0,0,0,0,0,0,0
C3010,24,15,0000,District - Anand  *  15,Total,10,49316,26862,22454,42470,23926,18544,42470,23926,18544,0,0,0,0,0,0,0,0,0,0,0,0
C3010,24,15,0000,District - Anand  *  15,Total,11,33478,18458,15020,30414,17279,13135,30414,17279,13135,0,0,0,0,0,0,0,0,0,0,0,0
C3010,24,15,0000,District - Anand  *  15,Total,12,45681,24732,20949,37148,21302,15846,37148,21302,15846,0,0,0,0,0,0,0,0,0,0,0,0
C3010,24,15,0000,District - Anand  *  15,Total,13,34443,18551,15892,27686,16087,11599,27686,16087,11599,0,0,0,0,0,0,0,0,0,0,0,0
C3010,24,15,0000,District - Anand  *  15,Total,14,36738,19903,16835,25835,15640,10195,25835,15640,10195,0,0,0,0,0,0,0,0,0,0,0,0
C3010,24,15,0000,District - Anand  *  15,Total,15-19,184145,100197,83948,82029,51281,30748,69998,43802,26196,10516,6337,4179,1318,988,330,196,154,42,1,0,1
C3010,24,15,0000,District - Anand  *  15,Total,20-24,182359,95774,86585,24336,15787,8549,5762,3839,1923,17820,11412,6408,610,426,184,130,102,28,14,8,6
C3010,24,15,0000,District - Anand  *  15,Total,25-29,154269,79363,74906,1851,1367,484,0,0,0,1395,1045,350,327,222,105,119,95,24,10,5,5
C3010,24,15,0000,District - Anand  *  15,Total,30-34,149262,75474,73788,419,292,127,0,0,0,198,134,64,149,101,48,64,53,11,8,4,4
C3010,24,15,0000,District - Anand  *  15,Total,35-59,480669,249361,231308,825,588,237,0,0,0,220,152,68,360,242,118,211,176,35,34,18,16
C3010,24,15,0000,District - Anand  *  15,Total,60+,133366,62096,71270,87,60,27,0,0,0,37,26,11,22,11,11,23,20,3,5,3,2
C3010,24,15,0000,District - Anand  *  15,Total,Age not stated,1288,699,589,33,5,28,0,0,0,29,3,26,3,2,1,0,0,0,1,0,1
C3010,24,15,0000,District - Anand  *  15,Rural,All ages,1348901,706685,642216,275321,162600,112721,260753,152775,107978,12603,8283,4320,1499,1183,316,417,333,84,49,26,23
C3010,24,15,0000,District - Anand  *  15,Rural,0-4,137532,73400,64132,1434,785,649,1434,785,649,0,0,0,0,0,0,0,0,0,0,0,0
C3010,24,15,0000,District - Anand  *  15,Rural,5,30360,16964,13396,3711,2109,1602,3711,2109,1602,0,0,0,0,0,0,0,0,0,0,0,0
C3010,24,15,0000,District - Anand  *  15,Rural,6,27272,14947,12325,14267,8138,6129,14267,8138,6129,0,0,0,0,0,0,0,0,0,0,0,0
C3010,24,15,0000,District - Anand  *  15,Rural,7,28609,15232,13377,22985,12682,10303,22985,12682,10303,0,0,0,0,0,0,0,0,0,0,0,0
C3010,24,15,0000,District - Anand  *  15,Rural,8,32979,17642,15337,28590,15760,12830,28590,15760,12830,0,0,0,0,0,0,0,0,0,0,0,0
C3010,24,15,0000,District - Anand  *  15,Rural,9,26288,14190,12098,23927,13212,10715,23927,13212,10715,0,0,0,0,0,0,0,0,0,0,0,0
C3010,24,15,0000,District - Anand  *  15,Rural,10,36455,19972,16483,31364,17857,13507,31364,17857,13507,0,0,0,0,0,0,0,0,0,0,0,0
C3010,24,15,0000,District - Anand  *  15,Rural,11,24416,13614,10802,22097,12745,9352,22097,12745,9352,0,0,0,0,0,0,0,0,0,0,0,0
C3010,24,15,0000,District - Anand  *  15,Rural,12,33182,18010,15172,26631,15440,11191,26631,15440,11191,0,0,0,0,0,0,0,0,0,0,0,0
C3010,24,15,0000,District - Anand  *  15,Rural,13,24580,13372,11208,19424,11541,7883,19424,11541,7883,0,0,0,0,0,0,0,0,0,0,0,0
C3010,24,15,0000,District - Anand  *  15,Rural,14,26298,14338,11960,17838,11104,6734,17838,11104,6734,0,0,0,0,0,0,0,0,0,0,0,0
C3010,24,15,0000,District - Anand  *  15,Rural,15-19,127852,69430,58422,50254,32476,17778,44927,28983,15944,4439,2764,1675,743,611,132,144,118,26,1,0,1
C3010,24,15,0000,District - Anand  *  15,Rural,20-24,129390,67605,61785,11350,7649,3701,3558,2419,1139,7379,4904,2475,314,246,68,90,74,16,9,6,3
C3010,24,15,0000,District - Anand  *  15,Rural,25-29,113059,58582,54477,850,657,193,0,0,0,615,492,123,182,129,53,46,34,12,7,2,5
C3010,24,15,0000,District - Anand  *  15,Rural,30-34,109693,55681,54012,202,157,45,0,0,0,79,60,19,82,64,18,35,29,6,6,4,2
C3010,24,15,0000,District - Anand  *  15,Rural,35-59,344190,178580,165610,363,266,97,0,0,0,81,57,24,170,129,41,89,68,21,23,12,11
C3010,24,15,0000,District - Anand  *  15,Rural,60+,95949,44681,51268,30,21,9,0,0,0,9,6,3,6,3,3,13,10,3,2,2,0
C3010,24,15,0000,District - Anand  *  15,Rural,Age not stated,797,445,352,4,1,3,0,0,0,1,0,1,2,1,1,0,0,0,1,0,1
C3010,24,15,0000,District - Anand  *  15,Urban,All ages,507971,265315,242656,125208,71611,53597,105956,59697,46259,17612,10826,6786,1290,809,481,326,267,59,24,12,12
C3010,24,15,0000,District - Anand  *  15,Urban,0-4,41458,22345,19113,1126,621,505,1126,621,505,0,0,0,0,0,0,0,0,0,0,0,0
C3010,24,15,0000,District - Anand  *  15,Urban,5,9966,5612,4354,1926,1111,815,1926,1111,815,0,0,0,0,0,0,0,0,0,0,0,0
C3010,24,15,0000,District - Anand  *  15,Urban,6,8643,4806,3837,4559,2584,1975,4559,2584,1975,0,0,0,0,0,0,0,0,0,0,0,0
C3010,24,15,0000,District - Anand  *  15,Urban,7,9578,5109,4469,7960,4349,3611,7960,4349,3611,0,0,0,0,0,0,0,0,0,0,0,0
C3010,24,15,0000,District - Anand  *  15,Urban,8,10976,5946,5030,9516,5253,4263,9516,5253,4263,0,0,0,0,0,0,0,0,0,0,0,0
C3010,24,15,0000,District - Anand  *  15,Urban,9,8197,4337,3860,7395,3993,3402,7395,3993,3402,0,0,0,0,0,0,0,0,0,0,0,0
C3010,24,15,0000,District - Anand  *  15,Urban,10,12861,6890,5971,11106,6069,5037,11106,6069,5037,0,0,0,0,0,0,0,0,0,0,0,0
C3010,24,15,0000,District - Anand  *  15,Urban,11,9062,4844,4218,8317,4534,3783,8317,4534,3783,0,0,0,0,0,0,0,0,0,0,0,0
C3010,24,15,0000,District - Anand  *  15,Urban,12,12499,6722,5777,10517,5862,4655,10517,5862,4655,0,0,0,0,0,0,0,0,0,0,0,0
C3010,24,15,0000,District - Anand  *  15,Urban,13,9863,5179,4684,8262,4546,3716,8262,4546,3716,0,0,0,0,0,0,0,0,0,0,0,0
C3010,24,15,0000,District - Anand  *  15,Urban,14,10440,5565,4875,7997,4536,3461,7997,4536,3461,0,0,0,0,0,0,0,0,0,0,0,0
C3010,24,15,0000,District - Anand  *  15,Urban,15-19,56293,30767,25526,31775,18805,12970,25071,14819,10252,6077,3573,2504,575,377,198,52,36,16,0,0,0
C3010,24,15,0000,District - Anand  *  15,Urban,20-24,52969,28169,24800,12986,8138,4848,2204,1420,784,10441,6508,3933,296,180,116,40,28,12,5,2,3
C3010,24,15,0000,District - Anand  *  15,Urban,25-29,41210,20781,20429,1001,710,291,0,0,0,780,553,227,145,93,52,73,61,12,3,3,0
C3010,24,15,0000,District - Anand  *  15,Urban,30-34,39569,19793,19776,217,135,82,0,0,0,119,74,45,67,37,30,29,24,5,2,0,2
C3010,24,15,0000,District - Anand  *  15,Urban,35-59,136479,70781,65698,462,322,140,0,0,0,139,95,44,190,113,77,122,108,14,11,6,5
C3010,24,15,0000,District - Anand  *  15,Urban,60+,37417,17415,20002,57,39,18,0,0,0,28,20,8,16,8,8,10,10,0,3,1,2
C3010,24,15,0000,District - Anand  *  15,Urban,Age not stated,491,254,237,29,4,25,0,0,0,28,3,25,1,1,0,0,0,0,0,0,0
C3010,24,16,0000,District - Kheda  16,Total,All ages,2024216,1052823,971393,425569,253158,172411,400428,236680,163748,19759,13020,6739,2601,2105,496,1138,955,183,1643,398,1245
C3010,24,16,0000,District - Kheda  16,Total,0-4,207619,109827,97792,2364,1280,1084,2364,1280,1084,0,0,0,0,0,0,0,0,0,0,0,0
C3010,24,16,0000,District - Kheda  16,Total,5,47139,25812,21327,6775,3858,2917,6775,3858,2917,0,0,0,0,0,0,0,0,0,0,0,0
C3010,24,16,0000,District - Kheda  16,Total,6,41672,22393,19279,23155,12964,10191,23155,12964,10191,0,0,0,0,0,0,0,0,0,0,0,0
C3010,24,16,0000,District - Kheda  16,Total,7,42321,22171,20150,34947,18970,15977,34947,18970,15977,0,0,0,0,0,0,0,0,0,0,0,0
C3010,24,16,0000,District - Kheda  16,Total,8,49472,26481,22991,43575,24064,19511,43575,24064,19511,0,0,0,0,0,0,0,0,0,0,0,0
C3010,24,16,0000,District - Kheda  16,Total,9,38035,20482,17553,34854,19281,15573,34854,19281,15573,0,0,0,0,0,0,0,0,0,0,0,0
C3010,24,16,0000,District - Kheda  16,Total,10,54376,29447,24929,46865,26646,20219,46865,26646,20219,0,0,0,0,0,0,0,0,0,0,0,0
C3010,24,16,0000,District - Kheda  16,Total,11,35539,20121,15418,32106,18886,13220,32106,18886,13220,0,0,0,0,0,0,0,0,0,0,0,0
C3010,24,16,0000,District - Kheda  16,Total,12,49179,26673,22506,39850,23488,16362,39850,23488,16362,0,0,0,0,0,0,0,0,0,0,0,0
C3010,24,16,0000,District - Kheda  16,Total,13,36167,19949,16218,28694,17538,11156,28694,17538,11156,0,0,0,0,0,0,0,0,0,0,0,0
C3010,24,16,0000,District - Kheda  16,Total,14,39319,21320,17999,27591,17248,10343,27591,17248,10343,0,0,0,0,0,0,0,0,0,0,0,0
C3010,24,16,0000,District - Kheda  16,Total,15-19,194332,103224,91108,81708,53439,28269,73456,48004,25452,6843,4246,2597,1076,942,134,273,229,44,60,18,42
C3010,24,16,0000,District - Kheda  16,Total,20-24,190773,97781,92992,18518,12649,5869,6196,4453,1743,11436,7616,3820,527,432,95,103,85,18,256,63,193
C3010,24,16,0000,District - Kheda  16,Total,25-29,168028,87256,80772,1797,1264,533,0,0,0,1070,847,223,305,246,59,132,103,29,290,68,222
C3010,24,16,0000,District - Kheda  16,Total,30-34,161236,80792,80444,758,403,355,0,0,0,200,151,49,148,103,45,106,86,20,304,63,241
C3010,24,16,0000,District - Kheda  16,Total,35-59,517544,267339,250205,1830,1081,749,0,0,0,180,139,41,500,352,148,487,427,60,663,163,500
C3010,24,16,0000,District - Kheda  16,Total,60+,148742,70295,78447,155,80,75,0,0,0,29,21,8,39,25,14,19,12,7,68,22,46
C3010,24,16,0000,District - Kheda  16,Total,Age not stated,2723,1460,1263,27,19,8,0,0,0,1,0,1,6,5,1,18,13,5,2,1,1
C3010,24,16,0000,District - Kheda  16,Rural,All ages,1617766,841496,776270,327556,197422,130134,313090,187447,125643,10628,7708,2920,1698,1433,265,532,451,81,1608,383,1225
C3010,24,16,0000,District - Kheda  16,Rural,0-4,174740,92176,82564,1645,891,754,1645,891,754,0,0,0,0,0,0,0,0,0,0,0,0
C3010,24,16,0000,District - Kheda  16,Rural,5,39107,21357,17750,5308,3028,2280,5308,3028,2280,0,0,0,0,0,0,0,0,0,0,0,0
C3010,24,16,0000,District - Kheda  16,Rural,6,34419,18381,16038,19488,10914,8574,19488,10914,8574,0,0,0,0,0,0,0,0,0,0,0,0
C3010,24,16,0000,District - Kheda  16,Rural,7,34478,18013,16465,28463,15456,13007,28463,15456,13007,0,0,0,0,0,0,0,0,0,0,0,0
C3010,24,16,0000,District - Kheda  16,Rural,8,40359,21447,18912,35676,19604,16072,35676,19604,16072,0,0,0,0,0,0,0,0,0,0,0,0
C3010,24,16,0000,District - Kheda  16,Rural,9,31524,16923,14601,28928,15983,12945,28928,15983,12945,0,0,0,0,0,0,0,0,0,0,0,0
C3010,24,16,0000,District - Kheda  16,Rural,10,43353,23428,19925,37327,21288,16039,37327,21288,16039,0,0,0,0,0,0,0,0,0,0,0,0
C3010,24,16,0000,District - Kheda  16,Rural,11,28646,16352,12294,25834,15395,10439,25834,15395,10439,0,0,0,0,0,0,0,0,0,0,0,0
C3010,24,16,0000,District - Kheda  16,Rural,12,38917,21101,17816,31066,18559,12507,31066,18559,12507,0,0,0,0,0,0,0,0,0,0,0,0
C3010,24,16,0000,District - Kheda  16,Rural,13,28527,15797,12730,22224,13870,8354,22224,13870,8354,0,0,0,0,0,0,0,0,0,0,0,0
C3010,24,16,0000,District - Kheda  16,Rural,14,30746,16832,13914,20791,13474,7317,20791,13474,7317,0,0,0,0,0,0,0,0,0,0,0,0
C3010,24,16,0000,District - Kheda  16,Rural,15-19,151263,80374,70889,56784,39208,17576,51982,35698,16284,3801,2648,1153,754,684,70,187,160,27,60,18,42
C3010,24,16,0000,District - Kheda  16,Rural,20-24,151087,77290,73797,11062,8095,2967,4358,3287,1071,6039,4392,1647,351,303,48,62,52,10,252,61,191
C3010,24,16,0000,District - Kheda  16,Rural,25-29,134120,69893,64227,1094,751,343,0,0,0,568,487,81,171,142,29,68,56,12,287,66,221
C3010,24,16,0000,District - Kheda  16,Rural,30-34,129664,64932,64732,547,258,289,0,0,0,115,93,22,86,64,22,47,39,8,299,62,237
C3010,24,16,0000,District - Kheda  16,Rural,35-59,407076,210369,196707,1203,593,610,0,0,0,97,83,14,306,219,87,153,134,19,647,157,490
C3010,24,16,0000,District - Kheda  16,Rural,60+,118586,56163,62423,109,49,60,0,0,0,8,5,3,27,18,9,12,7,5,62,19,43
C3010,24,16,0000,District - Kheda  16,Rural,Age not stated,1154,668,486,7,6,1,0,0,0,0,0,0,3,3,0,3,3,0,1,0,1
C3010,24,16,0000,District - Kheda  16,Urban,All ages,406450,211327,195123,98013,55736,42277,87338,49233,38105,9131,5312,3819,903,672,231,606,504,102,35,15,20
C3010,24,16,0000,District - Kheda  16,Urban,0-4,32879,17651,15228,719,389,330,719,389,330,0,0,0,0,0,0,0,0,0,0,0,0
C3010,24,16,0000,District - Kheda  16,Urban,5,8032,4455,3577,1467,830,637,1467,830,637,0,0,0,0,0,0,0,0,0,0,0,0
C3010,24,16,0000,District - Kheda  16,Urban,6,7253,4012,3241,3667,2050,1617,3667,2050,1617,0,0,0,0,0,0,0,0,0,0,0,0
C3010,24,16,0000,District - Kheda  16,Urban,7,7843,4158,3685,6484,3514,2970,6484,3514,2970,0,0,0,0,0,0,0,0,0,0,0,0
C3010,24,16,0000,District - Kheda  16,Urban,8,9113,5034,4079,7899,4460,3439,7899,4460,3439,0,0,0,0,0,0,0,0,0,0,0,0
C3010,24,16,0000,District - Kheda  16,Urban,9,6511,3559,2952,5926,3298,2628,5926,3298,2628,0,0,0,0,0,0,0,0,0,0,0,0
C3010,24,16,0000,District - Kheda  16,Urban,10,11023,6019,5004,9538,5358,4180,9538,5358,4180,0,0,0,0,0,0,0,0,0,0,0,0
C3010,24,16,0000,District - Kheda  16,Urban,11,6893,3769,3124,6272,3491,2781,6272,3491,2781,0,0,0,0,0,0,0,0,0,0,0,0
C3010,24,16,0000,District - Kheda  16,Urban,12,10262,5572,4690,8784,4929,3855,8784,4929,3855,0,0,0,0,0,0,0,0,0,0,0,0
C3010,24,16,0000,District - Kheda  16,Urban,13,7640,4152,3488,6470,3668,2802,6470,3668,2802,0,0,0,0,0,0,0,0,0,0,0,0
C3010,24,16,0000,District - Kheda  16,Urban,14,8573,4488,4085,6800,3774,3026,6800,3774,3026,0,0,0,0,0,0,0,0,0,0,0,0
C3010,24,16,0000,District - Kheda  16,Urban,15-19,43069,22850,20219,24924,14231,10693,21474,12306,9168,3042,1598,1444,322,258,64,86,69,17,0,0,0
C3010,24,16,0000,District - Kheda  16,Urban,20-24,39686,20491,19195,7456,4554,2902,1838,1166,672,5397,3224,2173,176,129,47,41,33,8,4,2,2
C3010,24,16,0000,District - Kheda  16,Urban,25-29,33908,17363,16545,703,513,190,0,0,0,502,360,142,134,104,30,64,47,17,3,2,1
C3010,24,16,0000,District - Kheda  16,Urban,30-34,31572,15860,15712,211,145,66,0,0,0,85,58,27,62,39,23,59,47,12,5,1,4
C3010,24,16,0000,District - Kheda  16,Urban,35-59,110468,56970,53498,627,488,139,0,0,0,83,56,27,194,133,61,334,293,41,16,6,10
C3010,24,16,0000,District - Kheda  16,Urban,60+,30156,14132,16024,46,31,15,0,0,0,21,16,5,12,7,5,7,5,2,6,3,3
C3010,24,16,0000,District - Kheda  16,Urban,Age not stated,1569,792,777,20,13,7,0,0,0,1,0,1,3,2,1,15,10,5,1,1,0
C3010,24,17,0000,District - Panch Mahals  17,Total,All ages,2025277,1044937,980340,432939,251644,181295,414493,238600,175893,15031,10333,4698,2158,1707,451,1129,955,174,128,49,79
C3010,24,17,0000,District - Panch Mahals  17,Total,0-4,243351,125417,117934,1828,977,851,1828,977,851,0,0,0,0,0,0,0,0,0,0,0,0
C3010,24,17,0000,District - Panch Mahals  17,Total,5,51049,26672,24377,6877,3808,3069,6877,3808,3069,0,0,0,0,0,0,0,0,0,0,0,0
C3010,24,17,0000,District - Panch Mahals  17,Total,6,46884,24287,22597,22614,12350,10264,22614,12350,10264,0,0,0,0,0,0,0,0,0,0,0,0
C3010,24,17,0000,District - Panch Mahals  17,Total,7,49310,25422,23888,38583,20761,17822,38583,20761,17822,0,0,0,0,0,0,0,0,0,0,0,0
C3010,24,17,0000,District - Panch Mahals  17,Total,8,59343,30315,29028,48708,26117,22591,48708,26117,22591,0,0,0,0,0,0,0,0,0,0,0,0
C3010,24,17,0000,District - Panch Mahals  17,Total,9,44769,23242,21527,39070,21074,17996,39070,21074,17996,0,0,0,0,0,0,0,0,0,0,0,0
C3010,24,17,0000,District - Panch Mahals  17,Total,10,60878,31470,29408,48709,26860,21849,48709,26860,21849,0,0,0,0,0,0,0,0,0,0,0,0
C3010,24,17,0000,District - Panch Mahals  17,Total,11,38043,20710,17333,33052,18879,14173,33052,18879,14173,0,0,0,0,0,0,0,0,0,0,0,0
C3010,24,17,0000,District - Panch Mahals  17,Total,12,55795,29300,26495,41932,24158,17774,41932,24158,17774,0,0,0,0,0,0,0,0,0,0,0,0
C3010,24,17,0000,District - Panch Mahals  17,Total,13,40387,21369,19018,30140,17883,12257,30140,17883,12257,0,0,0,0,0,0,0,0,0,0,0,0
C3010,24,17,0000,District - Panch Mahals  17,Total,14,43041,22943,20098,28224,17371,10853,28224,17371,10853,0,0,0,0,0,0,0,0,0,0,0,0
C3010,24,17,0000,District - Panch Mahals  17,Total,15-19,195662,104752,90910,75965,48616,27349,69133,44159,24974,5639,3484,2155,786,624,162,402,346,56,5,3,2
C3010,24,17,0000,District - Panch Mahals  17,Total,20-24,175734,90885,84849,14292,10430,3862,5623,4203,1420,8141,5818,2323,412,326,86,103,79,24,13,4,9
C3010,24,17,0000,District - Panch Mahals  17,Total,25-29,153979,79554,74425,1288,1058,230,0,0,0,880,732,148,277,224,53,114,96,18,17,6,11
C3010,24,17,0000,District - Panch Mahals  17,Total,30-34,148636,74106,74530,476,371,105,0,0,0,194,152,42,183,140,43,86,75,11,13,4,9
C3010,24,17,0000,District - Panch Mahals  17,Total,35-59,473800,244113,229687,1089,865,224,0,0,0,158,133,25,475,377,98,392,331,61,64,24,40
C3010,24,17,0000,District - Panch Mahals  17,Total,60+,142649,69241,73408,72,49,23,0,0,0,12,9,3,23,14,9,21,18,3,16,8,8
C3010,24,17,0000,District - Panch Mahals  17,Total,Age not stated,1967,1139,828,20,17,3,0,0,0,7,5,2,2,2,0,11,10,1,0,0,0
C3010,24,17,0000,District - Panch Mahals  17,Rural,All ages,1771915,912905,859010,368723,215343,153380,356177,206078,150099,10224,7469,2755,1602,1268,334,610,490,120,110,38,72
C3010,24,17,0000,District - Panch Mahals  17,Rural,0-4,218754,112252,106502,1283,681,602,1283,681,602,0,0,0,0,0,0,0,0,0,0,0,0
C3010,24,17,0000,District - Panch Mahals  17,Rural,5,45362,23549,21813,5671,3147,2524,5671,3147,2524,0,0,0,0,0,0,0,0,0,0,0,0
C3010,24,17,0000,District - Panch Mahals  17,Rural,6,41767,21554,20213,19708,10772,8936,19708,10772,8936,0,0,0,0,0,0,0,0,0,0,0,0
C3010,24,17,0000,District - Panch Mahals  17,Rural,7,43673,22440,21233,33681,18126,15555,33681,18126,15555,0,0,0,0,0,0,0,0,0,0,0,0
C3010,24,17,0000,District - Panch Mahals  17,Rural,8,52837,26846,25991,42939,22978,19961,42939,22978,19961,0,0,0,0,0,0,0,0,0,0,0,0
C3010,24,17,0000,District - Panch Mahals  17,Rural,9,39696,20530,19166,34370,18530,15840,34370,18530,15840,0,0,0,0,0,0,0,0,0,0,0,0
C3010,24,17,0000,District - Panch Mahals  17,Rural,10,53867,27749,26118,42468,23485,18983,42468,23485,18983,0,0,0,0,0,0,0,0,0,0,0,0
C3010,24,17,0000,District - Panch Mahals  17,Rural,11,32728,17812,14916,28175,16169,12006,28175,16169,12006,0,0,0,0,0,0,0,0,0,0,0,0
C3010,24,17,0000,District - Panch Mahals  17,Rural,12,48868,25532,23336,36100,20886,15214,36100,20886,15214,0,0,0,0,0,0,0,0,0,0,0,0
C3010,24,17,0000,District - Panch Mahals  17,Rural,13,34651,18338,16313,25398,15207,10191,25398,15207,10191,0,0,0,0,0,0,0,0,0,0,0,0
C3010,24,17,0000,District - Panch Mahals  17,Rural,14,37064,19738,17326,23804,14815,8989,23804,14815,8989,0,0,0,0,0,0,0,0,0,0,0,0
C3010,24,17,0000,District - Panch Mahals  17,Rural,15-19,168353,90138,78215,62410,40754,21656,57783,37592,20191,3792,2500,1292,612,490,122,220,171,49,3,1,2
C3010,24,17,0000,District - Panch Mahals  17,Rural,20-24,152356,78816,73540,10685,8158,2527,4797,3690,1107,5496,4169,1327,316,249,67,65,47,18,11,3,8
C3010,24,17,0000,District - Panch Mahals  17,Rural,25-29,133543,69450,64093,962,802,160,0,0,0,681,585,96,197,156,41,67,55,12,17,6,11
C3010,24,17,0000,District - Panch Mahals  17,Rural,30-34,128390,64041,64349,362,287,75,0,0,0,148,123,25,146,114,32,56,46,10,12,4,8
C3010,24,17,0000,District - Panch Mahals  17,Rural,35-59,410895,211145,199750,651,512,139,0,0,0,90,80,10,313,248,65,194,165,29,54,19,35
C3010,24,17,0000,District - Panch Mahals  17,Rural,60+,127376,61981,65395,46,27,19,0,0,0,10,7,3,16,9,7,7,6,1,13,5,8
C3010,24,17,0000,District - Panch Mahals  17,Rural,Age not stated,1735,994,741,10,7,3,0,0,0,7,5,2,2,2,0,1,0,1,0,0,0
C3010,24,17,0000,District - Panch Mahals  17,Urban,All ages,253362,132032,121330,64216,36301,27915,58316,32522,25794,4807,2864,1943,556,439,117,519,465,54,18,11,7
C3010,24,17,0000,District - Panch Mahals  17,Urban,0-4,24597,13165,11432,545,296,249,545,296,249,0,0,0,0,0,0,0,0,0,0,0,0
C3010,24,17,0000,District - Panch Mahals  17,Urban,5,5687,3123,2564,1206,661,545,1206,661,545,0,0,0,0,0,0,0,0,0,0,0,0
C3010,24,17,0000,District - Panch Mahals  17,Urban,6,5117,2733,2384,2906,1578,1328,2906,1578,1328,0,0,0,0,0,0,0,0,0,0,0,0
C3010,24,17,0000,District - Panch Mahals  17,Urban,7,5637,2982,2655,4902,2635,2267,4902,2635,2267,0,0,0,0,0,0,0,0,0,0,0,0
C3010,24,17,0000,District - Panch Mahals  17,Urban,8,6506,3469,3037,5769,3139,2630,5769,3139,2630,0,0,0,0,0,0,0,0,0,0,0,0
C3010,24,17,0000,District - Panch Mahals  17,Urban,9,5073,2712,2361,4700,2544,2156,4700,2544,2156,0,0,0,0,0,0,0,0,0,0,0,0
C3010,24,17,0000,District - Panch Mahals  17,Urban,10,7011,3721,3290,6241,3375,2866,6241,3375,2866,0,0,0,0,0,0,0,0,0,0,0,0
C3010,24,17,0000,District - Panch Mahals  17,Urban,11,5315,2898,2417,4877,2710,2167,4877,2710,2167,0,0,0,0,0,0,0,0,0,0,0,0
C3010,24,17,0000,District - Panch Mahals  17,Urban,12,6927,3768,3159,5832,3272,2560,5832,3272,2560,0,0,0,0,0,0,0,0,0,0,0,0
C3010,24,17,0000,District - Panch Mahals  17,Urban,13,5736,3031,2705,4742,2676,2066,4742,2676,2066,0,0,0,0,0,0,0,0,0,0,0,0
C3010,24,17,0000,District - Panch Mahals  17,Urban,14,5977,3205,2772,4420,2556,1864,4420,2556,1864,0,0,0,0,0,0,0,0,0,0,0,0
C3010,24,17,0000,District - Panch Mahals  17,Urban,15-19,27309,14614,12695,13555,7862,5693,11350,6567,4783,1847,984,863,174,134,40,182,175,7,2,2,0
C3010,24,17,0000,District - Panch Mahals  17,Urban,20-24,23378,12069,11309,3607,2272,1335,826,513,313,2645,1649,996,96,77,19,38,32,6,2,1,1
C3010,24,17,0000,District - Panch Mahals  17,Urban,25-29,20436,10104,10332,326,256,70,0,0,0,199,147,52,80,68,12,47,41,6,0,0,0
C3010,24,17,0000,District - Panch Mahals  17,Urban,30-34,20246,10065,10181,114,84,30,0,0,0,46,29,17,37,26,11,30,29,1,1,0,1
C3010,24,17,0000,District - Panch Mahals  17,Urban,35-59,62905,32968,29937,438,353,85,0,0,0,68,53,15,162,129,33,198,166,32,10,5,5
C3010,24,17,0000,District - Panch Mahals  17,Urban,60+,15273,7260,8013,26,22,4,0,0,0,2,2,0,7,5,2,14,12,2,3,3,0
C3010,24,17,0000,District - Panch Mahals  17,Urban,Age not stated,232,145,87,10,10,0,0,0,0,0,0,0,0,0,0,10,10,0,0,0,0
C3010,24,18,0000,District - Dohad  *  18,Total,All ages,1636433,824208,812225,293552,174165,119387,281576,165860,115716,9512,6561,2951,1919,1347,572,488,363,125,57,34,23
C3010,24,18,0000,District - Dohad  *  18,Total,0-4,237608,120557,117051,1168,634,534,1168,634,534,0,0,0,0,0,0,0,0,0,0,0,0
C3010,24,18,0000,District - Dohad  *  18,Total,5,49629,25438,24191,5114,2937,2177,5114,2937,2177,0,0,0,0,0,0,0,0,0,0,0,0
C3010,24,18,0000,District - Dohad  *  18,Total,6,46711,23804,22907,16631,9345,7286,16631,9345,7286,0,0,0,0,0,0,0,0,0,0,0,0
C3010,24,18,0000,District - Dohad  *  18,Total,7,46147,23555,22592,27355,15120,12235,27355,15120,12235,0,0,0,0,0,0,0,0,0,0,0,0
C3010,24,18,0000,District - Dohad  *  18,Total,8,57183,29139,28044,35051,19776,15275,35051,19776,15275,0,0,0,0,0,0,0,0,0,0,0,0
C3010,24,18,0000,District - Dohad  *  18,Total,9,38220,19716,18504,26688,14967,11721,26688,14967,11721,0,0,0,0,0,0,0,0,0,0,0,0
C3010,24,18,0000,District - Dohad  *  18,Total,10,57677,29559,28118,33633,19832,13801,33633,19832,13801,0,0,0,0,0,0,0,0,0,0,0,0
C3010,24,18,0000,District - Dohad  *  18,Total,11,28579,14984,13595,19965,11702,8263,19965,11702,8263,0,0,0,0,0,0,0,0,0,0,0,0
C3010,24,18,0000,District - Dohad  *  18,Total,12,50223,25508,24715,27577,16462,11115,27577,16462,11115,0,0,0,0,0,0,0,0,0,0,0,0
C3010,24,18,0000,District - Dohad  *  18,Total,13,32927,17025,15902,19365,11745,7620,19365,11745,7620,0,0,0,0,0,0,0,0,0,0,0,0
C3010,24,18,0000,District - Dohad  *  18,Total,14,37262,18694,18568,18838,11521,7317,18838,11521,7317,0,0,0,0,0,0,0,0,0,0,0,0
C3010,24,18,0000,District - Dohad  *  18,Total,15-19,159861,78489,81372,50035,31144,18891,45873,28527,17346,3186,1955,1231,820,558,262,154,104,50,2,0,2
C3010,24,18,0000,District - Dohad  *  18,Total,20-24,137508,67310,70198,10020,7308,2712,4318,3292,1026,5265,3728,1537,379,247,132,48,35,13,10,6,4
C3010,24,18,0000,District - Dohad  *  18,Total,25-29,121920,62069,59851,1153,953,200,0,0,0,811,681,130,274,222,52,62,46,16,6,4,2
C3010,24,18,0000,District - Dohad  *  18,Total,30-34,109678,54610,55068,349,268,81,0,0,0,152,125,27,132,98,34,56,41,15,9,4,5
C3010,24,18,0000,District - Dohad  *  18,Total,35-59,335495,172304,163191,549,411,138,0,0,0,87,64,23,298,211,87,140,121,19,24,15,9
C3010,24,18,0000,District - Dohad  *  18,Total,60+,88376,40574,47802,37,24,13,0,0,0,7,5,2,15,10,5,9,4,5,6,5,1
C3010,24,18,0000,District - Dohad  *  18,Total,Age not stated,1429,873,556,24,16,8,0,0,0,4,3,1,1,1,0,19,12,7,0,0,0
C3010,24,18,0000,District - Dohad  *  18,Rural,All ages,1480110,744132,735978,254957,152790,102167,246733,146723,100010,6466,4712,1754,1339,1055,284,368,267,101,51,33,18
C3010,24,18,0000,District - Dohad  *  18,Rural,0-4,221236,111993,109243,882,473,409,882,473,409,0,0,0,0,0,0,0,0,0,0,0,0
C3010,24,18,0000,District - Dohad  *  18,Rural,5,46102,23468,22634,4387,2521,1866,4387,2521,1866,0,0,0,0,0,0,0,0,0,0,0,0
C3010,24,18,0000,District - Dohad  *  18,Rural,6,43601,22108,21493,15080,8468,6612,15080,8468,6612,0,0,0,0,0,0,0,0,0,0,0,0
C3010,24,18,0000,District - Dohad  *  18,Rural,7,42457,21611,20846,24390,13518,10872,24390,13518,10872,0,0,0,0,0,0,0,0,0,0,0,0
C3010,24,18,0000,District - Dohad  *  18,Rural,8,53007,26880,26127,31621,17862,13759,31621,17862,13759,0,0,0,0,0,0,0,0,0,0,0,0
C3010,24,18,0000,District - Dohad  *  18,Rural,9,35126,18146,16980,24004,13574,10430,24004,13574,10430,0,0,0,0,0,0,0,0,0,0,0,0
C3010,24,18,0000,District - Dohad  *  18,Rural,10,53037,27084,25953,29872,17727,12145,29872,17727,12145,0,0,0,0,0,0,0,0,0,0,0,0
C3010,24,18,0000,District - Dohad  *  18,Rural,11,25576,13437,12139,17379,10334,7045,17379,10334,7045,0,0,0,0,0,0,0,0,0,0,0,0
C3010,24,18,0000,District - Dohad  *  18,Rural,12,45770,23219,22551,24147,14600,9547,24147,14600,9547,0,0,0,0,0,0,0,0,0,0,0,0
C3010,24,18,0000,District - Dohad  *  18,Rural,13,29451,15246,14205,16626,10281,6345,16626,10281,6345,0,0,0,0,0,0,0,0,0,0,0,0
C3010,24,18,0000,District - Dohad  *  18,Rural,14,33542,16770,16772,16125,10046,6079,16125,10046,6079,0,0,0,0,0,0,0,0,0,0,0,0
C3010,24,18,0000,District - Dohad  *  18,Rural,15-19,143275,69838,73437,41102,26187,14915,38435,24379,14056,2013,1301,712,508,408,100,145,99,46,1,0,1
C3010,24,18,0000,District - Dohad  *  18,Rural,20-24,123246,60048,63198,7695,5851,1844,3785,2940,845,3610,2682,928,256,196,60,35,28,7,9,5,4
C3010,24,18,0000,District - Dohad  *  18,Rural,25-29,110105,56121,53984,926,792,134,0,0,0,649,561,88,227,197,30,45,30,15,5,4,1
C3010,24,18,0000,District - Dohad  *  18,Rural,30-34,98022,48974,49048,285,227,58,0,0,0,130,113,17,107,81,26,39,29,10,9,4,5
C3010,24,18,0000,District - Dohad  *  18,Rural,35-59,297352,152617,144735,383,295,88,0,0,0,55,48,7,230,166,64,77,66,11,21,15,6
C3010,24,18,0000,District - Dohad  *  18,Rural,60+,77915,35784,42131,30,18,12,0,0,0,6,4,2,10,6,4,8,3,5,6,5,1
C3010,24,18,0000,District - Dohad  *  18,Rural,Age not stated,1290,788,502,23,16,7,0,0,0,3,3,0,1,1,0,19,12,7,0,0,0
C3010,24,18,0000,District - Dohad  *  18,Urban,All ages,156323,80076,76247,38595,21375,17220,34843,19137,15706,3046,1849,1197,580,292,288,120,96,24,6,1,5
C3010,24,18,0000,District - Dohad  *  18,Urban,0-4,16372,8564,7808,286,161,125,286,161,125,0,0,0,0,0,0,0,0,0,0,0,0
C3010,24,18,0000,District - Dohad  *  18,Urban,5,3527,1970,1557,727,416,311,727,416,311,0,0,0,0,0,0,0,0,0,0,0,0
C3010,24,18,0000,District - Dohad  *  18,Urban,6,3110,1696,1414,1551,877,674,1551,877,674,0,0,0,0,0,0,0,0,0,0,0,0
C3010,24,18,0000,District - Dohad  *  18,Urban,7,3690,1944,1746,2965,1602,1363,2965,1602,1363,0,0,0,0,0,0,0,0,0,0,0,0
C3010,24,18,0000,District - Dohad  *  18,Urban,8,4176,2259,1917,3430,1914,1516,3430,1914,1516,0,0,0,0,0,0,0,0,0,0,0,0
C3010,24,18,0000,District - Dohad  *  18,Urban,9,3094,1570,1524,2684,1393,1291,2684,1393,1291,0,0,0,0,0,0,0,0,0,0,0,0
C3010,24,18,0000,District - Dohad  *  18,Urban,10,4640,2475,2165,3761,2105,1656,3761,2105,1656,0,0,0,0,0,0,0,0,0,0,0,0
C3010,24,18,0000,District - Dohad  *  18,Urban,11,3003,1547,1456,2586,1368,1218,2586,1368,1218,0,0,0,0,0,0,0,0,0,0,0,0
C3010,24,18,0000,District - Dohad  *  18,Urban,12,4453,2289,2164,3430,1862,1568,3430,1862,1568,0,0,0,0,0,0,0,0,0,0,0,0
C3010,24,18,0000,District - Dohad  *  18,Urban,13,3476,1779,1697,2739,1464,1275,2739,1464,1275,0,0,0,0,0,0,0,0,0,0,0,0
C3010,24,18,0000,District - Dohad  *  18,Urban,14,3720,1924,1796,2713,1475,1238,2713,1475,1238,0,0,0,0,0,0,0,0,0,0,0,0
C3010,24,18,0000,District - Dohad  *  18,Urban,15-19,16586,8651,7935,8933,4957,3976,7438,4148,3290,1173,654,519,312,150,162,9,5,4,1,0,1
C3010,24,18,0000,District - Dohad  *  18,Urban,20-24,14262,7262,7000,2325,1457,868,533,352,181,1655,1046,609,123,51,72,13,7,6,1,1,0
C3010,24,18,0000,District - Dohad  *  18,Urban,25-29,11815,5948,5867,227,161,66,0,0,0,162,120,42,47,25,22,17,16,1,1,0,1
C3010,24,18,0000,District - Dohad  *  18,Urban,30-34,11656,5636,6020,64,41,23,0,0,0,22,12,10,25,17,8,17,12,5,0,0,0
C3010,24,18,0000,District - Dohad  *  18,Urban,35-59,38143,19687,18456,166,116,50,0,0,0,32,16,16,68,45,23,63,55,8,3,0,3
C3010,24,18,0000,District - Dohad  *  18,Urban,60+,10461,4790,5671,7,6,1,0,0,0,1,1,0,5,4,1,1,1,0,0,0,0
C3010,24,18,0000,District - Dohad  *  18,Urban,Age not stated,139,85,54,1,0,1,0,0,0,1,0,1,0,0,0,0,0,0,0,0,0
C3010,24,19,0000,District - Vadodara  19,Total,All ages,3641802,1897368,1744434,750877,429810,321067,684443,388532,295911,56056,33667,22389,6830,5359,1471,1791,1263,528,1757,989,768
C3010,24,19,0000,District - Vadodara  19,Total,0-4,343856,181688,162168,11460,6124,5336,11460,6124,5336,0,0,0,0,0,0,0,0,0,0,0,0
C3010,24,19,0000,District - Vadodara  19,Total,5,79020,42768,36252,16485,9223,7262,16485,9223,7262,0,0,0,0,0,0,0,0,0,0,0,0
C3010,24,19,0000,District - Vadodara  19,Total,6,70320,37106,33214,34753,19163,15590,34753,19163,15590,0,0,0,0,0,0,0,0,0,0,0,0
C3010,24,19,0000,District - Vadodara  19,Total,7,73263,38325,34938,56065,30334,25731,56065,30334,25731,0,0,0,0,0,0,0,0,0,0,0,0
C3010,24,19,0000,District - Vadodara  19,Total,8,87116,45815,41301,68431,37493,30938,68431,37493,30938,0,0,0,0,0,0,0,0,0,0,0,0
C3010,24,19,0000,District - Vadodara  19,Total,9,65619,34661,30958,55617,30303,25314,55617,30303,25314,0,0,0,0,0,0,0,0,0,0,0,0
C3010,24,19,0000,District - Vadodara  19,Total,10,97814,51979,45835,76821,42704,34117,76821,42704,34117,0,0,0,0,0,0,0,0,0,0,0,0
C3010,24,19,0000,District - Vadodara  19,Total,11,62130,33742,28388,53550,30102,23448,53550,30102,23448,0,0,0,0,0,0,0,0,0,0,0,0
C3010,24,19,0000,District - Vadodara  19,Total,12,88258,47121,41137,66439,37817,28622,66439,37817,28622,0,0,0,0,0,0,0,0,0,0,0,0
C3010,24,19,0000,District - Vadodara  19,Total,13,65968,34832,31136,50715,28735,21980,50715,28735,21980,0,0,0,0,0,0,0,0,0,0,0,0
C3010,24,19,0000,District - Vadodara  19,Total,14,71155,37611,33544,48918,28403,20515,48918,28403,20515,0,0,0,0,0,0,0,0,0,0,0,0
C3010,24,19,0000,District - Vadodara  19,Total,15-19,338258,183166,155092,156322,94043,62279,134594,81009,53585,18073,10068,8005,3041,2540,501,538,382,156,76,44,32
C3010,24,19,0000,District - Vadodara  19,Total,20-24,337891,175943,161948,46718,29607,17111,10595,7122,3473,33965,20827,13138,1588,1308,280,299,197,102,271,153,118
C3010,24,19,0000,District - Vadodara  19,Total,25-29,313181,158760,154421,4508,3175,1333,0,0,0,3004,2146,858,924,673,251,266,184,82,314,172,142
C3010,24,19,0000,District - Vadodara  19,Total,30-34,303183,154176,149007,1334,861,473,0,0,0,472,307,165,362,248,114,188,137,51,312,169,143
C3010,24,19,0000,District - Vadodara  19,Total,35-59,985008,515956,469052,2451,1560,891,0,0,0,434,258,176,855,548,307,455,336,119,707,418,289
C3010,24,19,0000,District - Vadodara  19,Total,60+,256734,121949,134785,244,134,110,0,0,0,74,42,32,54,37,17,43,26,17,73,29,44
C3010,24,19,0000,District - Vadodara  19,Total,Age not stated,3028,1770,1258,46,29,17,0,0,0,34,19,15,6,5,1,2,1,1,4,4,0
C3010,24,19,0000,District - Vadodara  19,Rural,All ages,1995580,1034338,961242,345874,204813,141061,331524,194642,136882,9870,6953,2917,2184,1889,295,761,496,265,1535,833,702
C3010,24,19,0000,District - Vadodara  19,Rural,0-4,210505,109178,101327,2767,1452,1315,2767,1452,1315,0,0,0,0,0,0,0,0,0,0,0,0
C3010,24,19,0000,District - Vadodara  19,Rural,5,46643,24728,21915,6218,3503,2715,6218,3503,2715,0,0,0,0,0,0,0,0,0,0,0,0
C3010,24,19,0000,District - Vadodara  19,Rural,6,43637,22742,20895,20218,11303,8915,20218,11303,8915,0,0,0,0,0,0,0,0,0,0,0,0
C3010,24,19,0000,District - Vadodara  19,Rural,7,42586,22014,20572,29766,16194,13572,29766,16194,13572,0,0,0,0,0,0,0,0,0,0,0,0
C3010,24,19,0000,District - Vadodara  19,Rural,8,53526,27691,25835,38480,21092,17388,38480,21092,17388,0,0,0,0,0,0,0,0,0,0,0,0
C3010,24,19,0000,District - Vadodara  19,Rural,9,39352,20629,18723,31342,17230,14112,31342,17230,14112,0,0,0,0,0,0,0,0,0,0,0,0
C3010,24,19,0000,District - Vadodara  19,Rural,10,58165,30620,27545,41090,23231,17859,41090,23231,17859,0,0,0,0,0,0,0,0,0,0,0,0
C3010,24,19,0000,District - Vadodara  19,Rural,11,33267,18213,15054,26636,15504,11132,26636,15504,11132,0,0,0,0,0,0,0,0,0,0,0,0
C3010,24,19,0000,District - Vadodara  19,Rural,12,51402,27330,24072,33826,19978,13848,33826,19978,13848,0,0,0,0,0,0,0,0,0,0,0,0
C3010,24,19,0000,District - Vadodara  19,Rural,13,35834,19161,16673,24106,14595,9511,24106,14595,9511,0,0,0,0,0,0,0,0,0,0,0,0
C3010,24,19,0000,District - Vadodara  19,Rural,14,39184,20961,18223,22463,14081,8382,22463,14081,8382,0,0,0,0,0,0,0,0,0,0,0,0
C3010,24,19,0000,District - Vadodara  19,Rural,15-19,172618,93908,78710,55435,37017,18418,50476,33443,17033,3421,2239,1182,1129,1039,90,339,257,82,70,39,31
C3010,24,19,0000,District - Vadodara  19,Rural,20-24,174653,90379,84274,10540,7617,2923,4136,3036,1100,5679,4053,1626,382,342,40,107,58,49,236,128,108
C3010,24,19,0000,District - Vadodara  19,Rural,25-29,165963,85300,80663,1125,844,281,0,0,0,550,482,68,225,178,47,78,42,36,272,142,130
C3010,24,19,0000,District - Vadodara  19,Rural,30-34,163033,82490,80543,553,352,201,0,0,0,98,83,15,119,90,29,63,35,28,273,144,129
C3010,24,19,0000,District - Vadodara  19,Rural,35-59,516278,269025,247253,1175,746,429,0,0,0,96,77,19,304,224,80,160,97,63,615,348,267
C3010,24,19,0000,District - Vadodara  19,Rural,60+,147404,69062,78342,109,54,55,0,0,0,12,8,4,20,12,8,12,6,6,65,28,37
C3010,24,19,0000,District - Vadodara  19,Rural,Age not stated,1530,907,623,25,20,5,0,0,0,14,11,3,5,4,1,2,1,1,4,4,0
C3010,24,19,0000,District - Vadodara  19,Urban,All ages,1646222,863030,783192,405003,224997,180006,352919,193890,159029,46186,26714,19472,4646,3470,1176,1030,767,263,222,156,66
C3010,24,19,0000,District - Vadodara  19,Urban,0-4,133351,72510,60841,8693,4672,4021,8693,4672,4021,0,0,0,0,0,0,0,0,0,0,0,0
C3010,24,19,0000,District - Vadodara  19,Urban,5,32377,18040,14337,10267,5720,4547,10267,5720,4547,0,0,0,0,0,0,0,0,0,0,0,0
C3010,24,19,0000,District - Vadodara  19,Urban,6,26683,14364,12319,14535,7860,6675,14535,7860,6675,0,0,0,0,0,0,0,0,0,0,0,0
C3010,24,19,0000,District - Vadodara  19,Urban,7,30677,16311,14366,26299,14140,12159,26299,14140,12159,0,0,0,0,0,0,0,0,0,0,0,0
C3010,24,19,0000,District - Vadodara  19,Urban,8,33590,18124,15466,29951,16401,13550,29951,16401,13550,0,0,0,0,0,0,0,0,0,0,0,0
C3010,24,19,0000,District - Vadodara  19,Urban,9,26267,14032,12235,24275,13073,11202,24275,13073,11202,0,0,0,0,0,0,0,0,0,0,0,0
C3010,24,19,0000,District - Vadodara  19,Urban,10,39649,21359,18290,35731,19473,16258,35731,19473,16258,0,0,0,0,0,0,0,0,0,0,0,0
C3010,24,19,0000,District - Vadodara  19,Urban,11,28863,15529,13334,26914,14598,12316,26914,14598,12316,0,0,0,0,0,0,0,0,0,0,0,0
C3010,24,19,0000,District - Vadodara  19,Urban,12,36856,19791,17065,32613,17839,14774,32613,17839,14774,0,0,0,0,0,0,0,0,0,0,0,0
C3010,24,19,0000,District - Vadodara  19,Urban,13,30134,15671,14463,26609,14140,12469,26609,14140,12469,0,0,0,0,0,0,0,0,0,0,0,0
C3010,24,19,0000,District - Vadodara  19,Urban,14,31971,16650,15321,26455,14322,12133,26455,14322,12133,0,0,0,0,0,0,0,0,0,0,0,0
C3010,24,19,0000,District - Vadodara  19,Urban,15-19,165640,89258,76382,100887,57026,43861,84118,47566,36552,14652,7829,6823,1912,1501,411,199,125,74,6,5,1
C3010,24,19,0000,District - Vadodara  19,Urban,20-24,163238,85564,77674,36178,21990,14188,6459,4086,2373,28286,16774,11512,1206,966,240,192,139,53,35,25,10
C3010,24,19,0000,District - Vadodara  19,Urban,25-29,147218,73460,73758,3383,2331,1052,0,0,0,2454,1664,790,699,495,204,188,142,46,42,30,12
C3010,24,19,0000,District - Vadodara  19,Urban,30-34,140150,71686,68464,781,509,272,0,0,0,374,224,150,243,158,85,125,102,23,39,25,14
C3010,24,19,0000,District - Vadodara  19,Urban,35-59,468730,246931,221799,1276,814,462,0,0,0,338,181,157,551,324,227,295,239,56,92,70,22
C3010,24,19,0000,District - Vadodara  19,Urban,60+,109330,52887,56443,135,80,55,0,0,0,62,34,28,34,25,9,31,20,11,8,1,7
C3010,24,19,0000,District - Vadodara  19,Urban,Age not stated,1498,863,635,21,9,12,0,0,0,20,8,12,1,1,0,0,0,0,0,0,0
C3010,24,20,0000,District - Narmada  *  20,Total,All ages,514404,263986,250418,103217,59186,44031,97817,55615,42202,3813,2544,1269,822,655,167,131,97,34,634,275,359
C3010,24,20,0000,District - Narmada  *  20,Total,0-4,56690,29051,27639,500,250,250,500,250,250,0,0,0,0,0,0,0,0,0,0,0,0
C3010,24,20,0000,District - Narmada  *  20,Total,5,12458,6500,5958,1398,761,637,1398,761,637,0,0,0,0,0,0,0,0,0,0,0,0
C3010,24,20,0000,District - Narmada  *  20,Total,6,11820,6069,5751,6224,3404,2820,6224,3404,2820,0,0,0,0,0,0,0,0,0,0,0,0
C3010,24,20,0000,District - Narmada  *  20,Total,7,11437,5925,5512,8623,4650,3973,8623,4650,3973,0,0,0,0,0,0,0,0,0,0,0,0
C3010,24,20,0000,District - Narmada  *  20,Total,8,13170,6684,6486,10426,5540,4886,10426,5540,4886,0,0,0,0,0,0,0,0,0,0,0,0
C3010,24,20,0000,District - Narmada  *  20,Total,9,11892,6045,5847,9895,5218,4677,9895,5218,4677,0,0,0,0,0,0,0,0,0,0,0,0
C3010,24,20,0000,District - Narmada  *  20,Total,10,14321,7465,6856,11029,6100,4929,11029,6100,4929,0,0,0,0,0,0,0,0,0,0,0,0
C3010,24,20,0000,District - Narmada  *  20,Total,11,10687,5753,4934,8644,4905,3739,8644,4905,3739,0,0,0,0,0,0,0,0,0,0,0,0
C3010,24,20,0000,District - Narmada  *  20,Total,12,13484,7017,6467,9544,5372,4172,9544,5372,4172,0,0,0,0,0,0,0,0,0,0,0,0
C3010,24,20,0000,District - Narmada  *  20,Total,13,10913,5699,5214,7639,4380,3259,7639,4380,3259,0,0,0,0,0,0,0,0,0,0,0,0
C3010,24,20,0000,District - Narmada  *  20,Total,14,11498,6238,5260,7221,4406,2815,7221,4406,2815,0,0,0,0,0,0,0,0,0,0,0,0
C3010,24,20,0000,District - Narmada  *  20,Total,15-19,45778,24530,21248,16997,10607,6390,15461,9700,5761,1220,653,567,282,230,52,26,23,3,8,1,7
C3010,24,20,0000,District - Narmada  *  20,Total,20-24,42636,21637,20999,3919,2874,1045,1213,929,284,2309,1664,645,307,247,60,29,16,13,61,18,43
C3010,24,20,0000,District - Narmada  *  20,Total,25-29,43332,21896,21436,453,320,133,0,0,0,204,159,45,116,95,21,31,26,5,102,40,62
C3010,24,20,0000,District - Narmada  *  20,Total,30-34,41338,20439,20899,215,122,93,0,0,0,29,22,7,46,38,8,9,7,2,131,55,76
C3010,24,20,0000,District - Narmada  *  20,Total,35-59,126397,65623,60774,423,225,198,0,0,0,19,15,4,66,41,25,31,23,8,307,146,161
C3010,24,20,0000,District - Narmada  *  20,Total,60+,36226,17182,19044,37,23,14,0,0,0,2,2,0,5,4,1,5,2,3,25,15,10
C3010,24,20,0000,District - Narmada  *  20,Total,Age not stated,327,233,94,30,29,1,0,0,0,30,29,1,0,0,0,0,0,0,0,0,0
C3010,24,20,0000,District - Narmada  *  20,Rural,All ages,462298,236784,225514,87333,50320,37013,84577,48444,36133,1557,1169,388,462,359,103,104,73,31,633,275,358
C3010,24,20,0000,District - Narmada  *  20,Rural,0-4,52901,27022,25879,430,206,224,430,206,224,0,0,0,0,0,0,0,0,0,0,0,0
C3010,24,20,0000,District - Narmada  *  20,Rural,5,11580,6027,5553,1288,694,594,1288,694,594,0,0,0,0,0,0,0,0,0,0,0,0
C3010,24,20,0000,District - Narmada  *  20,Rural,6,11028,5631,5397,5779,3152,2627,5779,3152,2627,0,0,0,0,0,0,0,0,0,0,0,0
C3010,24,20,0000,District - Narmada  *  20,Rural,7,10461,5391,5070,7753,4173,3580,7753,4173,3580,0,0,0,0,0,0,0,0,0,0,0,0
C3010,24,20,0000,District - Narmada  *  20,Rural,8,12230,6194,6036,9533,5070,4463,9533,5070,4463,0,0,0,0,0,0,0,0,0,0,0,0
C3010,24,20,0000,District - Narmada  *  20,Rural,9,10935,5521,5414,8970,4711,4259,8970,4711,4259,0,0,0,0,0,0,0,0,0,0,0,0
C3010,24,20,0000,District - Narmada  *  20,Rural,10,12989,6751,6238,9753,5408,4345,9753,5408,4345,0,0,0,0,0,0,0,0,0,0,0,0
C3010,24,20,0000,District - Narmada  *  20,Rural,11,9582,5163,4419,7581,4343,3238,7581,4343,3238,0,0,0,0,0,0,0,0,0,0,0,0
C3010,24,20,0000,District - Narmada  *  20,Rural,12,12159,6351,5808,8294,4738,3556,8294,4738,3556,0,0,0,0,0,0,0,0,0,0,0,0
C3010,24,20,0000,District - Narmada  *  20,Rural,13,9701,5071,4630,6499,3784,2715,6499,3784,2715,0,0,0,0,0,0,0,0,0,0,0,0
C3010,24,20,0000,District - Narmada  *  20,Rural,14,10077,5445,4632,5936,3674,2262,5936,3674,2262,0,0,0,0,0,0,0,0,0,0,0,0
C3010,24,20,0000,District - Narmada  *  20,Rural,15-19,39406,21247,18159,12414,8190,4224,11825,7756,4069,404,284,120,155,130,25,22,19,3,8,1,7
C3010,24,20,0000,District - Narmada  *  20,Rural,20-24,37383,18652,18731,2107,1582,525,936,735,201,984,743,241,106,78,28,20,8,12,61,18,43
C3010,24,20,0000,District - Narmada  *  20,Rural,25-29,39517,19973,19544,346,240,106,0,0,0,132,110,22,92,74,18,20,16,4,102,40,62
C3010,24,20,0000,District - Narmada  *  20,Rural,30-34,37462,18622,18840,206,116,90,0,0,0,25,21,4,42,34,8,8,6,2,131,55,76
C3010,24,20,0000,District - Narmada  *  20,Rural,35-59,111630,57771,53859,408,217,191,0,0,0,11,10,1,62,39,23,29,22,7,306,146,160
C3010,24,20,0000,District - Narmada  *  20,Rural,60+,32985,15761,17224,36,22,14,0,0,0,1,1,0,5,4,1,5,2,3,25,15,10
C3010,24,20,0000,District - Narmada  *  20,Rural,Age not stated,272,191,81,0,0,0,0,0,0,0,0,0,0,0,0,0,0,0,0,0,0
C3010,24,20,0000,District - Narmada  *  20,Urban,All ages,52106,27202,24904,15884,8866,7018,13240,7171,6069,2256,1375,881,360,296,64,27,24,3,1,0,1
C3010,24,20,0000,District - Narmada  *  20,Urban,0-4,3789,2029,1760,70,44,26,70,44,26,0,0,0,0,0,0,0,0,0,0,0,0
C3010,24,20,0000,District - Narmada  *  20,Urban,5,878,473,405,110,67,43,110,67,43,0,0,0,0,0,0,0,0,0,0,0,0
C3010,24,20,0000,District - Narmada  *  20,Urban,6,792,438,354,445,252,193,445,252,193,0,0,0,0,0,0,0,0,0,0,0,0
C3010,24,20,0000,District - Narmada  *  20,Urban,7,976,534,442,870,477,393,870,477,393,0,0,0,0,0,0,0,0,0,0,0,0
C3010,24,20,0000,District - Narmada  *  20,Urban,8,940,490,450,893,470,423,893,470,423,0,0,0,0,0,0,0,0,0,0,0,0
C3010,24,20,0000,District - Narmada  *  20,Urban,9,957,524,433,925,507,418,925,507,418,0,0,0,0,0,0,0,0,0,0,0,0
C3010,24,20,0000,District - Narmada  *  20,Urban,10,1332,714,618,1276,692,584,1276,692,584,0,0,0,0,0,0,0,0,0,0,0,0
C3010,24,20,0000,District - Narmada  *  20,Urban,11,1105,590,515,1063,562,501,1063,562,501,0,0,0,0,0,0,0,0,0,0,0,0
C3010,24,20,0000,District - Narmada  *  20,Urban,12,1325,666,659,1250,634,616,1250,634,616,0,0,0,0,0,0,0,0,0,0,0,0
C3010,24,20,0000,District - Narmada  *  20,Urban,13,1212,628,584,1140,596,544,1140,596,544,0,0,0,0,0,0,0,0,0,0,0,0
C3010,24,20,0000,District - Narmada  *  20,Urban,14,1421,793,628,1285,732,553,1285,732,553,0,0,0,0,0,0,0,0,0,0,0,0
C3010,24,20,0000,District - Narmada  *  20,Urban,15-19,6372,3283,3089,4583,2417,2166,3636,1944,1692,816,369,447,127,100,27,4,4,0,0,0,0
C3010,24,20,0000,District - Narmada  *  20,Urban,20-24,5253,2985,2268,1812,1292,520,277,194,83,1325,921,404,201,169,32,9,8,1,0,0,0
C3010,24,20,0000,District - Narmada  *  20,Urban,25-29,3815,1923,1892,107,80,27,0,0,0,72,49,23,24,21,3,11,10,1,0,0,0
C3010,24,20,0000,District - Narmada  *  20,Urban,30-34,3876,1817,2059,9,6,3,0,0,0,4,1,3,4,4,0,1,1,0,0,0,0
C3010,24,20,0000,District - Narmada  *  20,Urban,35-59,14767,7852,6915,15,8,7,0,0,0,8,5,3,4,2,2,2,1,1,1,0,1
C3010,24,20,0000,District - Narmada  *  20,Urban,60+,3241,1421,1820,1,1,0,0,0,0,1,1,0,0,0,0,0,0,0,0,0,0
C3010,24,20,0000,District - Narmada  *  20,Urban,Age not stated,55,42,13,30,29,1,0,0,0,30,29,1,0,0,0,0,0,0,0,0,0
C3010,24,21,0000,District - Bharuch  21,Total,All ages,1370656,713676,656980,284129,159318,124811,265018,145830,119188,11493,7473,4020,3538,3117,421,3727,2705,1022,353,193,160
C3010,24,21,0000,District - Bharuch  21,Total,0-4,136360,70764,65596,2223,1166,1057,2223,1166,1057,0,0,0,0,0,0,0,0,0,0,0,0
C3010,24,21,0000,District - Bharuch  21,Total,5,30795,16367,14428,4402,2425,1977,4402,2425,1977,0,0,0,0,0,0,0,0,0,0,0,0
C3010,24,21,0000,District - Bharuch  21,Total,6,26870,14045,12825,13994,7480,6514,13994,7480,6514,0,0,0,0,0,0,0,0,0,0,0,0
C3010,24,21,0000,District - Bharuch  21,Total,7,27114,14176,12938,22118,11775,10343,22118,11775,10343,0,0,0,0,0,0,0,0,0,0,0,0
C3010,24,21,0000,District - Bharuch  21,Total,8,32485,16738,15747,27679,14446,13233,27679,14446,13233,0,0,0,0,0,0,0,0,0,0,0,0
C3010,24,21,0000,District - Bharuch  21,Total,9,27687,14193,13494,24872,12904,11968,24872,12904,11968,0,0,0,0,0,0,0,0,0,0,0,0
C3010,24,21,0000,District - Bharuch  21,Total,10,37033,19323,17710,30969,16525,14444,30969,16525,14444,0,0,0,0,0,0,0,0,0,0,0,0
C3010,24,21,0000,District - Bharuch  21,Total,11,26489,14074,12415,23609,12760,10849,23609,12760,10849,0,0,0,0,0,0,0,0,0,0,0,0
C3010,24,21,0000,District - Bharuch  21,Total,12,34337,18214,16123,27226,15051,12175,27226,15051,12175,0,0,0,0,0,0,0,0,0,0,0,0
C3010,24,21,0000,District - Bharuch  21,Total,13,26932,14129,12803,21330,11783,9547,21330,11783,9547,0,0,0,0,0,0,0,0,0,0,0,0
C3010,24,21,0000,District - Bharuch  21,Total,14,28786,15237,13549,19940,11500,8440,19940,11500,8440,0,0,0,0,0,0,0,0,0,0,0,0
C3010,24,21,0000,District - Bharuch  21,Total,15-19,129779,70612,59167,52206,31733,20473,43792,26013,17779,4148,2505,1643,1639,1494,145,2622,1718,904,5,3,2
C3010,24,21,0000,District - Bharuch  21,Total,20-24,124635,67228,57407,11083,7908,3175,2864,2002,862,6601,4431,2170,1013,947,66,566,513,53,39,15,24
C3010,24,21,0000,District - Bharuch  21,Total,25-29,118845,61034,57811,1058,827,231,0,0,0,530,390,140,320,281,39,135,117,18,73,39,34
C3010,24,21,0000,District - Bharuch  21,Total,30-34,116050,59465,56585,384,282,102,0,0,0,97,69,28,134,97,37,91,80,11,62,36,26
C3010,24,21,0000,District - Bharuch  21,Total,35-59,349590,183531,166059,827,583,244,0,0,0,104,70,34,330,211,119,248,221,27,145,81,64
C3010,24,21,0000,District - Bharuch  21,Total,60+,95789,43893,51896,89,54,35,0,0,0,7,3,4,30,17,13,23,15,8,29,19,10
C3010,24,21,0000,District - Bharuch  21,Total,Age not stated,1080,653,427,120,116,4,0,0,0,6,5,1,72,70,2,42,41,1,0,0,0
C3010,24,21,0000,District - Bharuch  21,Rural,All ages,1018096,528788,489308,199994,112474,87520,188805,104280,84525,5491,3810,1681,2694,2489,205,2671,1706,965,333,189,144
C3010,24,21,0000,District - Bharuch  21,Rural,0-4,104839,53999,50840,1382,694,688,1382,694,688,0,0,0,0,0,0,0,0,0,0,0,0
C3010,24,21,0000,District - Bharuch  21,Rural,5,23356,12271,11085,2968,1599,1369,2968,1599,1369,0,0,0,0,0,0,0,0,0,0,0,0
C3010,24,21,0000,District - Bharuch  21,Rural,6,20442,10556,9886,11121,5893,5228,11121,5893,5228,0,0,0,0,0,0,0,0,0,0,0,0
C3010,24,21,0000,District - Bharuch  21,Rural,7,20152,10472,9680,16145,8550,7595,16145,8550,7595,0,0,0,0,0,0,0,0,0,0,0,0
C3010,24,21,0000,District - Bharuch  21,Rural,8,24388,12434,11954,20462,10601,9861,20462,10601,9861,0,0,0,0,0,0,0,0,0,0,0,0
C3010,24,21,0000,District - Bharuch  21,Rural,9,21273,10835,10438,18870,9738,9132,18870,9738,9132,0,0,0,0,0,0,0,0,0,0,0,0
C3010,24,21,0000,District - Bharuch  21,Rural,10,27607,14363,13244,22525,12035,10490,22525,12035,10490,0,0,0,0,0,0,0,0,0,0,0,0
C3010,24,21,0000,District - Bharuch  21,Rural,11,19676,10461,9215,17247,9359,7888,17247,9359,7888,0,0,0,0,0,0,0,0,0,0,0,0
C3010,24,21,0000,District - Bharuch  21,Rural,12,25469,13368,12101,19491,10754,8737,19491,10754,8737,0,0,0,0,0,0,0,0,0,0,0,0
C3010,24,21,0000,District - Bharuch  21,Rural,13,19849,10462,9387,15129,8502,6627,15129,8502,6627,0,0,0,0,0,0,0,0,0,0,0,0
C3010,24,21,0000,District - Bharuch  21,Rural,14,21167,11173,9994,13753,8056,5697,13753,8056,5697,0,0,0,0,0,0,0,0,0,0,0,0
C3010,24,21,0000,District - Bharuch  21,Rural,15-19,95320,51989,43331,33240,20920,12320,27895,17206,10689,2007,1304,703,1250,1205,45,2084,1202,882,4,3,1
C3010,24,21,0000,District - Bharuch  21,Rural,20-24,91445,49760,41685,6128,4607,1521,1817,1293,524,3116,2218,898,834,800,34,324,282,42,37,14,23
C3010,24,21,0000,District - Bharuch  21,Rural,25-29,86115,44537,41578,622,505,117,0,0,0,244,193,51,233,209,24,75,64,11,70,39,31
C3010,24,21,0000,District - Bharuch  21,Rural,30-34,83934,42956,40978,227,163,64,0,0,0,51,40,11,88,66,22,28,22,6,60,35,25
C3010,24,21,0000,District - Bharuch  21,Rural,35-59,257608,134463,123145,510,352,158,0,0,0,69,53,16,202,132,70,102,87,15,137,80,57
C3010,24,21,0000,District - Bharuch  21,Rural,60+,74642,34187,40455,67,41,26,0,0,0,3,2,1,22,12,10,17,9,8,25,18,7
C3010,24,21,0000,District - Bharuch  21,Rural,Age not stated,814,502,312,107,105,2,0,0,0,1,0,1,65,65,0,41,40,1,0,0,0
C3010,24,21,0000,District - Bharuch  21,Urban,All ages,352560,184888,167672,84135,46844,37291,76213,41550,34663,6002,3663,2339,844,628,216,1056,999,57,20,4,16
C3010,24,21,0000,District - Bharuch  21,Urban,0-4,31521,16765,14756,841,472,369,841,472,369,0,0,0,0,0,0,0,0,0,0,0,0
C3010,24,21,0000,District - Bharuch  21,Urban,5,7439,4096,3343,1434,826,608,1434,826,608,0,0,0,0,0,0,0,0,0,0,0,0
C3010,24,21,0000,District - Bharuch  21,Urban,6,6428,3489,2939,2873,1587,1286,2873,1587,1286,0,0,0,0,0,0,0,0,0,0,0,0
C3010,24,21,0000,District - Bharuch  21,Urban,7,6962,3704,3258,5973,3225,2748,5973,3225,2748,0,0,0,0,0,0,0,0,0,0,0,0
C3010,24,21,0000,District - Bharuch  21,Urban,8,8097,4304,3793,7217,3845,3372,7217,3845,3372,0,0,0,0,0,0,0,0,0,0,0,0
C3010,24,21,0000,District - Bharuch  21,Urban,9,6414,3358,3056,6002,3166,2836,6002,3166,2836,0,0,0,0,0,0,0,0,0,0,0,0
C3010,24,21,0000,District - Bharuch  21,Urban,10,9426,4960,4466,8444,4490,3954,8444,4490,3954,0,0,0,0,0,0,0,0,0,0,0,0
C3010,24,21,0000,District - Bharuch  21,Urban,11,6813,3613,3200,6362,3401,2961,6362,3401,2961,0,0,0,0,0,0,0,0,0,0,0,0
C3010,24,21,0000,District - Bharuch  21,Urban,12,8868,4846,4022,7735,4297,3438,7735,4297,3438,0,0,0,0,0,0,0,0,0,0,0,0
C3010,24,21,0000,District - Bharuch  21,Urban,13,7083,3667,3416,6201,3281,2920,6201,3281,2920,0,0,0,0,0,0,0,0,0,0,0,0
C3010,24,21,0000,District - Bharuch  21,Urban,14,7619,4064,3555,6187,3444,2743,6187,3444,2743,0,0,0,0,0,0,0,0,0,0,0,0
C3010,24,21,0000,District - Bharuch  21,Urban,15-19,34459,18623,15836,18966,10813,8153,15897,8807,7090,2141,1201,940,389,289,100,538,516,22,1,0,1
C3010,24,21,0000,District - Bharuch  21,Urban,20-24,33190,17468,15722,4955,3301,1654,1047,709,338,3485,2213,1272,179,147,32,242,231,11,2,1,1
C3010,24,21,0000,District - Bharuch  21,Urban,25-29,32730,16497,16233,436,322,114,0,0,0,286,197,89,87,72,15,60,53,7,3,0,3
C3010,24,21,0000,District - Bharuch  21,Urban,30-34,32116,16509,15607,157,119,38,0,0,0,46,29,17,46,31,15,63,58,5,2,1,1
C3010,24,21,0000,District - Bharuch  21,Urban,35-59,91982,49068,42914,317,231,86,0,0,0,35,17,18,128,79,49,146,134,12,8,1,7
C3010,24,21,0000,District - Bharuch  21,Urban,60+,21147,9706,11441,22,13,9,0,0,0,4,1,3,8,5,3,6,6,0,4,1,3
C3010,24,21,0000,District - Bharuch  21,Urban,Age not stated,266,151,115,13,11,2,0,0,0,5,5,0,7,5,2,1,1,0,0,0,0
C3010,24,22,0000,District - Surat  22,Total,All ages,4995174,2722539,2272635,1002833,545898,456935,942354,508116,434238,48279,28476,19803,8697,6415,2282,3089,2610,479,414,281,133
C3010,24,22,0000,District - Surat  22,Total,0-4,488467,260654,227813,12429,6874,5555,12429,6874,5555,0,0,0,0,0,0,0,0,0,0,0,0
C3010,24,22,0000,District - Surat  22,Total,5,114556,62010,52546,24170,13300,10870,24170,13300,10870,0,0,0,0,0,0,0,0,0,0,0,0
C3010,24,22,0000,District - Surat  22,Total,6,96649,51247,45402,51012,27370,23642,51012,27370,23642,0,0,0,0,0,0,0,0,0,0,0,0
C3010,24,22,0000,District - Surat  22,Total,7,106690,55769,50921,86118,45546,40572,86118,45546,40572,0,0,0,0,0,0,0,0,0,0,0,0
C3010,24,22,0000,District - Surat  22,Total,8,118265,62310,55955,99880,53037,46843,99880,53037,46843,0,0,0,0,0,0,0,0,0,0,0,0
C3010,24,22,0000,District - Surat  22,Total,9,92869,48591,44278,82232,43377,38855,82232,43377,38855,0,0,0,0,0,0,0,0,0,0,0,0
C3010,24,22,0000,District - Surat  22,Total,10,129640,69275,60365,108255,58208,50047,108255,58208,50047,0,0,0,0,0,0,0,0,0,0,0,0
C3010,24,22,0000,District - Surat  22,Total,11,86376,45670,40706,76693,40778,35915,76693,40778,35915,0,0,0,0,0,0,0,0,0,0,0,0
C3010,24,22,0000,District - Surat  22,Total,12,115779,62008,53771,92020,49694,42326,92020,49694,42326,0,0,0,0,0,0,0,0,0,0,0,0
C3010,24,22,0000,District - Surat  22,Total,13,86636,44803,41833,68761,36125,32636,68761,36125,32636,0,0,0,0,0,0,0,0,0,0,0,0
C3010,24,22,0000,District - Surat  22,Total,14,92542,48846,43696,65061,35067,29994,65061,35067,29994,0,0,0,0,0,0,0,0,0,0,0,0
C3010,24,22,0000,District - Surat  22,Total,15-19,491563,285705,205858,189528,106244,83284,165870,92244,73626,18279,9648,8631,3863,3074,789,1506,1271,235,10,7,3
C3010,24,22,0000,District - Surat  22,Total,20-24,554362,320847,233515,40178,25813,14365,9853,6496,3357,27589,17176,10413,2075,1548,527,627,569,58,34,24,10
C3010,24,22,0000,District - Surat  22,Total,25-29,522362,288769,233593,2992,2141,851,0,0,0,1739,1225,514,927,665,262,263,208,55,63,43,20
C3010,24,22,0000,District - Surat  22,Total,30-34,458276,250395,207881,986,633,353,0,0,0,271,160,111,510,324,186,144,111,33,61,38,23
C3010,24,22,0000,District - Surat  22,Total,35-59,1174447,641390,533057,2186,1554,632,0,0,0,308,210,98,1156,777,379,513,422,91,209,145,64
C3010,24,22,0000,District - Surat  22,Total,60+,261423,122260,139163,168,102,66,0,0,0,46,29,17,54,25,29,32,25,7,36,23,13
C3010,24,22,0000,District - Surat  22,Total,Age not stated,4272,1990,2282,164,35,129,0,0,0,47,28,19,112,2,110,4,4,0,1,1,0
C3010,24,22,0000,District - Surat  22,Rural,All ages,1999357,1026584,972773,384404,206213,178191,363183,192560,170623,15856,9437,6419,3405,2538,867,1856,1608,248,104,70,34
C3010,24,22,0000,District - Surat  22,Rural,0-4,194639,100101,94538,1912,993,919,1912,993,919,0,0,0,0,0,0,0,0,0,0,0,0
C3010,24,22,0000,District - Surat  22,Rural,5,43878,22950,20928,7734,4018,3716,7734,4018,3716,0,0,0,0,0,0,0,0,0,0,0,0
C3010,24,22,0000,District - Surat  22,Rural,6,39757,20550,19207,21724,11324,10400,21724,11324,10400,0,0,0,0,0,0,0,0,0,0,0,0
C3010,24,22,0000,District - Surat  22,Rural,7,43585,22286,21299,33244,17140,16104,33244,17140,16104,0,0,0,0,0,0,0,0,0,0,0,0
C3010,24,22,0000,District - Surat  22,Rural,8,49084,25100,23984,38867,19972,18895,38867,19972,18895,0,0,0,0,0,0,0,0,0,0,0,0
C3010,24,22,0000,District - Surat  22,Rural,9,41264,21359,19905,35013,18281,16732,35013,18281,16732,0,0,0,0,0,0,0,0,0,0,0,0
C3010,24,22,0000,District - Surat  22,Rural,10,52750,27696,25054,40219,21209,19010,40219,21209,19010,0,0,0,0,0,0,0,0,0,0,0,0
C3010,24,22,0000,District - Surat  22,Rural,11,36158,18976,17182,30798,16305,14493,30798,16305,14493,0,0,0,0,0,0,0,0,0,0,0,0
C3010,24,22,0000,District - Surat  22,Rural,12,48498,25399,23099,34982,18618,16364,34982,18618,16364,0,0,0,0,0,0,0,0,0,0,0,0
C3010,24,22,0000,District - Surat  22,Rural,13,36803,18812,17991,27292,14339,12953,27292,14339,12953,0,0,0,0,0,0,0,0,0,0,0,0
C3010,24,22,0000,District - Surat  22,Rural,14,39036,20240,18796,25418,13709,11709,25418,13709,11709,0,0,0,0,0,0,0,0,0,0,0,0
C3010,24,22,0000,District - Surat  22,Rural,15-19,181639,97300,84339,70298,39264,31034,61849,33898,27951,5785,3132,2653,1619,1324,295,1041,907,134,4,3,1
C3010,24,22,0000,District - Surat  22,Rural,20-24,184625,95832,88793,14419,9311,5108,4131,2754,1377,9103,5628,3475,791,571,220,384,351,33,10,7,3
C3010,24,22,0000,District - Surat  22,Rural,25-29,182706,92721,89985,1255,919,336,0,0,0,742,535,207,353,252,101,141,118,23,19,14,5
C3010,24,22,0000,District - Surat  22,Rural,30-34,175752,88354,87398,371,223,148,0,0,0,90,50,40,201,114,87,70,52,18,10,7,3
C3010,24,22,0000,District - Surat  22,Rural,35-59,512265,265065,247200,778,544,234,0,0,0,104,74,30,418,270,148,204,166,38,52,34,18
C3010,24,22,0000,District - Surat  22,Rural,60+,135133,62827,72306,50,33,17,0,0,0,14,11,3,14,6,8,13,11,2,9,5,4
C3010,24,22,0000,District - Surat  22,Rural,Age not stated,1785,1016,769,30,11,19,0,0,0,18,7,11,9,1,8,3,3,0,0,0,0
C3010,24,22,0000,District - Surat  22,Urban,All ages,2995817,1695955,1299862,618429,339685,278744,579171,315556,263615,32423,19039,13384,5292,3877,1415,1233,1002,231,310,211,99
C3010,24,22,0000,District - Surat  22,Urban,0-4,293828,160553,133275,10517,5881,4636,10517,5881,4636,0,0,0,0,0,0,0,0,0,0,0,0
C3010,24,22,0000,District - Surat  22,Urban,5,70678,39060,31618,16436,9282,7154,16436,9282,7154,0,0,0,0,0,0,0,0,0,0,0,0
C3010,24,22,0000,District - Surat  22,Urban,6,56892,30697,26195,29288,16046,13242,29288,16046,13242,0,0,0,0,0,0,0,0,0,0,0,0
C3010,24,22,0000,District - Surat  22,Urban,7,63105,33483,29622,52874,28406,24468,52874,28406,24468,0,0,0,0,0,0,0,0,0,0,0,0
C3010,24,22,0000,District - Surat  22,Urban,8,69181,37210,31971,61013,33065,27948,61013,33065,27948,0,0,0,0,0,0,0,0,0,0,0,0
C3010,24,22,0000,District - Surat  22,Urban,9,51605,27232,24373,47219,25096,22123,47219,25096,22123,0,0,0,0,0,0,0,0,0,0,0,0
C3010,24,22,0000,District - Surat  22,Urban,10,76890,41579,35311,68036,36999,31037,68036,36999,31037,0,0,0,0,0,0,0,0,0,0,0,0
C3010,24,22,0000,District - Surat  22,Urban,11,50218,26694,23524,45895,24473,21422,45895,24473,21422,0,0,0,0,0,0,0,0,0,0,0,0
C3010,24,22,0000,District - Surat  22,Urban,12,67281,36609,30672,57038,31076,25962,57038,31076,25962,0,0,0,0,0,0,0,0,0,0,0,0
C3010,24,22,0000,District - Surat  22,Urban,13,49833,25991,23842,41469,21786,19683,41469,21786,19683,0,0,0,0,0,0,0,0,0,0,0,0
C3010,24,22,0000,District - Surat  22,Urban,14,53506,28606,24900,39643,21358,18285,39643,21358,18285,0,0,0,0,0,0,0,0,0,0,0,0
C3010,24,22,0000,District - Surat  22,Urban,15-19,309924,188405,121519,119230,66980,52250,104021,58346,45675,12494,6516,5978,2244,1750,494,465,364,101,6,4,2
C3010,24,22,0000,District - Surat  22,Urban,20-24,369737,225015,144722,25759,16502,9257,5722,3742,1980,18486,11548,6938,1284,977,307,243,218,25,24,17,7
C3010,24,22,0000,District - Surat  22,Urban,25-29,339656,196048,143608,1737,1222,515,0,0,0,997,690,307,574,413,161,122,90,32,44,29,15
C3010,24,22,0000,District - Surat  22,Urban,30-34,282524,162041,120483,615,410,205,0,0,0,181,110,71,309,210,99,74,59,15,51,31,20
C3010,24,22,0000,District - Surat  22,Urban,35-59,662182,376325,285857,1408,1010,398,0,0,0,204,136,68,738,507,231,309,256,53,157,111,46
C3010,24,22,0000,District - Surat  22,Urban,60+,126290,59433,66857,118,69,49,0,0,0,32,18,14,40,19,21,19,14,5,27,18,9
C3010,24,22,0000,District - Surat  22,Urban,Age not stated,2487,974,1513,134,24,110,0,0,0,29,21,8,103,1,102,1,1,0,1,1,0
C3010,24,23,0000,District - The Dangs  23,Total,All ages,186729,93974,92755,42531,22800,19731,41010,21895,19115,754,465,289,279,215,64,43,35,8,445,190,255
C3010,24,23,0000,District - The Dangs  23,Total,0-4,26723,13472,13251,172,83,89,172,83,89,0,0,0,0,0,0,0,0,0,0,0,0
C3010,24,23,0000,District - The Dangs  23,Total,5,4729,2471,2258,987,516,471,987,516,471,0,0,0,0,0,0,0,0,0,0,0,0
C3010,24,23,0000,District - The Dangs  23,Total,6,5095,2567,2528,3146,1634,1512,3146,1634,1512,0,0,0,0,0,0,0,0,0,0,0,0
C3010,24,23,0000,District - The Dangs  23,Total,7,5163,2636,2527,4361,2242,2119,4361,2242,2119,0,0,0,0,0,0,0,0,0,0,0,0
C3010,24,23,0000,District - The Dangs  23,Total,8,5758,2922,2836,5041,2606,2435,5041,2606,2435,0,0,0,0,0,0,0,0,0,0,0,0
C3010,24,23,0000,District - The Dangs  23,Total,9,5230,2670,2560,4652,2383,2269,4652,2383,2269,0,0,0,0,0,0,0,0,0,0,0,0
C3010,24,23,0000,District - The Dangs  23,Total,10,6312,3305,3007,5321,2865,2456,5321,2865,2456,0,0,0,0,0,0,0,0,0,0,0,0
C3010,24,23,0000,District - The Dangs  23,Total,11,4088,2182,1906,3498,1903,1595,3498,1903,1595,0,0,0,0,0,0,0,0,0,0,0,0
C3010,24,23,0000,District - The Dangs  23,Total,12,5891,3068,2823,4246,2256,1990,4246,2256,1990,0,0,0,0,0,0,0,0,0,0,0,0
C3010,24,23,0000,District - The Dangs  23,Total,13,4019,2105,1914,2869,1569,1300,2869,1569,1300,0,0,0,0,0,0,0,0,0,0,0,0
C3010,24,23,0000,District - The Dangs  23,Total,14,4015,2124,1891,2288,1278,1010,2288,1278,1010,0,0,0,0,0,0,0,0,0,0,0,0
C3010,24,23,0000,District - The Dangs  23,Total,15-19,14740,7454,7286,4438,2557,1881,4115,2356,1759,228,128,100,70,61,9,2,2,0,23,10,13
C3010,24,23,0000,District - The Dangs  23,Total,20-24,14923,6912,8011,910,583,327,314,204,110,454,284,170,90,74,16,1,1,0,51,20,31
C3010,24,23,0000,District - The Dangs  23,Total,25-29,14322,6914,7408,167,95,72,0,0,0,47,34,13,39,24,15,5,2,3,76,35,41
C3010,24,23,0000,District - The Dangs  23,Total,30-34,13304,6466,6838,118,68,50,0,0,0,18,14,4,22,16,6,4,3,1,74,35,39
C3010,24,23,0000,District - The Dangs  23,Total,35-59,42103,21762,20341,292,150,142,0,0,0,7,5,2,55,39,16,31,27,4,199,79,120
C3010,24,23,0000,District - The Dangs  23,Total,60+,10211,4881,5330,25,12,13,0,0,0,0,0,0,3,1,2,0,0,0,22,11,11
C3010,24,23,0000,District - The Dangs  23,Total,Age not stated,103,63,40,0,0,0,0,0,0,0,0,0,0,0,0,0,0,0,0,0,0
C3010,24,23,0000,District - The Dangs  23,Rural,All ages,186729,93974,92755,42531,22800,19731,41010,21895,19115,754,465,289,279,215,64,43,35,8,445,190,255
C3010,24,23,0000,District - The Dangs  23,Rural,0-4,26723,13472,13251,172,83,89,172,83,89,0,0,0,0,0,0,0,0,0,0,0,0
C3010,24,23,0000,District - The Dangs  23,Rural,5,4729,2471,2258,987,516,471,987,516,471,0,0,0,0,0,0,0,0,0,0,0,0
C3010,24,23,0000,District - The Dangs  23,Rural,6,5095,2567,2528,3146,1634,1512,3146,1634,1512,0,0,0,0,0,0,0,0,0,0,0,0
C3010,24,23,0000,District - The Dangs  23,Rural,7,5163,2636,2527,4361,2242,2119,4361,2242,2119,0,0,0,0,0,0,0,0,0,0,0,0
C3010,24,23,0000,District - The Dangs  23,Rural,8,5758,2922,2836,5041,2606,2435,5041,2606,2435,0,0,0,0,0,0,0,0,0,0,0,0
C3010,24,23,0000,District - The Dangs  23,Rural,9,5230,2670,2560,4652,2383,2269,4652,2383,2269,0,0,0,0,0,0,0,0,0,0,0,0
C3010,24,23,0000,District - The Dangs  23,Rural,10,6312,3305,3007,5321,2865,2456,5321,2865,2456,0,0,0,0,0,0,0,0,0,0,0,0
C3010,24,23,0000,District - The Dangs  23,Rural,11,4088,2182,1906,3498,1903,1595,3498,1903,1595,0,0,0,0,0,0,0,0,0,0,0,0
C3010,24,23,0000,District - The Dangs  23,Rural,12,5891,3068,2823,4246,2256,1990,4246,2256,1990,0,0,0,0,0,0,0,0,0,0,0,0
C3010,24,23,0000,District - The Dangs  23,Rural,13,4019,2105,1914,2869,1569,1300,2869,1569,1300,0,0,0,0,0,0,0,0,0,0,0,0
C3010,24,23,0000,District - The Dangs  23,Rural,14,4015,2124,1891,2288,1278,1010,2288,1278,1010,0,0,0,0,0,0,0,0,0,0,0,0
C3010,24,23,0000,District - The Dangs  23,Rural,15-19,14740,7454,7286,4438,2557,1881,4115,2356,1759,228,128,100,70,61,9,2,2,0,23,10,13
C3010,24,23,0000,District - The Dangs  23,Rural,20-24,14923,6912,8011,910,583,327,314,204,110,454,284,170,90,74,16,1,1,0,51,20,31
C3010,24,23,0000,District - The Dangs  23,Rural,25-29,14322,6914,7408,167,95,72,0,0,0,47,34,13,39,24,15,5,2,3,76,35,41
C3010,24,23,0000,District - The Dangs  23,Rural,30-34,13304,6466,6838,118,68,50,0,0,0,18,14,4,22,16,6,4,3,1,74,35,39
C3010,24,23,0000,District - The Dangs  23,Rural,35-59,42103,21762,20341,292,150,142,0,0,0,7,5,2,55,39,16,31,27,4,199,79,120
C3010,24,23,0000,District - The Dangs  23,Rural,60+,10211,4881,5330,25,12,13,0,0,0,0,0,0,3,1,2,0,0,0,22,11,11
C3010,24,23,0000,District - The Dangs  23,Rural,Age not stated,103,63,40,0,0,0,0,0,0,0,0,0,0,0,0,0,0,0,0,0,0
C3010,24,23,0000,District - The Dangs  23,Urban,All ages,0,0,0,0,0,0,0,0,0,0,0,0,0,0,0,0,0,0,0,0,0
C3010,24,23,0000,District - The Dangs  23,Urban,0-4,0,0,0,0,0,0,0,0,0,0,0,0,0,0,0,0,0,0,0,0,0
C3010,24,23,0000,District - The Dangs  23,Urban,5,0,0,0,0,0,0,0,0,0,0,0,0,0,0,0,0,0,0,0,0,0
C3010,24,23,0000,District - The Dangs  23,Urban,6,0,0,0,0,0,0,0,0,0,0,0,0,0,0,0,0,0,0,0,0,0
C3010,24,23,0000,District - The Dangs  23,Urban,7,0,0,0,0,0,0,0,0,0,0,0,0,0,0,0,0,0,0,0,0,0
C3010,24,23,0000,District - The Dangs  23,Urban,8,0,0,0,0,0,0,0,0,0,0,0,0,0,0,0,0,0,0,0,0,0
C3010,24,23,0000,District - The Dangs  23,Urban,9,0,0,0,0,0,0,0,0,0,0,0,0,0,0,0,0,0,0,0,0,0
C3010,24,23,0000,District - The Dangs  23,Urban,10,0,0,0,0,0,0,0,0,0,0,0,0,0,0,0,0,0,0,0,0,0
C3010,24,23,0000,District - The Dangs  23,Urban,11,0,0,0,0,0,0,0,0,0,0,0,0,0,0,0,0,0,0,0,0,0
C3010,24,23,0000,District - The Dangs  23,Urban,12,0,0,0,0,0,0,0,0,0,0,0,0,0,0,0,0,0,0,0,0,0
C3010,24,23,0000,District - The Dangs  23,Urban,13,0,0,0,0,0,0,0,0,0,0,0,0,0,0,0,0,0,0,0,0,0
C3010,24,23,0000,District - The Dangs  23,Urban,14,0,0,0,0,0,0,0,0,0,0,0,0,0,0,0,0,0,0,0,0,0
C3010,24,23,0000,District - The Dangs  23,Urban,15-19,0,0,0,0,0,0,0,0,0,0,0,0,0,0,0,0,0,0,0,0,0
C3010,24,23,0000,District - The Dangs  23,Urban,20-24,0,0,0,0,0,0,0,0,0,0,0,0,0,0,0,0,0,0,0,0,0
C3010,24,23,0000,District - The Dangs  23,Urban,25-29,0,0,0,0,0,0,0,0,0,0,0,0,0,0,0,0,0,0,0,0,0
C3010,24,23,0000,District - The Dangs  23,Urban,30-34,0,0,0,0,0,0,0,0,0,0,0,0,0,0,0,0,0,0,0,0,0
C3010,24,23,0000,District - The Dangs  23,Urban,35-59,0,0,0,0,0,0,0,0,0,0,0,0,0,0,0,0,0,0,0,0,0
C3010,24,23,0000,District - The Dangs  23,Urban,60+,0,0,0,0,0,0,0,0,0,0,0,0,0,0,0,0,0,0,0,0,0
C3010,24,23,0000,District - The Dangs  23,Urban,Age not stated,0,0,0,0,0,0,0,0,0,0,0,0,0,0,0,0,0,0,0,0,0
C3010,24,24,0000,District - Navsari  *  24,Total,All ages,1229463,628988,600475,273468,145058,128410,250444,131379,119065,17876,9904,7972,2977,2359,618,2087,1373,714,84,43,41
C3010,24,24,0000,District - Navsari  *  24,Total,0-4,105347,54928,50419,1377,742,635,1377,742,635,0,0,0,0,0,0,0,0,0,0,0,0
C3010,24,24,0000,District - Navsari  *  24,Total,5,23678,12514,11164,4302,2290,2012,4302,2290,2012,0,0,0,0,0,0,0,0,0,0,0,0
C3010,24,24,0000,District - Navsari  *  24,Total,6,20258,10498,9760,11251,5808,5443,11251,5808,5443,0,0,0,0,0,0,0,0,0,0,0,0
C3010,24,24,0000,District - Navsari  *  24,Total,7,23805,12190,11615,20516,10588,9928,20516,10588,9928,0,0,0,0,0,0,0,0,0,0,0,0
C3010,24,24,0000,District - Navsari  *  24,Total,8,26773,13903,12870,23952,12479,11473,23952,12479,11473,0,0,0,0,0,0,0,0,0,0,0,0
C3010,24,24,0000,District - Navsari  *  24,Total,9,23335,12086,11249,21560,11198,10362,21560,11198,10362,0,0,0,0,0,0,0,0,0,0,0,0
C3010,24,24,0000,District - Navsari  *  24,Total,10,29218,15335,13883,25527,13436,12091,25527,13436,12091,0,0,0,0,0,0,0,0,0,0,0,0
C3010,24,24,0000,District - Navsari  *  24,Total,11,22385,11716,10669,20612,10794,9818,20612,10794,9818,0,0,0,0,0,0,0,0,0,0,0,0
C3010,24,24,0000,District - Navsari  *  24,Total,12,28174,14758,13416,23833,12557,11276,23833,12557,11276,0,0,0,0,0,0,0,0,0,0,0,0
C3010,24,24,0000,District - Navsari  *  24,Total,13,23434,12231,11203,20149,10568,9581,20149,10568,9581,0,0,0,0,0,0,0,0,0,0,0,0
C3010,24,24,0000,District - Navsari  *  24,Total,14,25329,13088,12241,20132,10492,9640,20132,10492,9640,0,0,0,0,0,0,0,0,0,0,0,0
C3010,24,24,0000,District - Navsari  *  24,Total,15-19,119035,63928,55107,63192,33573,29619,53793,28264,25529,6453,3231,3222,1527,1263,264,1416,814,602,3,1,2
C3010,24,24,0000,District - Navsari  *  24,Total,20-24,116423,61246,55177,14975,9103,5872,3440,2163,1277,10410,6004,4406,729,594,135,390,337,53,6,5,1
C3010,24,24,0000,District - Navsari  *  24,Total,25-29,104769,53023,51746,1218,859,359,0,0,0,779,524,255,329,254,75,91,69,22,19,12,7
C3010,24,24,0000,District - Navsari  *  24,Total,30-34,103357,51458,51899,267,177,90,0,0,0,106,62,44,98,67,31,46,39,7,17,9,8
C3010,24,24,0000,District - Navsari  *  24,Total,35-59,335503,171140,164363,552,361,191,0,0,0,111,75,36,277,167,110,131,105,26,33,14,19
C3010,24,24,0000,District - Navsari  *  24,Total,60+,98123,44616,53507,48,31,17,0,0,0,13,7,6,17,14,3,12,8,4,6,2,4
C3010,24,24,0000,District - Navsari  *  24,Total,Age not stated,517,330,187,5,2,3,0,0,0,4,1,3,0,0,0,1,1,0,0,0,0
C3010,24,24,0000,District - Navsari  *  24,Rural,All ages,893110,453352,439758,194410,103072,91338,179331,93944,85387,11174,6246,4928,1958,1619,339,1890,1231,659,57,32,25
C3010,24,24,0000,District - Navsari  *  24,Rural,0-4,78336,40499,37837,647,330,317,647,330,317,0,0,0,0,0,0,0,0,0,0,0,0
C3010,24,24,0000,District - Navsari  *  24,Rural,5,17254,8981,8273,2998,1573,1425,2998,1573,1425,0,0,0,0,0,0,0,0,0,0,0,0
C3010,24,24,0000,District - Navsari  *  24,Rural,6,15034,7767,7267,8433,4368,4065,8433,4368,4065,0,0,0,0,0,0,0,0,0,0,0,0
C3010,24,24,0000,District - Navsari  *  24,Rural,7,17589,9000,8589,15039,7744,7295,15039,7744,7295,0,0,0,0,0,0,0,0,0,0,0,0
C3010,24,24,0000,District - Navsari  *  24,Rural,8,19780,10192,9588,17539,9072,8467,17539,9072,8467,0,0,0,0,0,0,0,0,0,0,0,0
C3010,24,24,0000,District - Navsari  *  24,Rural,9,17611,9132,8479,16170,8418,7752,16170,8418,7752,0,0,0,0,0,0,0,0,0,0,0,0
C3010,24,24,0000,District - Navsari  *  24,Rural,10,21068,11104,9964,18059,9528,8531,18059,9528,8531,0,0,0,0,0,0,0,0,0,0,0,0
C3010,24,24,0000,District - Navsari  *  24,Rural,11,16342,8502,7840,14919,7766,7153,14919,7766,7153,0,0,0,0,0,0,0,0,0,0,0,0
C3010,24,24,0000,District - Navsari  *  24,Rural,12,20501,10717,9784,16995,8930,8065,16995,8930,8065,0,0,0,0,0,0,0,0,0,0,0,0
C3010,24,24,0000,District - Navsari  *  24,Rural,13,17218,9041,8177,14602,7707,6895,14602,7707,6895,0,0,0,0,0,0,0,0,0,0,0,0
C3010,24,24,0000,District - Navsari  *  24,Rural,14,18549,9650,8899,14498,7607,6891,14498,7607,6891,0,0,0,0,0,0,0,0,0,0,0,0
C3010,24,24,0000,District - Navsari  *  24,Rural,15-19,84061,45017,39044,43525,23108,20417,37149,19453,17696,4036,2027,2009,1022,890,132,1317,738,579,1,0,1
C3010,24,24,0000,District - Navsari  *  24,Rural,20-24,81781,42474,39307,9503,5873,3630,2283,1448,835,6438,3749,2689,433,365,68,344,307,37,5,4,1
C3010,24,24,0000,District - Navsari  *  24,Rural,25-29,75142,37558,37584,848,609,239,0,0,0,553,378,175,212,170,42,67,51,16,16,10,6
C3010,24,24,0000,District - Navsari  *  24,Rural,30-34,75065,36938,38127,181,128,53,0,0,0,62,37,25,71,51,20,38,33,5,10,7,3
C3010,24,24,0000,District - Navsari  *  24,Rural,35-59,243869,123080,120789,418,288,130,0,0,0,76,51,25,208,133,75,112,93,19,22,11,11
C3010,24,24,0000,District - Navsari  *  24,Rural,60+,73535,33439,40096,32,21,11,0,0,0,6,3,3,12,10,2,11,8,3,3,0,3
C3010,24,24,0000,District - Navsari  *  24,Rural,Age not stated,375,261,114,4,2,2,0,0,0,3,1,2,0,0,0,1,1,0,0,0,0
C3010,24,24,0000,District - Navsari  *  24,Urban,All ages,336353,175636,160717,79058,41986,37072,71113,37435,33678,6702,3658,3044,1019,740,279,197,142,55,27,11,16
C3010,24,24,0000,District - Navsari  *  24,Urban,0-4,27011,14429,12582,730,412,318,730,412,318,0,0,0,0,0,0,0,0,0,0,0,0
C3010,24,24,0000,District - Navsari  *  24,Urban,5,6424,3533,2891,1304,717,587,1304,717,587,0,0,0,0,0,0,0,0,0,0,0,0
C3010,24,24,0000,District - Navsari  *  24,Urban,6,5224,2731,2493,2818,1440,1378,2818,1440,1378,0,0,0,0,0,0,0,0,0,0,0,0
C3010,24,24,0000,District - Navsari  *  24,Urban,7,6216,3190,3026,5477,2844,2633,5477,2844,2633,0,0,0,0,0,0,0,0,0,0,0,0
C3010,24,24,0000,District - Navsari  *  24,Urban,8,6993,3711,3282,6413,3407,3006,6413,3407,3006,0,0,0,0,0,0,0,0,0,0,0,0
C3010,24,24,0000,District - Navsari  *  24,Urban,9,5724,2954,2770,5390,2780,2610,5390,2780,2610,0,0,0,0,0,0,0,0,0,0,0,0
C3010,24,24,0000,District - Navsari  *  24,Urban,10,8150,4231,3919,7468,3908,3560,7468,3908,3560,0,0,0,0,0,0,0,0,0,0,0,0
C3010,24,24,0000,District - Navsari  *  24,Urban,11,6043,3214,2829,5693,3028,2665,5693,3028,2665,0,0,0,0,0,0,0,0,0,0,0,0
C3010,24,24,0000,District - Navsari  *  24,Urban,12,7673,4041,3632,6838,3627,3211,6838,3627,3211,0,0,0,0,0,0,0,0,0,0,0,0
C3010,24,24,0000,District - Navsari  *  24,Urban,13,6216,3190,3026,5547,2861,2686,5547,2861,2686,0,0,0,0,0,0,0,0,0,0,0,0
C3010,24,24,0000,District - Navsari  *  24,Urban,14,6780,3438,3342,5634,2885,2749,5634,2885,2749,0,0,0,0,0,0,0,0,0,0,0,0
C3010,24,24,0000,District - Navsari  *  24,Urban,15-19,34974,18911,16063,19667,10465,9202,16644,8811,7833,2417,1204,1213,505,373,132,99,76,23,2,1,1
C3010,24,24,0000,District - Navsari  *  24,Urban,20-24,34642,18772,15870,5472,3230,2242,1157,715,442,3972,2255,1717,296,229,67,46,30,16,1,1,0
C3010,24,24,0000,District - Navsari  *  24,Urban,25-29,29627,15465,14162,370,250,120,0,0,0,226,146,80,117,84,33,24,18,6,3,2,1
C3010,24,24,0000,District - Navsari  *  24,Urban,30-34,28292,14520,13772,86,49,37,0,0,0,44,25,19,27,16,11,8,6,2,7,2,5
C3010,24,24,0000,District - Navsari  *  24,Urban,35-59,91634,48060,43574,134,73,61,0,0,0,35,24,11,69,34,35,19,12,7,11,3,8
C3010,24,24,0000,District - Navsari  *  24,Urban,60+,24588,11177,13411,16,10,6,0,0,0,7,4,3,5,4,1,1,0,1,3,2,1
C3010,24,24,0000,District - Navsari  *  24,Urban,Age not stated,142,69,73,1,0,1,0,0,0,1,0,1,0,0,0,0,0,0,0,0,0
C3010,24,25,0000,District - Valsad  25,Total,All ages,1410553,734799,675754,284180,155040,129140,265607,143334,122273,14840,8763,6077,2932,2298,634,709,579,130,92,66,26
C3010,24,25,0000,District - Valsad  25,Total,0-4,145699,75334,70365,2203,1158,1045,2203,1158,1045,0,0,0,0,0,0,0,0,0,0,0,0
C3010,24,25,0000,District - Valsad  25,Total,5,31607,16563,15044,5370,2895,2475,5370,2895,2475,0,0,0,0,0,0,0,0,0,0,0,0
C3010,24,25,0000,District - Valsad  25,Total,6,28290,14439,13851,13488,7048,6440,13488,7048,6440,0,0,0,0,0,0,0,0,0,0,0,0
C3010,24,25,0000,District - Valsad  25,Total,7,31048,15993,15055,24091,12653,11438,24091,12653,11438,0,0,0,0,0,0,0,0,0,0,0,0
C3010,24,25,0000,District - Valsad  25,Total,8,36126,18678,17448,28834,15261,13573,28834,15261,13573,0,0,0,0,0,0,0,0,0,0,0,0
C3010,24,25,0000,District - Valsad  25,Total,9,29052,15057,13995,24354,12923,11431,24354,12923,11431,0,0,0,0,0,0,0,0,0,0,0,0
C3010,24,25,0000,District - Valsad  25,Total,10,36520,19148,17372,28196,15300,12896,28196,15300,12896,0,0,0,0,0,0,0,0,0,0,0,0
C3010,24,25,0000,District - Valsad  25,Total,11,24860,13050,11810,21454,11485,9969,21454,11485,9969,0,0,0,0,0,0,0,0,0,0,0,0
C3010,24,25,0000,District - Valsad  25,Total,12,33552,17470,16082,25185,13666,11519,25185,13666,11519,0,0,0,0,0,0,0,0,0,0,0,0
C3010,24,25,0000,District - Valsad  25,Total,13,25265,12998,12267,20089,10677,9412,20089,10677,9412,0,0,0,0,0,0,0,0,0,0,0,0
C3010,24,25,0000,District - Valsad  25,Total,14,25857,13227,12630,18709,9972,8737,18709,9972,8737,0,0,0,0,0,0,0,0,0,0,0,0
C3010,24,25,0000,District - Valsad  25,Total,15-19,123910,67502,56408,56906,31909,24997,49914,27745,22169,5452,2886,2566,1340,1121,219,195,152,43,5,5,0
C3010,24,25,0000,District - Valsad  25,Total,20-24,136722,73236,63486,13054,8529,4525,3720,2551,1169,8498,5282,3216,701,585,116,124,105,19,11,6,5
C3010,24,25,0000,District - Valsad  25,Total,25-29,135439,70883,64556,1132,789,343,0,0,0,669,455,214,337,234,103,111,89,22,15,11,4
C3010,24,25,0000,District - Valsad  25,Total,30-34,123173,63969,59204,343,218,125,0,0,0,111,66,45,134,76,58,82,62,20,16,14,2
C3010,24,25,0000,District - Valsad  25,Total,35-59,351327,184652,166675,700,507,193,0,0,0,91,63,28,389,257,132,185,164,21,35,23,12
C3010,24,25,0000,District - Valsad  25,Total,60+,90960,41969,48991,47,32,15,0,0,0,11,9,2,14,9,5,12,7,5,10,7,3
C3010,24,25,0000,District - Valsad  25,Total,Age not stated,1146,631,515,25,18,7,0,0,0,8,2,6,17,16,1,0,0,0,0,0,0
C3010,24,25,0000,District - Valsad  25,Rural,All ages,1029392,526423,502969,197237,107987,89250,186586,100936,85650,8107,4967,3140,1960,1596,364,503,429,74,81,59,22
C3010,24,25,0000,District - Valsad  25,Rural,0-4,111892,57490,54402,1043,545,498,1043,545,498,0,0,0,0,0,0,0,0,0,0,0,0
C3010,24,25,0000,District - Valsad  25,Rural,5,23638,12258,11380,3634,1934,1700,3634,1934,1700,0,0,0,0,0,0,0,0,0,0,0,0
C3010,24,25,0000,District - Valsad  25,Rural,6,21896,11078,10818,10462,5476,4986,10462,5476,4986,0,0,0,0,0,0,0,0,0,0,0,0
C3010,24,25,0000,District - Valsad  25,Rural,7,23679,12114,11565,17660,9233,8427,17660,9233,8427,0,0,0,0,0,0,0,0,0,0,0,0
C3010,24,25,0000,District - Valsad  25,Rural,8,27751,14304,13447,21121,11210,9911,21121,11210,9911,0,0,0,0,0,0,0,0,0,0,0,0
C3010,24,25,0000,District - Valsad  25,Rural,9,22559,11669,10890,18239,9727,8512,18239,9727,8512,0,0,0,0,0,0,0,0,0,0,0,0
C3010,24,25,0000,District - Valsad  25,Rural,10,27522,14320,13202,19836,10791,9045,19836,10791,9045,0,0,0,0,0,0,0,0,0,0,0,0
C3010,24,25,0000,District - Valsad  25,Rural,11,18393,9647,8746,15316,8248,7068,15316,8248,7068,0,0,0,0,0,0,0,0,0,0,0,0
C3010,24,25,0000,District - Valsad  25,Rural,12,25295,13077,12218,17699,9654,8045,17699,9654,8045,0,0,0,0,0,0,0,0,0,0,0,0
C3010,24,25,0000,District - Valsad  25,Rural,13,18734,9677,9057,14168,7629,6539,14168,7629,6539,0,0,0,0,0,0,0,0,0,0,0,0
C3010,24,25,0000,District - Valsad  25,Rural,14,19164,9670,9494,12922,6876,6046,12922,6876,6046,0,0,0,0,0,0,0,0,0,0,0,0
C3010,24,25,0000,District - Valsad  25,Rural,15-19,88663,47407,41256,36186,20575,15611,32158,17982,14176,3013,1693,1320,894,802,92,116,93,23,5,5,0
C3010,24,25,0000,District - Valsad  25,Rural,20-24,94935,48869,46066,7425,5013,2412,2328,1631,697,4554,2917,1637,442,379,63,92,81,11,9,5,4
C3010,24,25,0000,District - Valsad  25,Rural,25-29,94052,47877,46175,749,524,225,0,0,0,417,277,140,233,164,69,86,74,12,13,9,4
C3010,24,25,0000,District - Valsad  25,Rural,30-34,86771,43732,43039,247,154,93,0,0,0,74,44,30,98,51,47,61,46,15,14,13,1
C3010,24,25,0000,District - Valsad  25,Rural,35-59,254687,131132,123555,485,365,120,0,0,0,42,31,11,270,182,88,142,131,11,31,21,10
C3010,24,25,0000,District - Valsad  25,Rural,60+,68897,31636,37261,27,17,10,0,0,0,5,4,1,7,3,4,6,4,2,9,6,3
C3010,24,25,0000,District - Valsad  25,Rural,Age not stated,864,466,398,18,16,2,0,0,0,2,1,1,16,15,1,0,0,0,0,0,0
C3010,24,25,0000,District - Valsad  25,Urban,All ages,381161,208376,172785,86943,47053,39890,79021,42398,36623,6733,3796,2937,972,702,270,206,150,56,11,7,4
C3010,24,25,0000,District - Valsad  25,Urban,0-4,33807,17844,15963,1160,613,547,1160,613,547,0,0,0,0,0,0,0,0,0,0,0,0
C3010,24,25,0000,District - Valsad  25,Urban,5,7969,4305,3664,1736,961,775,1736,961,775,0,0,0,0,0,0,0,0,0,0,0,0
C3010,24,25,0000,District - Valsad  25,Urban,6,6394,3361,3033,3026,1572,1454,3026,1572,1454,0,0,0,0,0,0,0,0,0,0,0,0
C3010,24,25,0000,District - Valsad  25,Urban,7,7369,3879,3490,6431,3420,3011,6431,3420,3011,0,0,0,0,0,0,0,0,0,0,0,0
C3010,24,25,0000,District - Valsad  25,Urban,8,8375,4374,4001,7713,4051,3662,7713,4051,3662,0,0,0,0,0,0,0,0,0,0,0,0
C3010,24,25,0000,District - Valsad  25,Urban,9,6493,3388,3105,6115,3196,2919,6115,3196,2919,0,0,0,0,0,0,0,0,0,0,0,0
C3010,24,25,0000,District - Valsad  25,Urban,10,8998,4828,4170,8360,4509,3851,8360,4509,3851,0,0,0,0,0,0,0,0,0,0,0,0
C3010,24,25,0000,District - Valsad  25,Urban,11,6467,3403,3064,6138,3237,2901,6138,3237,2901,0,0,0,0,0,0,0,0,0,0,0,0
C3010,24,25,0000,District - Valsad  25,Urban,12,8257,4393,3864,7486,4012,3474,7486,4012,3474,0,0,0,0,0,0,0,0,0,0,0,0
C3010,24,25,0000,District - Valsad  25,Urban,13,6531,3321,3210,5921,3048,2873,5921,3048,2873,0,0,0,0,0,0,0,0,0,0,0,0
C3010,24,25,0000,District - Valsad  25,Urban,14,6693,3557,3136,5787,3096,2691,5787,3096,2691,0,0,0,0,0,0,0,0,0,0,0,0
C3010,24,25,0000,District - Valsad  25,Urban,15-19,35247,20095,15152,20720,11334,9386,17756,9763,7993,2439,1193,1246,446,319,127,79,59,20,0,0,0
C3010,24,25,0000,District - Valsad  25,Urban,20-24,41787,24367,17420,5629,3516,2113,1392,920,472,3944,2365,1579,259,206,53,32,24,8,2,1,1
C3010,24,25,0000,District - Valsad  25,Urban,25-29,41387,23006,18381,383,265,118,0,0,0,252,178,74,104,70,34,25,15,10,2,2,0
C3010,24,25,0000,District - Valsad  25,Urban,30-34,36402,20237,16165,96,64,32,0,0,0,37,22,15,36,25,11,21,16,5,2,1,1
C3010,24,25,0000,District - Valsad  25,Urban,35-59,96640,53520,43120,215,142,73,0,0,0,49,32,17,119,75,44,43,33,10,4,2,2
C3010,24,25,0000,District - Valsad  25,Urban,60+,22063,10333,11730,20,15,5,0,0,0,6,5,1,7,6,1,6,3,3,1,1,0
C3010,24,25,0000,District - Valsad  25,Urban,Age not stated,282,165,117,7,2,5,0,0,0,6,1,5,1,1,0,0,0,0,0,0,0
