Table Name,State Code,District Code,Tehsil Code,Area Name,Total/ Rural/ Urban,Age-group,Total population - Persons,Total population - Males,Total population - Females,Population attending educational institutions - Persons,Population attending educational institutions - Males,Population attending educational institutions - Females,Type of educational institution - School - Persons,Type of educational institution - School - Males,Type of educational institution - School - Females,Type of educational institution - College - Persons,Type of educational institution - College - Males,Type of educational institution - College - Females,Type of educational institution - Vocational institute - Persons,Type of educational institution - Vocational institute - Males,Type of educational institution - Vocational institute - Females,Type of educational institution - Other institute - Persons,Type of educational institution - Other institute - Males,Type of educational institution - Other institute - Females,Type of educational institution - Literacy centre - Persons,Type of educational institution - Literacy centre - Males,Type of educational institution - Literacy centre - Females
C3010,06,00,0000,State - HARYANA  06,Total,All ages,21144564,11363953,9780611,5438016,3145336,2292680,5050725,2900217,2150508,320450,199477,120973,41742,30596,11146,22304,13855,8449,2795,1191,1604
C3010,06,00,0000,State - HARYANA  06,Total,0-4,2273739,1251155,1022584,54645,31001,23644,54645,31001,23644,0,0,0,0,0,0,0,0,0,0,0,0
C3010,06,00,0000,State - HARYANA  06,Total,5,541376,300824,240552,92554,53646,38908,92554,53646,38908,0,0,0,0,0,0,0,0,0,0,0,0
C3010,06,00,0000,State - HARYANA  06,Total,6,520422,281676,238746,208204,117136,91068,208204,117136,91068,0,0,0,0,0,0,0,0,0,0,0,0
C3010,06,00,0000,State - HARYANA  06,Total,7,483397,263333,220064,368527,206903,161624,368527,206903,161624,0,0,0,0,0,0,0,0,0,0,0,0
C3010,06,00,0000,State - HARYANA  06,Total,8,601638,326537,275101,499211,278913,220298,499211,278913,220298,0,0,0,0,0,0,0,0,0,0,0,0
C3010,06,00,0000,State - HARYANA  06,Total,9,476132,257266,218866,421759,233309,188450,421759,233309,188450,0,0,0,0,0,0,0,0,0,0,0,0
C3010,06,00,0000,State - HARYANA  06,Total,10,631695,343334,288361,550604,307941,242663,550604,307941,242663,0,0,0,0,0,0,0,0,0,0,0,0
C3010,06,00,0000,State - HARYANA  06,Total,11,451588,244124,207464,404713,224681,180032,404713,224681,180032,0,0,0,0,0,0,0,0,0,0,0,0
C3010,06,00,0000,State - HARYANA  06,Total,12,612847,330224,282623,521128,291830,229298,521128,291830,229298,0,0,0,0,0,0,0,0,0,0,0,0
C3010,06,00,0000,State - HARYANA  06,Total,13,466115,241448,224667,388745,212089,176656,388745,212089,176656,0,0,0,0,0,0,0,0,0,0,0,0
C3010,06,00,0000,State - HARYANA  06,Total,14,521031,277317,243714,403317,229291,174026,403317,229291,174026,0,0,0,0,0,0,0,0,0,0,0,0
C3010,06,00,0000,State - HARYANA  06,Total,15-19,2256559,1271643,984916,1219083,749343,469740,1063931,658145,405786,125503,70919,54584,20076,14818,5258,9308,5315,3993,265,146,119
C3010,06,00,0000,State - HARYANA  06,Total,20-24,1957303,1075114,882189,270435,185035,85400,73387,55332,18055,176467,115203,61264,13093,9926,3167,7018,4360,2658,470,214,256
C3010,06,00,0000,State - HARYANA  06,Total,25-29,1733146,911893,821253,21493,15769,5724,0,0,0,12559,9328,3231,4654,3529,1125,3856,2720,1136,424,192,232
C3010,06,00,0000,State - HARYANA  06,Total,30-34,1511037,771117,739920,4769,3115,1654,0,0,0,2221,1530,691,1186,756,430,984,708,276,378,121,257
C3010,06,00,0000,State - HARYANA  06,Total,35-59,4441951,2375968,2065983,6101,3727,2374,0,0,0,2373,1649,724,1931,1126,805,852,593,259,945,359,586
C3010,06,00,0000,State - HARYANA  06,Total,60+,1584089,795383,788706,2218,1331,887,0,0,0,992,661,331,735,391,344,197,130,67,294,149,145
C3010,06,00,0000,State - HARYANA  06,Total,Age not stated,80499,45597,34902,510,276,234,0,0,0,335,187,148,67,50,17,89,29,60,19,10,9
C3010,06,00,0000,State - HARYANA  06,Rural,All ages,15029260,8052988,6976272,3731895,2200493,1531402,3547310,2066483,1480827,151130,110146,40984,19482,15165,4317,12016,7929,4087,1957,770,1187
C3010,06,00,0000,State - HARYANA  06,Rural,0-4,1695476,930854,764622,22971,13067,9904,22971,13067,9904,0,0,0,0,0,0,0,0,0,0,0,0
C3010,06,00,0000,State - HARYANA  06,Rural,5,399432,221751,177681,49622,29095,20527,49622,29095,20527,0,0,0,0,0,0,0,0,0,0,0,0
C3010,06,00,0000,State - HARYANA  06,Rural,6,387240,209089,178151,142073,80392,61681,142073,80392,61681,0,0,0,0,0,0,0,0,0,0,0,0
C3010,06,00,0000,State - HARYANA  06,Rural,7,352462,191007,161455,260846,146416,114430,260846,146416,114430,0,0,0,0,0,0,0,0,0,0,0,0
C3010,06,00,0000,State - HARYANA  06,Rural,8,441429,238285,203144,361064,201688,159376,361064,201688,159376,0,0,0,0,0,0,0,0,0,0,0,0
C3010,06,00,0000,State - HARYANA  06,Rural,9,354846,190781,164065,311924,172504,139420,311924,172504,139420,0,0,0,0,0,0,0,0,0,0,0,0
C3010,06,00,0000,State - HARYANA  06,Rural,10,458592,247466,211126,396713,221831,174882,396713,221831,174882,0,0,0,0,0,0,0,0,0,0,0,0
C3010,06,00,0000,State - HARYANA  06,Rural,11,332469,178685,153784,295540,164322,131218,295540,164322,131218,0,0,0,0,0,0,0,0,0,0,0,0
C3010,06,00,0000,State - HARYANA  06,Rural,12,446026,239450,206576,374406,211448,162958,374406,211448,162958,0,0,0,0,0,0,0,0,0,0,0,0
C3010,06,00,0000,State - HARYANA  06,Rural,13,337490,174540,162950,275852,152891,122961,275852,152891,122961,0,0,0,0,0,0,0,0,0,0,0,0
C3010,06,00,0000,State - HARYANA  06,Rural,14,380883,201990,178893,286389,166077,120312,286389,166077,120312,0,0,0,0,0,0,0,0,0,0,0,0
C3010,06,00,0000,State - HARYANA  06,Rural,15-19,1596808,903241,693567,795476,518163,277313,718869,466543,252326,60897,40379,20518,10008,7857,2151,5557,3307,2250,145,77,68
C3010,06,00,0000,State - HARYANA  06,Rural,20-24,1359024,746568,612456,141764,109944,31820,51041,40209,10832,81483,62677,18806,5532,4625,907,3437,2324,1113,271,109,162
C3010,06,00,0000,State - HARYANA  06,Rural,25-29,1203142,632007,571135,10507,8341,2166,0,0,0,6426,5233,1193,1836,1489,347,1940,1494,446,305,125,180
C3010,06,00,0000,State - HARYANA  06,Rural,30-34,1044343,529149,515194,2435,1714,721,0,0,0,1047,847,200,580,374,206,510,405,105,298,88,210
C3010,06,00,0000,State - HARYANA  06,Rural,35-59,2990173,1584196,1405977,2869,1730,1139,0,0,0,723,602,121,1024,574,450,417,302,115,705,252,453
C3010,06,00,0000,State - HARYANA  06,Rural,60+,1191815,601450,590365,1195,718,477,0,0,0,388,304,84,467,224,243,119,77,42,221,113,108
C3010,06,00,0000,State - HARYANA  06,Rural,Age not stated,57610,32479,25131,249,152,97,0,0,0,166,104,62,35,22,13,36,20,16,12,6,6
C3010,06,00,0000,State - HARYANA  06,Urban,All ages,6115304,3310965,2804339,1706121,944843,761278,1503415,833734,669681,169320,89331,79989,22260,15431,6829,10288,5926,4362,838,421,417
C3010,06,00,0000,State - HARYANA  06,Urban,0-4,578263,320301,257962,31674,17934,13740,31674,17934,13740,0,0,0,0,0,0,0,0,0,0,0,0
C3010,06,00,0000,State - HARYANA  06,Urban,5,141944,79073,62871,42932,24551,18381,42932,24551,18381,0,0,0,0,0,0,0,0,0,0,0,0
C3010,06,00,0000,State - HARYANA  06,Urban,6,133182,72587,60595,66131,36744,29387,66131,36744,29387,0,0,0,0,0,0,0,0,0,0,0,0
C3010,06,00,0000,State - HARYANA  06,Urban,7,130935,72326,58609,107681,60487,47194,107681,60487,47194,0,0,0,0,0,0,0,0,0,0,0,0
C3010,06,00,0000,State - HARYANA  06,Urban,8,160209,88252,71957,138147,77225,60922,138147,77225,60922,0,0,0,0,0,0,0,0,0,0,0,0
C3010,06,00,0000,State - HARYANA  06,Urban,9,121286,66485,54801,109835,60805,49030,109835,60805,49030,0,0,0,0,0,0,0,0,0,0,0,0
C3010,06,00,0000,State - HARYANA  06,Urban,10,173103,95868,77235,153891,86110,67781,153891,86110,67781,0,0,0,0,0,0,0,0,0,0,0,0
C3010,06,00,0000,State - HARYANA  06,Urban,11,119119,65439,53680,109173,60359,48814,109173,60359,48814,0,0,0,0,0,0,0,0,0,0,0,0
C3010,06,00,0000,State - HARYANA  06,Urban,12,166821,90774,76047,146722,80382,66340,146722,80382,66340,0,0,0,0,0,0,0,0,0,0,0,0
C3010,06,00,0000,State - HARYANA  06,Urban,13,128625,66908,61717,112893,59198,53695,112893,59198,53695,0,0,0,0,0,0,0,0,0,0,0,0
C3010,06,00,0000,State - HARYANA  06,Urban,14,140148,75327,64821,116928,63214,53714,116928,63214,53714,0,0,0,0,0,0,0,0,0,0,0,0
C3010,06,00,0000,State - HARYANA  06,Urban,15-19,659751,368402,291349,423607,231180,192427,345062,191602,153460,64606,30540,34066,10068,6961,3107,3751,2008,1743,120,69,51
C3010,06,00,0000,State - HARYANA  06,Urban,20-24,598279,328546,269733,128671,75091,53580,22346,15123,7223,94984,52526,42458,7561,5301,2260,3581,2036,1545,199,105,94
C3010,06,00,0000,State - HARYANA  06,Urban,25-29,530004,279886,250118,10986,7428,3558,0,0,0,6133,4095,2038,2818,2040,778,1916,1226,690,119,67,52
C3010,06,00,0000,State - HARYANA  06,Urban,30-34,466694,241968,224726,2334,1401,933,0,0,0,1174,683,491,606,382,224,474,303,171,80,33,47
C3010,06,00,0000,State - HARYANA  06,Urban,35-59,1451778,791772,660006,3232,1997,1235,0,0,0,1650,1047,603,907,552,355,435,291,144,240,107,133
C3010,06,00,0000,State - HARYANA  06,Urban,60+,392274,193933,198341,1023,613,410,0,0,0,604,357,247,268,167,101,78,53,25,73,36,37
C3010,06,00,0000,State - HARYANA  06,Urban,Age not stated,22889,13118,9771,261,124,137,0,0,0,169,83,86,32,28,4,53,9,44,7,4,3
C3010,06,01,0000,District - Panchkula *  01,Total,All ages,468411,256939,211472,115727,64299,51428,102491,57170,45321,10283,5379,4904,1574,1056,518,1086,624,462,293,70,223
C3010,06,01,0000,District - Panchkula *  01,Total,0-4,45405,24834,20571,2185,1232,953,2185,1232,953,0,0,0,0,0,0,0,0,0,0,0,0
C3010,06,01,0000,District - Panchkula *  01,Total,5,10743,5901,4842,2769,1578,1191,2769,1578,1191,0,0,0,0,0,0,0,0,0,0,0,0
C3010,06,01,0000,District - Panchkula *  01,Total,6,9849,5355,4494,4767,2630,2137,4767,2630,2137,0,0,0,0,0,0,0,0,0,0,0,0
C3010,06,01,0000,District - Panchkula *  01,Total,7,9613,5207,4406,7773,4309,3464,7773,4309,3464,0,0,0,0,0,0,0,0,0,0,0,0
C3010,06,01,0000,District - Panchkula *  01,Total,8,11022,5997,5025,9319,5158,4161,9319,5158,4161,0,0,0,0,0,0,0,0,0,0,0,0
C3010,06,01,0000,District - Panchkula *  01,Total,9,9148,4950,4198,8175,4474,3701,8175,4474,3701,0,0,0,0,0,0,0,0,0,0,0,0
C3010,06,01,0000,District - Panchkula *  01,Total,10,11975,6464,5511,10406,5683,4723,10406,5683,4723,0,0,0,0,0,0,0,0,0,0,0,0
C3010,06,01,0000,District - Panchkula *  01,Total,11,8756,4723,4033,7930,4324,3606,7930,4324,3606,0,0,0,0,0,0,0,0,0,0,0,0
C3010,06,01,0000,District - Panchkula *  01,Total,12,11308,6112,5196,9653,5290,4363,9653,5290,4363,0,0,0,0,0,0,0,0,0,0,0,0
C3010,06,01,0000,District - Panchkula *  01,Total,13,9055,4721,4334,7952,4241,3711,7952,4241,3711,0,0,0,0,0,0,0,0,0,0,0,0
C3010,06,01,0000,District - Panchkula *  01,Total,14,9555,5166,4389,7697,4304,3393,7697,4304,3393,0,0,0,0,0,0,0,0,0,0,0,0
C3010,06,01,0000,District - Panchkula *  01,Total,15-19,45988,25587,20401,26947,15294,11653,22423,12951,9472,3552,1753,1799,628,408,220,328,171,157,16,11,5
C3010,06,01,0000,District - Panchkula *  01,Total,20-24,46467,26129,20338,8651,4966,3685,1442,996,446,6155,3301,2854,592,423,169,424,237,187,38,9,29
C3010,06,01,0000,District - Panchkula *  01,Total,25-29,44203,23701,20502,860,497,363,0,0,0,353,199,154,225,147,78,223,136,87,59,15,44
C3010,06,01,0000,District - Panchkula *  01,Total,30-34,38547,21040,17507,231,116,115,0,0,0,62,34,28,57,32,25,59,39,20,53,11,42
C3010,06,01,0000,District - Panchkula *  01,Total,35-59,112603,63078,49525,348,165,183,0,0,0,127,69,58,60,40,20,48,37,11,113,19,94
C3010,06,01,0000,District - Panchkula *  01,Total,60+,32957,17312,15645,59,35,24,0,0,0,32,22,10,11,6,5,2,2,0,14,5,9
C3010,06,01,0000,District - Panchkula *  01,Total,Age not stated,1217,662,555,5,3,2,0,0,0,2,1,1,1,0,1,2,2,0,0,0,0
C3010,06,01,0000,District - Panchkula *  01,Rural,All ages,260016,144642,115374,58690,33106,25584,55654,31279,24375,2107,1313,794,431,315,116,254,157,97,244,42,202
C3010,06,01,0000,District - Panchkula *  01,Rural,0-4,27632,15044,12588,507,283,224,507,283,224,0,0,0,0,0,0,0,0,0,0,0,0
C3010,06,01,0000,District - Panchkula *  01,Rural,5,6427,3506,2921,922,528,394,922,528,394,0,0,0,0,0,0,0,0,0,0,0,0
C3010,06,01,0000,District - Panchkula *  01,Rural,6,5906,3179,2727,2440,1339,1101,2440,1339,1101,0,0,0,0,0,0,0,0,0,0,0,0
C3010,06,01,0000,District - Panchkula *  01,Rural,7,5672,3082,2590,4493,2495,1998,4493,2495,1998,0,0,0,0,0,0,0,0,0,0,0,0
C3010,06,01,0000,District - Panchkula *  01,Rural,8,6484,3511,2973,5455,3005,2450,5455,3005,2450,0,0,0,0,0,0,0,0,0,0,0,0
C3010,06,01,0000,District - Panchkula *  01,Rural,9,5536,2957,2579,4927,2666,2261,4927,2666,2261,0,0,0,0,0,0,0,0,0,0,0,0
C3010,06,01,0000,District - Panchkula *  01,Rural,10,6924,3680,3244,5995,3223,2772,5995,3223,2772,0,0,0,0,0,0,0,0,0,0,0,0
C3010,06,01,0000,District - Panchkula *  01,Rural,11,5106,2715,2391,4580,2463,2117,4580,2463,2117,0,0,0,0,0,0,0,0,0,0,0,0
C3010,06,01,0000,District - Panchkula *  01,Rural,12,6669,3571,3098,5588,3071,2517,5588,3071,2517,0,0,0,0,0,0,0,0,0,0,0,0
C3010,06,01,0000,District - Panchkula *  01,Rural,13,5228,2700,2528,4473,2400,2073,4473,2400,2073,0,0,0,0,0,0,0,0,0,0,0,0
C3010,06,01,0000,District - Panchkula *  01,Rural,14,5570,2985,2585,4254,2407,1847,4254,2407,1847,0,0,0,0,0,0,0,0,0,0,0,0
C3010,06,01,0000,District - Panchkula *  01,Rural,15-19,26440,14703,11737,12448,7576,4872,11301,6879,4422,843,491,352,211,152,59,89,52,37,4,2,2
C3010,06,01,0000,District - Panchkula *  01,Rural,20-24,26694,15583,11111,2161,1462,699,719,520,199,1186,767,419,134,113,21,93,58,35,29,4,25
C3010,06,01,0000,District - Panchkula *  01,Rural,25-29,24261,13608,10653,200,105,95,0,0,0,56,37,19,45,29,16,47,29,18,52,10,42
C3010,06,01,0000,District - Panchkula *  01,Rural,30-34,20850,11688,9162,89,35,54,0,0,0,7,6,1,18,8,10,16,11,5,48,10,38
C3010,06,01,0000,District - Panchkula *  01,Rural,35-59,55332,32057,23275,139,39,100,0,0,0,11,8,3,21,12,9,9,7,2,98,12,86
C3010,06,01,0000,District - Panchkula *  01,Rural,60+,18788,9795,8993,18,8,10,0,0,0,3,3,0,2,1,1,0,0,0,13,4,9
C3010,06,01,0000,District - Panchkula *  01,Rural,Age not stated,497,278,219,1,1,0,0,0,0,1,1,0,0,0,0,0,0,0,0,0,0
C3010,06,01,0000,District - Panchkula *  01,Urban,All ages,208395,112297,96098,57037,31193,25844,46837,25891,20946,8176,4066,4110,1143,741,402,832,467,365,49,28,21
C3010,06,01,0000,District - Panchkula *  01,Urban,0-4,17773,9790,7983,1678,949,729,1678,949,729,0,0,0,0,0,0,0,0,0,0,0,0
C3010,06,01,0000,District - Panchkula *  01,Urban,5,4316,2395,1921,1847,1050,797,1847,1050,797,0,0,0,0,0,0,0,0,0,0,0,0
C3010,06,01,0000,District - Panchkula *  01,Urban,6,3943,2176,1767,2327,1291,1036,2327,1291,1036,0,0,0,0,0,0,0,0,0,0,0,0
C3010,06,01,0000,District - Panchkula *  01,Urban,7,3941,2125,1816,3280,1814,1466,3280,1814,1466,0,0,0,0,0,0,0,0,0,0,0,0
C3010,06,01,0000,District - Panchkula *  01,Urban,8,4538,2486,2052,3864,2153,1711,3864,2153,1711,0,0,0,0,0,0,0,0,0,0,0,0
C3010,06,01,0000,District - Panchkula *  01,Urban,9,3612,1993,1619,3248,1808,1440,3248,1808,1440,0,0,0,0,0,0,0,0,0,0,0,0
C3010,06,01,0000,District - Panchkula *  01,Urban,10,5051,2784,2267,4411,2460,1951,4411,2460,1951,0,0,0,0,0,0,0,0,0,0,0,0
C3010,06,01,0000,District - Panchkula *  01,Urban,11,3650,2008,1642,3350,1861,1489,3350,1861,1489,0,0,0,0,0,0,0,0,0,0,0,0
C3010,06,01,0000,District - Panchkula *  01,Urban,12,4639,2541,2098,4065,2219,1846,4065,2219,1846,0,0,0,0,0,0,0,0,0,0,0,0
C3010,06,01,0000,District - Panchkula *  01,Urban,13,3827,2021,1806,3479,1841,1638,3479,1841,1638,0,0,0,0,0,0,0,0,0,0,0,0
C3010,06,01,0000,District - Panchkula *  01,Urban,14,3985,2181,1804,3443,1897,1546,3443,1897,1546,0,0,0,0,0,0,0,0,0,0,0,0
C3010,06,01,0000,District - Panchkula *  01,Urban,15-19,19548,10884,8664,14499,7718,6781,11122,6072,5050,2709,1262,1447,417,256,161,239,119,120,12,9,3
C3010,06,01,0000,District - Panchkula *  01,Urban,20-24,19773,10546,9227,6490,3504,2986,723,476,247,4969,2534,2435,458,310,148,331,179,152,9,5,4
C3010,06,01,0000,District - Panchkula *  01,Urban,25-29,19942,10093,9849,660,392,268,0,0,0,297,162,135,180,118,62,176,107,69,7,5,2
C3010,06,01,0000,District - Panchkula *  01,Urban,30-34,17697,9352,8345,142,81,61,0,0,0,55,28,27,39,24,15,43,28,15,5,1,4
C3010,06,01,0000,District - Panchkula *  01,Urban,35-59,57271,31021,26250,209,126,83,0,0,0,116,61,55,39,28,11,39,30,9,15,7,8
C3010,06,01,0000,District - Panchkula *  01,Urban,60+,14169,7517,6652,41,27,14,0,0,0,29,19,10,9,5,4,2,2,0,1,1,0
C3010,06,01,0000,District - Panchkula *  01,Urban,Age not stated,720,384,336,4,2,2,0,0,0,1,0,1,1,0,1,2,2,0,0,0,0
C3010,06,02,0000,District - Ambala  02,Total,All ages,1014411,542977,471434,263357,145496,117861,241736,133587,108149,17336,9238,8098,2422,1611,811,1752,1002,750,111,58,53
C3010,06,02,0000,District - Ambala  02,Total,0-4,91763,51905,39858,3802,2220,1582,3802,2220,1582,0,0,0,0,0,0,0,0,0,0,0,0
C3010,06,02,0000,District - Ambala  02,Total,5,21893,12242,9651,5779,3320,2459,5779,3320,2459,0,0,0,0,0,0,0,0,0,0,0,0
C3010,06,02,0000,District - Ambala  02,Total,6,20713,11268,9445,10678,5878,4800,10678,5878,4800,0,0,0,0,0,0,0,0,0,0,0,0
C3010,06,02,0000,District - Ambala  02,Total,7,20262,11083,9179,17459,9622,7837,17459,9622,7837,0,0,0,0,0,0,0,0,0,0,0,0
C3010,06,02,0000,District - Ambala  02,Total,8,24172,13159,11013,21868,12034,9834,21868,12034,9834,0,0,0,0,0,0,0,0,0,0,0,0
C3010,06,02,0000,District - Ambala  02,Total,9,20615,11217,9398,19378,10577,8801,19378,10577,8801,0,0,0,0,0,0,0,0,0,0,0,0
C3010,06,02,0000,District - Ambala  02,Total,10,26903,14703,12200,24889,13671,11218,24889,13671,11218,0,0,0,0,0,0,0,0,0,0,0,0
C3010,06,02,0000,District - Ambala  02,Total,11,19990,10744,9246,18774,10170,8604,18774,10170,8604,0,0,0,0,0,0,0,0,0,0,0,0
C3010,06,02,0000,District - Ambala  02,Total,12,26649,14345,12304,24072,13107,10965,24072,13107,10965,0,0,0,0,0,0,0,0,0,0,0,0
C3010,06,02,0000,District - Ambala  02,Total,13,21490,11105,10385,19197,10053,9144,19197,10053,9144,0,0,0,0,0,0,0,0,0,0,0,0
C3010,06,02,0000,District - Ambala  02,Total,14,23555,12480,11075,19799,10712,9087,19799,10712,9087,0,0,0,0,0,0,0,0,0,0,0,0
C3010,06,02,0000,District - Ambala  02,Total,15-19,109594,58806,50788,61867,34773,27094,53006,30193,22813,7097,3539,3558,1171,767,404,570,256,314,23,18,5
C3010,06,02,0000,District - Ambala  02,Total,20-24,97946,52937,45009,14073,8263,5810,3035,2030,1005,9536,5267,4269,815,560,255,654,389,265,33,17,16
C3010,06,02,0000,District - Ambala  02,Total,25-29,85052,44849,40203,1028,672,356,0,0,0,432,269,163,242,175,67,342,224,118,12,4,8
C3010,06,02,0000,District - Ambala  02,Total,30-34,76086,38867,37219,272,167,105,0,0,0,92,53,39,64,31,33,107,78,29,9,5,4
C3010,06,02,0000,District - Ambala  02,Total,35-59,240137,129569,110568,311,199,112,0,0,0,125,78,47,92,59,33,71,50,21,23,12,11
C3010,06,02,0000,District - Ambala  02,Total,60+,86763,43197,43566,109,58,51,0,0,0,52,32,20,38,19,19,8,5,3,11,2,9
C3010,06,02,0000,District - Ambala  02,Total,Age not stated,828,501,327,2,0,2,0,0,0,2,0,2,0,0,0,0,0,0,0,0,0
C3010,06,02,0000,District - Ambala  02,Rural,All ages,657383,349932,307451,168267,94769,73498,159432,89290,70142,7055,4351,2704,997,735,262,739,368,371,44,25,19
C3010,06,02,0000,District - Ambala  02,Rural,0-4,63673,36241,27432,1626,980,646,1626,980,646,0,0,0,0,0,0,0,0,0,0,0,0
C3010,06,02,0000,District - Ambala  02,Rural,5,15090,8459,6631,2965,1728,1237,2965,1728,1237,0,0,0,0,0,0,0,0,0,0,0,0
C3010,06,02,0000,District - Ambala  02,Rural,6,14307,7870,6437,6875,3872,3003,6875,3872,3003,0,0,0,0,0,0,0,0,0,0,0,0
C3010,06,02,0000,District - Ambala  02,Rural,7,13810,7608,6202,11714,6511,5203,11714,6511,5203,0,0,0,0,0,0,0,0,0,0,0,0
C3010,06,02,0000,District - Ambala  02,Rural,8,16604,9010,7594,15002,8238,6764,15002,8238,6764,0,0,0,0,0,0,0,0,0,0,0,0
C3010,06,02,0000,District - Ambala  02,Rural,9,14378,7861,6517,13506,7430,6076,13506,7430,6076,0,0,0,0,0,0,0,0,0,0,0,0
C3010,06,02,0000,District - Ambala  02,Rural,10,18118,9790,8328,16844,9172,7672,16844,9172,7672,0,0,0,0,0,0,0,0,0,0,0,0
C3010,06,02,0000,District - Ambala  02,Rural,11,13555,7266,6289,12725,6910,5815,12725,6910,5815,0,0,0,0,0,0,0,0,0,0,0,0
C3010,06,02,0000,District - Ambala  02,Rural,12,17989,9710,8279,16251,8932,7319,16251,8932,7319,0,0,0,0,0,0,0,0,0,0,0,0
C3010,06,02,0000,District - Ambala  02,Rural,13,14393,7413,6980,12788,6744,6044,12788,6744,6044,0,0,0,0,0,0,0,0,0,0,0,0
C3010,06,02,0000,District - Ambala  02,Rural,14,15974,8496,7478,13262,7326,5936,13262,7326,5936,0,0,0,0,0,0,0,0,0,0,0,0
C3010,06,02,0000,District - Ambala  02,Rural,15-19,72861,38961,33900,37752,22235,15517,33849,20013,13836,3047,1707,1340,520,379,141,323,124,199,13,12,1
C3010,06,02,0000,District - Ambala  02,Rural,20-24,62084,33118,28966,6441,4339,2102,2025,1434,591,3788,2482,1306,337,261,76,278,156,122,13,6,7
C3010,06,02,0000,District - Ambala  02,Rural,25-29,52675,27381,25294,323,239,84,0,0,0,150,112,38,68,58,10,101,66,35,4,3,1
C3010,06,02,0000,District - Ambala  02,Rural,30-34,47346,23370,23976,66,42,24,0,0,0,23,19,4,23,9,14,17,13,4,3,1,2
C3010,06,02,0000,District - Ambala  02,Rural,35-59,145488,77505,67983,85,56,29,0,0,0,31,23,8,33,23,10,16,7,9,5,3,2
C3010,06,02,0000,District - Ambala  02,Rural,60+,58496,29537,28959,40,15,25,0,0,0,14,8,6,16,5,11,4,2,2,6,0,6
C3010,06,02,0000,District - Ambala  02,Rural,Age not stated,542,336,206,2,0,2,0,0,0,2,0,2,0,0,0,0,0,0,0,0,0
C3010,06,02,0000,District - Ambala  02,Urban,All ages,357028,193045,163983,95090,50727,44363,82304,44297,38007,10281,4887,5394,1425,876,549,1013,634,379,67,33,34
C3010,06,02,0000,District - Ambala  02,Urban,0-4,28090,15664,12426,2176,1240,936,2176,1240,936,0,0,0,0,0,0,0,0,0,0,0,0
C3010,06,02,0000,District - Ambala  02,Urban,5,6803,3783,3020,2814,1592,1222,2814,1592,1222,0,0,0,0,0,0,0,0,0,0,0,0
C3010,06,02,0000,District - Ambala  02,Urban,6,6406,3398,3008,3803,2006,1797,3803,2006,1797,0,0,0,0,0,0,0,0,0,0,0,0
C3010,06,02,0000,District - Ambala  02,Urban,7,6452,3475,2977,5745,3111,2634,5745,3111,2634,0,0,0,0,0,0,0,0,0,0,0,0
C3010,06,02,0000,District - Ambala  02,Urban,8,7568,4149,3419,6866,3796,3070,6866,3796,3070,0,0,0,0,0,0,0,0,0,0,0,0
C3010,06,02,0000,District - Ambala  02,Urban,9,6237,3356,2881,5872,3147,2725,5872,3147,2725,0,0,0,0,0,0,0,0,0,0,0,0
C3010,06,02,0000,District - Ambala  02,Urban,10,8785,4913,3872,8045,4499,3546,8045,4499,3546,0,0,0,0,0,0,0,0,0,0,0,0
C3010,06,02,0000,District - Ambala  02,Urban,11,6435,3478,2957,6049,3260,2789,6049,3260,2789,0,0,0,0,0,0,0,0,0,0,0,0
C3010,06,02,0000,District - Ambala  02,Urban,12,8660,4635,4025,7821,4175,3646,7821,4175,3646,0,0,0,0,0,0,0,0,0,0,0,0
C3010,06,02,0000,District - Ambala  02,Urban,13,7097,3692,3405,6409,3309,3100,6409,3309,3100,0,0,0,0,0,0,0,0,0,0,0,0
C3010,06,02,0000,District - Ambala  02,Urban,14,7581,3984,3597,6537,3386,3151,6537,3386,3151,0,0,0,0,0,0,0,0,0,0,0,0
C3010,06,02,0000,District - Ambala  02,Urban,15-19,36733,19845,16888,24115,12538,11577,19157,10180,8977,4050,1832,2218,651,388,263,247,132,115,10,6,4
C3010,06,02,0000,District - Ambala  02,Urban,20-24,35862,19819,16043,7632,3924,3708,1010,596,414,5748,2785,2963,478,299,179,376,233,143,20,11,9
C3010,06,02,0000,District - Ambala  02,Urban,25-29,32377,17468,14909,705,433,272,0,0,0,282,157,125,174,117,57,241,158,83,8,1,7
C3010,06,02,0000,District - Ambala  02,Urban,30-34,28740,15497,13243,206,125,81,0,0,0,69,34,35,41,22,19,90,65,25,6,4,2
C3010,06,02,0000,District - Ambala  02,Urban,35-59,94649,52064,42585,226,143,83,0,0,0,94,55,39,59,36,23,55,43,12,18,9,9
C3010,06,02,0000,District - Ambala  02,Urban,60+,28267,13660,14607,69,43,26,0,0,0,38,24,14,22,14,8,4,3,1,5,2,3
C3010,06,02,0000,District - Ambala  02,Urban,Age not stated,286,165,121,0,0,0,0,0,0,0,0,0,0,0,0,0,0,0,0,0,0
C3010,06,03,0000,District - Yamunanagar  03,Total,All ages,1041630,559444,482186,271086,151748,119338,249195,139282,109913,17373,9577,7796,2647,1802,845,1636,980,656,235,107,128
C3010,06,03,0000,District - Yamunanagar  03,Total,0-4,102685,57008,45677,3384,1884,1500,3384,1884,1500,0,0,0,0,0,0,0,0,0,0,0,0
C3010,06,03,0000,District - Yamunanagar  03,Total,5,24154,13542,10612,5029,2962,2067,5029,2962,2067,0,0,0,0,0,0,0,0,0,0,0,0
C3010,06,03,0000,District - Yamunanagar  03,Total,6,23169,12527,10642,10452,5840,4612,10452,5840,4612,0,0,0,0,0,0,0,0,0,0,0,0
C3010,06,03,0000,District - Yamunanagar  03,Total,7,22135,12153,9982,18092,10124,7968,18092,10124,7968,0,0,0,0,0,0,0,0,0,0,0,0
C3010,06,03,0000,District - Yamunanagar  03,Total,8,26573,14559,12014,22857,12768,10089,22857,12768,10089,0,0,0,0,0,0,0,0,0,0,0,0
C3010,06,03,0000,District - Yamunanagar  03,Total,9,22020,11977,10043,19939,11028,8911,19939,11028,8911,0,0,0,0,0,0,0,0,0,0,0,0
C3010,06,03,0000,District - Yamunanagar  03,Total,10,28730,15752,12978,25547,14274,11273,25547,14274,11273,0,0,0,0,0,0,0,0,0,0,0,0
C3010,06,03,0000,District - Yamunanagar  03,Total,11,21087,11478,9609,19230,10651,8579,19230,10651,8579,0,0,0,0,0,0,0,0,0,0,0,0
C3010,06,03,0000,District - Yamunanagar  03,Total,12,28858,15595,13263,25148,13893,11255,25148,13893,11255,0,0,0,0,0,0,0,0,0,0,0,0
C3010,06,03,0000,District - Yamunanagar  03,Total,13,22679,11738,10941,19562,10417,9145,19562,10417,9145,0,0,0,0,0,0,0,0,0,0,0,0
C3010,06,03,0000,District - Yamunanagar  03,Total,14,25915,13695,12220,20762,11364,9398,20762,11364,9398,0,0,0,0,0,0,0,0,0,0,0,0
C3010,06,03,0000,District - Yamunanagar  03,Total,15-19,117782,63957,53825,65006,36655,28351,55663,31664,23999,7122,3543,3579,1329,927,402,879,514,365,13,7,6
C3010,06,03,0000,District - Yamunanagar  03,Total,20-24,99174,54237,44937,14516,8905,5611,3530,2413,1117,9579,5583,3996,890,610,280,483,288,195,34,11,23
C3010,06,03,0000,District - Yamunanagar  03,Total,25-29,83979,44484,39495,896,597,299,0,0,0,430,298,132,254,170,84,171,111,60,41,18,23
C3010,06,03,0000,District - Yamunanagar  03,Total,30-34,75162,38149,37013,188,115,73,0,0,0,75,49,26,41,28,13,40,25,15,32,13,19
C3010,06,03,0000,District - Yamunanagar  03,Total,35-59,232603,125365,107238,339,183,156,0,0,0,109,71,38,96,48,48,39,21,18,95,43,52
C3010,06,03,0000,District - Yamunanagar  03,Total,60+,83994,42676,41318,117,73,44,0,0,0,48,30,18,36,18,18,14,11,3,19,14,5
C3010,06,03,0000,District - Yamunanagar  03,Total,Age not stated,931,552,379,22,15,7,0,0,0,10,3,7,1,1,0,10,10,0,1,1,0
C3010,06,03,0000,District - Yamunanagar  03,Rural,All ages,648608,347540,301068,160340,92100,68240,151844,86246,65598,6336,4384,1952,997,785,212,973,594,379,190,91,99
C3010,06,03,0000,District - Yamunanagar  03,Rural,0-4,68840,38096,30744,1130,620,510,1130,620,510,0,0,0,0,0,0,0,0,0,0,0,0
C3010,06,03,0000,District - Yamunanagar  03,Rural,5,15996,8886,7110,2098,1229,869,2098,1229,869,0,0,0,0,0,0,0,0,0,0,0,0
C3010,06,03,0000,District - Yamunanagar  03,Rural,6,15573,8374,7199,6262,3511,2751,6262,3511,2751,0,0,0,0,0,0,0,0,0,0,0,0
C3010,06,03,0000,District - Yamunanagar  03,Rural,7,14476,7871,6605,11413,6352,5061,11413,6352,5061,0,0,0,0,0,0,0,0,0,0,0,0
C3010,06,03,0000,District - Yamunanagar  03,Rural,8,17185,9360,7825,14518,8109,6409,14518,8109,6409,0,0,0,0,0,0,0,0,0,0,0,0
C3010,06,03,0000,District - Yamunanagar  03,Rural,9,14506,7822,6684,12975,7155,5820,12975,7155,5820,0,0,0,0,0,0,0,0,0,0,0,0
C3010,06,03,0000,District - Yamunanagar  03,Rural,10,17978,9778,8200,15821,8856,6965,15821,8856,6965,0,0,0,0,0,0,0,0,0,0,0,0
C3010,06,03,0000,District - Yamunanagar  03,Rural,11,13468,7258,6210,12122,6702,5420,12122,6702,5420,0,0,0,0,0,0,0,0,0,0,0,0
C3010,06,03,0000,District - Yamunanagar  03,Rural,12,18478,9901,8577,15856,8811,7045,15856,8811,7045,0,0,0,0,0,0,0,0,0,0,0,0
C3010,06,03,0000,District - Yamunanagar  03,Rural,13,14189,7403,6786,11983,6568,5415,11983,6568,5415,0,0,0,0,0,0,0,0,0,0,0,0
C3010,06,03,0000,District - Yamunanagar  03,Rural,14,16459,8568,7891,12800,7082,5718,12800,7082,5718,0,0,0,0,0,0,0,0,0,0,0,0
C3010,06,03,0000,District - Yamunanagar  03,Rural,15-19,72906,39421,33485,36328,21954,14374,32687,19641,13046,2566,1602,964,494,382,112,569,322,247,12,7,5
C3010,06,03,0000,District - Yamunanagar  03,Rural,20-24,60771,33398,27373,6315,4639,1676,2179,1610,569,3540,2584,956,312,271,41,263,167,96,21,7,14
C3010,06,03,0000,District - Yamunanagar  03,Rural,25-29,51692,27457,24235,393,314,79,0,0,0,174,153,21,104,88,16,83,60,23,32,13,19
C3010,06,03,0000,District - Yamunanagar  03,Rural,30-34,46564,23485,23079,89,58,31,0,0,0,22,19,3,17,9,8,22,18,4,28,12,16
C3010,06,03,0000,District - Yamunanagar  03,Rural,35-59,134737,72291,62446,164,89,75,0,0,0,19,14,5,47,25,22,20,12,8,78,38,40
C3010,06,03,0000,District - Yamunanagar  03,Rural,60+,54266,27874,26392,60,40,20,0,0,0,12,11,1,23,10,13,6,5,1,19,14,5
C3010,06,03,0000,District - Yamunanagar  03,Rural,Age not stated,524,297,227,13,11,2,0,0,0,3,1,2,0,0,0,10,10,0,0,0,0
C3010,06,03,0000,District - Yamunanagar  03,Urban,All ages,393022,211904,181118,110746,59648,51098,97351,53036,44315,11037,5193,5844,1650,1017,633,663,386,277,45,16,29
C3010,06,03,0000,District - Yamunanagar  03,Urban,0-4,33845,18912,14933,2254,1264,990,2254,1264,990,0,0,0,0,0,0,0,0,0,0,0,0
C3010,06,03,0000,District - Yamunanagar  03,Urban,5,8158,4656,3502,2931,1733,1198,2931,1733,1198,0,0,0,0,0,0,0,0,0,0,0,0
C3010,06,03,0000,District - Yamunanagar  03,Urban,6,7596,4153,3443,4190,2329,1861,4190,2329,1861,0,0,0,0,0,0,0,0,0,0,0,0
C3010,06,03,0000,District - Yamunanagar  03,Urban,7,7659,4282,3377,6679,3772,2907,6679,3772,2907,0,0,0,0,0,0,0,0,0,0,0,0
C3010,06,03,0000,District - Yamunanagar  03,Urban,8,9388,5199,4189,8339,4659,3680,8339,4659,3680,0,0,0,0,0,0,0,0,0,0,0,0
C3010,06,03,0000,District - Yamunanagar  03,Urban,9,7514,4155,3359,6964,3873,3091,6964,3873,3091,0,0,0,0,0,0,0,0,0,0,0,0
C3010,06,03,0000,District - Yamunanagar  03,Urban,10,10752,5974,4778,9726,5418,4308,9726,5418,4308,0,0,0,0,0,0,0,0,0,0,0,0
C3010,06,03,0000,District - Yamunanagar  03,Urban,11,7619,4220,3399,7108,3949,3159,7108,3949,3159,0,0,0,0,0,0,0,0,0,0,0,0
C3010,06,03,0000,District - Yamunanagar  03,Urban,12,10380,5694,4686,9292,5082,4210,9292,5082,4210,0,0,0,0,0,0,0,0,0,0,0,0
C3010,06,03,0000,District - Yamunanagar  03,Urban,13,8490,4335,4155,7579,3849,3730,7579,3849,3730,0,0,0,0,0,0,0,0,0,0,0,0
C3010,06,03,0000,District - Yamunanagar  03,Urban,14,9456,5127,4329,7962,4282,3680,7962,4282,3680,0,0,0,0,0,0,0,0,0,0,0,0
C3010,06,03,0000,District - Yamunanagar  03,Urban,15-19,44876,24536,20340,28678,14701,13977,22976,12023,10953,4556,1941,2615,835,545,290,310,192,118,1,0,1
C3010,06,03,0000,District - Yamunanagar  03,Urban,20-24,38403,20839,17564,8201,4266,3935,1351,803,548,6039,2999,3040,578,339,239,220,121,99,13,4,9
C3010,06,03,0000,District - Yamunanagar  03,Urban,25-29,32287,17027,15260,503,283,220,0,0,0,256,145,111,150,82,68,88,51,37,9,5,4
C3010,06,03,0000,District - Yamunanagar  03,Urban,30-34,28598,14664,13934,99,57,42,0,0,0,53,30,23,24,19,5,18,7,11,4,1,3
C3010,06,03,0000,District - Yamunanagar  03,Urban,35-59,97866,53074,44792,175,94,81,0,0,0,90,57,33,49,23,26,19,9,10,17,5,12
C3010,06,03,0000,District - Yamunanagar  03,Urban,60+,29728,14802,14926,57,33,24,0,0,0,36,19,17,13,8,5,8,6,2,0,0,0
C3010,06,03,0000,District - Yamunanagar  03,Urban,Age not stated,407,255,152,9,4,5,0,0,0,7,2,5,1,1,0,0,0,0,1,1,0
C3010,06,04,0000,District - Kurukshetra  04,Total,All ages,825454,442328,383126,221512,127242,94270,201422,114741,86681,16341,9843,6498,2885,2213,672,768,408,360,96,37,59
C3010,06,04,0000,District - Kurukshetra  04,Total,0-4,80359,45616,34743,2131,1220,911,2131,1220,911,0,0,0,0,0,0,0,0,0,0,0,0
C3010,06,04,0000,District - Kurukshetra  04,Total,5,19361,10898,8463,3898,2284,1614,3898,2284,1614,0,0,0,0,0,0,0,0,0,0,0,0
C3010,06,04,0000,District - Kurukshetra  04,Total,6,17535,9692,7843,8150,4583,3567,8150,4583,3567,0,0,0,0,0,0,0,0,0,0,0,0
C3010,06,04,0000,District - Kurukshetra  04,Total,7,17643,9758,7885,14827,8358,6469,14827,8358,6469,0,0,0,0,0,0,0,0,0,0,0,0
C3010,06,04,0000,District - Kurukshetra  04,Total,8,21549,11955,9594,19186,10824,8362,19186,10824,8362,0,0,0,0,0,0,0,0,0,0,0,0
C3010,06,04,0000,District - Kurukshetra  04,Total,9,17877,9852,8025,16727,9304,7423,16727,9304,7423,0,0,0,0,0,0,0,0,0,0,0,0
C3010,06,04,0000,District - Kurukshetra  04,Total,10,23025,12756,10269,21084,11844,9240,21084,11844,9240,0,0,0,0,0,0,0,0,0,0,0,0
C3010,06,04,0000,District - Kurukshetra  04,Total,11,17114,9325,7789,16052,8882,7170,16052,8882,7170,0,0,0,0,0,0,0,0,0,0,0,0
C3010,06,04,0000,District - Kurukshetra  04,Total,12,22568,12317,10251,20130,11257,8873,20130,11257,8873,0,0,0,0,0,0,0,0,0,0,0,0
C3010,06,04,0000,District - Kurukshetra  04,Total,13,18099,9582,8517,15876,8689,7187,15876,8689,7187,0,0,0,0,0,0,0,0,0,0,0,0
C3010,06,04,0000,District - Kurukshetra  04,Total,14,20203,10828,9375,16336,9197,7139,16336,9197,7139,0,0,0,0,0,0,0,0,0,0,0,0
C3010,06,04,0000,District - Kurukshetra  04,Total,15-19,95248,52057,43191,51647,30652,20995,44396,26426,17970,5588,3085,2503,1342,993,349,308,141,167,13,7,6
C3010,06,04,0000,District - Kurukshetra  04,Total,20-24,81631,43974,37657,13814,8977,4837,2629,1873,756,9768,6022,3746,1128,933,195,267,139,128,22,10,12
C3010,06,04,0000,District - Kurukshetra  04,Total,25-29,67497,35203,32294,1146,845,301,0,0,0,742,567,175,249,183,66,139,90,49,16,5,11
C3010,06,04,0000,District - Kurukshetra  04,Total,30-34,60221,30195,30026,216,148,68,0,0,0,116,88,28,51,35,16,32,21,11,17,4,13
C3010,06,04,0000,District - Kurukshetra  04,Total,35-59,179287,95181,84106,205,124,81,0,0,0,84,53,31,83,51,32,19,14,5,19,6,13
C3010,06,04,0000,District - Kurukshetra  04,Total,60+,65155,32509,32646,77,47,30,0,0,0,35,23,12,30,16,14,3,3,0,9,5,4
C3010,06,04,0000,District - Kurukshetra  04,Total,Age not stated,1082,630,452,10,7,3,0,0,0,8,5,3,2,2,0,0,0,0,0,0,0
C3010,06,04,0000,District - Kurukshetra  04,Rural,All ages,609943,325726,284217,155812,90321,65491,148183,84935,63248,6227,4389,1838,963,763,200,365,208,157,74,26,48
C3010,06,04,0000,District - Kurukshetra  04,Rural,0-4,62326,35348,26978,1141,666,475,1141,666,475,0,0,0,0,0,0,0,0,0,0,0,0
C3010,06,04,0000,District - Kurukshetra  04,Rural,5,14923,8358,6565,2569,1542,1027,2569,1542,1027,0,0,0,0,0,0,0,0,0,0,0,0
C3010,06,04,0000,District - Kurukshetra  04,Rural,6,13346,7402,5944,6045,3404,2641,6045,3404,2641,0,0,0,0,0,0,0,0,0,0,0,0
C3010,06,04,0000,District - Kurukshetra  04,Rural,7,13374,7339,6035,11258,6311,4947,11258,6311,4947,0,0,0,0,0,0,0,0,0,0,0,0
C3010,06,04,0000,District - Kurukshetra  04,Rural,8,16383,9006,7377,14699,8222,6477,14699,8222,6477,0,0,0,0,0,0,0,0,0,0,0,0
C3010,06,04,0000,District - Kurukshetra  04,Rural,9,13697,7507,6190,12869,7121,5748,12869,7121,5748,0,0,0,0,0,0,0,0,0,0,0,0
C3010,06,04,0000,District - Kurukshetra  04,Rural,10,17139,9377,7762,15766,8762,7004,15766,8762,7004,0,0,0,0,0,0,0,0,0,0,0,0
C3010,06,04,0000,District - Kurukshetra  04,Rural,11,12999,7018,5981,12199,6709,5490,12199,6709,5490,0,0,0,0,0,0,0,0,0,0,0,0
C3010,06,04,0000,District - Kurukshetra  04,Rural,12,16871,9164,7707,15042,8418,6624,15042,8418,6624,0,0,0,0,0,0,0,0,0,0,0,0
C3010,06,04,0000,District - Kurukshetra  04,Rural,13,13588,7159,6429,11802,6503,5299,11802,6503,5299,0,0,0,0,0,0,0,0,0,0,0,0
C3010,06,04,0000,District - Kurukshetra  04,Rural,14,15073,8034,7039,11933,6802,5131,11933,6802,5131,0,0,0,0,0,0,0,0,0,0,0,0
C3010,06,04,0000,District - Kurukshetra  04,Rural,15-19,70076,38051,32025,34187,21198,12989,30946,19072,11874,2566,1643,923,511,406,105,159,74,85,5,3,2
C3010,06,04,0000,District - Kurukshetra  04,Rural,20-24,58359,31206,27153,5666,4188,1478,1914,1403,511,3308,2449,859,297,252,45,132,79,53,15,5,10
C3010,06,04,0000,District - Kurukshetra  04,Rural,25-29,50102,26058,24044,409,329,80,0,0,0,265,222,43,71,57,14,59,45,14,14,5,9
C3010,06,04,0000,District - Kurukshetra  04,Rural,30-34,44924,22601,22323,95,70,25,0,0,0,47,43,4,22,16,6,11,8,3,15,3,12
C3010,06,04,0000,District - Kurukshetra  04,Rural,35-59,125736,66527,59209,79,42,37,0,0,0,20,17,3,39,19,20,3,1,2,17,5,12
C3010,06,04,0000,District - Kurukshetra  04,Rural,60+,50192,25076,25116,48,31,17,0,0,0,17,13,4,22,12,10,1,1,0,8,5,3
C3010,06,04,0000,District - Kurukshetra  04,Rural,Age not stated,835,495,340,5,3,2,0,0,0,4,2,2,1,1,0,0,0,0,0,0,0
C3010,06,04,0000,District - Kurukshetra  04,Urban,All ages,215511,116602,98909,65700,36921,28779,53239,29806,23433,10114,5454,4660,1922,1450,472,403,200,203,22,11,11
C3010,06,04,0000,District - Kurukshetra  04,Urban,0-4,18033,10268,7765,990,554,436,990,554,436,0,0,0,0,0,0,0,0,0,0,0,0
C3010,06,04,0000,District - Kurukshetra  04,Urban,5,4438,2540,1898,1329,742,587,1329,742,587,0,0,0,0,0,0,0,0,0,0,0,0
C3010,06,04,0000,District - Kurukshetra  04,Urban,6,4189,2290,1899,2105,1179,926,2105,1179,926,0,0,0,0,0,0,0,0,0,0,0,0
C3010,06,04,0000,District - Kurukshetra  04,Urban,7,4269,2419,1850,3569,2047,1522,3569,2047,1522,0,0,0,0,0,0,0,0,0,0,0,0
C3010,06,04,0000,District - Kurukshetra  04,Urban,8,5166,2949,2217,4487,2602,1885,4487,2602,1885,0,0,0,0,0,0,0,0,0,0,0,0
C3010,06,04,0000,District - Kurukshetra  04,Urban,9,4180,2345,1835,3858,2183,1675,3858,2183,1675,0,0,0,0,0,0,0,0,0,0,0,0
C3010,06,04,0000,District - Kurukshetra  04,Urban,10,5886,3379,2507,5318,3082,2236,5318,3082,2236,0,0,0,0,0,0,0,0,0,0,0,0
C3010,06,04,0000,District - Kurukshetra  04,Urban,11,4115,2307,1808,3853,2173,1680,3853,2173,1680,0,0,0,0,0,0,0,0,0,0,0,0
C3010,06,04,0000,District - Kurukshetra  04,Urban,12,5697,3153,2544,5088,2839,2249,5088,2839,2249,0,0,0,0,0,0,0,0,0,0,0,0
C3010,06,04,0000,District - Kurukshetra  04,Urban,13,4511,2423,2088,4074,2186,1888,4074,2186,1888,0,0,0,0,0,0,0,0,0,0,0,0
C3010,06,04,0000,District - Kurukshetra  04,Urban,14,5130,2794,2336,4403,2395,2008,4403,2395,2008,0,0,0,0,0,0,0,0,0,0,0,0
C3010,06,04,0000,District - Kurukshetra  04,Urban,15-19,25172,14006,11166,17460,9454,8006,13450,7354,6096,3022,1442,1580,831,587,244,149,67,82,8,4,4
C3010,06,04,0000,District - Kurukshetra  04,Urban,20-24,23272,12768,10504,8148,4789,3359,715,470,245,6460,3573,2887,831,681,150,135,60,75,7,5,2
C3010,06,04,0000,District - Kurukshetra  04,Urban,25-29,17395,9145,8250,737,516,221,0,0,0,477,345,132,178,126,52,80,45,35,2,0,2
C3010,06,04,0000,District - Kurukshetra  04,Urban,30-34,15297,7594,7703,121,78,43,0,0,0,69,45,24,29,19,10,21,13,8,2,1,1
C3010,06,04,0000,District - Kurukshetra  04,Urban,35-59,53551,28654,24897,126,82,44,0,0,0,64,36,28,44,32,12,16,13,3,2,1,1
C3010,06,04,0000,District - Kurukshetra  04,Urban,60+,14963,7433,7530,29,16,13,0,0,0,18,10,8,8,4,4,2,2,0,1,0,1
C3010,06,04,0000,District - Kurukshetra  04,Urban,Age not stated,247,135,112,5,4,1,0,0,0,4,3,1,1,1,0,0,0,0,0,0,0
C3010,06,05,0000,District - Kaithal  05,Total,All ages,946131,510513,435618,239442,141604,97838,226892,133080,93812,10534,7117,3417,1205,938,267,680,419,261,131,50,81
C3010,06,05,0000,District - Kaithal  05,Total,0-4,98741,55169,43572,2126,1226,900,2126,1226,900,0,0,0,0,0,0,0,0,0,0,0,0
C3010,06,05,0000,District - Kaithal  05,Total,5,23227,13109,10118,4151,2426,1725,4151,2426,1725,0,0,0,0,0,0,0,0,0,0,0,0
C3010,06,05,0000,District - Kaithal  05,Total,6,23519,12965,10554,9515,5450,4065,9515,5450,4065,0,0,0,0,0,0,0,0,0,0,0,0
C3010,06,05,0000,District - Kaithal  05,Total,7,21031,11716,9315,16384,9360,7024,16384,9360,7024,0,0,0,0,0,0,0,0,0,0,0,0
C3010,06,05,0000,District - Kaithal  05,Total,8,27742,15310,12432,23526,13343,10183,23526,13343,10183,0,0,0,0,0,0,0,0,0,0,0,0
C3010,06,05,0000,District - Kaithal  05,Total,9,20957,11504,9453,19099,10656,8443,19099,10656,8443,0,0,0,0,0,0,0,0,0,0,0,0
C3010,06,05,0000,District - Kaithal  05,Total,10,29025,16002,13023,26071,14745,11326,26071,14745,11326,0,0,0,0,0,0,0,0,0,0,0,0
C3010,06,05,0000,District - Kaithal  05,Total,11,19527,10885,8642,17886,10163,7723,17886,10163,7723,0,0,0,0,0,0,0,0,0,0,0,0
C3010,06,05,0000,District - Kaithal  05,Total,12,29387,16009,13378,25497,14440,11057,25497,14440,11057,0,0,0,0,0,0,0,0,0,0,0,0
C3010,06,05,0000,District - Kaithal  05,Total,13,20400,10701,9699,17115,9519,7596,17115,9519,7596,0,0,0,0,0,0,0,0,0,0,0,0
C3010,06,05,0000,District - Kaithal  05,Total,14,24244,12976,11268,18234,10729,7505,18234,10729,7505,0,0,0,0,0,0,0,0,0,0,0,0
C3010,06,05,0000,District - Kaithal  05,Total,15-19,103259,58373,44886,49721,31979,17742,44330,28665,15665,4445,2646,1799,645,516,129,288,146,142,13,6,7
C3010,06,05,0000,District - Kaithal  05,Total,20-24,85773,47660,38113,9131,6837,2294,2958,2358,600,5593,4055,1538,336,279,57,215,134,81,29,11,18
C3010,06,05,0000,District - Kaithal  05,Total,25-29,76706,40314,36392,617,507,110,0,0,0,375,319,56,105,82,23,118,98,20,19,8,11
C3010,06,05,0000,District - Kaithal  05,Total,30-34,68043,34358,33685,128,88,40,0,0,0,62,52,10,18,7,11,29,24,5,19,5,14
C3010,06,05,0000,District - Kaithal  05,Total,35-59,196201,103799,92402,173,95,78,0,0,0,35,28,7,73,40,33,22,12,10,43,15,28
C3010,06,05,0000,District - Kaithal  05,Total,60+,76970,38851,38119,63,37,26,0,0,0,20,14,6,27,13,14,8,5,3,8,5,3
C3010,06,05,0000,District - Kaithal  05,Total,Age not stated,1379,812,567,5,4,1,0,0,0,4,3,1,1,1,0,0,0,0,0,0,0
C3010,06,05,0000,District - Kaithal  05,Rural,All ages,762649,411628,351021,187172,112385,74787,179346,106517,72829,6357,4811,1546,884,711,173,477,307,170,108,39,69
C3010,06,05,0000,District - Kaithal  05,Rural,0-4,80857,44979,35878,1220,695,525,1220,695,525,0,0,0,0,0,0,0,0,0,0,0,0
C3010,06,05,0000,District - Kaithal  05,Rural,5,18906,10679,8227,2737,1603,1134,2737,1603,1134,0,0,0,0,0,0,0,0,0,0,0,0
C3010,06,05,0000,District - Kaithal  05,Rural,6,19180,10581,8599,7236,4156,3080,7236,4156,3080,0,0,0,0,0,0,0,0,0,0,0,0
C3010,06,05,0000,District - Kaithal  05,Rural,7,16998,9413,7585,12963,7371,5592,12963,7371,5592,0,0,0,0,0,0,0,0,0,0,0,0
C3010,06,05,0000,District - Kaithal  05,Rural,8,22563,12444,10119,18980,10765,8215,18980,10765,8215,0,0,0,0,0,0,0,0,0,0,0,0
C3010,06,05,0000,District - Kaithal  05,Rural,9,17241,9467,7774,15655,8756,6899,15655,8756,6899,0,0,0,0,0,0,0,0,0,0,0,0
C3010,06,05,0000,District - Kaithal  05,Rural,10,23535,12943,10592,21091,11919,9172,21091,11919,9172,0,0,0,0,0,0,0,0,0,0,0,0
C3010,06,05,0000,District - Kaithal  05,Rural,11,15913,8853,7060,14546,8282,6264,14546,8282,6264,0,0,0,0,0,0,0,0,0,0,0,0
C3010,06,05,0000,District - Kaithal  05,Rural,12,23830,12994,10836,20507,11732,8775,20507,11732,8775,0,0,0,0,0,0,0,0,0,0,0,0
C3010,06,05,0000,District - Kaithal  05,Rural,13,16433,8657,7776,13612,7701,5911,13612,7701,5911,0,0,0,0,0,0,0,0,0,0,0,0
C3010,06,05,0000,District - Kaithal  05,Rural,14,19805,10576,9229,14501,8679,5822,14501,8679,5822,0,0,0,0,0,0,0,0,0,0,0,0
C3010,06,05,0000,District - Kaithal  05,Rural,15-19,83201,47295,35906,37199,25152,12047,33895,22904,10991,2613,1741,872,480,398,82,205,107,98,6,2,4
C3010,06,05,0000,District - Kaithal  05,Rural,20-24,68734,38425,30309,6193,5019,1174,2403,1954,449,3387,2755,632,233,204,29,148,99,49,22,7,15
C3010,06,05,0000,District - Kaithal  05,Rural,25-29,61527,32407,29120,447,378,69,0,0,0,279,246,33,73,58,15,78,68,10,17,6,11
C3010,06,05,0000,District - Kaithal  05,Rural,30-34,54182,27331,26851,98,69,29,0,0,0,46,40,6,14,7,7,21,17,4,17,5,12
C3010,06,05,0000,District - Kaithal  05,Rural,35-59,154309,81268,73041,137,75,62,0,0,0,19,18,1,62,32,30,18,11,7,38,14,24
C3010,06,05,0000,District - Kaithal  05,Rural,60+,64210,32595,31615,47,30,17,0,0,0,11,9,2,21,11,10,7,5,2,8,5,3
C3010,06,05,0000,District - Kaithal  05,Rural,Age not stated,1225,721,504,3,3,0,0,0,0,2,2,0,1,1,0,0,0,0,0,0,0
C3010,06,05,0000,District - Kaithal  05,Urban,All ages,183482,98885,84597,52270,29219,23051,47546,26563,20983,4177,2306,1871,321,227,94,203,112,91,23,11,12
C3010,06,05,0000,District - Kaithal  05,Urban,0-4,17884,10190,7694,906,531,375,906,531,375,0,0,0,0,0,0,0,0,0,0,0,0
C3010,06,05,0000,District - Kaithal  05,Urban,5,4321,2430,1891,1414,823,591,1414,823,591,0,0,0,0,0,0,0,0,0,0,0,0
C3010,06,05,0000,District - Kaithal  05,Urban,6,4339,2384,1955,2279,1294,985,2279,1294,985,0,0,0,0,0,0,0,0,0,0,0,0
C3010,06,05,0000,District - Kaithal  05,Urban,7,4033,2303,1730,3421,1989,1432,3421,1989,1432,0,0,0,0,0,0,0,0,0,0,0,0
C3010,06,05,0000,District - Kaithal  05,Urban,8,5179,2866,2313,4546,2578,1968,4546,2578,1968,0,0,0,0,0,0,0,0,0,0,0,0
C3010,06,05,0000,District - Kaithal  05,Urban,9,3716,2037,1679,3444,1900,1544,3444,1900,1544,0,0,0,0,0,0,0,0,0,0,0,0
C3010,06,05,0000,District - Kaithal  05,Urban,10,5490,3059,2431,4980,2826,2154,4980,2826,2154,0,0,0,0,0,0,0,0,0,0,0,0
C3010,06,05,0000,District - Kaithal  05,Urban,11,3614,2032,1582,3340,1881,1459,3340,1881,1459,0,0,0,0,0,0,0,0,0,0,0,0
C3010,06,05,0000,District - Kaithal  05,Urban,12,5557,3015,2542,4990,2708,2282,4990,2708,2282,0,0,0,0,0,0,0,0,0,0,0,0
C3010,06,05,0000,District - Kaithal  05,Urban,13,3967,2044,1923,3503,1818,1685,3503,1818,1685,0,0,0,0,0,0,0,0,0,0,0,0
C3010,06,05,0000,District - Kaithal  05,Urban,14,4439,2400,2039,3733,2050,1683,3733,2050,1683,0,0,0,0,0,0,0,0,0,0,0,0
C3010,06,05,0000,District - Kaithal  05,Urban,15-19,20058,11078,8980,12522,6827,5695,10435,5761,4674,1832,905,927,165,118,47,83,39,44,7,4,3
C3010,06,05,0000,District - Kaithal  05,Urban,20-24,17039,9235,7804,2938,1818,1120,555,404,151,2206,1300,906,103,75,28,67,35,32,7,4,3
C3010,06,05,0000,District - Kaithal  05,Urban,25-29,15179,7907,7272,170,129,41,0,0,0,96,73,23,32,24,8,40,30,10,2,2,0
C3010,06,05,0000,District - Kaithal  05,Urban,30-34,13861,7027,6834,30,19,11,0,0,0,16,12,4,4,0,4,8,7,1,2,0,2
C3010,06,05,0000,District - Kaithal  05,Urban,35-59,41892,22531,19361,36,20,16,0,0,0,16,10,6,11,8,3,4,1,3,5,1,4
C3010,06,05,0000,District - Kaithal  05,Urban,60+,12760,6256,6504,16,7,9,0,0,0,9,5,4,6,2,4,1,0,1,0,0,0
C3010,06,05,0000,District - Kaithal  05,Urban,Age not stated,154,91,63,2,1,1,0,0,0,2,1,1,0,0,0,0,0,0,0,0,0
C3010,06,06,0000,District - Karnal  06,Total,All ages,1274183,683368,590815,332247,190187,142060,310028,176723,133305,18178,10723,7455,2483,1892,591,1294,760,534,264,89,175
C3010,06,06,0000,District - Karnal  06,Total,0-4,130815,72332,58483,3903,2220,1683,3903,2220,1683,0,0,0,0,0,0,0,0,0,0,0,0
C3010,06,06,0000,District - Karnal  06,Total,5,31585,17605,13980,6015,3482,2533,6015,3482,2533,0,0,0,0,0,0,0,0,0,0,0,0
C3010,06,06,0000,District - Karnal  06,Total,6,30290,16609,13681,12257,6934,5323,12257,6934,5323,0,0,0,0,0,0,0,0,0,0,0,0
C3010,06,06,0000,District - Karnal  06,Total,7,28529,15673,12856,22226,12454,9772,22226,12454,9772,0,0,0,0,0,0,0,0,0,0,0,0
C3010,06,06,0000,District - Karnal  06,Total,8,36035,19772,16263,30125,16860,13265,30125,16860,13265,0,0,0,0,0,0,0,0,0,0,0,0
C3010,06,06,0000,District - Karnal  06,Total,9,27517,14912,12605,24607,13557,11050,24607,13557,11050,0,0,0,0,0,0,0,0,0,0,0,0
C3010,06,06,0000,District - Karnal  06,Total,10,38284,21074,17210,33577,18800,14777,33577,18800,14777,0,0,0,0,0,0,0,0,0,0,0,0
C3010,06,06,0000,District - Karnal  06,Total,11,25923,14080,11843,23537,13025,10512,23537,13025,10512,0,0,0,0,0,0,0,0,0,0,0,0
C3010,06,06,0000,District - Karnal  06,Total,12,38812,20957,17855,33390,18419,14971,33390,18419,14971,0,0,0,0,0,0,0,0,0,0,0,0
C3010,06,06,0000,District - Karnal  06,Total,13,28140,14604,13536,23688,12816,10872,23688,12816,10872,0,0,0,0,0,0,0,0,0,0,0,0
C3010,06,06,0000,District - Karnal  06,Total,14,32797,17451,15346,25416,14271,11145,25416,14271,11145,0,0,0,0,0,0,0,0,0,0,0,0
C3010,06,06,0000,District - Karnal  06,Total,15-19,143799,79300,64499,75783,45557,30226,66902,40625,26277,7112,3699,3413,1257,980,277,480,238,242,32,15,17
C3010,06,06,0000,District - Karnal  06,Total,20-24,120111,65298,54813,15756,10446,5310,4385,3260,1125,10054,6282,3772,786,605,181,484,284,200,47,15,32
C3010,06,06,0000,District - Karnal  06,Total,25-29,104353,55220,49133,1184,888,296,0,0,0,675,525,150,228,179,49,233,171,62,48,13,35
C3010,06,06,0000,District - Karnal  06,Total,30-34,90688,45770,44918,242,140,102,0,0,0,106,68,38,57,37,20,33,23,10,46,12,34
C3010,06,06,0000,District - Karnal  06,Total,35-59,270734,144277,126457,381,226,155,0,0,0,146,96,50,106,64,42,52,38,14,77,28,49
C3010,06,06,0000,District - Karnal  06,Total,60+,94482,47697,46785,153,87,66,0,0,0,79,49,30,48,26,22,12,6,6,14,6,8
C3010,06,06,0000,District - Karnal  06,Total,Age not stated,1289,737,552,7,5,2,0,0,0,6,4,2,1,1,0,0,0,0,0,0,0
C3010,06,06,0000,District - Karnal  06,Rural,All ages,936341,501890,434451,237240,138396,98844,226825,131050,95775,8304,5852,2452,1213,1001,212,704,430,274,194,63,131
C3010,06,06,0000,District - Karnal  06,Rural,0-4,100993,55660,45333,1762,1007,755,1762,1007,755,0,0,0,0,0,0,0,0,0,0,0,0
C3010,06,06,0000,District - Karnal  06,Rural,5,24316,13502,10814,3383,1951,1432,3383,1951,1432,0,0,0,0,0,0,0,0,0,0,0,0
C3010,06,06,0000,District - Karnal  06,Rural,6,23456,12871,10585,8498,4822,3676,8498,4822,3676,0,0,0,0,0,0,0,0,0,0,0,0
C3010,06,06,0000,District - Karnal  06,Rural,7,21698,11829,9869,16460,9182,7278,16460,9182,7278,0,0,0,0,0,0,0,0,0,0,0,0
C3010,06,06,0000,District - Karnal  06,Rural,8,27815,15222,12593,22972,12892,10080,22972,12892,10080,0,0,0,0,0,0,0,0,0,0,0,0
C3010,06,06,0000,District - Karnal  06,Rural,9,21158,11388,9770,18804,10307,8497,18804,10307,8497,0,0,0,0,0,0,0,0,0,0,0,0
C3010,06,06,0000,District - Karnal  06,Rural,10,29190,16058,13132,25512,14325,11187,25512,14325,11187,0,0,0,0,0,0,0,0,0,0,0,0
C3010,06,06,0000,District - Karnal  06,Rural,11,19489,10566,8923,17620,9786,7834,17620,9786,7834,0,0,0,0,0,0,0,0,0,0,0,0
C3010,06,06,0000,District - Karnal  06,Rural,12,29542,15919,13623,25225,14009,11216,25225,14009,11216,0,0,0,0,0,0,0,0,0,0,0,0
C3010,06,06,0000,District - Karnal  06,Rural,13,20924,10865,10059,17386,9530,7856,17386,9530,7856,0,0,0,0,0,0,0,0,0,0,0,0
C3010,06,06,0000,District - Karnal  06,Rural,14,24937,13280,11657,18887,10839,8048,18887,10839,8048,0,0,0,0,0,0,0,0,0,0,0,0
C3010,06,06,0000,District - Karnal  06,Rural,15-19,105866,58571,47295,51400,32656,18744,47124,29933,17191,3336,2048,1288,632,530,102,287,137,150,21,8,13
C3010,06,06,0000,District - Karnal  06,Rural,20-24,86077,46675,39402,8383,6407,1976,3192,2467,725,4554,3454,1100,368,322,46,243,157,86,26,7,19
C3010,06,06,0000,District - Karnal  06,Rural,25-29,75783,39920,35863,555,446,109,0,0,0,307,266,41,94,78,16,112,91,21,42,11,31
C3010,06,06,0000,District - Karnal  06,Rural,30-34,66285,33366,32919,126,82,44,0,0,0,43,35,8,28,20,8,20,16,4,35,11,24
C3010,06,06,0000,District - Karnal  06,Rural,35-59,187096,99592,87504,177,105,72,0,0,0,33,28,5,51,30,21,34,25,9,59,22,37
C3010,06,06,0000,District - Karnal  06,Rural,60+,70764,36061,34703,89,50,39,0,0,0,30,21,9,40,21,19,8,4,4,11,4,7
C3010,06,06,0000,District - Karnal  06,Rural,Age not stated,952,545,407,1,0,1,0,0,0,1,0,1,0,0,0,0,0,0,0,0,0
C3010,06,06,0000,District - Karnal  06,Urban,All ages,337842,181478,156364,95007,51791,43216,83203,45673,37530,9874,4871,5003,1270,891,379,590,330,260,70,26,44
C3010,06,06,0000,District - Karnal  06,Urban,0-4,29822,16672,13150,2141,1213,928,2141,1213,928,0,0,0,0,0,0,0,0,0,0,0,0
C3010,06,06,0000,District - Karnal  06,Urban,5,7269,4103,3166,2632,1531,1101,2632,1531,1101,0,0,0,0,0,0,0,0,0,0,0,0
C3010,06,06,0000,District - Karnal  06,Urban,6,6834,3738,3096,3759,2112,1647,3759,2112,1647,0,0,0,0,0,0,0,0,0,0,0,0
C3010,06,06,0000,District - Karnal  06,Urban,7,6831,3844,2987,5766,3272,2494,5766,3272,2494,0,0,0,0,0,0,0,0,0,0,0,0
C3010,06,06,0000,District - Karnal  06,Urban,8,8220,4550,3670,7153,3968,3185,7153,3968,3185,0,0,0,0,0,0,0,0,0,0,0,0
C3010,06,06,0000,District - Karnal  06,Urban,9,6359,3524,2835,5803,3250,2553,5803,3250,2553,0,0,0,0,0,0,0,0,0,0,0,0
C3010,06,06,0000,District - Karnal  06,Urban,10,9094,5016,4078,8065,4475,3590,8065,4475,3590,0,0,0,0,0,0,0,0,0,0,0,0
C3010,06,06,0000,District - Karnal  06,Urban,11,6434,3514,2920,5917,3239,2678,5917,3239,2678,0,0,0,0,0,0,0,0,0,0,0,0
C3010,06,06,0000,District - Karnal  06,Urban,12,9270,5038,4232,8165,4410,3755,8165,4410,3755,0,0,0,0,0,0,0,0,0,0,0,0
C3010,06,06,0000,District - Karnal  06,Urban,13,7216,3739,3477,6302,3286,3016,6302,3286,3016,0,0,0,0,0,0,0,0,0,0,0,0
C3010,06,06,0000,District - Karnal  06,Urban,14,7860,4171,3689,6529,3432,3097,6529,3432,3097,0,0,0,0,0,0,0,0,0,0,0,0
C3010,06,06,0000,District - Karnal  06,Urban,15-19,37933,20729,17204,24383,12901,11482,19778,10692,9086,3776,1651,2125,625,450,175,193,101,92,11,7,4
C3010,06,06,0000,District - Karnal  06,Urban,20-24,34034,18623,15411,7373,4039,3334,1193,793,400,5500,2828,2672,418,283,135,241,127,114,21,8,13
C3010,06,06,0000,District - Karnal  06,Urban,25-29,28570,15300,13270,629,442,187,0,0,0,368,259,109,134,101,33,121,80,41,6,2,4
C3010,06,06,0000,District - Karnal  06,Urban,30-34,24403,12404,11999,116,58,58,0,0,0,63,33,30,29,17,12,13,7,6,11,1,10
C3010,06,06,0000,District - Karnal  06,Urban,35-59,83638,44685,38953,204,121,83,0,0,0,113,68,45,55,34,21,18,13,5,18,6,12
C3010,06,06,0000,District - Karnal  06,Urban,60+,23718,11636,12082,64,37,27,0,0,0,49,28,21,8,5,3,4,2,2,3,2,1
C3010,06,06,0000,District - Karnal  06,Urban,Age not stated,337,192,145,6,5,1,0,0,0,5,4,1,1,1,0,0,0,0,0,0,0
C3010,06,07,0000,District - Panipat  07,Total,All ages,967449,528860,438589,245415,140761,104654,229925,131149,98776,13078,7891,5187,1633,1264,369,674,403,271,105,54,51
C3010,06,07,0000,District - Panipat  07,Total,0-4,107680,59541,48139,2910,1657,1253,2910,1657,1253,0,0,0,0,0,0,0,0,0,0,0,0
C3010,06,07,0000,District - Panipat  07,Total,5,26065,14677,11388,4604,2706,1898,4604,2706,1898,0,0,0,0,0,0,0,0,0,0,0,0
C3010,06,07,0000,District - Panipat  07,Total,6,24847,13455,11392,9400,5302,4098,9400,5302,4098,0,0,0,0,0,0,0,0,0,0,0,0
C3010,06,07,0000,District - Panipat  07,Total,7,22645,12410,10235,16698,9428,7270,16698,9428,7270,0,0,0,0,0,0,0,0,0,0,0,0
C3010,06,07,0000,District - Panipat  07,Total,8,28738,15722,13016,23221,13065,10156,23221,13065,10156,0,0,0,0,0,0,0,0,0,0,0,0
C3010,06,07,0000,District - Panipat  07,Total,9,21456,11604,9852,18661,10309,8352,18661,10309,8352,0,0,0,0,0,0,0,0,0,0,0,0
C3010,06,07,0000,District - Panipat  07,Total,10,29741,16141,13600,25478,14181,11297,25478,14181,11297,0,0,0,0,0,0,0,0,0,0,0,0
C3010,06,07,0000,District - Panipat  07,Total,11,19998,10825,9173,17754,9814,7940,17754,9814,7940,0,0,0,0,0,0,0,0,0,0,0,0
C3010,06,07,0000,District - Panipat  07,Total,12,29786,15978,13808,25022,13848,11174,25022,13848,11174,0,0,0,0,0,0,0,0,0,0,0,0
C3010,06,07,0000,District - Panipat  07,Total,13,20946,10730,10216,17349,9281,8068,17349,9281,8068,0,0,0,0,0,0,0,0,0,0,0,0
C3010,06,07,0000,District - Panipat  07,Total,14,24022,12791,11231,18337,10281,8056,18337,10281,8056,0,0,0,0,0,0,0,0,0,0,0,0
C3010,06,07,0000,District - Panipat  07,Total,15-19,104794,60560,44234,53580,32478,21102,47156,28756,18400,5397,3005,2392,715,546,169,302,167,135,10,4,6
C3010,06,07,0000,District - Panipat  07,Total,20-24,91768,52259,39509,10962,7413,3549,3335,2521,814,6925,4374,2551,473,385,88,211,126,85,18,7,11
C3010,06,07,0000,District - Panipat  07,Total,25-29,80999,43817,37182,748,556,192,0,0,0,425,311,114,192,153,39,108,77,31,23,15,8
C3010,06,07,0000,District - Panipat  07,Total,30-34,69090,35751,33339,249,165,84,0,0,0,100,55,45,117,92,25,21,13,8,11,5,6
C3010,06,07,0000,District - Panipat  07,Total,35-59,199884,108906,90978,324,206,118,0,0,0,165,104,61,103,68,35,28,19,9,28,15,13
C3010,06,07,0000,District - Panipat  07,Total,60+,63705,32960,30745,114,69,45,0,0,0,64,41,23,31,19,12,4,1,3,15,8,7
C3010,06,07,0000,District - Panipat  07,Total,Age not stated,1285,733,552,4,2,2,0,0,0,2,1,1,2,1,1,0,0,0,0,0,0
C3010,06,07,0000,District - Panipat  07,Rural,All ages,575369,313274,262095,145969,86029,59940,139370,81023,58347,5339,4050,1289,896,734,162,308,195,113,56,27,29
C3010,06,07,0000,District - Panipat  07,Rural,0-4,67697,37386,30311,885,501,384,885,501,384,0,0,0,0,0,0,0,0,0,0,0,0
C3010,06,07,0000,District - Panipat  07,Rural,5,16020,9030,6990,1942,1156,786,1942,1156,786,0,0,0,0,0,0,0,0,0,0,0,0
C3010,06,07,0000,District - Panipat  07,Rural,6,15551,8424,7127,5344,3028,2316,5344,3028,2316,0,0,0,0,0,0,0,0,0,0,0,0
C3010,06,07,0000,District - Panipat  07,Rural,7,13791,7458,6333,9801,5489,4312,9801,5489,4312,0,0,0,0,0,0,0,0,0,0,0,0
C3010,06,07,0000,District - Panipat  07,Rural,8,17884,9706,8178,14403,8093,6310,14403,8093,6310,0,0,0,0,0,0,0,0,0,0,0,0
C3010,06,07,0000,District - Panipat  07,Rural,9,13633,7355,6278,11894,6577,5317,11894,6577,5317,0,0,0,0,0,0,0,0,0,0,0,0
C3010,06,07,0000,District - Panipat  07,Rural,10,18374,9848,8526,15812,8723,7089,15812,8723,7089,0,0,0,0,0,0,0,0,0,0,0,0
C3010,06,07,0000,District - Panipat  07,Rural,11,12612,6779,5833,11287,6228,5059,11287,6228,5059,0,0,0,0,0,0,0,0,0,0,0,0
C3010,06,07,0000,District - Panipat  07,Rural,12,18786,10079,8707,15994,8923,7071,15994,8923,7071,0,0,0,0,0,0,0,0,0,0,0,0
C3010,06,07,0000,District - Panipat  07,Rural,13,13022,6663,6359,10809,5860,4949,10809,5860,4949,0,0,0,0,0,0,0,0,0,0,0,0
C3010,06,07,0000,District - Panipat  07,Rural,14,15219,8136,7083,11621,6720,4901,11621,6720,4901,0,0,0,0,0,0,0,0,0,0,0,0
C3010,06,07,0000,District - Panipat  07,Rural,15-19,61619,35800,25819,30316,20079,10237,27597,18124,9473,2209,1565,644,374,308,66,133,80,53,3,2,1
C3010,06,07,0000,District - Panipat  07,Rural,20-24,51797,29466,22331,5148,4105,1043,1981,1601,380,2834,2240,594,224,198,26,97,61,36,12,5,7
C3010,06,07,0000,District - Panipat  07,Rural,25-29,45651,24443,21208,382,307,75,0,0,0,210,175,35,111,90,21,54,38,16,7,4,3
C3010,06,07,0000,District - Panipat  07,Rural,30-34,38988,20050,18938,146,116,30,0,0,0,33,27,6,95,79,16,12,8,4,6,2,4
C3010,06,07,0000,District - Panipat  07,Rural,35-59,112144,60262,51882,126,86,40,0,0,0,24,19,5,72,49,23,10,8,2,20,10,10
C3010,06,07,0000,District - Panipat  07,Rural,60+,41769,21906,19863,57,37,20,0,0,0,28,23,5,19,10,9,2,0,2,8,4,4
C3010,06,07,0000,District - Panipat  07,Rural,Age not stated,812,483,329,2,1,1,0,0,0,1,1,0,1,0,1,0,0,0,0,0,0
C3010,06,07,0000,District - Panipat  07,Urban,All ages,392080,215586,176494,99446,54732,44714,90555,50126,40429,7739,3841,3898,737,530,207,366,208,158,49,27,22
C3010,06,07,0000,District - Panipat  07,Urban,0-4,39983,22155,17828,2025,1156,869,2025,1156,869,0,0,0,0,0,0,0,0,0,0,0,0
C3010,06,07,0000,District - Panipat  07,Urban,5,10045,5647,4398,2662,1550,1112,2662,1550,1112,0,0,0,0,0,0,0,0,0,0,0,0
C3010,06,07,0000,District - Panipat  07,Urban,6,9296,5031,4265,4056,2274,1782,4056,2274,1782,0,0,0,0,0,0,0,0,0,0,0,0
C3010,06,07,0000,District - Panipat  07,Urban,7,8854,4952,3902,6897,3939,2958,6897,3939,2958,0,0,0,0,0,0,0,0,0,0,0,0
C3010,06,07,0000,District - Panipat  07,Urban,8,10854,6016,4838,8818,4972,3846,8818,4972,3846,0,0,0,0,0,0,0,0,0,0,0,0
C3010,06,07,0000,District - Panipat  07,Urban,9,7823,4249,3574,6767,3732,3035,6767,3732,3035,0,0,0,0,0,0,0,0,0,0,0,0
C3010,06,07,0000,District - Panipat  07,Urban,10,11367,6293,5074,9666,5458,4208,9666,5458,4208,0,0,0,0,0,0,0,0,0,0,0,0
C3010,06,07,0000,District - Panipat  07,Urban,11,7386,4046,3340,6467,3586,2881,6467,3586,2881,0,0,0,0,0,0,0,0,0,0,0,0
C3010,06,07,0000,District - Panipat  07,Urban,12,11000,5899,5101,9028,4925,4103,9028,4925,4103,0,0,0,0,0,0,0,0,0,0,0,0
C3010,06,07,0000,District - Panipat  07,Urban,13,7924,4067,3857,6540,3421,3119,6540,3421,3119,0,0,0,0,0,0,0,0,0,0,0,0
C3010,06,07,0000,District - Panipat  07,Urban,14,8803,4655,4148,6716,3561,3155,6716,3561,3155,0,0,0,0,0,0,0,0,0,0,0,0
C3010,06,07,0000,District - Panipat  07,Urban,15-19,43175,24760,18415,23264,12399,10865,19559,10632,8927,3188,1440,1748,341,238,103,169,87,82,7,2,5
C3010,06,07,0000,District - Panipat  07,Urban,20-24,39971,22793,17178,5814,3308,2506,1354,920,434,4091,2134,1957,249,187,62,114,65,49,6,2,4
C3010,06,07,0000,District - Panipat  07,Urban,25-29,35348,19374,15974,366,249,117,0,0,0,215,136,79,81,63,18,54,39,15,16,11,5
C3010,06,07,0000,District - Panipat  07,Urban,30-34,30102,15701,14401,103,49,54,0,0,0,67,28,39,22,13,9,9,5,4,5,3,2
C3010,06,07,0000,District - Panipat  07,Urban,35-59,87740,48644,39096,198,120,78,0,0,0,141,85,56,31,19,12,18,11,7,8,5,3
C3010,06,07,0000,District - Panipat  07,Urban,60+,21936,11054,10882,57,32,25,0,0,0,36,18,18,12,9,3,2,1,1,7,4,3
C3010,06,07,0000,District - Panipat  07,Urban,Age not stated,473,250,223,2,1,1,0,0,0,1,0,1,1,1,0,0,0,0,0,0,0
C3010,06,08,0000,District - Sonipat  08,Total,All ages,1279175,695723,583452,346040,197244,148796,320447,181777,138670,21824,13019,8805,2795,1858,937,756,515,241,218,75,143
C3010,06,08,0000,District - Sonipat  08,Total,0-4,134152,75388,58764,2404,1362,1042,2404,1362,1042,0,0,0,0,0,0,0,0,0,0,0,0
C3010,06,08,0000,District - Sonipat  08,Total,5,32281,18009,14272,4663,2685,1978,4663,2685,1978,0,0,0,0,0,0,0,0,0,0,0,0
C3010,06,08,0000,District - Sonipat  08,Total,6,30046,16473,13573,11912,6710,5202,11912,6710,5202,0,0,0,0,0,0,0,0,0,0,0,0
C3010,06,08,0000,District - Sonipat  08,Total,7,27200,14966,12234,21994,12359,9635,21994,12359,9635,0,0,0,0,0,0,0,0,0,0,0,0
C3010,06,08,0000,District - Sonipat  08,Total,8,35963,19390,16573,31424,17248,14176,31424,17248,14176,0,0,0,0,0,0,0,0,0,0,0,0
C3010,06,08,0000,District - Sonipat  08,Total,9,28193,15229,12964,25822,14125,11697,25822,14125,11697,0,0,0,0,0,0,0,0,0,0,0,0
C3010,06,08,0000,District - Sonipat  08,Total,10,38175,20759,17416,34489,18987,15502,34489,18987,15502,0,0,0,0,0,0,0,0,0,0,0,0
C3010,06,08,0000,District - Sonipat  08,Total,11,27259,14557,12702,25291,13678,11613,25291,13678,11613,0,0,0,0,0,0,0,0,0,0,0,0
C3010,06,08,0000,District - Sonipat  08,Total,12,38938,20872,18066,34512,18962,15550,34512,18962,15550,0,0,0,0,0,0,0,0,0,0,0,0
C3010,06,08,0000,District - Sonipat  08,Total,13,27876,14610,13266,24476,13227,11249,24476,13227,11249,0,0,0,0,0,0,0,0,0,0,0,0
C3010,06,08,0000,District - Sonipat  08,Total,14,33343,17855,15488,27528,15422,12106,27528,15422,12106,0,0,0,0,0,0,0,0,0,0,0,0
C3010,06,08,0000,District - Sonipat  08,Total,15-19,137400,78979,58421,81951,49398,32553,71239,43449,27790,8908,4779,4129,1479,956,523,315,211,104,10,3,7
C3010,06,08,0000,District - Sonipat  08,Total,20-24,116205,65904,50301,17413,11675,5738,4693,3563,1130,11626,7342,4284,834,609,225,232,148,84,28,13,15
C3010,06,08,0000,District - Sonipat  08,Total,25-29,102414,55209,47205,1293,926,367,0,0,0,864,622,242,254,185,69,153,110,43,22,9,13
C3010,06,08,0000,District - Sonipat  08,Total,30-34,88920,45928,42992,253,137,116,0,0,0,150,93,57,54,25,29,16,13,3,33,6,27
C3010,06,08,0000,District - Sonipat  08,Total,35-59,274842,147076,127766,392,226,166,0,0,0,156,114,42,112,58,54,31,27,4,93,27,66
C3010,06,08,0000,District - Sonipat  08,Total,60+,102394,52431,49963,185,102,83,0,0,0,90,59,31,54,20,34,9,6,3,32,17,15
C3010,06,08,0000,District - Sonipat  08,Total,Age not stated,3574,2088,1486,38,15,23,0,0,0,30,10,20,8,5,3,0,0,0,0,0,0
C3010,06,08,0000,District - Sonipat  08,Rural,All ages,957800,521682,436118,251975,144361,107614,237959,135036,102923,11740,7920,3820,1685,1050,635,406,304,102,185,51,134
C3010,06,08,0000,District - Sonipat  08,Rural,0-4,103760,58214,45546,1274,737,537,1274,737,537,0,0,0,0,0,0,0,0,0,0,0,0
C3010,06,08,0000,District - Sonipat  08,Rural,5,24906,13906,11000,2966,1686,1280,2966,1686,1280,0,0,0,0,0,0,0,0,0,0,0,0
C3010,06,08,0000,District - Sonipat  08,Rural,6,23292,12674,10618,8907,4980,3927,8907,4980,3927,0,0,0,0,0,0,0,0,0,0,0,0
C3010,06,08,0000,District - Sonipat  08,Rural,7,20508,11251,9257,16372,9154,7218,16372,9154,7218,0,0,0,0,0,0,0,0,0,0,0,0
C3010,06,08,0000,District - Sonipat  08,Rural,8,27550,14807,12743,23929,13105,10824,23929,13105,10824,0,0,0,0,0,0,0,0,0,0,0,0
C3010,06,08,0000,District - Sonipat  08,Rural,9,21766,11694,10072,19889,10838,9051,19889,10838,9051,0,0,0,0,0,0,0,0,0,0,0,0
C3010,06,08,0000,District - Sonipat  08,Rural,10,29017,15680,13337,26193,14341,11852,26193,14341,11852,0,0,0,0,0,0,0,0,0,0,0,0
C3010,06,08,0000,District - Sonipat  08,Rural,11,20740,10956,9784,19192,10288,8904,19192,10288,8904,0,0,0,0,0,0,0,0,0,0,0,0
C3010,06,08,0000,District - Sonipat  08,Rural,12,29626,15652,13974,26126,14227,11899,26126,14227,11899,0,0,0,0,0,0,0,0,0,0,0,0
C3010,06,08,0000,District - Sonipat  08,Rural,13,20589,10695,9894,17920,9675,8245,17920,9675,8245,0,0,0,0,0,0,0,0,0,0,0,0
C3010,06,08,0000,District - Sonipat  08,Rural,14,25164,13282,11882,20460,11422,9038,20460,11422,9038,0,0,0,0,0,0,0,0,0,0,0,0
C3010,06,08,0000,District - Sonipat  08,Rural,15-19,101829,58753,43076,57303,35569,21734,51220,31860,19360,4961,3028,1933,936,555,381,177,124,53,9,2,7
C3010,06,08,0000,District - Sonipat  08,Rural,20-24,86177,49727,36450,10205,7546,2659,3511,2723,788,6089,4390,1699,466,331,135,119,93,26,20,9,11
C3010,06,08,0000,District - Sonipat  08,Rural,25-29,75940,41271,34669,721,534,187,0,0,0,490,366,124,129,95,34,85,68,17,17,5,12
C3010,06,08,0000,District - Sonipat  08,Rural,30-34,65701,34113,31588,159,85,74,0,0,0,80,55,25,38,17,21,9,8,1,32,5,27
C3010,06,08,0000,District - Sonipat  08,Rural,35-59,198374,106068,92306,230,118,112,0,0,0,64,51,13,73,39,34,11,9,2,82,19,63
C3010,06,08,0000,District - Sonipat  08,Rural,60+,80067,41285,38782,104,49,55,0,0,0,36,25,11,38,11,27,5,2,3,25,11,14
C3010,06,08,0000,District - Sonipat  08,Rural,Age not stated,2794,1654,1140,25,7,18,0,0,0,20,5,15,5,2,3,0,0,0,0,0,0
C3010,06,08,0000,District - Sonipat  08,Urban,All ages,321375,174041,147334,94065,52883,41182,82488,46741,35747,10084,5099,4985,1110,808,302,350,211,139,33,24,9
C3010,06,08,0000,District - Sonipat  08,Urban,0-4,30392,17174,13218,1130,625,505,1130,625,505,0,0,0,0,0,0,0,0,0,0,0,0
C3010,06,08,0000,District - Sonipat  08,Urban,5,7375,4103,3272,1697,999,698,1697,999,698,0,0,0,0,0,0,0,0,0,0,0,0
C3010,06,08,0000,District - Sonipat  08,Urban,6,6754,3799,2955,3005,1730,1275,3005,1730,1275,0,0,0,0,0,0,0,0,0,0,0,0
C3010,06,08,0000,District - Sonipat  08,Urban,7,6692,3715,2977,5622,3205,2417,5622,3205,2417,0,0,0,0,0,0,0,0,0,0,0,0
C3010,06,08,0000,District - Sonipat  08,Urban,8,8413,4583,3830,7495,4143,3352,7495,4143,3352,0,0,0,0,0,0,0,0,0,0,0,0
C3010,06,08,0000,District - Sonipat  08,Urban,9,6427,3535,2892,5933,3287,2646,5933,3287,2646,0,0,0,0,0,0,0,0,0,0,0,0
C3010,06,08,0000,District - Sonipat  08,Urban,10,9158,5079,4079,8296,4646,3650,8296,4646,3650,0,0,0,0,0,0,0,0,0,0,0,0
C3010,06,08,0000,District - Sonipat  08,Urban,11,6519,3601,2918,6099,3390,2709,6099,3390,2709,0,0,0,0,0,0,0,0,0,0,0,0
C3010,06,08,0000,District - Sonipat  08,Urban,12,9312,5220,4092,8386,4735,3651,8386,4735,3651,0,0,0,0,0,0,0,0,0,0,0,0
C3010,06,08,0000,District - Sonipat  08,Urban,13,7287,3915,3372,6556,3552,3004,6556,3552,3004,0,0,0,0,0,0,0,0,0,0,0,0
C3010,06,08,0000,District - Sonipat  08,Urban,14,8179,4573,3606,7068,4000,3068,7068,4000,3068,0,0,0,0,0,0,0,0,0,0,0,0
C3010,06,08,0000,District - Sonipat  08,Urban,15-19,35571,20226,15345,24648,13829,10819,20019,11589,8430,3947,1751,2196,543,401,142,138,87,51,1,1,0
C3010,06,08,0000,District - Sonipat  08,Urban,20-24,30028,16177,13851,7208,4129,3079,1182,840,342,5537,2952,2585,368,278,90,113,55,58,8,4,4
C3010,06,08,0000,District - Sonipat  08,Urban,25-29,26474,13938,12536,572,392,180,0,0,0,374,256,118,125,90,35,68,42,26,5,4,1
C3010,06,08,0000,District - Sonipat  08,Urban,30-34,23219,11815,11404,94,52,42,0,0,0,70,38,32,16,8,8,7,5,2,1,1,0
C3010,06,08,0000,District - Sonipat  08,Urban,35-59,76468,41008,35460,162,108,54,0,0,0,92,63,29,39,19,20,20,18,2,11,8,3
C3010,06,08,0000,District - Sonipat  08,Urban,60+,22327,11146,11181,81,53,28,0,0,0,54,34,20,16,9,7,4,4,0,7,6,1
C3010,06,08,0000,District - Sonipat  08,Urban,Age not stated,780,434,346,13,8,5,0,0,0,10,5,5,3,3,0,0,0,0,0,0,0
C3010,06,09,0000,District - Jind  09,Total,All ages,1189827,642282,547545,303307,178216,125091,285381,165941,119440,14475,9831,4644,2137,1666,471,1156,701,455,158,77,81
C3010,06,09,0000,District - Jind  09,Total,0-4,126722,69701,57021,2124,1236,888,2124,1236,888,0,0,0,0,0,0,0,0,0,0,0,0
C3010,06,09,0000,District - Jind  09,Total,5,30479,16998,13481,4293,2444,1849,4293,2444,1849,0,0,0,0,0,0,0,0,0,0,0,0
C3010,06,09,0000,District - Jind  09,Total,6,30359,16462,13897,11818,6672,5146,11818,6672,5146,0,0,0,0,0,0,0,0,0,0,0,0
C3010,06,09,0000,District - Jind  09,Total,7,27594,14992,12602,20960,11697,9263,20960,11697,9263,0,0,0,0,0,0,0,0,0,0,0,0
C3010,06,09,0000,District - Jind  09,Total,8,34135,18581,15554,28783,16051,12732,28783,16051,12732,0,0,0,0,0,0,0,0,0,0,0,0
C3010,06,09,0000,District - Jind  09,Total,9,27844,15034,12810,25052,13760,11292,25052,13760,11292,0,0,0,0,0,0,0,0,0,0,0,0
C3010,06,09,0000,District - Jind  09,Total,10,36246,19690,16556,32347,17986,14361,32347,17986,14361,0,0,0,0,0,0,0,0,0,0,0,0
C3010,06,09,0000,District - Jind  09,Total,11,26252,14443,11809,23831,13426,10405,23831,13426,10405,0,0,0,0,0,0,0,0,0,0,0,0
C3010,06,09,0000,District - Jind  09,Total,12,36671,20122,16549,31515,17987,13528,31515,17987,13528,0,0,0,0,0,0,0,0,0,0,0,0
C3010,06,09,0000,District - Jind  09,Total,13,25326,13009,12317,21091,11528,9563,21091,11528,9563,0,0,0,0,0,0,0,0,0,0,0,0
C3010,06,09,0000,District - Jind  09,Total,14,30956,16566,14390,23474,13721,9753,23474,13721,9753,0,0,0,0,0,0,0,0,0,0,0,0
C3010,06,09,0000,District - Jind  09,Total,15-19,126406,72914,53492,63974,41179,22795,56279,36396,19883,5982,3570,2412,1203,960,243,495,243,252,15,10,5
C3010,06,09,0000,District - Jind  09,Total,20-24,107686,60237,47449,12334,9276,3058,3814,3037,777,7585,5526,2059,537,445,92,374,253,121,24,15,9
C3010,06,09,0000,District - Jind  09,Total,25-29,97102,51125,45977,1054,824,230,0,0,0,640,521,119,177,141,36,216,150,66,21,12,9
C3010,06,09,0000,District - Jind  09,Total,30-34,84277,42534,41743,208,149,59,0,0,0,109,87,22,56,34,22,29,22,7,14,6,8
C3010,06,09,0000,District - Jind  09,Total,35-59,244226,129461,114765,285,176,109,0,0,0,89,75,14,105,56,49,32,25,7,59,20,39
C3010,06,09,0000,District - Jind  09,Total,60+,93378,48055,45323,151,98,53,0,0,0,58,46,12,59,30,29,10,8,2,24,14,10
C3010,06,09,0000,District - Jind  09,Total,Age not stated,4168,2358,1810,13,6,7,0,0,0,12,6,6,0,0,0,0,0,0,1,0,1
C3010,06,09,0000,District - Jind  09,Rural,All ages,948250,512205,436045,232131,138152,93979,221931,130342,91589,7956,6200,1756,1401,1116,285,725,439,286,118,55,63
C3010,06,09,0000,District - Jind  09,Rural,0-4,103406,56521,46885,1093,622,471,1093,622,471,0,0,0,0,0,0,0,0,0,0,0,0
C3010,06,09,0000,District - Jind  09,Rural,5,24626,13745,10881,2701,1543,1158,2701,1543,1158,0,0,0,0,0,0,0,0,0,0,0,0
C3010,06,09,0000,District - Jind  09,Rural,6,24839,13354,11485,8982,5053,3929,8982,5053,3929,0,0,0,0,0,0,0,0,0,0,0,0
C3010,06,09,0000,District - Jind  09,Rural,7,21987,11861,10126,16296,9059,7237,16296,9059,7237,0,0,0,0,0,0,0,0,0,0,0,0
C3010,06,09,0000,District - Jind  09,Rural,8,27570,14927,12643,23003,12800,10203,23003,12800,10203,0,0,0,0,0,0,0,0,0,0,0,0
C3010,06,09,0000,District - Jind  09,Rural,9,22636,12136,10500,20262,11072,9190,20262,11072,9190,0,0,0,0,0,0,0,0,0,0,0,0
C3010,06,09,0000,District - Jind  09,Rural,10,29137,15716,13421,25897,14353,11544,25897,14353,11544,0,0,0,0,0,0,0,0,0,0,0,0
C3010,06,09,0000,District - Jind  09,Rural,11,21203,11611,9592,19115,10772,8343,19115,10772,8343,0,0,0,0,0,0,0,0,0,0,0,0
C3010,06,09,0000,District - Jind  09,Rural,12,29578,16187,13391,25174,14418,10756,25174,14418,10756,0,0,0,0,0,0,0,0,0,0,0,0
C3010,06,09,0000,District - Jind  09,Rural,13,20026,10284,9742,16383,9069,7314,16383,9069,7314,0,0,0,0,0,0,0,0,0,0,0,0
C3010,06,09,0000,District - Jind  09,Rural,14,24802,13269,11533,18224,10849,7375,18224,10849,7375,0,0,0,0,0,0,0,0,0,0,0,0
C3010,06,09,0000,District - Jind  09,Rural,15-19,99114,57781,41333,46191,31328,14863,41820,28259,13561,3204,2233,971,813,671,142,342,158,184,12,7,5
C3010,06,09,0000,District - Jind  09,Rural,20-24,85074,48082,36992,7734,6393,1341,2981,2473,508,4202,3483,719,317,273,44,218,154,64,16,10,6
C3010,06,09,0000,District - Jind  09,Rural,25-29,77750,41210,36540,657,543,114,0,0,0,416,361,55,103,81,22,120,90,30,18,11,7
C3010,06,09,0000,District - Jind  09,Rural,30-34,66674,33794,32880,130,95,35,0,0,0,59,51,8,41,25,16,17,14,3,13,5,8
C3010,06,09,0000,District - Jind  09,Rural,35-59,188477,99507,88970,181,112,69,0,0,0,40,39,1,80,43,37,22,18,4,39,12,27
C3010,06,09,0000,District - Jind  09,Rural,60+,77931,40286,37645,103,68,35,0,0,0,31,30,1,47,23,24,6,5,1,19,10,9
C3010,06,09,0000,District - Jind  09,Rural,Age not stated,3420,1934,1486,5,3,2,0,0,0,4,3,1,0,0,0,0,0,0,1,0,1
C3010,06,09,0000,District - Jind  09,Urban,All ages,241577,130077,111500,71176,40064,31112,63450,35599,27851,6519,3631,2888,736,550,186,431,262,169,40,22,18
C3010,06,09,0000,District - Jind  09,Urban,0-4,23316,13180,10136,1031,614,417,1031,614,417,0,0,0,0,0,0,0,0,0,0,0,0
C3010,06,09,0000,District - Jind  09,Urban,5,5853,3253,2600,1592,901,691,1592,901,691,0,0,0,0,0,0,0,0,0,0,0,0
C3010,06,09,0000,District - Jind  09,Urban,6,5520,3108,2412,2836,1619,1217,2836,1619,1217,0,0,0,0,0,0,0,0,0,0,0,0
C3010,06,09,0000,District - Jind  09,Urban,7,5607,3131,2476,4664,2638,2026,4664,2638,2026,0,0,0,0,0,0,0,0,0,0,0,0
C3010,06,09,0000,District - Jind  09,Urban,8,6565,3654,2911,5780,3251,2529,5780,3251,2529,0,0,0,0,0,0,0,0,0,0,0,0
C3010,06,09,0000,District - Jind  09,Urban,9,5208,2898,2310,4790,2688,2102,4790,2688,2102,0,0,0,0,0,0,0,0,0,0,0,0
C3010,06,09,0000,District - Jind  09,Urban,10,7109,3974,3135,6450,3633,2817,6450,3633,2817,0,0,0,0,0,0,0,0,0,0,0,0
C3010,06,09,0000,District - Jind  09,Urban,11,5049,2832,2217,4716,2654,2062,4716,2654,2062,0,0,0,0,0,0,0,0,0,0,0,0
C3010,06,09,0000,District - Jind  09,Urban,12,7093,3935,3158,6341,3569,2772,6341,3569,2772,0,0,0,0,0,0,0,0,0,0,0,0
C3010,06,09,0000,District - Jind  09,Urban,13,5300,2725,2575,4708,2459,2249,4708,2459,2249,0,0,0,0,0,0,0,0,0,0,0,0
C3010,06,09,0000,District - Jind  09,Urban,14,6154,3297,2857,5250,2872,2378,5250,2872,2378,0,0,0,0,0,0,0,0,0,0,0,0
C3010,06,09,0000,District - Jind  09,Urban,15-19,27292,15133,12159,17783,9851,7932,14459,8137,6322,2778,1337,1441,390,289,101,153,85,68,3,3,0
C3010,06,09,0000,District - Jind  09,Urban,20-24,22612,12155,10457,4600,2883,1717,833,564,269,3383,2043,1340,220,172,48,156,99,57,8,5,3
C3010,06,09,0000,District - Jind  09,Urban,25-29,19352,9915,9437,397,281,116,0,0,0,224,160,64,74,60,14,96,60,36,3,1,2
C3010,06,09,0000,District - Jind  09,Urban,30-34,17603,8740,8863,78,54,24,0,0,0,50,36,14,15,9,6,12,8,4,1,1,0
C3010,06,09,0000,District - Jind  09,Urban,35-59,55749,29954,25795,104,64,40,0,0,0,49,36,13,25,13,12,10,7,3,20,8,12
C3010,06,09,0000,District - Jind  09,Urban,60+,15447,7769,7678,48,30,18,0,0,0,27,16,11,12,7,5,4,3,1,5,4,1
C3010,06,09,0000,District - Jind  09,Urban,Age not stated,748,424,324,8,3,5,0,0,0,8,3,5,0,0,0,0,0,0,0,0,0
C3010,06,10,0000,District - Fatehabad *  10,Total,All ages,806158,427862,378296,181903,106847,75056,173259,101275,71984,7179,4598,2581,837,605,232,553,337,216,75,32,43
C3010,06,10,0000,District - Fatehabad *  10,Total,0-4,87207,47740,39467,2084,1200,884,2084,1200,884,0,0,0,0,0,0,0,0,0,0,0,0
C3010,06,10,0000,District - Fatehabad *  10,Total,5,21228,11699,9529,3615,2108,1507,3615,2108,1507,0,0,0,0,0,0,0,0,0,0,0,0
C3010,06,10,0000,District - Fatehabad *  10,Total,6,21309,11525,9784,7613,4387,3226,7613,4387,3226,0,0,0,0,0,0,0,0,0,0,0,0
C3010,06,10,0000,District - Fatehabad *  10,Total,7,20045,10666,9379,13746,7631,6115,13746,7631,6115,0,0,0,0,0,0,0,0,0,0,0,0
C3010,06,10,0000,District - Fatehabad *  10,Total,8,24062,13067,10995,18652,10529,8123,18652,10529,8123,0,0,0,0,0,0,0,0,0,0,0,0
C3010,06,10,0000,District - Fatehabad *  10,Total,9,18714,10212,8502,15644,8846,6798,15644,8846,6798,0,0,0,0,0,0,0,0,0,0,0,0
C3010,06,10,0000,District - Fatehabad *  10,Total,10,24700,13363,11337,20152,11434,8718,20152,11434,8718,0,0,0,0,0,0,0,0,0,0,0,0
C3010,06,10,0000,District - Fatehabad *  10,Total,11,17708,9549,8159,14873,8400,6473,14873,8400,6473,0,0,0,0,0,0,0,0,0,0,0,0
C3010,06,10,0000,District - Fatehabad *  10,Total,12,22987,12367,10620,17886,10203,7683,17886,10203,7683,0,0,0,0,0,0,0,0,0,0,0,0
C3010,06,10,0000,District - Fatehabad *  10,Total,13,18224,9504,8720,13423,7638,5785,13423,7638,5785,0,0,0,0,0,0,0,0,0,0,0,0
C3010,06,10,0000,District - Fatehabad *  10,Total,14,19145,10076,9069,12578,7419,5159,12578,7419,5159,0,0,0,0,0,0,0,0,0,0,0,0
C3010,06,10,0000,District - Fatehabad *  10,Total,15-19,84765,46972,37793,34526,21959,12567,30800,19769,11031,3102,1773,1329,371,278,93,247,136,111,6,3,3
C3010,06,10,0000,District - Fatehabad *  10,Total,20-24,74051,39439,34612,6345,4545,1800,2193,1711,482,3716,2530,1186,241,179,62,182,119,63,13,6,7
C3010,06,10,0000,District - Fatehabad *  10,Total,25-29,66589,34148,32441,440,341,99,0,0,0,260,215,45,96,76,20,74,46,28,10,4,6
C3010,06,10,0000,District - Fatehabad *  10,Total,30-34,59899,30418,29481,111,72,39,0,0,0,43,34,9,38,21,17,19,15,4,11,2,9
C3010,06,10,0000,District - Fatehabad *  10,Total,35-59,161348,85588,75760,146,95,51,0,0,0,36,31,5,66,37,29,23,16,7,21,11,10
C3010,06,10,0000,District - Fatehabad *  10,Total,60+,60640,29523,31117,59,36,23,0,0,0,17,13,4,23,13,10,7,5,2,12,5,7
C3010,06,10,0000,District - Fatehabad *  10,Total,Age not stated,3537,2006,1531,10,4,6,0,0,0,5,2,3,2,1,1,1,0,1,2,1,1
C3010,06,10,0000,District - Fatehabad *  10,Rural,All ages,664001,352216,311785,144373,86266,58107,139126,82470,56656,4238,3101,1137,593,433,160,355,233,122,61,29,32
C3010,06,10,0000,District - Fatehabad *  10,Rural,0-4,73391,40055,33336,1404,815,589,1404,815,589,0,0,0,0,0,0,0,0,0,0,0,0
C3010,06,10,0000,District - Fatehabad *  10,Rural,5,17694,9749,7945,2719,1589,1130,2719,1589,1130,0,0,0,0,0,0,0,0,0,0,0,0
C3010,06,10,0000,District - Fatehabad *  10,Rural,6,17844,9583,8261,6111,3518,2593,6111,3518,2593,0,0,0,0,0,0,0,0,0,0,0,0
C3010,06,10,0000,District - Fatehabad *  10,Rural,7,16775,8885,7890,11151,6177,4974,11151,6177,4974,0,0,0,0,0,0,0,0,0,0,0,0
C3010,06,10,0000,District - Fatehabad *  10,Rural,8,20034,10801,9233,15259,8588,6671,15259,8588,6671,0,0,0,0,0,0,0,0,0,0,0,0
C3010,06,10,0000,District - Fatehabad *  10,Rural,9,15621,8499,7122,12932,7325,5607,12932,7325,5607,0,0,0,0,0,0,0,0,0,0,0,0
C3010,06,10,0000,District - Fatehabad *  10,Rural,10,20487,11039,9448,16523,9403,7120,16523,9403,7120,0,0,0,0,0,0,0,0,0,0,0,0
C3010,06,10,0000,District - Fatehabad *  10,Rural,11,14731,7885,6846,12211,6896,5315,12211,6896,5315,0,0,0,0,0,0,0,0,0,0,0,0
C3010,06,10,0000,District - Fatehabad *  10,Rural,12,18991,10200,8791,14524,8374,6150,14524,8374,6150,0,0,0,0,0,0,0,0,0,0,0,0
C3010,06,10,0000,District - Fatehabad *  10,Rural,13,15090,7927,7163,10815,6323,4492,10815,6323,4492,0,0,0,0,0,0,0,0,0,0,0,0
C3010,06,10,0000,District - Fatehabad *  10,Rural,14,15935,8379,7556,10057,6082,3975,10057,6082,3975,0,0,0,0,0,0,0,0,0,0,0,0
C3010,06,10,0000,District - Fatehabad *  10,Rural,15-19,69618,38737,30881,25713,17359,8354,23608,15925,7683,1675,1130,545,256,200,56,168,101,67,6,3,3
C3010,06,10,0000,District - Fatehabad *  10,Rural,20-24,60914,32506,28408,4413,3420,993,1812,1455,357,2314,1753,561,173,131,42,104,76,28,10,5,5
C3010,06,10,0000,District - Fatehabad *  10,Rural,25-29,54939,28170,26769,308,252,56,0,0,0,183,164,19,66,53,13,51,31,20,8,4,4
C3010,06,10,0000,District - Fatehabad *  10,Rural,30-34,49076,24973,24103,81,51,30,0,0,0,32,27,5,27,11,16,14,11,3,8,2,6
C3010,06,10,0000,District - Fatehabad *  10,Rural,35-59,129256,68359,60897,105,68,37,0,0,0,22,18,4,52,29,23,14,12,2,17,9,8
C3010,06,10,0000,District - Fatehabad *  10,Rural,60+,50652,24806,25846,40,23,17,0,0,0,9,8,1,17,8,9,4,2,2,10,5,5
C3010,06,10,0000,District - Fatehabad *  10,Rural,Age not stated,2953,1663,1290,7,3,4,0,0,0,3,1,2,2,1,1,0,0,0,2,1,1
C3010,06,10,0000,District - Fatehabad *  10,Urban,All ages,142157,75646,66511,37530,20581,16949,34133,18805,15328,2941,1497,1444,244,172,72,198,104,94,14,3,11
C3010,06,10,0000,District - Fatehabad *  10,Urban,0-4,13816,7685,6131,680,385,295,680,385,295,0,0,0,0,0,0,0,0,0,0,0,0
C3010,06,10,0000,District - Fatehabad *  10,Urban,5,3534,1950,1584,896,519,377,896,519,377,0,0,0,0,0,0,0,0,0,0,0,0
C3010,06,10,0000,District - Fatehabad *  10,Urban,6,3465,1942,1523,1502,869,633,1502,869,633,0,0,0,0,0,0,0,0,0,0,0,0
C3010,06,10,0000,District - Fatehabad *  10,Urban,7,3270,1781,1489,2595,1454,1141,2595,1454,1141,0,0,0,0,0,0,0,0,0,0,0,0
C3010,06,10,0000,District - Fatehabad *  10,Urban,8,4028,2266,1762,3393,1941,1452,3393,1941,1452,0,0,0,0,0,0,0,0,0,0,0,0
C3010,06,10,0000,District - Fatehabad *  10,Urban,9,3093,1713,1380,2712,1521,1191,2712,1521,1191,0,0,0,0,0,0,0,0,0,0,0,0
C3010,06,10,0000,District - Fatehabad *  10,Urban,10,4213,2324,1889,3629,2031,1598,3629,2031,1598,0,0,0,0,0,0,0,0,0,0,0,0
C3010,06,10,0000,District - Fatehabad *  10,Urban,11,2977,1664,1313,2662,1504,1158,2662,1504,1158,0,0,0,0,0,0,0,0,0,0,0,0
C3010,06,10,0000,District - Fatehabad *  10,Urban,12,3996,2167,1829,3362,1829,1533,3362,1829,1533,0,0,0,0,0,0,0,0,0,0,0,0
C3010,06,10,0000,District - Fatehabad *  10,Urban,13,3134,1577,1557,2608,1315,1293,2608,1315,1293,0,0,0,0,0,0,0,0,0,0,0,0
C3010,06,10,0000,District - Fatehabad *  10,Urban,14,3210,1697,1513,2521,1337,1184,2521,1337,1184,0,0,0,0,0,0,0,0,0,0,0,0
C3010,06,10,0000,District - Fatehabad *  10,Urban,15-19,15147,8235,6912,8813,4600,4213,7192,3844,3348,1427,643,784,115,78,37,79,35,44,0,0,0
C3010,06,10,0000,District - Fatehabad *  10,Urban,20-24,13137,6933,6204,1932,1125,807,381,256,125,1402,777,625,68,48,20,78,43,35,3,1,2
C3010,06,10,0000,District - Fatehabad *  10,Urban,25-29,11650,5978,5672,132,89,43,0,0,0,77,51,26,30,23,7,23,15,8,2,0,2
C3010,06,10,0000,District - Fatehabad *  10,Urban,30-34,10823,5445,5378,30,21,9,0,0,0,11,7,4,11,10,1,5,4,1,3,0,3
C3010,06,10,0000,District - Fatehabad *  10,Urban,35-59,32092,17229,14863,41,27,14,0,0,0,14,13,1,14,8,6,9,4,5,4,2,2
C3010,06,10,0000,District - Fatehabad *  10,Urban,60+,9988,4717,5271,19,13,6,0,0,0,8,5,3,6,5,1,3,3,0,2,0,2
C3010,06,10,0000,District - Fatehabad *  10,Urban,Age not stated,584,343,241,3,1,2,0,0,0,2,1,1,0,0,0,1,0,1,0,0,0
C3010,06,11,0000,District - Sirsa  11,Total,All ages,1116649,593245,523404,258682,148837,109845,242742,138968,103774,12524,7676,4848,1557,1086,471,1740,1029,711,119,78,41
C3010,06,11,0000,District - Sirsa  11,Total,0-4,112757,62136,50621,3070,1745,1325,3070,1745,1325,0,0,0,0,0,0,0,0,0,0,0,0
C3010,06,11,0000,District - Sirsa  11,Total,5,27850,15537,12313,5004,2975,2029,5004,2975,2029,0,0,0,0,0,0,0,0,0,0,0,0
C3010,06,11,0000,District - Sirsa  11,Total,6,27070,14589,12481,11055,6184,4871,11055,6184,4871,0,0,0,0,0,0,0,0,0,0,0,0
C3010,06,11,0000,District - Sirsa  11,Total,7,27819,15152,12667,20470,11500,8970,20470,11500,8970,0,0,0,0,0,0,0,0,0,0,0,0
C3010,06,11,0000,District - Sirsa  11,Total,8,31925,17142,14783,25322,14084,11238,25322,14084,11238,0,0,0,0,0,0,0,0,0,0,0,0
C3010,06,11,0000,District - Sirsa  11,Total,9,25694,13742,11952,21840,11968,9872,21840,11968,9872,0,0,0,0,0,0,0,0,0,0,0,0
C3010,06,11,0000,District - Sirsa  11,Total,10,33749,18273,15476,27899,15602,12297,27899,15602,12297,0,0,0,0,0,0,0,0,0,0,0,0
C3010,06,11,0000,District - Sirsa  11,Total,11,24370,13016,11354,20564,11329,9235,20564,11329,9235,0,0,0,0,0,0,0,0,0,0,0,0
C3010,06,11,0000,District - Sirsa  11,Total,12,30863,16679,14184,24326,13734,10592,24326,13734,10592,0,0,0,0,0,0,0,0,0,0,0,0
C3010,06,11,0000,District - Sirsa  11,Total,13,25058,12892,12166,18700,10271,8429,18700,10271,8429,0,0,0,0,0,0,0,0,0,0,0,0
C3010,06,11,0000,District - Sirsa  11,Total,14,26549,14058,12491,17699,10200,7499,17699,10200,7499,0,0,0,0,0,0,0,0,0,0,0,0
C3010,06,11,0000,District - Sirsa  11,Total,15-19,120937,66381,54556,50998,31290,19708,43864,27312,16552,5390,2956,2434,986,658,328,746,355,391,12,9,3
C3010,06,11,0000,District - Sirsa  11,Total,20-24,104387,55854,48533,10454,7006,3448,2929,2064,865,6548,4273,2275,376,293,83,588,369,219,13,7,6
C3010,06,11,0000,District - Sirsa  11,Total,25-29,91344,46869,44475,713,548,165,0,0,0,355,277,78,89,74,15,258,190,68,11,7,4
C3010,06,11,0000,District - Sirsa  11,Total,30-34,83651,42395,41256,208,164,44,0,0,0,92,72,20,22,14,8,83,71,12,11,7,4
C3010,06,11,0000,District - Sirsa  11,Total,35-59,231792,123513,108279,259,177,82,0,0,0,106,77,29,46,27,19,51,36,15,56,37,19
C3010,06,11,0000,District - Sirsa  11,Total,60+,84474,41497,42977,70,38,32,0,0,0,20,11,9,29,14,15,8,4,4,13,9,4
C3010,06,11,0000,District - Sirsa  11,Total,Age not stated,6360,3520,2840,31,22,9,0,0,0,13,10,3,9,6,3,6,4,2,3,2,1
C3010,06,11,0000,District - Sirsa  11,Rural,All ages,823184,436820,386364,180371,106002,74369,172781,100326,72455,5747,4332,1415,839,665,174,908,614,294,96,65,31
C3010,06,11,0000,District - Sirsa  11,Rural,0-4,85463,46931,38532,1445,817,628,1445,817,628,0,0,0,0,0,0,0,0,0,0,0,0
C3010,06,11,0000,District - Sirsa  11,Rural,5,21013,11749,9264,2850,1719,1131,2850,1719,1131,0,0,0,0,0,0,0,0,0,0,0,0
C3010,06,11,0000,District - Sirsa  11,Rural,6,20673,11074,9599,7869,4423,3446,7869,4423,3446,0,0,0,0,0,0,0,0,0,0,0,0
C3010,06,11,0000,District - Sirsa  11,Rural,7,20713,11226,9487,14827,8318,6509,14827,8318,6509,0,0,0,0,0,0,0,0,0,0,0,0
C3010,06,11,0000,District - Sirsa  11,Rural,8,23738,12635,11103,18628,10280,8348,18628,10280,8348,0,0,0,0,0,0,0,0,0,0,0,0
C3010,06,11,0000,District - Sirsa  11,Rural,9,19588,10430,9158,16583,9063,7520,16583,9063,7520,0,0,0,0,0,0,0,0,0,0,0,0
C3010,06,11,0000,District - Sirsa  11,Rural,10,24981,13431,11550,20477,11440,9037,20477,11440,9037,0,0,0,0,0,0,0,0,0,0,0,0
C3010,06,11,0000,District - Sirsa  11,Rural,11,18428,9739,8689,15401,8443,6958,15401,8443,6958,0,0,0,0,0,0,0,0,0,0,0,0
C3010,06,11,0000,District - Sirsa  11,Rural,12,22679,12210,10469,17549,9988,7561,17549,9988,7561,0,0,0,0,0,0,0,0,0,0,0,0
C3010,06,11,0000,District - Sirsa  11,Rural,13,18524,9552,8972,13404,7540,5864,13404,7540,5864,0,0,0,0,0,0,0,0,0,0,0,0
C3010,06,11,0000,District - Sirsa  11,Rural,14,19741,10425,9316,12551,7431,5120,12551,7431,5120,0,0,0,0,0,0,0,0,0,0,0,0
C3010,06,11,0000,District - Sirsa  11,Rural,15-19,87855,48592,39263,32277,21511,10766,29069,19313,9756,2352,1629,723,523,401,122,325,163,162,8,5,3
C3010,06,11,0000,District - Sirsa  11,Rural,20-24,75994,40546,35448,5728,4400,1328,2128,1551,577,3076,2428,648,197,181,16,316,233,83,11,7,4
C3010,06,11,0000,District - Sirsa  11,Rural,25-29,67626,34645,32981,422,357,65,0,0,0,200,175,25,49,42,7,165,135,30,8,5,3
C3010,06,11,0000,District - Sirsa  11,Rural,30-34,61599,31196,30403,146,124,22,0,0,0,62,54,8,13,9,4,62,55,7,9,6,3
C3010,06,11,0000,District - Sirsa  11,Rural,35-59,164325,87384,76941,149,109,40,0,0,0,40,33,7,32,19,13,32,25,7,45,32,13
C3010,06,11,0000,District - Sirsa  11,Rural,60+,65245,32253,32992,44,23,21,0,0,0,10,6,4,18,8,10,4,1,3,12,8,4
C3010,06,11,0000,District - Sirsa  11,Rural,Age not stated,4999,2802,2197,21,16,5,0,0,0,7,7,0,7,5,2,4,2,2,3,2,1
C3010,06,11,0000,District - Sirsa  11,Urban,All ages,293465,156425,137040,78311,42835,35476,69961,38642,31319,6777,3344,3433,718,421,297,832,415,417,23,13,10
C3010,06,11,0000,District - Sirsa  11,Urban,0-4,27294,15205,12089,1625,928,697,1625,928,697,0,0,0,0,0,0,0,0,0,0,0,0
C3010,06,11,0000,District - Sirsa  11,Urban,5,6837,3788,3049,2154,1256,898,2154,1256,898,0,0,0,0,0,0,0,0,0,0,0,0
C3010,06,11,0000,District - Sirsa  11,Urban,6,6397,3515,2882,3186,1761,1425,3186,1761,1425,0,0,0,0,0,0,0,0,0,0,0,0
C3010,06,11,0000,District - Sirsa  11,Urban,7,7106,3926,3180,5643,3182,2461,5643,3182,2461,0,0,0,0,0,0,0,0,0,0,0,0
C3010,06,11,0000,District - Sirsa  11,Urban,8,8187,4507,3680,6694,3804,2890,6694,3804,2890,0,0,0,0,0,0,0,0,0,0,0,0
C3010,06,11,0000,District - Sirsa  11,Urban,9,6106,3312,2794,5257,2905,2352,5257,2905,2352,0,0,0,0,0,0,0,0,0,0,0,0
C3010,06,11,0000,District - Sirsa  11,Urban,10,8768,4842,3926,7422,4162,3260,7422,4162,3260,0,0,0,0,0,0,0,0,0,0,0,0
C3010,06,11,0000,District - Sirsa  11,Urban,11,5942,3277,2665,5163,2886,2277,5163,2886,2277,0,0,0,0,0,0,0,0,0,0,0,0
C3010,06,11,0000,District - Sirsa  11,Urban,12,8184,4469,3715,6777,3746,3031,6777,3746,3031,0,0,0,0,0,0,0,0,0,0,0,0
C3010,06,11,0000,District - Sirsa  11,Urban,13,6534,3340,3194,5296,2731,2565,5296,2731,2565,0,0,0,0,0,0,0,0,0,0,0,0
C3010,06,11,0000,District - Sirsa  11,Urban,14,6808,3633,3175,5148,2769,2379,5148,2769,2379,0,0,0,0,0,0,0,0,0,0,0,0
C3010,06,11,0000,District - Sirsa  11,Urban,15-19,33082,17789,15293,18721,9779,8942,14795,7999,6796,3038,1327,1711,463,257,206,421,192,229,4,4,0
C3010,06,11,0000,District - Sirsa  11,Urban,20-24,28393,15308,13085,4726,2606,2120,801,513,288,3472,1845,1627,179,112,67,272,136,136,2,0,2
C3010,06,11,0000,District - Sirsa  11,Urban,25-29,23718,12224,11494,291,191,100,0,0,0,155,102,53,40,32,8,93,55,38,3,2,1
C3010,06,11,0000,District - Sirsa  11,Urban,30-34,22052,11199,10853,62,40,22,0,0,0,30,18,12,9,5,4,21,16,5,2,1,1
C3010,06,11,0000,District - Sirsa  11,Urban,35-59,67467,36129,31338,110,68,42,0,0,0,66,44,22,14,8,6,19,11,8,11,5,6
C3010,06,11,0000,District - Sirsa  11,Urban,60+,19229,9244,9985,26,15,11,0,0,0,10,5,5,11,6,5,4,3,1,1,1,0
C3010,06,11,0000,District - Sirsa  11,Urban,Age not stated,1361,718,643,10,6,4,0,0,0,6,3,3,2,1,1,2,2,0,0,0,0
C3010,06,12,0000,District - Hisar  12,Total,All ages,1537117,830520,706597,394935,231970,162965,367080,213591,153489,22816,15023,7793,2846,2125,721,2030,1158,872,163,73,90
C3010,06,12,0000,District - Hisar  12,Total,0-4,160417,87593,72824,4230,2336,1894,4230,2336,1894,0,0,0,0,0,0,0,0,0,0,0,0
C3010,06,12,0000,District - Hisar  12,Total,5,39293,21699,17594,7516,4306,3210,7516,4306,3210,0,0,0,0,0,0,0,0,0,0,0,0
C3010,06,12,0000,District - Hisar  12,Total,6,38110,20550,17560,16645,9363,7282,16645,9363,7282,0,0,0,0,0,0,0,0,0,0,0,0
C3010,06,12,0000,District - Hisar  12,Total,7,36263,19640,16623,27875,15649,12226,27875,15649,12226,0,0,0,0,0,0,0,0,0,0,0,0
C3010,06,12,0000,District - Hisar  12,Total,8,44417,24130,20287,37082,20719,16363,37082,20719,16363,0,0,0,0,0,0,0,0,0,0,0,0
C3010,06,12,0000,District - Hisar  12,Total,9,34666,18802,15864,30944,17152,13792,30944,17152,13792,0,0,0,0,0,0,0,0,0,0,0,0
C3010,06,12,0000,District - Hisar  12,Total,10,46525,25240,21285,40604,22659,17945,40604,22659,17945,0,0,0,0,0,0,0,0,0,0,0,0
C3010,06,12,0000,District - Hisar  12,Total,11,33412,18042,15370,29761,16579,13182,29761,16579,13182,0,0,0,0,0,0,0,0,0,0,0,0
C3010,06,12,0000,District - Hisar  12,Total,12,45087,24331,20756,37975,21483,16492,37975,21483,16492,0,0,0,0,0,0,0,0,0,0,0,0
C3010,06,12,0000,District - Hisar  12,Total,13,34300,17764,16536,27970,15457,12513,27970,15457,12513,0,0,0,0,0,0,0,0,0,0,0,0
C3010,06,12,0000,District - Hisar  12,Total,14,37746,20078,17668,28251,16431,11820,28251,16431,11820,0,0,0,0,0,0,0,0,0,0,0,0
C3010,06,12,0000,District - Hisar  12,Total,15-19,162516,94235,68281,84146,54159,29987,73246,47509,25737,8780,5258,3522,1415,1051,364,690,336,354,15,5,10
C3010,06,12,0000,District - Hisar  12,Total,20-24,144216,80480,63736,19146,13658,5488,4981,3948,1033,12584,8622,3962,858,657,201,704,424,280,19,7,12
C3010,06,12,0000,District - Hisar  12,Total,25-29,129421,68137,61284,1820,1383,437,0,0,0,1042,830,212,346,279,67,410,261,149,22,13,9
C3010,06,12,0000,District - Hisar  12,Total,30-34,113636,58738,54898,340,250,90,0,0,0,156,125,31,75,48,27,93,68,25,16,9,7
C3010,06,12,0000,District - Hisar  12,Total,35-59,321520,173486,148034,385,262,123,0,0,0,134,110,24,107,67,40,78,56,22,66,29,37
C3010,06,12,0000,District - Hisar  12,Total,60+,107952,53214,54738,153,92,61,0,0,0,74,54,20,38,18,20,19,12,7,22,8,14
C3010,06,12,0000,District - Hisar  12,Total,Age not stated,7620,4361,3259,92,32,60,0,0,0,46,24,22,7,5,2,36,1,35,3,2,1
C3010,06,12,0000,District - Hisar  12,Rural,All ages,1138999,614605,524394,281677,168437,113240,268761,158450,110311,10502,8251,2251,1341,1052,289,969,640,329,104,44,60
C3010,06,12,0000,District - Hisar  12,Rural,0-4,124210,67489,56721,1809,980,829,1809,980,829,0,0,0,0,0,0,0,0,0,0,0,0
C3010,06,12,0000,District - Hisar  12,Rural,5,30293,16769,13524,4247,2490,1757,4247,2490,1757,0,0,0,0,0,0,0,0,0,0,0,0
C3010,06,12,0000,District - Hisar  12,Rural,6,29382,15722,13660,11861,6644,5217,11861,6644,5217,0,0,0,0,0,0,0,0,0,0,0,0
C3010,06,12,0000,District - Hisar  12,Rural,7,27696,14837,12859,20824,11611,9213,20824,11611,9213,0,0,0,0,0,0,0,0,0,0,0,0
C3010,06,12,0000,District - Hisar  12,Rural,8,33826,18253,15573,27983,15551,12432,27983,15551,12432,0,0,0,0,0,0,0,0,0,0,0,0
C3010,06,12,0000,District - Hisar  12,Rural,9,26733,14315,12418,23732,13025,10707,23732,13025,10707,0,0,0,0,0,0,0,0,0,0,0,0
C3010,06,12,0000,District - Hisar  12,Rural,10,35166,18861,16305,30558,16947,13611,30558,16947,13611,0,0,0,0,0,0,0,0,0,0,0,0
C3010,06,12,0000,District - Hisar  12,Rural,11,25506,13653,11853,22572,12551,10021,22572,12551,10021,0,0,0,0,0,0,0,0,0,0,0,0
C3010,06,12,0000,District - Hisar  12,Rural,12,34256,18413,15843,28530,16241,12289,28530,16241,12289,0,0,0,0,0,0,0,0,0,0,0,0
C3010,06,12,0000,District - Hisar  12,Rural,13,25800,13320,12480,20609,11576,9033,20609,11576,9033,0,0,0,0,0,0,0,0,0,0,0,0
C3010,06,12,0000,District - Hisar  12,Rural,14,28587,15138,13449,20752,12344,8408,20752,12344,8408,0,0,0,0,0,0,0,0,0,0,0,0
C3010,06,12,0000,District - Hisar  12,Rural,15-19,119286,69933,49353,56811,39132,17679,51530,35358,16172,4215,3024,1191,708,554,154,349,192,157,9,4,5
C3010,06,12,0000,District - Hisar  12,Rural,20-24,104797,58759,46038,10122,8358,1764,3754,3132,622,5668,4698,970,344,296,48,345,230,115,11,2,9
C3010,06,12,0000,District - Hisar  12,Rural,25-29,95397,50255,45142,804,663,141,0,0,0,452,386,66,155,125,30,185,145,40,12,7,5
C3010,06,12,0000,District - Hisar  12,Rural,30-34,83557,43012,40545,170,137,33,0,0,0,72,63,9,41,29,12,46,40,6,11,5,6
C3010,06,12,0000,District - Hisar  12,Rural,35-59,227322,122304,105018,197,133,64,0,0,0,54,51,3,65,37,28,34,25,9,44,20,24
C3010,06,12,0000,District - Hisar  12,Rural,60+,82294,40765,41529,79,43,36,0,0,0,29,21,8,25,9,16,9,8,1,16,5,11
C3010,06,12,0000,District - Hisar  12,Rural,Age not stated,4891,2807,2084,17,11,6,0,0,0,12,8,4,3,2,1,1,0,1,1,1,0
C3010,06,12,0000,District - Hisar  12,Urban,All ages,398118,215915,182203,113258,63533,49725,98319,55141,43178,12314,6772,5542,1505,1073,432,1061,518,543,59,29,30
C3010,06,12,0000,District - Hisar  12,Urban,0-4,36207,20104,16103,2421,1356,1065,2421,1356,1065,0,0,0,0,0,0,0,0,0,0,0,0
C3010,06,12,0000,District - Hisar  12,Urban,5,9000,4930,4070,3269,1816,1453,3269,1816,1453,0,0,0,0,0,0,0,0,0,0,0,0
C3010,06,12,0000,District - Hisar  12,Urban,6,8728,4828,3900,4784,2719,2065,4784,2719,2065,0,0,0,0,0,0,0,0,0,0,0,0
C3010,06,12,0000,District - Hisar  12,Urban,7,8567,4803,3764,7051,4038,3013,7051,4038,3013,0,0,0,0,0,0,0,0,0,0,0,0
C3010,06,12,0000,District - Hisar  12,Urban,8,10591,5877,4714,9099,5168,3931,9099,5168,3931,0,0,0,0,0,0,0,0,0,0,0,0
C3010,06,12,0000,District - Hisar  12,Urban,9,7933,4487,3446,7212,4127,3085,7212,4127,3085,0,0,0,0,0,0,0,0,0,0,0,0
C3010,06,12,0000,District - Hisar  12,Urban,10,11359,6379,4980,10046,5712,4334,10046,5712,4334,0,0,0,0,0,0,0,0,0,0,0,0
C3010,06,12,0000,District - Hisar  12,Urban,11,7906,4389,3517,7189,4028,3161,7189,4028,3161,0,0,0,0,0,0,0,0,0,0,0,0
C3010,06,12,0000,District - Hisar  12,Urban,12,10831,5918,4913,9445,5242,4203,9445,5242,4203,0,0,0,0,0,0,0,0,0,0,0,0
C3010,06,12,0000,District - Hisar  12,Urban,13,8500,4444,4056,7361,3881,3480,7361,3881,3480,0,0,0,0,0,0,0,0,0,0,0,0
C3010,06,12,0000,District - Hisar  12,Urban,14,9159,4940,4219,7499,4087,3412,7499,4087,3412,0,0,0,0,0,0,0,0,0,0,0,0
C3010,06,12,0000,District - Hisar  12,Urban,15-19,43230,24302,18928,27335,15027,12308,21716,12151,9565,4565,2234,2331,707,497,210,341,144,197,6,1,5
C3010,06,12,0000,District - Hisar  12,Urban,20-24,39419,21721,17698,9024,5300,3724,1227,816,411,6916,3924,2992,514,361,153,359,194,165,8,5,3
C3010,06,12,0000,District - Hisar  12,Urban,25-29,34024,17882,16142,1016,720,296,0,0,0,590,444,146,191,154,37,225,116,109,10,6,4
C3010,06,12,0000,District - Hisar  12,Urban,30-34,30079,15726,14353,170,113,57,0,0,0,84,62,22,34,19,15,47,28,19,5,4,1
C3010,06,12,0000,District - Hisar  12,Urban,35-59,94198,51182,43016,188,129,59,0,0,0,80,59,21,42,30,12,44,31,13,22,9,13
C3010,06,12,0000,District - Hisar  12,Urban,60+,25658,12449,13209,74,49,25,0,0,0,45,33,12,13,9,4,10,4,6,6,3,3
C3010,06,12,0000,District - Hisar  12,Urban,Age not stated,2729,1554,1175,75,21,54,0,0,0,34,16,18,4,3,1,35,1,34,2,1,1
C3010,06,13,0000,District - Bhiwani  13,Total,All ages,1425022,758253,666769,392024,228393,163631,364953,209517,155436,23677,16413,7264,2440,1858,582,876,564,312,78,41,37
C3010,06,13,0000,District - Bhiwani  13,Total,0-4,153417,83262,70155,2678,1503,1175,2678,1503,1175,0,0,0,0,0,0,0,0,0,0,0,0
C3010,06,13,0000,District - Bhiwani  13,Total,5,36507,20194,16313,5421,3099,2322,5421,3099,2322,0,0,0,0,0,0,0,0,0,0,0,0
C3010,06,13,0000,District - Bhiwani  13,Total,6,34302,18353,15949,14015,7825,6190,14015,7825,6190,0,0,0,0,0,0,0,0,0,0,0,0
C3010,06,13,0000,District - Bhiwani  13,Total,7,32291,17344,14947,25898,14255,11643,25898,14255,11643,0,0,0,0,0,0,0,0,0,0,0,0
C3010,06,13,0000,District - Bhiwani  13,Total,8,40454,21680,18774,35373,19342,16031,35373,19342,16031,0,0,0,0,0,0,0,0,0,0,0,0
C3010,06,13,0000,District - Bhiwani  13,Total,9,32522,17385,15137,29918,16189,13729,29918,16189,13729,0,0,0,0,0,0,0,0,0,0,0,0
C3010,06,13,0000,District - Bhiwani  13,Total,10,43087,23155,19932,39150,21404,17746,39150,21404,17746,0,0,0,0,0,0,0,0,0,0,0,0
C3010,06,13,0000,District - Bhiwani  13,Total,11,31518,16813,14705,29047,15841,13206,29047,15841,13206,0,0,0,0,0,0,0,0,0,0,0,0
C3010,06,13,0000,District - Bhiwani  13,Total,12,41364,22127,19237,36536,20145,16391,36536,20145,16391,0,0,0,0,0,0,0,0,0,0,0,0
C3010,06,13,0000,District - Bhiwani  13,Total,13,33797,17212,16585,29017,15593,13424,29017,15593,13424,0,0,0,0,0,0,0,0,0,0,0,0
C3010,06,13,0000,District - Bhiwani  13,Total,14,36558,19239,17319,29415,16583,12832,29415,16583,12832,0,0,0,0,0,0,0,0,0,0,0,0
C3010,06,13,0000,District - Bhiwani  13,Total,15-19,159700,91498,68202,93025,59778,33247,82207,52806,29401,9104,5694,3410,1407,1114,293,301,162,139,6,2,4
C3010,06,13,0000,District - Bhiwani  13,Total,20-24,134676,73373,61303,20191,15112,5079,6278,4932,1346,13032,9549,3483,614,462,152,258,163,95,9,6,3
C3010,06,13,0000,District - Bhiwani  13,Total,25-29,112470,58335,54135,1562,1203,359,0,0,0,1096,845,251,232,175,57,221,174,47,13,9,4
C3010,06,13,0000,District - Bhiwani  13,Total,30-34,95159,47869,47290,310,210,100,0,0,0,182,132,50,58,34,24,55,38,17,15,6,9
C3010,06,13,0000,District - Bhiwani  13,Total,35-59,287679,149988,137691,288,195,93,0,0,0,147,109,38,88,53,35,33,23,10,20,10,10
C3010,06,13,0000,District - Bhiwani  13,Total,60+,109617,54945,54672,129,85,44,0,0,0,69,55,14,39,19,20,6,3,3,15,8,7
C3010,06,13,0000,District - Bhiwani  13,Total,Age not stated,9904,5481,4423,51,31,20,0,0,0,47,29,18,2,1,1,2,1,1,0,0,0
C3010,06,13,0000,District - Bhiwani  13,Rural,All ages,1154629,612789,541840,311890,183168,128722,294583,170078,124505,15349,11631,3718,1352,1061,291,551,369,182,55,29,26
C3010,06,13,0000,District - Bhiwani  13,Rural,0-4,127573,69112,58461,1546,864,682,1546,864,682,0,0,0,0,0,0,0,0,0,0,0,0
C3010,06,13,0000,District - Bhiwani  13,Rural,5,30249,16726,13523,3644,2067,1577,3644,2067,1577,0,0,0,0,0,0,0,0,0,0,0,0
C3010,06,13,0000,District - Bhiwani  13,Rural,6,28187,15054,13133,11063,6169,4894,11063,6169,4894,0,0,0,0,0,0,0,0,0,0,0,0
C3010,06,13,0000,District - Bhiwani  13,Rural,7,26351,14113,12238,21007,11537,9470,21007,11537,9470,0,0,0,0,0,0,0,0,0,0,0,0
C3010,06,13,0000,District - Bhiwani  13,Rural,8,33035,17630,15405,28918,15767,13151,28918,15767,13151,0,0,0,0,0,0,0,0,0,0,0,0
C3010,06,13,0000,District - Bhiwani  13,Rural,9,27018,14312,12706,24924,13374,11550,24924,13374,11550,0,0,0,0,0,0,0,0,0,0,0,0
C3010,06,13,0000,District - Bhiwani  13,Rural,10,34983,18659,16324,31852,17311,14541,31852,17311,14541,0,0,0,0,0,0,0,0,0,0,0,0
C3010,06,13,0000,District - Bhiwani  13,Rural,11,26100,13843,12257,24080,13081,10999,24080,13081,10999,0,0,0,0,0,0,0,0,0,0,0,0
C3010,06,13,0000,District - Bhiwani  13,Rural,12,33637,17882,15755,29639,16325,13314,29639,16325,13314,0,0,0,0,0,0,0,0,0,0,0,0
C3010,06,13,0000,District - Bhiwani  13,Rural,13,27689,14102,13587,23643,12809,10834,23643,12809,10834,0,0,0,0,0,0,0,0,0,0,0,0
C3010,06,13,0000,District - Bhiwani  13,Rural,14,29900,15711,14189,23853,13575,10278,23853,13575,10278,0,0,0,0,0,0,0,0,0,0,0,0
C3010,06,13,0000,District - Bhiwani  13,Rural,15-19,128241,73816,54425,72200,47943,24257,65314,43131,22183,5916,4085,1831,773,624,149,193,102,91,4,1,3
C3010,06,13,0000,District - Bhiwani  13,Rural,20-24,108157,58670,49487,14034,11183,2851,5100,4068,1032,8453,6744,1709,314,261,53,161,106,55,6,4,2
C3010,06,13,0000,District - Bhiwani  13,Rural,25-29,90783,46874,43909,1023,832,191,0,0,0,738,604,134,133,104,29,141,117,24,11,7,4
C3010,06,13,0000,District - Bhiwani  13,Rural,30-34,75892,38074,37818,193,140,53,0,0,0,114,91,23,35,19,16,33,25,8,11,5,6
C3010,06,13,0000,District - Bhiwani  13,Rural,35-59,225413,116544,108869,142,103,39,0,0,0,49,46,3,63,36,27,18,16,2,12,5,7
C3010,06,13,0000,District - Bhiwani  13,Rural,60+,92716,46864,45852,87,61,26,0,0,0,41,36,5,32,16,16,3,2,1,11,7,4
C3010,06,13,0000,District - Bhiwani  13,Rural,Age not stated,8705,4803,3902,42,27,15,0,0,0,38,25,13,2,1,1,2,1,1,0,0,0
C3010,06,13,0000,District - Bhiwani  13,Urban,All ages,270393,145464,124929,80134,45225,34909,70370,39439,30931,8328,4782,3546,1088,797,291,325,195,130,23,12,11
C3010,06,13,0000,District - Bhiwani  13,Urban,0-4,25844,14150,11694,1132,639,493,1132,639,493,0,0,0,0,0,0,0,0,0,0,0,0
C3010,06,13,0000,District - Bhiwani  13,Urban,5,6258,3468,2790,1777,1032,745,1777,1032,745,0,0,0,0,0,0,0,0,0,0,0,0
C3010,06,13,0000,District - Bhiwani  13,Urban,6,6115,3299,2816,2952,1656,1296,2952,1656,1296,0,0,0,0,0,0,0,0,0,0,0,0
C3010,06,13,0000,District - Bhiwani  13,Urban,7,5940,3231,2709,4891,2718,2173,4891,2718,2173,0,0,0,0,0,0,0,0,0,0,0,0
C3010,06,13,0000,District - Bhiwani  13,Urban,8,7419,4050,3369,6455,3575,2880,6455,3575,2880,0,0,0,0,0,0,0,0,0,0,0,0
C3010,06,13,0000,District - Bhiwani  13,Urban,9,5504,3073,2431,4994,2815,2179,4994,2815,2179,0,0,0,0,0,0,0,0,0,0,0,0
C3010,06,13,0000,District - Bhiwani  13,Urban,10,8104,4496,3608,7298,4093,3205,7298,4093,3205,0,0,0,0,0,0,0,0,0,0,0,0
C3010,06,13,0000,District - Bhiwani  13,Urban,11,5418,2970,2448,4967,2760,2207,4967,2760,2207,0,0,0,0,0,0,0,0,0,0,0,0
C3010,06,13,0000,District - Bhiwani  13,Urban,12,7727,4245,3482,6897,3820,3077,6897,3820,3077,0,0,0,0,0,0,0,0,0,0,0,0
C3010,06,13,0000,District - Bhiwani  13,Urban,13,6108,3110,2998,5374,2784,2590,5374,2784,2590,0,0,0,0,0,0,0,0,0,0,0,0
C3010,06,13,0000,District - Bhiwani  13,Urban,14,6658,3528,3130,5562,3008,2554,5562,3008,2554,0,0,0,0,0,0,0,0,0,0,0,0
C3010,06,13,0000,District - Bhiwani  13,Urban,15-19,31459,17682,13777,20825,11835,8990,16893,9675,7218,3188,1609,1579,634,490,144,108,60,48,2,1,1
C3010,06,13,0000,District - Bhiwani  13,Urban,20-24,26519,14703,11816,6157,3929,2228,1178,864,314,4579,2805,1774,300,201,99,97,57,40,3,2,1
C3010,06,13,0000,District - Bhiwani  13,Urban,25-29,21687,11461,10226,539,371,168,0,0,0,358,241,117,99,71,28,80,57,23,2,2,0
C3010,06,13,0000,District - Bhiwani  13,Urban,30-34,19267,9795,9472,117,70,47,0,0,0,68,41,27,23,15,8,22,13,9,4,1,3
C3010,06,13,0000,District - Bhiwani  13,Urban,35-59,62266,33444,28822,146,92,54,0,0,0,98,63,35,25,17,8,15,7,8,8,5,3
C3010,06,13,0000,District - Bhiwani  13,Urban,60+,16901,8081,8820,42,24,18,0,0,0,28,19,9,7,3,4,3,1,2,4,1,3
C3010,06,13,0000,District - Bhiwani  13,Urban,Age not stated,1199,678,521,9,4,5,0,0,0,9,4,5,0,0,0,0,0,0,0,0,0
C3010,06,14,0000,District - Rohtak  14,Total,All ages,940128,509038,431090,255002,144247,110755,228425,128123,100302,22182,13235,8947,3500,2337,1163,778,495,283,117,57,60
C3010,06,14,0000,District - Rohtak  14,Total,0-4,92528,51701,40827,2346,1336,1010,2346,1336,1010,0,0,0,0,0,0,0,0,0,0,0,0
C3010,06,14,0000,District - Rohtak  14,Total,5,22363,12588,9775,4015,2342,1673,4015,2342,1673,0,0,0,0,0,0,0,0,0,0,0,0
C3010,06,14,0000,District - Rohtak  14,Total,6,21533,11554,9979,8883,4905,3978,8883,4905,3978,0,0,0,0,0,0,0,0,0,0,0,0
C3010,06,14,0000,District - Rohtak  14,Total,7,19454,10781,8673,15847,8959,6888,15847,8959,6888,0,0,0,0,0,0,0,0,0,0,0,0
C3010,06,14,0000,District - Rohtak  14,Total,8,24501,13310,11191,21594,11904,9690,21594,11904,9690,0,0,0,0,0,0,0,0,0,0,0,0
C3010,06,14,0000,District - Rohtak  14,Total,9,19568,10611,8957,18033,9871,8162,18033,9871,8162,0,0,0,0,0,0,0,0,0,0,0,0
C3010,06,14,0000,District - Rohtak  14,Total,10,26442,14332,12110,24045,13169,10876,24045,13169,10876,0,0,0,0,0,0,0,0,0,0,0,0
C3010,06,14,0000,District - Rohtak  14,Total,11,19028,10319,8709,17737,9666,8071,17737,9666,8071,0,0,0,0,0,0,0,0,0,0,0,0
C3010,06,14,0000,District - Rohtak  14,Total,12,27189,14461,12728,24335,13146,11189,24335,13146,11189,0,0,0,0,0,0,0,0,0,0,0,0
C3010,06,14,0000,District - Rohtak  14,Total,13,19672,9981,9691,17410,9003,8407,17410,9003,8407,0,0,0,0,0,0,0,0,0,0,0,0
C3010,06,14,0000,District - Rohtak  14,Total,14,23269,12344,10925,19471,10587,8884,19471,10587,8884,0,0,0,0,0,0,0,0,0,0,0,0
C3010,06,14,0000,District - Rohtak  14,Total,15-19,99025,57385,41640,60977,36253,24724,51132,30570,20562,8157,4523,3634,1432,992,440,245,159,86,11,9,2
C3010,06,14,0000,District - Rohtak  14,Total,20-24,88736,50468,38268,17427,11213,6214,3577,2665,912,12420,7685,4735,1188,719,469,232,140,92,10,4,6
C3010,06,14,0000,District - Rohtak  14,Total,25-29,75914,40621,35293,1935,1333,602,0,0,0,1116,738,378,606,450,156,198,137,61,15,8,7
C3010,06,14,0000,District - Rohtak  14,Total,30-34,65376,33215,32161,335,189,146,0,0,0,199,110,89,73,45,28,48,26,22,15,8,7
C3010,06,14,0000,District - Rohtak  14,Total,35-59,209137,111601,97536,396,245,151,0,0,0,176,109,67,138,93,45,39,25,14,43,18,25
C3010,06,14,0000,District - Rohtak  14,Total,60+,80455,40368,40087,172,101,71,0,0,0,83,52,31,55,32,23,13,7,6,21,10,11
C3010,06,14,0000,District - Rohtak  14,Total,Age not stated,5938,3398,2540,44,25,19,0,0,0,31,18,13,8,6,2,3,1,2,2,0,2
C3010,06,14,0000,District - Rohtak  14,Rural,All ages,610524,332044,278480,158587,91327,67260,148566,84286,64280,8576,6000,2576,1092,805,287,297,209,88,56,27,29
C3010,06,14,0000,District - Rohtak  14,Rural,0-4,63671,35449,28222,735,415,320,735,415,320,0,0,0,0,0,0,0,0,0,0,0,0
C3010,06,14,0000,District - Rohtak  14,Rural,5,15306,8568,6738,1707,1012,695,1707,1012,695,0,0,0,0,0,0,0,0,0,0,0,0
C3010,06,14,0000,District - Rohtak  14,Rural,6,14789,7872,6917,5363,2968,2395,5363,2968,2395,0,0,0,0,0,0,0,0,0,0,0,0
C3010,06,14,0000,District - Rohtak  14,Rural,7,12941,7128,5813,10389,5846,4543,10389,5846,4543,0,0,0,0,0,0,0,0,0,0,0,0
C3010,06,14,0000,District - Rohtak  14,Rural,8,16603,8975,7628,14613,8024,6589,14613,8024,6589,0,0,0,0,0,0,0,0,0,0,0,0
C3010,06,14,0000,District - Rohtak  14,Rural,9,13298,7154,6144,12332,6697,5635,12332,6697,5635,0,0,0,0,0,0,0,0,0,0,0,0
C3010,06,14,0000,District - Rohtak  14,Rural,10,17809,9579,8230,16300,8867,7433,16300,8867,7433,0,0,0,0,0,0,0,0,0,0,0,0
C3010,06,14,0000,District - Rohtak  14,Rural,11,12728,6939,5789,11877,6515,5362,11877,6515,5362,0,0,0,0,0,0,0,0,0,0,0,0
C3010,06,14,0000,District - Rohtak  14,Rural,12,18276,9723,8553,16345,8894,7451,16345,8894,7451,0,0,0,0,0,0,0,0,0,0,0,0
C3010,06,14,0000,District - Rohtak  14,Rural,13,13054,6584,6470,11496,5967,5529,11496,5967,5529,0,0,0,0,0,0,0,0,0,0,0,0
C3010,06,14,0000,District - Rohtak  14,Rural,14,15721,8293,7428,13048,7158,5890,13048,7158,5890,0,0,0,0,0,0,0,0,0,0,0,0
C3010,06,14,0000,District - Rohtak  14,Rural,15-19,63043,37439,25604,36162,22900,13262,32058,20122,11936,3449,2276,1173,549,428,121,102,71,31,4,3,1
C3010,06,14,0000,District - Rohtak  14,Rural,20-24,55357,32155,23202,7209,5365,1844,2303,1801,502,4506,3296,1210,313,211,102,83,55,28,4,2,2
C3010,06,14,0000,District - Rohtak  14,Rural,25-29,48613,26272,22341,659,473,186,0,0,0,456,318,138,120,93,27,76,59,17,7,3,4
C3010,06,14,0000,District - Rohtak  14,Rural,30-34,41777,21208,20569,127,79,48,0,0,0,78,46,32,26,18,8,16,11,5,7,4,3
C3010,06,14,0000,District - Rohtak  14,Rural,35-59,127712,67975,59737,135,87,48,0,0,0,47,35,12,54,33,21,12,9,3,22,10,12
C3010,06,14,0000,District - Rohtak  14,Rural,60+,55309,28179,27130,66,44,22,0,0,0,22,17,5,26,19,7,7,3,4,11,5,6
C3010,06,14,0000,District - Rohtak  14,Rural,Age not stated,4517,2552,1965,24,16,8,0,0,0,18,12,6,4,3,1,1,1,0,1,0,1
C3010,06,14,0000,District - Rohtak  14,Urban,All ages,329604,176994,152610,96415,52920,43495,79859,43837,36022,13606,7235,6371,2408,1532,876,481,286,195,61,30,31
C3010,06,14,0000,District - Rohtak  14,Urban,0-4,28857,16252,12605,1611,921,690,1611,921,690,0,0,0,0,0,0,0,0,0,0,0,0
C3010,06,14,0000,District - Rohtak  14,Urban,5,7057,4020,3037,2308,1330,978,2308,1330,978,0,0,0,0,0,0,0,0,0,0,0,0
C3010,06,14,0000,District - Rohtak  14,Urban,6,6744,3682,3062,3520,1937,1583,3520,1937,1583,0,0,0,0,0,0,0,0,0,0,0,0
C3010,06,14,0000,District - Rohtak  14,Urban,7,6513,3653,2860,5458,3113,2345,5458,3113,2345,0,0,0,0,0,0,0,0,0,0,0,0
C3010,06,14,0000,District - Rohtak  14,Urban,8,7898,4335,3563,6981,3880,3101,6981,3880,3101,0,0,0,0,0,0,0,0,0,0,0,0
C3010,06,14,0000,District - Rohtak  14,Urban,9,6270,3457,2813,5701,3174,2527,5701,3174,2527,0,0,0,0,0,0,0,0,0,0,0,0
C3010,06,14,0000,District - Rohtak  14,Urban,10,8633,4753,3880,7745,4302,3443,7745,4302,3443,0,0,0,0,0,0,0,0,0,0,0,0
C3010,06,14,0000,District - Rohtak  14,Urban,11,6300,3380,2920,5860,3151,2709,5860,3151,2709,0,0,0,0,0,0,0,0,0,0,0,0
C3010,06,14,0000,District - Rohtak  14,Urban,12,8913,4738,4175,7990,4252,3738,7990,4252,3738,0,0,0,0,0,0,0,0,0,0,0,0
C3010,06,14,0000,District - Rohtak  14,Urban,13,6618,3397,3221,5914,3036,2878,5914,3036,2878,0,0,0,0,0,0,0,0,0,0,0,0
C3010,06,14,0000,District - Rohtak  14,Urban,14,7548,4051,3497,6423,3429,2994,6423,3429,2994,0,0,0,0,0,0,0,0,0,0,0,0
C3010,06,14,0000,District - Rohtak  14,Urban,15-19,35982,19946,16036,24815,13353,11462,19074,10448,8626,4708,2247,2461,883,564,319,143,88,55,7,6,1
C3010,06,14,0000,District - Rohtak  14,Urban,20-24,33379,18313,15066,10218,5848,4370,1274,864,410,7914,4389,3525,875,508,367,149,85,64,6,2,4
C3010,06,14,0000,District - Rohtak  14,Urban,25-29,27301,14349,12952,1276,860,416,0,0,0,660,420,240,486,357,129,122,78,44,8,5,3
C3010,06,14,0000,District - Rohtak  14,Urban,30-34,23599,12007,11592,208,110,98,0,0,0,121,64,57,47,27,20,32,15,17,8,4,4
C3010,06,14,0000,District - Rohtak  14,Urban,35-59,81425,43626,37799,261,158,103,0,0,0,129,74,55,84,60,24,27,16,11,21,8,13
C3010,06,14,0000,District - Rohtak  14,Urban,60+,25146,12189,12957,106,57,49,0,0,0,61,35,26,29,13,16,6,4,2,10,5,5
C3010,06,14,0000,District - Rohtak  14,Urban,Age not stated,1421,846,575,20,9,11,0,0,0,13,6,7,4,3,1,2,0,2,1,0,1
C3010,06,15,0000,District - Jhajjar *  15,Total,All ages,880072,476475,403597,230959,130569,100390,214424,119599,94825,14424,9415,5009,1542,1270,272,508,253,255,61,32,29
C3010,06,15,0000,District - Jhajjar *  15,Total,0-4,90743,50508,40235,1122,650,472,1122,650,472,0,0,0,0,0,0,0,0,0,0,0,0
C3010,06,15,0000,District - Jhajjar *  15,Total,5,21031,11745,9286,2468,1433,1035,2468,1433,1035,0,0,0,0,0,0,0,0,0,0,0,0
C3010,06,15,0000,District - Jhajjar *  15,Total,6,19966,10905,9061,6924,3834,3090,6924,3834,3090,0,0,0,0,0,0,0,0,0,0,0,0
C3010,06,15,0000,District - Jhajjar *  15,Total,7,17922,9811,8111,14146,7870,6276,14146,7870,6276,0,0,0,0,0,0,0,0,0,0,0,0
C3010,06,15,0000,District - Jhajjar *  15,Total,8,22924,12385,10539,19902,10876,9026,19902,10876,9026,0,0,0,0,0,0,0,0,0,0,0,0
C3010,06,15,0000,District - Jhajjar *  15,Total,9,19621,10495,9126,17977,9707,8270,17977,9707,8270,0,0,0,0,0,0,0,0,0,0,0,0
C3010,06,15,0000,District - Jhajjar *  15,Total,10,24082,12791,11291,21626,11569,10057,21626,11569,10057,0,0,0,0,0,0,0,0,0,0,0,0
C3010,06,15,0000,District - Jhajjar *  15,Total,11,19339,10252,9087,17862,9527,8335,17862,9527,8335,0,0,0,0,0,0,0,0,0,0,0,0
C3010,06,15,0000,District - Jhajjar *  15,Total,12,24716,13145,11571,22010,11813,10197,22010,11813,10197,0,0,0,0,0,0,0,0,0,0,0,0
C3010,06,15,0000,District - Jhajjar *  15,Total,13,18864,9670,9194,16817,8752,8065,16817,8752,8065,0,0,0,0,0,0,0,0,0,0,0,0
C3010,06,15,0000,District - Jhajjar *  15,Total,14,22196,11718,10478,18809,10152,8657,18809,10152,8657,0,0,0,0,0,0,0,0,0,0,0,0
C3010,06,15,0000,District - Jhajjar *  15,Total,15-19,95849,55653,40196,58484,35263,23221,51536,30998,20538,5898,3499,2399,803,683,120,240,79,161,7,4,3
C3010,06,15,0000,District - Jhajjar *  15,Total,20-24,83892,47994,35898,11542,8215,3327,3225,2418,807,7723,5341,2382,452,376,76,136,79,57,6,1,5
C3010,06,15,0000,District - Jhajjar *  15,Total,25-29,73169,39343,33826,812,605,207,0,0,0,575,407,168,153,130,23,80,66,14,4,2,2
C3010,06,15,0000,District - Jhajjar *  15,Total,30-34,61849,31745,30104,133,94,39,0,0,0,76,55,21,33,23,10,21,15,6,3,1,2
C3010,06,15,0000,District - Jhajjar *  15,Total,35-59,186544,99506,87038,203,135,68,0,0,0,95,74,21,62,35,27,21,11,10,25,15,10
C3010,06,15,0000,District - Jhajjar *  15,Total,60+,73692,36701,36991,102,64,38,0,0,0,45,32,13,36,20,16,5,3,2,16,9,7
C3010,06,15,0000,District - Jhajjar *  15,Total,Age not stated,3673,2108,1565,20,10,10,0,0,0,12,7,5,3,3,0,5,0,5,0,0,0
C3010,06,15,0000,District - Jhajjar *  15,Rural,All ages,684975,369458,315517,176825,100357,76468,166222,92900,73322,9248,6503,2745,939,764,175,376,167,209,40,23,17
C3010,06,15,0000,District - Jhajjar *  15,Rural,0-4,71418,39803,31615,591,340,251,591,340,251,0,0,0,0,0,0,0,0,0,0,0,0
C3010,06,15,0000,District - Jhajjar *  15,Rural,5,16441,9208,7233,1556,928,628,1556,928,628,0,0,0,0,0,0,0,0,0,0,0,0
C3010,06,15,0000,District - Jhajjar *  15,Rural,6,15626,8486,7140,5259,2882,2377,5259,2882,2377,0,0,0,0,0,0,0,0,0,0,0,0
C3010,06,15,0000,District - Jhajjar *  15,Rural,7,13885,7552,6333,10788,5970,4818,10788,5970,4818,0,0,0,0,0,0,0,0,0,0,0,0
C3010,06,15,0000,District - Jhajjar *  15,Rural,8,17733,9581,8152,15358,8395,6963,15358,8395,6963,0,0,0,0,0,0,0,0,0,0,0,0
C3010,06,15,0000,District - Jhajjar *  15,Rural,9,15541,8260,7281,14218,7632,6586,14218,7632,6586,0,0,0,0,0,0,0,0,0,0,0,0
C3010,06,15,0000,District - Jhajjar *  15,Rural,10,18649,9842,8807,16669,8857,7812,16669,8857,7812,0,0,0,0,0,0,0,0,0,0,0,0
C3010,06,15,0000,District - Jhajjar *  15,Rural,11,15351,8059,7292,14164,7495,6669,14164,7495,6669,0,0,0,0,0,0,0,0,0,0,0,0
C3010,06,15,0000,District - Jhajjar *  15,Rural,12,19378,10282,9096,17179,9225,7954,17179,9225,7954,0,0,0,0,0,0,0,0,0,0,0,0
C3010,06,15,0000,District - Jhajjar *  15,Rural,13,14773,7498,7275,13098,6771,6327,13098,6771,6327,0,0,0,0,0,0,0,0,0,0,0,0
C3010,06,15,0000,District - Jhajjar *  15,Rural,14,17709,9312,8397,14902,8065,6837,14902,8065,6837,0,0,0,0,0,0,0,0,0,0,0,0
C3010,06,15,0000,District - Jhajjar *  15,Rural,15-19,74707,43447,31260,44484,27352,17132,39939,24441,15498,3879,2470,1409,472,392,80,193,48,145,1,1,0
C3010,06,15,0000,District - Jhajjar *  15,Rural,20-24,64425,36938,27487,7708,5822,1886,2501,1899,602,4832,3634,1198,281,237,44,89,51,38,5,1,4
C3010,06,15,0000,District - Jhajjar *  15,Rural,25-29,55751,30005,25746,543,412,131,0,0,0,383,279,104,98,84,14,60,49,11,2,0,2
C3010,06,15,0000,District - Jhajjar *  15,Rural,30-34,46703,23746,22957,91,66,25,0,0,0,55,43,12,21,15,6,12,7,5,3,1,2
C3010,06,15,0000,District - Jhajjar *  15,Rural,35-59,142198,74884,67314,136,99,37,0,0,0,61,51,10,43,25,18,14,10,4,18,13,5
C3010,06,15,0000,District - Jhajjar *  15,Rural,60+,61805,30897,30908,64,39,25,0,0,0,27,20,7,23,10,13,3,2,1,11,7,4
C3010,06,15,0000,District - Jhajjar *  15,Rural,Age not stated,2882,1658,1224,17,7,10,0,0,0,11,6,5,1,1,0,5,0,5,0,0,0
C3010,06,15,0000,District - Jhajjar *  15,Urban,All ages,195097,107017,88080,54134,30212,23922,48202,26699,21503,5176,2912,2264,603,506,97,132,86,46,21,9,12
C3010,06,15,0000,District - Jhajjar *  15,Urban,0-4,19325,10705,8620,531,310,221,531,310,221,0,0,0,0,0,0,0,0,0,0,0,0
C3010,06,15,0000,District - Jhajjar *  15,Urban,5,4590,2537,2053,912,505,407,912,505,407,0,0,0,0,0,0,0,0,0,0,0,0
C3010,06,15,0000,District - Jhajjar *  15,Urban,6,4340,2419,1921,1665,952,713,1665,952,713,0,0,0,0,0,0,0,0,0,0,0,0
C3010,06,15,0000,District - Jhajjar *  15,Urban,7,4037,2259,1778,3358,1900,1458,3358,1900,1458,0,0,0,0,0,0,0,0,0,0,0,0
C3010,06,15,0000,District - Jhajjar *  15,Urban,8,5191,2804,2387,4544,2481,2063,4544,2481,2063,0,0,0,0,0,0,0,0,0,0,0,0
C3010,06,15,0000,District - Jhajjar *  15,Urban,9,4080,2235,1845,3759,2075,1684,3759,2075,1684,0,0,0,0,0,0,0,0,0,0,0,0
C3010,06,15,0000,District - Jhajjar *  15,Urban,10,5433,2949,2484,4957,2712,2245,4957,2712,2245,0,0,0,0,0,0,0,0,0,0,0,0
C3010,06,15,0000,District - Jhajjar *  15,Urban,11,3988,2193,1795,3698,2032,1666,3698,2032,1666,0,0,0,0,0,0,0,0,0,0,0,0
C3010,06,15,0000,District - Jhajjar *  15,Urban,12,5338,2863,2475,4831,2588,2243,4831,2588,2243,0,0,0,0,0,0,0,0,0,0,0,0
C3010,06,15,0000,District - Jhajjar *  15,Urban,13,4091,2172,1919,3719,1981,1738,3719,1981,1738,0,0,0,0,0,0,0,0,0,0,0,0
C3010,06,15,0000,District - Jhajjar *  15,Urban,14,4487,2406,2081,3907,2087,1820,3907,2087,1820,0,0,0,0,0,0,0,0,0,0,0,0
C3010,06,15,0000,District - Jhajjar *  15,Urban,15-19,21142,12206,8936,14000,7911,6089,11597,6557,5040,2019,1029,990,331,291,40,47,31,16,6,3,3
C3010,06,15,0000,District - Jhajjar *  15,Urban,20-24,19467,11056,8411,3834,2393,1441,724,519,205,2891,1707,1184,171,139,32,47,28,19,1,0,1
C3010,06,15,0000,District - Jhajjar *  15,Urban,25-29,17418,9338,8080,269,193,76,0,0,0,192,128,64,55,46,9,20,17,3,2,2,0
C3010,06,15,0000,District - Jhajjar *  15,Urban,30-34,15146,7999,7147,42,28,14,0,0,0,21,12,9,12,8,4,9,8,1,0,0,0
C3010,06,15,0000,District - Jhajjar *  15,Urban,35-59,44346,24622,19724,67,36,31,0,0,0,34,23,11,19,10,9,7,1,6,7,2,5
C3010,06,15,0000,District - Jhajjar *  15,Urban,60+,11887,5804,6083,38,25,13,0,0,0,18,12,6,13,10,3,2,1,1,5,2,3
C3010,06,15,0000,District - Jhajjar *  15,Urban,Age not stated,791,450,341,3,3,0,0,0,0,1,1,0,2,2,0,0,0,0,0,0,0
C3010,06,16,0000,District - Mahendragarh  16,Total,All ages,812521,423578,388943,230797,133594,97203,216420,123210,93210,12445,8914,3531,1002,837,165,840,611,229,90,22,68
C3010,06,16,0000,District - Mahendragarh  16,Total,0-4,87680,48509,39171,1348,751,597,1348,751,597,0,0,0,0,0,0,0,0,0,0,0,0
C3010,06,16,0000,District - Mahendragarh  16,Total,5,20786,11533,9253,3325,1954,1371,3325,1954,1371,0,0,0,0,0,0,0,0,0,0,0,0
C3010,06,16,0000,District - Mahendragarh  16,Total,6,19685,10456,9229,8473,4684,3789,8473,4684,3789,0,0,0,0,0,0,0,0,0,0,0,0
C3010,06,16,0000,District - Mahendragarh  16,Total,7,17967,9627,8340,15053,8224,6829,15053,8224,6829,0,0,0,0,0,0,0,0,0,0,0,0
C3010,06,16,0000,District - Mahendragarh  16,Total,8,22460,11871,10589,20538,11027,9511,20538,11027,9511,0,0,0,0,0,0,0,0,0,0,0,0
C3010,06,16,0000,District - Mahendragarh  16,Total,9,19776,10364,9412,18728,9938,8790,18728,9938,8790,0,0,0,0,0,0,0,0,0,0,0,0
C3010,06,16,0000,District - Mahendragarh  16,Total,10,23901,12770,11131,22491,12202,10289,22491,12202,10289,0,0,0,0,0,0,0,0,0,0,0,0
C3010,06,16,0000,District - Mahendragarh  16,Total,11,20184,10706,9478,19108,10313,8795,19108,10313,8795,0,0,0,0,0,0,0,0,0,0,0,0
C3010,06,16,0000,District - Mahendragarh  16,Total,12,21241,11063,10178,19665,10519,9146,19665,10519,9146,0,0,0,0,0,0,0,0,0,0,0,0
C3010,06,16,0000,District - Mahendragarh  16,Total,13,20266,10331,9935,18070,9676,8394,18070,9676,8394,0,0,0,0,0,0,0,0,0,0,0,0
C3010,06,16,0000,District - Mahendragarh  16,Total,14,20203,10727,9476,17273,9809,7464,17273,9809,7464,0,0,0,0,0,0,0,0,0,0,0,0
C3010,06,16,0000,District - Mahendragarh  16,Total,15-19,89670,49453,40217,54510,35090,19420,48856,31347,17509,4882,3134,1748,518,434,84,252,175,77,2,0,2
C3010,06,16,0000,District - Mahendragarh  16,Total,20-24,71966,37457,34509,10855,8372,2483,3492,2766,726,6785,5148,1637,307,267,40,261,184,77,10,7,3
C3010,06,16,0000,District - Mahendragarh  16,Total,25-29,61887,31015,30872,969,782,187,0,0,0,629,513,116,107,92,15,217,172,45,16,5,11
C3010,06,16,0000,District - Mahendragarh  16,Total,30-34,53235,25738,27497,179,130,49,0,0,0,84,73,11,20,14,6,55,41,14,20,2,18
C3010,06,16,0000,District - Mahendragarh  16,Total,35-59,166286,84989,81297,150,87,63,0,0,0,36,30,6,35,21,14,46,33,13,33,3,30
C3010,06,16,0000,District - Mahendragarh  16,Total,60+,71211,34631,36580,41,24,17,0,0,0,14,8,6,13,8,5,5,3,2,9,5,4
C3010,06,16,0000,District - Mahendragarh  16,Total,Age not stated,4117,2338,1779,21,12,9,0,0,0,15,8,7,2,1,1,4,3,1,0,0,0
C3010,06,16,0000,District - Mahendragarh  16,Rural,All ages,702885,365343,337542,198997,115928,83069,187895,107551,80344,9560,7201,2359,745,629,116,717,528,189,80,19,61
C3010,06,16,0000,District - Mahendragarh  16,Rural,0-4,76786,42434,34352,988,558,430,988,558,430,0,0,0,0,0,0,0,0,0,0,0,0
C3010,06,16,0000,District - Mahendragarh  16,Rural,5,18168,10068,8100,2616,1542,1074,2616,1542,1074,0,0,0,0,0,0,0,0,0,0,0,0
C3010,06,16,0000,District - Mahendragarh  16,Rural,6,17197,9081,8116,7341,4055,3286,7341,4055,3286,0,0,0,0,0,0,0,0,0,0,0,0
C3010,06,16,0000,District - Mahendragarh  16,Rural,7,15590,8327,7263,13011,7091,5920,13011,7091,5920,0,0,0,0,0,0,0,0,0,0,0,0
C3010,06,16,0000,District - Mahendragarh  16,Rural,8,19556,10269,9287,17879,9555,8324,17879,9555,8324,0,0,0,0,0,0,0,0,0,0,0,0
C3010,06,16,0000,District - Mahendragarh  16,Rural,9,17430,9146,8284,16513,8782,7731,16513,8782,7731,0,0,0,0,0,0,0,0,0,0,0,0
C3010,06,16,0000,District - Mahendragarh  16,Rural,10,20792,11114,9678,19603,10654,8949,19603,10654,8949,0,0,0,0,0,0,0,0,0,0,0,0
C3010,06,16,0000,District - Mahendragarh  16,Rural,11,17756,9408,8348,16831,9086,7745,16831,9086,7745,0,0,0,0,0,0,0,0,0,0,0,0
C3010,06,16,0000,District - Mahendragarh  16,Rural,12,18529,9649,8880,17160,9204,7956,17160,9204,7956,0,0,0,0,0,0,0,0,0,0,0,0
C3010,06,16,0000,District - Mahendragarh  16,Rural,13,17652,8986,8666,15737,8453,7284,15737,8453,7284,0,0,0,0,0,0,0,0,0,0,0,0
C3010,06,16,0000,District - Mahendragarh  16,Rural,14,17662,9418,8244,15095,8662,6433,15095,8662,6433,0,0,0,0,0,0,0,0,0,0,0,0
C3010,06,16,0000,District - Mahendragarh  16,Rural,15-19,77120,42514,34606,46339,30445,15894,42074,27463,14611,3670,2510,1160,377,319,58,216,153,63,2,0,2
C3010,06,16,0000,District - Mahendragarh  16,Rural,20-24,61483,31773,29710,8759,6973,1786,3047,2446,601,5246,4160,1086,228,202,26,229,159,70,9,6,3
C3010,06,16,0000,District - Mahendragarh  16,Rural,25-29,52953,26369,26584,801,655,146,0,0,0,524,432,92,84,72,12,182,147,35,11,4,7
C3010,06,16,0000,District - Mahendragarh  16,Rural,30-34,45471,21811,23660,156,115,41,0,0,0,76,66,10,15,10,5,45,37,8,20,2,18
C3010,06,16,0000,District - Mahendragarh  16,Rural,35-59,141573,71830,69743,120,68,52,0,0,0,26,21,5,27,18,9,37,27,10,30,2,28
C3010,06,16,0000,District - Mahendragarh  16,Rural,60+,63447,31051,32396,32,21,11,0,0,0,7,6,1,12,7,5,5,3,2,8,5,3
C3010,06,16,0000,District - Mahendragarh  16,Rural,Age not stated,3720,2095,1625,16,9,7,0,0,0,11,6,5,2,1,1,3,2,1,0,0,0
C3010,06,16,0000,District - Mahendragarh  16,Urban,All ages,109636,58235,51401,31800,17666,14134,28525,15659,12866,2885,1713,1172,257,208,49,123,83,40,10,3,7
C3010,06,16,0000,District - Mahendragarh  16,Urban,0-4,10894,6075,4819,360,193,167,360,193,167,0,0,0,0,0,0,0,0,0,0,0,0
C3010,06,16,0000,District - Mahendragarh  16,Urban,5,2618,1465,1153,709,412,297,709,412,297,0,0,0,0,0,0,0,0,0,0,0,0
C3010,06,16,0000,District - Mahendragarh  16,Urban,6,2488,1375,1113,1132,629,503,1132,629,503,0,0,0,0,0,0,0,0,0,0,0,0
C3010,06,16,0000,District - Mahendragarh  16,Urban,7,2377,1300,1077,2042,1133,909,2042,1133,909,0,0,0,0,0,0,0,0,0,0,0,0
C3010,06,16,0000,District - Mahendragarh  16,Urban,8,2904,1602,1302,2659,1472,1187,2659,1472,1187,0,0,0,0,0,0,0,0,0,0,0,0
C3010,06,16,0000,District - Mahendragarh  16,Urban,9,2346,1218,1128,2215,1156,1059,2215,1156,1059,0,0,0,0,0,0,0,0,0,0,0,0
C3010,06,16,0000,District - Mahendragarh  16,Urban,10,3109,1656,1453,2888,1548,1340,2888,1548,1340,0,0,0,0,0,0,0,0,0,0,0,0
C3010,06,16,0000,District - Mahendragarh  16,Urban,11,2428,1298,1130,2277,1227,1050,2277,1227,1050,0,0,0,0,0,0,0,0,0,0,0,0
C3010,06,16,0000,District - Mahendragarh  16,Urban,12,2712,1414,1298,2505,1315,1190,2505,1315,1190,0,0,0,0,0,0,0,0,0,0,0,0
C3010,06,16,0000,District - Mahendragarh  16,Urban,13,2614,1345,1269,2333,1223,1110,2333,1223,1110,0,0,0,0,0,0,0,0,0,0,0,0
C3010,06,16,0000,District - Mahendragarh  16,Urban,14,2541,1309,1232,2178,1147,1031,2178,1147,1031,0,0,0,0,0,0,0,0,0,0,0,0
C3010,06,16,0000,District - Mahendragarh  16,Urban,15-19,12550,6939,5611,8171,4645,3526,6782,3884,2898,1212,624,588,141,115,26,36,22,14,0,0,0
C3010,06,16,0000,District - Mahendragarh  16,Urban,20-24,10483,5684,4799,2096,1399,697,445,320,125,1539,988,551,79,65,14,32,25,7,1,1,0
C3010,06,16,0000,District - Mahendragarh  16,Urban,25-29,8934,4646,4288,168,127,41,0,0,0,105,81,24,23,20,3,35,25,10,5,1,4
C3010,06,16,0000,District - Mahendragarh  16,Urban,30-34,7764,3927,3837,23,15,8,0,0,0,8,7,1,5,4,1,10,4,6,0,0,0
C3010,06,16,0000,District - Mahendragarh  16,Urban,35-59,24713,13159,11554,30,19,11,0,0,0,10,9,1,8,3,5,9,6,3,3,1,2
C3010,06,16,0000,District - Mahendragarh  16,Urban,60+,7764,3580,4184,9,3,6,0,0,0,7,2,5,1,1,0,0,0,0,1,0,1
C3010,06,16,0000,District - Mahendragarh  16,Urban,Age not stated,397,243,154,5,3,2,0,0,0,4,2,2,0,0,0,1,1,0,0,0,0
C3010,06,17,0000,District - Rewari  17,Total,All ages,765351,403034,362317,216032,122525,93507,200067,111757,88310,13888,9170,4718,1409,1161,248,605,411,194,63,26,37
C3010,06,17,0000,District - Rewari  17,Total,0-4,80482,44629,35853,1153,631,522,1153,631,522,0,0,0,0,0,0,0,0,0,0,0,0
C3010,06,17,0000,District - Rewari  17,Total,5,18959,10539,8420,2410,1406,1004,2410,1406,1004,0,0,0,0,0,0,0,0,0,0,0,0
C3010,06,17,0000,District - Rewari  17,Total,6,17123,9184,7939,7339,4011,3328,7339,4011,3328,0,0,0,0,0,0,0,0,0,0,0,0
C3010,06,17,0000,District - Rewari  17,Total,7,16001,8654,7347,13934,7619,6315,13934,7619,6315,0,0,0,0,0,0,0,0,0,0,0,0
C3010,06,17,0000,District - Rewari  17,Total,8,19701,10655,9046,18148,9851,8297,18148,9851,8297,0,0,0,0,0,0,0,0,0,0,0,0
C3010,06,17,0000,District - Rewari  17,Total,9,16897,8984,7913,16090,8607,7483,16090,8607,7483,0,0,0,0,0,0,0,0,0,0,0,0
C3010,06,17,0000,District - Rewari  17,Total,10,21356,11505,9851,20155,10943,9212,20155,10943,9212,0,0,0,0,0,0,0,0,0,0,0,0
C3010,06,17,0000,District - Rewari  17,Total,11,17509,9243,8266,16790,8922,7868,16790,8922,7868,0,0,0,0,0,0,0,0,0,0,0,0
C3010,06,17,0000,District - Rewari  17,Total,12,19775,10434,9341,18495,9888,8607,18495,9888,8607,0,0,0,0,0,0,0,0,0,0,0,0
C3010,06,17,0000,District - Rewari  17,Total,13,17929,9096,8833,16559,8638,7921,16559,8638,7921,0,0,0,0,0,0,0,0,0,0,0,0
C3010,06,17,0000,District - Rewari  17,Total,14,18580,9735,8845,16571,9026,7545,16571,9026,7545,0,0,0,0,0,0,0,0,0,0,0,0
C3010,06,17,0000,District - Rewari  17,Total,15-19,84205,46278,37927,55602,33745,21857,49067,29667,19400,5659,3406,2253,666,545,121,201,122,79,9,5,4
C3010,06,17,0000,District - Rewari  17,Total,20-24,71680,38349,33331,11607,8370,3237,3356,2548,808,7557,5253,2304,475,423,52,213,141,72,6,5,1
C3010,06,17,0000,District - Rewari  17,Total,25-29,63180,32681,30499,799,632,167,0,0,0,504,391,113,150,131,19,139,107,32,6,3,3
C3010,06,17,0000,District - Rewari  17,Total,30-34,52790,26386,26404,140,92,48,0,0,0,75,51,24,26,13,13,34,26,8,5,2,3
C3010,06,17,0000,District - Rewari  17,Total,35-59,163315,84271,79044,161,95,66,0,0,0,56,43,13,65,36,29,11,9,2,29,7,22
C3010,06,17,0000,District - Rewari  17,Total,60+,64600,31698,32902,73,46,27,0,0,0,33,23,10,25,13,12,7,6,1,8,4,4
C3010,06,17,0000,District - Rewari  17,Total,Age not stated,1269,713,556,6,3,3,0,0,0,4,3,1,2,0,2,0,0,0,0,0,0
C3010,06,17,0000,District - Rewari  17,Rural,All ages,629177,329461,299716,177228,100972,76256,165487,92622,72865,10179,7117,3062,1075,900,175,440,313,127,47,20,27
C3010,06,17,0000,District - Rewari  17,Rural,0-4,67873,37701,30172,717,387,330,717,387,330,0,0,0,0,0,0,0,0,0,0,0,0
C3010,06,17,0000,District - Rewari  17,Rural,5,15794,8747,7047,1686,966,720,1686,966,720,0,0,0,0,0,0,0,0,0,0,0,0
C3010,06,17,0000,District - Rewari  17,Rural,6,14279,7654,6625,5960,3273,2687,5960,3273,2687,0,0,0,0,0,0,0,0,0,0,0,0
C3010,06,17,0000,District - Rewari  17,Rural,7,13116,7089,6027,11467,6278,5189,11467,6278,5189,0,0,0,0,0,0,0,0,0,0,0,0
C3010,06,17,0000,District - Rewari  17,Rural,8,16070,8641,7429,14876,8027,6849,14876,8027,6849,0,0,0,0,0,0,0,0,0,0,0,0
C3010,06,17,0000,District - Rewari  17,Rural,9,14256,7543,6713,13617,7256,6361,13617,7256,6361,0,0,0,0,0,0,0,0,0,0,0,0
C3010,06,17,0000,District - Rewari  17,Rural,10,17462,9341,8121,16593,8949,7644,16593,8949,7644,0,0,0,0,0,0,0,0,0,0,0,0
C3010,06,17,0000,District - Rewari  17,Rural,11,14757,7701,7056,14195,7468,6727,14195,7468,6727,0,0,0,0,0,0,0,0,0,0,0,0
C3010,06,17,0000,District - Rewari  17,Rural,12,16191,8512,7679,15224,8153,7071,15224,8153,7071,0,0,0,0,0,0,0,0,0,0,0,0
C3010,06,17,0000,District - Rewari  17,Rural,13,15050,7626,7424,13958,7292,6666,13958,7292,6666,0,0,0,0,0,0,0,0,0,0,0,0
C3010,06,17,0000,District - Rewari  17,Rural,14,15597,8077,7520,13967,7579,6388,13967,7579,6388,0,0,0,0,0,0,0,0,0,0,0,0
C3010,06,17,0000,District - Rewari  17,Rural,15-19,69307,38013,31294,45365,28101,17264,40507,24889,15618,4177,2674,1503,538,450,88,138,85,53,5,3,2
C3010,06,17,0000,District - Rewari  17,Rural,20-24,58326,30991,27335,8744,6609,2135,2720,2105,615,5515,4067,1448,356,326,30,148,107,41,5,4,1
C3010,06,17,0000,District - Rewari  17,Rural,25-29,51100,26254,24846,582,463,119,0,0,0,379,297,82,89,78,11,110,86,24,4,2,2
C3010,06,17,0000,District - Rewari  17,Rural,30-34,42316,20919,21397,95,64,31,0,0,0,48,32,16,16,9,7,28,22,6,3,1,2
C3010,06,17,0000,District - Rewari  17,Rural,35-59,130983,66627,64356,119,68,51,0,0,0,35,28,7,51,26,25,10,8,2,23,6,17
C3010,06,17,0000,District - Rewari  17,Rural,60+,55669,27429,28240,60,39,21,0,0,0,24,19,5,23,11,12,6,5,1,7,4,3
C3010,06,17,0000,District - Rewari  17,Rural,Age not stated,1031,596,435,3,0,3,0,0,0,1,0,1,2,0,2,0,0,0,0,0,0
C3010,06,17,0000,District - Rewari  17,Urban,All ages,136174,73573,62601,38804,21553,17251,34580,19135,15445,3709,2053,1656,334,261,73,165,98,67,16,6,10
C3010,06,17,0000,District - Rewari  17,Urban,0-4,12609,6928,5681,436,244,192,436,244,192,0,0,0,0,0,0,0,0,0,0,0,0
C3010,06,17,0000,District - Rewari  17,Urban,5,3165,1792,1373,724,440,284,724,440,284,0,0,0,0,0,0,0,0,0,0,0,0
C3010,06,17,0000,District - Rewari  17,Urban,6,2844,1530,1314,1379,738,641,1379,738,641,0,0,0,0,0,0,0,0,0,0,0,0
C3010,06,17,0000,District - Rewari  17,Urban,7,2885,1565,1320,2467,1341,1126,2467,1341,1126,0,0,0,0,0,0,0,0,0,0,0,0
C3010,06,17,0000,District - Rewari  17,Urban,8,3631,2014,1617,3272,1824,1448,3272,1824,1448,0,0,0,0,0,0,0,0,0,0,0,0
C3010,06,17,0000,District - Rewari  17,Urban,9,2641,1441,1200,2473,1351,1122,2473,1351,1122,0,0,0,0,0,0,0,0,0,0,0,0
C3010,06,17,0000,District - Rewari  17,Urban,10,3894,2164,1730,3562,1994,1568,3562,1994,1568,0,0,0,0,0,0,0,0,0,0,0,0
C3010,06,17,0000,District - Rewari  17,Urban,11,2752,1542,1210,2595,1454,1141,2595,1454,1141,0,0,0,0,0,0,0,0,0,0,0,0
C3010,06,17,0000,District - Rewari  17,Urban,12,3584,1922,1662,3271,1735,1536,3271,1735,1536,0,0,0,0,0,0,0,0,0,0,0,0
C3010,06,17,0000,District - Rewari  17,Urban,13,2879,1470,1409,2601,1346,1255,2601,1346,1255,0,0,0,0,0,0,0,0,0,0,0,0
C3010,06,17,0000,District - Rewari  17,Urban,14,2983,1658,1325,2604,1447,1157,2604,1447,1157,0,0,0,0,0,0,0,0,0,0,0,0
C3010,06,17,0000,District - Rewari  17,Urban,15-19,14898,8265,6633,10237,5644,4593,8560,4778,3782,1482,732,750,128,95,33,63,37,26,4,2,2
C3010,06,17,0000,District - Rewari  17,Urban,20-24,13354,7358,5996,2863,1761,1102,636,443,193,2042,1186,856,119,97,22,65,34,31,1,1,0
C3010,06,17,0000,District - Rewari  17,Urban,25-29,12080,6427,5653,217,169,48,0,0,0,125,94,31,61,53,8,29,21,8,2,1,1
C3010,06,17,0000,District - Rewari  17,Urban,30-34,10474,5467,5007,45,28,17,0,0,0,27,19,8,10,4,6,6,4,2,2,1,1
C3010,06,17,0000,District - Rewari  17,Urban,35-59,32332,17644,14688,42,27,15,0,0,0,21,15,6,14,10,4,1,1,0,6,1,5
C3010,06,17,0000,District - Rewari  17,Urban,60+,8931,4269,4662,13,7,6,0,0,0,9,4,5,2,2,0,1,1,0,1,0,1
C3010,06,17,0000,District - Rewari  17,Urban,Age not stated,238,117,121,3,3,0,0,0,0,3,3,0,0,0,0,0,0,0,0,0,0
C3010,06,18,0000,District - Gurgaon  18,Total,All ages,1660289,886451,773838,373153,227798,145355,349562,212678,136884,18046,11140,6906,2713,1974,739,2687,1928,759,145,78,67
C3010,06,18,0000,District - Gurgaon  18,Total,0-4,231670,124165,107505,4133,2304,1829,4133,2304,1829,0,0,0,0,0,0,0,0,0,0,0,0
C3010,06,18,0000,District - Gurgaon  18,Total,5,51566,28156,23410,6892,4036,2856,6892,4036,2856,0,0,0,0,0,0,0,0,0,0,0,0
C3010,06,18,0000,District - Gurgaon  18,Total,6,50181,27175,23006,16320,9637,6683,16320,9637,6683,0,0,0,0,0,0,0,0,0,0,0,0
C3010,06,18,0000,District - Gurgaon  18,Total,7,45447,24561,20886,27425,16164,11261,27425,16164,11261,0,0,0,0,0,0,0,0,0,0,0,0
C3010,06,18,0000,District - Gurgaon  18,Total,8,55307,29888,25419,37922,22574,15348,37922,22574,15348,0,0,0,0,0,0,0,0,0,0,0,0
C3010,06,18,0000,District - Gurgaon  18,Total,9,42471,23083,19388,32341,19283,13058,32341,19283,13058,0,0,0,0,0,0,0,0,0,0,0,0
C3010,06,18,0000,District - Gurgaon  18,Total,10,54545,29621,24924,41067,24794,16273,41067,24794,16273,0,0,0,0,0,0,0,0,0,0,0,0
C3010,06,18,0000,District - Gurgaon  18,Total,11,36756,19987,16769,28797,17295,11502,28797,17295,11502,0,0,0,0,0,0,0,0,0,0,0,0
C3010,06,18,0000,District - Gurgaon  18,Total,12,49347,26610,22737,35573,21766,13807,35573,21766,13807,0,0,0,0,0,0,0,0,0,0,0,0
C3010,06,18,0000,District - Gurgaon  18,Total,13,36712,19135,17577,25811,15383,10428,25811,15383,10428,0,0,0,0,0,0,0,0,0,0,0,0
C3010,06,18,0000,District - Gurgaon  18,Total,14,39481,21176,18305,25502,15647,9855,25502,15647,9855,0,0,0,0,0,0,0,0,0,0,0,0
C3010,06,18,0000,District - Gurgaon  18,Total,15-19,155814,86504,69310,72676,46144,26532,63248,40356,22892,6796,3850,2946,1016,773,243,1594,1151,443,22,14,8
C3010,06,18,0000,District - Gurgaon  18,Total,20-24,141448,75503,65945,15957,10947,5010,4531,3439,1092,10075,6500,3575,802,631,171,514,357,157,35,20,15
C3010,06,18,0000,District - Gurgaon  18,Total,25-29,133936,69992,63944,1406,997,409,0,0,0,721,505,216,379,268,111,285,208,77,21,16,5
C3010,06,18,0000,District - Gurgaon  18,Total,30-34,114407,59148,55259,463,317,146,0,0,0,163,108,55,156,100,56,135,103,32,9,6,3
C3010,06,18,0000,District - Gurgaon  18,Total,35-59,308937,165340,143597,640,375,265,0,0,0,217,134,83,272,146,126,112,80,32,39,15,24
C3010,06,18,0000,District - Gurgaon  18,Total,60+,105277,52539,52738,210,125,85,0,0,0,67,37,30,87,55,32,40,27,13,16,6,10
C3010,06,18,0000,District - Gurgaon  18,Total,Age not stated,6987,3868,3119,18,10,8,0,0,0,7,6,1,1,1,0,7,2,5,3,1,2
C3010,06,18,0000,District - Gurgaon  18,Rural,All ages,1291285,688163,603122,272504,172153,100351,260556,163359,97197,8633,6280,2353,1269,1000,269,1953,1465,488,93,49,44
C3010,06,18,0000,District - Gurgaon  18,Rural,0-4,193431,103117,90314,1957,1096,861,1957,1096,861,0,0,0,0,0,0,0,0,0,0,0,0
C3010,06,18,0000,District - Gurgaon  18,Rural,5,42623,23203,19420,4060,2463,1597,4060,2463,1597,0,0,0,0,0,0,0,0,0,0,0,0
C3010,06,18,0000,District - Gurgaon  18,Rural,6,41737,22552,19185,12035,7226,4809,12035,7226,4809,0,0,0,0,0,0,0,0,0,0,0,0
C3010,06,18,0000,District - Gurgaon  18,Rural,7,37469,20181,17288,20924,12527,8397,20924,12527,8397,0,0,0,0,0,0,0,0,0,0,0,0
C3010,06,18,0000,District - Gurgaon  18,Rural,8,45518,24459,21059,29438,17801,11637,29438,17801,11637,0,0,0,0,0,0,0,0,0,0,0,0
C3010,06,18,0000,District - Gurgaon  18,Rural,9,35233,19134,16099,25777,15657,10120,25777,15657,10120,0,0,0,0,0,0,0,0,0,0,0,0
C3010,06,18,0000,District - Gurgaon  18,Rural,10,44504,24088,20416,32038,19757,12281,32038,19757,12281,0,0,0,0,0,0,0,0,0,0,0,0
C3010,06,18,0000,District - Gurgaon  18,Rural,11,29818,16145,13673,22412,13688,8724,22412,13688,8724,0,0,0,0,0,0,0,0,0,0,0,0
C3010,06,18,0000,District - Gurgaon  18,Rural,12,39986,21548,18438,27260,17204,10056,27260,17204,10056,0,0,0,0,0,0,0,0,0,0,0,0
C3010,06,18,0000,District - Gurgaon  18,Rural,13,29298,15285,14013,19269,11950,7319,19269,11950,7319,0,0,0,0,0,0,0,0,0,0,0,0
C3010,06,18,0000,District - Gurgaon  18,Rural,14,31719,16997,14722,18899,12064,6835,18899,12064,6835,0,0,0,0,0,0,0,0,0,0,0,0
C3010,06,18,0000,District - Gurgaon  18,Rural,15-19,119563,66650,52913,48486,33081,15405,43350,29439,13911,3300,2217,1083,526,433,93,1298,986,312,12,6,6
C3010,06,18,0000,District - Gurgaon  18,Rural,20-24,105699,56365,49334,8623,6682,1941,3137,2487,650,4774,3624,1150,396,337,59,297,222,75,19,12,7
C3010,06,18,0000,District - Gurgaon  18,Rural,25-29,98610,51675,46935,707,550,157,0,0,0,382,302,80,146,120,26,163,116,47,16,12,4
C3010,06,18,0000,District - Gurgaon  18,Rural,30-34,84330,43216,41114,228,175,53,0,0,0,73,62,11,59,39,20,90,70,20,6,4,2
C3010,06,18,0000,District - Gurgaon  18,Rural,35-59,224195,119572,104623,275,163,112,0,0,0,74,53,21,102,50,52,71,50,21,28,10,18
C3010,06,18,0000,District - Gurgaon  18,Rural,60+,81480,40660,40820,102,61,41,0,0,0,25,17,8,39,20,19,28,19,9,10,5,5
C3010,06,18,0000,District - Gurgaon  18,Rural,Age not stated,6072,3316,2756,14,8,6,0,0,0,5,5,0,1,1,0,6,2,4,2,0,2
C3010,06,18,0000,District - Gurgaon  18,Urban,All ages,369004,198288,170716,100649,55645,45004,89006,49319,39687,9413,4860,4553,1444,974,470,734,463,271,52,29,23
C3010,06,18,0000,District - Gurgaon  18,Urban,0-4,38239,21048,17191,2176,1208,968,2176,1208,968,0,0,0,0,0,0,0,0,0,0,0,0
C3010,06,18,0000,District - Gurgaon  18,Urban,5,8943,4953,3990,2832,1573,1259,2832,1573,1259,0,0,0,0,0,0,0,0,0,0,0,0
C3010,06,18,0000,District - Gurgaon  18,Urban,6,8444,4623,3821,4285,2411,1874,4285,2411,1874,0,0,0,0,0,0,0,0,0,0,0,0
C3010,06,18,0000,District - Gurgaon  18,Urban,7,7978,4380,3598,6501,3637,2864,6501,3637,2864,0,0,0,0,0,0,0,0,0,0,0,0
C3010,06,18,0000,District - Gurgaon  18,Urban,8,9789,5429,4360,8484,4773,3711,8484,4773,3711,0,0,0,0,0,0,0,0,0,0,0,0
C3010,06,18,0000,District - Gurgaon  18,Urban,9,7238,3949,3289,6564,3626,2938,6564,3626,2938,0,0,0,0,0,0,0,0,0,0,0,0
C3010,06,18,0000,District - Gurgaon  18,Urban,10,10041,5533,4508,9029,5037,3992,9029,5037,3992,0,0,0,0,0,0,0,0,0,0,0,0
C3010,06,18,0000,District - Gurgaon  18,Urban,11,6938,3842,3096,6385,3607,2778,6385,3607,2778,0,0,0,0,0,0,0,0,0,0,0,0
C3010,06,18,0000,District - Gurgaon  18,Urban,12,9361,5062,4299,8313,4562,3751,8313,4562,3751,0,0,0,0,0,0,0,0,0,0,0,0
C3010,06,18,0000,District - Gurgaon  18,Urban,13,7414,3850,3564,6542,3433,3109,6542,3433,3109,0,0,0,0,0,0,0,0,0,0,0,0
C3010,06,18,0000,District - Gurgaon  18,Urban,14,7762,4179,3583,6603,3583,3020,6603,3583,3020,0,0,0,0,0,0,0,0,0,0,0,0
C3010,06,18,0000,District - Gurgaon  18,Urban,15-19,36251,19854,16397,24190,13063,11127,19898,10917,8981,3496,1633,1863,490,340,150,296,165,131,10,8,2
C3010,06,18,0000,District - Gurgaon  18,Urban,20-24,35749,19138,16611,7334,4265,3069,1394,952,442,5301,2876,2425,406,294,112,217,135,82,16,8,8
C3010,06,18,0000,District - Gurgaon  18,Urban,25-29,35326,18317,17009,699,447,252,0,0,0,339,203,136,233,148,85,122,92,30,5,4,1
C3010,06,18,0000,District - Gurgaon  18,Urban,30-34,30077,15932,14145,235,142,93,0,0,0,90,46,44,97,61,36,45,33,12,3,2,1
C3010,06,18,0000,District - Gurgaon  18,Urban,35-59,84742,45768,38974,365,212,153,0,0,0,143,81,62,170,96,74,41,30,11,11,5,6
C3010,06,18,0000,District - Gurgaon  18,Urban,60+,23797,11879,11918,108,64,44,0,0,0,42,20,22,48,35,13,12,8,4,6,1,5
C3010,06,18,0000,District - Gurgaon  18,Urban,Age not stated,915,552,363,4,2,2,0,0,0,2,1,1,0,0,0,1,0,1,1,1,0
C3010,06,19,0000,District - Faridabad  19,Total,All ages,2194586,1193063,1001523,566396,333759,232637,526276,308049,218227,33847,21275,12572,4115,3043,1072,1885,1257,628,273,135,138
C3010,06,19,0000,District - Faridabad  19,Total,0-4,258516,139418,119098,7512,4288,3224,7512,4288,3224,0,0,0,0,0,0,0,0,0,0,0,0
C3010,06,19,0000,District - Faridabad  19,Total,5,62005,34153,27852,10687,6100,4587,10687,6100,4587,0,0,0,0,0,0,0,0,0,0,0,0
C3010,06,19,0000,District - Faridabad  19,Total,6,60816,32579,28237,21988,12307,9681,21988,12307,9681,0,0,0,0,0,0,0,0,0,0,0,0
C3010,06,19,0000,District - Faridabad  19,Total,7,53536,29139,24397,37720,21321,16399,37720,21321,16399,0,0,0,0,0,0,0,0,0,0,0,0
C3010,06,19,0000,District - Faridabad  19,Total,8,69958,37964,31994,54369,30656,23713,54369,30656,23713,0,0,0,0,0,0,0,0,0,0,0,0
C3010,06,19,0000,District - Faridabad  19,Total,9,50576,27309,23267,42784,23958,18826,42784,23958,18826,0,0,0,0,0,0,0,0,0,0,0,0
C3010,06,19,0000,District - Faridabad  19,Total,10,71204,38943,32261,59527,33994,25533,59527,33994,25533,0,0,0,0,0,0,0,0,0,0,0,0
C3010,06,19,0000,District - Faridabad  19,Total,11,45858,25137,20721,39889,22676,17213,39889,22676,17213,0,0,0,0,0,0,0,0,0,0,0,0
C3010,06,19,0000,District - Faridabad  19,Total,12,67301,36700,30601,55388,31930,23458,55388,31930,23458,0,0,0,0,0,0,0,0,0,0,0,0
C3010,06,19,0000,District - Faridabad  19,Total,13,47282,25063,22219,38662,21907,16755,38662,21907,16755,0,0,0,0,0,0,0,0,0,0,0,0
C3010,06,19,0000,District - Faridabad  19,Total,14,52714,28358,24356,40165,23436,16729,40165,23436,16729,0,0,0,0,0,0,0,0,0,0,0,0
C3010,06,19,0000,District - Faridabad  19,Total,15-19,219808,126751,93057,123663,77697,45966,108581,68686,39895,12532,7207,5325,1693,1237,456,827,553,274,30,14,16
C3010,06,19,0000,District - Faridabad  19,Total,20-24,195490,107562,87928,30261,20839,9422,9004,6790,2214,19206,12550,6656,1389,1070,319,586,386,200,76,43,33
C3010,06,19,0000,District - Faridabad  19,Total,25-29,182931,96830,86101,2211,1633,578,0,0,0,1325,976,349,570,439,131,271,192,79,45,26,19
C3010,06,19,0000,District - Faridabad  19,Total,30-34,160001,82873,77128,563,372,191,0,0,0,279,191,88,170,123,47,75,47,28,39,11,28
C3010,06,19,0000,District - Faridabad  19,Total,35-59,454876,250974,203902,715,461,254,0,0,0,334,244,90,222,127,95,96,61,35,63,29,34
C3010,06,19,0000,District - Faridabad  19,Total,60+,126373,64579,61794,181,114,67,0,0,0,92,60,32,56,32,24,17,13,4,16,9,7
C3010,06,19,0000,District - Faridabad  19,Total,Age not stated,15341,8731,6610,111,70,41,0,0,0,79,47,32,15,15,0,13,5,8,4,3,1
C3010,06,19,0000,District - Faridabad  19,Rural,All ages,973242,523570,449672,231847,146264,85583,222789,138723,84066,7677,6460,1217,770,646,124,499,389,110,112,46,66
C3010,06,19,0000,District - Faridabad  19,Rural,0-4,132476,71274,61202,1141,684,457,1141,684,457,0,0,0,0,0,0,0,0,0,0,0,0
C3010,06,19,0000,District - Faridabad  19,Rural,5,30641,16893,13748,2254,1353,901,2254,1353,901,0,0,0,0,0,0,0,0,0,0,0,0
C3010,06,19,0000,District - Faridabad  19,Rural,6,32076,17282,14794,8622,5069,3553,8622,5069,3553,0,0,0,0,0,0,0,0,0,0,0,0
C3010,06,19,0000,District - Faridabad  19,Rural,7,25612,13957,11655,15688,9137,6551,15688,9137,6551,0,0,0,0,0,0,0,0,0,0,0,0
C3010,06,19,0000,District - Faridabad  19,Rural,8,35278,19048,16230,25151,14471,10680,25151,14471,10680,0,0,0,0,0,0,0,0,0,0,0,0
C3010,06,19,0000,District - Faridabad  19,Rural,9,25577,13801,11776,20515,11771,8744,20515,11771,8744,0,0,0,0,0,0,0,0,0,0,0,0
C3010,06,19,0000,District - Faridabad  19,Rural,10,34347,18642,15705,27169,15972,11197,27169,15972,11197,0,0,0,0,0,0,0,0,0,0,0,0
C3010,06,19,0000,District - Faridabad  19,Rural,11,22209,12291,9918,18411,10959,7452,18411,10959,7452,0,0,0,0,0,0,0,0,0,0,0,0
C3010,06,19,0000,District - Faridabad  19,Rural,12,32734,17854,14880,25233,15299,9934,25233,15299,9934,0,0,0,0,0,0,0,0,0,0,0,0
C3010,06,19,0000,District - Faridabad  19,Rural,13,22168,11821,10347,16667,10160,6507,16667,10160,6507,0,0,0,0,0,0,0,0,0,0,0,0
C3010,06,19,0000,District - Faridabad  19,Rural,14,25309,13614,11695,17323,10991,6332,17323,10991,6332,0,0,0,0,0,0,0,0,0,0,0,0
C3010,06,19,0000,District - Faridabad  19,Rural,15-19,94156,54764,39392,44515,32592,11923,40981,29777,11204,2919,2306,613,315,275,40,291,228,63,9,6,3
C3010,06,19,0000,District - Faridabad  19,Rural,20-24,78105,42185,35920,8178,7034,1144,3634,3080,554,4211,3669,542,242,218,24,74,61,13,17,6,11
C3010,06,19,0000,District - Faridabad  19,Rural,25-29,71989,37733,34256,571,489,82,0,0,0,382,338,44,98,84,14,68,54,14,23,13,10
C3010,06,19,0000,District - Faridabad  19,Rural,30-34,62108,31196,30912,150,111,39,0,0,0,77,68,9,31,25,6,19,14,5,23,4,19
C3010,06,19,0000,District - Faridabad  19,Rural,35-59,175503,93640,81863,173,110,63,0,0,0,54,49,5,57,29,28,32,22,10,30,10,20
C3010,06,19,0000,District - Faridabad  19,Rural,60+,66715,34131,32584,55,36,19,0,0,0,12,11,1,24,12,12,11,8,3,8,5,3
C3010,06,19,0000,District - Faridabad  19,Rural,Age not stated,6239,3444,2795,31,26,5,0,0,0,22,19,3,3,3,0,4,2,2,2,2,0
C3010,06,19,0000,District - Faridabad  19,Urban,All ages,1221344,669493,551851,334549,187495,147054,303487,169326,134161,26170,14815,11355,3345,2397,948,1386,868,518,161,89,72
C3010,06,19,0000,District - Faridabad  19,Urban,0-4,126040,68144,57896,6371,3604,2767,6371,3604,2767,0,0,0,0,0,0,0,0,0,0,0,0
C3010,06,19,0000,District - Faridabad  19,Urban,5,31364,17260,14104,8433,4747,3686,8433,4747,3686,0,0,0,0,0,0,0,0,0,0,0,0
C3010,06,19,0000,District - Faridabad  19,Urban,6,28740,15297,13443,13366,7238,6128,13366,7238,6128,0,0,0,0,0,0,0,0,0,0,0,0
C3010,06,19,0000,District - Faridabad  19,Urban,7,27924,15182,12742,22032,12184,9848,22032,12184,9848,0,0,0,0,0,0,0,0,0,0,0,0
C3010,06,19,0000,District - Faridabad  19,Urban,8,34680,18916,15764,29218,16185,13033,29218,16185,13033,0,0,0,0,0,0,0,0,0,0,0,0
C3010,06,19,0000,District - Faridabad  19,Urban,9,24999,13508,11491,22269,12187,10082,22269,12187,10082,0,0,0,0,0,0,0,0,0,0,0,0
C3010,06,19,0000,District - Faridabad  19,Urban,10,36857,20301,16556,32358,18022,14336,32358,18022,14336,0,0,0,0,0,0,0,0,0,0,0,0
C3010,06,19,0000,District - Faridabad  19,Urban,11,23649,12846,10803,21478,11717,9761,21478,11717,9761,0,0,0,0,0,0,0,0,0,0,0,0
C3010,06,19,0000,District - Faridabad  19,Urban,12,34567,18846,15721,30155,16631,13524,30155,16631,13524,0,0,0,0,0,0,0,0,0,0,0,0
C3010,06,19,0000,District - Faridabad  19,Urban,13,25114,13242,11872,21995,11747,10248,21995,11747,10248,0,0,0,0,0,0,0,0,0,0,0,0
C3010,06,19,0000,District - Faridabad  19,Urban,14,27405,14744,12661,22842,12445,10397,22842,12445,10397,0,0,0,0,0,0,0,0,0,0,0,0
C3010,06,19,0000,District - Faridabad  19,Urban,15-19,125652,71987,53665,79148,45105,34043,67600,38909,28691,9613,4901,4712,1378,962,416,536,325,211,21,8,13
C3010,06,19,0000,District - Faridabad  19,Urban,20-24,117385,65377,52008,22083,13805,8278,5370,3710,1660,14995,8881,6114,1147,852,295,512,325,187,59,37,22
C3010,06,19,0000,District - Faridabad  19,Urban,25-29,110942,59097,51845,1640,1144,496,0,0,0,943,638,305,472,355,117,203,138,65,22,13,9
C3010,06,19,0000,District - Faridabad  19,Urban,30-34,97893,51677,46216,413,261,152,0,0,0,202,123,79,139,98,41,56,33,23,16,7,9
C3010,06,19,0000,District - Faridabad  19,Urban,35-59,279373,157334,122039,542,351,191,0,0,0,280,195,85,165,98,67,64,39,25,33,19,14
C3010,06,19,0000,District - Faridabad  19,Urban,60+,59658,30448,29210,126,78,48,0,0,0,80,49,31,32,20,12,6,5,1,8,4,4
C3010,06,19,0000,District - Faridabad  19,Urban,Age not stated,9102,5287,3815,80,44,36,0,0,0,57,28,29,12,12,0,9,3,6,2,1,1
