Table Name,State Code,District Code,Tehsil Code,Area Name,Total/ Rural/ Urban,Age-group,Total population - Persons,Total population - Males,Total population - Females,Population attending educational institutions - Persons,Population attending educational institutions - Males,Population attending educational institutions - Females,Type of educational institution - School - Persons,Type of educational institution - School - Males,Type of educational institution - School - Females,Type of educational institution - College - Persons,Type of educational institution - College - Males,Type of educational institution - College - Females,Type of educational institution - Vocational institute - Persons,Type of educational institution - Vocational institute - Males,Type of educational institution - Vocational institute - Females,Type of educational institution - Other institute - Persons,Type of educational institution - Other institute - Males,Type of educational institution - Other institute - Females,Type of educational institution - Literacy centre - Persons,Type of educational institution - Literacy centre - Males,Type of educational institution - Literacy centre - Females
C3010,02,00,0000,State - HIMACHAL PRADESH  02,Total,All ages,6077900,3087940,2989960,1708015,911750,796265,1570152,832698,737454,116163,66099,50064,10800,6984,3816,7827,4815,3012,3073,1154,1919
C3010,02,00,0000,State - HIMACHAL PRADESH  02,Total,0-4,560187,296555,263632,9896,5497,4399,9896,5497,4399,0,0,0,0,0,0,0,0,0,0,0,0
C3010,02,00,0000,State - HIMACHAL PRADESH  02,Total,5,123996,65408,58588,26057,14269,11788,26057,14269,11788,0,0,0,0,0,0,0,0,0,0,0,0
C3010,02,00,0000,State - HIMACHAL PRADESH  02,Total,6,108954,56463,52491,65978,34947,31031,65978,34947,31031,0,0,0,0,0,0,0,0,0,0,0,0
C3010,02,00,0000,State - HIMACHAL PRADESH  02,Total,7,117677,61554,56123,108169,57166,51003,108169,57166,51003,0,0,0,0,0,0,0,0,0,0,0,0
C3010,02,00,0000,State - HIMACHAL PRADESH  02,Total,8,137680,71958,65722,130640,68804,61836,130640,68804,61836,0,0,0,0,0,0,0,0,0,0,0,0
C3010,02,00,0000,State - HIMACHAL PRADESH  02,Total,9,130857,67675,63182,126648,65812,60836,126648,65812,60836,0,0,0,0,0,0,0,0,0,0,0,0
C3010,02,00,0000,State - HIMACHAL PRADESH  02,Total,10,151321,78154,73167,145149,75530,69619,145149,75530,69619,0,0,0,0,0,0,0,0,0,0,0,0
C3010,02,00,0000,State - HIMACHAL PRADESH  02,Total,11,127690,65993,61697,123785,64335,59450,123785,64335,59450,0,0,0,0,0,0,0,0,0,0,0,0
C3010,02,00,0000,State - HIMACHAL PRADESH  02,Total,12,152423,78352,74071,145059,75328,69731,145059,75328,69731,0,0,0,0,0,0,0,0,0,0,0,0
C3010,02,00,0000,State - HIMACHAL PRADESH  02,Total,13,134792,67786,67006,127441,65053,62388,127441,65053,62388,0,0,0,0,0,0,0,0,0,0,0,0
C3010,02,00,0000,State - HIMACHAL PRADESH  02,Total,14,138813,70972,67841,126676,66233,60443,126676,66233,60443,0,0,0,0,0,0,0,0,0,0,0,0
C3010,02,00,0000,State - HIMACHAL PRADESH  02,Total,15-19,626624,324318,302306,439892,238039,201853,398532,216543,181989,36775,18929,17846,2694,1547,1147,1784,979,805,107,41,66
C3010,02,00,0000,State - HIMACHAL PRADESH  02,Total,20-24,583029,295703,287326,115075,69422,45653,36122,23181,12941,71559,41685,29874,4402,2928,1474,2684,1514,1170,308,114,194
C3010,02,00,0000,State - HIMACHAL PRADESH  02,Total,25-29,517507,256532,260975,10555,7221,3334,0,0,0,5879,4168,1711,2108,1476,632,2213,1460,753,355,117,238
C3010,02,00,0000,State - HIMACHAL PRADESH  02,Total,30-34,432675,215401,217274,2114,1324,790,0,0,0,702,487,215,495,339,156,527,383,144,390,115,275
C3010,02,00,0000,State - HIMACHAL PRADESH  02,Total,35-59,1471395,736070,735325,3568,1960,1608,0,0,0,740,519,221,826,525,301,480,374,106,1522,542,980
C3010,02,00,0000,State - HIMACHAL PRADESH  02,Total,60+,547564,270846,276718,1161,713,448,0,0,0,438,275,163,242,142,100,93,72,21,388,224,164
C3010,02,00,0000,State - HIMACHAL PRADESH  02,Total,Age not stated,14716,8200,6516,152,97,55,0,0,0,70,36,34,33,27,6,46,33,13,3,1,2
C3010,02,00,0000,State - HIMACHAL PRADESH  02,Rural,All ages,5482319,2756073,2726246,1530320,815709,714611,1427415,755685,671730,86474,50392,36082,7732,4974,2758,5818,3599,2219,2881,1059,1822
C3010,02,00,0000,State - HIMACHAL PRADESH  02,Rural,0-4,517539,273478,244061,6968,3878,3090,6968,3878,3090,0,0,0,0,0,0,0,0,0,0,0,0
C3010,02,00,0000,State - HIMACHAL PRADESH  02,Rural,5,113628,59692,53936,21828,11919,9909,21828,11919,9909,0,0,0,0,0,0,0,0,0,0,0,0
C3010,02,00,0000,State - HIMACHAL PRADESH  02,Rural,6,99461,51364,48097,59902,31663,28239,59902,31663,28239,0,0,0,0,0,0,0,0,0,0,0,0
C3010,02,00,0000,State - HIMACHAL PRADESH  02,Rural,7,107112,55856,51256,98338,51830,46508,98338,51830,46508,0,0,0,0,0,0,0,0,0,0,0,0
C3010,02,00,0000,State - HIMACHAL PRADESH  02,Rural,8,126072,65571,60501,119683,62738,56945,119683,62738,56945,0,0,0,0,0,0,0,0,0,0,0,0
C3010,02,00,0000,State - HIMACHAL PRADESH  02,Rural,9,120131,61834,58297,116344,60197,56147,116344,60197,56147,0,0,0,0,0,0,0,0,0,0,0,0
C3010,02,00,0000,State - HIMACHAL PRADESH  02,Rural,10,138386,71164,67222,132841,68844,63997,132841,68844,63997,0,0,0,0,0,0,0,0,0,0,0,0
C3010,02,00,0000,State - HIMACHAL PRADESH  02,Rural,11,116769,60149,56620,113231,58674,54557,113231,58674,54557,0,0,0,0,0,0,0,0,0,0,0,0
C3010,02,00,0000,State - HIMACHAL PRADESH  02,Rural,12,139686,71539,68147,132948,68868,64080,132948,68868,64080,0,0,0,0,0,0,0,0,0,0,0,0
C3010,02,00,0000,State - HIMACHAL PRADESH  02,Rural,13,123195,61585,61610,116380,59147,57233,116380,59147,57233,0,0,0,0,0,0,0,0,0,0,0,0
C3010,02,00,0000,State - HIMACHAL PRADESH  02,Rural,14,126959,64676,62283,115660,60436,55224,115660,60436,55224,0,0,0,0,0,0,0,0,0,0,0,0
C3010,02,00,0000,State - HIMACHAL PRADESH  02,Rural,15-19,564788,289354,275434,391889,212859,179030,360397,196221,164176,28045,14776,13269,1924,1064,860,1433,764,669,90,34,56
C3010,02,00,0000,State - HIMACHAL PRADESH  02,Rural,20-24,515945,256218,259727,91217,56155,35062,32895,21270,11625,52845,31572,21273,3158,2086,1072,2036,1129,907,283,98,185
C3010,02,00,0000,State - HIMACHAL PRADESH  02,Rural,25-29,458593,224315,234278,7608,5386,2222,0,0,0,4330,3177,1153,1430,1045,385,1539,1071,468,309,93,216
C3010,02,00,0000,State - HIMACHAL PRADESH  02,Rural,30-34,381339,187653,193686,1563,988,575,0,0,0,495,363,132,357,257,100,347,266,81,364,102,262
C3010,02,00,0000,State - HIMACHAL PRADESH  02,Rural,35-59,1308915,642775,666140,2881,1505,1376,0,0,0,413,298,115,644,398,246,361,294,67,1463,515,948
C3010,02,00,0000,State - HIMACHAL PRADESH  02,Rural,60+,510321,251419,258902,917,544,373,0,0,0,290,176,114,199,108,91,58,43,15,370,217,153
C3010,02,00,0000,State - HIMACHAL PRADESH  02,Rural,Age not stated,13480,7431,6049,122,78,44,0,0,0,56,30,26,20,16,4,44,32,12,2,0,2
C3010,02,00,0000,State - HIMACHAL PRADESH  02,Urban,All ages,595581,331867,263714,177695,96041,81654,142737,77013,65724,29689,15707,13982,3068,2010,1058,2009,1216,793,192,95,97
C3010,02,00,0000,State - HIMACHAL PRADESH  02,Urban,0-4,42648,23077,19571,2928,1619,1309,2928,1619,1309,0,0,0,0,0,0,0,0,0,0,0,0
C3010,02,00,0000,State - HIMACHAL PRADESH  02,Urban,5,10368,5716,4652,4229,2350,1879,4229,2350,1879,0,0,0,0,0,0,0,0,0,0,0,0
C3010,02,00,0000,State - HIMACHAL PRADESH  02,Urban,6,9493,5099,4394,6076,3284,2792,6076,3284,2792,0,0,0,0,0,0,0,0,0,0,0,0
C3010,02,00,0000,State - HIMACHAL PRADESH  02,Urban,7,10565,5698,4867,9831,5336,4495,9831,5336,4495,0,0,0,0,0,0,0,0,0,0,0,0
C3010,02,00,0000,State - HIMACHAL PRADESH  02,Urban,8,11608,6387,5221,10957,6066,4891,10957,6066,4891,0,0,0,0,0,0,0,0,0,0,0,0
C3010,02,00,0000,State - HIMACHAL PRADESH  02,Urban,9,10726,5841,4885,10304,5615,4689,10304,5615,4689,0,0,0,0,0,0,0,0,0,0,0,0
C3010,02,00,0000,State - HIMACHAL PRADESH  02,Urban,10,12935,6990,5945,12308,6686,5622,12308,6686,5622,0,0,0,0,0,0,0,0,0,0,0,0
C3010,02,00,0000,State - HIMACHAL PRADESH  02,Urban,11,10921,5844,5077,10554,5661,4893,10554,5661,4893,0,0,0,0,0,0,0,0,0,0,0,0
C3010,02,00,0000,State - HIMACHAL PRADESH  02,Urban,12,12737,6813,5924,12111,6460,5651,12111,6460,5651,0,0,0,0,0,0,0,0,0,0,0,0
C3010,02,00,0000,State - HIMACHAL PRADESH  02,Urban,13,11597,6201,5396,11061,5906,5155,11061,5906,5155,0,0,0,0,0,0,0,0,0,0,0,0
C3010,02,00,0000,State - HIMACHAL PRADESH  02,Urban,14,11854,6296,5558,11016,5797,5219,11016,5797,5219,0,0,0,0,0,0,0,0,0,0,0,0
C3010,02,00,0000,State - HIMACHAL PRADESH  02,Urban,15-19,61836,34964,26872,48003,25180,22823,38135,20322,17813,8730,4153,4577,770,483,287,351,215,136,17,7,10
C3010,02,00,0000,State - HIMACHAL PRADESH  02,Urban,20-24,67084,39485,27599,23858,13267,10591,3227,1911,1316,18714,10113,8601,1244,842,402,648,385,263,25,16,9
C3010,02,00,0000,State - HIMACHAL PRADESH  02,Urban,25-29,58914,32217,26697,2947,1835,1112,0,0,0,1549,991,558,678,431,247,674,389,285,46,24,22
C3010,02,00,0000,State - HIMACHAL PRADESH  02,Urban,30-34,51336,27748,23588,551,336,215,0,0,0,207,124,83,138,82,56,180,117,63,26,13,13
C3010,02,00,0000,State - HIMACHAL PRADESH  02,Urban,35-59,162480,93295,69185,687,455,232,0,0,0,327,221,106,182,127,55,119,80,39,59,27,32
C3010,02,00,0000,State - HIMACHAL PRADESH  02,Urban,60+,37243,19427,17816,244,169,75,0,0,0,148,99,49,43,34,9,35,29,6,18,7,11
C3010,02,00,0000,State - HIMACHAL PRADESH  02,Urban,Age not stated,1236,769,467,30,19,11,0,0,0,14,6,8,13,11,2,2,1,1,1,1,0
C3010,02,01,0000,District - Chamba  01,Total,All ages,460887,235218,225669,122722,68060,54662,117343,64616,52727,4277,2786,1491,449,279,170,338,203,135,315,176,139
C3010,02,01,0000,District - Chamba  01,Total,0-4,48539,25027,23512,660,376,284,660,376,284,0,0,0,0,0,0,0,0,0,0,0,0
C3010,02,01,0000,District - Chamba  01,Total,5,10907,5505,5402,1598,842,756,1598,842,756,0,0,0,0,0,0,0,0,0,0,0,0
C3010,02,01,0000,District - Chamba  01,Total,6,10133,5062,5071,5471,2905,2566,5471,2905,2566,0,0,0,0,0,0,0,0,0,0,0,0
C3010,02,01,0000,District - Chamba  01,Total,7,10411,5303,5108,8841,4617,4224,8841,4617,4224,0,0,0,0,0,0,0,0,0,0,0,0
C3010,02,01,0000,District - Chamba  01,Total,8,12441,6419,6022,11117,5897,5220,11117,5897,5220,0,0,0,0,0,0,0,0,0,0,0,0
C3010,02,01,0000,District - Chamba  01,Total,9,11011,5645,5366,10257,5360,4897,10257,5360,4897,0,0,0,0,0,0,0,0,0,0,0,0
C3010,02,01,0000,District - Chamba  01,Total,10,13425,6706,6719,12315,6351,5964,12315,6351,5964,0,0,0,0,0,0,0,0,0,0,0,0
C3010,02,01,0000,District - Chamba  01,Total,11,10375,5362,5013,9635,5127,4508,9635,5127,4508,0,0,0,0,0,0,0,0,0,0,0,0
C3010,02,01,0000,District - Chamba  01,Total,12,13686,7097,6589,12224,6668,5556,12224,6668,5556,0,0,0,0,0,0,0,0,0,0,0,0
C3010,02,01,0000,District - Chamba  01,Total,13,10931,5415,5516,9418,5013,4405,9418,5013,4405,0,0,0,0,0,0,0,0,0,0,0,0
C3010,02,01,0000,District - Chamba  01,Total,14,11447,5829,5618,9180,5213,3967,9180,5213,3967,0,0,0,0,0,0,0,0,0,0,0,0
C3010,02,01,0000,District - Chamba  01,Total,15-19,48013,24363,23650,26015,15726,10289,24381,14734,9647,1447,902,545,92,45,47,84,42,42,11,3,8
C3010,02,01,0000,District - Chamba  01,Total,20-24,41560,21155,20405,5139,3396,1743,2246,1513,733,2565,1688,877,184,125,59,103,51,52,41,19,22
C3010,02,01,0000,District - Chamba  01,Total,25-29,36735,18582,18153,410,293,117,0,0,0,202,153,49,86,58,28,89,63,26,33,19,14
C3010,02,01,0000,District - Chamba  01,Total,30-34,31879,16239,15640,124,78,46,0,0,0,24,16,8,25,16,9,32,26,6,43,20,23
C3010,02,01,0000,District - Chamba  01,Total,35-59,105039,54144,50895,252,152,100,0,0,0,24,19,5,52,29,23,24,16,8,152,88,64
C3010,02,01,0000,District - Chamba  01,Total,60+,32635,16462,16173,56,39,17,0,0,0,10,6,4,7,3,4,4,3,1,35,27,8
C3010,02,01,0000,District - Chamba  01,Total,Age not stated,1720,903,817,10,7,3,0,0,0,5,2,3,3,3,0,2,2,0,0,0,0
C3010,02,01,0000,District - Chamba  01,Rural,All ages,426345,216704,209641,111367,61972,49395,107514,59372,48142,2937,2056,881,323,194,129,290,178,112,303,172,131
C3010,02,01,0000,District - Chamba  01,Rural,0-4,46083,23712,22371,382,223,159,382,223,159,0,0,0,0,0,0,0,0,0,0,0,0
C3010,02,01,0000,District - Chamba  01,Rural,5,10277,5180,5097,1287,676,611,1287,676,611,0,0,0,0,0,0,0,0,0,0,0,0
C3010,02,01,0000,District - Chamba  01,Rural,6,9542,4718,4824,5053,2657,2396,5053,2657,2396,0,0,0,0,0,0,0,0,0,0,0,0
C3010,02,01,0000,District - Chamba  01,Rural,7,9686,4928,4758,8148,4259,3889,8148,4259,3889,0,0,0,0,0,0,0,0,0,0,0,0
C3010,02,01,0000,District - Chamba  01,Rural,8,11669,5991,5678,10360,5475,4885,10360,5475,4885,0,0,0,0,0,0,0,0,0,0,0,0
C3010,02,01,0000,District - Chamba  01,Rural,9,10286,5269,5017,9543,4992,4551,9543,4992,4551,0,0,0,0,0,0,0,0,0,0,0,0
C3010,02,01,0000,District - Chamba  01,Rural,10,12508,6231,6277,11427,5890,5537,11427,5890,5537,0,0,0,0,0,0,0,0,0,0,0,0
C3010,02,01,0000,District - Chamba  01,Rural,11,9607,4931,4676,8884,4708,4176,8884,4708,4176,0,0,0,0,0,0,0,0,0,0,0,0
C3010,02,01,0000,District - Chamba  01,Rural,12,12815,6647,6168,11374,6227,5147,11374,6227,5147,0,0,0,0,0,0,0,0,0,0,0,0
C3010,02,01,0000,District - Chamba  01,Rural,13,10115,4981,5134,8634,4596,4038,8634,4596,4038,0,0,0,0,0,0,0,0,0,0,0,0
C3010,02,01,0000,District - Chamba  01,Rural,14,10589,5380,5209,8369,4793,3576,8369,4793,3576,0,0,0,0,0,0,0,0,0,0,0,0
C3010,02,01,0000,District - Chamba  01,Rural,15-19,44510,22458,22052,23132,14179,8953,21982,13452,8530,1003,663,340,64,26,38,72,35,37,11,3,8
C3010,02,01,0000,District - Chamba  01,Rural,20-24,38331,19440,18891,4065,2807,1258,2071,1424,647,1753,1247,506,120,77,43,80,40,40,41,19,22
C3010,02,01,0000,District - Chamba  01,Rural,25-29,33757,17066,16691,320,240,80,0,0,0,145,118,27,64,46,18,79,58,21,32,18,14
C3010,02,01,0000,District - Chamba  01,Rural,30-34,28857,14600,14257,108,71,37,0,0,0,17,13,4,20,14,6,29,24,5,42,20,22
C3010,02,01,0000,District - Chamba  01,Rural,35-59,95908,49108,46800,230,140,90,0,0,0,12,11,1,48,27,21,24,16,8,146,86,60
C3010,02,01,0000,District - Chamba  01,Rural,60+,30177,15212,14965,45,35,10,0,0,0,4,3,1,6,3,3,4,3,1,31,26,5
C3010,02,01,0000,District - Chamba  01,Rural,Age not stated,1628,852,776,6,4,2,0,0,0,3,1,2,1,1,0,2,2,0,0,0,0
C3010,02,01,0000,District - Chamba  01,Urban,All ages,34542,18514,16028,11355,6088,5267,9829,5244,4585,1340,730,610,126,85,41,48,25,23,12,4,8
C3010,02,01,0000,District - Chamba  01,Urban,0-4,2456,1315,1141,278,153,125,278,153,125,0,0,0,0,0,0,0,0,0,0,0,0
C3010,02,01,0000,District - Chamba  01,Urban,5,630,325,305,311,166,145,311,166,145,0,0,0,0,0,0,0,0,0,0,0,0
C3010,02,01,0000,District - Chamba  01,Urban,6,591,344,247,418,248,170,418,248,170,0,0,0,0,0,0,0,0,0,0,0,0
C3010,02,01,0000,District - Chamba  01,Urban,7,725,375,350,693,358,335,693,358,335,0,0,0,0,0,0,0,0,0,0,0,0
C3010,02,01,0000,District - Chamba  01,Urban,8,772,428,344,757,422,335,757,422,335,0,0,0,0,0,0,0,0,0,0,0,0
C3010,02,01,0000,District - Chamba  01,Urban,9,725,376,349,714,368,346,714,368,346,0,0,0,0,0,0,0,0,0,0,0,0
C3010,02,01,0000,District - Chamba  01,Urban,10,917,475,442,888,461,427,888,461,427,0,0,0,0,0,0,0,0,0,0,0,0
C3010,02,01,0000,District - Chamba  01,Urban,11,768,431,337,751,419,332,751,419,332,0,0,0,0,0,0,0,0,0,0,0,0
C3010,02,01,0000,District - Chamba  01,Urban,12,871,450,421,850,441,409,850,441,409,0,0,0,0,0,0,0,0,0,0,0,0
C3010,02,01,0000,District - Chamba  01,Urban,13,816,434,382,784,417,367,784,417,367,0,0,0,0,0,0,0,0,0,0,0,0
C3010,02,01,0000,District - Chamba  01,Urban,14,858,449,409,811,420,391,811,420,391,0,0,0,0,0,0,0,0,0,0,0,0
C3010,02,01,0000,District - Chamba  01,Urban,15-19,3503,1905,1598,2883,1547,1336,2399,1282,1117,444,239,205,28,19,9,12,7,5,0,0,0
C3010,02,01,0000,District - Chamba  01,Urban,20-24,3229,1715,1514,1074,589,485,175,89,86,812,441,371,64,48,16,23,11,12,0,0,0
C3010,02,01,0000,District - Chamba  01,Urban,25-29,2978,1516,1462,90,53,37,0,0,0,57,35,22,22,12,10,10,5,5,1,1,0
C3010,02,01,0000,District - Chamba  01,Urban,30-34,3022,1639,1383,16,7,9,0,0,0,7,3,4,5,2,3,3,2,1,1,0,1
C3010,02,01,0000,District - Chamba  01,Urban,35-59,9131,5036,4095,22,12,10,0,0,0,12,8,4,4,2,2,0,0,0,6,2,4
C3010,02,01,0000,District - Chamba  01,Urban,60+,2458,1250,1208,11,4,7,0,0,0,6,3,3,1,0,1,0,0,0,4,1,3
C3010,02,01,0000,District - Chamba  01,Urban,Age not stated,92,51,41,4,3,1,0,0,0,2,1,1,2,2,0,0,0,0,0,0,0
C3010,02,02,0000,District - Kangra  02,Total,All ages,1339030,661254,677776,388988,205734,183254,358217,188973,169244,26874,14401,12473,2079,1282,797,1586,978,608,232,100,132
C3010,02,02,0000,District - Kangra  02,Total,0-4,116273,63778,52495,2394,1375,1019,2394,1375,1019,0,0,0,0,0,0,0,0,0,0,0,0
C3010,02,02,0000,District - Kangra  02,Total,5,25854,13939,11915,5753,3151,2602,5753,3151,2602,0,0,0,0,0,0,0,0,0,0,0,0
C3010,02,02,0000,District - Kangra  02,Total,6,22439,11918,10521,13995,7503,6492,13995,7503,6492,0,0,0,0,0,0,0,0,0,0,0,0
C3010,02,02,0000,District - Kangra  02,Total,7,24941,13332,11609,23453,12583,10870,23453,12583,10870,0,0,0,0,0,0,0,0,0,0,0,0
C3010,02,02,0000,District - Kangra  02,Total,8,28953,15481,13472,27961,15006,12955,27961,15006,12955,0,0,0,0,0,0,0,0,0,0,0,0
C3010,02,02,0000,District - Kangra  02,Total,9,28152,14783,13369,27537,14484,13053,27537,14484,13053,0,0,0,0,0,0,0,0,0,0,0,0
C3010,02,02,0000,District - Kangra  02,Total,10,32296,16900,15396,31280,16453,14827,31280,16453,14827,0,0,0,0,0,0,0,0,0,0,0,0
C3010,02,02,0000,District - Kangra  02,Total,11,28225,14821,13404,27620,14534,13086,27620,14534,13086,0,0,0,0,0,0,0,0,0,0,0,0
C3010,02,02,0000,District - Kangra  02,Total,12,32507,16601,15906,31480,16140,15340,31480,16140,15340,0,0,0,0,0,0,0,0,0,0,0,0
C3010,02,02,0000,District - Kangra  02,Total,13,29655,14820,14835,28644,14385,14259,28644,14385,14259,0,0,0,0,0,0,0,0,0,0,0,0
C3010,02,02,0000,District - Kangra  02,Total,14,30511,15494,15017,28928,14839,14089,28928,14839,14089,0,0,0,0,0,0,0,0,0,0,0,0
C3010,02,02,0000,District - Kangra  02,Total,15-19,143537,72546,70991,109738,57879,51859,99870,52871,46999,8978,4491,4487,515,297,218,353,210,143,22,10,12
C3010,02,02,0000,District - Kangra  02,Total,20-24,127031,60542,66489,27052,15367,11685,9302,5649,3653,16297,8867,7430,888,553,335,533,282,251,32,16,16
C3010,02,02,0000,District - Kangra  02,Total,25-29,106547,49183,57364,1906,1242,664,0,0,0,1122,743,379,383,257,126,376,230,146,25,12,13
C3010,02,02,0000,District - Kangra  02,Total,30-34,90115,41337,48778,364,239,125,0,0,0,156,108,48,76,49,27,107,74,33,25,8,17
C3010,02,02,0000,District - Kangra  02,Total,35-59,332798,157476,175322,617,395,222,0,0,0,196,122,74,163,97,66,163,142,21,95,34,61
C3010,02,02,0000,District - Kangra  02,Total,60+,135965,66529,69436,207,119,88,0,0,0,106,61,45,48,23,25,20,15,5,33,20,13
C3010,02,02,0000,District - Kangra  02,Total,Age not stated,3231,1774,1457,59,40,19,0,0,0,19,9,10,6,6,0,34,25,9,0,0,0
C3010,02,02,0000,District - Kangra  02,Rural,All ages,1266745,623259,643486,367324,194328,172996,339641,179066,160575,24169,13090,11079,1897,1195,702,1397,884,513,220,93,127
C3010,02,02,0000,District - Kangra  02,Rural,0-4,111189,60993,50196,2128,1231,897,2128,1231,897,0,0,0,0,0,0,0,0,0,0,0,0
C3010,02,02,0000,District - Kangra  02,Rural,5,24616,13291,11325,5375,2966,2409,5375,2966,2409,0,0,0,0,0,0,0,0,0,0,0,0
C3010,02,02,0000,District - Kangra  02,Rural,6,21242,11290,9952,13293,7136,6157,13293,7136,6157,0,0,0,0,0,0,0,0,0,0,0,0
C3010,02,02,0000,District - Kangra  02,Rural,7,23625,12628,10997,22250,11937,10313,22250,11937,10313,0,0,0,0,0,0,0,0,0,0,0,0
C3010,02,02,0000,District - Kangra  02,Rural,8,27476,14667,12809,26591,14252,12339,26591,14252,12339,0,0,0,0,0,0,0,0,0,0,0,0
C3010,02,02,0000,District - Kangra  02,Rural,9,26737,14009,12728,26212,13757,12455,26212,13757,12455,0,0,0,0,0,0,0,0,0,0,0,0
C3010,02,02,0000,District - Kangra  02,Rural,10,30534,15952,14582,29620,15560,14060,29620,15560,14060,0,0,0,0,0,0,0,0,0,0,0,0
C3010,02,02,0000,District - Kangra  02,Rural,11,26724,13991,12733,26184,13737,12447,26184,13737,12447,0,0,0,0,0,0,0,0,0,0,0,0
C3010,02,02,0000,District - Kangra  02,Rural,12,30780,15713,15067,29848,15311,14537,29848,15311,14537,0,0,0,0,0,0,0,0,0,0,0,0
C3010,02,02,0000,District - Kangra  02,Rural,13,28094,14012,14082,27173,13620,13553,27173,13620,13553,0,0,0,0,0,0,0,0,0,0,0,0
C3010,02,02,0000,District - Kangra  02,Rural,14,28913,14670,14243,27462,14092,13370,27462,14092,13370,0,0,0,0,0,0,0,0,0,0,0,0
C3010,02,02,0000,District - Kangra  02,Rural,15-19,135855,68419,67436,103562,54638,48924,94628,50062,44566,8113,4107,4006,479,275,204,323,186,137,19,8,11
C3010,02,02,0000,District - Kangra  02,Rural,20-24,120453,57148,63305,24846,14247,10599,8877,5405,3472,14654,8062,6592,827,525,302,458,241,217,30,14,16
C3010,02,02,0000,District - Kangra  02,Rural,25-29,100421,46169,54252,1644,1103,541,0,0,0,978,655,323,318,229,89,325,209,116,23,10,13
C3010,02,02,0000,District - Kangra  02,Rural,30-34,84350,38582,45768,333,229,104,0,0,0,147,103,44,73,49,24,88,69,19,25,8,17
C3010,02,02,0000,District - Kangra  02,Rural,35-59,312466,146487,165979,557,368,189,0,0,0,167,105,62,146,88,58,154,142,12,90,33,57
C3010,02,02,0000,District - Kangra  02,Rural,60+,130105,63508,66597,188,105,83,0,0,0,92,50,42,48,23,25,15,12,3,33,20,13
C3010,02,02,0000,District - Kangra  02,Rural,Age not stated,3165,1730,1435,58,39,19,0,0,0,18,8,10,6,6,0,34,25,9,0,0,0
C3010,02,02,0000,District - Kangra  02,Urban,All ages,72285,37995,34290,21664,11406,10258,18576,9907,8669,2705,1311,1394,182,87,95,189,94,95,12,7,5
C3010,02,02,0000,District - Kangra  02,Urban,0-4,5084,2785,2299,266,144,122,266,144,122,0,0,0,0,0,0,0,0,0,0,0,0
C3010,02,02,0000,District - Kangra  02,Urban,5,1238,648,590,378,185,193,378,185,193,0,0,0,0,0,0,0,0,0,0,0,0
C3010,02,02,0000,District - Kangra  02,Urban,6,1197,628,569,702,367,335,702,367,335,0,0,0,0,0,0,0,0,0,0,0,0
C3010,02,02,0000,District - Kangra  02,Urban,7,1316,704,612,1203,646,557,1203,646,557,0,0,0,0,0,0,0,0,0,0,0,0
C3010,02,02,0000,District - Kangra  02,Urban,8,1477,814,663,1370,754,616,1370,754,616,0,0,0,0,0,0,0,0,0,0,0,0
C3010,02,02,0000,District - Kangra  02,Urban,9,1415,774,641,1325,727,598,1325,727,598,0,0,0,0,0,0,0,0,0,0,0,0
C3010,02,02,0000,District - Kangra  02,Urban,10,1762,948,814,1660,893,767,1660,893,767,0,0,0,0,0,0,0,0,0,0,0,0
C3010,02,02,0000,District - Kangra  02,Urban,11,1501,830,671,1436,797,639,1436,797,639,0,0,0,0,0,0,0,0,0,0,0,0
C3010,02,02,0000,District - Kangra  02,Urban,12,1727,888,839,1632,829,803,1632,829,803,0,0,0,0,0,0,0,0,0,0,0,0
C3010,02,02,0000,District - Kangra  02,Urban,13,1561,808,753,1471,765,706,1471,765,706,0,0,0,0,0,0,0,0,0,0,0,0
C3010,02,02,0000,District - Kangra  02,Urban,14,1598,824,774,1466,747,719,1466,747,719,0,0,0,0,0,0,0,0,0,0,0,0
C3010,02,02,0000,District - Kangra  02,Urban,15-19,7682,4127,3555,6176,3241,2935,5242,2809,2433,865,384,481,36,22,14,30,24,6,3,2,1
C3010,02,02,0000,District - Kangra  02,Urban,20-24,6578,3394,3184,2206,1120,1086,425,244,181,1643,805,838,61,28,33,75,41,34,2,2,0
C3010,02,02,0000,District - Kangra  02,Urban,25-29,6126,3014,3112,262,139,123,0,0,0,144,88,56,65,28,37,51,21,30,2,2,0
C3010,02,02,0000,District - Kangra  02,Urban,30-34,5765,2755,3010,31,10,21,0,0,0,9,5,4,3,0,3,19,5,14,0,0,0
C3010,02,02,0000,District - Kangra  02,Urban,35-59,20332,10989,9343,60,27,33,0,0,0,29,17,12,17,9,8,9,0,9,5,1,4
C3010,02,02,0000,District - Kangra  02,Urban,60+,5860,3021,2839,19,14,5,0,0,0,14,11,3,0,0,0,5,3,2,0,0,0
C3010,02,02,0000,District - Kangra  02,Urban,Age not stated,66,44,22,1,1,0,0,0,0,1,1,0,0,0,0,0,0,0,0,0,0
C3010,02,03,0000,District - Lahul & Spiti  03,Total,All ages,33224,18441,14783,7476,3751,3725,6930,3484,3446,301,160,141,47,19,28,94,79,15,104,9,95
C3010,02,03,0000,District - Lahul & Spiti  03,Total,0-4,2547,1283,1264,12,5,7,12,5,7,0,0,0,0,0,0,0,0,0,0,0,0
C3010,02,03,0000,District - Lahul & Spiti  03,Total,5,585,321,264,79,46,33,79,46,33,0,0,0,0,0,0,0,0,0,0,0,0
C3010,02,03,0000,District - Lahul & Spiti  03,Total,6,532,264,268,296,154,142,296,154,142,0,0,0,0,0,0,0,0,0,0,0,0
C3010,02,03,0000,District - Lahul & Spiti  03,Total,7,507,250,257,463,233,230,463,233,230,0,0,0,0,0,0,0,0,0,0,0,0
C3010,02,03,0000,District - Lahul & Spiti  03,Total,8,613,289,324,567,270,297,567,270,297,0,0,0,0,0,0,0,0,0,0,0,0
C3010,02,03,0000,District - Lahul & Spiti  03,Total,9,515,254,261,494,246,248,494,246,248,0,0,0,0,0,0,0,0,0,0,0,0
C3010,02,03,0000,District - Lahul & Spiti  03,Total,10,686,336,350,661,323,338,661,323,338,0,0,0,0,0,0,0,0,0,0,0,0
C3010,02,03,0000,District - Lahul & Spiti  03,Total,11,577,312,265,556,300,256,556,300,256,0,0,0,0,0,0,0,0,0,0,0,0
C3010,02,03,0000,District - Lahul & Spiti  03,Total,12,609,303,306,578,284,294,578,284,294,0,0,0,0,0,0,0,0,0,0,0,0
C3010,02,03,0000,District - Lahul & Spiti  03,Total,13,576,297,279,551,288,263,551,288,263,0,0,0,0,0,0,0,0,0,0,0,0
C3010,02,03,0000,District - Lahul & Spiti  03,Total,14,564,274,290,519,255,264,519,255,264,0,0,0,0,0,0,0,0,0,0,0,0
C3010,02,03,0000,District - Lahul & Spiti  03,Total,15-19,3135,1659,1476,1997,986,1011,1895,937,958,78,35,43,11,3,8,12,11,1,1,0,1
C3010,02,03,0000,District - Lahul & Spiti  03,Total,20-24,3449,2057,1392,500,277,223,259,143,116,191,104,87,23,10,13,23,19,4,4,1,3
C3010,02,03,0000,District - Lahul & Spiti  03,Total,25-29,3289,1987,1302,68,40,28,0,0,0,30,20,10,8,5,3,17,15,2,13,0,13
C3010,02,03,0000,District - Lahul & Spiti  03,Total,30-34,2965,1845,1120,23,11,12,0,0,0,2,1,1,1,0,1,10,10,0,10,0,10
C3010,02,03,0000,District - Lahul & Spiti  03,Total,35-59,9152,5287,3865,94,22,72,0,0,0,0,0,0,1,1,0,25,19,6,68,2,66
C3010,02,03,0000,District - Lahul & Spiti  03,Total,60+,2855,1387,1468,18,11,7,0,0,0,0,0,0,3,0,3,7,5,2,8,6,2
C3010,02,03,0000,District - Lahul & Spiti  03,Total,Age not stated,68,36,32,0,0,0,0,0,0,0,0,0,0,0,0,0,0,0,0,0,0
C3010,02,03,0000,District - Lahul & Spiti  03,Rural,All ages,33224,18441,14783,7476,3751,3725,6930,3484,3446,301,160,141,47,19,28,94,79,15,104,9,95
C3010,02,03,0000,District - Lahul & Spiti  03,Rural,0-4,2547,1283,1264,12,5,7,12,5,7,0,0,0,0,0,0,0,0,0,0,0,0
C3010,02,03,0000,District - Lahul & Spiti  03,Rural,5,585,321,264,79,46,33,79,46,33,0,0,0,0,0,0,0,0,0,0,0,0
C3010,02,03,0000,District - Lahul & Spiti  03,Rural,6,532,264,268,296,154,142,296,154,142,0,0,0,0,0,0,0,0,0,0,0,0
C3010,02,03,0000,District - Lahul & Spiti  03,Rural,7,507,250,257,463,233,230,463,233,230,0,0,0,0,0,0,0,0,0,0,0,0
C3010,02,03,0000,District - Lahul & Spiti  03,Rural,8,613,289,324,567,270,297,567,270,297,0,0,0,0,0,0,0,0,0,0,0,0
C3010,02,03,0000,District - Lahul & Spiti  03,Rural,9,515,254,261,494,246,248,494,246,248,0,0,0,0,0,0,0,0,0,0,0,0
C3010,02,03,0000,District - Lahul & Spiti  03,Rural,10,686,336,350,661,323,338,661,323,338,0,0,0,0,0,0,0,0,0,0,0,0
C3010,02,03,0000,District - Lahul & Spiti  03,Rural,11,577,312,265,556,300,256,556,300,256,0,0,0,0,0,0,0,0,0,0,0,0
C3010,02,03,0000,District - Lahul & Spiti  03,Rural,12,609,303,306,578,284,294,578,284,294,0,0,0,0,0,0,0,0,0,0,0,0
C3010,02,03,0000,District - Lahul & Spiti  03,Rural,13,576,297,279,551,288,263,551,288,263,0,0,0,0,0,0,0,0,0,0,0,0
C3010,02,03,0000,District - Lahul & Spiti  03,Rural,14,564,274,290,519,255,264,519,255,264,0,0,0,0,0,0,0,0,0,0,0,0
C3010,02,03,0000,District - Lahul & Spiti  03,Rural,15-19,3135,1659,1476,1997,986,1011,1895,937,958,78,35,43,11,3,8,12,11,1,1,0,1
C3010,02,03,0000,District - Lahul & Spiti  03,Rural,20-24,3449,2057,1392,500,277,223,259,143,116,191,104,87,23,10,13,23,19,4,4,1,3
C3010,02,03,0000,District - Lahul & Spiti  03,Rural,25-29,3289,1987,1302,68,40,28,0,0,0,30,20,10,8,5,3,17,15,2,13,0,13
C3010,02,03,0000,District - Lahul & Spiti  03,Rural,30-34,2965,1845,1120,23,11,12,0,0,0,2,1,1,1,0,1,10,10,0,10,0,10
C3010,02,03,0000,District - Lahul & Spiti  03,Rural,35-59,9152,5287,3865,94,22,72,0,0,0,0,0,0,1,1,0,25,19,6,68,2,66
C3010,02,03,0000,District - Lahul & Spiti  03,Rural,60+,2855,1387,1468,18,11,7,0,0,0,0,0,0,3,0,3,7,5,2,8,6,2
C3010,02,03,0000,District - Lahul & Spiti  03,Rural,Age not stated,68,36,32,0,0,0,0,0,0,0,0,0,0,0,0,0,0,0,0,0,0
C3010,02,03,0000,District - Lahul & Spiti  03,Urban,All ages,0,0,0,0,0,0,0,0,0,0,0,0,0,0,0,0,0,0,0,0,0
C3010,02,03,0000,District - Lahul & Spiti  03,Urban,0-4,0,0,0,0,0,0,0,0,0,0,0,0,0,0,0,0,0,0,0,0,0
C3010,02,03,0000,District - Lahul & Spiti  03,Urban,5,0,0,0,0,0,0,0,0,0,0,0,0,0,0,0,0,0,0,0,0,0
C3010,02,03,0000,District - Lahul & Spiti  03,Urban,6,0,0,0,0,0,0,0,0,0,0,0,0,0,0,0,0,0,0,0,0,0
C3010,02,03,0000,District - Lahul & Spiti  03,Urban,7,0,0,0,0,0,0,0,0,0,0,0,0,0,0,0,0,0,0,0,0,0
C3010,02,03,0000,District - Lahul & Spiti  03,Urban,8,0,0,0,0,0,0,0,0,0,0,0,0,0,0,0,0,0,0,0,0,0
C3010,02,03,0000,District - Lahul & Spiti  03,Urban,9,0,0,0,0,0,0,0,0,0,0,0,0,0,0,0,0,0,0,0,0,0
C3010,02,03,0000,District - Lahul & Spiti  03,Urban,10,0,0,0,0,0,0,0,0,0,0,0,0,0,0,0,0,0,0,0,0,0
C3010,02,03,0000,District - Lahul & Spiti  03,Urban,11,0,0,0,0,0,0,0,0,0,0,0,0,0,0,0,0,0,0,0,0,0
C3010,02,03,0000,District - Lahul & Spiti  03,Urban,12,0,0,0,0,0,0,0,0,0,0,0,0,0,0,0,0,0,0,0,0,0
C3010,02,03,0000,District - Lahul & Spiti  03,Urban,13,0,0,0,0,0,0,0,0,0,0,0,0,0,0,0,0,0,0,0,0,0
C3010,02,03,0000,District - Lahul & Spiti  03,Urban,14,0,0,0,0,0,0,0,0,0,0,0,0,0,0,0,0,0,0,0,0,0
C3010,02,03,0000,District - Lahul & Spiti  03,Urban,15-19,0,0,0,0,0,0,0,0,0,0,0,0,0,0,0,0,0,0,0,0,0
C3010,02,03,0000,District - Lahul & Spiti  03,Urban,20-24,0,0,0,0,0,0,0,0,0,0,0,0,0,0,0,0,0,0,0,0,0
C3010,02,03,0000,District - Lahul & Spiti  03,Urban,25-29,0,0,0,0,0,0,0,0,0,0,0,0,0,0,0,0,0,0,0,0,0
C3010,02,03,0000,District - Lahul & Spiti  03,Urban,30-34,0,0,0,0,0,0,0,0,0,0,0,0,0,0,0,0,0,0,0,0,0
C3010,02,03,0000,District - Lahul & Spiti  03,Urban,35-59,0,0,0,0,0,0,0,0,0,0,0,0,0,0,0,0,0,0,0,0,0
C3010,02,03,0000,District - Lahul & Spiti  03,Urban,60+,0,0,0,0,0,0,0,0,0,0,0,0,0,0,0,0,0,0,0,0,0
C3010,02,03,0000,District - Lahul & Spiti  03,Urban,Age not stated,0,0,0,0,0,0,0,0,0,0,0,0,0,0,0,0,0,0,0,0,0
C3010,02,04,0000,District - Kullu  04,Total,All ages,381571,198016,183555,106919,57672,49247,100411,53543,46868,5583,3565,2018,463,297,166,335,228,107,127,39,88
C3010,02,04,0000,District - Kullu  04,Total,0-4,36725,18730,17995,404,212,192,404,212,192,0,0,0,0,0,0,0,0,0,0,0,0
C3010,02,04,0000,District - Kullu  04,Total,5,8463,4394,4069,1131,604,527,1131,604,527,0,0,0,0,0,0,0,0,0,0,0,0
C3010,02,04,0000,District - Kullu  04,Total,6,7632,3831,3801,4469,2323,2146,4469,2323,2146,0,0,0,0,0,0,0,0,0,0,0,0
C3010,02,04,0000,District - Kullu  04,Total,7,7392,3815,3577,6757,3532,3225,6757,3532,3225,0,0,0,0,0,0,0,0,0,0,0,0
C3010,02,04,0000,District - Kullu  04,Total,8,9158,4643,4515,8673,4440,4233,8673,4440,4233,0,0,0,0,0,0,0,0,0,0,0,0
C3010,02,04,0000,District - Kullu  04,Total,9,9084,4541,4543,8750,4401,4349,8750,4401,4349,0,0,0,0,0,0,0,0,0,0,0,0
C3010,02,04,0000,District - Kullu  04,Total,10,10335,5275,5060,9971,5111,4860,9971,5111,4860,0,0,0,0,0,0,0,0,0,0,0,0
C3010,02,04,0000,District - Kullu  04,Total,11,8730,4473,4257,8467,4369,4098,8467,4369,4098,0,0,0,0,0,0,0,0,0,0,0,0
C3010,02,04,0000,District - Kullu  04,Total,12,10244,5235,5009,9654,4998,4656,9654,4998,4656,0,0,0,0,0,0,0,0,0,0,0,0
C3010,02,04,0000,District - Kullu  04,Total,13,8927,4531,4396,8288,4285,4003,8288,4285,4003,0,0,0,0,0,0,0,0,0,0,0,0
C3010,02,04,0000,District - Kullu  04,Total,14,9390,4848,4542,8259,4443,3816,8259,4443,3816,0,0,0,0,0,0,0,0,0,0,0,0
C3010,02,04,0000,District - Kullu  04,Total,15-19,39175,20598,18577,24989,14196,10793,23246,13191,10055,1560,904,656,101,56,45,78,44,34,4,1,3
C3010,02,04,0000,District - Kullu  04,Total,20-24,36021,18727,17294,6327,4226,2101,2342,1634,708,3643,2371,1272,209,139,70,114,78,36,19,4,15
C3010,02,04,0000,District - Kullu  04,Total,25-29,33212,17133,16079,463,341,122,0,0,0,294,229,65,65,50,15,91,59,32,13,3,10
C3010,02,04,0000,District - Kullu  04,Total,30-34,28173,14717,13456,87,58,29,0,0,0,32,26,6,23,12,11,16,15,1,16,5,11
C3010,02,04,0000,District - Kullu  04,Total,35-59,90568,48083,42485,163,87,76,0,0,0,30,22,8,55,34,21,17,14,3,61,17,44
C3010,02,04,0000,District - Kullu  04,Total,60+,27620,14033,13587,58,41,17,0,0,0,16,9,7,9,5,4,19,18,1,14,9,5
C3010,02,04,0000,District - Kullu  04,Total,Age not stated,722,409,313,9,5,4,0,0,0,8,4,4,1,1,0,0,0,0,0,0,0
C3010,02,04,0000,District - Kullu  04,Rural,All ages,351478,181131,170347,98717,53285,45432,93776,50000,43776,4257,2869,1388,325,219,106,254,173,81,105,24,81
C3010,02,04,0000,District - Kullu  04,Rural,0-4,34532,17553,16979,301,157,144,301,157,144,0,0,0,0,0,0,0,0,0,0,0,0
C3010,02,04,0000,District - Kullu  04,Rural,5,7951,4106,3845,1016,540,476,1016,540,476,0,0,0,0,0,0,0,0,0,0,0,0
C3010,02,04,0000,District - Kullu  04,Rural,6,7178,3593,3585,4225,2193,2032,4225,2193,2032,0,0,0,0,0,0,0,0,0,0,0,0
C3010,02,04,0000,District - Kullu  04,Rural,7,6859,3541,3318,6267,3278,2989,6267,3278,2989,0,0,0,0,0,0,0,0,0,0,0,0
C3010,02,04,0000,District - Kullu  04,Rural,8,8559,4327,4232,8121,4149,3972,8121,4149,3972,0,0,0,0,0,0,0,0,0,0,0,0
C3010,02,04,0000,District - Kullu  04,Rural,9,8549,4255,4294,8250,4133,4117,8250,4133,4117,0,0,0,0,0,0,0,0,0,0,0,0
C3010,02,04,0000,District - Kullu  04,Rural,10,9725,4951,4774,9395,4808,4587,9395,4808,4587,0,0,0,0,0,0,0,0,0,0,0,0
C3010,02,04,0000,District - Kullu  04,Rural,11,8178,4178,4000,7942,4092,3850,7942,4092,3850,0,0,0,0,0,0,0,0,0,0,0,0
C3010,02,04,0000,District - Kullu  04,Rural,12,9677,4928,4749,9122,4713,4409,9122,4713,4409,0,0,0,0,0,0,0,0,0,0,0,0
C3010,02,04,0000,District - Kullu  04,Rural,13,8342,4218,4124,7739,3995,3744,7739,3995,3744,0,0,0,0,0,0,0,0,0,0,0,0
C3010,02,04,0000,District - Kullu  04,Rural,14,8786,4512,4274,7710,4146,3564,7710,4146,3564,0,0,0,0,0,0,0,0,0,0,0,0
C3010,02,04,0000,District - Kullu  04,Rural,15-19,36220,18909,17311,22828,13064,9764,21528,12269,9259,1169,717,452,62,39,23,65,38,27,4,1,3
C3010,02,04,0000,District - Kullu  04,Rural,20-24,32622,16742,15880,5218,3623,1595,2160,1527,633,2789,1918,871,156,108,48,97,68,29,16,2,14
C3010,02,04,0000,District - Kullu  04,Rural,25-29,30046,15371,14675,358,271,87,0,0,0,234,187,47,48,39,9,66,44,22,10,1,9
C3010,02,04,0000,District - Kullu  04,Rural,30-34,25461,13201,12260,65,41,24,0,0,0,27,21,6,15,8,7,11,10,1,12,2,10
C3010,02,04,0000,District - Kullu  04,Rural,35-59,82333,43319,39014,118,55,63,0,0,0,19,15,4,36,20,16,11,10,1,52,10,42
C3010,02,04,0000,District - Kullu  04,Rural,60+,25789,13049,12740,34,23,11,0,0,0,11,7,4,8,5,3,4,3,1,11,8,3
C3010,02,04,0000,District - Kullu  04,Rural,Age not stated,671,378,293,8,4,4,0,0,0,8,4,4,0,0,0,0,0,0,0,0,0
C3010,02,04,0000,District - Kullu  04,Urban,All ages,30093,16885,13208,8202,4387,3815,6635,3543,3092,1326,696,630,138,78,60,81,55,26,22,15,7
C3010,02,04,0000,District - Kullu  04,Urban,0-4,2193,1177,1016,103,55,48,103,55,48,0,0,0,0,0,0,0,0,0,0,0,0
C3010,02,04,0000,District - Kullu  04,Urban,5,512,288,224,115,64,51,115,64,51,0,0,0,0,0,0,0,0,0,0,0,0
C3010,02,04,0000,District - Kullu  04,Urban,6,454,238,216,244,130,114,244,130,114,0,0,0,0,0,0,0,0,0,0,0,0
C3010,02,04,0000,District - Kullu  04,Urban,7,533,274,259,490,254,236,490,254,236,0,0,0,0,0,0,0,0,0,0,0,0
C3010,02,04,0000,District - Kullu  04,Urban,8,599,316,283,552,291,261,552,291,261,0,0,0,0,0,0,0,0,0,0,0,0
C3010,02,04,0000,District - Kullu  04,Urban,9,535,286,249,500,268,232,500,268,232,0,0,0,0,0,0,0,0,0,0,0,0
C3010,02,04,0000,District - Kullu  04,Urban,10,610,324,286,576,303,273,576,303,273,0,0,0,0,0,0,0,0,0,0,0,0
C3010,02,04,0000,District - Kullu  04,Urban,11,552,295,257,525,277,248,525,277,248,0,0,0,0,0,0,0,0,0,0,0,0
C3010,02,04,0000,District - Kullu  04,Urban,12,567,307,260,532,285,247,532,285,247,0,0,0,0,0,0,0,0,0,0,0,0
C3010,02,04,0000,District - Kullu  04,Urban,13,585,313,272,549,290,259,549,290,259,0,0,0,0,0,0,0,0,0,0,0,0
C3010,02,04,0000,District - Kullu  04,Urban,14,604,336,268,549,297,252,549,297,252,0,0,0,0,0,0,0,0,0,0,0,0
C3010,02,04,0000,District - Kullu  04,Urban,15-19,2955,1689,1266,2161,1132,1029,1718,922,796,391,187,204,39,17,22,13,6,7,0,0,0
C3010,02,04,0000,District - Kullu  04,Urban,20-24,3399,1985,1414,1109,603,506,182,107,75,854,453,401,53,31,22,17,10,7,3,2,1
C3010,02,04,0000,District - Kullu  04,Urban,25-29,3166,1762,1404,105,70,35,0,0,0,60,42,18,17,11,6,25,15,10,3,2,1
C3010,02,04,0000,District - Kullu  04,Urban,30-34,2712,1516,1196,22,17,5,0,0,0,5,5,0,8,4,4,5,5,0,4,3,1
C3010,02,04,0000,District - Kullu  04,Urban,35-59,8235,4764,3471,45,32,13,0,0,0,11,7,4,19,14,5,6,4,2,9,7,2
C3010,02,04,0000,District - Kullu  04,Urban,60+,1831,984,847,24,18,6,0,0,0,5,2,3,1,0,1,15,15,0,3,1,2
C3010,02,04,0000,District - Kullu  04,Urban,Age not stated,51,31,20,1,1,0,0,0,0,0,0,0,1,1,0,0,0,0,0,0,0
C3010,02,05,0000,District - Mandi  05,Total,All ages,901344,447872,453472,254224,135514,118710,233983,123593,110390,17217,10140,7077,1543,997,546,877,547,330,604,237,367
C3010,02,05,0000,District - Mandi  05,Total,0-4,85369,44635,40734,1066,593,473,1066,593,473,0,0,0,0,0,0,0,0,0,0,0,0
C3010,02,05,0000,District - Mandi  05,Total,5,18738,9776,8962,3770,2015,1755,3770,2015,1755,0,0,0,0,0,0,0,0,0,0,0,0
C3010,02,05,0000,District - Mandi  05,Total,6,15842,8124,7718,9734,5091,4643,9734,5091,4643,0,0,0,0,0,0,0,0,0,0,0,0
C3010,02,05,0000,District - Mandi  05,Total,7,17754,9244,8510,16658,8742,7916,16658,8742,7916,0,0,0,0,0,0,0,0,0,0,0,0
C3010,02,05,0000,District - Mandi  05,Total,8,20046,10390,9656,19308,10041,9267,19308,10041,9267,0,0,0,0,0,0,0,0,0,0,0,0
C3010,02,05,0000,District - Mandi  05,Total,9,19410,10017,9393,18969,9826,9143,18969,9826,9143,0,0,0,0,0,0,0,0,0,0,0,0
C3010,02,05,0000,District - Mandi  05,Total,10,21720,11096,10624,21057,10810,10247,21057,10810,10247,0,0,0,0,0,0,0,0,0,0,0,0
C3010,02,05,0000,District - Mandi  05,Total,11,19277,9732,9545,18764,9534,9230,18764,9534,9230,0,0,0,0,0,0,0,0,0,0,0,0
C3010,02,05,0000,District - Mandi  05,Total,12,22522,11399,11123,21615,11051,10564,21615,11051,10564,0,0,0,0,0,0,0,0,0,0,0,0
C3010,02,05,0000,District - Mandi  05,Total,13,20500,10264,10236,19543,9978,9565,19543,9978,9565,0,0,0,0,0,0,0,0,0,0,0,0
C3010,02,05,0000,District - Mandi  05,Total,14,20582,10442,10140,19005,9896,9109,19005,9896,9109,0,0,0,0,0,0,0,0,0,0,0,0
C3010,02,05,0000,District - Mandi  05,Total,15-19,92509,47312,45197,65889,35990,29899,59659,32724,26935,5570,2911,2659,440,250,190,205,101,104,15,4,11
C3010,02,05,0000,District - Mandi  05,Total,20-24,87650,42776,44874,16264,10291,5973,4835,3292,1543,10444,6365,4079,591,401,190,343,208,135,51,25,26
C3010,02,05,0000,District - Mandi  05,Total,25-29,76548,37012,39536,1582,1102,480,0,0,0,961,694,267,311,217,94,242,175,67,68,16,52
C3010,02,05,0000,District - Mandi  05,Total,30-34,63099,30228,32871,278,169,109,0,0,0,87,65,22,71,50,21,45,36,9,75,18,57
C3010,02,05,0000,District - Mandi  05,Total,35-59,215854,104539,111315,486,229,257,0,0,0,82,56,26,90,52,38,29,17,12,285,104,181
C3010,02,05,0000,District - Mandi  05,Total,60+,81344,39470,41874,221,146,75,0,0,0,62,42,20,38,25,13,12,9,3,109,70,39
C3010,02,05,0000,District - Mandi  05,Total,Age not stated,2580,1416,1164,15,10,5,0,0,0,11,7,4,2,2,0,1,1,0,1,0,1
C3010,02,05,0000,District - Mandi  05,Rural,All ages,840362,415676,424686,236125,125916,110209,220129,116193,103936,13643,8333,5310,1037,696,341,732,462,270,584,232,352
C3010,02,05,0000,District - Mandi  05,Rural,0-4,81247,42388,38859,844,472,372,844,472,372,0,0,0,0,0,0,0,0,0,0,0,0
C3010,02,05,0000,District - Mandi  05,Rural,5,17730,9243,8487,3383,1830,1553,3383,1830,1553,0,0,0,0,0,0,0,0,0,0,0,0
C3010,02,05,0000,District - Mandi  05,Rural,6,14956,7635,7321,9147,4768,4379,9147,4768,4379,0,0,0,0,0,0,0,0,0,0,0,0
C3010,02,05,0000,District - Mandi  05,Rural,7,16758,8702,8056,15707,8223,7484,15707,8223,7484,0,0,0,0,0,0,0,0,0,0,0,0
C3010,02,05,0000,District - Mandi  05,Rural,8,18934,9781,9153,18239,9456,8783,18239,9456,8783,0,0,0,0,0,0,0,0,0,0,0,0
C3010,02,05,0000,District - Mandi  05,Rural,9,18374,9442,8932,17961,9260,8701,17961,9260,8701,0,0,0,0,0,0,0,0,0,0,0,0
C3010,02,05,0000,District - Mandi  05,Rural,10,20487,10441,10046,19868,10179,9689,19868,10179,9689,0,0,0,0,0,0,0,0,0,0,0,0
C3010,02,05,0000,District - Mandi  05,Rural,11,18198,9136,9062,17716,8955,8761,17716,8955,8761,0,0,0,0,0,0,0,0,0,0,0,0
C3010,02,05,0000,District - Mandi  05,Rural,12,21342,10795,10547,20486,10472,10014,20486,10472,10014,0,0,0,0,0,0,0,0,0,0,0,0
C3010,02,05,0000,District - Mandi  05,Rural,13,19333,9637,9696,18410,9368,9042,18410,9368,9042,0,0,0,0,0,0,0,0,0,0,0,0
C3010,02,05,0000,District - Mandi  05,Rural,14,19482,9877,9605,17972,9368,8604,17972,9368,8604,0,0,0,0,0,0,0,0,0,0,0,0
C3010,02,05,0000,District - Mandi  05,Rural,15-19,86437,44083,42354,60741,33357,27384,55866,30733,25133,4438,2392,2046,247,143,104,180,85,95,10,4,6
C3010,02,05,0000,District - Mandi  05,Rural,20-24,81199,39303,41896,13506,8798,4708,4530,3109,1421,8239,5214,3025,403,278,125,284,173,111,50,24,26
C3010,02,05,0000,District - Mandi  05,Rural,25-29,71000,34247,36753,1259,918,341,0,0,0,788,592,196,215,161,54,192,149,43,64,16,48
C3010,02,05,0000,District - Mandi  05,Rural,30-34,58158,27792,30366,240,152,88,0,0,0,70,57,13,59,46,13,41,33,8,70,16,54
C3010,02,05,0000,District - Mandi  05,Rural,35-59,197736,94702,103034,437,201,236,0,0,0,48,37,11,81,47,34,24,13,11,284,104,180
C3010,02,05,0000,District - Mandi  05,Rural,60+,76532,37125,39407,195,129,66,0,0,0,50,34,16,30,19,11,10,8,2,105,68,37
C3010,02,05,0000,District - Mandi  05,Rural,Age not stated,2459,1347,1112,14,10,4,0,0,0,10,7,3,2,2,0,1,1,0,1,0,1
C3010,02,05,0000,District - Mandi  05,Urban,All ages,60982,32196,28786,18099,9598,8501,13854,7400,6454,3574,1807,1767,506,301,205,145,85,60,20,5,15
C3010,02,05,0000,District - Mandi  05,Urban,0-4,4122,2247,1875,222,121,101,222,121,101,0,0,0,0,0,0,0,0,0,0,0,0
C3010,02,05,0000,District - Mandi  05,Urban,5,1008,533,475,387,185,202,387,185,202,0,0,0,0,0,0,0,0,0,0,0,0
C3010,02,05,0000,District - Mandi  05,Urban,6,886,489,397,587,323,264,587,323,264,0,0,0,0,0,0,0,0,0,0,0,0
C3010,02,05,0000,District - Mandi  05,Urban,7,996,542,454,951,519,432,951,519,432,0,0,0,0,0,0,0,0,0,0,0,0
C3010,02,05,0000,District - Mandi  05,Urban,8,1112,609,503,1069,585,484,1069,585,484,0,0,0,0,0,0,0,0,0,0,0,0
C3010,02,05,0000,District - Mandi  05,Urban,9,1036,575,461,1008,566,442,1008,566,442,0,0,0,0,0,0,0,0,0,0,0,0
C3010,02,05,0000,District - Mandi  05,Urban,10,1233,655,578,1189,631,558,1189,631,558,0,0,0,0,0,0,0,0,0,0,0,0
C3010,02,05,0000,District - Mandi  05,Urban,11,1079,596,483,1048,579,469,1048,579,469,0,0,0,0,0,0,0,0,0,0,0,0
C3010,02,05,0000,District - Mandi  05,Urban,12,1180,604,576,1129,579,550,1129,579,550,0,0,0,0,0,0,0,0,0,0,0,0
C3010,02,05,0000,District - Mandi  05,Urban,13,1167,627,540,1133,610,523,1133,610,523,0,0,0,0,0,0,0,0,0,0,0,0
C3010,02,05,0000,District - Mandi  05,Urban,14,1100,565,535,1033,528,505,1033,528,505,0,0,0,0,0,0,0,0,0,0,0,0
C3010,02,05,0000,District - Mandi  05,Urban,15-19,6072,3229,2843,5148,2633,2515,3793,1991,1802,1132,519,613,193,107,86,25,16,9,5,0,5
C3010,02,05,0000,District - Mandi  05,Urban,20-24,6451,3473,2978,2758,1493,1265,305,183,122,2205,1151,1054,188,123,65,59,35,24,1,1,0
C3010,02,05,0000,District - Mandi  05,Urban,25-29,5548,2765,2783,323,184,139,0,0,0,173,102,71,96,56,40,50,26,24,4,0,4
C3010,02,05,0000,District - Mandi  05,Urban,30-34,4941,2436,2505,38,17,21,0,0,0,17,8,9,12,4,8,4,3,1,5,2,3
C3010,02,05,0000,District - Mandi  05,Urban,35-59,18118,9837,8281,49,28,21,0,0,0,34,19,15,9,5,4,5,4,1,1,0,1
C3010,02,05,0000,District - Mandi  05,Urban,60+,4812,2345,2467,26,17,9,0,0,0,12,8,4,8,6,2,2,1,1,4,2,2
C3010,02,05,0000,District - Mandi  05,Urban,Age not stated,121,69,52,1,0,1,0,0,0,1,0,1,0,0,0,0,0,0,0,0,0
C3010,02,06,0000,District - Hamirpur  06,Total,All ages,412700,196593,216107,122629,64378,58251,109696,57406,52290,11407,6147,5260,705,466,239,719,340,379,102,19,83
C3010,02,06,0000,District - Hamirpur  06,Total,0-4,36232,19671,16561,645,370,275,645,370,275,0,0,0,0,0,0,0,0,0,0,0,0
C3010,02,06,0000,District - Hamirpur  06,Total,5,7980,4303,3677,2171,1211,960,2171,1211,960,0,0,0,0,0,0,0,0,0,0,0,0
C3010,02,06,0000,District - Hamirpur  06,Total,6,6487,3424,3063,4449,2357,2092,4449,2357,2092,0,0,0,0,0,0,0,0,0,0,0,0
C3010,02,06,0000,District - Hamirpur  06,Total,7,7564,3995,3569,7274,3845,3429,7274,3845,3429,0,0,0,0,0,0,0,0,0,0,0,0
C3010,02,06,0000,District - Hamirpur  06,Total,8,8825,4608,4217,8632,4505,4127,8632,4505,4127,0,0,0,0,0,0,0,0,0,0,0,0
C3010,02,06,0000,District - Hamirpur  06,Total,9,8487,4501,3986,8341,4427,3914,8341,4427,3914,0,0,0,0,0,0,0,0,0,0,0,0
C3010,02,06,0000,District - Hamirpur  06,Total,10,9489,4921,4568,9274,4833,4441,9274,4833,4441,0,0,0,0,0,0,0,0,0,0,0,0
C3010,02,06,0000,District - Hamirpur  06,Total,11,8743,4590,4153,8607,4516,4091,8607,4516,4091,0,0,0,0,0,0,0,0,0,0,0,0
C3010,02,06,0000,District - Hamirpur  06,Total,12,9841,5131,4710,9654,5021,4633,9654,5021,4633,0,0,0,0,0,0,0,0,0,0,0,0
C3010,02,06,0000,District - Hamirpur  06,Total,13,9240,4615,4625,9044,4532,4512,9044,4532,4512,0,0,0,0,0,0,0,0,0,0,0,0
C3010,02,06,0000,District - Hamirpur  06,Total,14,9197,4628,4569,8900,4480,4420,8900,4480,4420,0,0,0,0,0,0,0,0,0,0,0,0
C3010,02,06,0000,District - Hamirpur  06,Total,15-19,42969,21850,21119,35021,18168,16853,30538,15918,14620,4043,2041,2002,211,114,97,224,94,130,5,1,4
C3010,02,06,0000,District - Hamirpur  06,Total,20-24,37056,16836,20220,9536,5428,4108,2167,1391,776,6814,3722,3092,282,199,83,271,116,155,2,0,2
C3010,02,06,0000,District - Hamirpur  06,Total,25-29,32167,13808,18359,721,497,224,0,0,0,429,313,116,122,93,29,158,87,71,12,4,8
C3010,02,06,0000,District - Hamirpur  06,Total,30-34,26978,11738,15240,123,72,51,0,0,0,42,25,17,36,25,11,38,20,18,7,2,5
C3010,02,06,0000,District - Hamirpur  06,Total,35-59,100859,44609,56250,160,77,83,0,0,0,38,24,14,39,25,14,24,21,3,59,7,52
C3010,02,06,0000,District - Hamirpur  06,Total,60+,49832,22949,26883,68,34,34,0,0,0,35,19,16,14,9,5,3,2,1,16,4,12
C3010,02,06,0000,District - Hamirpur  06,Total,Age not stated,754,416,338,9,5,4,0,0,0,6,3,3,1,1,0,1,0,1,1,1,0
C3010,02,06,0000,District - Hamirpur  06,Rural,All ages,382494,180366,202128,112660,58769,53891,101676,52863,48813,9739,5247,4492,574,378,196,590,269,321,81,12,69
C3010,02,06,0000,District - Hamirpur  06,Rural,0-4,34101,18514,15587,495,285,210,495,285,210,0,0,0,0,0,0,0,0,0,0,0,0
C3010,02,06,0000,District - Hamirpur  06,Rural,5,7354,3947,3407,1914,1059,855,1914,1059,855,0,0,0,0,0,0,0,0,0,0,0,0
C3010,02,06,0000,District - Hamirpur  06,Rural,6,6011,3182,2829,4108,2182,1926,4108,2182,1926,0,0,0,0,0,0,0,0,0,0,0,0
C3010,02,06,0000,District - Hamirpur  06,Rural,7,7014,3698,3316,6765,3578,3187,6765,3578,3187,0,0,0,0,0,0,0,0,0,0,0,0
C3010,02,06,0000,District - Hamirpur  06,Rural,8,8222,4284,3938,8056,4193,3863,8056,4193,3863,0,0,0,0,0,0,0,0,0,0,0,0
C3010,02,06,0000,District - Hamirpur  06,Rural,9,7928,4176,3752,7802,4115,3687,7802,4115,3687,0,0,0,0,0,0,0,0,0,0,0,0
C3010,02,06,0000,District - Hamirpur  06,Rural,10,8848,4572,4276,8667,4493,4174,8667,4493,4174,0,0,0,0,0,0,0,0,0,0,0,0
C3010,02,06,0000,District - Hamirpur  06,Rural,11,8104,4212,3892,7989,4149,3840,7989,4149,3840,0,0,0,0,0,0,0,0,0,0,0,0
C3010,02,06,0000,District - Hamirpur  06,Rural,12,9168,4735,4433,9011,4647,4364,9011,4647,4364,0,0,0,0,0,0,0,0,0,0,0,0
C3010,02,06,0000,District - Hamirpur  06,Rural,13,8556,4222,4334,8382,4152,4230,8382,4152,4230,0,0,0,0,0,0,0,0,0,0,0,0
C3010,02,06,0000,District - Hamirpur  06,Rural,14,8484,4219,4265,8230,4096,4134,8230,4096,4134,0,0,0,0,0,0,0,0,0,0,0,0
C3010,02,06,0000,District - Hamirpur  06,Rural,15-19,39463,19802,19661,32120,16552,15568,28220,14599,13621,3528,1785,1743,174,91,83,196,76,120,2,1,1
C3010,02,06,0000,District - Hamirpur  06,Rural,20-24,34026,15177,18849,8273,4720,3553,2037,1315,722,5770,3144,2626,232,164,68,233,97,136,1,0,1
C3010,02,06,0000,District - Hamirpur  06,Rural,25-29,29655,12585,17070,593,426,167,0,0,0,362,273,89,101,80,21,122,71,51,8,2,6
C3010,02,06,0000,District - Hamirpur  06,Rural,30-34,24610,10611,13999,80,47,33,0,0,0,29,18,11,23,16,7,21,11,10,7,2,5
C3010,02,06,0000,District - Hamirpur  06,Rural,35-59,92587,40183,52404,114,48,66,0,0,0,19,12,7,31,19,12,14,12,2,50,5,45
C3010,02,06,0000,District - Hamirpur  06,Rural,60+,47679,21866,25813,56,25,31,0,0,0,27,13,14,13,8,5,3,2,1,13,2,11
C3010,02,06,0000,District - Hamirpur  06,Rural,Age not stated,684,381,303,5,2,3,0,0,0,4,2,2,0,0,0,1,0,1,0,0,0
C3010,02,06,0000,District - Hamirpur  06,Urban,All ages,30206,16227,13979,9969,5609,4360,8020,4543,3477,1668,900,768,131,88,43,129,71,58,21,7,14
C3010,02,06,0000,District - Hamirpur  06,Urban,0-4,2131,1157,974,150,85,65,150,85,65,0,0,0,0,0,0,0,0,0,0,0,0
C3010,02,06,0000,District - Hamirpur  06,Urban,5,626,356,270,257,152,105,257,152,105,0,0,0,0,0,0,0,0,0,0,0,0
C3010,02,06,0000,District - Hamirpur  06,Urban,6,476,242,234,341,175,166,341,175,166,0,0,0,0,0,0,0,0,0,0,0,0
C3010,02,06,0000,District - Hamirpur  06,Urban,7,550,297,253,509,267,242,509,267,242,0,0,0,0,0,0,0,0,0,0,0,0
C3010,02,06,0000,District - Hamirpur  06,Urban,8,603,324,279,576,312,264,576,312,264,0,0,0,0,0,0,0,0,0,0,0,0
C3010,02,06,0000,District - Hamirpur  06,Urban,9,559,325,234,539,312,227,539,312,227,0,0,0,0,0,0,0,0,0,0,0,0
C3010,02,06,0000,District - Hamirpur  06,Urban,10,641,349,292,607,340,267,607,340,267,0,0,0,0,0,0,0,0,0,0,0,0
C3010,02,06,0000,District - Hamirpur  06,Urban,11,639,378,261,618,367,251,618,367,251,0,0,0,0,0,0,0,0,0,0,0,0
C3010,02,06,0000,District - Hamirpur  06,Urban,12,673,396,277,643,374,269,643,374,269,0,0,0,0,0,0,0,0,0,0,0,0
C3010,02,06,0000,District - Hamirpur  06,Urban,13,684,393,291,662,380,282,662,380,282,0,0,0,0,0,0,0,0,0,0,0,0
C3010,02,06,0000,District - Hamirpur  06,Urban,14,713,409,304,670,384,286,670,384,286,0,0,0,0,0,0,0,0,0,0,0,0
C3010,02,06,0000,District - Hamirpur  06,Urban,15-19,3506,2048,1458,2901,1616,1285,2318,1319,999,515,256,259,37,23,14,28,18,10,3,0,3
C3010,02,06,0000,District - Hamirpur  06,Urban,20-24,3030,1659,1371,1263,708,555,130,76,54,1044,578,466,50,35,15,38,19,19,1,0,1
C3010,02,06,0000,District - Hamirpur  06,Urban,25-29,2512,1223,1289,128,71,57,0,0,0,67,40,27,21,13,8,36,16,20,4,2,2
C3010,02,06,0000,District - Hamirpur  06,Urban,30-34,2368,1127,1241,43,25,18,0,0,0,13,7,6,13,9,4,17,9,8,0,0,0
C3010,02,06,0000,District - Hamirpur  06,Urban,35-59,8272,4426,3846,46,29,17,0,0,0,19,12,7,8,6,2,10,9,1,9,2,7
C3010,02,06,0000,District - Hamirpur  06,Urban,60+,2153,1083,1070,12,9,3,0,0,0,8,6,2,1,1,0,0,0,0,3,2,1
C3010,02,06,0000,District - Hamirpur  06,Urban,Age not stated,70,35,35,4,3,1,0,0,0,2,1,1,1,1,0,0,0,0,1,1,0
C3010,02,07,0000,District - Una  07,Total,All ages,448273,224524,223749,120864,63444,57420,111360,58557,52803,7918,3955,3963,989,595,394,528,312,216,69,25,44
C3010,02,07,0000,District - Una  07,Total,0-4,42138,23057,19081,884,496,388,884,496,388,0,0,0,0,0,0,0,0,0,0,0,0
C3010,02,07,0000,District - Una  07,Total,5,9670,5229,4441,2152,1178,974,2152,1178,974,0,0,0,0,0,0,0,0,0,0,0,0
C3010,02,07,0000,District - Una  07,Total,6,7904,4219,3685,4547,2482,2065,4547,2482,2065,0,0,0,0,0,0,0,0,0,0,0,0
C3010,02,07,0000,District - Una  07,Total,7,8642,4603,4039,7957,4255,3702,7957,4255,3702,0,0,0,0,0,0,0,0,0,0,0,0
C3010,02,07,0000,District - Una  07,Total,8,10214,5414,4800,9641,5144,4497,9641,5144,4497,0,0,0,0,0,0,0,0,0,0,0,0
C3010,02,07,0000,District - Una  07,Total,9,9591,5057,4534,9257,4882,4375,9257,4882,4375,0,0,0,0,0,0,0,0,0,0,0,0
C3010,02,07,0000,District - Una  07,Total,10,11466,6010,5456,10907,5743,5164,10907,5743,5164,0,0,0,0,0,0,0,0,0,0,0,0
C3010,02,07,0000,District - Una  07,Total,11,9260,4825,4435,8971,4685,4286,8971,4685,4286,0,0,0,0,0,0,0,0,0,0,0,0
C3010,02,07,0000,District - Una  07,Total,12,10830,5586,5244,10302,5329,4973,10302,5329,4973,0,0,0,0,0,0,0,0,0,0,0,0
C3010,02,07,0000,District - Una  07,Total,13,9607,4893,4714,9173,4692,4481,9173,4692,4481,0,0,0,0,0,0,0,0,0,0,0,0
C3010,02,07,0000,District - Una  07,Total,14,9904,5062,4842,9088,4677,4411,9088,4677,4411,0,0,0,0,0,0,0,0,0,0,0,0
C3010,02,07,0000,District - Una  07,Total,15-19,44367,22704,21663,30491,15808,14683,26804,14028,12776,3116,1453,1663,352,197,155,207,123,84,12,7,5
C3010,02,07,0000,District - Una  07,Total,20-24,40637,19859,20778,6821,3680,3141,1677,966,711,4473,2298,2175,446,288,158,209,121,88,16,7,9
C3010,02,07,0000,District - Una  07,Total,25-29,36213,17116,19097,467,295,172,0,0,0,240,155,85,121,78,43,92,57,35,14,5,9
C3010,02,07,0000,District - Una  07,Total,30-34,30737,14747,15990,61,32,29,0,0,0,28,15,13,17,11,6,11,5,6,5,1,4
C3010,02,07,0000,District - Una  07,Total,35-59,107092,52072,55020,89,42,47,0,0,0,31,20,11,34,12,22,9,6,3,15,4,11
C3010,02,07,0000,District - Una  07,Total,60+,48897,23457,25440,44,17,27,0,0,0,23,9,14,15,7,8,0,0,0,6,1,5
C3010,02,07,0000,District - Una  07,Total,Age not stated,1104,614,490,12,7,5,0,0,0,7,5,2,4,2,2,0,0,0,1,0,1
C3010,02,07,0000,District - Una  07,Rural,All ages,408849,203724,205125,110029,57632,52397,101905,53408,48497,6747,3431,3316,852,505,347,466,270,196,59,18,41
C3010,02,07,0000,District - Una  07,Rural,0-4,38736,21194,17542,697,382,315,697,382,315,0,0,0,0,0,0,0,0,0,0,0,0
C3010,02,07,0000,District - Una  07,Rural,5,8867,4781,4086,1829,996,833,1829,996,833,0,0,0,0,0,0,0,0,0,0,0,0
C3010,02,07,0000,District - Una  07,Rural,6,7221,3844,3377,4106,2234,1872,4106,2234,1872,0,0,0,0,0,0,0,0,0,0,0,0
C3010,02,07,0000,District - Una  07,Rural,7,7857,4158,3699,7259,3852,3407,7259,3852,3407,0,0,0,0,0,0,0,0,0,0,0,0
C3010,02,07,0000,District - Una  07,Rural,8,9343,4933,4410,8873,4710,4163,8873,4710,4163,0,0,0,0,0,0,0,0,0,0,0,0
C3010,02,07,0000,District - Una  07,Rural,9,8781,4587,4194,8509,4449,4060,8509,4449,4060,0,0,0,0,0,0,0,0,0,0,0,0
C3010,02,07,0000,District - Una  07,Rural,10,10465,5451,5014,10009,5233,4776,10009,5233,4776,0,0,0,0,0,0,0,0,0,0,0,0
C3010,02,07,0000,District - Una  07,Rural,11,8505,4445,4060,8261,4325,3936,8261,4325,3936,0,0,0,0,0,0,0,0,0,0,0,0
C3010,02,07,0000,District - Una  07,Rural,12,9918,5088,4830,9481,4875,4606,9481,4875,4606,0,0,0,0,0,0,0,0,0,0,0,0
C3010,02,07,0000,District - Una  07,Rural,13,8834,4474,4360,8453,4298,4155,8453,4298,4155,0,0,0,0,0,0,0,0,0,0,0,0
C3010,02,07,0000,District - Una  07,Rural,14,9086,4634,4452,8349,4293,4056,8349,4293,4056,0,0,0,0,0,0,0,0,0,0,0,0
C3010,02,07,0000,District - Una  07,Rural,15-19,40503,20586,19917,27743,14436,13307,24560,12885,11675,2674,1270,1404,308,165,143,191,111,80,10,5,5
C3010,02,07,0000,District - Una  07,Rural,20-24,36959,17949,19010,5900,3224,2676,1519,876,643,3800,1989,1811,385,249,136,183,105,78,13,5,8
C3010,02,07,0000,District - Una  07,Rural,25-29,32831,15422,17409,392,249,143,0,0,0,208,136,72,97,64,33,74,45,29,13,4,9
C3010,02,07,0000,District - Una  07,Rural,30-34,27650,13162,14488,51,26,25,0,0,0,21,12,9,16,10,6,10,4,6,4,0,4
C3010,02,07,0000,District - Una  07,Rural,35-59,96753,46615,50138,68,29,39,0,0,0,19,12,7,28,9,19,8,5,3,13,3,10
C3010,02,07,0000,District - Una  07,Rural,60+,45545,21842,23703,39,15,24,0,0,0,20,8,12,14,6,8,0,0,0,5,1,4
C3010,02,07,0000,District - Una  07,Rural,Age not stated,995,559,436,10,6,4,0,0,0,5,4,1,4,2,2,0,0,0,1,0,1
C3010,02,07,0000,District - Una  07,Urban,All ages,39424,20800,18624,10835,5812,5023,9455,5149,4306,1171,524,647,137,90,47,62,42,20,10,7,3
C3010,02,07,0000,District - Una  07,Urban,0-4,3402,1863,1539,187,114,73,187,114,73,0,0,0,0,0,0,0,0,0,0,0,0
C3010,02,07,0000,District - Una  07,Urban,5,803,448,355,323,182,141,323,182,141,0,0,0,0,0,0,0,0,0,0,0,0
C3010,02,07,0000,District - Una  07,Urban,6,683,375,308,441,248,193,441,248,193,0,0,0,0,0,0,0,0,0,0,0,0
C3010,02,07,0000,District - Una  07,Urban,7,785,445,340,698,403,295,698,403,295,0,0,0,0,0,0,0,0,0,0,0,0
C3010,02,07,0000,District - Una  07,Urban,8,871,481,390,768,434,334,768,434,334,0,0,0,0,0,0,0,0,0,0,0,0
C3010,02,07,0000,District - Una  07,Urban,9,810,470,340,748,433,315,748,433,315,0,0,0,0,0,0,0,0,0,0,0,0
C3010,02,07,0000,District - Una  07,Urban,10,1001,559,442,898,510,388,898,510,388,0,0,0,0,0,0,0,0,0,0,0,0
C3010,02,07,0000,District - Una  07,Urban,11,755,380,375,710,360,350,710,360,350,0,0,0,0,0,0,0,0,0,0,0,0
C3010,02,07,0000,District - Una  07,Urban,12,912,498,414,821,454,367,821,454,367,0,0,0,0,0,0,0,0,0,0,0,0
C3010,02,07,0000,District - Una  07,Urban,13,773,419,354,720,394,326,720,394,326,0,0,0,0,0,0,0,0,0,0,0,0
C3010,02,07,0000,District - Una  07,Urban,14,818,428,390,739,384,355,739,384,355,0,0,0,0,0,0,0,0,0,0,0,0
C3010,02,07,0000,District - Una  07,Urban,15-19,3864,2118,1746,2748,1372,1376,2244,1143,1101,442,183,259,44,32,12,16,12,4,2,2,0
C3010,02,07,0000,District - Una  07,Urban,20-24,3678,1910,1768,921,456,465,158,90,68,673,309,364,61,39,22,26,16,10,3,2,1
C3010,02,07,0000,District - Una  07,Urban,25-29,3382,1694,1688,75,46,29,0,0,0,32,19,13,24,14,10,18,12,6,1,1,0
C3010,02,07,0000,District - Una  07,Urban,30-34,3087,1585,1502,10,6,4,0,0,0,7,3,4,1,1,0,1,1,0,1,1,0
C3010,02,07,0000,District - Una  07,Urban,35-59,10339,5457,4882,21,13,8,0,0,0,12,8,4,6,3,3,1,1,0,2,1,1
C3010,02,07,0000,District - Una  07,Urban,60+,3352,1615,1737,5,2,3,0,0,0,3,1,2,1,1,0,0,0,0,1,0,1
C3010,02,07,0000,District - Una  07,Urban,Age not stated,109,55,54,2,1,1,0,0,0,2,1,1,0,0,0,0,0,0,0,0,0
C3010,02,08,0000,District - Bilaspur  08,Total,All ages,340885,171263,169622,98017,52577,45440,89176,47391,41785,7680,4460,3220,638,422,216,460,271,189,63,33,30
C3010,02,08,0000,District - Bilaspur  08,Total,0-4,30878,16421,14457,519,279,240,519,279,240,0,0,0,0,0,0,0,0,0,0,0,0
C3010,02,08,0000,District - Bilaspur  08,Total,5,6356,3394,2962,2168,1196,972,2168,1196,972,0,0,0,0,0,0,0,0,0,0,0,0
C3010,02,08,0000,District - Bilaspur  08,Total,6,5656,2980,2676,4112,2197,1915,4112,2197,1915,0,0,0,0,0,0,0,0,0,0,0,0
C3010,02,08,0000,District - Bilaspur  08,Total,7,6475,3408,3067,6124,3256,2868,6124,3256,2868,0,0,0,0,0,0,0,0,0,0,0,0
C3010,02,08,0000,District - Bilaspur  08,Total,8,7547,3936,3611,7352,3851,3501,7352,3851,3501,0,0,0,0,0,0,0,0,0,0,0,0
C3010,02,08,0000,District - Bilaspur  08,Total,9,7192,3732,3460,7073,3674,3399,7073,3674,3399,0,0,0,0,0,0,0,0,0,0,0,0
C3010,02,08,0000,District - Bilaspur  08,Total,10,8136,4201,3935,7951,4117,3834,7951,4117,3834,0,0,0,0,0,0,0,0,0,0,0,0
C3010,02,08,0000,District - Bilaspur  08,Total,11,6979,3616,3363,6849,3553,3296,6849,3553,3296,0,0,0,0,0,0,0,0,0,0,0,0
C3010,02,08,0000,District - Bilaspur  08,Total,12,8336,4227,4109,8093,4130,3963,8093,4130,3963,0,0,0,0,0,0,0,0,0,0,0,0
C3010,02,08,0000,District - Bilaspur  08,Total,13,7536,3777,3759,7289,3675,3614,7289,3675,3614,0,0,0,0,0,0,0,0,0,0,0,0
C3010,02,08,0000,District - Bilaspur  08,Total,14,7628,3988,3640,7159,3791,3368,7159,3791,3368,0,0,0,0,0,0,0,0,0,0,0,0
C3010,02,08,0000,District - Bilaspur  08,Total,15-19,33996,17826,16170,25213,13788,11425,22531,12361,10170,2418,1264,1154,162,106,56,101,56,45,1,1,0
C3010,02,08,0000,District - Bilaspur  08,Total,20-24,31955,16244,15711,7188,4423,2765,1956,1311,645,4795,2847,1948,274,182,92,156,79,77,7,4,3
C3010,02,08,0000,District - Bilaspur  08,Total,25-29,29018,13994,15024,695,500,195,0,0,0,393,297,96,133,90,43,162,109,53,7,4,3
C3010,02,08,0000,District - Bilaspur  08,Total,30-34,24077,11778,12299,87,60,27,0,0,0,33,24,9,23,17,6,24,17,7,7,2,5
C3010,02,08,0000,District - Bilaspur  08,Total,35-59,82688,40014,42674,89,50,39,0,0,0,20,15,5,29,16,13,14,8,6,26,11,15
C3010,02,08,0000,District - Bilaspur  08,Total,60+,35720,17317,18403,49,32,17,0,0,0,17,10,7,15,10,5,2,1,1,15,11,4
C3010,02,08,0000,District - Bilaspur  08,Total,Age not stated,712,410,302,7,5,2,0,0,0,4,3,1,2,1,1,1,1,0,0,0,0
C3010,02,08,0000,District - Bilaspur  08,Rural,All ages,318934,159488,159446,91215,48938,42277,83689,44470,39219,6552,3846,2706,508,350,158,408,243,165,58,29,29
C3010,02,08,0000,District - Bilaspur  08,Rural,0-4,29166,15485,13681,344,185,159,344,185,159,0,0,0,0,0,0,0,0,0,0,0,0
C3010,02,08,0000,District - Bilaspur  08,Rural,5,5962,3160,2802,1947,1053,894,1947,1053,894,0,0,0,0,0,0,0,0,0,0,0,0
C3010,02,08,0000,District - Bilaspur  08,Rural,6,5275,2796,2479,3841,2062,1779,3841,2062,1779,0,0,0,0,0,0,0,0,0,0,0,0
C3010,02,08,0000,District - Bilaspur  08,Rural,7,6039,3162,2877,5707,3021,2686,5707,3021,2686,0,0,0,0,0,0,0,0,0,0,0,0
C3010,02,08,0000,District - Bilaspur  08,Rural,8,7082,3677,3405,6900,3600,3300,6900,3600,3300,0,0,0,0,0,0,0,0,0,0,0,0
C3010,02,08,0000,District - Bilaspur  08,Rural,9,6809,3532,3277,6702,3482,3220,6702,3482,3220,0,0,0,0,0,0,0,0,0,0,0,0
C3010,02,08,0000,District - Bilaspur  08,Rural,10,7667,3945,3722,7506,3872,3634,7506,3872,3634,0,0,0,0,0,0,0,0,0,0,0,0
C3010,02,08,0000,District - Bilaspur  08,Rural,11,6575,3417,3158,6459,3360,3099,6459,3360,3099,0,0,0,0,0,0,0,0,0,0,0,0
C3010,02,08,0000,District - Bilaspur  08,Rural,12,7890,4003,3887,7667,3915,3752,7667,3915,3752,0,0,0,0,0,0,0,0,0,0,0,0
C3010,02,08,0000,District - Bilaspur  08,Rural,13,7099,3541,3558,6863,3445,3418,6863,3445,3418,0,0,0,0,0,0,0,0,0,0,0,0
C3010,02,08,0000,District - Bilaspur  08,Rural,14,7186,3760,3426,6742,3581,3161,6742,3581,3161,0,0,0,0,0,0,0,0,0,0,0,0
C3010,02,08,0000,District - Bilaspur  08,Rural,15-19,31769,16586,15183,23388,12824,10564,21155,11639,9516,2011,1053,958,133,82,51,88,49,39,1,1,0
C3010,02,08,0000,District - Bilaspur  08,Rural,20-24,29714,15022,14692,6337,3953,2384,1856,1255,601,4125,2475,1650,210,149,61,141,72,69,5,2,3
C3010,02,08,0000,District - Bilaspur  08,Rural,25-29,27006,13026,13980,612,462,150,0,0,0,353,273,80,108,85,23,144,100,44,7,4,3
C3010,02,08,0000,District - Bilaspur  08,Rural,30-34,22241,10836,11405,76,50,26,0,0,0,30,22,8,20,14,6,20,13,7,6,1,5
C3010,02,08,0000,District - Bilaspur  08,Rural,35-59,76637,36624,40013,82,45,37,0,0,0,18,14,4,26,13,13,14,8,6,24,10,14
C3010,02,08,0000,District - Bilaspur  08,Rural,60+,34150,16531,17619,37,24,13,0,0,0,11,6,5,11,7,4,0,0,0,15,11,4
C3010,02,08,0000,District - Bilaspur  08,Rural,Age not stated,667,385,282,5,4,1,0,0,0,4,3,1,0,0,0,1,1,0,0,0,0
C3010,02,08,0000,District - Bilaspur  08,Urban,All ages,21951,11775,10176,6802,3639,3163,5487,2921,2566,1128,614,514,130,72,58,52,28,24,5,4,1
C3010,02,08,0000,District - Bilaspur  08,Urban,0-4,1712,936,776,175,94,81,175,94,81,0,0,0,0,0,0,0,0,0,0,0,0
C3010,02,08,0000,District - Bilaspur  08,Urban,5,394,234,160,221,143,78,221,143,78,0,0,0,0,0,0,0,0,0,0,0,0
C3010,02,08,0000,District - Bilaspur  08,Urban,6,381,184,197,271,135,136,271,135,136,0,0,0,0,0,0,0,0,0,0,0,0
C3010,02,08,0000,District - Bilaspur  08,Urban,7,436,246,190,417,235,182,417,235,182,0,0,0,0,0,0,0,0,0,0,0,0
C3010,02,08,0000,District - Bilaspur  08,Urban,8,465,259,206,452,251,201,452,251,201,0,0,0,0,0,0,0,0,0,0,0,0
C3010,02,08,0000,District - Bilaspur  08,Urban,9,383,200,183,371,192,179,371,192,179,0,0,0,0,0,0,0,0,0,0,0,0
C3010,02,08,0000,District - Bilaspur  08,Urban,10,469,256,213,445,245,200,445,245,200,0,0,0,0,0,0,0,0,0,0,0,0
C3010,02,08,0000,District - Bilaspur  08,Urban,11,404,199,205,390,193,197,390,193,197,0,0,0,0,0,0,0,0,0,0,0,0
C3010,02,08,0000,District - Bilaspur  08,Urban,12,446,224,222,426,215,211,426,215,211,0,0,0,0,0,0,0,0,0,0,0,0
C3010,02,08,0000,District - Bilaspur  08,Urban,13,437,236,201,426,230,196,426,230,196,0,0,0,0,0,0,0,0,0,0,0,0
C3010,02,08,0000,District - Bilaspur  08,Urban,14,442,228,214,417,210,207,417,210,207,0,0,0,0,0,0,0,0,0,0,0,0
C3010,02,08,0000,District - Bilaspur  08,Urban,15-19,2227,1240,987,1825,964,861,1376,722,654,407,211,196,29,24,5,13,7,6,0,0,0
C3010,02,08,0000,District - Bilaspur  08,Urban,20-24,2241,1222,1019,851,470,381,100,56,44,670,372,298,64,33,31,15,7,8,2,2,0
C3010,02,08,0000,District - Bilaspur  08,Urban,25-29,2012,968,1044,83,38,45,0,0,0,40,24,16,25,5,20,18,9,9,0,0,0
C3010,02,08,0000,District - Bilaspur  08,Urban,30-34,1836,942,894,11,10,1,0,0,0,3,2,1,3,3,0,4,4,0,1,1,0
C3010,02,08,0000,District - Bilaspur  08,Urban,35-59,6051,3390,2661,7,5,2,0,0,0,2,1,1,3,3,0,0,0,0,2,1,1
C3010,02,08,0000,District - Bilaspur  08,Urban,60+,1570,786,784,12,8,4,0,0,0,6,4,2,4,3,1,2,1,1,0,0,0
C3010,02,08,0000,District - Bilaspur  08,Urban,Age not stated,45,25,20,2,1,1,0,0,0,0,0,0,2,1,1,0,0,0,0,0,0
C3010,02,09,0000,District - Solan  09,Total,All ages,500557,270291,230266,127083,68372,58711,116681,62298,54383,8163,4696,3467,1225,784,441,841,528,313,173,66,107
C3010,02,09,0000,District - Solan  09,Total,0-4,47189,24821,22368,765,409,356,765,409,356,0,0,0,0,0,0,0,0,0,0,0,0
C3010,02,09,0000,District - Solan  09,Total,5,10131,5353,4778,1897,1068,829,1897,1068,829,0,0,0,0,0,0,0,0,0,0,0,0
C3010,02,09,0000,District - Solan  09,Total,6,9114,4785,4329,5295,2803,2492,5295,2803,2492,0,0,0,0,0,0,0,0,0,0,0,0
C3010,02,09,0000,District - Solan  09,Total,7,9518,4983,4535,8553,4514,4039,8553,4514,4039,0,0,0,0,0,0,0,0,0,0,0,0
C3010,02,09,0000,District - Solan  09,Total,8,10723,5625,5098,9974,5266,4708,9974,5266,4708,0,0,0,0,0,0,0,0,0,0,0,0
C3010,02,09,0000,District - Solan  09,Total,9,9895,5112,4783,9467,4907,4560,9467,4907,4560,0,0,0,0,0,0,0,0,0,0,0,0
C3010,02,09,0000,District - Solan  09,Total,10,11838,6190,5648,11180,5872,5308,11180,5872,5308,0,0,0,0,0,0,0,0,0,0,0,0
C3010,02,09,0000,District - Solan  09,Total,11,9723,5041,4682,9363,4865,4498,9363,4865,4498,0,0,0,0,0,0,0,0,0,0,0,0
C3010,02,09,0000,District - Solan  09,Total,12,11609,6019,5590,10942,5699,5243,10942,5699,5243,0,0,0,0,0,0,0,0,0,0,0,0
C3010,02,09,0000,District - Solan  09,Total,13,10224,5170,5054,9603,4914,4689,9603,4914,4689,0,0,0,0,0,0,0,0,0,0,0,0
C3010,02,09,0000,District - Solan  09,Total,14,10463,5413,5050,9364,4921,4443,9364,4921,4443,0,0,0,0,0,0,0,0,0,0,0,0
C3010,02,09,0000,District - Solan  09,Total,15-19,49724,27377,22347,30977,17035,13942,28077,15563,12514,2490,1266,1224,282,151,131,124,55,69,4,0,4
C3010,02,09,0000,District - Solan  09,Total,20-24,55817,32270,23547,8118,5054,3064,2201,1497,704,5111,3039,2072,504,333,171,293,179,114,9,6,3
C3010,02,09,0000,District - Solan  09,Total,25-29,51748,28953,22795,975,655,320,0,0,0,378,265,113,283,186,97,290,196,94,24,8,16
C3010,02,09,0000,District - Solan  09,Total,30-34,39476,21869,17607,227,146,81,0,0,0,59,35,24,61,44,17,81,59,22,26,8,18
C3010,02,09,0000,District - Solan  09,Total,35-59,116164,62096,54068,299,193,106,0,0,0,89,68,21,74,57,17,47,36,11,89,32,57
C3010,02,09,0000,District - Solan  09,Total,60+,35988,18527,17461,78,49,29,0,0,0,34,22,12,19,12,7,4,3,1,21,12,9
C3010,02,09,0000,District - Solan  09,Total,Age not stated,1213,687,526,6,2,4,0,0,0,2,1,1,2,1,1,2,0,2,0,0,0
C3010,02,09,0000,District - Solan  09,Rural,All ages,409362,214150,195212,105543,56684,48859,98951,52698,46253,5147,3111,2036,808,514,294,493,309,184,144,52,92
C3010,02,09,0000,District - Solan  09,Rural,0-4,40214,21161,19053,438,229,209,438,229,209,0,0,0,0,0,0,0,0,0,0,0,0
C3010,02,09,0000,District - Solan  09,Rural,5,8622,4500,4122,1405,786,619,1405,786,619,0,0,0,0,0,0,0,0,0,0,0,0
C3010,02,09,0000,District - Solan  09,Rural,6,7670,4005,3665,4472,2352,2120,4472,2352,2120,0,0,0,0,0,0,0,0,0,0,0,0
C3010,02,09,0000,District - Solan  09,Rural,7,8057,4210,3847,7243,3811,3432,7243,3811,3432,0,0,0,0,0,0,0,0,0,0,0,0
C3010,02,09,0000,District - Solan  09,Rural,8,9094,4708,4386,8491,4420,4071,8491,4420,4071,0,0,0,0,0,0,0,0,0,0,0,0
C3010,02,09,0000,District - Solan  09,Rural,9,8504,4365,4139,8144,4199,3945,8144,4199,3945,0,0,0,0,0,0,0,0,0,0,0,0
C3010,02,09,0000,District - Solan  09,Rural,10,10139,5265,4874,9591,4997,4594,9591,4997,4594,0,0,0,0,0,0,0,0,0,0,0,0
C3010,02,09,0000,District - Solan  09,Rural,11,8356,4324,4032,8049,4169,3880,8049,4169,3880,0,0,0,0,0,0,0,0,0,0,0,0
C3010,02,09,0000,District - Solan  09,Rural,12,9923,5126,4797,9365,4866,4499,9365,4866,4499,0,0,0,0,0,0,0,0,0,0,0,0
C3010,02,09,0000,District - Solan  09,Rural,13,8793,4426,4367,8265,4222,4043,8265,4222,4043,0,0,0,0,0,0,0,0,0,0,0,0
C3010,02,09,0000,District - Solan  09,Rural,14,9008,4616,4392,8072,4225,3847,8072,4225,3847,0,0,0,0,0,0,0,0,0,0,0,0
C3010,02,09,0000,District - Solan  09,Rural,15-19,40536,21317,19219,25606,14204,11402,23663,13198,10465,1669,879,790,182,87,95,88,40,48,4,0,4
C3010,02,09,0000,District - Solan  09,Rural,20-24,41767,22200,19567,5438,3545,1893,1753,1224,529,3190,2015,1175,316,203,113,172,99,73,7,4,3
C3010,02,09,0000,District - Solan  09,Rural,25-29,39825,21130,18695,607,431,176,0,0,0,224,168,56,200,139,61,167,120,47,16,4,12
C3010,02,09,0000,District - Solan  09,Rural,30-34,31107,16717,14390,116,81,35,0,0,0,22,16,6,37,32,5,38,28,10,19,5,14
C3010,02,09,0000,District - Solan  09,Rural,35-59,94759,49142,45617,184,114,70,0,0,0,25,22,3,58,44,14,23,20,3,78,28,50
C3010,02,09,0000,District - Solan  09,Rural,60+,31948,16354,15594,53,32,21,0,0,0,16,11,5,14,8,6,3,2,1,20,11,9
C3010,02,09,0000,District - Solan  09,Rural,Age not stated,1040,584,456,4,1,3,0,0,0,1,0,1,1,1,0,2,0,2,0,0,0
C3010,02,09,0000,District - Solan  09,Urban,All ages,91195,56141,35054,21540,11688,9852,17730,9600,8130,3016,1585,1431,417,270,147,348,219,129,29,14,15
C3010,02,09,0000,District - Solan  09,Urban,0-4,6975,3660,3315,327,180,147,327,180,147,0,0,0,0,0,0,0,0,0,0,0,0
C3010,02,09,0000,District - Solan  09,Urban,5,1509,853,656,492,282,210,492,282,210,0,0,0,0,0,0,0,0,0,0,0,0
C3010,02,09,0000,District - Solan  09,Urban,6,1444,780,664,823,451,372,823,451,372,0,0,0,0,0,0,0,0,0,0,0,0
C3010,02,09,0000,District - Solan  09,Urban,7,1461,773,688,1310,703,607,1310,703,607,0,0,0,0,0,0,0,0,0,0,0,0
C3010,02,09,0000,District - Solan  09,Urban,8,1629,917,712,1483,846,637,1483,846,637,0,0,0,0,0,0,0,0,0,0,0,0
C3010,02,09,0000,District - Solan  09,Urban,9,1391,747,644,1323,708,615,1323,708,615,0,0,0,0,0,0,0,0,0,0,0,0
C3010,02,09,0000,District - Solan  09,Urban,10,1699,925,774,1589,875,714,1589,875,714,0,0,0,0,0,0,0,0,0,0,0,0
C3010,02,09,0000,District - Solan  09,Urban,11,1367,717,650,1314,696,618,1314,696,618,0,0,0,0,0,0,0,0,0,0,0,0
C3010,02,09,0000,District - Solan  09,Urban,12,1686,893,793,1577,833,744,1577,833,744,0,0,0,0,0,0,0,0,0,0,0,0
C3010,02,09,0000,District - Solan  09,Urban,13,1431,744,687,1338,692,646,1338,692,646,0,0,0,0,0,0,0,0,0,0,0,0
C3010,02,09,0000,District - Solan  09,Urban,14,1455,797,658,1292,696,596,1292,696,596,0,0,0,0,0,0,0,0,0,0,0,0
C3010,02,09,0000,District - Solan  09,Urban,15-19,9188,6060,3128,5371,2831,2540,4414,2365,2049,821,387,434,100,64,36,36,15,21,0,0,0
C3010,02,09,0000,District - Solan  09,Urban,20-24,14050,10070,3980,2680,1509,1171,448,273,175,1921,1024,897,188,130,58,121,80,41,2,2,0
C3010,02,09,0000,District - Solan  09,Urban,25-29,11923,7823,4100,368,224,144,0,0,0,154,97,57,83,47,36,123,76,47,8,4,4
C3010,02,09,0000,District - Solan  09,Urban,30-34,8369,5152,3217,111,65,46,0,0,0,37,19,18,24,12,12,43,31,12,7,3,4
C3010,02,09,0000,District - Solan  09,Urban,35-59,21405,12954,8451,115,79,36,0,0,0,64,46,18,16,13,3,24,16,8,11,4,7
C3010,02,09,0000,District - Solan  09,Urban,60+,4040,2173,1867,25,17,8,0,0,0,18,11,7,5,4,1,1,1,0,1,1,0
C3010,02,09,0000,District - Solan  09,Urban,Age not stated,173,103,70,2,1,1,0,0,0,1,1,0,1,0,1,0,0,0,0,0,0
C3010,02,10,0000,District - Sirmaur  10,Total,All ages,458593,241299,217294,127740,69112,58628,121191,65189,56002,5138,3020,2118,776,523,253,507,326,181,128,54,74
C3010,02,10,0000,District - Sirmaur  10,Total,0-4,48301,24940,23361,788,408,380,788,408,380,0,0,0,0,0,0,0,0,0,0,0,0
C3010,02,10,0000,District - Sirmaur  10,Total,5,10904,5686,5218,1761,1025,736,1761,1025,736,0,0,0,0,0,0,0,0,0,0,0,0
C3010,02,10,0000,District - Sirmaur  10,Total,6,9226,4750,4476,5021,2680,2341,5021,2680,2341,0,0,0,0,0,0,0,0,0,0,0,0
C3010,02,10,0000,District - Sirmaur  10,Total,7,9966,5193,4773,8837,4693,4144,8837,4693,4144,0,0,0,0,0,0,0,0,0,0,0,0
C3010,02,10,0000,District - Sirmaur  10,Total,8,11843,6214,5629,10967,5823,5144,10967,5823,5144,0,0,0,0,0,0,0,0,0,0,0,0
C3010,02,10,0000,District - Sirmaur  10,Total,9,11215,5720,5495,10727,5519,5208,10727,5519,5208,0,0,0,0,0,0,0,0,0,0,0,0
C3010,02,10,0000,District - Sirmaur  10,Total,10,13151,6869,6282,12472,6561,5911,12472,6561,5911,0,0,0,0,0,0,0,0,0,0,0,0
C3010,02,10,0000,District - Sirmaur  10,Total,11,9902,5123,4779,9511,4960,4551,9511,4960,4551,0,0,0,0,0,0,0,0,0,0,0,0
C3010,02,10,0000,District - Sirmaur  10,Total,12,12919,6718,6201,12016,6340,5676,12016,6340,5676,0,0,0,0,0,0,0,0,0,0,0,0
C3010,02,10,0000,District - Sirmaur  10,Total,13,10720,5440,5280,9839,5096,4743,9839,5096,4743,0,0,0,0,0,0,0,0,0,0,0,0
C3010,02,10,0000,District - Sirmaur  10,Total,14,11095,5704,5391,9618,5088,4530,9618,5088,4530,0,0,0,0,0,0,0,0,0,0,0,0
C3010,02,10,0000,District - Sirmaur  10,Total,15-19,48085,25447,22638,28911,16224,12687,27071,15248,11823,1510,784,726,199,105,94,126,83,43,5,4,1
C3010,02,10,0000,District - Sirmaur  10,Total,20-24,42233,22817,19416,6225,3970,2255,2563,1748,815,3177,1916,1261,300,212,88,166,89,77,19,5,14
C3010,02,10,0000,District - Sirmaur  10,Total,25-29,37641,19671,17970,593,422,171,0,0,0,325,230,95,130,98,32,126,90,36,12,4,8
C3010,02,10,0000,District - Sirmaur  10,Total,30-34,31705,16666,15039,134,95,39,0,0,0,53,41,12,33,21,12,35,26,9,13,7,6
C3010,02,10,0000,District - Sirmaur  10,Total,35-59,105241,55685,49556,227,148,79,0,0,0,35,24,11,90,70,20,44,31,13,58,23,35
C3010,02,10,0000,District - Sirmaur  10,Total,60+,33531,18119,15412,87,59,28,0,0,0,35,25,10,23,17,6,8,6,2,21,11,10
C3010,02,10,0000,District - Sirmaur  10,Total,Age not stated,915,537,378,6,1,5,0,0,0,3,0,3,1,0,1,2,1,1,0,0,0
C3010,02,10,0000,District - Sirmaur  10,Rural,All ages,410923,215656,195267,113427,61335,52092,109489,58850,50639,2901,1851,1050,535,339,196,388,246,142,114,49,65
C3010,02,10,0000,District - Sirmaur  10,Rural,0-4,44481,22868,21613,494,251,243,494,251,243,0,0,0,0,0,0,0,0,0,0,0,0
C3010,02,10,0000,District - Sirmaur  10,Rural,5,9949,5157,4792,1334,783,551,1334,783,551,0,0,0,0,0,0,0,0,0,0,0,0
C3010,02,10,0000,District - Sirmaur  10,Rural,6,8342,4265,4077,4459,2372,2087,4459,2372,2087,0,0,0,0,0,0,0,0,0,0,0,0
C3010,02,10,0000,District - Sirmaur  10,Rural,7,9057,4680,4377,7986,4211,3775,7986,4211,3775,0,0,0,0,0,0,0,0,0,0,0,0
C3010,02,10,0000,District - Sirmaur  10,Rural,8,10888,5693,5195,10066,5325,4741,10066,5325,4741,0,0,0,0,0,0,0,0,0,0,0,0
C3010,02,10,0000,District - Sirmaur  10,Rural,9,10343,5238,5105,9885,5050,4835,9885,5050,4835,0,0,0,0,0,0,0,0,0,0,0,0
C3010,02,10,0000,District - Sirmaur  10,Rural,10,12069,6270,5799,11442,5989,5453,11442,5989,5453,0,0,0,0,0,0,0,0,0,0,0,0
C3010,02,10,0000,District - Sirmaur  10,Rural,11,9077,4689,4388,8718,4541,4177,8718,4541,4177,0,0,0,0,0,0,0,0,0,0,0,0
C3010,02,10,0000,District - Sirmaur  10,Rural,12,11905,6165,5740,11049,5811,5238,11049,5811,5238,0,0,0,0,0,0,0,0,0,0,0,0
C3010,02,10,0000,District - Sirmaur  10,Rural,13,9810,4960,4850,8981,4647,4334,8981,4647,4334,0,0,0,0,0,0,0,0,0,0,0,0
C3010,02,10,0000,District - Sirmaur  10,Rural,14,10196,5224,4972,8787,4643,4144,8787,4643,4144,0,0,0,0,0,0,0,0,0,0,0,0
C3010,02,10,0000,District - Sirmaur  10,Rural,15-19,43136,22799,20337,25099,14263,10836,24022,13663,10359,825,464,361,145,67,78,102,65,37,5,4,1
C3010,02,10,0000,District - Sirmaur  10,Rural,20-24,37078,20044,17034,4415,2945,1470,2266,1564,702,1795,1175,620,211,137,74,126,64,62,17,5,12
C3010,02,10,0000,District - Sirmaur  10,Rural,25-29,33010,17399,15611,395,289,106,0,0,0,215,160,55,80,59,21,94,68,26,6,2,4
C3010,02,10,0000,District - Sirmaur  10,Rural,30-34,27596,14438,13158,90,67,23,0,0,0,35,29,6,21,14,7,23,18,5,11,6,5
C3010,02,10,0000,District - Sirmaur  10,Rural,35-59,92921,48937,43984,171,111,60,0,0,0,20,15,5,60,50,10,36,25,11,55,21,34
C3010,02,10,0000,District - Sirmaur  10,Rural,60+,30292,16380,13912,54,36,18,0,0,0,11,8,3,17,12,5,6,5,1,20,11,9
C3010,02,10,0000,District - Sirmaur  10,Rural,Age not stated,773,450,323,2,1,1,0,0,0,0,0,0,1,0,1,1,1,0,0,0,0
C3010,02,10,0000,District - Sirmaur  10,Urban,All ages,47670,25643,22027,14313,7777,6536,11702,6339,5363,2237,1169,1068,241,184,57,119,80,39,14,5,9
C3010,02,10,0000,District - Sirmaur  10,Urban,0-4,3820,2072,1748,294,157,137,294,157,137,0,0,0,0,0,0,0,0,0,0,0,0
C3010,02,10,0000,District - Sirmaur  10,Urban,5,955,529,426,427,242,185,427,242,185,0,0,0,0,0,0,0,0,0,0,0,0
C3010,02,10,0000,District - Sirmaur  10,Urban,6,884,485,399,562,308,254,562,308,254,0,0,0,0,0,0,0,0,0,0,0,0
C3010,02,10,0000,District - Sirmaur  10,Urban,7,909,513,396,851,482,369,851,482,369,0,0,0,0,0,0,0,0,0,0,0,0
C3010,02,10,0000,District - Sirmaur  10,Urban,8,955,521,434,901,498,403,901,498,403,0,0,0,0,0,0,0,0,0,0,0,0
C3010,02,10,0000,District - Sirmaur  10,Urban,9,872,482,390,842,469,373,842,469,373,0,0,0,0,0,0,0,0,0,0,0,0
C3010,02,10,0000,District - Sirmaur  10,Urban,10,1082,599,483,1030,572,458,1030,572,458,0,0,0,0,0,0,0,0,0,0,0,0
C3010,02,10,0000,District - Sirmaur  10,Urban,11,825,434,391,793,419,374,793,419,374,0,0,0,0,0,0,0,0,0,0,0,0
C3010,02,10,0000,District - Sirmaur  10,Urban,12,1014,553,461,967,529,438,967,529,438,0,0,0,0,0,0,0,0,0,0,0,0
C3010,02,10,0000,District - Sirmaur  10,Urban,13,910,480,430,858,449,409,858,449,409,0,0,0,0,0,0,0,0,0,0,0,0
C3010,02,10,0000,District - Sirmaur  10,Urban,14,899,480,419,831,445,386,831,445,386,0,0,0,0,0,0,0,0,0,0,0,0
C3010,02,10,0000,District - Sirmaur  10,Urban,15-19,4949,2648,2301,3812,1961,1851,3049,1585,1464,685,320,365,54,38,16,24,18,6,0,0,0
C3010,02,10,0000,District - Sirmaur  10,Urban,20-24,5155,2773,2382,1810,1025,785,297,184,113,1382,741,641,89,75,14,40,25,15,2,0,2
C3010,02,10,0000,District - Sirmaur  10,Urban,25-29,4631,2272,2359,198,133,65,0,0,0,110,70,40,50,39,11,32,22,10,6,2,4
C3010,02,10,0000,District - Sirmaur  10,Urban,30-34,4109,2228,1881,44,28,16,0,0,0,18,12,6,12,7,5,12,8,4,2,1,1
C3010,02,10,0000,District - Sirmaur  10,Urban,35-59,12320,6748,5572,56,37,19,0,0,0,15,9,6,30,20,10,8,6,2,3,2,1
C3010,02,10,0000,District - Sirmaur  10,Urban,60+,3239,1739,1500,33,23,10,0,0,0,24,17,7,6,5,1,2,1,1,1,0,1
C3010,02,10,0000,District - Sirmaur  10,Urban,Age not stated,142,87,55,4,0,4,0,0,0,3,0,3,0,0,0,1,0,1,0,0,0
C3010,02,11,0000,District - Shimla  11,Total,All ages,722502,380996,341506,210669,112547,98122,185592,97697,87895,20689,12234,8455,1798,1267,531,1470,964,506,1120,385,735
C3010,02,11,0000,District - Shimla  11,Total,0-4,59305,30774,28531,1643,897,746,1643,897,746,0,0,0,0,0,0,0,0,0,0,0,0
C3010,02,11,0000,District - Shimla  11,Total,5,13077,6852,6225,3284,1773,1511,3284,1773,1511,0,0,0,0,0,0,0,0,0,0,0,0
C3010,02,11,0000,District - Shimla  11,Total,6,12707,6479,6228,7854,4092,3762,7854,4092,3762,0,0,0,0,0,0,0,0,0,0,0,0
C3010,02,11,0000,District - Shimla  11,Total,7,13119,6710,6409,11955,6218,5737,11955,6218,5737,0,0,0,0,0,0,0,0,0,0,0,0
C3010,02,11,0000,District - Shimla  11,Total,8,15732,8130,7602,14932,7790,7142,14932,7790,7142,0,0,0,0,0,0,0,0,0,0,0,0
C3010,02,11,0000,District - Shimla  11,Total,9,14752,7552,7200,14253,7333,6920,14253,7333,6920,0,0,0,0,0,0,0,0,0,0,0,0
C3010,02,11,0000,District - Shimla  11,Total,10,17028,8769,8259,16384,8498,7886,16384,8498,7886,0,0,0,0,0,0,0,0,0,0,0,0
C3010,02,11,0000,District - Shimla  11,Total,11,14314,7321,6993,13895,7135,6760,13895,7135,6760,0,0,0,0,0,0,0,0,0,0,0,0
C3010,02,11,0000,District - Shimla  11,Total,12,17466,9095,8371,16709,8767,7942,16709,8767,7942,0,0,0,0,0,0,0,0,0,0,0,0
C3010,02,11,0000,District - Shimla  11,Total,13,15187,7750,7437,14432,7415,7017,14432,7415,7017,0,0,0,0,0,0,0,0,0,0,0,0
C3010,02,11,0000,District - Shimla  11,Total,14,16419,8455,7964,15165,7866,7299,15165,7866,7299,0,0,0,0,0,0,0,0,0,0,0,0
C3010,02,11,0000,District - Shimla  11,Total,15-19,73865,38774,35091,55496,29577,25919,49479,26403,23076,5413,2795,2618,319,216,103,258,153,105,27,10,17
C3010,02,11,0000,District - Shimla  11,Total,20-24,72215,38169,34046,20263,12394,7869,5607,3510,2097,13431,8111,5320,668,466,202,450,280,170,107,27,80
C3010,02,11,0000,District - Shimla  11,Total,25-29,66660,34680,31980,2493,1726,767,0,0,0,1376,985,391,436,330,106,548,370,178,133,41,92
C3010,02,11,0000,District - Shimla  11,Total,30-34,56957,30375,26582,571,342,229,0,0,0,177,126,51,121,87,34,117,86,31,156,43,113
C3010,02,11,0000,District - Shimla  11,Total,35-59,186087,100866,85221,1060,551,509,0,0,0,193,147,46,193,127,66,84,64,20,590,213,377
C3010,02,11,0000,District - Shimla  11,Total,60+,56061,29335,26726,263,159,104,0,0,0,94,68,26,51,31,20,11,9,2,107,51,56
C3010,02,11,0000,District - Shimla  11,Total,Age not stated,1551,910,641,17,14,3,0,0,0,5,2,3,10,10,0,2,2,0,0,0,0
C3010,02,11,0000,District - Shimla  11,Rural,All ages,555269,285305,269964,155753,82510,73243,144143,75330,68813,9165,5863,3302,738,512,226,634,447,187,1073,358,715
C3010,02,11,0000,District - Shimla  11,Rural,0-4,48552,24909,23643,717,381,336,717,381,336,0,0,0,0,0,0,0,0,0,0,0,0
C3010,02,11,0000,District - Shimla  11,Rural,5,10384,5350,5034,1966,1024,942,1966,1024,942,0,0,0,0,0,0,0,0,0,0,0,0
C3010,02,11,0000,District - Shimla  11,Rural,6,10210,5145,5065,6167,3193,2974,6167,3193,2974,0,0,0,0,0,0,0,0,0,0,0,0
C3010,02,11,0000,District - Shimla  11,Rural,7,10265,5181,5084,9246,4749,4497,9246,4749,4497,0,0,0,0,0,0,0,0,0,0,0,0
C3010,02,11,0000,District - Shimla  11,Rural,8,12607,6412,6195,11903,6117,5786,11903,6117,5786,0,0,0,0,0,0,0,0,0,0,0,0
C3010,02,11,0000,District - Shimla  11,Rural,9,11752,5946,5806,11319,5761,5558,11319,5761,5558,0,0,0,0,0,0,0,0,0,0,0,0
C3010,02,11,0000,District - Shimla  11,Rural,10,13507,6869,6638,12958,6642,6316,12958,6642,6316,0,0,0,0,0,0,0,0,0,0,0,0
C3010,02,11,0000,District - Shimla  11,Rural,11,11283,5737,5546,10926,5581,5345,10926,5581,5345,0,0,0,0,0,0,0,0,0,0,0,0
C3010,02,11,0000,District - Shimla  11,Rural,12,13805,7095,6710,13175,6846,6329,13175,6846,6329,0,0,0,0,0,0,0,0,0,0,0,0
C3010,02,11,0000,District - Shimla  11,Rural,13,11954,6003,5951,11312,5736,5576,11312,5736,5576,0,0,0,0,0,0,0,0,0,0,0,0
C3010,02,11,0000,District - Shimla  11,Rural,14,13052,6675,6377,11957,6180,5777,11957,6180,5777,0,0,0,0,0,0,0,0,0,0,0,0
C3010,02,11,0000,District - Shimla  11,Rural,15-19,55975,28874,27101,40518,21694,18824,37897,20219,17678,2385,1328,1057,109,79,30,104,61,43,23,7,16
C3010,02,11,0000,District - Shimla  11,Rural,20-24,52942,26885,26057,11077,7100,3977,4600,2901,1699,5921,3872,2049,242,166,76,216,139,77,98,22,76
C3010,02,11,0000,District - Shimla  11,Rural,25-29,50024,25500,24524,1178,849,329,0,0,0,664,511,153,161,124,37,237,183,54,116,31,85
C3010,02,11,0000,District - Shimla  11,Rural,30-34,41830,22007,19823,346,191,155,0,0,0,86,66,20,64,47,17,45,37,8,151,41,110
C3010,02,11,0000,District - Shimla  11,Rural,35-59,137810,71172,66638,794,358,436,0,0,0,64,53,11,123,75,48,28,24,4,579,206,373
C3010,02,11,0000,District - Shimla  11,Rural,60+,48133,24904,23229,186,102,84,0,0,0,42,32,10,35,17,18,3,2,1,106,51,55
C3010,02,11,0000,District - Shimla  11,Rural,Age not stated,1184,641,543,8,6,2,0,0,0,3,1,2,4,4,0,1,1,0,0,0,0
C3010,02,11,0000,District - Shimla  11,Urban,All ages,167233,95691,71542,54916,30037,24879,41449,22367,19082,11524,6371,5153,1060,755,305,836,517,319,47,27,20
C3010,02,11,0000,District - Shimla  11,Urban,0-4,10753,5865,4888,926,516,410,926,516,410,0,0,0,0,0,0,0,0,0,0,0,0
C3010,02,11,0000,District - Shimla  11,Urban,5,2693,1502,1191,1318,749,569,1318,749,569,0,0,0,0,0,0,0,0,0,0,0,0
C3010,02,11,0000,District - Shimla  11,Urban,6,2497,1334,1163,1687,899,788,1687,899,788,0,0,0,0,0,0,0,0,0,0,0,0
C3010,02,11,0000,District - Shimla  11,Urban,7,2854,1529,1325,2709,1469,1240,2709,1469,1240,0,0,0,0,0,0,0,0,0,0,0,0
C3010,02,11,0000,District - Shimla  11,Urban,8,3125,1718,1407,3029,1673,1356,3029,1673,1356,0,0,0,0,0,0,0,0,0,0,0,0
C3010,02,11,0000,District - Shimla  11,Urban,9,3000,1606,1394,2934,1572,1362,2934,1572,1362,0,0,0,0,0,0,0,0,0,0,0,0
C3010,02,11,0000,District - Shimla  11,Urban,10,3521,1900,1621,3426,1856,1570,3426,1856,1570,0,0,0,0,0,0,0,0,0,0,0,0
C3010,02,11,0000,District - Shimla  11,Urban,11,3031,1584,1447,2969,1554,1415,2969,1554,1415,0,0,0,0,0,0,0,0,0,0,0,0
C3010,02,11,0000,District - Shimla  11,Urban,12,3661,2000,1661,3534,1921,1613,3534,1921,1613,0,0,0,0,0,0,0,0,0,0,0,0
C3010,02,11,0000,District - Shimla  11,Urban,13,3233,1747,1486,3120,1679,1441,3120,1679,1441,0,0,0,0,0,0,0,0,0,0,0,0
C3010,02,11,0000,District - Shimla  11,Urban,14,3367,1780,1587,3208,1686,1522,3208,1686,1522,0,0,0,0,0,0,0,0,0,0,0,0
C3010,02,11,0000,District - Shimla  11,Urban,15-19,17890,9900,7990,14978,7883,7095,11582,6184,5398,3028,1467,1561,210,137,73,154,92,62,4,3,1
C3010,02,11,0000,District - Shimla  11,Urban,20-24,19273,11284,7989,9186,5294,3892,1007,609,398,7510,4239,3271,426,300,126,234,141,93,9,5,4
C3010,02,11,0000,District - Shimla  11,Urban,25-29,16636,9180,7456,1315,877,438,0,0,0,712,474,238,275,206,69,311,187,124,17,10,7
C3010,02,11,0000,District - Shimla  11,Urban,30-34,15127,8368,6759,225,151,74,0,0,0,91,60,31,57,40,17,72,49,23,5,2,3
C3010,02,11,0000,District - Shimla  11,Urban,35-59,48277,29694,18583,266,193,73,0,0,0,129,94,35,70,52,18,56,40,16,11,7,4
C3010,02,11,0000,District - Shimla  11,Urban,60+,7928,4431,3497,77,57,20,0,0,0,52,36,16,16,14,2,8,7,1,1,0,1
C3010,02,11,0000,District - Shimla  11,Urban,Age not stated,367,269,98,9,8,1,0,0,0,2,1,1,6,6,0,1,1,0,0,0,0
C3010,02,12,0000,District - Kinnaur  12,Total,All ages,78334,42173,36161,20684,10589,10095,19572,9951,9621,916,535,381,88,53,35,72,39,33,36,11,25
C3010,02,12,0000,District - Kinnaur  12,Total,0-4,6691,3418,3273,116,77,39,116,77,39,0,0,0,0,0,0,0,0,0,0,0,0
C3010,02,12,0000,District - Kinnaur  12,Total,5,1331,656,675,293,160,133,293,160,133,0,0,0,0,0,0,0,0,0,0,0,0
C3010,02,12,0000,District - Kinnaur  12,Total,6,1282,627,655,735,360,375,735,360,375,0,0,0,0,0,0,0,0,0,0,0,0
C3010,02,12,0000,District - Kinnaur  12,Total,7,1388,718,670,1297,678,619,1297,678,619,0,0,0,0,0,0,0,0,0,0,0,0
C3010,02,12,0000,District - Kinnaur  12,Total,8,1585,809,776,1516,771,745,1516,771,745,0,0,0,0,0,0,0,0,0,0,0,0
C3010,02,12,0000,District - Kinnaur  12,Total,9,1553,761,792,1523,753,770,1523,753,770,0,0,0,0,0,0,0,0,0,0,0,0
C3010,02,12,0000,District - Kinnaur  12,Total,10,1751,881,870,1697,858,839,1697,858,839,0,0,0,0,0,0,0,0,0,0,0,0
C3010,02,12,0000,District - Kinnaur  12,Total,11,1585,777,808,1547,757,790,1547,757,790,0,0,0,0,0,0,0,0,0,0,0,0
C3010,02,12,0000,District - Kinnaur  12,Total,12,1854,941,913,1792,901,891,1792,901,891,0,0,0,0,0,0,0,0,0,0,0,0
C3010,02,12,0000,District - Kinnaur  12,Total,13,1689,814,875,1617,780,837,1617,780,837,0,0,0,0,0,0,0,0,0,0,0,0
C3010,02,12,0000,District - Kinnaur  12,Total,14,1613,835,778,1491,764,727,1491,764,727,0,0,0,0,0,0,0,0,0,0,0,0
C3010,02,12,0000,District - Kinnaur  12,Total,15-19,7249,3862,3387,5155,2662,2493,4981,2565,2416,152,83,69,10,7,3,12,7,5,0,0,0
C3010,02,12,0000,District - Kinnaur  12,Total,20-24,7405,4251,3154,1642,916,726,967,527,440,618,357,261,33,20,13,23,12,11,1,0,1
C3010,02,12,0000,District - Kinnaur  12,Total,25-29,7729,4413,3316,182,108,74,0,0,0,129,84,45,30,14,16,22,9,13,1,1,0
C3010,02,12,0000,District - Kinnaur  12,Total,30-34,6514,3862,2652,35,22,13,0,0,0,9,5,4,8,7,1,11,9,2,7,1,6
C3010,02,12,0000,District - Kinnaur  12,Total,35-59,19853,11199,8654,32,14,18,0,0,0,2,2,0,6,5,1,0,0,0,24,7,17
C3010,02,12,0000,District - Kinnaur  12,Total,60+,7116,3261,3855,12,7,5,0,0,0,6,4,2,0,0,0,3,1,2,3,2,1
C3010,02,12,0000,District - Kinnaur  12,Total,Age not stated,146,88,58,2,1,1,0,0,0,0,0,0,1,0,1,1,1,0,0,0,0
C3010,02,12,0000,District - Kinnaur  12,Rural,All ages,78334,42173,36161,20684,10589,10095,19572,9951,9621,916,535,381,88,53,35,72,39,33,36,11,25
C3010,02,12,0000,District - Kinnaur  12,Rural,0-4,6691,3418,3273,116,77,39,116,77,39,0,0,0,0,0,0,0,0,0,0,0,0
C3010,02,12,0000,District - Kinnaur  12,Rural,5,1331,656,675,293,160,133,293,160,133,0,0,0,0,0,0,0,0,0,0,0,0
C3010,02,12,0000,District - Kinnaur  12,Rural,6,1282,627,655,735,360,375,735,360,375,0,0,0,0,0,0,0,0,0,0,0,0
C3010,02,12,0000,District - Kinnaur  12,Rural,7,1388,718,670,1297,678,619,1297,678,619,0,0,0,0,0,0,0,0,0,0,0,0
C3010,02,12,0000,District - Kinnaur  12,Rural,8,1585,809,776,1516,771,745,1516,771,745,0,0,0,0,0,0,0,0,0,0,0,0
C3010,02,12,0000,District - Kinnaur  12,Rural,9,1553,761,792,1523,753,770,1523,753,770,0,0,0,0,0,0,0,0,0,0,0,0
C3010,02,12,0000,District - Kinnaur  12,Rural,10,1751,881,870,1697,858,839,1697,858,839,0,0,0,0,0,0,0,0,0,0,0,0
C3010,02,12,0000,District - Kinnaur  12,Rural,11,1585,777,808,1547,757,790,1547,757,790,0,0,0,0,0,0,0,0,0,0,0,0
C3010,02,12,0000,District - Kinnaur  12,Rural,12,1854,941,913,1792,901,891,1792,901,891,0,0,0,0,0,0,0,0,0,0,0,0
C3010,02,12,0000,District - Kinnaur  12,Rural,13,1689,814,875,1617,780,837,1617,780,837,0,0,0,0,0,0,0,0,0,0,0,0
C3010,02,12,0000,District - Kinnaur  12,Rural,14,1613,835,778,1491,764,727,1491,764,727,0,0,0,0,0,0,0,0,0,0,0,0
C3010,02,12,0000,District - Kinnaur  12,Rural,15-19,7249,3862,3387,5155,2662,2493,4981,2565,2416,152,83,69,10,7,3,12,7,5,0,0,0
C3010,02,12,0000,District - Kinnaur  12,Rural,20-24,7405,4251,3154,1642,916,726,967,527,440,618,357,261,33,20,13,23,12,11,1,0,1
C3010,02,12,0000,District - Kinnaur  12,Rural,25-29,7729,4413,3316,182,108,74,0,0,0,129,84,45,30,14,16,22,9,13,1,1,0
C3010,02,12,0000,District - Kinnaur  12,Rural,30-34,6514,3862,2652,35,22,13,0,0,0,9,5,4,8,7,1,11,9,2,7,1,6
C3010,02,12,0000,District - Kinnaur  12,Rural,35-59,19853,11199,8654,32,14,18,0,0,0,2,2,0,6,5,1,0,0,0,24,7,17
C3010,02,12,0000,District - Kinnaur  12,Rural,60+,7116,3261,3855,12,7,5,0,0,0,6,4,2,0,0,0,3,1,2,3,2,1
C3010,02,12,0000,District - Kinnaur  12,Rural,Age not stated,146,88,58,2,1,1,0,0,0,0,0,0,1,0,1,1,1,0,0,0,0
C3010,02,12,0000,District - Kinnaur  12,Urban,All ages,0,0,0,0,0,0,0,0,0,0,0,0,0,0,0,0,0,0,0,0,0
C3010,02,12,0000,District - Kinnaur  12,Urban,0-4,0,0,0,0,0,0,0,0,0,0,0,0,0,0,0,0,0,0,0,0,0
C3010,02,12,0000,District - Kinnaur  12,Urban,5,0,0,0,0,0,0,0,0,0,0,0,0,0,0,0,0,0,0,0,0,0
C3010,02,12,0000,District - Kinnaur  12,Urban,6,0,0,0,0,0,0,0,0,0,0,0,0,0,0,0,0,0,0,0,0,0
C3010,02,12,0000,District - Kinnaur  12,Urban,7,0,0,0,0,0,0,0,0,0,0,0,0,0,0,0,0,0,0,0,0,0
C3010,02,12,0000,District - Kinnaur  12,Urban,8,0,0,0,0,0,0,0,0,0,0,0,0,0,0,0,0,0,0,0,0,0
C3010,02,12,0000,District - Kinnaur  12,Urban,9,0,0,0,0,0,0,0,0,0,0,0,0,0,0,0,0,0,0,0,0,0
C3010,02,12,0000,District - Kinnaur  12,Urban,10,0,0,0,0,0,0,0,0,0,0,0,0,0,0,0,0,0,0,0,0,0
C3010,02,12,0000,District - Kinnaur  12,Urban,11,0,0,0,0,0,0,0,0,0,0,0,0,0,0,0,0,0,0,0,0,0
C3010,02,12,0000,District - Kinnaur  12,Urban,12,0,0,0,0,0,0,0,0,0,0,0,0,0,0,0,0,0,0,0,0,0
C3010,02,12,0000,District - Kinnaur  12,Urban,13,0,0,0,0,0,0,0,0,0,0,0,0,0,0,0,0,0,0,0,0,0
C3010,02,12,0000,District - Kinnaur  12,Urban,14,0,0,0,0,0,0,0,0,0,0,0,0,0,0,0,0,0,0,0,0,0
C3010,02,12,0000,District - Kinnaur  12,Urban,15-19,0,0,0,0,0,0,0,0,0,0,0,0,0,0,0,0,0,0,0,0,0
C3010,02,12,0000,District - Kinnaur  12,Urban,20-24,0,0,0,0,0,0,0,0,0,0,0,0,0,0,0,0,0,0,0,0,0
C3010,02,12,0000,District - Kinnaur  12,Urban,25-29,0,0,0,0,0,0,0,0,0,0,0,0,0,0,0,0,0,0,0,0,0
C3010,02,12,0000,District - Kinnaur  12,Urban,30-34,0,0,0,0,0,0,0,0,0,0,0,0,0,0,0,0,0,0,0,0,0
C3010,02,12,0000,District - Kinnaur  12,Urban,35-59,0,0,0,0,0,0,0,0,0,0,0,0,0,0,0,0,0,0,0,0,0
C3010,02,12,0000,District - Kinnaur  12,Urban,60+,0,0,0,0,0,0,0,0,0,0,0,0,0,0,0,0,0,0,0,0,0
C3010,02,12,0000,District - Kinnaur  12,Urban,Age not stated,0,0,0,0,0,0,0,0,0,0,0,0,0,0,0,0,0,0,0,0,0
