Table Name,State Code,District Code,Tehsil Code,Area Name,Total/ Rural/ Urban,Age-group,Total population - Persons,Total population - Males,Total population - Females,Population attending educational institutions - Persons,Population attending educational institutions - Males,Population attending educational institutions - Females,Type of educational institution - School - Persons,Type of educational institution - School - Males,Type of educational institution - School - Females,Type of educational institution - College - Persons,Type of educational institution - College - Males,Type of educational institution - College - Females,Type of educational institution - Vocational institute - Persons,Type of educational institution - Vocational institute - Males,Type of educational institution - Vocational institute - Females,Type of educational institution - Other institute - Persons,Type of educational institution - Other institute - Males,Type of educational institution - Other institute - Females,Type of educational institution - Literacy centre - Persons,Type of educational institution - Literacy centre - Males,Type of educational institution - Literacy centre - Females
C3010,20,00,0000,State - JHARKHAND  20,Total,All ages,26945829,13885037,13060792,5385679,3201622,2184057,4919743,2877686,2042057,416484,289850,126634,23246,17631,5615,17311,12059,5252,8895,4396,4499
C3010,20,00,0000,State - JHARKHAND  20,Total,0-4,3269645,1655097,1614548,67665,36553,31112,67665,36553,31112,0,0,0,0,0,0,0,0,0,0,0,0
C3010,20,00,0000,State - JHARKHAND  20,Total,5,810431,421921,388510,128112,71692,56420,128112,71692,56420,0,0,0,0,0,0,0,0,0,0,0,0
C3010,20,00,0000,State - JHARKHAND  20,Total,6,876751,445018,431733,239763,132017,107746,239763,132017,107746,0,0,0,0,0,0,0,0,0,0,0,0
C3010,20,00,0000,State - JHARKHAND  20,Total,7,649795,328015,321780,360411,196384,164027,360411,196384,164027,0,0,0,0,0,0,0,0,0,0,0,0
C3010,20,00,0000,State - JHARKHAND  20,Total,8,1021081,529139,491942,590055,333858,256197,590055,333858,256197,0,0,0,0,0,0,0,0,0,0,0,0
C3010,20,00,0000,State - JHARKHAND  20,Total,9,546038,277252,268786,364433,201149,163284,364433,201149,163284,0,0,0,0,0,0,0,0,0,0,0,0
C3010,20,00,0000,State - JHARKHAND  20,Total,10,1075029,567605,507424,680788,396093,284695,680788,396093,284695,0,0,0,0,0,0,0,0,0,0,0,0
C3010,20,00,0000,State - JHARKHAND  20,Total,11,411004,213140,197864,298461,168451,130010,298461,168451,130010,0,0,0,0,0,0,0,0,0,0,0,0
C3010,20,00,0000,State - JHARKHAND  20,Total,12,967069,512452,454617,605585,358483,247102,605585,358483,247102,0,0,0,0,0,0,0,0,0,0,0,0
C3010,20,00,0000,State - JHARKHAND  20,Total,13,482134,244579,237555,318616,180746,137870,318616,180746,137870,0,0,0,0,0,0,0,0,0,0,0,0
C3010,20,00,0000,State - JHARKHAND  20,Total,14,599717,314452,285265,356072,210958,145114,356072,210958,145114,0,0,0,0,0,0,0,0,0,0,0,0
C3010,20,00,0000,State - JHARKHAND  20,Total,15-19,2499650,1351313,1148337,997434,642866,354568,833940,536308,297632,150140,97423,52717,5194,3894,1300,7519,4944,2575,641,297,344
C3010,20,00,0000,State - JHARKHAND  20,Total,20-24,2149707,1086951,1062756,302408,214858,87550,75842,54994,20848,215107,151633,63474,6882,5282,1600,3156,2289,867,1421,660,761
C3010,20,00,0000,State - JHARKHAND  20,Total,25-29,2031648,1011956,1019692,47973,37763,10210,0,0,0,37038,29660,7378,6287,5053,1234,3126,2322,804,1522,728,794
C3010,20,00,0000,State - JHARKHAND  20,Total,30-34,1882378,930481,951897,11368,8531,2837,0,0,0,7136,5720,1416,1688,1305,383,1202,874,328,1342,632,710
C3010,20,00,0000,State - JHARKHAND  20,Total,35-59,6061782,3187544,2874238,13156,8948,4208,0,0,0,5399,4212,1187,2545,1713,832,1889,1314,575,3323,1709,1614
C3010,20,00,0000,State - JHARKHAND  20,Total,60+,1578662,787234,791428,2970,1983,987,0,0,0,1380,1006,374,611,355,256,364,272,92,615,350,265
C3010,20,00,0000,State - JHARKHAND  20,Total,Age not stated,33308,20888,12420,409,289,120,0,0,0,284,196,88,39,29,10,55,44,11,31,20,11
C3010,20,00,0000,State - JHARKHAND  20,Rural,All ages,20952088,10679596,10272492,3593338,2198248,1395090,3419854,2062808,1357046,147981,119037,28944,7998,5679,2319,10419,7171,3248,7086,3553,3533
C3010,20,00,0000,State - JHARKHAND  20,Rural,0-4,2710437,1366574,1343863,36018,19797,16221,36018,19797,16221,0,0,0,0,0,0,0,0,0,0,0,0
C3010,20,00,0000,State - JHARKHAND  20,Rural,5,665256,344898,320358,81014,46007,35007,81014,46007,35007,0,0,0,0,0,0,0,0,0,0,0,0
C3010,20,00,0000,State - JHARKHAND  20,Rural,6,734633,371954,362679,173381,97006,76375,173381,97006,76375,0,0,0,0,0,0,0,0,0,0,0,0
C3010,20,00,0000,State - JHARKHAND  20,Rural,7,519781,261359,258422,257058,142200,114858,257058,142200,114858,0,0,0,0,0,0,0,0,0,0,0,0
C3010,20,00,0000,State - JHARKHAND  20,Rural,8,842208,435490,406718,444823,255880,188943,444823,255880,188943,0,0,0,0,0,0,0,0,0,0,0,0
C3010,20,00,0000,State - JHARKHAND  20,Rural,9,436629,220883,215746,269509,151404,118105,269509,151404,118105,0,0,0,0,0,0,0,0,0,0,0,0
C3010,20,00,0000,State - JHARKHAND  20,Rural,10,872540,459792,412748,511813,304058,207755,511813,304058,207755,0,0,0,0,0,0,0,0,0,0,0,0
C3010,20,00,0000,State - JHARKHAND  20,Rural,11,304994,157381,147613,204399,118191,86208,204399,118191,86208,0,0,0,0,0,0,0,0,0,0,0,0
C3010,20,00,0000,State - JHARKHAND  20,Rural,12,774314,410335,363979,445833,271974,173859,445833,271974,173859,0,0,0,0,0,0,0,0,0,0,0,0
C3010,20,00,0000,State - JHARKHAND  20,Rural,13,357325,181541,175784,213087,126130,86957,213087,126130,86957,0,0,0,0,0,0,0,0,0,0,0,0
C3010,20,00,0000,State - JHARKHAND  20,Rural,14,446139,234177,211962,233150,144991,88159,233150,144991,88159,0,0,0,0,0,0,0,0,0,0,0,0
C3010,20,00,0000,State - JHARKHAND  20,Rural,15-19,1815202,976911,838291,560943,392601,168342,499852,346980,152872,53305,40519,12786,1703,1225,478,5573,3651,1922,510,226,284
C3010,20,00,0000,State - JHARKHAND  20,Rural,20-24,1580950,773759,807191,128092,101465,26627,49917,38190,11727,73312,59912,13400,2098,1609,489,1608,1228,380,1157,526,631
C3010,20,00,0000,State - JHARKHAND  20,Rural,25-29,1545726,756779,788947,19310,16064,3246,0,0,0,15297,13352,1945,1599,1240,359,1186,892,294,1228,580,648
C3010,20,00,0000,State - JHARKHAND  20,Rural,30-34,1457192,708304,748888,5546,4159,1387,0,0,0,3193,2775,418,666,453,213,592,398,194,1095,533,562
C3010,20,00,0000,State - JHARKHAND  20,Rural,35-59,4589334,2374660,2214674,7532,5075,2457,0,0,0,2304,2014,290,1491,915,576,1142,762,380,2595,1384,1211
C3010,20,00,0000,State - JHARKHAND  20,Rural,60+,1274990,629223,645767,1650,1106,544,0,0,0,470,385,85,426,227,199,274,205,69,480,289,191
C3010,20,00,0000,State - JHARKHAND  20,Rural,Age not stated,24438,15576,8862,180,140,40,0,0,0,100,80,20,15,10,5,44,35,9,21,15,6
C3010,20,00,0000,State - JHARKHAND  20,Urban,All ages,5993741,3205441,2788300,1792341,1003374,788967,1499889,814878,685011,268503,170813,97690,15248,11952,3296,6892,4888,2004,1809,843,966
C3010,20,00,0000,State - JHARKHAND  20,Urban,0-4,559208,288523,270685,31647,16756,14891,31647,16756,14891,0,0,0,0,0,0,0,0,0,0,0,0
C3010,20,00,0000,State - JHARKHAND  20,Urban,5,145175,77023,68152,47098,25685,21413,47098,25685,21413,0,0,0,0,0,0,0,0,0,0,0,0
C3010,20,00,0000,State - JHARKHAND  20,Urban,6,142118,73064,69054,66382,35011,31371,66382,35011,31371,0,0,0,0,0,0,0,0,0,0,0,0
C3010,20,00,0000,State - JHARKHAND  20,Urban,7,130014,66656,63358,103353,54184,49169,103353,54184,49169,0,0,0,0,0,0,0,0,0,0,0,0
C3010,20,00,0000,State - JHARKHAND  20,Urban,8,178873,93649,85224,145232,77978,67254,145232,77978,67254,0,0,0,0,0,0,0,0,0,0,0,0
C3010,20,00,0000,State - JHARKHAND  20,Urban,9,109409,56369,53040,94924,49745,45179,94924,49745,45179,0,0,0,0,0,0,0,0,0,0,0,0
C3010,20,00,0000,State - JHARKHAND  20,Urban,10,202489,107813,94676,168975,92035,76940,168975,92035,76940,0,0,0,0,0,0,0,0,0,0,0,0
C3010,20,00,0000,State - JHARKHAND  20,Urban,11,106010,55759,50251,94062,50260,43802,94062,50260,43802,0,0,0,0,0,0,0,0,0,0,0,0
C3010,20,00,0000,State - JHARKHAND  20,Urban,12,192755,102117,90638,159752,86509,73243,159752,86509,73243,0,0,0,0,0,0,0,0,0,0,0,0
C3010,20,00,0000,State - JHARKHAND  20,Urban,13,124809,63038,61771,105529,54616,50913,105529,54616,50913,0,0,0,0,0,0,0,0,0,0,0,0
C3010,20,00,0000,State - JHARKHAND  20,Urban,14,153578,80275,73303,122922,65967,56955,122922,65967,56955,0,0,0,0,0,0,0,0,0,0,0,0
C3010,20,00,0000,State - JHARKHAND  20,Urban,15-19,684448,374402,310046,436491,250265,186226,334088,189328,144760,96835,56904,39931,3491,2669,822,1946,1293,653,131,71,60
C3010,20,00,0000,State - JHARKHAND  20,Urban,20-24,568757,313192,255565,174316,113393,60923,25925,16804,9121,141795,91721,50074,4784,3673,1111,1548,1061,487,264,134,130
C3010,20,00,0000,State - JHARKHAND  20,Urban,25-29,485922,255177,230745,28663,21699,6964,0,0,0,21741,16308,5433,4688,3813,875,1940,1430,510,294,148,146
C3010,20,00,0000,State - JHARKHAND  20,Urban,30-34,425186,222177,203009,5822,4372,1450,0,0,0,3943,2945,998,1022,852,170,610,476,134,247,99,148
C3010,20,00,0000,State - JHARKHAND  20,Urban,35-59,1472448,812884,659564,5624,3873,1751,0,0,0,3095,2198,897,1054,798,256,747,552,195,728,325,403
C3010,20,00,0000,State - JHARKHAND  20,Urban,60+,303672,158011,145661,1320,877,443,0,0,0,910,621,289,185,128,57,90,67,23,135,61,74
C3010,20,00,0000,State - JHARKHAND  20,Urban,Age not stated,8870,5312,3558,229,149,80,0,0,0,184,116,68,24,19,5,11,9,2,10,5,5
C3010,20,01,0000,District - Garhwa *  01,Total,All ages,1035464,535332,500132,155847,102354,53493,148977,97016,51961,5860,4674,1186,309,233,76,602,372,230,99,59,40
C3010,20,01,0000,District - Garhwa *  01,Total,0-4,150755,76076,74679,1344,748,596,1344,748,596,0,0,0,0,0,0,0,0,0,0,0,0
C3010,20,01,0000,District - Garhwa *  01,Total,5,32854,17223,15631,2945,1749,1196,2945,1749,1196,0,0,0,0,0,0,0,0,0,0,0,0
C3010,20,01,0000,District - Garhwa *  01,Total,6,43274,22332,20942,7902,4714,3188,7902,4714,3188,0,0,0,0,0,0,0,0,0,0,0,0
C3010,20,01,0000,District - Garhwa *  01,Total,7,24477,12476,12001,9551,5652,3899,9551,5652,3899,0,0,0,0,0,0,0,0,0,0,0,0
C3010,20,01,0000,District - Garhwa *  01,Total,8,47840,24996,22844,19991,12343,7648,19991,12343,7648,0,0,0,0,0,0,0,0,0,0,0,0
C3010,20,01,0000,District - Garhwa *  01,Total,9,20284,10407,9877,10673,6457,4216,10673,6457,4216,0,0,0,0,0,0,0,0,0,0,0,0
C3010,20,01,0000,District - Garhwa *  01,Total,10,49192,26227,22965,24473,15612,8861,24473,15612,8861,0,0,0,0,0,0,0,0,0,0,0,0
C3010,20,01,0000,District - Garhwa *  01,Total,11,14078,7428,6650,8663,5382,3281,8663,5382,3281,0,0,0,0,0,0,0,0,0,0,0,0
C3010,20,01,0000,District - Garhwa *  01,Total,12,40299,21682,18617,20368,13505,6863,20368,13505,6863,0,0,0,0,0,0,0,0,0,0,0,0
C3010,20,01,0000,District - Garhwa *  01,Total,13,15555,8210,7345,8630,5616,3014,8630,5616,3014,0,0,0,0,0,0,0,0,0,0,0,0
C3010,20,01,0000,District - Garhwa *  01,Total,14,22133,11824,10309,10759,7211,3548,10759,7211,3548,0,0,0,0,0,0,0,0,0,0,0,0
C3010,20,01,0000,District - Garhwa *  01,Total,15-19,82306,44825,37481,24163,18145,6018,21521,16240,5281,2175,1606,569,98,78,20,363,217,146,6,4,2
C3010,20,01,0000,District - Garhwa *  01,Total,20-24,80597,39123,41474,5218,4285,933,2157,1787,370,2912,2390,522,53,44,9,75,55,20,21,9,12
C3010,20,01,0000,District - Garhwa *  01,Total,25-29,73062,36380,36682,673,568,105,0,0,0,541,468,73,70,61,9,46,28,18,16,11,5
C3010,20,01,0000,District - Garhwa *  01,Total,30-34,69521,34408,35113,186,148,38,0,0,0,114,100,14,27,19,8,31,20,11,14,9,5
C3010,20,01,0000,District - Garhwa *  01,Total,35-59,200394,104880,95514,243,177,66,0,0,0,95,89,6,48,28,20,65,37,28,35,23,12
C3010,20,01,0000,District - Garhwa *  01,Total,60+,67909,36280,31629,63,40,23,0,0,0,21,19,2,13,3,10,22,15,7,7,3,4
C3010,20,01,0000,District - Garhwa *  01,Total,Age not stated,934,555,379,2,2,0,0,0,0,2,2,0,0,0,0,0,0,0,0,0,0
C3010,20,01,0000,District - Garhwa *  01,Rural,All ages,992825,512444,480381,143855,95589,48266,138502,91262,47240,4420,3724,696,256,185,71,585,361,224,92,57,35
C3010,20,01,0000,District - Garhwa *  01,Rural,0-4,145841,73567,72274,1177,663,514,1177,663,514,0,0,0,0,0,0,0,0,0,0,0,0
C3010,20,01,0000,District - Garhwa *  01,Rural,5,31692,16594,15098,2653,1598,1055,2653,1598,1055,0,0,0,0,0,0,0,0,0,0,0,0
C3010,20,01,0000,District - Garhwa *  01,Rural,6,42029,21701,20328,7436,4478,2958,7436,4478,2958,0,0,0,0,0,0,0,0,0,0,0,0
C3010,20,01,0000,District - Garhwa *  01,Rural,7,23481,11944,11537,8795,5231,3564,8795,5231,3564,0,0,0,0,0,0,0,0,0,0,0,0
C3010,20,01,0000,District - Garhwa *  01,Rural,8,46292,24187,22105,18829,11702,7127,18829,11702,7127,0,0,0,0,0,0,0,0,0,0,0,0
C3010,20,01,0000,District - Garhwa *  01,Rural,9,19483,9987,9496,10007,6099,3908,10007,6099,3908,0,0,0,0,0,0,0,0,0,0,0,0
C3010,20,01,0000,District - Garhwa *  01,Rural,10,47488,25321,22167,23117,14884,8233,23117,14884,8233,0,0,0,0,0,0,0,0,0,0,0,0
C3010,20,01,0000,District - Garhwa *  01,Rural,11,13351,7062,6289,8019,5046,2973,8019,5046,2973,0,0,0,0,0,0,0,0,0,0,0,0
C3010,20,01,0000,District - Garhwa *  01,Rural,12,38770,20861,17909,19150,12824,6326,19150,12824,6326,0,0,0,0,0,0,0,0,0,0,0,0
C3010,20,01,0000,District - Garhwa *  01,Rural,13,14694,7753,6941,7919,5237,2682,7919,5237,2682,0,0,0,0,0,0,0,0,0,0,0,0
C3010,20,01,0000,District - Garhwa *  01,Rural,14,21000,11222,9778,9899,6742,3157,9899,6742,3157,0,0,0,0,0,0,0,0,0,0,0,0
C3010,20,01,0000,District - Garhwa *  01,Rural,15-19,77864,42351,35513,21536,16631,4905,19472,15064,4408,1615,1283,332,84,66,18,359,214,145,6,4,2
C3010,20,01,0000,District - Garhwa *  01,Rural,20-24,76985,37117,39868,4339,3667,672,2029,1694,335,2181,1878,303,41,34,7,70,52,18,18,9,9
C3010,20,01,0000,District - Garhwa *  01,Rural,25-29,69969,34744,35225,526,452,74,0,0,0,418,373,45,51,42,9,42,26,16,15,11,4
C3010,20,01,0000,District - Garhwa *  01,Rural,30-34,66647,32908,33739,163,131,32,0,0,0,97,89,8,23,15,8,29,18,11,14,9,5
C3010,20,01,0000,District - Garhwa *  01,Rural,35-59,190905,99580,91325,230,167,63,0,0,0,89,83,6,44,25,19,63,36,27,34,23,11
C3010,20,01,0000,District - Garhwa *  01,Rural,60+,65418,35000,30418,59,36,23,0,0,0,19,17,2,13,3,10,22,15,7,5,1,4
C3010,20,01,0000,District - Garhwa *  01,Rural,Age not stated,916,545,371,1,1,0,0,0,0,1,1,0,0,0,0,0,0,0,0,0,0
C3010,20,01,0000,District - Garhwa *  01,Urban,All ages,42639,22888,19751,11992,6765,5227,10475,5754,4721,1440,950,490,53,48,5,17,11,6,7,2,5
C3010,20,01,0000,District - Garhwa *  01,Urban,0-4,4914,2509,2405,167,85,82,167,85,82,0,0,0,0,0,0,0,0,0,0,0,0
C3010,20,01,0000,District - Garhwa *  01,Urban,5,1162,629,533,292,151,141,292,151,141,0,0,0,0,0,0,0,0,0,0,0,0
C3010,20,01,0000,District - Garhwa *  01,Urban,6,1245,631,614,466,236,230,466,236,230,0,0,0,0,0,0,0,0,0,0,0,0
C3010,20,01,0000,District - Garhwa *  01,Urban,7,996,532,464,756,421,335,756,421,335,0,0,0,0,0,0,0,0,0,0,0,0
C3010,20,01,0000,District - Garhwa *  01,Urban,8,1548,809,739,1162,641,521,1162,641,521,0,0,0,0,0,0,0,0,0,0,0,0
C3010,20,01,0000,District - Garhwa *  01,Urban,9,801,420,381,666,358,308,666,358,308,0,0,0,0,0,0,0,0,0,0,0,0
C3010,20,01,0000,District - Garhwa *  01,Urban,10,1704,906,798,1356,728,628,1356,728,628,0,0,0,0,0,0,0,0,0,0,0,0
C3010,20,01,0000,District - Garhwa *  01,Urban,11,727,366,361,644,336,308,644,336,308,0,0,0,0,0,0,0,0,0,0,0,0
C3010,20,01,0000,District - Garhwa *  01,Urban,12,1529,821,708,1218,681,537,1218,681,537,0,0,0,0,0,0,0,0,0,0,0,0
C3010,20,01,0000,District - Garhwa *  01,Urban,13,861,457,404,711,379,332,711,379,332,0,0,0,0,0,0,0,0,0,0,0,0
C3010,20,01,0000,District - Garhwa *  01,Urban,14,1133,602,531,860,469,391,860,469,391,0,0,0,0,0,0,0,0,0,0,0,0
C3010,20,01,0000,District - Garhwa *  01,Urban,15-19,4442,2474,1968,2627,1514,1113,2049,1176,873,560,323,237,14,12,2,4,3,1,0,0,0
C3010,20,01,0000,District - Garhwa *  01,Urban,20-24,3612,2006,1606,879,618,261,128,93,35,731,512,219,12,10,2,5,3,2,3,0,3
C3010,20,01,0000,District - Garhwa *  01,Urban,25-29,3093,1636,1457,147,116,31,0,0,0,123,95,28,19,19,0,4,2,2,1,0,1
C3010,20,01,0000,District - Garhwa *  01,Urban,30-34,2874,1500,1374,23,17,6,0,0,0,17,11,6,4,4,0,2,2,0,0,0,0
C3010,20,01,0000,District - Garhwa *  01,Urban,35-59,9489,5300,4189,13,10,3,0,0,0,6,6,0,4,3,1,2,1,1,1,0,1
C3010,20,01,0000,District - Garhwa *  01,Urban,60+,2491,1280,1211,4,4,0,0,0,0,2,2,0,0,0,0,0,0,0,2,2,0
C3010,20,01,0000,District - Garhwa *  01,Urban,Age not stated,18,10,8,1,1,0,0,0,0,1,1,0,0,0,0,0,0,0,0,0,0
C3010,20,02,0000,District - Palamu  02,Total,All ages,2098359,1084417,1013942,357223,222094,135129,333835,204829,129006,20638,15652,4986,905,630,275,954,593,361,891,390,501
C3010,20,02,0000,District - Palamu  02,Total,0-4,280238,141469,138769,3988,2189,1799,3988,2189,1799,0,0,0,0,0,0,0,0,0,0,0,0
C3010,20,02,0000,District - Palamu  02,Total,5,64788,33927,30861,7658,4412,3246,7658,4412,3246,0,0,0,0,0,0,0,0,0,0,0,0
C3010,20,02,0000,District - Palamu  02,Total,6,84104,42764,41340,17722,10226,7496,17722,10226,7496,0,0,0,0,0,0,0,0,0,0,0,0
C3010,20,02,0000,District - Palamu  02,Total,7,45543,22898,22645,20224,11329,8895,20224,11329,8895,0,0,0,0,0,0,0,0,0,0,0,0
C3010,20,02,0000,District - Palamu  02,Total,8,96120,49773,46347,43442,25507,17935,43442,25507,17935,0,0,0,0,0,0,0,0,0,0,0,0
C3010,20,02,0000,District - Palamu  02,Total,9,37636,19004,18632,21203,11993,9210,21203,11993,9210,0,0,0,0,0,0,0,0,0,0,0,0
C3010,20,02,0000,District - Palamu  02,Total,10,101076,53403,47673,53041,32261,20780,53041,32261,20780,0,0,0,0,0,0,0,0,0,0,0,0
C3010,20,02,0000,District - Palamu  02,Total,11,26035,13584,12451,16958,9933,7025,16958,9933,7025,0,0,0,0,0,0,0,0,0,0,0,0
C3010,20,02,0000,District - Palamu  02,Total,12,86348,46063,40285,46364,28970,17394,46364,28970,17394,0,0,0,0,0,0,0,0,0,0,0,0
C3010,20,02,0000,District - Palamu  02,Total,13,30153,15614,14539,18165,10946,7219,18165,10946,7219,0,0,0,0,0,0,0,0,0,0,0,0
C3010,20,02,0000,District - Palamu  02,Total,14,46777,24539,22238,24614,15407,9207,24614,15407,9207,0,0,0,0,0,0,0,0,0,0,0,0
C3010,20,02,0000,District - Palamu  02,Total,15-19,179546,97924,81622,62323,42725,19598,54197,37039,17158,7453,5315,2138,171,122,49,422,214,208,80,35,45
C3010,20,02,0000,District - Palamu  02,Total,20-24,160471,79441,81030,16590,12498,4092,6259,4617,1642,9905,7613,2292,178,139,39,106,71,35,142,58,84
C3010,20,02,0000,District - Palamu  02,Total,25-29,148804,73503,75301,2424,1923,501,0,0,0,1975,1639,336,191,146,45,120,91,29,138,47,91
C3010,20,02,0000,District - Palamu  02,Total,30-34,142237,69982,72255,883,635,248,0,0,0,591,495,96,74,40,34,73,46,27,145,54,91
C3010,20,02,0000,District - Palamu  02,Total,35-59,430032,225938,204094,1314,913,401,0,0,0,581,482,99,229,148,81,172,120,52,332,163,169
C3010,20,02,0000,District - Palamu  02,Total,60+,133161,70578,62583,284,206,78,0,0,0,118,96,22,60,34,26,55,45,10,51,31,20
C3010,20,02,0000,District - Palamu  02,Total,Age not stated,5290,4013,1277,26,21,5,0,0,0,15,12,3,2,1,1,6,6,0,3,2,1
C3010,20,02,0000,District - Palamu  02,Rural,All ages,1973266,1018043,955223,319557,201432,118125,302176,188027,114149,14884,11981,2903,739,494,245,892,553,339,866,377,489
C3010,20,02,0000,District - Palamu  02,Rural,0-4,267994,135123,132871,3323,1867,1456,3323,1867,1456,0,0,0,0,0,0,0,0,0,0,0,0
C3010,20,02,0000,District - Palamu  02,Rural,5,61703,32305,29398,6579,3831,2748,6579,3831,2748,0,0,0,0,0,0,0,0,0,0,0,0
C3010,20,02,0000,District - Palamu  02,Rural,6,80727,41009,39718,16020,9328,6692,16020,9328,6692,0,0,0,0,0,0,0,0,0,0,0,0
C3010,20,02,0000,District - Palamu  02,Rural,7,43002,21623,21379,18284,10338,7946,18284,10338,7946,0,0,0,0,0,0,0,0,0,0,0,0
C3010,20,02,0000,District - Palamu  02,Rural,8,91995,47615,44380,40287,23818,16469,40287,23818,16469,0,0,0,0,0,0,0,0,0,0,0,0
C3010,20,02,0000,District - Palamu  02,Rural,9,35542,17930,17612,19440,11075,8365,19440,11075,8365,0,0,0,0,0,0,0,0,0,0,0,0
C3010,20,02,0000,District - Palamu  02,Rural,10,96268,50891,45377,49248,30233,19015,49248,30233,19015,0,0,0,0,0,0,0,0,0,0,0,0
C3010,20,02,0000,District - Palamu  02,Rural,11,23913,12500,11413,15099,8980,6119,15099,8980,6119,0,0,0,0,0,0,0,0,0,0,0,0
C3010,20,02,0000,District - Palamu  02,Rural,12,81829,43703,38126,42726,27035,15691,42726,27035,15691,0,0,0,0,0,0,0,0,0,0,0,0
C3010,20,02,0000,District - Palamu  02,Rural,13,27791,14376,13415,16136,9884,6252,16136,9884,6252,0,0,0,0,0,0,0,0,0,0,0,0
C3010,20,02,0000,District - Palamu  02,Rural,14,43497,22862,20635,22012,14042,7970,22012,14042,7970,0,0,0,0,0,0,0,0,0,0,0,0
C3010,20,02,0000,District - Palamu  02,Rural,15-19,165694,90519,75175,53424,37799,15625,47385,33334,14051,5422,4132,1290,138,98,40,402,202,200,77,33,44
C3010,20,02,0000,District - Palamu  02,Rural,20-24,149402,73477,75925,13106,10292,2814,5637,4262,1375,7088,5799,1289,144,108,36,96,65,31,141,58,83
C3010,20,02,0000,District - Palamu  02,Rural,25-29,139390,68579,70811,1825,1464,361,0,0,0,1451,1246,205,137,97,40,104,77,27,133,44,89
C3010,20,02,0000,District - Palamu  02,Rural,30-34,133438,65427,68011,734,530,204,0,0,0,457,400,57,64,31,33,70,45,25,143,54,89
C3010,20,02,0000,District - Palamu  02,Rural,35-59,400737,209785,190952,1060,731,329,0,0,0,380,332,48,197,127,70,163,116,47,320,156,164
C3010,20,02,0000,District - Palamu  02,Rural,60+,125334,66460,58874,233,168,65,0,0,0,76,64,12,57,32,25,51,42,9,49,30,19
C3010,20,02,0000,District - Palamu  02,Rural,Age not stated,5010,3859,1151,21,17,4,0,0,0,10,8,2,2,1,1,6,6,0,3,2,1
C3010,20,02,0000,District - Palamu  02,Urban,All ages,125093,66374,58719,37666,20662,17004,31659,16802,14857,5754,3671,2083,166,136,30,62,40,22,25,13,12
C3010,20,02,0000,District - Palamu  02,Urban,0-4,12244,6346,5898,665,322,343,665,322,343,0,0,0,0,0,0,0,0,0,0,0,0
C3010,20,02,0000,District - Palamu  02,Urban,5,3085,1622,1463,1079,581,498,1079,581,498,0,0,0,0,0,0,0,0,0,0,0,0
C3010,20,02,0000,District - Palamu  02,Urban,6,3377,1755,1622,1702,898,804,1702,898,804,0,0,0,0,0,0,0,0,0,0,0,0
C3010,20,02,0000,District - Palamu  02,Urban,7,2541,1275,1266,1940,991,949,1940,991,949,0,0,0,0,0,0,0,0,0,0,0,0
C3010,20,02,0000,District - Palamu  02,Urban,8,4125,2158,1967,3155,1689,1466,3155,1689,1466,0,0,0,0,0,0,0,0,0,0,0,0
C3010,20,02,0000,District - Palamu  02,Urban,9,2094,1074,1020,1763,918,845,1763,918,845,0,0,0,0,0,0,0,0,0,0,0,0
C3010,20,02,0000,District - Palamu  02,Urban,10,4808,2512,2296,3793,2028,1765,3793,2028,1765,0,0,0,0,0,0,0,0,0,0,0,0
C3010,20,02,0000,District - Palamu  02,Urban,11,2122,1084,1038,1859,953,906,1859,953,906,0,0,0,0,0,0,0,0,0,0,0,0
C3010,20,02,0000,District - Palamu  02,Urban,12,4519,2360,2159,3638,1935,1703,3638,1935,1703,0,0,0,0,0,0,0,0,0,0,0,0
C3010,20,02,0000,District - Palamu  02,Urban,13,2362,1238,1124,2029,1062,967,2029,1062,967,0,0,0,0,0,0,0,0,0,0,0,0
C3010,20,02,0000,District - Palamu  02,Urban,14,3280,1677,1603,2602,1365,1237,2602,1365,1237,0,0,0,0,0,0,0,0,0,0,0,0
C3010,20,02,0000,District - Palamu  02,Urban,15-19,13852,7405,6447,8899,4926,3973,6812,3705,3107,2031,1183,848,33,24,9,20,12,8,3,2,1
C3010,20,02,0000,District - Palamu  02,Urban,20-24,11069,5964,5105,3484,2206,1278,622,355,267,2817,1814,1003,34,31,3,10,6,4,1,0,1
C3010,20,02,0000,District - Palamu  02,Urban,25-29,9414,4924,4490,599,459,140,0,0,0,524,393,131,54,49,5,16,14,2,5,3,2
C3010,20,02,0000,District - Palamu  02,Urban,30-34,8799,4555,4244,149,105,44,0,0,0,134,95,39,10,9,1,3,1,2,2,0,2
C3010,20,02,0000,District - Palamu  02,Urban,35-59,29295,16153,13142,254,182,72,0,0,0,201,150,51,32,21,11,9,4,5,12,7,5
C3010,20,02,0000,District - Palamu  02,Urban,60+,7827,4118,3709,51,38,13,0,0,0,42,32,10,3,2,1,4,3,1,2,1,1
C3010,20,02,0000,District - Palamu  02,Urban,Age not stated,280,154,126,5,4,1,0,0,0,5,4,1,0,0,0,0,0,0,0,0,0
C3010,20,03,0000,District - Chatra *  03,Total,All ages,791434,404067,387367,139985,84315,55670,133754,79344,54410,5261,4291,970,222,149,73,606,453,153,142,78,64
C3010,20,03,0000,District - Chatra *  03,Total,0-4,109657,55288,54369,1199,663,536,1199,663,536,0,0,0,0,0,0,0,0,0,0,0,0
C3010,20,03,0000,District - Chatra *  03,Total,5,25754,13228,12526,2675,1504,1171,2675,1504,1171,0,0,0,0,0,0,0,0,0,0,0,0
C3010,20,03,0000,District - Chatra *  03,Total,6,30956,15716,15240,6863,3843,3020,6863,3843,3020,0,0,0,0,0,0,0,0,0,0,0,0
C3010,20,03,0000,District - Chatra *  03,Total,7,19578,9828,9750,9535,5268,4267,9535,5268,4267,0,0,0,0,0,0,0,0,0,0,0,0
C3010,20,03,0000,District - Chatra *  03,Total,8,35878,18545,17333,18695,10556,8139,18695,10556,8139,0,0,0,0,0,0,0,0,0,0,0,0
C3010,20,03,0000,District - Chatra *  03,Total,9,16328,8371,7957,10063,5642,4421,10063,5642,4421,0,0,0,0,0,0,0,0,0,0,0,0
C3010,20,03,0000,District - Chatra *  03,Total,10,38132,20167,17965,22135,12980,9155,22135,12980,9155,0,0,0,0,0,0,0,0,0,0,0,0
C3010,20,03,0000,District - Chatra *  03,Total,11,11102,5697,5405,7536,4262,3274,7536,4262,3274,0,0,0,0,0,0,0,0,0,0,0,0
C3010,20,03,0000,District - Chatra *  03,Total,12,31893,17226,14667,18428,11159,7269,18428,11159,7269,0,0,0,0,0,0,0,0,0,0,0,0
C3010,20,03,0000,District - Chatra *  03,Total,13,13120,6635,6485,7819,4513,3306,7819,4513,3306,0,0,0,0,0,0,0,0,0,0,0,0
C3010,20,03,0000,District - Chatra *  03,Total,14,16798,8628,8170,8775,5274,3501,8775,5274,3501,0,0,0,0,0,0,0,0,0,0,0,0
C3010,20,03,0000,District - Chatra *  03,Total,15-19,68932,36269,32663,20755,14252,6503,18235,12326,5909,2057,1572,485,52,29,23,395,315,80,16,10,6
C3010,20,03,0000,District - Chatra *  03,Total,20-24,59198,28726,30472,4419,3523,896,1796,1354,442,2506,2095,411,32,20,12,64,43,21,21,11,10
C3010,20,03,0000,District - Chatra *  03,Total,25-29,54597,26438,28159,576,491,85,0,0,0,469,415,54,38,30,8,45,29,16,24,17,7
C3010,20,03,0000,District - Chatra *  03,Total,30-34,52115,25421,26694,177,149,28,0,0,0,119,112,7,21,16,5,20,12,8,17,9,8
C3010,20,03,0000,District - Chatra *  03,Total,35-59,159313,82709,76604,254,182,72,0,0,0,85,74,11,58,43,15,63,39,24,48,26,22
C3010,20,03,0000,District - Chatra *  03,Total,60+,46920,24335,22585,74,47,27,0,0,0,23,21,2,21,11,10,14,10,4,16,5,11
C3010,20,03,0000,District - Chatra *  03,Total,Age not stated,1163,840,323,7,7,0,0,0,0,2,2,0,0,0,0,5,5,0,0,0,0
C3010,20,03,0000,District - Chatra *  03,Rural,All ages,749414,381709,367705,126664,76898,49766,122091,73117,48974,3878,3343,535,174,113,61,389,253,136,132,72,60
C3010,20,03,0000,District - Chatra *  03,Rural,0-4,104774,52793,51981,1014,569,445,1014,569,445,0,0,0,0,0,0,0,0,0,0,0,0
C3010,20,03,0000,District - Chatra *  03,Rural,5,24628,12618,12010,2325,1304,1021,2325,1304,1021,0,0,0,0,0,0,0,0,0,0,0,0
C3010,20,03,0000,District - Chatra *  03,Rural,6,29599,15037,14562,6236,3525,2711,6236,3525,2711,0,0,0,0,0,0,0,0,0,0,0,0
C3010,20,03,0000,District - Chatra *  03,Rural,7,18556,9318,9238,8723,4852,3871,8723,4852,3871,0,0,0,0,0,0,0,0,0,0,0,0
C3010,20,03,0000,District - Chatra *  03,Rural,8,34208,17683,16525,17331,9842,7489,17331,9842,7489,0,0,0,0,0,0,0,0,0,0,0,0
C3010,20,03,0000,District - Chatra *  03,Rural,9,15495,7943,7552,9340,5262,4078,9340,5262,4078,0,0,0,0,0,0,0,0,0,0,0,0
C3010,20,03,0000,District - Chatra *  03,Rural,10,36298,19212,17086,20593,12178,8415,20593,12178,8415,0,0,0,0,0,0,0,0,0,0,0,0
C3010,20,03,0000,District - Chatra *  03,Rural,11,10337,5294,5043,6847,3894,2953,6847,3894,2953,0,0,0,0,0,0,0,0,0,0,0,0
C3010,20,03,0000,District - Chatra *  03,Rural,12,30242,16348,13894,17056,10421,6635,17056,10421,6635,0,0,0,0,0,0,0,0,0,0,0,0
C3010,20,03,0000,District - Chatra *  03,Rural,13,12209,6152,6057,7076,4114,2962,7076,4114,2962,0,0,0,0,0,0,0,0,0,0,0,0
C3010,20,03,0000,District - Chatra *  03,Rural,14,15540,7954,7586,7762,4721,3041,7762,4721,3041,0,0,0,0,0,0,0,0,0,0,0,0
C3010,20,03,0000,District - Chatra *  03,Rural,15-19,64213,33687,30526,17956,12618,5338,16205,11226,4979,1482,1217,265,40,23,17,214,143,71,15,9,6
C3010,20,03,0000,District - Chatra *  03,Rural,20-24,55611,26708,28903,3505,2866,639,1583,1209,374,1826,1602,224,22,11,11,53,33,20,21,11,10
C3010,20,03,0000,District - Chatra *  03,Rural,25-29,51588,24810,26778,466,406,60,0,0,0,374,343,31,30,22,8,38,24,14,24,17,7
C3010,20,03,0000,District - Chatra *  03,Rural,30-34,49498,24027,25471,149,127,22,0,0,0,101,96,5,16,12,4,15,10,5,17,9,8
C3010,20,03,0000,District - Chatra *  03,Rural,35-59,150865,78116,72749,217,152,65,0,0,0,74,65,9,48,34,14,53,31,22,42,22,20
C3010,20,03,0000,District - Chatra *  03,Rural,60+,44631,23203,21428,63,42,21,0,0,0,19,18,1,18,11,7,13,9,4,13,4,9
C3010,20,03,0000,District - Chatra *  03,Rural,Age not stated,1122,806,316,5,5,0,0,0,0,2,2,0,0,0,0,3,3,0,0,0,0
C3010,20,03,0000,District - Chatra *  03,Urban,All ages,42020,22358,19662,13321,7417,5904,11663,6227,5436,1383,948,435,48,36,12,217,200,17,10,6,4
C3010,20,03,0000,District - Chatra *  03,Urban,0-4,4883,2495,2388,185,94,91,185,94,91,0,0,0,0,0,0,0,0,0,0,0,0
C3010,20,03,0000,District - Chatra *  03,Urban,5,1126,610,516,350,200,150,350,200,150,0,0,0,0,0,0,0,0,0,0,0,0
C3010,20,03,0000,District - Chatra *  03,Urban,6,1357,679,678,627,318,309,627,318,309,0,0,0,0,0,0,0,0,0,0,0,0
C3010,20,03,0000,District - Chatra *  03,Urban,7,1022,510,512,812,416,396,812,416,396,0,0,0,0,0,0,0,0,0,0,0,0
C3010,20,03,0000,District - Chatra *  03,Urban,8,1670,862,808,1364,714,650,1364,714,650,0,0,0,0,0,0,0,0,0,0,0,0
C3010,20,03,0000,District - Chatra *  03,Urban,9,833,428,405,723,380,343,723,380,343,0,0,0,0,0,0,0,0,0,0,0,0
C3010,20,03,0000,District - Chatra *  03,Urban,10,1834,955,879,1542,802,740,1542,802,740,0,0,0,0,0,0,0,0,0,0,0,0
C3010,20,03,0000,District - Chatra *  03,Urban,11,765,403,362,689,368,321,689,368,321,0,0,0,0,0,0,0,0,0,0,0,0
C3010,20,03,0000,District - Chatra *  03,Urban,12,1651,878,773,1372,738,634,1372,738,634,0,0,0,0,0,0,0,0,0,0,0,0
C3010,20,03,0000,District - Chatra *  03,Urban,13,911,483,428,743,399,344,743,399,344,0,0,0,0,0,0,0,0,0,0,0,0
C3010,20,03,0000,District - Chatra *  03,Urban,14,1258,674,584,1013,553,460,1013,553,460,0,0,0,0,0,0,0,0,0,0,0,0
C3010,20,03,0000,District - Chatra *  03,Urban,15-19,4719,2582,2137,2799,1634,1165,2030,1100,930,575,355,220,12,6,6,181,172,9,1,1,0
C3010,20,03,0000,District - Chatra *  03,Urban,20-24,3587,2018,1569,914,657,257,213,145,68,680,493,187,10,9,1,11,10,1,0,0,0
C3010,20,03,0000,District - Chatra *  03,Urban,25-29,3009,1628,1381,110,85,25,0,0,0,95,72,23,8,8,0,7,5,2,0,0,0
C3010,20,03,0000,District - Chatra *  03,Urban,30-34,2617,1394,1223,28,22,6,0,0,0,18,16,2,5,4,1,5,2,3,0,0,0
C3010,20,03,0000,District - Chatra *  03,Urban,35-59,8448,4593,3855,37,30,7,0,0,0,11,9,2,10,9,1,10,8,2,6,4,2
C3010,20,03,0000,District - Chatra *  03,Urban,60+,2289,1132,1157,11,5,6,0,0,0,4,3,1,3,0,3,1,1,0,3,1,2
C3010,20,03,0000,District - Chatra *  03,Urban,Age not stated,41,34,7,2,2,0,0,0,0,0,0,0,0,0,0,2,2,0,0,0,0
C3010,20,04,0000,District - Hazaribag  04,Total,All ages,2277475,1167793,1109682,544682,315726,228956,504558,286561,217997,37063,27356,9707,1170,857,313,1340,762,578,551,190,361
C3010,20,04,0000,District - Hazaribag  04,Total,0-4,281893,143134,138759,4560,2467,2093,4560,2467,2093,0,0,0,0,0,0,0,0,0,0,0,0
C3010,20,04,0000,District - Hazaribag  04,Total,5,68856,35681,33175,10494,5788,4706,10494,5788,4706,0,0,0,0,0,0,0,0,0,0,0,0
C3010,20,04,0000,District - Hazaribag  04,Total,6,73697,37081,36616,21412,11299,10113,21412,11299,10113,0,0,0,0,0,0,0,0,0,0,0,0
C3010,20,04,0000,District - Hazaribag  04,Total,7,56426,28467,27959,37536,19982,17554,37536,19982,17554,0,0,0,0,0,0,0,0,0,0,0,0
C3010,20,04,0000,District - Hazaribag  04,Total,8,88124,45376,42748,62745,34277,28468,62745,34277,28468,0,0,0,0,0,0,0,0,0,0,0,0
C3010,20,04,0000,District - Hazaribag  04,Total,9,49005,24946,24059,38470,20698,17772,38470,20698,17772,0,0,0,0,0,0,0,0,0,0,0,0
C3010,20,04,0000,District - Hazaribag  04,Total,10,95871,50093,45778,73664,41087,32577,73664,41087,32577,0,0,0,0,0,0,0,0,0,0,0,0
C3010,20,04,0000,District - Hazaribag  04,Total,11,37677,19376,18301,31073,16872,14201,31073,16872,14201,0,0,0,0,0,0,0,0,0,0,0,0
C3010,20,04,0000,District - Hazaribag  04,Total,12,86466,45174,41292,64978,36778,28200,64978,36778,28200,0,0,0,0,0,0,0,0,0,0,0,0
C3010,20,04,0000,District - Hazaribag  04,Total,13,45668,22990,22678,34350,18873,15477,34350,18873,15477,0,0,0,0,0,0,0,0,0,0,0,0
C3010,20,04,0000,District - Hazaribag  04,Total,14,54152,27826,26326,37266,21219,16047,37266,21219,16047,0,0,0,0,0,0,0,0,0,0,0,0
C3010,20,04,0000,District - Hazaribag  04,Total,15-19,223097,120363,102734,99461,64557,34904,83199,53446,29753,15274,10552,4722,321,227,94,630,325,305,37,7,30
C3010,20,04,0000,District - Hazaribag  04,Total,20-24,183700,94321,89379,24262,18428,5834,4811,3775,1036,18680,14178,4502,387,277,110,285,168,117,99,30,69
C3010,20,04,0000,District - Hazaribag  04,Total,25-29,162139,79424,82715,3098,2547,551,0,0,0,2495,2141,354,298,248,50,214,138,76,91,20,71
C3010,20,04,0000,District - Hazaribag  04,Total,30-34,151817,73542,78275,594,420,174,0,0,0,362,298,64,69,53,16,75,44,31,88,25,63
C3010,20,04,0000,District - Hazaribag  04,Total,35-59,491034,256172,234862,590,341,249,0,0,0,194,145,49,78,43,35,107,60,47,211,93,118
C3010,20,04,0000,District - Hazaribag  04,Total,60+,126338,62907,63431,108,73,35,0,0,0,51,35,16,17,9,8,15,14,1,25,15,10
C3010,20,04,0000,District - Hazaribag  04,Total,Age not stated,1515,920,595,21,20,1,0,0,0,7,7,0,0,0,0,14,13,1,0,0,0
C3010,20,04,0000,District - Hazaribag  04,Rural,All ages,1748406,879100,869306,380940,223516,157424,364342,210009,154333,14877,12477,2400,505,356,149,800,529,271,416,145,271
C3010,20,04,0000,District - Hazaribag  04,Rural,0-4,230988,116682,114306,2690,1468,1222,2690,1468,1222,0,0,0,0,0,0,0,0,0,0,0,0
C3010,20,04,0000,District - Hazaribag  04,Rural,5,55684,28687,26997,7003,3867,3136,7003,3867,3136,0,0,0,0,0,0,0,0,0,0,0,0
C3010,20,04,0000,District - Hazaribag  04,Rural,6,60788,30512,30276,16284,8677,7607,16284,8677,7607,0,0,0,0,0,0,0,0,0,0,0,0
C3010,20,04,0000,District - Hazaribag  04,Rural,7,44620,22356,22264,27825,14869,12956,27825,14869,12956,0,0,0,0,0,0,0,0,0,0,0,0
C3010,20,04,0000,District - Hazaribag  04,Rural,8,71059,36494,34565,48403,26636,21767,48403,26636,21767,0,0,0,0,0,0,0,0,0,0,0,0
C3010,20,04,0000,District - Hazaribag  04,Rural,9,38931,19694,19237,29459,15956,13503,29459,15956,13503,0,0,0,0,0,0,0,0,0,0,0,0
C3010,20,04,0000,District - Hazaribag  04,Rural,10,76338,39666,36672,56694,31851,24843,56694,31851,24843,0,0,0,0,0,0,0,0,0,0,0,0
C3010,20,04,0000,District - Hazaribag  04,Rural,11,28169,14425,13744,22368,12294,10074,22368,12294,10074,0,0,0,0,0,0,0,0,0,0,0,0
C3010,20,04,0000,District - Hazaribag  04,Rural,12,67731,35120,32611,48824,27970,20854,48824,27970,20854,0,0,0,0,0,0,0,0,0,0,0,0
C3010,20,04,0000,District - Hazaribag  04,Rural,13,34115,17081,17034,24309,13627,10682,24309,13627,10682,0,0,0,0,0,0,0,0,0,0,0,0
C3010,20,04,0000,District - Hazaribag  04,Rural,14,39226,20002,19224,24932,14609,10323,24932,14609,10323,0,0,0,0,0,0,0,0,0,0,0,0
C3010,20,04,0000,District - Hazaribag  04,Rural,15-19,158965,83958,75007,58826,40546,18280,52287,35512,16775,5931,4666,1265,121,93,28,453,269,184,34,6,28
C3010,20,04,0000,District - Hazaribag  04,Rural,20-24,133771,64902,68869,11161,9408,1753,3264,2673,591,7527,6496,1031,165,114,51,137,111,26,68,14,54
C3010,20,04,0000,District - Hazaribag  04,Rural,25-29,123239,58739,64500,1439,1255,184,0,0,0,1161,1079,82,128,99,29,78,58,20,72,19,53
C3010,20,04,0000,District - Hazaribag  04,Rural,30-34,115936,54444,61492,291,212,79,0,0,0,158,147,11,33,22,11,35,20,15,65,23,42
C3010,20,04,0000,District - Hazaribag  04,Rural,35-59,362772,183795,178977,351,206,145,0,0,0,78,68,10,45,22,23,69,45,24,159,71,88
C3010,20,04,0000,District - Hazaribag  04,Rural,60+,104938,51859,53079,63,48,15,0,0,0,18,17,1,13,6,7,14,13,1,18,12,6
C3010,20,04,0000,District - Hazaribag  04,Rural,Age not stated,1136,684,452,18,17,1,0,0,0,4,4,0,0,0,0,14,13,1,0,0,0
C3010,20,04,0000,District - Hazaribag  04,Urban,All ages,529069,288693,240376,163742,92210,71532,140216,76552,63664,22186,14879,7307,665,501,164,540,233,307,135,45,90
C3010,20,04,0000,District - Hazaribag  04,Urban,0-4,50905,26452,24453,1870,999,871,1870,999,871,0,0,0,0,0,0,0,0,0,0,0,0
C3010,20,04,0000,District - Hazaribag  04,Urban,5,13172,6994,6178,3491,1921,1570,3491,1921,1570,0,0,0,0,0,0,0,0,0,0,0,0
C3010,20,04,0000,District - Hazaribag  04,Urban,6,12909,6569,6340,5128,2622,2506,5128,2622,2506,0,0,0,0,0,0,0,0,0,0,0,0
C3010,20,04,0000,District - Hazaribag  04,Urban,7,11806,6111,5695,9711,5113,4598,9711,5113,4598,0,0,0,0,0,0,0,0,0,0,0,0
C3010,20,04,0000,District - Hazaribag  04,Urban,8,17065,8882,8183,14342,7641,6701,14342,7641,6701,0,0,0,0,0,0,0,0,0,0,0,0
C3010,20,04,0000,District - Hazaribag  04,Urban,9,10074,5252,4822,9011,4742,4269,9011,4742,4269,0,0,0,0,0,0,0,0,0,0,0,0
C3010,20,04,0000,District - Hazaribag  04,Urban,10,19533,10427,9106,16970,9236,7734,16970,9236,7734,0,0,0,0,0,0,0,0,0,0,0,0
C3010,20,04,0000,District - Hazaribag  04,Urban,11,9508,4951,4557,8705,4578,4127,8705,4578,4127,0,0,0,0,0,0,0,0,0,0,0,0
C3010,20,04,0000,District - Hazaribag  04,Urban,12,18735,10054,8681,16154,8808,7346,16154,8808,7346,0,0,0,0,0,0,0,0,0,0,0,0
C3010,20,04,0000,District - Hazaribag  04,Urban,13,11553,5909,5644,10041,5246,4795,10041,5246,4795,0,0,0,0,0,0,0,0,0,0,0,0
C3010,20,04,0000,District - Hazaribag  04,Urban,14,14926,7824,7102,12334,6610,5724,12334,6610,5724,0,0,0,0,0,0,0,0,0,0,0,0
C3010,20,04,0000,District - Hazaribag  04,Urban,15-19,64132,36405,27727,40635,24011,16624,30912,17934,12978,9343,5886,3457,200,134,66,177,56,121,3,1,2
C3010,20,04,0000,District - Hazaribag  04,Urban,20-24,49929,29419,20510,13101,9020,4081,1547,1102,445,11153,7682,3471,222,163,59,148,57,91,31,16,15
C3010,20,04,0000,District - Hazaribag  04,Urban,25-29,38900,20685,18215,1659,1292,367,0,0,0,1334,1062,272,170,149,21,136,80,56,19,1,18
C3010,20,04,0000,District - Hazaribag  04,Urban,30-34,35881,19098,16783,303,208,95,0,0,0,204,151,53,36,31,5,40,24,16,23,2,21
C3010,20,04,0000,District - Hazaribag  04,Urban,35-59,128262,72377,55885,239,135,104,0,0,0,116,77,39,33,21,12,38,15,23,52,22,30
C3010,20,04,0000,District - Hazaribag  04,Urban,60+,21400,11048,10352,45,25,20,0,0,0,33,18,15,4,3,1,1,1,0,7,3,4
C3010,20,04,0000,District - Hazaribag  04,Urban,Age not stated,379,236,143,3,3,0,0,0,0,3,3,0,0,0,0,0,0,0,0,0,0
C3010,20,05,0000,District - Kodarma *  05,Total,All ages,499403,249549,249854,100949,62540,38409,95815,58582,37233,4659,3625,1034,179,118,61,267,199,68,29,16,13
C3010,20,05,0000,District - Kodarma *  05,Total,0-4,68435,34509,33926,843,480,363,843,480,363,0,0,0,0,0,0,0,0,0,0,0,0
C3010,20,05,0000,District - Kodarma *  05,Total,5,16231,8350,7881,1924,1101,823,1924,1101,823,0,0,0,0,0,0,0,0,0,0,0,0
C3010,20,05,0000,District - Kodarma *  05,Total,6,17246,8752,8494,4353,2486,1867,4353,2486,1867,0,0,0,0,0,0,0,0,0,0,0,0
C3010,20,05,0000,District - Kodarma *  05,Total,7,11987,6066,5921,6801,3795,3006,6801,3795,3006,0,0,0,0,0,0,0,0,0,0,0,0
C3010,20,05,0000,District - Kodarma *  05,Total,8,20129,10400,9729,12995,7446,5549,12995,7446,5549,0,0,0,0,0,0,0,0,0,0,0,0
C3010,20,05,0000,District - Kodarma *  05,Total,9,10287,5182,5105,7436,4158,3278,7436,4158,3278,0,0,0,0,0,0,0,0,0,0,0,0
C3010,20,05,0000,District - Kodarma *  05,Total,10,21129,11199,9930,14941,8924,6017,14941,8924,6017,0,0,0,0,0,0,0,0,0,0,0,0
C3010,20,05,0000,District - Kodarma *  05,Total,11,8099,4321,3778,6281,3720,2561,6281,3720,2561,0,0,0,0,0,0,0,0,0,0,0,0
C3010,20,05,0000,District - Kodarma *  05,Total,12,18743,10041,8702,12879,8004,4875,12879,8004,4875,0,0,0,0,0,0,0,0,0,0,0,0
C3010,20,05,0000,District - Kodarma *  05,Total,13,9260,4772,4488,6385,3832,2553,6385,3832,2553,0,0,0,0,0,0,0,0,0,0,0,0
C3010,20,05,0000,District - Kodarma *  05,Total,14,10213,5334,4879,6263,3906,2357,6263,3906,2357,0,0,0,0,0,0,0,0,0,0,0,0
C3010,20,05,0000,District - Kodarma *  05,Total,15-19,43828,23120,20708,15951,11542,4409,13749,9972,3777,1983,1422,561,48,26,22,169,121,48,2,1,1
C3010,20,05,0000,District - Kodarma *  05,Total,20-24,38234,17904,20330,3350,2692,658,965,758,207,2290,1859,431,47,36,11,40,36,4,8,3,5
C3010,20,05,0000,District - Kodarma *  05,Total,25-29,34430,15722,18708,348,302,46,0,0,0,276,248,28,34,25,9,32,26,6,6,3,3
C3010,20,05,0000,District - Kodarma *  05,Total,30-34,31885,14914,16971,87,71,16,0,0,0,56,52,4,18,12,6,9,4,5,4,3,1
C3010,20,05,0000,District - Kodarma *  05,Total,35-59,105933,53095,52838,88,64,24,0,0,0,41,35,6,26,16,10,14,9,5,7,4,3
C3010,20,05,0000,District - Kodarma *  05,Total,60+,32946,15616,17330,24,17,7,0,0,0,13,9,4,6,3,3,3,3,0,2,2,0
C3010,20,05,0000,District - Kodarma *  05,Total,Age not stated,388,252,136,0,0,0,0,0,0,0,0,0,0,0,0,0,0,0,0,0,0
C3010,20,05,0000,District - Kodarma *  05,Rural,All ages,412654,203573,209081,77536,49133,28403,75160,47110,28050,2098,1854,244,88,48,40,164,107,57,26,14,12
C3010,20,05,0000,District - Kodarma *  05,Rural,0-4,58597,29467,29130,497,290,207,497,290,207,0,0,0,0,0,0,0,0,0,0,0,0
C3010,20,05,0000,District - Kodarma *  05,Rural,5,13908,7100,6808,1320,757,563,1320,757,563,0,0,0,0,0,0,0,0,0,0,0,0
C3010,20,05,0000,District - Kodarma *  05,Rural,6,14863,7531,7332,3332,1940,1392,3332,1940,1392,0,0,0,0,0,0,0,0,0,0,0,0
C3010,20,05,0000,District - Kodarma *  05,Rural,7,9999,5024,4975,5295,2968,2327,5295,2968,2327,0,0,0,0,0,0,0,0,0,0,0,0
C3010,20,05,0000,District - Kodarma *  05,Rural,8,17118,8896,8222,10614,6213,4401,10614,6213,4401,0,0,0,0,0,0,0,0,0,0,0,0
C3010,20,05,0000,District - Kodarma *  05,Rural,9,8547,4287,4260,5981,3395,2586,5981,3395,2586,0,0,0,0,0,0,0,0,0,0,0,0
C3010,20,05,0000,District - Kodarma *  05,Rural,10,17968,9496,8472,12381,7494,4887,12381,7494,4887,0,0,0,0,0,0,0,0,0,0,0,0
C3010,20,05,0000,District - Kodarma *  05,Rural,11,6519,3444,3075,4897,2932,1965,4897,2932,1965,0,0,0,0,0,0,0,0,0,0,0,0
C3010,20,05,0000,District - Kodarma *  05,Rural,12,15722,8454,7268,10459,6675,3784,10459,6675,3784,0,0,0,0,0,0,0,0,0,0,0,0
C3010,20,05,0000,District - Kodarma *  05,Rural,13,7437,3776,3661,4892,2977,1915,4892,2977,1915,0,0,0,0,0,0,0,0,0,0,0,0
C3010,20,05,0000,District - Kodarma *  05,Rural,14,8121,4286,3835,4706,3097,1609,4706,3097,1609,0,0,0,0,0,0,0,0,0,0,0,0
C3010,20,05,0000,District - Kodarma *  05,Rural,15-19,34975,18114,16861,10979,8515,2464,10025,7745,2280,823,693,130,24,13,11,105,63,42,2,1,1
C3010,20,05,0000,District - Kodarma *  05,Rural,20-24,31048,13929,17119,1856,1604,252,761,627,134,1047,944,103,16,9,7,25,21,4,7,3,4
C3010,20,05,0000,District - Kodarma *  05,Rural,25-29,27922,12477,15445,187,170,17,0,0,0,161,153,8,9,5,4,12,10,2,5,2,3
C3010,20,05,0000,District - Kodarma *  05,Rural,30-34,25922,11858,14064,59,48,11,0,0,0,36,36,0,13,8,5,7,2,5,3,2,1
C3010,20,05,0000,District - Kodarma *  05,Rural,35-59,86138,42294,43844,65,46,19,0,0,0,26,24,2,20,10,10,12,8,4,7,4,3
C3010,20,05,0000,District - Kodarma *  05,Rural,60+,27578,12961,14617,16,12,4,0,0,0,5,4,1,6,3,3,3,3,0,2,2,0
C3010,20,05,0000,District - Kodarma *  05,Rural,Age not stated,272,179,93,0,0,0,0,0,0,0,0,0,0,0,0,0,0,0,0,0,0
C3010,20,05,0000,District - Kodarma *  05,Urban,All ages,86749,45976,40773,23413,13407,10006,20655,11472,9183,2561,1771,790,91,70,21,103,92,11,3,2,1
C3010,20,05,0000,District - Kodarma *  05,Urban,0-4,9838,5042,4796,346,190,156,346,190,156,0,0,0,0,0,0,0,0,0,0,0,0
C3010,20,05,0000,District - Kodarma *  05,Urban,5,2323,1250,1073,604,344,260,604,344,260,0,0,0,0,0,0,0,0,0,0,0,0
C3010,20,05,0000,District - Kodarma *  05,Urban,6,2383,1221,1162,1021,546,475,1021,546,475,0,0,0,0,0,0,0,0,0,0,0,0
C3010,20,05,0000,District - Kodarma *  05,Urban,7,1988,1042,946,1506,827,679,1506,827,679,0,0,0,0,0,0,0,0,0,0,0,0
C3010,20,05,0000,District - Kodarma *  05,Urban,8,3011,1504,1507,2381,1233,1148,2381,1233,1148,0,0,0,0,0,0,0,0,0,0,0,0
C3010,20,05,0000,District - Kodarma *  05,Urban,9,1740,895,845,1455,763,692,1455,763,692,0,0,0,0,0,0,0,0,0,0,0,0
C3010,20,05,0000,District - Kodarma *  05,Urban,10,3161,1703,1458,2560,1430,1130,2560,1430,1130,0,0,0,0,0,0,0,0,0,0,0,0
C3010,20,05,0000,District - Kodarma *  05,Urban,11,1580,877,703,1384,788,596,1384,788,596,0,0,0,0,0,0,0,0,0,0,0,0
C3010,20,05,0000,District - Kodarma *  05,Urban,12,3021,1587,1434,2420,1329,1091,2420,1329,1091,0,0,0,0,0,0,0,0,0,0,0,0
C3010,20,05,0000,District - Kodarma *  05,Urban,13,1823,996,827,1493,855,638,1493,855,638,0,0,0,0,0,0,0,0,0,0,0,0
C3010,20,05,0000,District - Kodarma *  05,Urban,14,2092,1048,1044,1557,809,748,1557,809,748,0,0,0,0,0,0,0,0,0,0,0,0
C3010,20,05,0000,District - Kodarma *  05,Urban,15-19,8853,5006,3847,4972,3027,1945,3724,2227,1497,1160,729,431,24,13,11,64,58,6,0,0,0
C3010,20,05,0000,District - Kodarma *  05,Urban,20-24,7186,3975,3211,1494,1088,406,204,131,73,1243,915,328,31,27,4,15,15,0,1,0,1
C3010,20,05,0000,District - Kodarma *  05,Urban,25-29,6508,3245,3263,161,132,29,0,0,0,115,95,20,25,20,5,20,16,4,1,1,0
C3010,20,05,0000,District - Kodarma *  05,Urban,30-34,5963,3056,2907,28,23,5,0,0,0,20,16,4,5,4,1,2,2,0,1,1,0
C3010,20,05,0000,District - Kodarma *  05,Urban,35-59,19795,10801,8994,23,18,5,0,0,0,15,11,4,6,6,0,2,1,1,0,0,0
C3010,20,05,0000,District - Kodarma *  05,Urban,60+,5368,2655,2713,8,5,3,0,0,0,8,5,3,0,0,0,0,0,0,0,0,0
C3010,20,05,0000,District - Kodarma *  05,Urban,Age not stated,116,73,43,0,0,0,0,0,0,0,0,0,0,0,0,0,0,0,0,0,0
C3010,20,06,0000,District - Giridih  06,Total,All ages,1904430,960679,943751,321083,203771,117312,307812,193320,114492,11688,9351,2337,527,380,147,873,612,261,183,108,75
C3010,20,06,0000,District - Giridih  06,Total,0-4,267261,134329,132932,3263,1805,1458,3263,1805,1458,0,0,0,0,0,0,0,0,0,0,0,0
C3010,20,06,0000,District - Giridih  06,Total,5,66855,34666,32189,7401,4304,3097,7401,4304,3097,0,0,0,0,0,0,0,0,0,0,0,0
C3010,20,06,0000,District - Giridih  06,Total,6,70695,35691,35004,15517,8883,6634,15517,8883,6634,0,0,0,0,0,0,0,0,0,0,0,0
C3010,20,06,0000,District - Giridih  06,Total,7,47863,23798,24065,22694,12834,9860,22694,12834,9860,0,0,0,0,0,0,0,0,0,0,0,0
C3010,20,06,0000,District - Giridih  06,Total,8,83889,43135,40754,43919,25873,18046,43919,25873,18046,0,0,0,0,0,0,0,0,0,0,0,0
C3010,20,06,0000,District - Giridih  06,Total,9,37574,19085,18489,22781,13254,9527,22781,13254,9527,0,0,0,0,0,0,0,0,0,0,0,0
C3010,20,06,0000,District - Giridih  06,Total,10,86014,45517,40497,50937,31443,19494,50937,31443,19494,0,0,0,0,0,0,0,0,0,0,0,0
C3010,20,06,0000,District - Giridih  06,Total,11,25861,13342,12519,17070,10205,6865,17070,10205,6865,0,0,0,0,0,0,0,0,0,0,0,0
C3010,20,06,0000,District - Giridih  06,Total,12,72049,38419,33630,41737,26726,15011,41737,26726,15011,0,0,0,0,0,0,0,0,0,0,0,0
C3010,20,06,0000,District - Giridih  06,Total,13,31312,15668,15644,18245,11109,7136,18245,11109,7136,0,0,0,0,0,0,0,0,0,0,0,0
C3010,20,06,0000,District - Giridih  06,Total,14,36322,19166,17156,18573,12241,6332,18573,12241,6332,0,0,0,0,0,0,0,0,0,0,0,0
C3010,20,06,0000,District - Giridih  06,Total,15-19,161153,85094,76059,46506,34753,11753,41620,31239,10381,4255,3104,1151,107,76,31,514,328,186,10,6,4
C3010,20,06,0000,District - Giridih  06,Total,20-24,146645,69847,76798,10211,8472,1739,4055,3404,651,5920,4892,1028,93,68,25,124,96,28,19,12,7
C3010,20,06,0000,District - Giridih  06,Total,25-29,134119,63641,70478,1299,1170,129,0,0,0,1063,974,89,120,107,13,86,75,11,30,14,16
C3010,20,06,0000,District - Giridih  06,Total,30-34,124908,59694,65214,350,284,66,0,0,0,237,208,29,49,32,17,39,29,10,25,15,10
C3010,20,06,0000,District - Giridih  06,Total,35-59,396929,201797,195132,450,330,120,0,0,0,167,141,26,127,83,44,83,59,24,73,47,26
C3010,20,06,0000,District - Giridih  06,Total,60+,113511,56872,56639,114,74,40,0,0,0,35,25,10,31,14,17,24,22,2,24,13,11
C3010,20,06,0000,District - Giridih  06,Total,Age not stated,1470,918,552,16,11,5,0,0,0,11,7,4,0,0,0,3,3,0,2,1,1
C3010,20,06,0000,District - Giridih  06,Rural,All ages,1782066,896442,885624,286210,184554,101656,277426,177022,100404,7415,6604,811,403,271,132,790,554,236,176,103,73
C3010,20,06,0000,District - Giridih  06,Rural,0-4,254326,127696,126630,2617,1475,1142,2617,1475,1142,0,0,0,0,0,0,0,0,0,0,0,0
C3010,20,06,0000,District - Giridih  06,Rural,5,63620,32981,30639,6429,3777,2652,6429,3777,2652,0,0,0,0,0,0,0,0,0,0,0,0
C3010,20,06,0000,District - Giridih  06,Rural,6,67429,34019,33410,14062,8145,5917,14062,8145,5917,0,0,0,0,0,0,0,0,0,0,0,0
C3010,20,06,0000,District - Giridih  06,Rural,7,45154,22420,22734,20607,11759,8848,20607,11759,8848,0,0,0,0,0,0,0,0,0,0,0,0
C3010,20,06,0000,District - Giridih  06,Rural,8,79780,41031,38749,40712,24197,16515,40712,24197,16515,0,0,0,0,0,0,0,0,0,0,0,0
C3010,20,06,0000,District - Giridih  06,Rural,9,35323,17938,17385,20837,12245,8592,20837,12245,8592,0,0,0,0,0,0,0,0,0,0,0,0
C3010,20,06,0000,District - Giridih  06,Rural,10,81462,43066,38396,47229,29420,17809,47229,29420,17809,0,0,0,0,0,0,0,0,0,0,0,0
C3010,20,06,0000,District - Giridih  06,Rural,11,23698,12202,11496,15194,9198,5996,15194,9198,5996,0,0,0,0,0,0,0,0,0,0,0,0
C3010,20,06,0000,District - Giridih  06,Rural,12,67796,36134,31662,38336,24860,13476,38336,24860,13476,0,0,0,0,0,0,0,0,0,0,0,0
C3010,20,06,0000,District - Giridih  06,Rural,13,28770,14401,14369,16156,10053,6103,16156,10053,6103,0,0,0,0,0,0,0,0,0,0,0,0
C3010,20,06,0000,District - Giridih  06,Rural,14,33169,17506,15663,16213,10978,5235,16213,10978,5235,0,0,0,0,0,0,0,0,0,0,0,0
C3010,20,06,0000,District - Giridih  06,Rural,15-19,147611,77822,69789,38581,30357,8224,35428,27821,7607,2586,2172,414,73,46,27,484,312,172,10,6,4
C3010,20,06,0000,District - Giridih  06,Rural,20-24,135907,63974,71933,7562,6665,897,3606,3094,512,3768,3432,336,64,46,18,106,81,25,18,12,6
C3010,20,06,0000,District - Giridih  06,Rural,25-29,124975,58989,65986,918,851,67,0,0,0,748,715,33,78,68,10,63,55,8,29,13,16
C3010,20,06,0000,District - Giridih  06,Rural,30-34,116492,55426,61066,269,222,47,0,0,0,169,156,13,44,27,17,32,25,7,24,14,10
C3010,20,06,0000,District - Giridih  06,Rural,35-59,369041,186809,182232,380,279,101,0,0,0,115,105,10,115,72,43,79,57,22,71,45,26
C3010,20,06,0000,District - Giridih  06,Rural,60+,106209,53227,52982,96,64,32,0,0,0,22,19,3,29,12,17,23,21,2,22,12,10
C3010,20,06,0000,District - Giridih  06,Rural,Age not stated,1304,801,503,12,9,3,0,0,0,7,5,2,0,0,0,3,3,0,2,1,1
C3010,20,06,0000,District - Giridih  06,Urban,All ages,122364,64237,58127,34873,19217,15656,30386,16298,14088,4273,2747,1526,124,109,15,83,58,25,7,5,2
C3010,20,06,0000,District - Giridih  06,Urban,0-4,12935,6633,6302,646,330,316,646,330,316,0,0,0,0,0,0,0,0,0,0,0,0
C3010,20,06,0000,District - Giridih  06,Urban,5,3235,1685,1550,972,527,445,972,527,445,0,0,0,0,0,0,0,0,0,0,0,0
C3010,20,06,0000,District - Giridih  06,Urban,6,3266,1672,1594,1455,738,717,1455,738,717,0,0,0,0,0,0,0,0,0,0,0,0
C3010,20,06,0000,District - Giridih  06,Urban,7,2709,1378,1331,2087,1075,1012,2087,1075,1012,0,0,0,0,0,0,0,0,0,0,0,0
C3010,20,06,0000,District - Giridih  06,Urban,8,4109,2104,2005,3207,1676,1531,3207,1676,1531,0,0,0,0,0,0,0,0,0,0,0,0
C3010,20,06,0000,District - Giridih  06,Urban,9,2251,1147,1104,1944,1009,935,1944,1009,935,0,0,0,0,0,0,0,0,0,0,0,0
C3010,20,06,0000,District - Giridih  06,Urban,10,4552,2451,2101,3708,2023,1685,3708,2023,1685,0,0,0,0,0,0,0,0,0,0,0,0
C3010,20,06,0000,District - Giridih  06,Urban,11,2163,1140,1023,1876,1007,869,1876,1007,869,0,0,0,0,0,0,0,0,0,0,0,0
C3010,20,06,0000,District - Giridih  06,Urban,12,4253,2285,1968,3401,1866,1535,3401,1866,1535,0,0,0,0,0,0,0,0,0,0,0,0
C3010,20,06,0000,District - Giridih  06,Urban,13,2542,1267,1275,2089,1056,1033,2089,1056,1033,0,0,0,0,0,0,0,0,0,0,0,0
C3010,20,06,0000,District - Giridih  06,Urban,14,3153,1660,1493,2360,1263,1097,2360,1263,1097,0,0,0,0,0,0,0,0,0,0,0,0
C3010,20,06,0000,District - Giridih  06,Urban,15-19,13542,7272,6270,7925,4396,3529,6192,3418,2774,1669,932,737,34,30,4,30,16,14,0,0,0
C3010,20,06,0000,District - Giridih  06,Urban,20-24,10738,5873,4865,2649,1807,842,449,310,139,2152,1460,692,29,22,7,18,15,3,1,0,1
C3010,20,06,0000,District - Giridih  06,Urban,25-29,9144,4652,4492,381,319,62,0,0,0,315,259,56,42,39,3,23,20,3,1,1,0
C3010,20,06,0000,District - Giridih  06,Urban,30-34,8416,4268,4148,81,62,19,0,0,0,68,52,16,5,5,0,7,4,3,1,1,0
C3010,20,06,0000,District - Giridih  06,Urban,35-59,27888,14988,12900,70,51,19,0,0,0,52,36,16,12,11,1,4,2,2,2,2,0
C3010,20,06,0000,District - Giridih  06,Urban,60+,7302,3645,3657,18,10,8,0,0,0,13,6,7,2,2,0,1,1,0,2,1,1
C3010,20,06,0000,District - Giridih  06,Urban,Age not stated,166,117,49,4,2,2,0,0,0,4,2,2,0,0,0,0,0,0,0,0,0
C3010,20,07,0000,District - Deoghar  07,Total,All ages,1165390,608878,556512,200584,130456,70128,185697,119167,66530,13687,10525,3162,394,282,112,549,379,170,257,103,154
C3010,20,07,0000,District - Deoghar  07,Total,0-4,151695,76308,75387,1765,1010,755,1765,1010,755,0,0,0,0,0,0,0,0,0,0,0,0
C3010,20,07,0000,District - Deoghar  07,Total,5,35779,18716,17063,4108,2452,1656,4108,2452,1656,0,0,0,0,0,0,0,0,0,0,0,0
C3010,20,07,0000,District - Deoghar  07,Total,6,40278,20426,19852,9355,5497,3858,9355,5497,3858,0,0,0,0,0,0,0,0,0,0,0,0
C3010,20,07,0000,District - Deoghar  07,Total,7,29131,14826,14305,14473,8386,6087,14473,8386,6087,0,0,0,0,0,0,0,0,0,0,0,0
C3010,20,07,0000,District - Deoghar  07,Total,8,46152,23886,22266,24997,14974,10023,24997,14974,10023,0,0,0,0,0,0,0,0,0,0,0,0
C3010,20,07,0000,District - Deoghar  07,Total,9,24975,13009,11966,15497,9193,6304,15497,9193,6304,0,0,0,0,0,0,0,0,0,0,0,0
C3010,20,07,0000,District - Deoghar  07,Total,10,46872,25485,21387,27663,17641,10022,27663,17641,10022,0,0,0,0,0,0,0,0,0,0,0,0
C3010,20,07,0000,District - Deoghar  07,Total,11,18465,9833,8632,12047,7441,4606,12047,7441,4606,0,0,0,0,0,0,0,0,0,0,0,0
C3010,20,07,0000,District - Deoghar  07,Total,12,40782,22751,18031,23318,15451,7867,23318,15451,7867,0,0,0,0,0,0,0,0,0,0,0,0
C3010,20,07,0000,District - Deoghar  07,Total,13,20001,10620,9381,11559,7425,4134,11559,7425,4134,0,0,0,0,0,0,0,0,0,0,0,0
C3010,20,07,0000,District - Deoghar  07,Total,14,24524,13621,10903,12455,8383,4072,12455,8383,4072,0,0,0,0,0,0,0,0,0,0,0,0
C3010,20,07,0000,District - Deoghar  07,Total,15-19,104468,58229,46239,32103,23672,8431,26414,19635,6779,5280,3782,1498,69,47,22,319,202,117,21,6,15
C3010,20,07,0000,District - Deoghar  07,Total,20-24,92592,47217,45375,9060,7172,1888,2046,1679,367,6834,5366,1468,70,54,16,70,59,11,40,14,26
C3010,20,07,0000,District - Deoghar  07,Total,25-29,85538,43031,42507,1418,1226,192,0,0,0,1179,1048,131,113,97,16,72,61,11,54,20,34
C3010,20,07,0000,District - Deoghar  07,Total,30-34,80344,40181,40163,327,254,73,0,0,0,210,184,26,36,27,9,35,24,11,46,19,27
C3010,20,07,0000,District - Deoghar  07,Total,35-59,250430,132447,117983,338,214,124,0,0,0,146,115,31,78,43,35,39,24,15,75,32,43
C3010,20,07,0000,District - Deoghar  07,Total,60+,72701,37908,34793,97,63,34,0,0,0,36,28,8,26,14,12,14,9,5,21,12,9
C3010,20,07,0000,District - Deoghar  07,Total,Age not stated,663,384,279,4,2,2,0,0,0,2,2,0,2,0,2,0,0,0,0,0,0
C3010,20,07,0000,District - Deoghar  07,Rural,All ages,1005539,522198,483341,152033,101696,50337,145668,96232,49436,5471,4926,545,223,138,85,425,301,124,246,99,147
C3010,20,07,0000,District - Deoghar  07,Rural,0-4,136865,68669,68196,1275,741,534,1275,741,534,0,0,0,0,0,0,0,0,0,0,0,0
C3010,20,07,0000,District - Deoghar  07,Rural,5,32004,16690,15314,3084,1871,1213,3084,1871,1213,0,0,0,0,0,0,0,0,0,0,0,0
C3010,20,07,0000,District - Deoghar  07,Rural,6,36506,18376,18130,7746,4571,3175,7746,4571,3175,0,0,0,0,0,0,0,0,0,0,0,0
C3010,20,07,0000,District - Deoghar  07,Rural,7,25581,12932,12649,11644,6809,4835,11644,6809,4835,0,0,0,0,0,0,0,0,0,0,0,0
C3010,20,07,0000,District - Deoghar  07,Rural,8,41270,21250,20020,20980,12730,8250,20980,12730,8250,0,0,0,0,0,0,0,0,0,0,0,0
C3010,20,07,0000,District - Deoghar  07,Rural,9,21923,11377,10546,12842,7729,5113,12842,7729,5113,0,0,0,0,0,0,0,0,0,0,0,0
C3010,20,07,0000,District - Deoghar  07,Rural,10,41480,22501,18979,23080,15042,8038,23080,15042,8038,0,0,0,0,0,0,0,0,0,0,0,0
C3010,20,07,0000,District - Deoghar  07,Rural,11,15523,8174,7349,9423,5932,3491,9423,5932,3491,0,0,0,0,0,0,0,0,0,0,0,0
C3010,20,07,0000,District - Deoghar  07,Rural,12,35427,19691,15736,18743,12764,5979,18743,12764,5979,0,0,0,0,0,0,0,0,0,0,0,0
C3010,20,07,0000,District - Deoghar  07,Rural,13,16566,8829,7737,8609,5841,2768,8609,5841,2768,0,0,0,0,0,0,0,0,0,0,0,0
C3010,20,07,0000,District - Deoghar  07,Rural,14,20211,11277,8934,8890,6385,2505,8890,6385,2505,0,0,0,0,0,0,0,0,0,0,0,0
C3010,20,07,0000,District - Deoghar  07,Rural,15-19,86442,48057,38385,20152,16460,3692,17718,14424,3294,2093,1811,282,35,24,11,285,195,90,21,6,15
C3010,20,07,0000,District - Deoghar  07,Rural,20-24,78000,39020,38980,4408,3900,508,1634,1393,241,2656,2433,223,35,22,13,47,41,6,36,11,25
C3010,20,07,0000,District - Deoghar  07,Rural,25-29,73165,36456,36709,654,586,68,0,0,0,530,507,23,47,37,10,25,22,3,52,20,32
C3010,20,07,0000,District - Deoghar  07,Rural,30-34,68889,34310,34579,182,137,45,0,0,0,95,90,5,25,17,8,18,12,6,44,18,26
C3010,20,07,0000,District - Deoghar  07,Rural,35-59,212371,111634,100737,249,153,96,0,0,0,83,72,11,57,27,30,36,22,14,73,32,41
C3010,20,07,0000,District - Deoghar  07,Rural,60+,62741,32624,30117,70,44,26,0,0,0,13,12,1,23,11,12,14,9,5,20,12,8
C3010,20,07,0000,District - Deoghar  07,Rural,Age not stated,575,331,244,2,1,1,0,0,0,1,1,0,1,0,1,0,0,0,0,0,0
C3010,20,07,0000,District - Deoghar  07,Urban,All ages,159851,86680,73171,48551,28760,19791,40029,22935,17094,8216,5599,2617,171,144,27,124,78,46,11,4,7
C3010,20,07,0000,District - Deoghar  07,Urban,0-4,14830,7639,7191,490,269,221,490,269,221,0,0,0,0,0,0,0,0,0,0,0,0
C3010,20,07,0000,District - Deoghar  07,Urban,5,3775,2026,1749,1024,581,443,1024,581,443,0,0,0,0,0,0,0,0,0,0,0,0
C3010,20,07,0000,District - Deoghar  07,Urban,6,3772,2050,1722,1609,926,683,1609,926,683,0,0,0,0,0,0,0,0,0,0,0,0
C3010,20,07,0000,District - Deoghar  07,Urban,7,3550,1894,1656,2829,1577,1252,2829,1577,1252,0,0,0,0,0,0,0,0,0,0,0,0
C3010,20,07,0000,District - Deoghar  07,Urban,8,4882,2636,2246,4017,2244,1773,4017,2244,1773,0,0,0,0,0,0,0,0,0,0,0,0
C3010,20,07,0000,District - Deoghar  07,Urban,9,3052,1632,1420,2655,1464,1191,2655,1464,1191,0,0,0,0,0,0,0,0,0,0,0,0
C3010,20,07,0000,District - Deoghar  07,Urban,10,5392,2984,2408,4583,2599,1984,4583,2599,1984,0,0,0,0,0,0,0,0,0,0,0,0
C3010,20,07,0000,District - Deoghar  07,Urban,11,2942,1659,1283,2624,1509,1115,2624,1509,1115,0,0,0,0,0,0,0,0,0,0,0,0
C3010,20,07,0000,District - Deoghar  07,Urban,12,5355,3060,2295,4575,2687,1888,4575,2687,1888,0,0,0,0,0,0,0,0,0,0,0,0
C3010,20,07,0000,District - Deoghar  07,Urban,13,3435,1791,1644,2950,1584,1366,2950,1584,1366,0,0,0,0,0,0,0,0,0,0,0,0
C3010,20,07,0000,District - Deoghar  07,Urban,14,4313,2344,1969,3565,1998,1567,3565,1998,1567,0,0,0,0,0,0,0,0,0,0,0,0
C3010,20,07,0000,District - Deoghar  07,Urban,15-19,18026,10172,7854,11951,7212,4739,8696,5211,3485,3187,1971,1216,34,23,11,34,7,27,0,0,0
C3010,20,07,0000,District - Deoghar  07,Urban,20-24,14592,8197,6395,4652,3272,1380,412,286,126,4178,2933,1245,35,32,3,23,18,5,4,3,1
C3010,20,07,0000,District - Deoghar  07,Urban,25-29,12373,6575,5798,764,640,124,0,0,0,649,541,108,66,60,6,47,39,8,2,0,2
C3010,20,07,0000,District - Deoghar  07,Urban,30-34,11455,5871,5584,145,117,28,0,0,0,115,94,21,11,10,1,17,12,5,2,1,1
C3010,20,07,0000,District - Deoghar  07,Urban,35-59,38059,20813,17246,89,61,28,0,0,0,63,43,20,21,16,5,3,2,1,2,0,2
C3010,20,07,0000,District - Deoghar  07,Urban,60+,9960,5284,4676,27,19,8,0,0,0,23,16,7,3,3,0,0,0,0,1,0,1
C3010,20,07,0000,District - Deoghar  07,Urban,Age not stated,88,53,35,2,1,1,0,0,0,1,1,0,1,0,1,0,0,0,0,0,0
C3010,20,08,0000,District - Godda  08,Total,All ages,1047939,544043,503896,154478,98819,55659,143700,90266,53434,8905,7188,1717,415,292,123,1133,919,214,325,154,171
C3010,20,08,0000,District - Godda  08,Total,0-4,132227,66277,65950,1282,702,580,1282,702,580,0,0,0,0,0,0,0,0,0,0,0,0
C3010,20,08,0000,District - Godda  08,Total,5,33804,17561,16243,2925,1681,1244,2925,1681,1244,0,0,0,0,0,0,0,0,0,0,0,0
C3010,20,08,0000,District - Godda  08,Total,6,38340,19486,18854,7232,4106,3126,7232,4106,3126,0,0,0,0,0,0,0,0,0,0,0,0
C3010,20,08,0000,District - Godda  08,Total,7,23956,12142,11814,10268,5784,4484,10268,5784,4484,0,0,0,0,0,0,0,0,0,0,0,0
C3010,20,08,0000,District - Godda  08,Total,8,44998,23746,21252,21143,12616,8527,21143,12616,8527,0,0,0,0,0,0,0,0,0,0,0,0
C3010,20,08,0000,District - Godda  08,Total,9,19866,10155,9711,10932,6335,4597,10932,6335,4597,0,0,0,0,0,0,0,0,0,0,0,0
C3010,20,08,0000,District - Godda  08,Total,10,44689,24243,20446,23006,14310,8696,23006,14310,8696,0,0,0,0,0,0,0,0,0,0,0,0
C3010,20,08,0000,District - Godda  08,Total,11,13073,6914,6159,7789,4735,3054,7789,4735,3054,0,0,0,0,0,0,0,0,0,0,0,0
C3010,20,08,0000,District - Godda  08,Total,12,38876,21491,17385,19665,12699,6966,19665,12699,6966,0,0,0,0,0,0,0,0,0,0,0,0
C3010,20,08,0000,District - Godda  08,Total,13,14023,7503,6520,7640,4763,2877,7640,4763,2877,0,0,0,0,0,0,0,0,0,0,0,0
C3010,20,08,0000,District - Godda  08,Total,14,19305,10695,8610,9099,5984,3115,9099,5984,3115,0,0,0,0,0,0,0,0,0,0,0,0
C3010,20,08,0000,District - Godda  08,Total,15-19,85971,48920,37051,24416,17783,6633,20395,14710,5685,3173,2406,767,63,38,25,774,625,149,11,4,7
C3010,20,08,0000,District - Godda  08,Total,20-24,78477,39145,39332,6905,5578,1327,2324,1841,483,4343,3549,794,66,52,14,130,119,11,42,17,25
C3010,20,08,0000,District - Godda  08,Total,25-29,80433,39218,41215,1233,1061,172,0,0,0,984,879,105,104,87,17,93,79,14,52,16,36
C3010,20,08,0000,District - Godda  08,Total,30-34,76510,38387,38123,338,258,80,0,0,0,196,171,25,46,32,14,39,31,8,57,24,33
C3010,20,08,0000,District - Godda  08,Total,35-59,235431,124043,111388,482,331,151,0,0,0,163,145,18,108,62,46,76,48,28,135,76,59
C3010,20,08,0000,District - Godda  08,Total,60+,67149,33638,33511,112,83,29,0,0,0,39,31,8,28,21,7,17,14,3,28,17,11
C3010,20,08,0000,District - Godda  08,Total,Age not stated,811,479,332,11,10,1,0,0,0,7,7,0,0,0,0,4,3,1,0,0,0
C3010,20,08,0000,District - Godda  08,Rural,All ages,1010931,524075,486856,142906,92228,50678,133841,84857,48984,7260,6063,1197,361,245,116,1121,910,211,323,153,170
C3010,20,08,0000,District - Godda  08,Rural,0-4,128450,64321,64129,1160,646,514,1160,646,514,0,0,0,0,0,0,0,0,0,0,0,0
C3010,20,08,0000,District - Godda  08,Rural,5,32874,17069,15805,2684,1549,1135,2684,1549,1135,0,0,0,0,0,0,0,0,0,0,0,0
C3010,20,08,0000,District - Godda  08,Rural,6,37320,18951,18369,6764,3850,2914,6764,3850,2914,0,0,0,0,0,0,0,0,0,0,0,0
C3010,20,08,0000,District - Godda  08,Rural,7,23070,11730,11340,9505,5424,4081,9505,5424,4081,0,0,0,0,0,0,0,0,0,0,0,0
C3010,20,08,0000,District - Godda  08,Rural,8,43768,23103,20665,20085,12061,8024,20085,12061,8024,0,0,0,0,0,0,0,0,0,0,0,0
C3010,20,08,0000,District - Godda  08,Rural,9,19082,9760,9322,10232,5981,4251,10232,5981,4251,0,0,0,0,0,0,0,0,0,0,0,0
C3010,20,08,0000,District - Godda  08,Rural,10,43419,23555,19864,21880,13688,8192,21880,13688,8192,0,0,0,0,0,0,0,0,0,0,0,0
C3010,20,08,0000,District - Godda  08,Rural,11,12406,6552,5854,7193,4414,2779,7193,4414,2779,0,0,0,0,0,0,0,0,0,0,0,0
C3010,20,08,0000,District - Godda  08,Rural,12,37698,20840,16858,18657,12138,6519,18657,12138,6519,0,0,0,0,0,0,0,0,0,0,0,0
C3010,20,08,0000,District - Godda  08,Rural,13,13276,7120,6156,6995,4434,2561,6995,4434,2561,0,0,0,0,0,0,0,0,0,0,0,0
C3010,20,08,0000,District - Godda  08,Rural,14,18404,10193,8211,8344,5553,2791,8344,5553,2791,0,0,0,0,0,0,0,0,0,0,0,0
C3010,20,08,0000,District - Godda  08,Rural,15-19,81964,46640,35324,21672,16157,5515,18236,13438,4798,2600,2059,541,54,32,22,771,624,147,11,4,7
C3010,20,08,0000,District - Godda  08,Rural,20-24,75079,37298,37781,5817,4807,1010,2106,1681,425,3485,2949,536,56,43,13,128,117,11,42,17,25
C3010,20,08,0000,District - Godda  08,Rural,25-29,77534,37659,39875,1043,898,145,0,0,0,818,737,81,86,71,15,87,74,13,52,16,36
C3010,20,08,0000,District - Godda  08,Rural,30-34,74005,37049,36956,310,235,75,0,0,0,176,155,21,38,25,13,39,31,8,57,24,33
C3010,20,08,0000,District - Godda  08,Rural,35-59,226794,119309,107485,456,311,145,0,0,0,146,133,13,102,56,46,75,47,28,133,75,58
C3010,20,08,0000,District - Godda  08,Rural,60+,64997,32460,32537,98,72,26,0,0,0,28,23,5,25,18,7,17,14,3,28,17,11
C3010,20,08,0000,District - Godda  08,Rural,Age not stated,791,466,325,11,10,1,0,0,0,7,7,0,0,0,0,4,3,1,0,0,0
C3010,20,08,0000,District - Godda  08,Urban,All ages,37008,19968,17040,11572,6591,4981,9859,5409,4450,1645,1125,520,54,47,7,12,9,3,2,1,1
C3010,20,08,0000,District - Godda  08,Urban,0-4,3777,1956,1821,122,56,66,122,56,66,0,0,0,0,0,0,0,0,0,0,0,0
C3010,20,08,0000,District - Godda  08,Urban,5,930,492,438,241,132,109,241,132,109,0,0,0,0,0,0,0,0,0,0,0,0
C3010,20,08,0000,District - Godda  08,Urban,6,1020,535,485,468,256,212,468,256,212,0,0,0,0,0,0,0,0,0,0,0,0
C3010,20,08,0000,District - Godda  08,Urban,7,886,412,474,763,360,403,763,360,403,0,0,0,0,0,0,0,0,0,0,0,0
C3010,20,08,0000,District - Godda  08,Urban,8,1230,643,587,1058,555,503,1058,555,503,0,0,0,0,0,0,0,0,0,0,0,0
C3010,20,08,0000,District - Godda  08,Urban,9,784,395,389,700,354,346,700,354,346,0,0,0,0,0,0,0,0,0,0,0,0
C3010,20,08,0000,District - Godda  08,Urban,10,1270,688,582,1126,622,504,1126,622,504,0,0,0,0,0,0,0,0,0,0,0,0
C3010,20,08,0000,District - Godda  08,Urban,11,667,362,305,596,321,275,596,321,275,0,0,0,0,0,0,0,0,0,0,0,0
C3010,20,08,0000,District - Godda  08,Urban,12,1178,651,527,1008,561,447,1008,561,447,0,0,0,0,0,0,0,0,0,0,0,0
C3010,20,08,0000,District - Godda  08,Urban,13,747,383,364,645,329,316,645,329,316,0,0,0,0,0,0,0,0,0,0,0,0
C3010,20,08,0000,District - Godda  08,Urban,14,901,502,399,755,431,324,755,431,324,0,0,0,0,0,0,0,0,0,0,0,0
C3010,20,08,0000,District - Godda  08,Urban,15-19,4007,2280,1727,2744,1626,1118,2159,1272,887,573,347,226,9,6,3,3,1,2,0,0,0
C3010,20,08,0000,District - Godda  08,Urban,20-24,3398,1847,1551,1088,771,317,218,160,58,858,600,258,10,9,1,2,2,0,0,0,0
C3010,20,08,0000,District - Godda  08,Urban,25-29,2899,1559,1340,190,163,27,0,0,0,166,142,24,18,16,2,6,5,1,0,0,0
C3010,20,08,0000,District - Godda  08,Urban,30-34,2505,1338,1167,28,23,5,0,0,0,20,16,4,8,7,1,0,0,0,0,0,0
C3010,20,08,0000,District - Godda  08,Urban,35-59,8637,4734,3903,26,20,6,0,0,0,17,12,5,6,6,0,1,1,0,2,1,1
C3010,20,08,0000,District - Godda  08,Urban,60+,2152,1178,974,14,11,3,0,0,0,11,8,3,3,3,0,0,0,0,0,0,0
C3010,20,08,0000,District - Godda  08,Urban,Age not stated,20,13,7,0,0,0,0,0,0,0,0,0,0,0,0,0,0,0,0,0,0
C3010,20,09,0000,District - Sahibganj  09,Total,All ages,927770,477662,450108,122105,74517,47588,113116,67856,45260,7052,5367,1685,313,242,71,842,642,200,782,410,372
C3010,20,09,0000,District - Sahibganj  09,Total,0-4,129704,65398,64306,1149,658,491,1149,658,491,0,0,0,0,0,0,0,0,0,0,0,0
C3010,20,09,0000,District - Sahibganj  09,Total,5,30961,16052,14909,2304,1282,1022,2304,1282,1022,0,0,0,0,0,0,0,0,0,0,0,0
C3010,20,09,0000,District - Sahibganj  09,Total,6,33675,17061,16614,4746,2628,2118,4746,2628,2118,0,0,0,0,0,0,0,0,0,0,0,0
C3010,20,09,0000,District - Sahibganj  09,Total,7,24355,12400,11955,8789,4875,3914,8789,4875,3914,0,0,0,0,0,0,0,0,0,0,0,0
C3010,20,09,0000,District - Sahibganj  09,Total,8,38973,20416,18557,15531,8841,6690,15531,8841,6690,0,0,0,0,0,0,0,0,0,0,0,0
C3010,20,09,0000,District - Sahibganj  09,Total,9,19321,9869,9452,9171,5138,4033,9171,5138,4033,0,0,0,0,0,0,0,0,0,0,0,0
C3010,20,09,0000,District - Sahibganj  09,Total,10,39004,20980,18024,17521,10474,7047,17521,10474,7047,0,0,0,0,0,0,0,0,0,0,0,0
C3010,20,09,0000,District - Sahibganj  09,Total,11,13222,7015,6207,7123,4192,2931,7123,4192,2931,0,0,0,0,0,0,0,0,0,0,0,0
C3010,20,09,0000,District - Sahibganj  09,Total,12,33272,17923,15349,14604,8794,5810,14604,8794,5810,0,0,0,0,0,0,0,0,0,0,0,0
C3010,20,09,0000,District - Sahibganj  09,Total,13,14570,7575,6995,6873,4025,2848,6873,4025,2848,0,0,0,0,0,0,0,0,0,0,0,0
C3010,20,09,0000,District - Sahibganj  09,Total,14,19399,10434,8965,7882,4837,3045,7882,4837,3045,0,0,0,0,0,0,0,0,0,0,0,0
C3010,20,09,0000,District - Sahibganj  09,Total,15-19,78188,43089,35099,19229,13267,5962,15985,10997,4988,2572,1787,785,80,59,21,525,393,132,67,31,36
C3010,20,09,0000,District - Sahibganj  09,Total,20-24,70720,34553,36167,5266,4065,1201,1438,1115,323,3484,2723,761,65,52,13,135,109,26,144,66,78
C3010,20,09,0000,District - Sahibganj  09,Total,25-29,71123,34834,36289,1076,853,223,0,0,0,746,643,103,72,61,11,85,66,19,173,83,90
C3010,20,09,0000,District - Sahibganj  09,Total,30-34,67725,33748,33977,349,253,96,0,0,0,140,122,18,28,21,7,38,31,7,143,79,64
C3010,20,09,0000,District - Sahibganj  09,Total,35-59,197659,104658,93001,430,295,135,0,0,0,91,77,14,58,43,15,48,34,14,233,141,92
C3010,20,09,0000,District - Sahibganj  09,Total,60+,45467,21368,24099,48,27,21,0,0,0,10,6,4,10,6,4,6,5,1,22,10,12
C3010,20,09,0000,District - Sahibganj  09,Total,Age not stated,432,289,143,14,13,1,0,0,0,9,9,0,0,0,0,5,4,1,0,0,0
C3010,20,09,0000,District - Sahibganj  09,Rural,All ages,829639,425418,404221,96683,59891,36792,91100,55657,35443,3892,3124,768,216,159,57,716,549,167,759,402,357
C3010,20,09,0000,District - Sahibganj  09,Rural,0-4,118768,59882,58886,884,520,364,884,520,364,0,0,0,0,0,0,0,0,0,0,0,0
C3010,20,09,0000,District - Sahibganj  09,Rural,5,28063,14498,13565,1724,952,772,1724,952,772,0,0,0,0,0,0,0,0,0,0,0,0
C3010,20,09,0000,District - Sahibganj  09,Rural,6,30874,15610,15264,3788,2118,1670,3788,2118,1670,0,0,0,0,0,0,0,0,0,0,0,0
C3010,20,09,0000,District - Sahibganj  09,Rural,7,22001,11149,10852,7194,3989,3205,7194,3989,3205,0,0,0,0,0,0,0,0,0,0,0,0
C3010,20,09,0000,District - Sahibganj  09,Rural,8,35498,18565,16933,13114,7514,5600,13114,7514,5600,0,0,0,0,0,0,0,0,0,0,0,0
C3010,20,09,0000,District - Sahibganj  09,Rural,9,17417,8875,8542,7681,4366,3315,7681,4366,3315,0,0,0,0,0,0,0,0,0,0,0,0
C3010,20,09,0000,District - Sahibganj  09,Rural,10,35008,18827,16181,14608,8866,5742,14608,8866,5742,0,0,0,0,0,0,0,0,0,0,0,0
C3010,20,09,0000,District - Sahibganj  09,Rural,11,11518,6083,5435,5730,3407,2323,5730,3407,2323,0,0,0,0,0,0,0,0,0,0,0,0
C3010,20,09,0000,District - Sahibganj  09,Rural,12,29845,16085,13760,12134,7444,4690,12134,7444,4690,0,0,0,0,0,0,0,0,0,0,0,0
C3010,20,09,0000,District - Sahibganj  09,Rural,13,12600,6576,6024,5337,3223,2114,5337,3223,2114,0,0,0,0,0,0,0,0,0,0,0,0
C3010,20,09,0000,District - Sahibganj  09,Rural,14,16911,9141,7770,6058,3858,2200,6058,3858,2200,0,0,0,0,0,0,0,0,0,0,0,0
C3010,20,09,0000,District - Sahibganj  09,Rural,15-19,67843,37227,30616,13640,9904,3736,11718,8495,3223,1343,995,348,57,41,16,457,342,115,65,31,34
C3010,20,09,0000,District - Sahibganj  09,Rural,20-24,62704,30119,32585,3331,2656,675,1130,905,225,1916,1575,341,32,23,9,112,89,23,141,64,77
C3010,20,09,0000,District - Sahibganj  09,Rural,25-29,63936,31174,32762,749,581,168,0,0,0,466,410,56,43,33,10,69,56,13,171,82,89
C3010,20,09,0000,District - Sahibganj  09,Rural,30-34,61108,30393,30715,278,197,81,0,0,0,90,80,10,22,16,6,27,23,4,139,78,61
C3010,20,09,0000,District - Sahibganj  09,Rural,35-59,175483,92496,82987,387,268,119,0,0,0,70,60,10,54,41,13,41,30,11,222,137,85
C3010,20,09,0000,District - Sahibganj  09,Rural,60+,39712,18488,21224,42,24,18,0,0,0,7,4,3,8,5,3,6,5,1,21,10,11
C3010,20,09,0000,District - Sahibganj  09,Rural,Age not stated,350,230,120,4,4,0,0,0,0,0,0,0,0,0,0,4,4,0,0,0,0
C3010,20,09,0000,District - Sahibganj  09,Urban,All ages,98131,52244,45887,25422,14626,10796,22016,12199,9817,3160,2243,917,97,83,14,126,93,33,23,8,15
C3010,20,09,0000,District - Sahibganj  09,Urban,0-4,10936,5516,5420,265,138,127,265,138,127,0,0,0,0,0,0,0,0,0,0,0,0
C3010,20,09,0000,District - Sahibganj  09,Urban,5,2898,1554,1344,580,330,250,580,330,250,0,0,0,0,0,0,0,0,0,0,0,0
C3010,20,09,0000,District - Sahibganj  09,Urban,6,2801,1451,1350,958,510,448,958,510,448,0,0,0,0,0,0,0,0,0,0,0,0
C3010,20,09,0000,District - Sahibganj  09,Urban,7,2354,1251,1103,1595,886,709,1595,886,709,0,0,0,0,0,0,0,0,0,0,0,0
C3010,20,09,0000,District - Sahibganj  09,Urban,8,3475,1851,1624,2417,1327,1090,2417,1327,1090,0,0,0,0,0,0,0,0,0,0,0,0
C3010,20,09,0000,District - Sahibganj  09,Urban,9,1904,994,910,1490,772,718,1490,772,718,0,0,0,0,0,0,0,0,0,0,0,0
C3010,20,09,0000,District - Sahibganj  09,Urban,10,3996,2153,1843,2913,1608,1305,2913,1608,1305,0,0,0,0,0,0,0,0,0,0,0,0
C3010,20,09,0000,District - Sahibganj  09,Urban,11,1704,932,772,1393,785,608,1393,785,608,0,0,0,0,0,0,0,0,0,0,0,0
C3010,20,09,0000,District - Sahibganj  09,Urban,12,3427,1838,1589,2470,1350,1120,2470,1350,1120,0,0,0,0,0,0,0,0,0,0,0,0
C3010,20,09,0000,District - Sahibganj  09,Urban,13,1970,999,971,1536,802,734,1536,802,734,0,0,0,0,0,0,0,0,0,0,0,0
C3010,20,09,0000,District - Sahibganj  09,Urban,14,2488,1293,1195,1824,979,845,1824,979,845,0,0,0,0,0,0,0,0,0,0,0,0
C3010,20,09,0000,District - Sahibganj  09,Urban,15-19,10345,5862,4483,5589,3363,2226,4267,2502,1765,1229,792,437,23,18,5,68,51,17,2,0,2
C3010,20,09,0000,District - Sahibganj  09,Urban,20-24,8016,4434,3582,1935,1409,526,308,210,98,1568,1148,420,33,29,4,23,20,3,3,2,1
C3010,20,09,0000,District - Sahibganj  09,Urban,25-29,7187,3660,3527,327,272,55,0,0,0,280,233,47,29,28,1,16,10,6,2,1,1
C3010,20,09,0000,District - Sahibganj  09,Urban,30-34,6617,3355,3262,71,56,15,0,0,0,50,42,8,6,5,1,11,8,3,4,1,3
C3010,20,09,0000,District - Sahibganj  09,Urban,35-59,22176,12162,10014,43,27,16,0,0,0,21,17,4,4,2,2,7,4,3,11,4,7
C3010,20,09,0000,District - Sahibganj  09,Urban,60+,5755,2880,2875,6,3,3,0,0,0,3,2,1,2,1,1,0,0,0,1,0,1
C3010,20,09,0000,District - Sahibganj  09,Urban,Age not stated,82,59,23,10,9,1,0,0,0,9,9,0,0,0,0,1,0,1,0,0,0
C3010,20,10,0000,District - Pakaur *  10,Total,All ages,701664,358545,343119,69789,42747,27042,66319,40170,26149,2760,2037,723,136,93,43,498,405,93,76,42,34
C3010,20,10,0000,District - Pakaur *  10,Total,0-4,95152,48078,47074,550,296,254,550,296,254,0,0,0,0,0,0,0,0,0,0,0,0
C3010,20,10,0000,District - Pakaur *  10,Total,5,23087,11964,11123,1369,783,586,1369,783,586,0,0,0,0,0,0,0,0,0,0,0,0
C3010,20,10,0000,District - Pakaur *  10,Total,6,25708,13246,12462,2882,1657,1225,2882,1657,1225,0,0,0,0,0,0,0,0,0,0,0,0
C3010,20,10,0000,District - Pakaur *  10,Total,7,18686,9525,9161,4892,2715,2177,4892,2715,2177,0,0,0,0,0,0,0,0,0,0,0,0
C3010,20,10,0000,District - Pakaur *  10,Total,8,29916,15687,14229,8907,5241,3666,8907,5241,3666,0,0,0,0,0,0,0,0,0,0,0,0
C3010,20,10,0000,District - Pakaur *  10,Total,9,14382,7477,6905,5385,3096,2289,5385,3096,2289,0,0,0,0,0,0,0,0,0,0,0,0
C3010,20,10,0000,District - Pakaur *  10,Total,10,29614,15820,13794,10527,6290,4237,10527,6290,4237,0,0,0,0,0,0,0,0,0,0,0,0
C3010,20,10,0000,District - Pakaur *  10,Total,11,9327,4711,4616,4012,2275,1737,4012,2275,1737,0,0,0,0,0,0,0,0,0,0,0,0
C3010,20,10,0000,District - Pakaur *  10,Total,12,25476,13732,11744,9011,5503,3508,9011,5503,3508,0,0,0,0,0,0,0,0,0,0,0,0
C3010,20,10,0000,District - Pakaur *  10,Total,13,10427,5409,5018,3850,2294,1556,3850,2294,1556,0,0,0,0,0,0,0,0,0,0,0,0
C3010,20,10,0000,District - Pakaur *  10,Total,14,14560,7876,6684,4588,2906,1682,4588,2906,1682,0,0,0,0,0,0,0,0,0,0,0,0
C3010,20,10,0000,District - Pakaur *  10,Total,15-19,58352,30992,27360,10535,7156,3379,9301,6300,3001,935,627,308,27,19,8,262,202,60,10,8,2
C3010,20,10,0000,District - Pakaur *  10,Total,20-24,53403,25431,27972,2540,1940,600,1045,814,231,1342,996,346,20,14,6,123,113,10,10,3,7
C3010,20,10,0000,District - Pakaur *  10,Total,25-29,53815,26078,27737,453,390,63,0,0,0,355,313,42,36,26,10,57,48,9,5,3,2
C3010,20,10,0000,District - Pakaur *  10,Total,30-34,52067,25730,26337,101,79,22,0,0,0,62,51,11,8,6,2,20,14,6,11,8,3
C3010,20,10,0000,District - Pakaur *  10,Total,35-59,155193,81574,73619,153,102,51,0,0,0,53,39,14,37,23,14,30,24,6,33,16,17
C3010,20,10,0000,District - Pakaur *  10,Total,60+,31032,14379,16653,30,20,10,0,0,0,10,8,2,8,5,3,5,3,2,7,4,3
C3010,20,10,0000,District - Pakaur *  10,Total,Age not stated,1467,836,631,4,4,0,0,0,0,3,3,0,0,0,0,1,1,0,0,0,0
C3010,20,10,0000,District - Pakaur *  10,Rural,All ages,665635,339565,326070,61349,38221,23128,58924,36272,22652,1749,1431,318,126,86,40,474,390,84,76,42,34
C3010,20,10,0000,District - Pakaur *  10,Rural,0-4,91440,46244,45196,453,250,203,453,250,203,0,0,0,0,0,0,0,0,0,0,0,0
C3010,20,10,0000,District - Pakaur *  10,Rural,5,22159,11498,10661,1193,687,506,1193,687,506,0,0,0,0,0,0,0,0,0,0,0,0
C3010,20,10,0000,District - Pakaur *  10,Rural,6,24753,12738,12015,2592,1493,1099,2592,1493,1099,0,0,0,0,0,0,0,0,0,0,0,0
C3010,20,10,0000,District - Pakaur *  10,Rural,7,17848,9111,8737,4367,2455,1912,4367,2455,1912,0,0,0,0,0,0,0,0,0,0,0,0
C3010,20,10,0000,District - Pakaur *  10,Rural,8,28712,15027,13685,8098,4779,3319,8098,4779,3319,0,0,0,0,0,0,0,0,0,0,0,0
C3010,20,10,0000,District - Pakaur *  10,Rural,9,13689,7120,6569,4853,2824,2029,4853,2824,2029,0,0,0,0,0,0,0,0,0,0,0,0
C3010,20,10,0000,District - Pakaur *  10,Rural,10,28242,15112,13130,9586,5803,3783,9586,5803,3783,0,0,0,0,0,0,0,0,0,0,0,0
C3010,20,10,0000,District - Pakaur *  10,Rural,11,8667,4359,4308,3483,1990,1493,3483,1990,1493,0,0,0,0,0,0,0,0,0,0,0,0
C3010,20,10,0000,District - Pakaur *  10,Rural,12,24264,13132,11132,8155,5090,3065,8155,5090,3065,0,0,0,0,0,0,0,0,0,0,0,0
C3010,20,10,0000,District - Pakaur *  10,Rural,13,9718,5036,4682,3331,2020,1311,3331,2020,1311,0,0,0,0,0,0,0,0,0,0,0,0
C3010,20,10,0000,District - Pakaur *  10,Rural,14,13650,7405,6245,3981,2598,1383,3981,2598,1383,0,0,0,0,0,0,0,0,0,0,0,0
C3010,20,10,0000,District - Pakaur *  10,Rural,15-19,54742,29064,25678,8686,6140,2546,7869,5523,2346,527,394,133,25,18,7,255,197,58,10,8,2
C3010,20,10,0000,District - Pakaur *  10,Rural,20-24,50293,23769,26524,1946,1586,360,963,760,203,837,700,137,19,13,6,117,110,7,10,3,7
C3010,20,10,0000,District - Pakaur *  10,Rural,25-29,50969,24607,26362,362,318,44,0,0,0,279,252,27,31,22,9,47,41,6,5,3,2
C3010,20,10,0000,District - Pakaur *  10,Rural,30-34,49370,24352,25018,90,71,19,0,0,0,52,43,9,8,6,2,19,14,5,11,8,3
C3010,20,10,0000,District - Pakaur *  10,Rural,35-59,146612,76762,69850,144,97,47,0,0,0,46,35,11,35,22,13,30,24,6,33,16,17
C3010,20,10,0000,District - Pakaur *  10,Rural,60+,29067,13418,15649,27,18,9,0,0,0,7,6,1,8,5,3,5,3,2,7,4,3
C3010,20,10,0000,District - Pakaur *  10,Rural,Age not stated,1440,811,629,2,2,0,0,0,0,1,1,0,0,0,0,1,1,0,0,0,0
C3010,20,10,0000,District - Pakaur *  10,Urban,All ages,36029,18980,17049,8440,4526,3914,7395,3898,3497,1011,606,405,10,7,3,24,15,9,0,0,0
C3010,20,10,0000,District - Pakaur *  10,Urban,0-4,3712,1834,1878,97,46,51,97,46,51,0,0,0,0,0,0,0,0,0,0,0,0
C3010,20,10,0000,District - Pakaur *  10,Urban,5,928,466,462,176,96,80,176,96,80,0,0,0,0,0,0,0,0,0,0,0,0
C3010,20,10,0000,District - Pakaur *  10,Urban,6,955,508,447,290,164,126,290,164,126,0,0,0,0,0,0,0,0,0,0,0,0
C3010,20,10,0000,District - Pakaur *  10,Urban,7,838,414,424,525,260,265,525,260,265,0,0,0,0,0,0,0,0,0,0,0,0
C3010,20,10,0000,District - Pakaur *  10,Urban,8,1204,660,544,809,462,347,809,462,347,0,0,0,0,0,0,0,0,0,0,0,0
C3010,20,10,0000,District - Pakaur *  10,Urban,9,693,357,336,532,272,260,532,272,260,0,0,0,0,0,0,0,0,0,0,0,0
C3010,20,10,0000,District - Pakaur *  10,Urban,10,1372,708,664,941,487,454,941,487,454,0,0,0,0,0,0,0,0,0,0,0,0
C3010,20,10,0000,District - Pakaur *  10,Urban,11,660,352,308,529,285,244,529,285,244,0,0,0,0,0,0,0,0,0,0,0,0
C3010,20,10,0000,District - Pakaur *  10,Urban,12,1212,600,612,856,413,443,856,413,443,0,0,0,0,0,0,0,0,0,0,0,0
C3010,20,10,0000,District - Pakaur *  10,Urban,13,709,373,336,519,274,245,519,274,245,0,0,0,0,0,0,0,0,0,0,0,0
C3010,20,10,0000,District - Pakaur *  10,Urban,14,910,471,439,607,308,299,607,308,299,0,0,0,0,0,0,0,0,0,0,0,0
C3010,20,10,0000,District - Pakaur *  10,Urban,15-19,3610,1928,1682,1849,1016,833,1432,777,655,408,233,175,2,1,1,7,5,2,0,0,0
C3010,20,10,0000,District - Pakaur *  10,Urban,20-24,3110,1662,1448,594,354,240,82,54,28,505,296,209,1,1,0,6,3,3,0,0,0
C3010,20,10,0000,District - Pakaur *  10,Urban,25-29,2846,1471,1375,91,72,19,0,0,0,76,61,15,5,4,1,10,7,3,0,0,0
C3010,20,10,0000,District - Pakaur *  10,Urban,30-34,2697,1378,1319,11,8,3,0,0,0,10,8,2,0,0,0,1,0,1,0,0,0
C3010,20,10,0000,District - Pakaur *  10,Urban,35-59,8581,4812,3769,9,5,4,0,0,0,7,4,3,2,1,1,0,0,0,0,0,0
C3010,20,10,0000,District - Pakaur *  10,Urban,60+,1965,961,1004,3,2,1,0,0,0,3,2,1,0,0,0,0,0,0,0,0,0
C3010,20,10,0000,District - Pakaur *  10,Urban,Age not stated,27,25,2,2,2,0,0,0,0,2,2,0,0,0,0,0,0,0,0,0,0
C3010,20,11,0000,District - Dumka  11,Total,All ages,1759602,897364,862238,279658,167574,112084,264636,156486,108150,12622,9534,3088,568,393,175,787,542,245,1045,619,426
C3010,20,11,0000,District - Dumka  11,Total,0-4,208261,105000,103261,2590,1406,1184,2590,1406,1184,0,0,0,0,0,0,0,0,0,0,0,0
C3010,20,11,0000,District - Dumka  11,Total,5,53177,27521,25656,5538,3087,2451,5538,3087,2451,0,0,0,0,0,0,0,0,0,0,0,0
C3010,20,11,0000,District - Dumka  11,Total,6,56998,28584,28414,12714,6913,5801,12714,6913,5801,0,0,0,0,0,0,0,0,0,0,0,0
C3010,20,11,0000,District - Dumka  11,Total,7,41482,20784,20698,20322,11039,9283,20322,11039,9283,0,0,0,0,0,0,0,0,0,0,0,0
C3010,20,11,0000,District - Dumka  11,Total,8,67771,34701,33070,36578,20381,16197,36578,20381,16197,0,0,0,0,0,0,0,0,0,0,0,0
C3010,20,11,0000,District - Dumka  11,Total,9,34912,17436,17476,21715,11807,9908,21715,11807,9908,0,0,0,0,0,0,0,0,0,0,0,0
C3010,20,11,0000,District - Dumka  11,Total,10,70361,37341,33020,41833,24433,17400,41833,24433,17400,0,0,0,0,0,0,0,0,0,0,0,0
C3010,20,11,0000,District - Dumka  11,Total,11,23286,11949,11337,15749,8852,6897,15749,8852,6897,0,0,0,0,0,0,0,0,0,0,0,0
C3010,20,11,0000,District - Dumka  11,Total,12,63144,33561,29583,35824,21459,14365,35824,21459,14365,0,0,0,0,0,0,0,0,0,0,0,0
C3010,20,11,0000,District - Dumka  11,Total,13,27396,13904,13492,15761,9123,6638,15761,9123,6638,0,0,0,0,0,0,0,0,0,0,0,0
C3010,20,11,0000,District - Dumka  11,Total,14,35032,18739,16293,17224,10784,6440,17224,10784,6440,0,0,0,0,0,0,0,0,0,0,0,0
C3010,20,11,0000,District - Dumka  11,Total,15-19,149081,80737,68344,40778,28458,12320,35528,24699,10829,4670,3379,1291,117,81,36,412,270,142,51,29,22
C3010,20,11,0000,District - Dumka  11,Total,20-24,138123,67123,71000,9992,7533,2459,3260,2503,757,6344,4792,1552,119,84,35,108,75,33,161,79,82
C3010,20,11,0000,District - Dumka  11,Total,25-29,138640,68004,70636,1662,1324,338,0,0,0,1233,1037,196,117,90,27,118,87,31,194,110,84
C3010,20,11,0000,District - Dumka  11,Total,30-34,134064,66272,67792,528,389,139,0,0,0,223,195,28,57,44,13,65,46,19,183,104,79
C3010,20,11,0000,District - Dumka  11,Total,35-59,412873,215752,197121,702,484,218,0,0,0,119,104,15,119,75,44,76,57,19,388,248,140
C3010,20,11,0000,District - Dumka  11,Total,60+,103671,49234,54437,134,91,43,0,0,0,24,19,5,37,19,18,8,7,1,65,46,19
C3010,20,11,0000,District - Dumka  11,Total,Age not stated,1330,722,608,14,11,3,0,0,0,9,8,1,2,0,2,0,0,0,3,3,0
C3010,20,11,0000,District - Dumka  11,Rural,All ages,1644690,836252,808438,247478,149660,97818,237277,141789,95488,8036,6491,1545,463,308,155,686,463,223,1016,609,407
C3010,20,11,0000,District - Dumka  11,Rural,0-4,197170,99184,97986,2160,1181,979,2160,1181,979,0,0,0,0,0,0,0,0,0,0,0,0
C3010,20,11,0000,District - Dumka  11,Rural,5,50398,26068,24330,4817,2712,2105,4817,2712,2105,0,0,0,0,0,0,0,0,0,0,0,0
C3010,20,11,0000,District - Dumka  11,Rural,6,54242,27195,27047,11604,6346,5258,11604,6346,5258,0,0,0,0,0,0,0,0,0,0,0,0
C3010,20,11,0000,District - Dumka  11,Rural,7,38955,19508,19447,18257,9973,8284,18257,9973,8284,0,0,0,0,0,0,0,0,0,0,0,0
C3010,20,11,0000,District - Dumka  11,Rural,8,64327,32912,31415,33711,18878,14833,33711,18878,14833,0,0,0,0,0,0,0,0,0,0,0,0
C3010,20,11,0000,District - Dumka  11,Rural,9,32765,16360,16405,19801,10836,8965,19801,10836,8965,0,0,0,0,0,0,0,0,0,0,0,0
C3010,20,11,0000,District - Dumka  11,Rural,10,66471,35329,31142,38467,22643,15824,38467,22643,15824,0,0,0,0,0,0,0,0,0,0,0,0
C3010,20,11,0000,District - Dumka  11,Rural,11,21367,10956,10411,14005,7934,6071,14005,7934,6071,0,0,0,0,0,0,0,0,0,0,0,0
C3010,20,11,0000,District - Dumka  11,Rural,12,59556,31715,27841,32781,19853,12928,32781,19853,12928,0,0,0,0,0,0,0,0,0,0,0,0
C3010,20,11,0000,District - Dumka  11,Rural,13,25061,12731,12330,13772,8104,5668,13772,8104,5668,0,0,0,0,0,0,0,0,0,0,0,0
C3010,20,11,0000,District - Dumka  11,Rural,14,32162,17238,14924,14969,9549,5420,14969,9549,5420,0,0,0,0,0,0,0,0,0,0,0,0
C3010,20,11,0000,District - Dumka  11,Rural,15-19,136881,73969,62912,33385,24061,9324,29992,21485,8507,2860,2227,633,91,59,32,393,261,132,49,29,20
C3010,20,11,0000,District - Dumka  11,Rural,20-24,127598,61408,66190,7285,5741,1544,2941,2295,646,4006,3244,762,90,61,29,91,63,28,157,78,79
C3010,20,11,0000,District - Dumka  11,Rural,25-29,129172,63098,66074,1234,980,254,0,0,0,883,759,124,79,57,22,80,55,25,192,109,83
C3010,20,11,0000,District - Dumka  11,Rural,30-34,125462,61777,63685,459,335,124,0,0,0,175,159,16,52,40,12,51,32,19,181,104,77
C3010,20,11,0000,District - Dumka  11,Rural,35-59,384955,200332,184623,640,446,194,0,0,0,92,87,5,113,73,40,64,46,18,371,240,131
C3010,20,11,0000,District - Dumka  11,Rural,60+,96941,45822,51119,120,80,40,0,0,0,14,10,4,36,18,18,7,6,1,63,46,17
C3010,20,11,0000,District - Dumka  11,Rural,Age not stated,1207,650,557,11,8,3,0,0,0,6,5,1,2,0,2,0,0,0,3,3,0
C3010,20,11,0000,District - Dumka  11,Urban,All ages,114912,61112,53800,32180,17914,14266,27359,14697,12662,4586,3043,1543,105,85,20,101,79,22,29,10,19
C3010,20,11,0000,District - Dumka  11,Urban,0-4,11091,5816,5275,430,225,205,430,225,205,0,0,0,0,0,0,0,0,0,0,0,0
C3010,20,11,0000,District - Dumka  11,Urban,5,2779,1453,1326,721,375,346,721,375,346,0,0,0,0,0,0,0,0,0,0,0,0
C3010,20,11,0000,District - Dumka  11,Urban,6,2756,1389,1367,1110,567,543,1110,567,543,0,0,0,0,0,0,0,0,0,0,0,0
C3010,20,11,0000,District - Dumka  11,Urban,7,2527,1276,1251,2065,1066,999,2065,1066,999,0,0,0,0,0,0,0,0,0,0,0,0
C3010,20,11,0000,District - Dumka  11,Urban,8,3444,1789,1655,2867,1503,1364,2867,1503,1364,0,0,0,0,0,0,0,0,0,0,0,0
C3010,20,11,0000,District - Dumka  11,Urban,9,2147,1076,1071,1914,971,943,1914,971,943,0,0,0,0,0,0,0,0,0,0,0,0
C3010,20,11,0000,District - Dumka  11,Urban,10,3890,2012,1878,3366,1790,1576,3366,1790,1576,0,0,0,0,0,0,0,0,0,0,0,0
C3010,20,11,0000,District - Dumka  11,Urban,11,1919,993,926,1744,918,826,1744,918,826,0,0,0,0,0,0,0,0,0,0,0,0
C3010,20,11,0000,District - Dumka  11,Urban,12,3588,1846,1742,3043,1606,1437,3043,1606,1437,0,0,0,0,0,0,0,0,0,0,0,0
C3010,20,11,0000,District - Dumka  11,Urban,13,2335,1173,1162,1989,1019,970,1989,1019,970,0,0,0,0,0,0,0,0,0,0,0,0
C3010,20,11,0000,District - Dumka  11,Urban,14,2870,1501,1369,2255,1235,1020,2255,1235,1020,0,0,0,0,0,0,0,0,0,0,0,0
C3010,20,11,0000,District - Dumka  11,Urban,15-19,12200,6768,5432,7393,4397,2996,5536,3214,2322,1810,1152,658,26,22,4,19,9,10,2,0,2
C3010,20,11,0000,District - Dumka  11,Urban,20-24,10525,5715,4810,2707,1792,915,319,208,111,2338,1548,790,29,23,6,17,12,5,4,1,3
C3010,20,11,0000,District - Dumka  11,Urban,25-29,9468,4906,4562,428,344,84,0,0,0,350,278,72,38,33,5,38,32,6,2,1,1
C3010,20,11,0000,District - Dumka  11,Urban,30-34,8602,4495,4107,69,54,15,0,0,0,48,36,12,5,4,1,14,14,0,2,0,2
C3010,20,11,0000,District - Dumka  11,Urban,35-59,27918,15420,12498,62,38,24,0,0,0,27,17,10,6,2,4,12,11,1,17,8,9
C3010,20,11,0000,District - Dumka  11,Urban,60+,6730,3412,3318,14,11,3,0,0,0,10,9,1,1,1,0,1,1,0,2,0,2
C3010,20,11,0000,District - Dumka  11,Urban,Age not stated,123,72,51,3,3,0,0,0,0,3,3,0,0,0,0,0,0,0,0,0,0
C3010,20,12,0000,District - Dhanbad  12,Total,All ages,2397102,1278946,1118156,600922,353954,246968,536545,307731,228814,57289,41327,15962,3281,2826,455,1740,1211,529,2067,859,1208
C3010,20,12,0000,District - Dhanbad  12,Total,0-4,253402,129475,123927,6850,3707,3143,6850,3707,3143,0,0,0,0,0,0,0,0,0,0,0,0
C3010,20,12,0000,District - Dhanbad  12,Total,5,65763,34506,31257,13108,7293,5815,13108,7293,5815,0,0,0,0,0,0,0,0,0,0,0,0
C3010,20,12,0000,District - Dhanbad  12,Total,6,65100,32975,32125,21695,11749,9946,21695,11749,9946,0,0,0,0,0,0,0,0,0,0,0,0
C3010,20,12,0000,District - Dhanbad  12,Total,7,57155,28887,28268,38474,20620,17854,38474,20620,17854,0,0,0,0,0,0,0,0,0,0,0,0
C3010,20,12,0000,District - Dhanbad  12,Total,8,81559,42768,38791,57892,32305,25587,57892,32305,25587,0,0,0,0,0,0,0,0,0,0,0,0
C3010,20,12,0000,District - Dhanbad  12,Total,9,47828,24645,23183,37237,20337,16900,37237,20337,16900,0,0,0,0,0,0,0,0,0,0,0,0
C3010,20,12,0000,District - Dhanbad  12,Total,10,89421,47476,41945,67178,37884,29294,67178,37884,29294,0,0,0,0,0,0,0,0,0,0,0,0
C3010,20,12,0000,District - Dhanbad  12,Total,11,42856,22429,20427,34520,19137,15383,34520,19137,15383,0,0,0,0,0,0,0,0,0,0,0,0
C3010,20,12,0000,District - Dhanbad  12,Total,12,84046,44855,39191,61935,35466,26469,61935,35466,26469,0,0,0,0,0,0,0,0,0,0,0,0
C3010,20,12,0000,District - Dhanbad  12,Total,13,52048,26131,25917,38484,21001,17483,38484,21001,17483,0,0,0,0,0,0,0,0,0,0,0,0
C3010,20,12,0000,District - Dhanbad  12,Total,14,63432,33379,30053,43501,25085,18416,43501,25085,18416,0,0,0,0,0,0,0,0,0,0,0,0
C3010,20,12,0000,District - Dhanbad  12,Total,15-19,265045,148485,116560,131018,82908,48110,107221,66947,40274,22079,14716,7363,872,738,134,718,441,277,128,66,62
C3010,20,12,0000,District - Dhanbad  12,Total,20-24,206060,114716,91344,39554,29338,10216,8450,6200,2250,29378,21764,7614,1097,981,116,359,269,90,270,124,146
C3010,20,12,0000,District - Dhanbad  12,Total,25-29,177720,94150,83570,5744,4703,1041,0,0,0,4296,3602,694,783,694,89,364,291,73,301,116,185
C3010,20,12,0000,District - Dhanbad  12,Total,30-34,160396,81917,78479,1322,950,372,0,0,0,719,604,115,194,167,27,88,66,22,321,113,208
C3010,20,12,0000,District - Dhanbad  12,Total,35-59,572241,314456,257785,1981,1182,799,0,0,0,579,454,125,292,216,76,192,133,59,918,379,539
C3010,20,12,0000,District - Dhanbad  12,Total,60+,109933,55786,54147,376,249,127,0,0,0,197,156,41,36,24,12,18,10,8,125,59,66
C3010,20,12,0000,District - Dhanbad  12,Total,Age not stated,3097,1910,1187,53,40,13,0,0,0,41,31,10,7,6,1,1,1,0,4,2,2
C3010,20,12,0000,District - Dhanbad  12,Rural,All ages,1141744,598068,543676,249264,151652,97612,231765,138027,93738,14787,12002,2785,749,638,111,691,460,231,1272,525,747
C3010,20,12,0000,District - Dhanbad  12,Rural,0-4,133430,67827,65603,2431,1333,1098,2431,1333,1098,0,0,0,0,0,0,0,0,0,0,0,0
C3010,20,12,0000,District - Dhanbad  12,Rural,5,33932,17592,16340,5674,3206,2468,5674,3206,2468,0,0,0,0,0,0,0,0,0,0,0,0
C3010,20,12,0000,District - Dhanbad  12,Rural,6,33583,16857,16726,10245,5657,4588,10245,5657,4588,0,0,0,0,0,0,0,0,0,0,0,0
C3010,20,12,0000,District - Dhanbad  12,Rural,7,29453,14727,14726,18238,9991,8247,18238,9991,8247,0,0,0,0,0,0,0,0,0,0,0,0
C3010,20,12,0000,District - Dhanbad  12,Rural,8,40446,21096,19350,26768,15289,11479,26768,15289,11479,0,0,0,0,0,0,0,0,0,0,0,0
C3010,20,12,0000,District - Dhanbad  12,Rural,9,24810,12621,12189,18148,10115,8033,18148,10115,8033,0,0,0,0,0,0,0,0,0,0,0,0
C3010,20,12,0000,District - Dhanbad  12,Rural,10,42528,22306,20222,30115,17375,12740,30115,17375,12740,0,0,0,0,0,0,0,0,0,0,0,0
C3010,20,12,0000,District - Dhanbad  12,Rural,11,20790,10743,10047,15764,8952,6812,15764,8952,6812,0,0,0,0,0,0,0,0,0,0,0,0
C3010,20,12,0000,District - Dhanbad  12,Rural,12,40395,21453,18942,27397,16340,11057,27397,16340,11057,0,0,0,0,0,0,0,0,0,0,0,0
C3010,20,12,0000,District - Dhanbad  12,Rural,13,25068,12585,12483,16783,9674,7109,16783,9674,7109,0,0,0,0,0,0,0,0,0,0,0,0
C3010,20,12,0000,District - Dhanbad  12,Rural,14,29152,15205,13947,17589,10741,6848,17589,10741,6848,0,0,0,0,0,0,0,0,0,0,0,0
C3010,20,12,0000,District - Dhanbad  12,Rural,15-19,117689,66036,51653,45890,31693,14197,39374,26791,12583,5897,4502,1395,181,147,34,376,222,154,62,31,31
C3010,20,12,0000,District - Dhanbad  12,Rural,20-24,93613,50231,43382,11115,9055,2060,3239,2563,676,7384,6137,1247,211,195,16,106,83,23,175,77,98
C3010,20,12,0000,District - Dhanbad  12,Rural,25-29,85138,44319,40819,1639,1378,261,0,0,0,1172,1075,97,165,147,18,101,86,15,201,70,131
C3010,20,12,0000,District - Dhanbad  12,Rural,30-34,77416,38895,38521,466,299,167,0,0,0,163,146,17,71,62,9,29,18,11,203,73,130
C3010,20,12,0000,District - Dhanbad  12,Rural,35-59,257584,137512,120072,850,451,399,0,0,0,112,95,17,106,76,30,69,44,25,563,236,327
C3010,20,12,0000,District - Dhanbad  12,Rural,60+,55492,27283,28209,134,88,46,0,0,0,45,36,9,13,9,4,9,6,3,67,37,30
C3010,20,12,0000,District - Dhanbad  12,Rural,Age not stated,1225,780,445,18,15,3,0,0,0,14,11,3,2,2,0,1,1,0,1,1,0
C3010,20,12,0000,District - Dhanbad  12,Urban,All ages,1255358,680878,574480,351658,202302,149356,304780,169704,135076,42502,29325,13177,2532,2188,344,1049,751,298,795,334,461
C3010,20,12,0000,District - Dhanbad  12,Urban,0-4,119972,61648,58324,4419,2374,2045,4419,2374,2045,0,0,0,0,0,0,0,0,0,0,0,0
C3010,20,12,0000,District - Dhanbad  12,Urban,5,31831,16914,14917,7434,4087,3347,7434,4087,3347,0,0,0,0,0,0,0,0,0,0,0,0
C3010,20,12,0000,District - Dhanbad  12,Urban,6,31517,16118,15399,11450,6092,5358,11450,6092,5358,0,0,0,0,0,0,0,0,0,0,0,0
C3010,20,12,0000,District - Dhanbad  12,Urban,7,27702,14160,13542,20236,10629,9607,20236,10629,9607,0,0,0,0,0,0,0,0,0,0,0,0
C3010,20,12,0000,District - Dhanbad  12,Urban,8,41113,21672,19441,31124,17016,14108,31124,17016,14108,0,0,0,0,0,0,0,0,0,0,0,0
C3010,20,12,0000,District - Dhanbad  12,Urban,9,23018,12024,10994,19089,10222,8867,19089,10222,8867,0,0,0,0,0,0,0,0,0,0,0,0
C3010,20,12,0000,District - Dhanbad  12,Urban,10,46893,25170,21723,37063,20509,16554,37063,20509,16554,0,0,0,0,0,0,0,0,0,0,0,0
C3010,20,12,0000,District - Dhanbad  12,Urban,11,22066,11686,10380,18756,10185,8571,18756,10185,8571,0,0,0,0,0,0,0,0,0,0,0,0
C3010,20,12,0000,District - Dhanbad  12,Urban,12,43651,23402,20249,34538,19126,15412,34538,19126,15412,0,0,0,0,0,0,0,0,0,0,0,0
C3010,20,12,0000,District - Dhanbad  12,Urban,13,26980,13546,13434,21701,11327,10374,21701,11327,10374,0,0,0,0,0,0,0,0,0,0,0,0
C3010,20,12,0000,District - Dhanbad  12,Urban,14,34280,18174,16106,25912,14344,11568,25912,14344,11568,0,0,0,0,0,0,0,0,0,0,0,0
C3010,20,12,0000,District - Dhanbad  12,Urban,15-19,147356,82449,64907,85128,51215,33913,67847,40156,27691,16182,10214,5968,691,591,100,342,219,123,66,35,31
C3010,20,12,0000,District - Dhanbad  12,Urban,20-24,112447,64485,47962,28439,20283,8156,5211,3637,1574,21994,15627,6367,886,786,100,253,186,67,95,47,48
C3010,20,12,0000,District - Dhanbad  12,Urban,25-29,92582,49831,42751,4105,3325,780,0,0,0,3124,2527,597,618,547,71,263,205,58,100,46,54
C3010,20,12,0000,District - Dhanbad  12,Urban,30-34,82980,43022,39958,856,651,205,0,0,0,556,458,98,123,105,18,59,48,11,118,40,78
C3010,20,12,0000,District - Dhanbad  12,Urban,35-59,314657,176944,137713,1131,731,400,0,0,0,467,359,108,186,140,46,123,89,34,355,143,212
C3010,20,12,0000,District - Dhanbad  12,Urban,60+,54441,28503,25938,242,161,81,0,0,0,152,120,32,23,15,8,9,4,5,58,22,36
C3010,20,12,0000,District - Dhanbad  12,Urban,Age not stated,1872,1130,742,35,25,10,0,0,0,27,20,7,5,4,1,0,0,0,3,1,2
C3010,20,13,0000,District - Bokaro *  13,Total,All ages,1777662,938436,839226,430890,255628,175262,376969,218510,158459,49692,33858,15834,2850,2292,558,1111,808,303,268,160,108
C3010,20,13,0000,District - Bokaro *  13,Total,0-4,189029,96462,92567,5842,3210,2632,5842,3210,2632,0,0,0,0,0,0,0,0,0,0,0,0
C3010,20,13,0000,District - Bokaro *  13,Total,5,51772,27274,24498,11099,6267,4832,11099,6267,4832,0,0,0,0,0,0,0,0,0,0,0,0
C3010,20,13,0000,District - Bokaro *  13,Total,6,50347,25590,24757,17252,9492,7760,17252,9492,7760,0,0,0,0,0,0,0,0,0,0,0,0
C3010,20,13,0000,District - Bokaro *  13,Total,7,41951,21281,20670,26276,14343,11933,26276,14343,11933,0,0,0,0,0,0,0,0,0,0,0,0
C3010,20,13,0000,District - Bokaro *  13,Total,8,61184,31691,29493,39932,22492,17440,39932,22492,17440,0,0,0,0,0,0,0,0,0,0,0,0
C3010,20,13,0000,District - Bokaro *  13,Total,9,34538,17297,17241,24834,13576,11258,24834,13576,11258,0,0,0,0,0,0,0,0,0,0,0,0
C3010,20,13,0000,District - Bokaro *  13,Total,10,66108,34736,31372,46381,26670,19711,46381,26670,19711,0,0,0,0,0,0,0,0,0,0,0,0
C3010,20,13,0000,District - Bokaro *  13,Total,11,28219,14587,13632,21945,12248,9697,21945,12248,9697,0,0,0,0,0,0,0,0,0,0,0,0
C3010,20,13,0000,District - Bokaro *  13,Total,12,60867,32037,28830,42600,24621,17979,42600,24621,17979,0,0,0,0,0,0,0,0,0,0,0,0
C3010,20,13,0000,District - Bokaro *  13,Total,13,35568,17647,17921,25846,14185,11661,25846,14185,11661,0,0,0,0,0,0,0,0,0,0,0,0
C3010,20,13,0000,District - Bokaro *  13,Total,14,41349,21473,19876,28467,16312,12155,28467,16312,12155,0,0,0,0,0,0,0,0,0,0,0,0
C3010,20,13,0000,District - Bokaro *  13,Total,15-19,185371,104091,81280,97483,61322,36161,79238,49878,29360,17147,10664,6483,641,484,157,439,287,152,18,9,9
C3010,20,13,0000,District - Bokaro *  13,Total,20-24,155792,84014,71778,35487,24849,10638,7257,5216,2041,27038,18669,8369,907,753,154,248,189,59,37,22,15
C3010,20,13,0000,District - Bokaro *  13,Total,25-29,140534,73115,67419,5347,4397,950,0,0,0,4137,3391,746,916,780,136,260,208,52,34,18,16
C3010,20,13,0000,District - Bokaro *  13,Total,30-34,123689,63145,60544,923,776,147,0,0,0,686,583,103,144,121,23,65,52,13,28,20,8
C3010,20,13,0000,District - Bokaro *  13,Total,35-59,424642,229633,195009,910,675,235,0,0,0,528,423,105,190,126,64,83,61,22,109,65,44
C3010,20,13,0000,District - Bokaro *  13,Total,60+,85476,43656,41820,245,176,69,0,0,0,141,116,25,48,24,24,16,11,5,40,25,15
C3010,20,13,0000,District - Bokaro *  13,Total,Age not stated,1226,707,519,21,17,4,0,0,0,15,12,3,4,4,0,0,0,0,2,1,1
C3010,20,13,0000,District - Bokaro *  13,Rural,All ages,973005,504881,468124,173929,109291,64638,164425,101148,63277,8472,7443,1029,463,330,133,400,273,127,169,97,72
C3010,20,13,0000,District - Bokaro *  13,Rural,0-4,116973,59059,57914,2008,1136,872,2008,1136,872,0,0,0,0,0,0,0,0,0,0,0,0
C3010,20,13,0000,District - Bokaro *  13,Rural,5,31861,16726,15135,4860,2839,2021,4860,2839,2021,0,0,0,0,0,0,0,0,0,0,0,0
C3010,20,13,0000,District - Bokaro *  13,Rural,6,31216,15733,15483,8263,4710,3553,8263,4710,3553,0,0,0,0,0,0,0,0,0,0,0,0
C3010,20,13,0000,District - Bokaro *  13,Rural,7,24523,12379,12144,12509,7094,5415,12509,7094,5415,0,0,0,0,0,0,0,0,0,0,0,0
C3010,20,13,0000,District - Bokaro *  13,Rural,8,36962,19055,17907,20231,11891,8340,20231,11891,8340,0,0,0,0,0,0,0,0,0,0,0,0
C3010,20,13,0000,District - Bokaro *  13,Rural,9,20216,9944,10272,12438,7028,5410,12438,7028,5410,0,0,0,0,0,0,0,0,0,0,0,0
C3010,20,13,0000,District - Bokaro *  13,Rural,10,38442,20044,18398,22958,13817,9141,22958,13817,9141,0,0,0,0,0,0,0,0,0,0,0,0
C3010,20,13,0000,District - Bokaro *  13,Rural,11,14295,7180,7115,9466,5484,3982,9466,5484,3982,0,0,0,0,0,0,0,0,0,0,0,0
C3010,20,13,0000,District - Bokaro *  13,Rural,12,34575,18119,16456,20360,12490,7870,20360,12490,7870,0,0,0,0,0,0,0,0,0,0,0,0
C3010,20,13,0000,District - Bokaro *  13,Rural,13,18447,9001,9446,11025,6435,4590,11025,6435,4590,0,0,0,0,0,0,0,0,0,0,0,0
C3010,20,13,0000,District - Bokaro *  13,Rural,14,20443,10491,9952,11036,6843,4193,11036,6843,4193,0,0,0,0,0,0,0,0,0,0,0,0
C3010,20,13,0000,District - Bokaro *  13,Rural,15-19,87376,49874,37502,29825,21840,7985,26496,19154,7342,3018,2488,530,92,65,27,208,128,80,11,5,6
C3010,20,13,0000,District - Bokaro *  13,Rural,20-24,76074,39603,36471,7112,6101,1011,2775,2227,548,4151,3742,409,98,75,23,64,44,20,24,13,11
C3010,20,13,0000,District - Bokaro *  13,Rural,25-29,77867,39644,38223,1153,1040,113,0,0,0,959,892,67,115,93,22,57,45,12,22,10,12
C3010,20,13,0000,District - Bokaro *  13,Rural,30-34,70722,35311,35411,246,218,28,0,0,0,170,163,7,35,26,9,26,20,6,15,9,6
C3010,20,13,0000,District - Bokaro *  13,Rural,35-59,214948,113204,101744,333,253,80,0,0,0,143,131,12,92,56,36,36,28,8,62,38,24
C3010,20,13,0000,District - Bokaro *  13,Rural,60+,57275,29056,28219,101,68,33,0,0,0,27,24,3,31,15,16,9,8,1,34,21,13
C3010,20,13,0000,District - Bokaro *  13,Rural,Age not stated,790,458,332,5,4,1,0,0,0,4,3,1,0,0,0,0,0,0,1,1,0
C3010,20,13,0000,District - Bokaro *  13,Urban,All ages,804657,433555,371102,256961,146337,110624,212544,117362,95182,41220,26415,14805,2387,1962,425,711,535,176,99,63,36
C3010,20,13,0000,District - Bokaro *  13,Urban,0-4,72056,37403,34653,3834,2074,1760,3834,2074,1760,0,0,0,0,0,0,0,0,0,0,0,0
C3010,20,13,0000,District - Bokaro *  13,Urban,5,19911,10548,9363,6239,3428,2811,6239,3428,2811,0,0,0,0,0,0,0,0,0,0,0,0
C3010,20,13,0000,District - Bokaro *  13,Urban,6,19131,9857,9274,8989,4782,4207,8989,4782,4207,0,0,0,0,0,0,0,0,0,0,0,0
C3010,20,13,0000,District - Bokaro *  13,Urban,7,17428,8902,8526,13767,7249,6518,13767,7249,6518,0,0,0,0,0,0,0,0,0,0,0,0
C3010,20,13,0000,District - Bokaro *  13,Urban,8,24222,12636,11586,19701,10601,9100,19701,10601,9100,0,0,0,0,0,0,0,0,0,0,0,0
C3010,20,13,0000,District - Bokaro *  13,Urban,9,14322,7353,6969,12396,6548,5848,12396,6548,5848,0,0,0,0,0,0,0,0,0,0,0,0
C3010,20,13,0000,District - Bokaro *  13,Urban,10,27666,14692,12974,23423,12853,10570,23423,12853,10570,0,0,0,0,0,0,0,0,0,0,0,0
C3010,20,13,0000,District - Bokaro *  13,Urban,11,13924,7407,6517,12479,6764,5715,12479,6764,5715,0,0,0,0,0,0,0,0,0,0,0,0
C3010,20,13,0000,District - Bokaro *  13,Urban,12,26292,13918,12374,22240,12131,10109,22240,12131,10109,0,0,0,0,0,0,0,0,0,0,0,0
C3010,20,13,0000,District - Bokaro *  13,Urban,13,17121,8646,8475,14821,7750,7071,14821,7750,7071,0,0,0,0,0,0,0,0,0,0,0,0
C3010,20,13,0000,District - Bokaro *  13,Urban,14,20906,10982,9924,17431,9469,7962,17431,9469,7962,0,0,0,0,0,0,0,0,0,0,0,0
C3010,20,13,0000,District - Bokaro *  13,Urban,15-19,97995,54217,43778,67658,39482,28176,52742,30724,22018,14129,8176,5953,549,419,130,231,159,72,7,4,3
C3010,20,13,0000,District - Bokaro *  13,Urban,20-24,79718,44411,35307,28375,18748,9627,4482,2989,1493,22887,14927,7960,809,678,131,184,145,39,13,9,4
C3010,20,13,0000,District - Bokaro *  13,Urban,25-29,62667,33471,29196,4194,3357,837,0,0,0,3178,2499,679,801,687,114,203,163,40,12,8,4
C3010,20,13,0000,District - Bokaro *  13,Urban,30-34,52967,27834,25133,677,558,119,0,0,0,516,420,96,109,95,14,39,32,7,13,11,2
C3010,20,13,0000,District - Bokaro *  13,Urban,35-59,209694,116429,93265,577,422,155,0,0,0,385,292,93,98,70,28,47,33,14,47,27,20
C3010,20,13,0000,District - Bokaro *  13,Urban,60+,28201,14600,13601,144,108,36,0,0,0,114,92,22,17,9,8,7,3,4,6,4,2
C3010,20,13,0000,District - Bokaro *  13,Urban,Age not stated,436,249,187,16,13,3,0,0,0,11,9,2,4,4,0,0,0,0,1,0,1
C3010,20,14,0000,District - Ranchi  14,Total,All ages,2785064,1436976,1348088,725934,410364,315570,634045,350748,283297,81908,52733,29175,5828,4248,1580,3006,1954,1052,1147,681,466
C3010,20,14,0000,District - Ranchi  14,Total,0-4,302609,153597,149012,14691,7705,6986,14691,7705,6986,0,0,0,0,0,0,0,0,0,0,0,0
C3010,20,14,0000,District - Ranchi  14,Total,5,76990,40199,36791,22384,12079,10305,22384,12079,10305,0,0,0,0,0,0,0,0,0,0,0,0
C3010,20,14,0000,District - Ranchi  14,Total,6,81486,41330,40156,35470,18798,16672,35470,18798,16672,0,0,0,0,0,0,0,0,0,0,0,0
C3010,20,14,0000,District - Ranchi  14,Total,7,64775,32665,32110,45997,24172,21825,45997,24172,21825,0,0,0,0,0,0,0,0,0,0,0,0
C3010,20,14,0000,District - Ranchi  14,Total,8,93467,48592,44875,68468,37368,31100,68468,37368,31100,0,0,0,0,0,0,0,0,0,0,0,0
C3010,20,14,0000,District - Ranchi  14,Total,9,55987,28366,27621,44319,23516,20803,44319,23516,20803,0,0,0,0,0,0,0,0,0,0,0,0
C3010,20,14,0000,District - Ranchi  14,Total,10,102234,53577,48657,78003,43314,34689,78003,43314,34689,0,0,0,0,0,0,0,0,0,0,0,0
C3010,20,14,0000,District - Ranchi  14,Total,11,44260,22739,21521,36679,19721,16958,36679,19721,16958,0,0,0,0,0,0,0,0,0,0,0,0
C3010,20,14,0000,District - Ranchi  14,Total,12,96878,49865,47013,72048,39754,32294,72048,39754,32294,0,0,0,0,0,0,0,0,0,0,0,0
C3010,20,14,0000,District - Ranchi  14,Total,13,53281,26542,26739,40781,21824,18957,40781,21824,18957,0,0,0,0,0,0,0,0,0,0,0,0
C3010,20,14,0000,District - Ranchi  14,Total,14,66519,34220,32299,47041,26063,20978,47041,26063,20978,0,0,0,0,0,0,0,0,0,0,0,0
C3010,20,14,0000,District - Ranchi  14,Total,15-19,275841,146502,129339,145405,86305,59100,116450,68694,47756,26967,16323,10644,1142,792,350,754,457,297,92,39,53
C3010,20,14,0000,District - Ranchi  14,Total,20-24,231458,119269,112189,57914,37628,20286,11714,7740,3974,43354,28002,15352,1918,1335,583,680,405,275,248,146,102
C3010,20,14,0000,District - Ranchi  14,Total,25-29,219799,111406,108393,10974,7996,2978,0,0,0,8219,5971,2248,1716,1326,390,806,540,266,233,159,74
C3010,20,14,0000,District - Ranchi  14,Total,30-34,198081,98403,99678,2581,1901,680,0,0,0,1676,1227,449,466,370,96,302,222,80,137,82,55
C3010,20,14,0000,District - Ranchi  14,Total,35-59,643824,339156,304668,2449,1748,701,0,0,0,1277,934,343,449,339,110,382,279,103,341,196,145
C3010,20,14,0000,District - Ranchi  14,Total,60+,172293,87470,84823,620,403,217,0,0,0,337,229,108,126,76,50,74,47,27,83,51,32
C3010,20,14,0000,District - Ranchi  14,Total,Age not stated,5282,3078,2204,110,69,41,0,0,0,78,47,31,11,10,1,8,4,4,13,8,5
C3010,20,14,0000,District - Ranchi  14,Rural,All ages,1807243,916347,890896,400870,231426,169444,376500,213573,162927,20513,15186,5327,1864,1395,469,1170,762,408,823,510,313
C3010,20,14,0000,District - Ranchi  14,Rural,0-4,214405,108230,106175,6149,3236,2913,6149,3236,2913,0,0,0,0,0,0,0,0,0,0,0,0
C3010,20,14,0000,District - Ranchi  14,Rural,5,54558,28299,26259,11767,6429,5338,11767,6429,5338,0,0,0,0,0,0,0,0,0,0,0,0
C3010,20,14,0000,District - Ranchi  14,Rural,6,58747,29742,29005,21739,11618,10121,21739,11618,10121,0,0,0,0,0,0,0,0,0,0,0,0
C3010,20,14,0000,District - Ranchi  14,Rural,7,44877,22397,22480,29142,15356,13786,29142,15356,13786,0,0,0,0,0,0,0,0,0,0,0,0
C3010,20,14,0000,District - Ranchi  14,Rural,8,65798,34031,31767,44671,24634,20037,44671,24634,20037,0,0,0,0,0,0,0,0,0,0,0,0
C3010,20,14,0000,District - Ranchi  14,Rural,9,38980,19610,19370,29073,15603,13470,29073,15603,13470,0,0,0,0,0,0,0,0,0,0,0,0
C3010,20,14,0000,District - Ranchi  14,Rural,10,70237,36523,33714,50237,28261,21976,50237,28261,21976,0,0,0,0,0,0,0,0,0,0,0,0
C3010,20,14,0000,District - Ranchi  14,Rural,11,27536,13997,13539,21500,11710,9790,21500,11710,9790,0,0,0,0,0,0,0,0,0,0,0,0
C3010,20,14,0000,District - Ranchi  14,Rural,12,66361,34066,32295,45956,26022,19934,45956,26022,19934,0,0,0,0,0,0,0,0,0,0,0,0
C3010,20,14,0000,District - Ranchi  14,Rural,13,33699,16783,16916,23765,13180,10585,23765,13180,10585,0,0,0,0,0,0,0,0,0,0,0,0
C3010,20,14,0000,District - Ranchi  14,Rural,14,41911,21452,20459,26662,15372,11290,26662,15372,11290,0,0,0,0,0,0,0,0,0,0,0,0
C3010,20,14,0000,District - Ranchi  14,Rural,15-19,163773,86336,77437,66782,42664,24118,59061,37354,21707,6856,4753,2103,409,312,97,385,218,167,71,27,44
C3010,20,14,0000,District - Ranchi  14,Rural,20-24,131728,65278,66450,18454,13501,4953,6778,4798,1980,10413,7763,2650,787,628,159,275,191,84,201,121,80
C3010,20,14,0000,District - Ranchi  14,Rural,25-29,133700,66041,67659,2993,2374,619,0,0,0,2301,1881,420,329,241,88,198,136,62,165,116,49
C3010,20,14,0000,District - Ranchi  14,Rural,30-34,125279,60247,65032,786,605,181,0,0,0,498,413,85,96,66,30,100,68,32,92,58,34
C3010,20,14,0000,District - Ranchi  14,Rural,35-59,413461,212850,200611,901,671,230,0,0,0,348,302,46,172,110,62,159,117,42,222,142,80
C3010,20,14,0000,District - Ranchi  14,Rural,60+,119410,58881,60529,250,160,90,0,0,0,73,56,17,66,33,33,48,31,17,63,40,23
C3010,20,14,0000,District - Ranchi  14,Rural,Age not stated,2783,1584,1199,43,30,13,0,0,0,24,18,6,5,5,0,5,1,4,9,6,3
C3010,20,14,0000,District - Ranchi  14,Urban,All ages,977821,520629,457192,325064,178938,146126,257545,137175,120370,61395,37547,23848,3964,2853,1111,1836,1192,644,324,171,153
C3010,20,14,0000,District - Ranchi  14,Urban,0-4,88204,45367,42837,8542,4469,4073,8542,4469,4073,0,0,0,0,0,0,0,0,0,0,0,0
C3010,20,14,0000,District - Ranchi  14,Urban,5,22432,11900,10532,10617,5650,4967,10617,5650,4967,0,0,0,0,0,0,0,0,0,0,0,0
C3010,20,14,0000,District - Ranchi  14,Urban,6,22739,11588,11151,13731,7180,6551,13731,7180,6551,0,0,0,0,0,0,0,0,0,0,0,0
C3010,20,14,0000,District - Ranchi  14,Urban,7,19898,10268,9630,16855,8816,8039,16855,8816,8039,0,0,0,0,0,0,0,0,0,0,0,0
C3010,20,14,0000,District - Ranchi  14,Urban,8,27669,14561,13108,23797,12734,11063,23797,12734,11063,0,0,0,0,0,0,0,0,0,0,0,0
C3010,20,14,0000,District - Ranchi  14,Urban,9,17007,8756,8251,15246,7913,7333,15246,7913,7333,0,0,0,0,0,0,0,0,0,0,0,0
C3010,20,14,0000,District - Ranchi  14,Urban,10,31997,17054,14943,27766,15053,12713,27766,15053,12713,0,0,0,0,0,0,0,0,0,0,0,0
C3010,20,14,0000,District - Ranchi  14,Urban,11,16724,8742,7982,15179,8011,7168,15179,8011,7168,0,0,0,0,0,0,0,0,0,0,0,0
C3010,20,14,0000,District - Ranchi  14,Urban,12,30517,15799,14718,26092,13732,12360,26092,13732,12360,0,0,0,0,0,0,0,0,0,0,0,0
C3010,20,14,0000,District - Ranchi  14,Urban,13,19582,9759,9823,17016,8644,8372,17016,8644,8372,0,0,0,0,0,0,0,0,0,0,0,0
C3010,20,14,0000,District - Ranchi  14,Urban,14,24608,12768,11840,20379,10691,9688,20379,10691,9688,0,0,0,0,0,0,0,0,0,0,0,0
C3010,20,14,0000,District - Ranchi  14,Urban,15-19,112068,60166,51902,78623,43641,34982,57389,31340,26049,20111,11570,8541,733,480,253,369,239,130,21,12,9
C3010,20,14,0000,District - Ranchi  14,Urban,20-24,99730,53991,45739,39460,24127,15333,4936,2942,1994,32941,20239,12702,1131,707,424,405,214,191,47,25,22
C3010,20,14,0000,District - Ranchi  14,Urban,25-29,86099,45365,40734,7981,5622,2359,0,0,0,5918,4090,1828,1387,1085,302,608,404,204,68,43,25
C3010,20,14,0000,District - Ranchi  14,Urban,30-34,72802,38156,34646,1795,1296,499,0,0,0,1178,814,364,370,304,66,202,154,48,45,24,21
C3010,20,14,0000,District - Ranchi  14,Urban,35-59,230363,126306,104057,1548,1077,471,0,0,0,929,632,297,277,229,48,223,162,61,119,54,65
C3010,20,14,0000,District - Ranchi  14,Urban,60+,52883,28589,24294,370,243,127,0,0,0,264,173,91,60,43,17,26,16,10,20,11,9
C3010,20,14,0000,District - Ranchi  14,Urban,Age not stated,2499,1494,1005,67,39,28,0,0,0,54,29,25,6,5,1,3,3,0,4,2,2
C3010,20,15,0000,District - Lohardaga  15,Total,All ages,364521,184507,180014,81407,46969,34438,75898,43445,32453,5024,3246,1778,198,98,100,246,158,88,41,22,19
C3010,20,15,0000,District - Lohardaga  15,Total,0-4,47741,24223,23518,867,495,372,867,495,372,0,0,0,0,0,0,0,0,0,0,0,0
C3010,20,15,0000,District - Lohardaga  15,Total,5,11487,6116,5371,1847,1049,798,1847,1049,798,0,0,0,0,0,0,0,0,0,0,0,0
C3010,20,15,0000,District - Lohardaga  15,Total,6,12794,6699,6095,3868,2173,1695,3868,2173,1695,0,0,0,0,0,0,0,0,0,0,0,0
C3010,20,15,0000,District - Lohardaga  15,Total,7,10228,5174,5054,5789,3128,2661,5789,3128,2661,0,0,0,0,0,0,0,0,0,0,0,0
C3010,20,15,0000,District - Lohardaga  15,Total,8,14180,7326,6854,8984,4990,3994,8984,4990,3994,0,0,0,0,0,0,0,0,0,0,0,0
C3010,20,15,0000,District - Lohardaga  15,Total,9,9373,4768,4605,6453,3506,2947,6453,3506,2947,0,0,0,0,0,0,0,0,0,0,0,0
C3010,20,15,0000,District - Lohardaga  15,Total,10,14359,7425,6934,9895,5558,4337,9895,5558,4337,0,0,0,0,0,0,0,0,0,0,0,0
C3010,20,15,0000,District - Lohardaga  15,Total,11,6855,3545,3310,5079,2833,2246,5079,2833,2246,0,0,0,0,0,0,0,0,0,0,0,0
C3010,20,15,0000,District - Lohardaga  15,Total,12,13622,7171,6451,9189,5339,3850,9189,5339,3850,0,0,0,0,0,0,0,0,0,0,0,0
C3010,20,15,0000,District - Lohardaga  15,Total,13,7727,3885,3842,5288,2957,2331,5288,2957,2331,0,0,0,0,0,0,0,0,0,0,0,0
C3010,20,15,0000,District - Lohardaga  15,Total,14,8937,4546,4391,5549,3181,2368,5549,3181,2368,0,0,0,0,0,0,0,0,0,0,0,0
C3010,20,15,0000,District - Lohardaga  15,Total,15-19,33398,17607,15791,14044,8764,5280,12093,7511,4582,1751,1133,618,27,13,14,171,106,65,2,1,1
C3010,20,15,0000,District - Lohardaga  15,Total,20-24,25286,12346,12940,3695,2404,1291,997,725,272,2591,1637,954,79,27,52,20,14,6,8,1,7
C3010,20,15,0000,District - Lohardaga  15,Total,25-29,24671,12127,12544,610,415,195,0,0,0,524,366,158,49,29,20,30,18,12,7,2,5
C3010,20,15,0000,District - Lohardaga  15,Total,30-34,23193,10815,12378,117,90,27,0,0,0,89,65,24,11,9,2,10,9,1,7,7,0
C3010,20,15,0000,District - Lohardaga  15,Total,35-59,77666,39330,38336,108,71,37,0,0,0,56,37,19,26,17,9,14,10,4,12,7,5
C3010,20,15,0000,District - Lohardaga  15,Total,60+,22752,11258,11494,23,15,8,0,0,0,11,7,4,6,3,3,1,1,0,5,4,1
C3010,20,15,0000,District - Lohardaga  15,Total,Age not stated,252,146,106,2,1,1,0,0,0,2,1,1,0,0,0,0,0,0,0,0,0
C3010,20,15,0000,District - Lohardaga  15,Rural,All ages,318325,160598,157727,65110,38509,26601,62163,36348,25815,2612,1942,670,109,73,36,193,128,65,33,18,15
C3010,20,15,0000,District - Lohardaga  15,Rural,0-4,43138,21868,21270,587,345,242,587,345,242,0,0,0,0,0,0,0,0,0,0,0,0
C3010,20,15,0000,District - Lohardaga  15,Rural,5,10347,5499,4848,1453,815,638,1453,815,638,0,0,0,0,0,0,0,0,0,0,0,0
C3010,20,15,0000,District - Lohardaga  15,Rural,6,11549,6050,5499,3184,1818,1366,3184,1818,1366,0,0,0,0,0,0,0,0,0,0,0,0
C3010,20,15,0000,District - Lohardaga  15,Rural,7,9101,4609,4492,4784,2625,2159,4784,2625,2159,0,0,0,0,0,0,0,0,0,0,0,0
C3010,20,15,0000,District - Lohardaga  15,Rural,8,12669,6552,6117,7649,4299,3350,7649,4299,3350,0,0,0,0,0,0,0,0,0,0,0,0
C3010,20,15,0000,District - Lohardaga  15,Rural,9,8346,4262,4084,5497,3031,2466,5497,3031,2466,0,0,0,0,0,0,0,0,0,0,0,0
C3010,20,15,0000,District - Lohardaga  15,Rural,10,12726,6584,6142,8427,4800,3627,8427,4800,3627,0,0,0,0,0,0,0,0,0,0,0,0
C3010,20,15,0000,District - Lohardaga  15,Rural,11,5860,3022,2838,4145,2341,1804,4145,2341,1804,0,0,0,0,0,0,0,0,0,0,0,0
C3010,20,15,0000,District - Lohardaga  15,Rural,12,11993,6312,5681,7736,4567,3169,7736,4567,3169,0,0,0,0,0,0,0,0,0,0,0,0
C3010,20,15,0000,District - Lohardaga  15,Rural,13,6558,3309,3249,4236,2437,1799,4236,2437,1799,0,0,0,0,0,0,0,0,0,0,0,0
C3010,20,15,0000,District - Lohardaga  15,Rural,14,7583,3879,3704,4413,2613,1800,4413,2613,1800,0,0,0,0,0,0,0,0,0,0,0,0
C3010,20,15,0000,District - Lohardaga  15,Rural,15-19,28022,14801,13221,10393,6823,3570,9266,6053,3213,958,663,295,20,9,11,147,97,50,2,1,1
C3010,20,15,0000,District - Lohardaga  15,Rural,20-24,20832,10134,10698,2114,1610,504,786,604,182,1284,979,305,24,17,7,15,10,5,5,0,5
C3010,20,15,0000,District - Lohardaga  15,Rural,25-29,20974,10273,10701,331,260,71,0,0,0,282,229,53,28,22,6,15,7,8,6,2,4
C3010,20,15,0000,District - Lohardaga  15,Rural,30-34,19912,9111,10801,69,58,11,0,0,0,49,40,9,9,7,2,6,6,0,5,5,0
C3010,20,15,0000,District - Lohardaga  15,Rural,35-59,68040,34093,33947,73,52,21,0,0,0,31,24,7,23,15,8,9,7,2,10,6,4
C3010,20,15,0000,District - Lohardaga  15,Rural,60+,20444,10105,10339,17,14,3,0,0,0,6,6,0,5,3,2,1,1,0,5,4,1
C3010,20,15,0000,District - Lohardaga  15,Rural,Age not stated,231,135,96,2,1,1,0,0,0,2,1,1,0,0,0,0,0,0,0,0,0
C3010,20,15,0000,District - Lohardaga  15,Urban,All ages,46196,23909,22287,16297,8460,7837,13735,7097,6638,2412,1304,1108,89,25,64,53,30,23,8,4,4
C3010,20,15,0000,District - Lohardaga  15,Urban,0-4,4603,2355,2248,280,150,130,280,150,130,0,0,0,0,0,0,0,0,0,0,0,0
C3010,20,15,0000,District - Lohardaga  15,Urban,5,1140,617,523,394,234,160,394,234,160,0,0,0,0,0,0,0,0,0,0,0,0
C3010,20,15,0000,District - Lohardaga  15,Urban,6,1245,649,596,684,355,329,684,355,329,0,0,0,0,0,0,0,0,0,0,0,0
C3010,20,15,0000,District - Lohardaga  15,Urban,7,1127,565,562,1005,503,502,1005,503,502,0,0,0,0,0,0,0,0,0,0,0,0
C3010,20,15,0000,District - Lohardaga  15,Urban,8,1511,774,737,1335,691,644,1335,691,644,0,0,0,0,0,0,0,0,0,0,0,0
C3010,20,15,0000,District - Lohardaga  15,Urban,9,1027,506,521,956,475,481,956,475,481,0,0,0,0,0,0,0,0,0,0,0,0
C3010,20,15,0000,District - Lohardaga  15,Urban,10,1633,841,792,1468,758,710,1468,758,710,0,0,0,0,0,0,0,0,0,0,0,0
C3010,20,15,0000,District - Lohardaga  15,Urban,11,995,523,472,934,492,442,934,492,442,0,0,0,0,0,0,0,0,0,0,0,0
C3010,20,15,0000,District - Lohardaga  15,Urban,12,1629,859,770,1453,772,681,1453,772,681,0,0,0,0,0,0,0,0,0,0,0,0
C3010,20,15,0000,District - Lohardaga  15,Urban,13,1169,576,593,1052,520,532,1052,520,532,0,0,0,0,0,0,0,0,0,0,0,0
C3010,20,15,0000,District - Lohardaga  15,Urban,14,1354,667,687,1136,568,568,1136,568,568,0,0,0,0,0,0,0,0,0,0,0,0
C3010,20,15,0000,District - Lohardaga  15,Urban,15-19,5376,2806,2570,3651,1941,1710,2827,1458,1369,793,470,323,7,4,3,24,9,15,0,0,0
C3010,20,15,0000,District - Lohardaga  15,Urban,20-24,4454,2212,2242,1581,794,787,211,121,90,1307,658,649,55,10,45,5,4,1,3,1,2
C3010,20,15,0000,District - Lohardaga  15,Urban,25-29,3697,1854,1843,279,155,124,0,0,0,242,137,105,21,7,14,15,11,4,1,0,1
C3010,20,15,0000,District - Lohardaga  15,Urban,30-34,3281,1704,1577,48,32,16,0,0,0,40,25,15,2,2,0,4,3,1,2,2,0
C3010,20,15,0000,District - Lohardaga  15,Urban,35-59,9626,5237,4389,35,19,16,0,0,0,25,13,12,3,2,1,5,3,2,2,1,1
C3010,20,15,0000,District - Lohardaga  15,Urban,60+,2308,1153,1155,6,1,5,0,0,0,5,1,4,1,0,1,0,0,0,0,0,0
C3010,20,15,0000,District - Lohardaga  15,Urban,Age not stated,21,11,10,0,0,0,0,0,0,0,0,0,0,0,0,0,0,0,0,0,0
C3010,20,16,0000,District - Gumla  16,Total,All ages,1346767,675769,670998,275678,153823,121855,260828,144461,116367,13716,8728,4988,419,246,173,445,259,186,270,129,141
C3010,20,16,0000,District - Gumla  16,Total,0-4,161962,81610,80352,4423,2284,2139,4423,2284,2139,0,0,0,0,0,0,0,0,0,0,0,0
C3010,20,16,0000,District - Gumla  16,Total,5,41120,21255,19865,8459,4582,3877,8459,4582,3877,0,0,0,0,0,0,0,0,0,0,0,0
C3010,20,16,0000,District - Gumla  16,Total,6,45494,22924,22570,14778,7807,6971,14778,7807,6971,0,0,0,0,0,0,0,0,0,0,0,0
C3010,20,16,0000,District - Gumla  16,Total,7,32271,16171,16100,17724,9326,8398,17724,9326,8398,0,0,0,0,0,0,0,0,0,0,0,0
C3010,20,16,0000,District - Gumla  16,Total,8,49461,25386,24075,28906,15747,13159,28906,15747,13159,0,0,0,0,0,0,0,0,0,0,0,0
C3010,20,16,0000,District - Gumla  16,Total,9,27034,13286,13748,17841,9415,8426,17841,9415,8426,0,0,0,0,0,0,0,0,0,0,0,0
C3010,20,16,0000,District - Gumla  16,Total,10,53070,27385,25685,34430,19041,15389,34430,19041,15389,0,0,0,0,0,0,0,0,0,0,0,0
C3010,20,16,0000,District - Gumla  16,Total,11,17991,9197,8794,13226,7190,6036,13226,7190,6036,0,0,0,0,0,0,0,0,0,0,0,0
C3010,20,16,0000,District - Gumla  16,Total,12,50688,26052,24636,33211,18594,14617,33211,18594,14617,0,0,0,0,0,0,0,0,0,0,0,0
C3010,20,16,0000,District - Gumla  16,Total,13,23580,11847,11733,16208,8828,7380,16208,8828,7380,0,0,0,0,0,0,0,0,0,0,0,0
C3010,20,16,0000,District - Gumla  16,Total,14,30300,15383,14917,19236,10728,8508,19236,10728,8508,0,0,0,0,0,0,0,0,0,0,0,0
C3010,20,16,0000,District - Gumla  16,Total,15-19,117775,60277,57498,51062,29792,21270,46553,27161,19392,4284,2497,1787,80,51,29,123,76,47,22,7,15
C3010,20,16,0000,District - Gumla  16,Total,20-24,92046,44413,47633,13037,8305,4732,5833,3758,2075,6996,4429,2567,93,59,34,84,50,34,31,9,22
C3010,20,16,0000,District - Gumla  16,Total,25-29,93437,45377,48060,1883,1356,527,0,0,0,1684,1241,443,81,51,30,81,46,35,37,18,19
C3010,20,16,0000,District - Gumla  16,Total,30-34,90666,42375,48291,576,398,178,0,0,0,443,324,119,44,26,18,54,31,23,35,17,18
C3010,20,16,0000,District - Gumla  16,Total,35-59,321363,164017,157346,549,356,193,0,0,0,247,203,44,100,46,54,86,46,40,116,61,55
C3010,20,16,0000,District - Gumla  16,Total,60+,96212,47351,48861,113,68,45,0,0,0,50,28,22,20,13,7,15,10,5,28,17,11
C3010,20,16,0000,District - Gumla  16,Total,Age not stated,2297,1463,834,16,6,10,0,0,0,12,6,6,1,0,1,2,0,2,1,0,1
C3010,20,16,0000,District - Gumla  16,Rural,All ages,1273025,637623,635402,249251,139905,109346,238210,132702,105508,10105,6707,3398,339,191,148,351,185,166,246,120,126
C3010,20,16,0000,District - Gumla  16,Rural,0-4,154456,77802,76654,3749,1944,1805,3749,1944,1805,0,0,0,0,0,0,0,0,0,0,0,0
C3010,20,16,0000,District - Gumla  16,Rural,5,39114,20237,18877,7450,4061,3389,7450,4061,3389,0,0,0,0,0,0,0,0,0,0,0,0
C3010,20,16,0000,District - Gumla  16,Rural,6,43599,21950,21649,13592,7197,6395,13592,7197,6395,0,0,0,0,0,0,0,0,0,0,0,0
C3010,20,16,0000,District - Gumla  16,Rural,7,30534,15313,15221,16202,8557,7645,16202,8557,7645,0,0,0,0,0,0,0,0,0,0,0,0
C3010,20,16,0000,District - Gumla  16,Rural,8,47084,24142,22942,26791,14624,12167,26791,14624,12167,0,0,0,0,0,0,0,0,0,0,0,0
C3010,20,16,0000,District - Gumla  16,Rural,9,25606,12574,13032,16525,8750,7775,16525,8750,7775,0,0,0,0,0,0,0,0,0,0,0,0
C3010,20,16,0000,District - Gumla  16,Rural,10,50358,25957,24401,32013,17750,14263,32013,17750,14263,0,0,0,0,0,0,0,0,0,0,0,0
C3010,20,16,0000,District - Gumla  16,Rural,11,16478,8421,8057,11809,6466,5343,11809,6466,5343,0,0,0,0,0,0,0,0,0,0,0,0
C3010,20,16,0000,District - Gumla  16,Rural,12,48006,24662,23344,30845,17353,13492,30845,17353,13492,0,0,0,0,0,0,0,0,0,0,0,0
C3010,20,16,0000,District - Gumla  16,Rural,13,21668,10885,10783,14469,7951,6518,14469,7951,6518,0,0,0,0,0,0,0,0,0,0,0,0
C3010,20,16,0000,District - Gumla  16,Rural,14,28033,14258,13775,17274,9743,7531,17274,9743,7531,0,0,0,0,0,0,0,0,0,0,0,0
C3010,20,16,0000,District - Gumla  16,Rural,15-19,109344,55840,53504,45088,26608,18480,41986,24740,17246,2937,1784,1153,66,39,27,81,38,43,18,7,11
C3010,20,16,0000,District - Gumla  16,Rural,20-24,85615,41169,44446,10853,7093,3760,5505,3566,1939,5179,3438,1741,74,45,29,64,35,29,31,9,22
C3010,20,16,0000,District - Gumla  16,Rural,25-29,87795,42537,45258,1529,1108,421,0,0,0,1370,1016,354,63,41,22,66,35,31,30,16,14
C3010,20,16,0000,District - Gumla  16,Rural,30-34,85338,39720,45618,464,315,149,0,0,0,359,257,102,35,19,16,40,23,17,30,16,14
C3010,20,16,0000,District - Gumla  16,Rural,35-59,305509,155364,150145,493,320,173,0,0,0,218,183,35,83,37,46,84,45,39,108,55,53
C3010,20,16,0000,District - Gumla  16,Rural,60+,92319,45393,46926,95,60,35,0,0,0,36,24,12,17,10,7,14,9,5,28,17,11
C3010,20,16,0000,District - Gumla  16,Rural,Age not stated,2169,1399,770,10,5,5,0,0,0,6,5,1,1,0,1,2,0,2,1,0,1
C3010,20,16,0000,District - Gumla  16,Urban,All ages,73742,38146,35596,26427,13918,12509,22618,11759,10859,3611,2021,1590,80,55,25,94,74,20,24,9,15
C3010,20,16,0000,District - Gumla  16,Urban,0-4,7506,3808,3698,674,340,334,674,340,334,0,0,0,0,0,0,0,0,0,0,0,0
C3010,20,16,0000,District - Gumla  16,Urban,5,2006,1018,988,1009,521,488,1009,521,488,0,0,0,0,0,0,0,0,0,0,0,0
C3010,20,16,0000,District - Gumla  16,Urban,6,1895,974,921,1186,610,576,1186,610,576,0,0,0,0,0,0,0,0,0,0,0,0
C3010,20,16,0000,District - Gumla  16,Urban,7,1737,858,879,1522,769,753,1522,769,753,0,0,0,0,0,0,0,0,0,0,0,0
C3010,20,16,0000,District - Gumla  16,Urban,8,2377,1244,1133,2115,1123,992,2115,1123,992,0,0,0,0,0,0,0,0,0,0,0,0
C3010,20,16,0000,District - Gumla  16,Urban,9,1428,712,716,1316,665,651,1316,665,651,0,0,0,0,0,0,0,0,0,0,0,0
C3010,20,16,0000,District - Gumla  16,Urban,10,2712,1428,1284,2417,1291,1126,2417,1291,1126,0,0,0,0,0,0,0,0,0,0,0,0
C3010,20,16,0000,District - Gumla  16,Urban,11,1513,776,737,1417,724,693,1417,724,693,0,0,0,0,0,0,0,0,0,0,0,0
C3010,20,16,0000,District - Gumla  16,Urban,12,2682,1390,1292,2366,1241,1125,2366,1241,1125,0,0,0,0,0,0,0,0,0,0,0,0
C3010,20,16,0000,District - Gumla  16,Urban,13,1912,962,950,1739,877,862,1739,877,862,0,0,0,0,0,0,0,0,0,0,0,0
C3010,20,16,0000,District - Gumla  16,Urban,14,2267,1125,1142,1962,985,977,1962,985,977,0,0,0,0,0,0,0,0,0,0,0,0
C3010,20,16,0000,District - Gumla  16,Urban,15-19,8431,4437,3994,5974,3184,2790,4567,2421,2146,1347,713,634,14,12,2,42,38,4,4,0,4
C3010,20,16,0000,District - Gumla  16,Urban,20-24,6431,3244,3187,2184,1212,972,328,192,136,1817,991,826,19,14,5,20,15,5,0,0,0
C3010,20,16,0000,District - Gumla  16,Urban,25-29,5642,2840,2802,354,248,106,0,0,0,314,225,89,18,10,8,15,11,4,7,2,5
C3010,20,16,0000,District - Gumla  16,Urban,30-34,5328,2655,2673,112,83,29,0,0,0,84,67,17,9,7,2,14,8,6,5,1,4
C3010,20,16,0000,District - Gumla  16,Urban,35-59,15854,8653,7201,56,36,20,0,0,0,29,20,9,17,9,8,2,1,1,8,6,2
C3010,20,16,0000,District - Gumla  16,Urban,60+,3893,1958,1935,18,8,10,0,0,0,14,4,10,3,3,0,1,1,0,0,0,0
C3010,20,16,0000,District - Gumla  16,Urban,Age not stated,128,64,64,6,1,5,0,0,0,6,1,5,0,0,0,0,0,0,0,0,0
C3010,20,17,0000,District - Pashchimi Singhbhum  17,Total,All ages,2082795,1054641,1028154,359725,214904,144821,332540,195844,136696,24004,16597,7407,1897,1522,375,965,769,196,319,172,147
C3010,20,17,0000,District - Pashchimi Singhbhum  17,Total,0-4,249509,126345,123164,3853,2068,1785,3853,2068,1785,0,0,0,0,0,0,0,0,0,0,0,0
C3010,20,17,0000,District - Pashchimi Singhbhum  17,Total,5,62652,32223,30429,8688,4962,3726,8688,4962,3726,0,0,0,0,0,0,0,0,0,0,0,0
C3010,20,17,0000,District - Pashchimi Singhbhum  17,Total,6,61868,31392,30476,16411,9196,7215,16411,9196,7215,0,0,0,0,0,0,0,0,0,0,0,0
C3010,20,17,0000,District - Pashchimi Singhbhum  17,Total,7,55309,27956,27353,28165,15737,12428,28165,15737,12428,0,0,0,0,0,0,0,0,0,0,0,0
C3010,20,17,0000,District - Pashchimi Singhbhum  17,Total,8,69459,35684,33775,37118,21172,15946,37118,21172,15946,0,0,0,0,0,0,0,0,0,0,0,0
C3010,20,17,0000,District - Pashchimi Singhbhum  17,Total,9,48604,24585,24019,29502,16586,12916,29502,16586,12916,0,0,0,0,0,0,0,0,0,0,0,0
C3010,20,17,0000,District - Pashchimi Singhbhum  17,Total,10,72207,37558,34649,41644,24411,17233,41644,24411,17233,0,0,0,0,0,0,0,0,0,0,0,0
C3010,20,17,0000,District - Pashchimi Singhbhum  17,Total,11,35861,18620,17241,23802,13848,9954,23802,13848,9954,0,0,0,0,0,0,0,0,0,0,0,0
C3010,20,17,0000,District - Pashchimi Singhbhum  17,Total,12,68473,35597,32876,38142,22820,15322,38142,22820,15322,0,0,0,0,0,0,0,0,0,0,0,0
C3010,20,17,0000,District - Pashchimi Singhbhum  17,Total,13,40811,20739,20072,24037,14128,9909,24037,14128,9909,0,0,0,0,0,0,0,0,0,0,0,0
C3010,20,17,0000,District - Pashchimi Singhbhum  17,Total,14,46857,24190,22667,24350,14532,9818,24350,14532,9818,0,0,0,0,0,0,0,0,0,0,0,0
C3010,20,17,0000,District - Pashchimi Singhbhum  17,Total,15-19,191352,100234,91118,62326,39790,22536,52565,33399,19166,8907,5739,3168,578,469,109,236,166,70,40,17,23
C3010,20,17,0000,District - Pashchimi Singhbhum  17,Total,20-24,158151,77923,80228,17448,12277,5171,4263,2985,1278,12348,8614,3734,593,494,99,182,157,25,62,27,35
C3010,20,17,0000,District - Pashchimi Singhbhum  17,Total,25-29,161472,79989,81483,2691,2216,475,0,0,0,2061,1695,366,392,335,57,199,164,35,39,22,17
C3010,20,17,0000,District - Pashchimi Singhbhum  17,Total,30-34,149099,71942,77157,600,475,125,0,0,0,358,288,70,100,73,27,105,90,15,37,24,13
C3010,20,17,0000,District - Pashchimi Singhbhum  17,Total,35-59,489867,254247,235620,751,554,197,0,0,0,246,202,44,185,121,64,204,162,42,116,69,47
C3010,20,17,0000,District - Pashchimi Singhbhum  17,Total,60+,119185,54152,65033,180,119,61,0,0,0,71,49,22,47,28,19,37,29,8,25,13,12
C3010,20,17,0000,District - Pashchimi Singhbhum  17,Total,Age not stated,2059,1265,794,17,13,4,0,0,0,13,10,3,2,2,0,2,1,1,0,0,0
C3010,20,17,0000,District - Pashchimi Singhbhum  17,Rural,All ages,1731897,869454,862443,263011,161143,101868,251263,152128,99135,10493,8219,2274,610,404,206,384,254,130,261,138,123
C3010,20,17,0000,District - Pashchimi Singhbhum  17,Rural,0-4,216608,109313,107295,2334,1299,1035,2334,1299,1035,0,0,0,0,0,0,0,0,0,0,0,0
C3010,20,17,0000,District - Pashchimi Singhbhum  17,Rural,5,54177,27763,26414,5976,3454,2522,5976,3454,2522,0,0,0,0,0,0,0,0,0,0,0,0
C3010,20,17,0000,District - Pashchimi Singhbhum  17,Rural,6,54060,27361,26699,12681,7173,5508,12681,7173,5508,0,0,0,0,0,0,0,0,0,0,0,0
C3010,20,17,0000,District - Pashchimi Singhbhum  17,Rural,7,47165,23738,23427,21729,12310,9419,21729,12310,9419,0,0,0,0,0,0,0,0,0,0,0,0
C3010,20,17,0000,District - Pashchimi Singhbhum  17,Rural,8,59884,30786,29098,29442,17119,12323,29442,17119,12323,0,0,0,0,0,0,0,0,0,0,0,0
C3010,20,17,0000,District - Pashchimi Singhbhum  17,Rural,9,41691,21108,20583,23622,13567,10055,23622,13567,10055,0,0,0,0,0,0,0,0,0,0,0,0
C3010,20,17,0000,District - Pashchimi Singhbhum  17,Rural,10,61751,32009,29742,33182,19811,13371,33182,19811,13371,0,0,0,0,0,0,0,0,0,0,0,0
C3010,20,17,0000,District - Pashchimi Singhbhum  17,Rural,11,29466,15283,14183,18220,10861,7359,18220,10861,7359,0,0,0,0,0,0,0,0,0,0,0,0
C3010,20,17,0000,District - Pashchimi Singhbhum  17,Rural,12,58201,30181,28020,29886,18350,11536,29886,18350,11536,0,0,0,0,0,0,0,0,0,0,0,0
C3010,20,17,0000,District - Pashchimi Singhbhum  17,Rural,13,33426,16998,16428,17917,10937,6980,17917,10937,6980,0,0,0,0,0,0,0,0,0,0,0,0
C3010,20,17,0000,District - Pashchimi Singhbhum  17,Rural,14,38463,19896,18567,17886,11103,6783,17886,11103,6783,0,0,0,0,0,0,0,0,0,0,0,0
C3010,20,17,0000,District - Pashchimi Singhbhum  17,Rural,15-19,153364,80063,73301,39600,27046,12554,35369,23949,11420,3915,2903,1012,131,84,47,150,97,53,35,13,22
C3010,20,17,0000,District - Pashchimi Singhbhum  17,Rural,20-24,124781,60230,64551,8318,6349,1969,3019,2195,824,5025,3965,1060,158,113,45,68,56,12,48,20,28
C3010,20,17,0000,District - Pashchimi Singhbhum  17,Rural,25-29,130611,64125,66486,1323,1130,193,0,0,0,1135,991,144,102,78,24,56,44,12,30,17,13
C3010,20,17,0000,District - Pashchimi Singhbhum  17,Rural,30-34,121960,57842,64118,325,252,73,0,0,0,209,182,27,56,33,23,30,18,12,30,19,11
C3010,20,17,0000,District - Pashchimi Singhbhum  17,Rural,35-59,404191,206841,197350,458,311,147,0,0,0,169,143,26,124,75,49,68,35,33,97,58,39
C3010,20,17,0000,District - Pashchimi Singhbhum  17,Rural,60+,100269,44794,55475,104,64,40,0,0,0,35,30,5,37,19,18,11,4,7,21,11,10
C3010,20,17,0000,District - Pashchimi Singhbhum  17,Rural,Age not stated,1829,1123,706,8,7,1,0,0,0,5,5,0,2,2,0,1,0,1,0,0,0
C3010,20,17,0000,District - Pashchimi Singhbhum  17,Urban,All ages,350898,185187,165711,96714,53761,42953,81277,43716,37561,13511,8378,5133,1287,1118,169,581,515,66,58,34,24
C3010,20,17,0000,District - Pashchimi Singhbhum  17,Urban,0-4,32901,17032,15869,1519,769,750,1519,769,750,0,0,0,0,0,0,0,0,0,0,0,0
C3010,20,17,0000,District - Pashchimi Singhbhum  17,Urban,5,8475,4460,4015,2712,1508,1204,2712,1508,1204,0,0,0,0,0,0,0,0,0,0,0,0
C3010,20,17,0000,District - Pashchimi Singhbhum  17,Urban,6,7808,4031,3777,3730,2023,1707,3730,2023,1707,0,0,0,0,0,0,0,0,0,0,0,0
C3010,20,17,0000,District - Pashchimi Singhbhum  17,Urban,7,8144,4218,3926,6436,3427,3009,6436,3427,3009,0,0,0,0,0,0,0,0,0,0,0,0
C3010,20,17,0000,District - Pashchimi Singhbhum  17,Urban,8,9575,4898,4677,7676,4053,3623,7676,4053,3623,0,0,0,0,0,0,0,0,0,0,0,0
C3010,20,17,0000,District - Pashchimi Singhbhum  17,Urban,9,6913,3477,3436,5880,3019,2861,5880,3019,2861,0,0,0,0,0,0,0,0,0,0,0,0
C3010,20,17,0000,District - Pashchimi Singhbhum  17,Urban,10,10456,5549,4907,8462,4600,3862,8462,4600,3862,0,0,0,0,0,0,0,0,0,0,0,0
C3010,20,17,0000,District - Pashchimi Singhbhum  17,Urban,11,6395,3337,3058,5582,2987,2595,5582,2987,2595,0,0,0,0,0,0,0,0,0,0,0,0
C3010,20,17,0000,District - Pashchimi Singhbhum  17,Urban,12,10272,5416,4856,8256,4470,3786,8256,4470,3786,0,0,0,0,0,0,0,0,0,0,0,0
C3010,20,17,0000,District - Pashchimi Singhbhum  17,Urban,13,7385,3741,3644,6120,3191,2929,6120,3191,2929,0,0,0,0,0,0,0,0,0,0,0,0
C3010,20,17,0000,District - Pashchimi Singhbhum  17,Urban,14,8394,4294,4100,6464,3429,3035,6464,3429,3035,0,0,0,0,0,0,0,0,0,0,0,0
C3010,20,17,0000,District - Pashchimi Singhbhum  17,Urban,15-19,37988,20171,17817,22726,12744,9982,17196,9450,7746,4992,2836,2156,447,385,62,86,69,17,5,4,1
C3010,20,17,0000,District - Pashchimi Singhbhum  17,Urban,20-24,33370,17693,15677,9130,5928,3202,1244,790,454,7323,4649,2674,435,381,54,114,101,13,14,7,7
C3010,20,17,0000,District - Pashchimi Singhbhum  17,Urban,25-29,30861,15864,14997,1368,1086,282,0,0,0,926,704,222,290,257,33,143,120,23,9,5,4
C3010,20,17,0000,District - Pashchimi Singhbhum  17,Urban,30-34,27139,14100,13039,275,223,52,0,0,0,149,106,43,44,40,4,75,72,3,7,5,2
C3010,20,17,0000,District - Pashchimi Singhbhum  17,Urban,35-59,85676,47406,38270,293,243,50,0,0,0,77,59,18,61,46,15,136,127,9,19,11,8
C3010,20,17,0000,District - Pashchimi Singhbhum  17,Urban,60+,18916,9358,9558,76,55,21,0,0,0,36,19,17,10,9,1,26,25,1,4,2,2
C3010,20,17,0000,District - Pashchimi Singhbhum  17,Urban,Age not stated,230,142,88,9,6,3,0,0,0,8,5,3,0,0,0,1,1,0,0,0,0
C3010,20,18,0000,District - Purbi Singhbhum  18,Total,All ages,1982988,1027433,955555,464740,261067,203673,404699,223350,181349,54656,33761,20895,3635,2730,905,1347,1022,325,403,204,199
C3010,20,18,0000,District - Purbi Singhbhum  18,Total,0-4,190115,97519,92596,8606,4660,3946,8606,4660,3946,0,0,0,0,0,0,0,0,0,0,0,0
C3010,20,18,0000,District - Purbi Singhbhum  18,Total,5,48501,25459,23042,13186,7317,5869,13186,7317,5869,0,0,0,0,0,0,0,0,0,0,0,0
C3010,20,18,0000,District - Purbi Singhbhum  18,Total,6,44691,22969,21722,19591,10550,9041,19591,10550,9041,0,0,0,0,0,0,0,0,0,0,0,0
C3010,20,18,0000,District - Purbi Singhbhum  18,Total,7,44622,22671,21951,32901,17399,15502,32901,17399,15502,0,0,0,0,0,0,0,0,0,0,0,0
C3010,20,18,0000,District - Purbi Singhbhum  18,Total,8,51981,27031,24950,39812,21729,18083,39812,21729,18083,0,0,0,0,0,0,0,0,0,0,0,0
C3010,20,18,0000,District - Purbi Singhbhum  18,Total,9,38104,19364,18740,30921,16442,14479,30921,16442,14479,0,0,0,0,0,0,0,0,0,0,0,0
C3010,20,18,0000,District - Purbi Singhbhum  18,Total,10,55676,28973,26703,43516,23760,19756,43516,23760,19756,0,0,0,0,0,0,0,0,0,0,0,0
C3010,20,18,0000,District - Purbi Singhbhum  18,Total,11,34737,17853,16884,28909,15605,13304,28909,15605,13304,0,0,0,0,0,0,0,0,0,0,0,0
C3010,20,18,0000,District - Purbi Singhbhum  18,Total,12,55147,28812,26335,41284,22841,18443,41284,22841,18443,0,0,0,0,0,0,0,0,0,0,0,0
C3010,20,18,0000,District - Purbi Singhbhum  18,Total,13,37634,18888,18746,28695,15304,13391,28695,15304,13391,0,0,0,0,0,0,0,0,0,0,0,0
C3010,20,18,0000,District - Purbi Singhbhum  18,Total,14,43108,22579,20529,30430,16905,13525,30430,16905,13525,0,0,0,0,0,0,0,0,0,0,0,0
C3010,20,18,0000,District - Purbi Singhbhum  18,Total,15-19,195946,104555,91391,99876,57675,42201,79676,46115,33561,19178,10799,8379,701,545,156,293,199,94,28,17,11
C3010,20,18,0000,District - Purbi Singhbhum  18,Total,20-24,178754,91439,87315,37460,23871,13589,7172,4723,2449,28842,18065,10777,1065,793,272,323,261,62,58,29,29
C3010,20,18,0000,District - Purbi Singhbhum  18,Total,25-29,177315,89519,87796,6464,4825,1639,0,0,0,4801,3589,1212,1157,860,297,418,327,91,88,49,39
C3010,20,18,0000,District - Purbi Singhbhum  18,Total,30-34,154061,79605,74456,1329,1001,328,0,0,0,855,641,214,296,237,59,134,103,31,44,20,24
C3010,20,18,0000,District - Purbi Singhbhum  18,Total,35-59,496958,263640,233318,1364,929,435,0,0,0,731,513,218,337,241,96,155,112,43,141,63,78
C3010,20,18,0000,District - Purbi Singhbhum  18,Total,60+,132006,64446,67560,325,212,113,0,0,0,193,124,69,71,48,23,20,17,3,41,23,18
C3010,20,18,0000,District - Purbi Singhbhum  18,Total,Age not stated,3632,2111,1521,71,42,29,0,0,0,56,30,26,8,6,2,4,3,1,3,3,0
C3010,20,18,0000,District - Purbi Singhbhum  18,Rural,All ages,891784,453806,437978,156692,93504,63188,149021,87528,61493,7019,5520,1499,310,245,65,188,139,49,154,72,82
C3010,20,18,0000,District - Purbi Singhbhum  18,Rural,0-4,96214,48847,47367,1510,834,676,1510,834,676,0,0,0,0,0,0,0,0,0,0,0,0
C3010,20,18,0000,District - Purbi Singhbhum  18,Rural,5,24534,12674,11860,4023,2298,1725,4023,2298,1725,0,0,0,0,0,0,0,0,0,0,0,0
C3010,20,18,0000,District - Purbi Singhbhum  18,Rural,6,22749,11582,11167,7813,4362,3451,7813,4362,3451,0,0,0,0,0,0,0,0,0,0,0,0
C3010,20,18,0000,District - Purbi Singhbhum  18,Rural,7,21861,11081,10780,13958,7600,6358,13958,7600,6358,0,0,0,0,0,0,0,0,0,0,0,0
C3010,20,18,0000,District - Purbi Singhbhum  18,Rural,8,25338,13065,12273,17107,9654,7453,17107,9654,7453,0,0,0,0,0,0,0,0,0,0,0,0
C3010,20,18,0000,District - Purbi Singhbhum  18,Rural,9,18783,9493,9290,13733,7542,6191,13733,7542,6191,0,0,0,0,0,0,0,0,0,0,0,0
C3010,20,18,0000,District - Purbi Singhbhum  18,Rural,10,26056,13393,12663,17998,10142,7856,17998,10142,7856,0,0,0,0,0,0,0,0,0,0,0,0
C3010,20,18,0000,District - Purbi Singhbhum  18,Rural,11,15101,7684,7417,11237,6356,4881,11237,6356,4881,0,0,0,0,0,0,0,0,0,0,0,0
C3010,20,18,0000,District - Purbi Singhbhum  18,Rural,12,25903,13459,12444,16632,9778,6854,16632,9778,6854,0,0,0,0,0,0,0,0,0,0,0,0
C3010,20,18,0000,District - Purbi Singhbhum  18,Rural,13,16222,8149,8073,10360,6002,4358,10360,6002,4358,0,0,0,0,0,0,0,0,0,0,0,0
C3010,20,18,0000,District - Purbi Singhbhum  18,Rural,14,18663,9910,8753,10524,6444,4080,10524,6444,4080,0,0,0,0,0,0,0,0,0,0,0,0
C3010,20,18,0000,District - Purbi Singhbhum  18,Rural,15-19,78440,42553,35887,24528,16739,7789,21965,14872,7093,2442,1777,665,62,56,6,48,29,19,11,5,6
C3010,20,18,0000,District - Purbi Singhbhum  18,Rural,20-24,71909,35393,36516,5810,4564,1246,2161,1644,517,3539,2836,703,62,52,10,34,26,8,14,6,8
C3010,20,18,0000,District - Purbi Singhbhum  18,Rural,25-29,77782,38508,39274,939,813,126,0,0,0,789,694,95,78,65,13,48,41,7,24,13,11
C3010,20,18,0000,District - Purbi Singhbhum  18,Rural,30-34,69798,35207,34591,206,167,39,0,0,0,139,123,16,26,21,5,19,13,6,22,10,12
C3010,20,18,0000,District - Purbi Singhbhum  18,Rural,35-59,218928,113884,105044,245,161,84,0,0,0,84,72,12,61,37,24,32,24,8,68,28,40
C3010,20,18,0000,District - Purbi Singhbhum  18,Rural,60+,62215,28189,34026,62,44,18,0,0,0,20,15,5,21,14,7,7,6,1,14,9,5
C3010,20,18,0000,District - Purbi Singhbhum  18,Rural,Age not stated,1288,735,553,7,4,3,0,0,0,6,3,3,0,0,0,0,0,0,1,1,0
C3010,20,18,0000,District - Purbi Singhbhum  18,Urban,All ages,1091204,573627,517577,308048,167563,140485,255678,135822,119856,47637,28241,19396,3325,2485,840,1159,883,276,249,132,117
C3010,20,18,0000,District - Purbi Singhbhum  18,Urban,0-4,93901,48672,45229,7096,3826,3270,7096,3826,3270,0,0,0,0,0,0,0,0,0,0,0,0
C3010,20,18,0000,District - Purbi Singhbhum  18,Urban,5,23967,12785,11182,9163,5019,4144,9163,5019,4144,0,0,0,0,0,0,0,0,0,0,0,0
C3010,20,18,0000,District - Purbi Singhbhum  18,Urban,6,21942,11387,10555,11778,6188,5590,11778,6188,5590,0,0,0,0,0,0,0,0,0,0,0,0
C3010,20,18,0000,District - Purbi Singhbhum  18,Urban,7,22761,11590,11171,18943,9799,9144,18943,9799,9144,0,0,0,0,0,0,0,0,0,0,0,0
C3010,20,18,0000,District - Purbi Singhbhum  18,Urban,8,26643,13966,12677,22705,12075,10630,22705,12075,10630,0,0,0,0,0,0,0,0,0,0,0,0
C3010,20,18,0000,District - Purbi Singhbhum  18,Urban,9,19321,9871,9450,17188,8900,8288,17188,8900,8288,0,0,0,0,0,0,0,0,0,0,0,0
C3010,20,18,0000,District - Purbi Singhbhum  18,Urban,10,29620,15580,14040,25518,13618,11900,25518,13618,11900,0,0,0,0,0,0,0,0,0,0,0,0
C3010,20,18,0000,District - Purbi Singhbhum  18,Urban,11,19636,10169,9467,17672,9249,8423,17672,9249,8423,0,0,0,0,0,0,0,0,0,0,0,0
C3010,20,18,0000,District - Purbi Singhbhum  18,Urban,12,29244,15353,13891,24652,13063,11589,24652,13063,11589,0,0,0,0,0,0,0,0,0,0,0,0
C3010,20,18,0000,District - Purbi Singhbhum  18,Urban,13,21412,10739,10673,18335,9302,9033,18335,9302,9033,0,0,0,0,0,0,0,0,0,0,0,0
C3010,20,18,0000,District - Purbi Singhbhum  18,Urban,14,24445,12669,11776,19906,10461,9445,19906,10461,9445,0,0,0,0,0,0,0,0,0,0,0,0
C3010,20,18,0000,District - Purbi Singhbhum  18,Urban,15-19,117506,62002,55504,75348,40936,34412,57711,31243,26468,16736,9022,7714,639,489,150,245,170,75,17,12,5
C3010,20,18,0000,District - Purbi Singhbhum  18,Urban,20-24,106845,56046,50799,31650,19307,12343,5011,3079,1932,25303,15229,10074,1003,741,262,289,235,54,44,23,21
C3010,20,18,0000,District - Purbi Singhbhum  18,Urban,25-29,99533,51011,48522,5525,4012,1513,0,0,0,4012,2895,1117,1079,795,284,370,286,84,64,36,28
C3010,20,18,0000,District - Purbi Singhbhum  18,Urban,30-34,84263,44398,39865,1123,834,289,0,0,0,716,518,198,270,216,54,115,90,25,22,10,12
C3010,20,18,0000,District - Purbi Singhbhum  18,Urban,35-59,278030,149756,128274,1119,768,351,0,0,0,647,441,206,276,204,72,123,88,35,73,35,38
C3010,20,18,0000,District - Purbi Singhbhum  18,Urban,60+,69791,36257,33534,263,168,95,0,0,0,173,109,64,50,34,16,13,11,2,27,14,13
C3010,20,18,0000,District - Purbi Singhbhum  18,Urban,Age not stated,2344,1376,968,64,38,26,0,0,0,50,27,23,8,6,2,4,3,1,2,2,0
