Table Name,State Code,District Code,Tehsil Code,Area Name,Total/ Rural/ Urban,Age-group,Total population - Persons,Total population - Males,Total population - Females,Population attending educational institutions - Persons,Population attending educational institutions - Males,Population attending educational institutions - Females,Type of educational institution - School - Persons,Type of educational institution - School - Males,Type of educational institution - School - Females,Type of educational institution - College - Persons,Type of educational institution - College - Males,Type of educational institution - College - Females,Type of educational institution - Vocational institute - Persons,Type of educational institution - Vocational institute - Males,Type of educational institution - Vocational institute - Females,Type of educational institution - Other institute - Persons,Type of educational institution - Other institute - Males,Type of educational institution - Other institute - Females,Type of educational institution - Literacy centre - Persons,Type of educational institution - Literacy centre - Males,Type of educational institution - Literacy centre - Females
C3010,29,00,0000,State - KARNATAKA  29,Total,All ages,52850562,26898918,25951644,11314196,6199480,5114716,10337693,5561318,4776375,776258,504200,272058,147466,98604,48862,37609,27287,10322,15170,8071,7099
C3010,29,00,0000,State - KARNATAKA  29,Total,0-4,4942594,2537476,2405118,84756,44033,40723,84756,44033,40723,0,0,0,0,0,0,0,0,0,0,0,0
C3010,29,00,0000,State - KARNATAKA  29,Total,5,1138754,588059,550695,118872,61790,57082,118872,61790,57082,0,0,0,0,0,0,0,0,0,0,0,0
C3010,29,00,0000,State - KARNATAKA  29,Total,6,1100752,565423,535329,462054,240146,221908,462054,240146,221908,0,0,0,0,0,0,0,0,0,0,0,0
C3010,29,00,0000,State - KARNATAKA  29,Total,7,1023407,521358,502049,836708,432287,404421,836708,432287,404421,0,0,0,0,0,0,0,0,0,0,0,0
C3010,29,00,0000,State - KARNATAKA  29,Total,8,1288401,648505,639896,1104063,565715,538348,1104063,565715,538348,0,0,0,0,0,0,0,0,0,0,0,0
C3010,29,00,0000,State - KARNATAKA  29,Total,9,1130117,570132,559985,1018321,521758,496563,1018321,521758,496563,0,0,0,0,0,0,0,0,0,0,0,0
C3010,29,00,0000,State - KARNATAKA  29,Total,10,1462506,746246,716260,1216480,637393,579087,1216480,637393,579087,0,0,0,0,0,0,0,0,0,0,0,0
C3010,29,00,0000,State - KARNATAKA  29,Total,11,1016642,518871,497771,885140,463556,421584,885140,463556,421584,0,0,0,0,0,0,0,0,0,0,0,0
C3010,29,00,0000,State - KARNATAKA  29,Total,12,1426809,728762,698047,1073403,572400,501003,1073403,572400,501003,0,0,0,0,0,0,0,0,0,0,0,0
C3010,29,00,0000,State - KARNATAKA  29,Total,13,1089999,556516,533483,831183,446697,384486,831183,446697,384486,0,0,0,0,0,0,0,0,0,0,0,0
C3010,29,00,0000,State - KARNATAKA  29,Total,14,1225620,638838,586782,819720,457830,361890,819720,457830,361890,0,0,0,0,0,0,0,0,0,0,0,0
C3010,29,00,0000,State - KARNATAKA  29,Total,15-19,5381672,2840330,2541342,2136118,1250449,885669,1759020,1027907,731113,308316,179629,128687,56230,34678,21552,11704,7802,3902,848,433,415
C3010,29,00,0000,State - KARNATAKA  29,Total,20-24,4886225,2541933,2344292,598327,409217,189110,127973,89806,38167,407447,277863,129584,52619,34717,17902,8344,5896,2448,1944,935,1009
C3010,29,00,0000,State - KARNATAKA  29,Total,25-29,4578219,2216303,2361916,74557,57913,16644,0,0,0,42325,33668,8657,21489,16593,4896,8201,6455,1746,2542,1197,1345
C3010,29,00,0000,State - KARNATAKA  29,Total,30-34,3821205,1917602,1903603,19341,13961,5380,0,0,0,7689,5733,1956,5752,4287,1465,3600,2780,820,2300,1161,1139
C3010,29,00,0000,State - KARNATAKA  29,Total,35-59,13223774,6810137,6413637,29093,20172,8921,0,0,0,8094,5710,2384,9673,7206,2467,4819,3579,1240,6507,3677,2830
C3010,29,00,0000,State - KARNATAKA  29,Total,60+,4062022,1923730,2138292,5169,3572,1597,0,0,0,1843,1245,598,1403,908,495,904,756,148,1019,663,356
C3010,29,00,0000,State - KARNATAKA  29,Total,Age not stated,51844,28697,23147,891,591,300,0,0,0,544,352,192,300,215,85,37,19,18,10,5,5
C3010,29,00,0000,State - KARNATAKA  29,Rural,All ages,34889033,17648958,17240075,6965018,3885153,3079865,6613467,3628054,2985413,279225,205214,74011,38891,28094,10797,20581,16887,3694,12854,6904,5950
C3010,29,00,0000,State - KARNATAKA  29,Rural,0-4,3397862,1742354,1655508,32923,17300,15623,32923,17300,15623,0,0,0,0,0,0,0,0,0,0,0,0
C3010,29,00,0000,State - KARNATAKA  29,Rural,5,777178,400286,376892,47452,24822,22630,47452,24822,22630,0,0,0,0,0,0,0,0,0,0,0,0
C3010,29,00,0000,State - KARNATAKA  29,Rural,6,760340,389917,370423,297432,155630,141802,297432,155630,141802,0,0,0,0,0,0,0,0,0,0,0,0
C3010,29,00,0000,State - KARNATAKA  29,Rural,7,687192,349061,338131,547780,283992,263788,547780,283992,263788,0,0,0,0,0,0,0,0,0,0,0,0
C3010,29,00,0000,State - KARNATAKA  29,Rural,8,885349,444683,440666,742026,382008,360018,742026,382008,360018,0,0,0,0,0,0,0,0,0,0,0,0
C3010,29,00,0000,State - KARNATAKA  29,Rural,9,794528,400978,393550,707665,364954,342711,707665,364954,342711,0,0,0,0,0,0,0,0,0,0,0,0
C3010,29,00,0000,State - KARNATAKA  29,Rural,10,1001269,508854,492415,807658,426829,380829,807658,426829,380829,0,0,0,0,0,0,0,0,0,0,0,0
C3010,29,00,0000,State - KARNATAKA  29,Rural,11,689756,352109,337647,588234,311840,276394,588234,311840,276394,0,0,0,0,0,0,0,0,0,0,0,0
C3010,29,00,0000,State - KARNATAKA  29,Rural,12,982990,499436,483554,701286,380217,321069,701286,380217,321069,0,0,0,0,0,0,0,0,0,0,0,0
C3010,29,00,0000,State - KARNATAKA  29,Rural,13,736407,377639,358768,535214,295684,239530,535214,295684,239530,0,0,0,0,0,0,0,0,0,0,0,0
C3010,29,00,0000,State - KARNATAKA  29,Rural,14,840718,439795,400923,522745,302567,220178,522745,302567,220178,0,0,0,0,0,0,0,0,0,0,0,0
C3010,29,00,0000,State - KARNATAKA  29,Rural,15-19,3484228,1852678,1631550,1153341,722936,430405,1010609,627733,382876,121133,79834,41299,15105,10517,4588,5804,4497,1307,690,355,335
C3010,29,00,0000,State - KARNATAKA  29,Rural,20-24,2985560,1546091,1439469,226940,173667,53273,72443,54478,17965,136699,106550,30149,11950,8389,3561,4235,3467,768,1613,783,830
C3010,29,00,0000,State - KARNATAKA  29,Rural,25-29,2848720,1359926,1488794,28431,23849,4582,0,0,0,15781,14085,1696,6000,4914,1086,4501,3834,667,2149,1016,1133
C3010,29,00,0000,State - KARNATAKA  29,Rural,30-34,2430733,1198795,1231938,9003,6911,2092,0,0,0,2673,2342,331,1929,1517,412,2401,2042,359,2000,1010,990
C3010,29,00,0000,State - KARNATAKA  29,Rural,35-59,8662665,4406720,4255945,13994,9855,4139,0,0,0,2199,1858,341,3291,2402,889,2943,2429,514,5561,3166,2395
C3010,29,00,0000,State - KARNATAKA  29,Rural,60+,2889594,1360846,1528748,2620,1915,705,0,0,0,544,414,130,557,319,238,684,610,74,835,572,263
C3010,29,00,0000,State - KARNATAKA  29,Rural,Age not stated,33944,18790,15154,274,177,97,0,0,0,196,131,65,59,36,23,13,8,5,6,2,4
C3010,29,00,0000,State - KARNATAKA  29,Urban,All ages,17961529,9249960,8711569,4349178,2314327,2034851,3724226,1933264,1790962,497033,298986,198047,108575,70510,38065,17028,10400,6628,2316,1167,1149
C3010,29,00,0000,State - KARNATAKA  29,Urban,0-4,1544732,795122,749610,51833,26733,25100,51833,26733,25100,0,0,0,0,0,0,0,0,0,0,0,0
C3010,29,00,0000,State - KARNATAKA  29,Urban,5,361576,187773,173803,71420,36968,34452,71420,36968,34452,0,0,0,0,0,0,0,0,0,0,0,0
C3010,29,00,0000,State - KARNATAKA  29,Urban,6,340412,175506,164906,164622,84516,80106,164622,84516,80106,0,0,0,0,0,0,0,0,0,0,0,0
C3010,29,00,0000,State - KARNATAKA  29,Urban,7,336215,172297,163918,288928,148295,140633,288928,148295,140633,0,0,0,0,0,0,0,0,0,0,0,0
C3010,29,00,0000,State - KARNATAKA  29,Urban,8,403052,203822,199230,362037,183707,178330,362037,183707,178330,0,0,0,0,0,0,0,0,0,0,0,0
C3010,29,00,0000,State - KARNATAKA  29,Urban,9,335589,169154,166435,310656,156804,153852,310656,156804,153852,0,0,0,0,0,0,0,0,0,0,0,0
C3010,29,00,0000,State - KARNATAKA  29,Urban,10,461237,237392,223845,408822,210564,198258,408822,210564,198258,0,0,0,0,0,0,0,0,0,0,0,0
C3010,29,00,0000,State - KARNATAKA  29,Urban,11,326886,166762,160124,296906,151716,145190,296906,151716,145190,0,0,0,0,0,0,0,0,0,0,0,0
C3010,29,00,0000,State - KARNATAKA  29,Urban,12,443819,229326,214493,372117,192183,179934,372117,192183,179934,0,0,0,0,0,0,0,0,0,0,0,0
C3010,29,00,0000,State - KARNATAKA  29,Urban,13,353592,178877,174715,295969,151013,144956,295969,151013,144956,0,0,0,0,0,0,0,0,0,0,0,0
C3010,29,00,0000,State - KARNATAKA  29,Urban,14,384902,199043,185859,296975,155263,141712,296975,155263,141712,0,0,0,0,0,0,0,0,0,0,0,0
C3010,29,00,0000,State - KARNATAKA  29,Urban,15-19,1897444,987652,909792,982777,527513,455264,748411,400174,348237,187183,99795,87388,41125,24161,16964,5900,3305,2595,158,78,80
C3010,29,00,0000,State - KARNATAKA  29,Urban,20-24,1900665,995842,904823,371387,235550,135837,55530,35328,20202,270748,171313,99435,40669,26328,14341,4109,2429,1680,331,152,179
C3010,29,00,0000,State - KARNATAKA  29,Urban,25-29,1729499,856377,873122,46126,34064,12062,0,0,0,26544,19583,6961,15489,11679,3810,3700,2621,1079,393,181,212
C3010,29,00,0000,State - KARNATAKA  29,Urban,30-34,1390472,718807,671665,10338,7050,3288,0,0,0,5016,3391,1625,3823,2770,1053,1199,738,461,300,151,149
C3010,29,00,0000,State - KARNATAKA  29,Urban,35-59,4561109,2403417,2157692,15099,10317,4782,0,0,0,5895,3852,2043,6382,4804,1578,1876,1150,726,946,511,435
C3010,29,00,0000,State - KARNATAKA  29,Urban,60+,1172428,562884,609544,2549,1657,892,0,0,0,1299,831,468,846,589,257,220,146,74,184,91,93
C3010,29,00,0000,State - KARNATAKA  29,Urban,Age not stated,17900,9907,7993,617,414,203,0,0,0,348,221,127,241,179,62,24,11,13,4,3,1
C3010,29,01,0000,District - Belgaum  01,Total,All ages,4214505,2150090,2064415,894870,502072,392798,842634,466184,376450,43696,30075,13621,6692,4565,2127,1026,759,267,822,489,333
C3010,29,01,0000,District - Belgaum  01,Total,0-4,433021,225719,207302,4775,2495,2280,4775,2495,2280,0,0,0,0,0,0,0,0,0,0,0,0
C3010,29,01,0000,District - Belgaum  01,Total,5,99711,51958,47753,6224,3332,2892,6224,3332,2892,0,0,0,0,0,0,0,0,0,0,0,0
C3010,29,01,0000,District - Belgaum  01,Total,6,91299,47139,44160,28524,15033,13491,28524,15033,13491,0,0,0,0,0,0,0,0,0,0,0,0
C3010,29,01,0000,District - Belgaum  01,Total,7,87419,44881,42538,69499,36239,33260,69499,36239,33260,0,0,0,0,0,0,0,0,0,0,0,0
C3010,29,01,0000,District - Belgaum  01,Total,8,108498,55324,53174,96141,49884,46257,96141,49884,46257,0,0,0,0,0,0,0,0,0,0,0,0
C3010,29,01,0000,District - Belgaum  01,Total,9,98455,49873,48582,90578,46622,43956,90578,46622,43956,0,0,0,0,0,0,0,0,0,0,0,0
C3010,29,01,0000,District - Belgaum  01,Total,10,120375,61394,58981,104071,54743,49328,104071,54743,49328,0,0,0,0,0,0,0,0,0,0,0,0
C3010,29,01,0000,District - Belgaum  01,Total,11,90390,46407,43983,80028,42437,37591,80028,42437,37591,0,0,0,0,0,0,0,0,0,0,0,0
C3010,29,01,0000,District - Belgaum  01,Total,12,112452,58101,54351,87058,47470,39588,87058,47470,39588,0,0,0,0,0,0,0,0,0,0,0,0
C3010,29,01,0000,District - Belgaum  01,Total,13,85356,44479,40877,66440,36573,29867,66440,36573,29867,0,0,0,0,0,0,0,0,0,0,0,0
C3010,29,01,0000,District - Belgaum  01,Total,14,92419,50054,42365,63150,36833,26317,63150,36833,26317,0,0,0,0,0,0,0,0,0,0,0,0
C3010,29,01,0000,District - Belgaum  01,Total,15-19,395245,221043,174202,156537,99855,56682,136240,86868,49372,17205,10970,6235,2593,1641,952,466,360,106,33,16,17
C3010,29,01,0000,District - Belgaum  01,Total,20-24,362851,189321,173530,36519,26510,10009,9906,7655,2251,23824,16986,6838,2516,1692,824,195,139,56,78,38,40
C3010,29,01,0000,District - Belgaum  01,Total,25-29,346737,165637,181100,3341,2664,677,0,0,0,2033,1632,401,1013,834,179,172,133,39,123,65,58
C3010,29,01,0000,District - Belgaum  01,Total,30-34,302730,149029,153701,671,489,182,0,0,0,265,210,55,191,140,51,72,54,18,143,85,58
C3010,29,01,0000,District - Belgaum  01,Total,35-59,1048117,531108,517009,1043,713,330,0,0,0,287,219,68,282,200,82,100,63,37,374,231,143
C3010,29,01,0000,District - Belgaum  01,Total,60+,336821,157105,179716,235,154,81,0,0,0,63,44,19,83,48,35,18,8,10,71,54,17
C3010,29,01,0000,District - Belgaum  01,Total,Age not stated,2609,1518,1091,36,26,10,0,0,0,19,14,5,14,10,4,3,2,1,0,0,0
C3010,29,01,0000,District - Belgaum  01,Rural,All ages,3201814,1630756,1571058,646850,368123,278727,623900,350068,273832,19054,15315,3739,2675,1895,780,513,406,107,708,439,269
C3010,29,01,0000,District - Belgaum  01,Rural,0-4,341722,178021,163701,2246,1174,1072,2246,1174,1072,0,0,0,0,0,0,0,0,0,0,0,0
C3010,29,01,0000,District - Belgaum  01,Rural,5,78292,40754,37538,2990,1566,1424,2990,1566,1424,0,0,0,0,0,0,0,0,0,0,0,0
C3010,29,01,0000,District - Belgaum  01,Rural,6,72552,37384,35168,20873,11026,9847,20873,11026,9847,0,0,0,0,0,0,0,0,0,0,0,0
C3010,29,01,0000,District - Belgaum  01,Rural,7,68486,35003,33483,53305,27736,25569,53305,27736,25569,0,0,0,0,0,0,0,0,0,0,0,0
C3010,29,01,0000,District - Belgaum  01,Rural,8,85672,43544,42128,75169,39026,36143,75169,39026,36143,0,0,0,0,0,0,0,0,0,0,0,0
C3010,29,01,0000,District - Belgaum  01,Rural,9,78399,39629,38770,71622,36917,34705,71622,36917,34705,0,0,0,0,0,0,0,0,0,0,0,0
C3010,29,01,0000,District - Belgaum  01,Rural,10,93876,47556,46320,79789,42037,37752,79789,42037,37752,0,0,0,0,0,0,0,0,0,0,0,0
C3010,29,01,0000,District - Belgaum  01,Rural,11,70129,36085,34044,61027,32723,28304,61027,32723,28304,0,0,0,0,0,0,0,0,0,0,0,0
C3010,29,01,0000,District - Belgaum  01,Rural,12,86905,44616,42289,64484,35506,28978,64484,35506,28978,0,0,0,0,0,0,0,0,0,0,0,0
C3010,29,01,0000,District - Belgaum  01,Rural,13,65134,34112,31022,48656,27345,21311,48656,27345,21311,0,0,0,0,0,0,0,0,0,0,0,0
C3010,29,01,0000,District - Belgaum  01,Rural,14,70628,38462,32166,45236,27238,17998,45236,27238,17998,0,0,0,0,0,0,0,0,0,0,0,0
C3010,29,01,0000,District - Belgaum  01,Rural,15-19,292426,166130,126296,100497,68765,31732,91691,62178,29513,7507,5662,1845,1073,753,320,197,158,39,29,14,15
C3010,29,01,0000,District - Belgaum  01,Rural,20-24,262727,137122,125605,18206,14874,3332,6812,5596,1216,10275,8527,1748,961,639,322,94,78,16,64,34,30
C3010,29,01,0000,District - Belgaum  01,Rural,25-29,257021,121720,135301,1589,1358,231,0,0,0,997,890,107,383,325,58,104,86,18,105,57,48
C3010,29,01,0000,District - Belgaum  01,Rural,30-34,226456,110681,115775,403,307,96,0,0,0,131,115,16,93,72,21,53,43,10,126,77,49
C3010,29,01,0000,District - Belgaum  01,Rural,35-59,786678,396485,390193,612,427,185,0,0,0,111,97,14,126,86,40,55,37,18,320,207,113
C3010,29,01,0000,District - Belgaum  01,Rural,60+,263031,122492,140539,131,91,40,0,0,0,23,18,5,34,19,15,10,4,6,64,50,14
C3010,29,01,0000,District - Belgaum  01,Rural,Age not stated,1680,960,720,15,7,8,0,0,0,10,6,4,5,1,4,0,0,0,0,0,0
C3010,29,01,0000,District - Belgaum  01,Urban,All ages,1012691,519334,493357,248020,133949,114071,218734,116116,102618,24642,14760,9882,4017,2670,1347,513,353,160,114,50,64
C3010,29,01,0000,District - Belgaum  01,Urban,0-4,91299,47698,43601,2529,1321,1208,2529,1321,1208,0,0,0,0,0,0,0,0,0,0,0,0
C3010,29,01,0000,District - Belgaum  01,Urban,5,21419,11204,10215,3234,1766,1468,3234,1766,1468,0,0,0,0,0,0,0,0,0,0,0,0
C3010,29,01,0000,District - Belgaum  01,Urban,6,18747,9755,8992,7651,4007,3644,7651,4007,3644,0,0,0,0,0,0,0,0,0,0,0,0
C3010,29,01,0000,District - Belgaum  01,Urban,7,18933,9878,9055,16194,8503,7691,16194,8503,7691,0,0,0,0,0,0,0,0,0,0,0,0
C3010,29,01,0000,District - Belgaum  01,Urban,8,22826,11780,11046,20972,10858,10114,20972,10858,10114,0,0,0,0,0,0,0,0,0,0,0,0
C3010,29,01,0000,District - Belgaum  01,Urban,9,20056,10244,9812,18956,9705,9251,18956,9705,9251,0,0,0,0,0,0,0,0,0,0,0,0
C3010,29,01,0000,District - Belgaum  01,Urban,10,26499,13838,12661,24282,12706,11576,24282,12706,11576,0,0,0,0,0,0,0,0,0,0,0,0
C3010,29,01,0000,District - Belgaum  01,Urban,11,20261,10322,9939,19001,9714,9287,19001,9714,9287,0,0,0,0,0,0,0,0,0,0,0,0
C3010,29,01,0000,District - Belgaum  01,Urban,12,25547,13485,12062,22574,11964,10610,22574,11964,10610,0,0,0,0,0,0,0,0,0,0,0,0
C3010,29,01,0000,District - Belgaum  01,Urban,13,20222,10367,9855,17784,9228,8556,17784,9228,8556,0,0,0,0,0,0,0,0,0,0,0,0
C3010,29,01,0000,District - Belgaum  01,Urban,14,21791,11592,10199,17914,9595,8319,17914,9595,8319,0,0,0,0,0,0,0,0,0,0,0,0
C3010,29,01,0000,District - Belgaum  01,Urban,15-19,102819,54913,47906,56040,31090,24950,44549,24690,19859,9698,5308,4390,1520,888,632,269,202,67,4,2,2
C3010,29,01,0000,District - Belgaum  01,Urban,20-24,100124,52199,47925,18313,11636,6677,3094,2059,1035,13549,8459,5090,1555,1053,502,101,61,40,14,4,10
C3010,29,01,0000,District - Belgaum  01,Urban,25-29,89716,43917,45799,1752,1306,446,0,0,0,1036,742,294,630,509,121,68,47,21,18,8,10
C3010,29,01,0000,District - Belgaum  01,Urban,30-34,76274,38348,37926,268,182,86,0,0,0,134,95,39,98,68,30,19,11,8,17,8,9
C3010,29,01,0000,District - Belgaum  01,Urban,35-59,261439,134623,126816,431,286,145,0,0,0,176,122,54,156,114,42,45,26,19,54,24,30
C3010,29,01,0000,District - Belgaum  01,Urban,60+,73790,34613,39177,104,63,41,0,0,0,40,26,14,49,29,20,8,4,4,7,4,3
C3010,29,01,0000,District - Belgaum  01,Urban,Age not stated,929,558,371,21,19,2,0,0,0,9,8,1,9,9,0,3,2,1,0,0,0
C3010,29,02,0000,District - Bagalkot *  02,Total,All ages,1651892,834247,817645,343503,196036,147467,321050,179540,141510,19764,14598,5166,2002,1413,589,325,214,111,362,271,91
C3010,29,02,0000,District - Bagalkot *  02,Total,0-4,183689,94629,89060,1435,740,695,1435,740,695,0,0,0,0,0,0,0,0,0,0,0,0
C3010,29,02,0000,District - Bagalkot *  02,Total,5,40215,20711,19504,1811,952,859,1811,952,859,0,0,0,0,0,0,0,0,0,0,0,0
C3010,29,02,0000,District - Bagalkot *  02,Total,6,40968,21224,19744,11987,6207,5780,11987,6207,5780,0,0,0,0,0,0,0,0,0,0,0,0
C3010,29,02,0000,District - Bagalkot *  02,Total,7,35404,17969,17435,26841,13904,12937,26841,13904,12937,0,0,0,0,0,0,0,0,0,0,0,0
C3010,29,02,0000,District - Bagalkot *  02,Total,8,48587,24275,24312,41036,20977,20059,41036,20977,20059,0,0,0,0,0,0,0,0,0,0,0,0
C3010,29,02,0000,District - Bagalkot *  02,Total,9,40544,20182,20362,36051,18320,17731,36051,18320,17731,0,0,0,0,0,0,0,0,0,0,0,0
C3010,29,02,0000,District - Bagalkot *  02,Total,10,52276,26300,25976,41563,21927,19636,41563,21927,19636,0,0,0,0,0,0,0,0,0,0,0,0
C3010,29,02,0000,District - Bagalkot *  02,Total,11,34041,17241,16800,28057,14977,13080,28057,14977,13080,0,0,0,0,0,0,0,0,0,0,0,0
C3010,29,02,0000,District - Bagalkot *  02,Total,12,48198,24187,24011,31732,17566,14166,31732,17566,14166,0,0,0,0,0,0,0,0,0,0,0,0
C3010,29,02,0000,District - Bagalkot *  02,Total,13,32315,16964,15351,22143,12949,9194,22143,12949,9194,0,0,0,0,0,0,0,0,0,0,0,0
C3010,29,02,0000,District - Bagalkot *  02,Total,14,38266,20583,17683,22554,13801,8753,22554,13801,8753,0,0,0,0,0,0,0,0,0,0,0,0
C3010,29,02,0000,District - Bagalkot *  02,Total,15-19,163496,90479,73017,60273,39957,20316,51357,33810,17547,8138,5634,2504,663,438,225,93,58,35,22,17,5
C3010,29,02,0000,District - Bagalkot *  02,Total,20-24,143198,74942,68256,15717,11931,3786,4483,3410,1073,10387,7940,2447,753,522,231,49,30,19,45,29,16
C3010,29,02,0000,District - Bagalkot *  02,Total,25-29,133064,62599,70465,1424,1179,245,0,0,0,962,799,163,319,268,51,82,65,17,61,47,14
C3010,29,02,0000,District - Bagalkot *  02,Total,30-34,112281,54781,57500,317,237,80,0,0,0,138,110,28,86,62,24,44,29,15,49,36,13
C3010,29,02,0000,District - Bagalkot *  02,Total,35-59,384059,193439,190620,442,323,119,0,0,0,96,82,14,147,98,49,47,27,20,152,116,36
C3010,29,02,0000,District - Bagalkot *  02,Total,60+,120353,53245,67108,112,83,29,0,0,0,37,29,8,33,24,9,9,4,5,33,26,7
C3010,29,02,0000,District - Bagalkot *  02,Total,Age not stated,938,497,441,8,6,2,0,0,0,6,4,2,1,1,0,1,1,0,0,0,0
C3010,29,02,0000,District - Bagalkot *  02,Rural,All ages,1173372,591400,581972,225308,131594,93714,215774,123734,92040,8429,7009,1420,646,501,145,182,129,53,277,221,56
C3010,29,02,0000,District - Bagalkot *  02,Rural,0-4,136772,70328,66444,928,480,448,928,480,448,0,0,0,0,0,0,0,0,0,0,0,0
C3010,29,02,0000,District - Bagalkot *  02,Rural,5,29367,15032,14335,1087,598,489,1087,598,489,0,0,0,0,0,0,0,0,0,0,0,0
C3010,29,02,0000,District - Bagalkot *  02,Rural,6,30618,15801,14817,8270,4326,3944,8270,4326,3944,0,0,0,0,0,0,0,0,0,0,0,0
C3010,29,02,0000,District - Bagalkot *  02,Rural,7,25894,13079,12815,18977,9841,9136,18977,9841,9136,0,0,0,0,0,0,0,0,0,0,0,0
C3010,29,02,0000,District - Bagalkot *  02,Rural,8,36054,17885,18169,29818,15206,14612,29818,15206,14612,0,0,0,0,0,0,0,0,0,0,0,0
C3010,29,02,0000,District - Bagalkot *  02,Rural,9,29986,14886,15100,26268,13382,12886,26268,13382,12886,0,0,0,0,0,0,0,0,0,0,0,0
C3010,29,02,0000,District - Bagalkot *  02,Rural,10,38196,19258,18938,29253,15733,13520,29253,15733,13520,0,0,0,0,0,0,0,0,0,0,0,0
C3010,29,02,0000,District - Bagalkot *  02,Rural,11,24247,12427,11820,19282,10616,8666,19282,10616,8666,0,0,0,0,0,0,0,0,0,0,0,0
C3010,29,02,0000,District - Bagalkot *  02,Rural,12,34843,17481,17362,21191,12129,9062,21191,12129,9062,0,0,0,0,0,0,0,0,0,0,0,0
C3010,29,02,0000,District - Bagalkot *  02,Rural,13,22503,11858,10645,14241,8675,5566,14241,8675,5566,0,0,0,0,0,0,0,0,0,0,0,0
C3010,29,02,0000,District - Bagalkot *  02,Rural,14,26675,14557,12118,14069,9194,4875,14069,9194,4875,0,0,0,0,0,0,0,0,0,0,0,0
C3010,29,02,0000,District - Bagalkot *  02,Rural,15-19,110428,62190,48238,33584,24423,9161,29731,21406,8325,3591,2826,765,197,145,52,46,31,15,19,15,4
C3010,29,02,0000,District - Bagalkot *  02,Rural,20-24,97303,50565,46738,7148,6002,1146,2659,2148,511,4232,3644,588,200,169,31,26,18,8,31,23,8
C3010,29,02,0000,District - Bagalkot *  02,Rural,25-29,93293,43814,49479,705,613,92,0,0,0,473,417,56,138,118,20,47,39,8,47,39,8
C3010,29,02,0000,District - Bagalkot *  02,Rural,30-34,78911,38244,40667,172,136,36,0,0,0,71,66,5,36,22,14,27,21,6,38,27,11
C3010,29,02,0000,District - Bagalkot *  02,Rural,35-59,270107,135193,134914,252,190,62,0,0,0,44,40,4,62,38,24,27,15,12,119,97,22
C3010,29,02,0000,District - Bagalkot *  02,Rural,60+,87486,38442,49044,61,48,13,0,0,0,17,15,2,13,9,4,8,4,4,23,20,3
C3010,29,02,0000,District - Bagalkot *  02,Rural,Age not stated,689,360,329,2,2,0,0,0,0,1,1,0,0,0,0,1,1,0,0,0,0
C3010,29,02,0000,District - Bagalkot *  02,Urban,All ages,478520,242847,235673,118195,64442,53753,105276,55806,49470,11335,7589,3746,1356,912,444,143,85,58,85,50,35
C3010,29,02,0000,District - Bagalkot *  02,Urban,0-4,46917,24301,22616,507,260,247,507,260,247,0,0,0,0,0,0,0,0,0,0,0,0
C3010,29,02,0000,District - Bagalkot *  02,Urban,5,10848,5679,5169,724,354,370,724,354,370,0,0,0,0,0,0,0,0,0,0,0,0
C3010,29,02,0000,District - Bagalkot *  02,Urban,6,10350,5423,4927,3717,1881,1836,3717,1881,1836,0,0,0,0,0,0,0,0,0,0,0,0
C3010,29,02,0000,District - Bagalkot *  02,Urban,7,9510,4890,4620,7864,4063,3801,7864,4063,3801,0,0,0,0,0,0,0,0,0,0,0,0
C3010,29,02,0000,District - Bagalkot *  02,Urban,8,12533,6390,6143,11218,5771,5447,11218,5771,5447,0,0,0,0,0,0,0,0,0,0,0,0
C3010,29,02,0000,District - Bagalkot *  02,Urban,9,10558,5296,5262,9783,4938,4845,9783,4938,4845,0,0,0,0,0,0,0,0,0,0,0,0
C3010,29,02,0000,District - Bagalkot *  02,Urban,10,14080,7042,7038,12310,6194,6116,12310,6194,6116,0,0,0,0,0,0,0,0,0,0,0,0
C3010,29,02,0000,District - Bagalkot *  02,Urban,11,9794,4814,4980,8775,4361,4414,8775,4361,4414,0,0,0,0,0,0,0,0,0,0,0,0
C3010,29,02,0000,District - Bagalkot *  02,Urban,12,13355,6706,6649,10541,5437,5104,10541,5437,5104,0,0,0,0,0,0,0,0,0,0,0,0
C3010,29,02,0000,District - Bagalkot *  02,Urban,13,9812,5106,4706,7902,4274,3628,7902,4274,3628,0,0,0,0,0,0,0,0,0,0,0,0
C3010,29,02,0000,District - Bagalkot *  02,Urban,14,11591,6026,5565,8485,4607,3878,8485,4607,3878,0,0,0,0,0,0,0,0,0,0,0,0
C3010,29,02,0000,District - Bagalkot *  02,Urban,15-19,53068,28289,24779,26689,15534,11155,21626,12404,9222,4547,2808,1739,466,293,173,47,27,20,3,2,1
C3010,29,02,0000,District - Bagalkot *  02,Urban,20-24,45895,24377,21518,8569,5929,2640,1824,1262,562,6155,4296,1859,553,353,200,23,12,11,14,6,8
C3010,29,02,0000,District - Bagalkot *  02,Urban,25-29,39771,18785,20986,719,566,153,0,0,0,489,382,107,181,150,31,35,26,9,14,8,6
C3010,29,02,0000,District - Bagalkot *  02,Urban,30-34,33370,16537,16833,145,101,44,0,0,0,67,44,23,50,40,10,17,8,9,11,9,2
C3010,29,02,0000,District - Bagalkot *  02,Urban,35-59,113952,58246,55706,190,133,57,0,0,0,52,42,10,85,60,25,20,12,8,33,19,14
C3010,29,02,0000,District - Bagalkot *  02,Urban,60+,32867,14803,18064,51,35,16,0,0,0,20,14,6,20,15,5,1,0,1,10,6,4
C3010,29,02,0000,District - Bagalkot *  02,Urban,Age not stated,249,137,112,6,4,2,0,0,0,5,3,2,1,1,0,0,0,0,0,0,0
C3010,29,03,0000,District - Bijapur  03,Total,All ages,1806918,926424,880494,391025,229427,161598,366597,211415,155182,20174,14966,5208,3330,2400,930,494,359,135,430,287,143
C3010,29,03,0000,District - Bijapur  03,Total,0-4,196532,101595,94937,1703,908,795,1703,908,795,0,0,0,0,0,0,0,0,0,0,0,0
C3010,29,03,0000,District - Bijapur  03,Total,5,44376,23163,21213,1722,919,803,1722,919,803,0,0,0,0,0,0,0,0,0,0,0,0
C3010,29,03,0000,District - Bijapur  03,Total,6,45923,23992,21931,11746,6381,5365,11746,6381,5365,0,0,0,0,0,0,0,0,0,0,0,0
C3010,29,03,0000,District - Bijapur  03,Total,7,39804,20566,19238,28863,15380,13483,28863,15380,13483,0,0,0,0,0,0,0,0,0,0,0,0
C3010,29,03,0000,District - Bijapur  03,Total,8,56268,28664,27604,44507,23563,20944,44507,23563,20944,0,0,0,0,0,0,0,0,0,0,0,0
C3010,29,03,0000,District - Bijapur  03,Total,9,44569,22502,22067,38450,20114,18336,38450,20114,18336,0,0,0,0,0,0,0,0,0,0,0,0
C3010,29,03,0000,District - Bijapur  03,Total,10,62769,31812,30957,47921,25886,22035,47921,25886,22035,0,0,0,0,0,0,0,0,0,0,0,0
C3010,29,03,0000,District - Bijapur  03,Total,11,36943,19117,17826,30377,16656,13721,30377,16656,13721,0,0,0,0,0,0,0,0,0,0,0,0
C3010,29,03,0000,District - Bijapur  03,Total,12,57329,29481,27848,37705,21441,16264,37705,21441,16264,0,0,0,0,0,0,0,0,0,0,0,0
C3010,29,03,0000,District - Bijapur  03,Total,13,35840,18943,16897,24947,14691,10256,24947,14691,10256,0,0,0,0,0,0,0,0,0,0,0,0
C3010,29,03,0000,District - Bijapur  03,Total,14,44831,24301,20530,26690,16528,10162,26690,16528,10162,0,0,0,0,0,0,0,0,0,0,0,0
C3010,29,03,0000,District - Bijapur  03,Total,15-19,174305,99868,74437,71624,47881,23743,64232,42947,21285,6314,4261,2053,915,570,345,148,93,55,15,10,5
C3010,29,03,0000,District - Bijapur  03,Total,20-24,143937,76842,67095,20561,15678,4883,7734,6001,1733,11600,8811,2789,1089,771,318,89,71,18,49,24,25
C3010,29,03,0000,District - Bijapur  03,Total,25-29,136395,65954,70441,2405,2020,385,0,0,0,1554,1336,218,709,581,128,83,68,15,59,35,24
C3010,29,03,0000,District - Bijapur  03,Total,30-34,118357,57294,61063,554,437,117,0,0,0,277,215,62,189,158,31,34,23,11,54,41,13
C3010,29,03,0000,District - Bijapur  03,Total,35-59,422708,213397,209311,1000,774,226,0,0,0,322,265,57,362,281,81,105,76,29,211,152,59
C3010,29,03,0000,District - Bijapur  03,Total,60+,143779,67729,76050,222,158,64,0,0,0,91,71,20,59,37,22,32,26,6,40,24,16
C3010,29,03,0000,District - Bijapur  03,Total,Age not stated,2253,1204,1049,28,12,16,0,0,0,16,7,9,7,2,5,3,2,1,2,1,1
C3010,29,03,0000,District - Bijapur  03,Rural,All ages,1410829,723276,687553,285295,170808,114487,273873,161328,112545,9706,8167,1539,1098,862,236,241,186,55,377,265,112
C3010,29,03,0000,District - Bijapur  03,Rural,0-4,156907,81041,75866,1134,619,515,1134,619,515,0,0,0,0,0,0,0,0,0,0,0,0
C3010,29,03,0000,District - Bijapur  03,Rural,5,35211,18312,16899,994,536,458,994,536,458,0,0,0,0,0,0,0,0,0,0,0,0
C3010,29,03,0000,District - Bijapur  03,Rural,6,37086,19294,17792,8341,4550,3791,8341,4550,3791,0,0,0,0,0,0,0,0,0,0,0,0
C3010,29,03,0000,District - Bijapur  03,Rural,7,31563,16283,15280,22154,11895,10259,22154,11895,10259,0,0,0,0,0,0,0,0,0,0,0,0
C3010,29,03,0000,District - Bijapur  03,Rural,8,45564,23092,22472,35291,18727,16564,35291,18727,16564,0,0,0,0,0,0,0,0,0,0,0,0
C3010,29,03,0000,District - Bijapur  03,Rural,9,36039,18301,17738,30652,16232,14420,30652,16232,14420,0,0,0,0,0,0,0,0,0,0,0,0
C3010,29,03,0000,District - Bijapur  03,Rural,10,50471,25433,25038,37394,20338,17056,37394,20338,17056,0,0,0,0,0,0,0,0,0,0,0,0
C3010,29,03,0000,District - Bijapur  03,Rural,11,29145,15153,13992,23427,13079,10348,23427,13079,10348,0,0,0,0,0,0,0,0,0,0,0,0
C3010,29,03,0000,District - Bijapur  03,Rural,12,45565,23315,22250,28281,16436,11845,28281,16436,11845,0,0,0,0,0,0,0,0,0,0,0,0
C3010,29,03,0000,District - Bijapur  03,Rural,13,27957,14820,13137,18417,11191,7226,18417,11191,7226,0,0,0,0,0,0,0,0,0,0,0,0
C3010,29,03,0000,District - Bijapur  03,Rural,14,35456,19309,16147,19496,12558,6938,19496,12558,6938,0,0,0,0,0,0,0,0,0,0,0,0
C3010,29,03,0000,District - Bijapur  03,Rural,15-19,131807,77023,54784,46782,33710,13072,43197,30944,12253,3198,2477,721,292,216,76,82,64,18,13,9,4
C3010,29,03,0000,District - Bijapur  03,Rural,20-24,105871,56976,48895,10865,9190,1675,5095,4223,872,5396,4671,725,294,241,53,40,35,5,40,20,20
C3010,29,03,0000,District - Bijapur  03,Rural,25-29,102861,49806,53055,1185,1068,117,0,0,0,819,761,58,275,238,37,42,36,6,49,33,16
C3010,29,03,0000,District - Bijapur  03,Rural,30-34,90883,43563,47320,279,239,40,0,0,0,133,120,13,81,68,13,17,13,4,48,38,10
C3010,29,03,0000,District - Bijapur  03,Rural,35-59,329738,165477,164261,474,350,124,0,0,0,108,96,12,130,83,47,47,30,17,189,141,48
C3010,29,03,0000,District - Bijapur  03,Rural,60+,116921,55099,61822,115,82,33,0,0,0,44,37,7,24,15,9,11,7,4,36,23,13
C3010,29,03,0000,District - Bijapur  03,Rural,Age not stated,1784,979,805,14,8,6,0,0,0,8,5,3,2,1,1,2,1,1,2,1,1
C3010,29,03,0000,District - Bijapur  03,Urban,All ages,396089,203148,192941,105730,58619,47111,92724,50087,42637,10468,6799,3669,2232,1538,694,253,173,80,53,22,31
C3010,29,03,0000,District - Bijapur  03,Urban,0-4,39625,20554,19071,569,289,280,569,289,280,0,0,0,0,0,0,0,0,0,0,0,0
C3010,29,03,0000,District - Bijapur  03,Urban,5,9165,4851,4314,728,383,345,728,383,345,0,0,0,0,0,0,0,0,0,0,0,0
C3010,29,03,0000,District - Bijapur  03,Urban,6,8837,4698,4139,3405,1831,1574,3405,1831,1574,0,0,0,0,0,0,0,0,0,0,0,0
C3010,29,03,0000,District - Bijapur  03,Urban,7,8241,4283,3958,6709,3485,3224,6709,3485,3224,0,0,0,0,0,0,0,0,0,0,0,0
C3010,29,03,0000,District - Bijapur  03,Urban,8,10704,5572,5132,9216,4836,4380,9216,4836,4380,0,0,0,0,0,0,0,0,0,0,0,0
C3010,29,03,0000,District - Bijapur  03,Urban,9,8530,4201,4329,7798,3882,3916,7798,3882,3916,0,0,0,0,0,0,0,0,0,0,0,0
C3010,29,03,0000,District - Bijapur  03,Urban,10,12298,6379,5919,10527,5548,4979,10527,5548,4979,0,0,0,0,0,0,0,0,0,0,0,0
C3010,29,03,0000,District - Bijapur  03,Urban,11,7798,3964,3834,6950,3577,3373,6950,3577,3373,0,0,0,0,0,0,0,0,0,0,0,0
C3010,29,03,0000,District - Bijapur  03,Urban,12,11764,6166,5598,9424,5005,4419,9424,5005,4419,0,0,0,0,0,0,0,0,0,0,0,0
C3010,29,03,0000,District - Bijapur  03,Urban,13,7883,4123,3760,6530,3500,3030,6530,3500,3030,0,0,0,0,0,0,0,0,0,0,0,0
C3010,29,03,0000,District - Bijapur  03,Urban,14,9375,4992,4383,7194,3970,3224,7194,3970,3224,0,0,0,0,0,0,0,0,0,0,0,0
C3010,29,03,0000,District - Bijapur  03,Urban,15-19,42498,22845,19653,24842,14171,10671,21035,12003,9032,3116,1784,1332,623,354,269,66,29,37,2,1,1
C3010,29,03,0000,District - Bijapur  03,Urban,20-24,38066,19866,18200,9696,6488,3208,2639,1778,861,6204,4140,2064,795,530,265,49,36,13,9,4,5
C3010,29,03,0000,District - Bijapur  03,Urban,25-29,33534,16148,17386,1220,952,268,0,0,0,735,575,160,434,343,91,41,32,9,10,2,8
C3010,29,03,0000,District - Bijapur  03,Urban,30-34,27474,13731,13743,275,198,77,0,0,0,144,95,49,108,90,18,17,10,7,6,3,3
C3010,29,03,0000,District - Bijapur  03,Urban,35-59,92970,47920,45050,526,424,102,0,0,0,214,169,45,232,198,34,58,46,12,22,11,11
C3010,29,03,0000,District - Bijapur  03,Urban,60+,26858,12630,14228,107,76,31,0,0,0,47,34,13,35,22,13,21,19,2,4,1,3
C3010,29,03,0000,District - Bijapur  03,Urban,Age not stated,469,225,244,14,4,10,0,0,0,8,2,6,5,1,4,1,1,0,0,0,0
C3010,29,04,0000,District - Gulbarga  04,Total,All ages,3130922,1592789,1538133,642010,370506,271504,594543,336725,257818,41022,29171,11851,5132,3723,1409,876,613,263,437,274,163
C3010,29,04,0000,District - Gulbarga  04,Total,0-4,358729,184820,173909,4074,2218,1856,4074,2218,1856,0,0,0,0,0,0,0,0,0,0,0,0
C3010,29,04,0000,District - Gulbarga  04,Total,5,84218,43689,40529,6534,3532,3002,6534,3532,3002,0,0,0,0,0,0,0,0,0,0,0,0
C3010,29,04,0000,District - Gulbarga  04,Total,6,93507,48334,45173,30797,16829,13968,30797,16829,13968,0,0,0,0,0,0,0,0,0,0,0,0
C3010,29,04,0000,District - Gulbarga  04,Total,7,76862,39078,37784,49758,26508,23250,49758,26508,23250,0,0,0,0,0,0,0,0,0,0,0,0
C3010,29,04,0000,District - Gulbarga  04,Total,8,108892,54965,53927,73578,39009,34569,73578,39009,34569,0,0,0,0,0,0,0,0,0,0,0,0
C3010,29,04,0000,District - Gulbarga  04,Total,9,80858,40887,39971,61166,32439,28727,61166,32439,28727,0,0,0,0,0,0,0,0,0,0,0,0
C3010,29,04,0000,District - Gulbarga  04,Total,10,120586,61425,59161,77779,42208,35571,77779,42208,35571,0,0,0,0,0,0,0,0,0,0,0,0
C3010,29,04,0000,District - Gulbarga  04,Total,11,62544,32106,30438,45328,24883,20445,45328,24883,20445,0,0,0,0,0,0,0,0,0,0,0,0
C3010,29,04,0000,District - Gulbarga  04,Total,12,111263,57279,53984,61538,35094,26444,61538,35094,26444,0,0,0,0,0,0,0,0,0,0,0,0
C3010,29,04,0000,District - Gulbarga  04,Total,13,63803,33164,30639,38637,22297,16340,38637,22297,16340,0,0,0,0,0,0,0,0,0,0,0,0
C3010,29,04,0000,District - Gulbarga  04,Total,14,79607,42484,37123,42034,25385,16649,42034,25385,16649,0,0,0,0,0,0,0,0,0,0,0,0
C3010,29,04,0000,District - Gulbarga  04,Total,15-19,304061,169444,134617,109832,69820,40012,93123,58914,34209,15043,9776,5267,1403,949,454,242,169,73,21,12,9
C3010,29,04,0000,District - Gulbarga  04,Total,20-24,235839,123819,112020,32844,23811,9033,10197,7409,2788,20962,15278,5684,1494,1014,480,150,89,61,41,21,20
C3010,29,04,0000,District - Gulbarga  04,Total,25-29,229536,109617,119919,5045,4133,912,0,0,0,3570,2953,617,1232,1007,225,191,144,47,52,29,23
C3010,29,04,0000,District - Gulbarga  04,Total,30-34,198443,97643,100800,1202,953,249,0,0,0,691,570,121,350,276,74,95,67,28,66,40,26
C3010,29,04,0000,District - Gulbarga  04,Total,35-59,699767,351901,347866,1546,1172,374,0,0,0,597,477,120,558,422,136,169,124,45,222,149,73
C3010,29,04,0000,District - Gulbarga  04,Total,60+,219165,100290,118875,271,183,88,0,0,0,125,93,32,87,51,36,26,17,9,33,22,11
C3010,29,04,0000,District - Gulbarga  04,Total,Age not stated,3242,1844,1398,47,32,15,0,0,0,34,24,10,8,4,4,3,3,0,2,1,1
C3010,29,04,0000,District - Gulbarga  04,Rural,All ages,2278301,1152343,1125958,402463,239001,163462,386097,225585,160512,14325,11854,2471,1293,1032,261,395,299,96,353,231,122
C3010,29,04,0000,District - Gulbarga  04,Rural,0-4,270317,138871,131446,1503,815,688,1503,815,688,0,0,0,0,0,0,0,0,0,0,0,0
C3010,29,04,0000,District - Gulbarga  04,Rural,5,63061,32533,30528,2408,1294,1114,2408,1294,1114,0,0,0,0,0,0,0,0,0,0,0,0
C3010,29,04,0000,District - Gulbarga  04,Rural,6,70668,36359,34309,19864,10978,8886,19864,10978,8886,0,0,0,0,0,0,0,0,0,0,0,0
C3010,29,04,0000,District - Gulbarga  04,Rural,7,57309,28924,28385,34721,18606,16115,34721,18606,16115,0,0,0,0,0,0,0,0,0,0,0,0
C3010,29,04,0000,District - Gulbarga  04,Rural,8,82545,41526,41019,52432,28114,24318,52432,28114,24318,0,0,0,0,0,0,0,0,0,0,0,0
C3010,29,04,0000,District - Gulbarga  04,Rural,9,61550,31048,30502,44656,23962,20694,44656,23962,20694,0,0,0,0,0,0,0,0,0,0,0,0
C3010,29,04,0000,District - Gulbarga  04,Rural,10,90907,45749,45158,54002,29575,24427,54002,29575,24427,0,0,0,0,0,0,0,0,0,0,0,0
C3010,29,04,0000,District - Gulbarga  04,Rural,11,45247,23216,22031,30566,17199,13367,30566,17199,13367,0,0,0,0,0,0,0,0,0,0,0,0
C3010,29,04,0000,District - Gulbarga  04,Rural,12,82481,42121,40360,39673,23429,16244,39673,23429,16244,0,0,0,0,0,0,0,0,0,0,0,0
C3010,29,04,0000,District - Gulbarga  04,Rural,13,45521,23852,21669,24189,14789,9400,24189,14789,9400,0,0,0,0,0,0,0,0,0,0,0,0
C3010,29,04,0000,District - Gulbarga  04,Rural,14,57151,30778,26373,25554,16607,8947,25554,16607,8947,0,0,0,0,0,0,0,0,0,0,0,0
C3010,29,04,0000,District - Gulbarga  04,Rural,15-19,209963,119322,90641,57388,40710,16678,51244,35981,15263,5655,4328,1327,370,313,57,101,78,23,18,10,8
C3010,29,04,0000,District - Gulbarga  04,Rural,20-24,158007,82457,75550,12502,10375,2127,5285,4236,1049,6879,5875,1004,257,212,45,55,37,18,26,15,11
C3010,29,04,0000,District - Gulbarga  04,Rural,25-29,159907,75709,84198,1774,1597,177,0,0,0,1331,1237,94,319,266,53,84,70,14,40,24,16
C3010,29,04,0000,District - Gulbarga  04,Rural,30-34,141744,69281,72463,476,398,78,0,0,0,253,232,21,115,94,21,52,37,15,56,35,21
C3010,29,04,0000,District - Gulbarga  04,Rural,35-59,510017,252523,257494,623,465,158,0,0,0,159,143,16,190,126,64,90,68,22,184,128,56
C3010,29,04,0000,District - Gulbarga  04,Rural,60+,169730,76819,92911,116,76,40,0,0,0,35,29,6,40,19,21,13,9,4,28,19,9
C3010,29,04,0000,District - Gulbarga  04,Rural,Age not stated,2176,1255,921,16,12,4,0,0,0,13,10,3,2,2,0,0,0,0,1,0,1
C3010,29,04,0000,District - Gulbarga  04,Urban,All ages,852621,440446,412175,239547,131505,108042,208446,111140,97306,26697,17317,9380,3839,2691,1148,481,314,167,84,43,41
C3010,29,04,0000,District - Gulbarga  04,Urban,0-4,88412,45949,42463,2571,1403,1168,2571,1403,1168,0,0,0,0,0,0,0,0,0,0,0,0
C3010,29,04,0000,District - Gulbarga  04,Urban,5,21157,11156,10001,4126,2238,1888,4126,2238,1888,0,0,0,0,0,0,0,0,0,0,0,0
C3010,29,04,0000,District - Gulbarga  04,Urban,6,22839,11975,10864,10933,5851,5082,10933,5851,5082,0,0,0,0,0,0,0,0,0,0,0,0
C3010,29,04,0000,District - Gulbarga  04,Urban,7,19553,10154,9399,15037,7902,7135,15037,7902,7135,0,0,0,0,0,0,0,0,0,0,0,0
C3010,29,04,0000,District - Gulbarga  04,Urban,8,26347,13439,12908,21146,10895,10251,21146,10895,10251,0,0,0,0,0,0,0,0,0,0,0,0
C3010,29,04,0000,District - Gulbarga  04,Urban,9,19308,9839,9469,16510,8477,8033,16510,8477,8033,0,0,0,0,0,0,0,0,0,0,0,0
C3010,29,04,0000,District - Gulbarga  04,Urban,10,29679,15676,14003,23777,12633,11144,23777,12633,11144,0,0,0,0,0,0,0,0,0,0,0,0
C3010,29,04,0000,District - Gulbarga  04,Urban,11,17297,8890,8407,14762,7684,7078,14762,7684,7078,0,0,0,0,0,0,0,0,0,0,0,0
C3010,29,04,0000,District - Gulbarga  04,Urban,12,28782,15158,13624,21865,11665,10200,21865,11665,10200,0,0,0,0,0,0,0,0,0,0,0,0
C3010,29,04,0000,District - Gulbarga  04,Urban,13,18282,9312,8970,14448,7508,6940,14448,7508,6940,0,0,0,0,0,0,0,0,0,0,0,0
C3010,29,04,0000,District - Gulbarga  04,Urban,14,22456,11706,10750,16480,8778,7702,16480,8778,7702,0,0,0,0,0,0,0,0,0,0,0,0
C3010,29,04,0000,District - Gulbarga  04,Urban,15-19,94098,50122,43976,52444,29110,23334,41879,22933,18946,9388,5448,3940,1033,636,397,141,91,50,3,2,1
C3010,29,04,0000,District - Gulbarga  04,Urban,20-24,77832,41362,36470,20342,13436,6906,4912,3173,1739,14083,9403,4680,1237,802,435,95,52,43,15,6,9
C3010,29,04,0000,District - Gulbarga  04,Urban,25-29,69629,33908,35721,3271,2536,735,0,0,0,2239,1716,523,913,741,172,107,74,33,12,5,7
C3010,29,04,0000,District - Gulbarga  04,Urban,30-34,56699,28362,28337,726,555,171,0,0,0,438,338,100,235,182,53,43,30,13,10,5,5
C3010,29,04,0000,District - Gulbarga  04,Urban,35-59,189750,99378,90372,923,707,216,0,0,0,438,334,104,368,296,72,79,56,23,38,21,17
C3010,29,04,0000,District - Gulbarga  04,Urban,60+,49435,23471,25964,155,107,48,0,0,0,90,64,26,47,32,15,13,8,5,5,3,2
C3010,29,04,0000,District - Gulbarga  04,Urban,Age not stated,1066,589,477,31,20,11,0,0,0,21,14,7,6,2,4,3,3,0,1,1,0
C3010,29,05,0000,District - Bidar  05,Total,All ages,1502373,771022,731351,383711,215519,168192,355291,194638,160653,24173,17786,6387,2899,2222,677,663,490,173,685,383,302
C3010,29,05,0000,District - Bidar  05,Total,0-4,160329,82390,77939,2171,1147,1024,2171,1147,1024,0,0,0,0,0,0,0,0,0,0,0,0
C3010,29,05,0000,District - Bidar  05,Total,5,38646,20073,18573,4020,2098,1922,4020,2098,1922,0,0,0,0,0,0,0,0,0,0,0,0
C3010,29,05,0000,District - Bidar  05,Total,6,42542,21938,20604,18694,9906,8788,18694,9906,8788,0,0,0,0,0,0,0,0,0,0,0,0
C3010,29,05,0000,District - Bidar  05,Total,7,34205,17572,16633,26335,13816,12519,26335,13816,12519,0,0,0,0,0,0,0,0,0,0,0,0
C3010,29,05,0000,District - Bidar  05,Total,8,48642,24630,24012,39894,20641,19253,39894,20641,19253,0,0,0,0,0,0,0,0,0,0,0,0
C3010,29,05,0000,District - Bidar  05,Total,9,37164,18764,18400,32651,16780,15871,32651,16780,15871,0,0,0,0,0,0,0,0,0,0,0,0
C3010,29,05,0000,District - Bidar  05,Total,10,54884,27920,26964,44265,23040,21225,44265,23040,21225,0,0,0,0,0,0,0,0,0,0,0,0
C3010,29,05,0000,District - Bidar  05,Total,11,31325,15805,15520,26847,13965,12882,26847,13965,12882,0,0,0,0,0,0,0,0,0,0,0,0
C3010,29,05,0000,District - Bidar  05,Total,12,54843,27911,26932,39647,21132,18515,39647,21132,18515,0,0,0,0,0,0,0,0,0,0,0,0
C3010,29,05,0000,District - Bidar  05,Total,13,30350,15739,14611,23546,12965,10581,23546,12965,10581,0,0,0,0,0,0,0,0,0,0,0,0
C3010,29,05,0000,District - Bidar  05,Total,14,41789,21517,20272,27746,15651,12095,27746,15651,12095,0,0,0,0,0,0,0,0,0,0,0,0
C3010,29,05,0000,District - Bidar  05,Total,15-19,154378,84696,69682,71812,44456,27356,61958,37932,24026,8703,5684,3019,898,663,235,232,167,65,21,10,11
C3010,29,05,0000,District - Bidar  05,Total,20-24,115840,63489,52351,20761,15703,5058,7517,5565,1952,12231,9404,2827,835,614,221,115,92,23,63,28,35
C3010,29,05,0000,District - Bidar  05,Total,25-29,107870,52523,55347,2909,2400,509,0,0,0,2228,1881,347,497,412,85,93,71,22,91,36,55
C3010,29,05,0000,District - Bidar  05,Total,30-34,96233,47692,48541,915,706,209,0,0,0,517,421,96,245,195,50,69,51,18,84,39,45
C3010,29,05,0000,District - Bidar  05,Total,35-59,332854,169546,163308,1264,944,320,0,0,0,415,339,76,371,301,70,135,95,40,343,209,134
C3010,29,05,0000,District - Bidar  05,Total,60+,118582,57767,60815,219,157,62,0,0,0,65,46,19,52,36,16,19,14,5,83,61,22
C3010,29,05,0000,District - Bidar  05,Total,Age not stated,1897,1050,847,15,12,3,0,0,0,14,11,3,1,1,0,0,0,0,0,0,0
C3010,29,05,0000,District - Bidar  05,Rural,All ages,1157498,591653,565845,278771,158338,120433,263039,145946,117093,13726,10909,2817,1114,934,180,270,192,78,622,357,265
C3010,29,05,0000,District - Bidar  05,Rural,0-4,123893,63511,60382,1090,574,516,1090,574,516,0,0,0,0,0,0,0,0,0,0,0,0
C3010,29,05,0000,District - Bidar  05,Rural,5,29986,15537,14449,1894,996,898,1894,996,898,0,0,0,0,0,0,0,0,0,0,0,0
C3010,29,05,0000,District - Bidar  05,Rural,6,32416,16604,15812,13265,7012,6253,13265,7012,6253,0,0,0,0,0,0,0,0,0,0,0,0
C3010,29,05,0000,District - Bidar  05,Rural,7,26306,13455,12851,20045,10531,9514,20045,10531,9514,0,0,0,0,0,0,0,0,0,0,0,0
C3010,29,05,0000,District - Bidar  05,Rural,8,37278,18762,18516,30282,15675,14607,30282,15675,14607,0,0,0,0,0,0,0,0,0,0,0,0
C3010,29,05,0000,District - Bidar  05,Rural,9,29468,14824,14644,25826,13271,12555,25826,13271,12555,0,0,0,0,0,0,0,0,0,0,0,0
C3010,29,05,0000,District - Bidar  05,Rural,10,42508,21552,20956,33880,17718,16162,33880,17718,16162,0,0,0,0,0,0,0,0,0,0,0,0
C3010,29,05,0000,District - Bidar  05,Rural,11,24451,12305,12146,20736,10854,9882,20736,10854,9882,0,0,0,0,0,0,0,0,0,0,0,0
C3010,29,05,0000,District - Bidar  05,Rural,12,42509,21439,21070,29677,15929,13748,29677,15929,13748,0,0,0,0,0,0,0,0,0,0,0,0
C3010,29,05,0000,District - Bidar  05,Rural,13,23651,12306,11345,17862,10033,7829,17862,10033,7829,0,0,0,0,0,0,0,0,0,0,0,0
C3010,29,05,0000,District - Bidar  05,Rural,14,32506,16757,15749,20584,11959,8625,20584,11959,8625,0,0,0,0,0,0,0,0,0,0,0,0
C3010,29,05,0000,District - Bidar  05,Rural,15-19,115812,64089,51723,48458,31489,16969,43014,27594,15420,5073,3602,1471,296,253,43,58,33,25,17,7,10
C3010,29,05,0000,District - Bidar  05,Rural,20-24,84587,46583,38004,11987,9701,2286,4884,3800,1084,6729,5612,1117,278,235,43,38,28,10,58,26,32
C3010,29,05,0000,District - Bidar  05,Rural,25-29,80282,39201,41081,1725,1485,240,0,0,0,1338,1184,154,250,224,26,59,47,12,78,30,48
C3010,29,05,0000,District - Bidar  05,Rural,30-34,72383,35755,36628,531,425,106,0,0,0,323,286,37,93,74,19,39,27,12,76,38,38
C3010,29,05,0000,District - Bidar  05,Rural,35-59,258810,129840,128970,757,558,199,0,0,0,220,190,30,158,124,34,65,48,17,314,196,118
C3010,29,05,0000,District - Bidar  05,Rural,60+,99051,48237,50814,164,121,43,0,0,0,36,29,7,38,23,15,11,9,2,79,60,19
C3010,29,05,0000,District - Bidar  05,Rural,Age not stated,1601,896,705,8,7,1,0,0,0,7,6,1,1,1,0,0,0,0,0,0,0
C3010,29,05,0000,District - Bidar  05,Urban,All ages,344875,179369,165506,104940,57181,47759,92252,48692,43560,10447,6877,3570,1785,1288,497,393,298,95,63,26,37
C3010,29,05,0000,District - Bidar  05,Urban,0-4,36436,18879,17557,1081,573,508,1081,573,508,0,0,0,0,0,0,0,0,0,0,0,0
C3010,29,05,0000,District - Bidar  05,Urban,5,8660,4536,4124,2126,1102,1024,2126,1102,1024,0,0,0,0,0,0,0,0,0,0,0,0
C3010,29,05,0000,District - Bidar  05,Urban,6,10126,5334,4792,5429,2894,2535,5429,2894,2535,0,0,0,0,0,0,0,0,0,0,0,0
C3010,29,05,0000,District - Bidar  05,Urban,7,7899,4117,3782,6290,3285,3005,6290,3285,3005,0,0,0,0,0,0,0,0,0,0,0,0
C3010,29,05,0000,District - Bidar  05,Urban,8,11364,5868,5496,9612,4966,4646,9612,4966,4646,0,0,0,0,0,0,0,0,0,0,0,0
C3010,29,05,0000,District - Bidar  05,Urban,9,7696,3940,3756,6825,3509,3316,6825,3509,3316,0,0,0,0,0,0,0,0,0,0,0,0
C3010,29,05,0000,District - Bidar  05,Urban,10,12376,6368,6008,10385,5322,5063,10385,5322,5063,0,0,0,0,0,0,0,0,0,0,0,0
C3010,29,05,0000,District - Bidar  05,Urban,11,6874,3500,3374,6111,3111,3000,6111,3111,3000,0,0,0,0,0,0,0,0,0,0,0,0
C3010,29,05,0000,District - Bidar  05,Urban,12,12334,6472,5862,9970,5203,4767,9970,5203,4767,0,0,0,0,0,0,0,0,0,0,0,0
C3010,29,05,0000,District - Bidar  05,Urban,13,6699,3433,3266,5684,2932,2752,5684,2932,2752,0,0,0,0,0,0,0,0,0,0,0,0
C3010,29,05,0000,District - Bidar  05,Urban,14,9283,4760,4523,7162,3692,3470,7162,3692,3470,0,0,0,0,0,0,0,0,0,0,0,0
C3010,29,05,0000,District - Bidar  05,Urban,15-19,38566,20607,17959,23354,12967,10387,18944,10338,8606,3630,2082,1548,602,410,192,174,134,40,4,3,1
C3010,29,05,0000,District - Bidar  05,Urban,20-24,31253,16906,14347,8774,6002,2772,2633,1765,868,5502,3792,1710,557,379,178,77,64,13,5,2,3
C3010,29,05,0000,District - Bidar  05,Urban,25-29,27588,13322,14266,1184,915,269,0,0,0,890,697,193,247,188,59,34,24,10,13,6,7
C3010,29,05,0000,District - Bidar  05,Urban,30-34,23850,11937,11913,384,281,103,0,0,0,194,135,59,152,121,31,30,24,6,8,1,7
C3010,29,05,0000,District - Bidar  05,Urban,35-59,74044,39706,34338,507,386,121,0,0,0,195,149,46,213,177,36,70,47,23,29,13,16
C3010,29,05,0000,District - Bidar  05,Urban,60+,19531,9530,10001,55,36,19,0,0,0,29,17,12,14,13,1,8,5,3,4,1,3
C3010,29,05,0000,District - Bidar  05,Urban,Age not stated,296,154,142,7,5,2,0,0,0,7,5,2,0,0,0,0,0,0,0,0,0
C3010,29,06,0000,District - Raichur  06,Total,All ages,1669762,841840,827922,305581,181274,124307,286641,167446,119195,15075,11130,3945,2005,1367,638,295,212,83,1565,1119,446
C3010,29,06,0000,District - Raichur  06,Total,0-4,188170,95396,92774,1642,894,748,1642,894,748,0,0,0,0,0,0,0,0,0,0,0,0
C3010,29,06,0000,District - Raichur  06,Total,5,45712,23650,22062,2559,1400,1159,2559,1400,1159,0,0,0,0,0,0,0,0,0,0,0,0
C3010,29,06,0000,District - Raichur  06,Total,6,49186,25051,24135,14479,7883,6596,14479,7883,6596,0,0,0,0,0,0,0,0,0,0,0,0
C3010,29,06,0000,District - Raichur  06,Total,7,40568,20619,19949,25547,13769,11778,25547,13769,11778,0,0,0,0,0,0,0,0,0,0,0,0
C3010,29,06,0000,District - Raichur  06,Total,8,57992,29050,28942,37266,20218,17048,37266,20218,17048,0,0,0,0,0,0,0,0,0,0,0,0
C3010,29,06,0000,District - Raichur  06,Total,9,43650,21877,21773,32022,17232,14790,32022,17232,14790,0,0,0,0,0,0,0,0,0,0,0,0
C3010,29,06,0000,District - Raichur  06,Total,10,65721,33336,32385,39255,22249,17006,39255,22249,17006,0,0,0,0,0,0,0,0,0,0,0,0
C3010,29,06,0000,District - Raichur  06,Total,11,33696,17519,16177,22809,13288,9521,22809,13288,9521,0,0,0,0,0,0,0,0,0,0,0,0
C3010,29,06,0000,District - Raichur  06,Total,12,57579,29787,27792,28532,17281,11251,28532,17281,11251,0,0,0,0,0,0,0,0,0,0,0,0
C3010,29,06,0000,District - Raichur  06,Total,13,34595,17904,16691,18790,11448,7342,18790,11448,7342,0,0,0,0,0,0,0,0,0,0,0,0
C3010,29,06,0000,District - Raichur  06,Total,14,41146,21827,19319,18875,11998,6877,18875,11998,6877,0,0,0,0,0,0,0,0,0,0,0,0
C3010,29,06,0000,District - Raichur  06,Total,15-19,162389,88035,74354,48013,31617,16396,40999,26877,14122,6022,4062,1960,813,561,252,85,63,22,94,54,40
C3010,29,06,0000,District - Raichur  06,Total,20-24,129181,66010,63171,12634,9540,3094,3866,2909,957,7745,5952,1793,698,454,244,81,63,18,244,162,82
C3010,29,06,0000,District - Raichur  06,Total,25-29,129195,60266,68929,1632,1307,325,0,0,0,1026,881,145,267,203,64,69,48,21,270,175,95
C3010,29,06,0000,District - Raichur  06,Total,30-34,112245,55075,57170,494,372,122,0,0,0,134,118,16,87,62,25,17,12,5,256,180,76
C3010,29,06,0000,District - Raichur  06,Total,35-59,379619,193150,186469,896,679,217,0,0,0,114,91,23,113,72,41,36,23,13,633,493,140
C3010,29,06,0000,District - Raichur  06,Total,60+,98122,42747,55375,131,95,36,0,0,0,30,23,7,26,14,12,7,3,4,68,55,13
C3010,29,06,0000,District - Raichur  06,Total,Age not stated,996,541,455,5,4,1,0,0,0,4,3,1,1,1,0,0,0,0,0,0,0
C3010,29,06,0000,District - Raichur  06,Rural,All ages,1248925,626859,622066,200333,122988,77345,192392,116511,75881,5833,4949,884,434,328,106,157,116,41,1517,1084,433
C3010,29,06,0000,District - Raichur  06,Rural,0-4,147317,74573,72744,832,457,375,832,457,375,0,0,0,0,0,0,0,0,0,0,0,0
C3010,29,06,0000,District - Raichur  06,Rural,5,35645,18400,17245,1153,660,493,1153,660,493,0,0,0,0,0,0,0,0,0,0,0,0
C3010,29,06,0000,District - Raichur  06,Rural,6,38645,19577,19068,10313,5651,4662,10313,5651,4662,0,0,0,0,0,0,0,0,0,0,0,0
C3010,29,06,0000,District - Raichur  06,Rural,7,31083,15747,15336,18570,10128,8442,18570,10128,8442,0,0,0,0,0,0,0,0,0,0,0,0
C3010,29,06,0000,District - Raichur  06,Rural,8,45044,22485,22559,27473,15100,12373,27473,15100,12373,0,0,0,0,0,0,0,0,0,0,0,0
C3010,29,06,0000,District - Raichur  06,Rural,9,34266,17201,17065,24080,13165,10915,24080,13165,10915,0,0,0,0,0,0,0,0,0,0,0,0
C3010,29,06,0000,District - Raichur  06,Rural,10,51191,25913,25278,28283,16453,11830,28283,16453,11830,0,0,0,0,0,0,0,0,0,0,0,0
C3010,29,06,0000,District - Raichur  06,Rural,11,25101,13055,12046,15638,9460,6178,15638,9460,6178,0,0,0,0,0,0,0,0,0,0,0,0
C3010,29,06,0000,District - Raichur  06,Rural,12,43990,22564,21426,18688,11861,6827,18688,11861,6827,0,0,0,0,0,0,0,0,0,0,0,0
C3010,29,06,0000,District - Raichur  06,Rural,13,25402,13239,12163,11765,7706,4059,11765,7706,4059,0,0,0,0,0,0,0,0,0,0,0,0
C3010,29,06,0000,District - Raichur  06,Rural,14,30414,16297,14117,11429,7924,3505,11429,7924,3505,0,0,0,0,0,0,0,0,0,0,0,0
C3010,29,06,0000,District - Raichur  06,Rural,15-19,115368,63137,52231,24621,18236,6385,22044,16206,5838,2331,1859,472,114,86,28,40,31,9,92,54,38
C3010,29,06,0000,District - Raichur  06,Rural,20-24,91801,46236,45565,5439,4572,867,2124,1740,384,2931,2556,375,111,89,22,34,27,7,239,160,79
C3010,29,06,0000,District - Raichur  06,Rural,25-29,94324,43661,50663,822,681,141,0,0,0,444,420,24,79,66,13,36,26,10,263,169,94
C3010,29,06,0000,District - Raichur  06,Rural,30-34,82936,40300,42636,377,286,91,0,0,0,71,64,7,39,34,5,15,11,4,252,177,75
C3010,29,06,0000,District - Raichur  06,Rural,35-59,280055,141443,138612,751,573,178,0,0,0,43,39,4,76,47,29,28,18,10,604,469,135
C3010,29,06,0000,District - Raichur  06,Rural,60+,75618,32649,42969,99,75,24,0,0,0,13,11,2,15,6,9,4,3,1,67,55,12
C3010,29,06,0000,District - Raichur  06,Rural,Age not stated,725,382,343,0,0,0,0,0,0,0,0,0,0,0,0,0,0,0,0,0,0
C3010,29,06,0000,District - Raichur  06,Urban,All ages,420837,214981,205856,105248,58286,46962,94249,50935,43314,9242,6181,3061,1571,1039,532,138,96,42,48,35,13
C3010,29,06,0000,District - Raichur  06,Urban,0-4,40853,20823,20030,810,437,373,810,437,373,0,0,0,0,0,0,0,0,0,0,0,0
C3010,29,06,0000,District - Raichur  06,Urban,5,10067,5250,4817,1406,740,666,1406,740,666,0,0,0,0,0,0,0,0,0,0,0,0
C3010,29,06,0000,District - Raichur  06,Urban,6,10541,5474,5067,4166,2232,1934,4166,2232,1934,0,0,0,0,0,0,0,0,0,0,0,0
C3010,29,06,0000,District - Raichur  06,Urban,7,9485,4872,4613,6977,3641,3336,6977,3641,3336,0,0,0,0,0,0,0,0,0,0,0,0
C3010,29,06,0000,District - Raichur  06,Urban,8,12948,6565,6383,9793,5118,4675,9793,5118,4675,0,0,0,0,0,0,0,0,0,0,0,0
C3010,29,06,0000,District - Raichur  06,Urban,9,9384,4676,4708,7942,4067,3875,7942,4067,3875,0,0,0,0,0,0,0,0,0,0,0,0
C3010,29,06,0000,District - Raichur  06,Urban,10,14530,7423,7107,10972,5796,5176,10972,5796,5176,0,0,0,0,0,0,0,0,0,0,0,0
C3010,29,06,0000,District - Raichur  06,Urban,11,8595,4464,4131,7171,3828,3343,7171,3828,3343,0,0,0,0,0,0,0,0,0,0,0,0
C3010,29,06,0000,District - Raichur  06,Urban,12,13589,7223,6366,9844,5420,4424,9844,5420,4424,0,0,0,0,0,0,0,0,0,0,0,0
C3010,29,06,0000,District - Raichur  06,Urban,13,9193,4665,4528,7025,3742,3283,7025,3742,3283,0,0,0,0,0,0,0,0,0,0,0,0
C3010,29,06,0000,District - Raichur  06,Urban,14,10732,5530,5202,7446,4074,3372,7446,4074,3372,0,0,0,0,0,0,0,0,0,0,0,0
C3010,29,06,0000,District - Raichur  06,Urban,15-19,47021,24898,22123,23392,13381,10011,18955,10671,8284,3691,2203,1488,699,475,224,45,32,13,2,0,2
C3010,29,06,0000,District - Raichur  06,Urban,20-24,37380,19774,17606,7195,4968,2227,1742,1169,573,4814,3396,1418,587,365,222,47,36,11,5,2,3
C3010,29,06,0000,District - Raichur  06,Urban,25-29,34871,16605,18266,810,626,184,0,0,0,582,461,121,188,137,51,33,22,11,7,6,1
C3010,29,06,0000,District - Raichur  06,Urban,30-34,29309,14775,14534,117,86,31,0,0,0,63,54,9,48,28,20,2,1,1,4,3,1
C3010,29,06,0000,District - Raichur  06,Urban,35-59,99564,51707,47857,145,106,39,0,0,0,71,52,19,37,25,12,8,5,3,29,24,5
C3010,29,06,0000,District - Raichur  06,Urban,60+,22504,10098,12406,32,20,12,0,0,0,17,12,5,11,8,3,3,0,3,1,0,1
C3010,29,06,0000,District - Raichur  06,Urban,Age not stated,271,159,112,5,4,1,0,0,0,4,3,1,1,1,0,0,0,0,0,0,0
C3010,29,07,0000,District - Koppal *  07,Total,All ages,1196089,603312,592777,232117,134880,97237,220412,126460,93952,9636,7024,2612,1028,751,277,290,173,117,751,472,279
C3010,29,07,0000,District - Koppal *  07,Total,0-4,139225,71296,67929,1173,615,558,1173,615,558,0,0,0,0,0,0,0,0,0,0,0,0
C3010,29,07,0000,District - Koppal *  07,Total,5,33630,17295,16335,1458,785,673,1458,785,673,0,0,0,0,0,0,0,0,0,0,0,0
C3010,29,07,0000,District - Koppal *  07,Total,6,35149,17908,17241,9939,5339,4600,9939,5339,4600,0,0,0,0,0,0,0,0,0,0,0,0
C3010,29,07,0000,District - Koppal *  07,Total,7,29336,14935,14401,20694,11009,9685,20694,11009,9685,0,0,0,0,0,0,0,0,0,0,0,0
C3010,29,07,0000,District - Koppal *  07,Total,8,40942,20541,20401,30405,16020,14385,30405,16020,14385,0,0,0,0,0,0,0,0,0,0,0,0
C3010,29,07,0000,District - Koppal *  07,Total,9,31506,15869,15637,25471,13488,11983,25471,13488,11983,0,0,0,0,0,0,0,0,0,0,0,0
C3010,29,07,0000,District - Koppal *  07,Total,10,42934,21756,21178,29494,16394,13100,29494,16394,13100,0,0,0,0,0,0,0,0,0,0,0,0
C3010,29,07,0000,District - Koppal *  07,Total,11,25831,13227,12604,18879,10625,8254,18879,10625,8254,0,0,0,0,0,0,0,0,0,0,0,0
C3010,29,07,0000,District - Koppal *  07,Total,12,38872,20099,18773,21420,12693,8727,21420,12693,8727,0,0,0,0,0,0,0,0,0,0,0,0
C3010,29,07,0000,District - Koppal *  07,Total,13,24956,12760,12196,14206,8548,5658,14206,8548,5658,0,0,0,0,0,0,0,0,0,0,0,0
C3010,29,07,0000,District - Koppal *  07,Total,14,29881,15858,14023,14662,9240,5422,14662,9240,5422,0,0,0,0,0,0,0,0,0,0,0,0
C3010,29,07,0000,District - Koppal *  07,Total,15-19,115331,63316,52015,34633,22824,11809,30038,19755,10283,4092,2740,1352,367,259,108,84,47,37,52,23,29
C3010,29,07,0000,District - Koppal *  07,Total,20-24,94997,48912,46085,7929,6014,1915,2573,1949,624,4892,3744,1148,314,235,79,57,33,24,93,53,40
C3010,29,07,0000,District - Koppal *  07,Total,25-29,93378,43847,49531,855,677,178,0,0,0,487,412,75,194,157,37,61,38,23,113,70,43
C3010,29,07,0000,District - Koppal *  07,Total,30-34,78401,38604,39797,236,175,61,0,0,0,73,59,14,54,38,16,22,15,7,87,63,24
C3010,29,07,0000,District - Koppal *  07,Total,35-59,265331,134578,130753,565,380,185,0,0,0,61,50,11,83,58,25,59,35,24,362,237,125
C3010,29,07,0000,District - Koppal *  07,Total,60+,75022,31769,43253,83,47,36,0,0,0,17,13,4,16,4,12,6,4,2,44,26,18
C3010,29,07,0000,District - Koppal *  07,Total,Age not stated,1367,742,625,15,7,8,0,0,0,14,6,8,0,0,0,1,1,0,0,0,0
C3010,29,07,0000,District - Koppal *  07,Rural,All ages,997797,502732,495065,184928,109093,75835,176931,103027,73904,6411,4999,1412,658,484,174,211,126,85,717,457,260
C3010,29,07,0000,District - Koppal *  07,Rural,0-4,119001,60939,58062,903,477,426,903,477,426,0,0,0,0,0,0,0,0,0,0,0,0
C3010,29,07,0000,District - Koppal *  07,Rural,5,28695,14750,13945,1082,569,513,1082,569,513,0,0,0,0,0,0,0,0,0,0,0,0
C3010,29,07,0000,District - Koppal *  07,Rural,6,30214,15443,14771,8108,4380,3728,8108,4380,3728,0,0,0,0,0,0,0,0,0,0,0,0
C3010,29,07,0000,District - Koppal *  07,Rural,7,24823,12631,12192,17026,9135,7891,17026,9135,7891,0,0,0,0,0,0,0,0,0,0,0,0
C3010,29,07,0000,District - Koppal *  07,Rural,8,35030,17581,17449,25383,13450,11933,25383,13450,11933,0,0,0,0,0,0,0,0,0,0,0,0
C3010,29,07,0000,District - Koppal *  07,Rural,9,27109,13622,13487,21543,11453,10090,21543,11453,10090,0,0,0,0,0,0,0,0,0,0,0,0
C3010,29,07,0000,District - Koppal *  07,Rural,10,36485,18492,17993,24170,13627,10543,24170,13627,10543,0,0,0,0,0,0,0,0,0,0,0,0
C3010,29,07,0000,District - Koppal *  07,Rural,11,21763,11153,10610,15409,8784,6625,15409,8784,6625,0,0,0,0,0,0,0,0,0,0,0,0
C3010,29,07,0000,District - Koppal *  07,Rural,12,32863,16968,15895,17004,10279,6725,17004,10279,6725,0,0,0,0,0,0,0,0,0,0,0,0
C3010,29,07,0000,District - Koppal *  07,Rural,13,20726,10661,10065,11100,6905,4195,11100,6905,4195,0,0,0,0,0,0,0,0,0,0,0,0
C3010,29,07,0000,District - Koppal *  07,Rural,14,24864,13242,11622,11243,7350,3893,11243,7350,3893,0,0,0,0,0,0,0,0,0,0,0,0
C3010,29,07,0000,District - Koppal *  07,Rural,15-19,93927,52185,41742,25152,17349,7803,22064,15150,6914,2781,1996,785,209,152,57,51,28,23,47,23,24
C3010,29,07,0000,District - Koppal *  07,Rural,20-24,76614,39441,37173,5374,4274,1100,1896,1468,428,3168,2596,572,182,138,44,38,20,18,90,52,38
C3010,29,07,0000,District - Koppal *  07,Rural,25-29,76243,35572,40671,642,519,123,0,0,0,348,307,41,138,111,27,49,33,16,107,68,39
C3010,29,07,0000,District - Koppal *  07,Rural,30-34,64355,31501,32854,197,150,47,0,0,0,55,49,6,40,28,12,18,13,5,84,60,24
C3010,29,07,0000,District - Koppal *  07,Rural,35-59,219969,111038,108931,511,344,167,0,0,0,43,37,6,73,51,22,48,27,21,347,229,118
C3010,29,07,0000,District - Koppal *  07,Rural,60+,63944,26867,37077,78,45,33,0,0,0,14,12,2,16,4,12,6,4,2,42,25,17
C3010,29,07,0000,District - Koppal *  07,Rural,Age not stated,1172,646,526,3,3,0,0,0,0,2,2,0,0,0,0,1,1,0,0,0,0
C3010,29,07,0000,District - Koppal *  07,Urban,All ages,198292,100580,97712,47189,25787,21402,43481,23433,20048,3225,2025,1200,370,267,103,79,47,32,34,15,19
C3010,29,07,0000,District - Koppal *  07,Urban,0-4,20224,10357,9867,270,138,132,270,138,132,0,0,0,0,0,0,0,0,0,0,0,0
C3010,29,07,0000,District - Koppal *  07,Urban,5,4935,2545,2390,376,216,160,376,216,160,0,0,0,0,0,0,0,0,0,0,0,0
C3010,29,07,0000,District - Koppal *  07,Urban,6,4935,2465,2470,1831,959,872,1831,959,872,0,0,0,0,0,0,0,0,0,0,0,0
C3010,29,07,0000,District - Koppal *  07,Urban,7,4513,2304,2209,3668,1874,1794,3668,1874,1794,0,0,0,0,0,0,0,0,0,0,0,0
C3010,29,07,0000,District - Koppal *  07,Urban,8,5912,2960,2952,5022,2570,2452,5022,2570,2452,0,0,0,0,0,0,0,0,0,0,0,0
C3010,29,07,0000,District - Koppal *  07,Urban,9,4397,2247,2150,3928,2035,1893,3928,2035,1893,0,0,0,0,0,0,0,0,0,0,0,0
C3010,29,07,0000,District - Koppal *  07,Urban,10,6449,3264,3185,5324,2767,2557,5324,2767,2557,0,0,0,0,0,0,0,0,0,0,0,0
C3010,29,07,0000,District - Koppal *  07,Urban,11,4068,2074,1994,3470,1841,1629,3470,1841,1629,0,0,0,0,0,0,0,0,0,0,0,0
C3010,29,07,0000,District - Koppal *  07,Urban,12,6009,3131,2878,4416,2414,2002,4416,2414,2002,0,0,0,0,0,0,0,0,0,0,0,0
C3010,29,07,0000,District - Koppal *  07,Urban,13,4230,2099,2131,3106,1643,1463,3106,1643,1463,0,0,0,0,0,0,0,0,0,0,0,0
C3010,29,07,0000,District - Koppal *  07,Urban,14,5017,2616,2401,3419,1890,1529,3419,1890,1529,0,0,0,0,0,0,0,0,0,0,0,0
C3010,29,07,0000,District - Koppal *  07,Urban,15-19,21404,11131,10273,9481,5475,4006,7974,4605,3369,1311,744,567,158,107,51,33,19,14,5,0,5
C3010,29,07,0000,District - Koppal *  07,Urban,20-24,18383,9471,8912,2555,1740,815,677,481,196,1724,1148,576,132,97,35,19,13,6,3,1,2
C3010,29,07,0000,District - Koppal *  07,Urban,25-29,17135,8275,8860,213,158,55,0,0,0,139,105,34,56,46,10,12,5,7,6,2,4
C3010,29,07,0000,District - Koppal *  07,Urban,30-34,14046,7103,6943,39,25,14,0,0,0,18,10,8,14,10,4,4,2,2,3,3,0
C3010,29,07,0000,District - Koppal *  07,Urban,35-59,45362,23540,21822,54,36,18,0,0,0,18,13,5,10,7,3,11,8,3,15,8,7
C3010,29,07,0000,District - Koppal *  07,Urban,60+,11078,4902,6176,5,2,3,0,0,0,3,1,2,0,0,0,0,0,0,2,1,1
C3010,29,07,0000,District - Koppal *  07,Urban,Age not stated,195,96,99,12,4,8,0,0,0,12,4,8,0,0,0,0,0,0,0,0,0
C3010,29,08,0000,District - Gadag *  08,Total,All ages,971835,493533,478302,209247,117035,92212,197474,108623,88851,9618,6898,2720,1742,1251,491,272,205,67,141,58,83
C3010,29,08,0000,District - Gadag *  08,Total,0-4,94480,48452,46028,877,411,466,877,411,466,0,0,0,0,0,0,0,0,0,0,0,0
C3010,29,08,0000,District - Gadag *  08,Total,5,22864,11768,11096,994,525,469,994,525,469,0,0,0,0,0,0,0,0,0,0,0,0
C3010,29,08,0000,District - Gadag *  08,Total,6,20491,10407,10084,6461,3348,3113,6461,3348,3113,0,0,0,0,0,0,0,0,0,0,0,0
C3010,29,08,0000,District - Gadag *  08,Total,7,18531,9510,9021,15737,8170,7567,15737,8170,7567,0,0,0,0,0,0,0,0,0,0,0,0
C3010,29,08,0000,District - Gadag *  08,Total,8,24583,12377,12206,22302,11394,10908,22302,11394,10908,0,0,0,0,0,0,0,0,0,0,0,0
C3010,29,08,0000,District - Gadag *  08,Total,9,22800,11396,11404,21327,10796,10531,21327,10796,10531,0,0,0,0,0,0,0,0,0,0,0,0
C3010,29,08,0000,District - Gadag *  08,Total,10,27819,14013,13806,24211,12455,11756,24211,12455,11756,0,0,0,0,0,0,0,0,0,0,0,0
C3010,29,08,0000,District - Gadag *  08,Total,11,20862,10616,10246,18300,9588,8712,18300,9588,8712,0,0,0,0,0,0,0,0,0,0,0,0
C3010,29,08,0000,District - Gadag *  08,Total,12,26326,13597,12729,19591,10686,8905,19591,10686,8905,0,0,0,0,0,0,0,0,0,0,0,0
C3010,29,08,0000,District - Gadag *  08,Total,13,20436,10457,9979,14799,8233,6566,14799,8233,6566,0,0,0,0,0,0,0,0,0,0,0,0
C3010,29,08,0000,District - Gadag *  08,Total,14,25000,13244,11756,15601,9257,6344,15601,9257,6344,0,0,0,0,0,0,0,0,0,0,0,0
C3010,29,08,0000,District - Gadag *  08,Total,15-19,102876,57220,45656,39244,24846,14398,34765,21895,12870,3630,2380,1250,739,493,246,103,77,26,7,1,6
C3010,29,08,0000,District - Gadag *  08,Total,20-24,86070,46502,39568,8677,6447,2230,2509,1865,644,5383,4005,1378,697,519,178,63,47,16,25,11,14
C3010,29,08,0000,District - Gadag *  08,Total,25-29,77712,37804,39908,734,616,118,0,0,0,457,394,63,197,167,30,50,39,11,30,16,14
C3010,29,08,0000,District - Gadag *  08,Total,30-34,67378,33489,33889,146,109,37,0,0,0,66,54,12,35,29,6,24,18,6,21,8,13
C3010,29,08,0000,District - Gadag *  08,Total,35-59,238661,120079,118582,197,129,68,0,0,0,63,55,8,62,38,24,28,21,7,44,15,29
C3010,29,08,0000,District - Gadag *  08,Total,60+,74366,32279,42087,44,24,20,0,0,0,17,9,8,9,5,4,4,3,1,14,7,7
C3010,29,08,0000,District - Gadag *  08,Total,Age not stated,580,323,257,5,1,4,0,0,0,2,1,1,3,0,3,0,0,0,0,0,0
C3010,29,08,0000,District - Gadag *  08,Rural,All ages,629652,319629,310023,127467,71856,55611,122291,67813,54478,4241,3361,880,712,563,149,105,70,35,118,49,69
C3010,29,08,0000,District - Gadag *  08,Rural,0-4,62857,32346,30511,438,202,236,438,202,236,0,0,0,0,0,0,0,0,0,0,0,0
C3010,29,08,0000,District - Gadag *  08,Rural,5,15396,7918,7478,463,255,208,463,255,208,0,0,0,0,0,0,0,0,0,0,0,0
C3010,29,08,0000,District - Gadag *  08,Rural,6,13499,6794,6705,4077,2070,2007,4077,2070,2007,0,0,0,0,0,0,0,0,0,0,0,0
C3010,29,08,0000,District - Gadag *  08,Rural,7,12350,6362,5988,10387,5424,4963,10387,5424,4963,0,0,0,0,0,0,0,0,0,0,0,0
C3010,29,08,0000,District - Gadag *  08,Rural,8,16234,8081,8153,14593,7378,7215,14593,7378,7215,0,0,0,0,0,0,0,0,0,0,0,0
C3010,29,08,0000,District - Gadag *  08,Rural,9,15408,7658,7750,14309,7226,7083,14309,7226,7083,0,0,0,0,0,0,0,0,0,0,0,0
C3010,29,08,0000,District - Gadag *  08,Rural,10,18290,9068,9222,15619,7953,7666,15619,7953,7666,0,0,0,0,0,0,0,0,0,0,0,0
C3010,29,08,0000,District - Gadag *  08,Rural,11,13813,6969,6844,11888,6228,5660,11888,6228,5660,0,0,0,0,0,0,0,0,0,0,0,0
C3010,29,08,0000,District - Gadag *  08,Rural,12,17322,8923,8399,12184,6747,5437,12184,6747,5437,0,0,0,0,0,0,0,0,0,0,0,0
C3010,29,08,0000,District - Gadag *  08,Rural,13,13210,6653,6557,8948,5018,3930,8948,5018,3930,0,0,0,0,0,0,0,0,0,0,0,0
C3010,29,08,0000,District - Gadag *  08,Rural,14,16347,8568,7779,9220,5615,3605,9220,5615,3605,0,0,0,0,0,0,0,0,0,0,0,0
C3010,29,08,0000,District - Gadag *  08,Rural,15-19,65203,36917,28286,20878,14143,6735,18847,12647,6200,1693,1238,455,301,241,60,30,16,14,7,1,6
C3010,29,08,0000,District - Gadag *  08,Rural,20-24,53506,29195,24311,3855,3121,734,1318,1050,268,2229,1834,395,272,217,55,17,13,4,19,7,12
C3010,29,08,0000,District - Gadag *  08,Rural,25-29,49386,23854,25532,360,316,44,0,0,0,239,220,19,78,68,10,20,15,5,23,13,10
C3010,29,08,0000,District - Gadag *  08,Rural,30-34,43274,21520,21754,85,59,26,0,0,0,32,28,4,18,13,5,17,11,6,18,7,11
C3010,29,08,0000,District - Gadag *  08,Rural,35-59,153451,77043,76408,135,83,52,0,0,0,39,34,5,37,20,17,19,14,5,40,15,25
C3010,29,08,0000,District - Gadag *  08,Rural,60+,49675,21504,28171,27,17,10,0,0,0,8,6,2,6,4,2,2,1,1,11,6,5
C3010,29,08,0000,District - Gadag *  08,Rural,Age not stated,431,256,175,1,1,0,0,0,0,1,1,0,0,0,0,0,0,0,0,0,0
C3010,29,08,0000,District - Gadag *  08,Urban,All ages,342183,173904,168279,81780,45179,36601,75183,40810,34373,5377,3537,1840,1030,688,342,167,135,32,23,9,14
C3010,29,08,0000,District - Gadag *  08,Urban,0-4,31623,16106,15517,439,209,230,439,209,230,0,0,0,0,0,0,0,0,0,0,0,0
C3010,29,08,0000,District - Gadag *  08,Urban,5,7468,3850,3618,531,270,261,531,270,261,0,0,0,0,0,0,0,0,0,0,0,0
C3010,29,08,0000,District - Gadag *  08,Urban,6,6992,3613,3379,2384,1278,1106,2384,1278,1106,0,0,0,0,0,0,0,0,0,0,0,0
C3010,29,08,0000,District - Gadag *  08,Urban,7,6181,3148,3033,5350,2746,2604,5350,2746,2604,0,0,0,0,0,0,0,0,0,0,0,0
C3010,29,08,0000,District - Gadag *  08,Urban,8,8349,4296,4053,7709,4016,3693,7709,4016,3693,0,0,0,0,0,0,0,0,0,0,0,0
C3010,29,08,0000,District - Gadag *  08,Urban,9,7392,3738,3654,7018,3570,3448,7018,3570,3448,0,0,0,0,0,0,0,0,0,0,0,0
C3010,29,08,0000,District - Gadag *  08,Urban,10,9529,4945,4584,8592,4502,4090,8592,4502,4090,0,0,0,0,0,0,0,0,0,0,0,0
C3010,29,08,0000,District - Gadag *  08,Urban,11,7049,3647,3402,6412,3360,3052,6412,3360,3052,0,0,0,0,0,0,0,0,0,0,0,0
C3010,29,08,0000,District - Gadag *  08,Urban,12,9004,4674,4330,7407,3939,3468,7407,3939,3468,0,0,0,0,0,0,0,0,0,0,0,0
C3010,29,08,0000,District - Gadag *  08,Urban,13,7226,3804,3422,5851,3215,2636,5851,3215,2636,0,0,0,0,0,0,0,0,0,0,0,0
C3010,29,08,0000,District - Gadag *  08,Urban,14,8653,4676,3977,6381,3642,2739,6381,3642,2739,0,0,0,0,0,0,0,0,0,0,0,0
C3010,29,08,0000,District - Gadag *  08,Urban,15-19,37673,20303,17370,18366,10703,7663,15918,9248,6670,1937,1142,795,438,252,186,73,61,12,0,0,0
C3010,29,08,0000,District - Gadag *  08,Urban,20-24,32564,17307,15257,4822,3326,1496,1191,815,376,3154,2171,983,425,302,123,46,34,12,6,4,2
C3010,29,08,0000,District - Gadag *  08,Urban,25-29,28326,13950,14376,374,300,74,0,0,0,218,174,44,119,99,20,30,24,6,7,3,4
C3010,29,08,0000,District - Gadag *  08,Urban,30-34,24104,11969,12135,61,50,11,0,0,0,34,26,8,17,16,1,7,7,0,3,1,2
C3010,29,08,0000,District - Gadag *  08,Urban,35-59,85210,43036,42174,62,46,16,0,0,0,24,21,3,25,18,7,9,7,2,4,0,4
C3010,29,08,0000,District - Gadag *  08,Urban,60+,24691,10775,13916,17,7,10,0,0,0,9,3,6,3,1,2,2,2,0,3,1,2
C3010,29,08,0000,District - Gadag *  08,Urban,Age not stated,149,67,82,4,0,4,0,0,0,1,0,1,3,0,3,0,0,0,0,0,0
C3010,29,09,0000,District - Dharwad  09,Total,All ages,1604253,823204,781049,361211,196774,164437,320832,170972,149860,33008,20953,12055,6291,4164,2127,878,568,310,202,117,85
C3010,29,09,0000,District - Dharwad  09,Total,0-4,151136,77990,73146,2189,1135,1054,2189,1135,1054,0,0,0,0,0,0,0,0,0,0,0,0
C3010,29,09,0000,District - Dharwad  09,Total,5,34541,17565,16976,2744,1427,1317,2744,1427,1317,0,0,0,0,0,0,0,0,0,0,0,0
C3010,29,09,0000,District - Dharwad  09,Total,6,32585,16780,15805,12401,6347,6054,12401,6347,6054,0,0,0,0,0,0,0,0,0,0,0,0
C3010,29,09,0000,District - Dharwad  09,Total,7,29064,14881,14183,24507,12603,11904,24507,12603,11904,0,0,0,0,0,0,0,0,0,0,0,0
C3010,29,09,0000,District - Dharwad  09,Total,8,37185,18858,18327,33770,17239,16531,33770,17239,16531,0,0,0,0,0,0,0,0,0,0,0,0
C3010,29,09,0000,District - Dharwad  09,Total,9,33667,17077,16590,31549,16067,15482,31549,16067,15482,0,0,0,0,0,0,0,0,0,0,0,0
C3010,29,09,0000,District - Dharwad  09,Total,10,44175,22470,21705,39483,20177,19306,39483,20177,19306,0,0,0,0,0,0,0,0,0,0,0,0
C3010,29,09,0000,District - Dharwad  09,Total,11,32557,16492,16065,29240,14950,14290,29240,14950,14290,0,0,0,0,0,0,0,0,0,0,0,0
C3010,29,09,0000,District - Dharwad  09,Total,12,41724,21709,20015,33338,17681,15657,33338,17681,15657,0,0,0,0,0,0,0,0,0,0,0,0
C3010,29,09,0000,District - Dharwad  09,Total,13,32057,16376,15681,24836,13200,11636,24836,13200,11636,0,0,0,0,0,0,0,0,0,0,0,0
C3010,29,09,0000,District - Dharwad  09,Total,14,37515,19495,18020,25373,13981,11392,25373,13981,11392,0,0,0,0,0,0,0,0,0,0,0,0
C3010,29,09,0000,District - Dharwad  09,Total,15-19,167859,91514,76345,72676,42504,30172,57499,33465,24034,12444,7299,5145,2345,1485,860,375,250,125,13,5,8
C3010,29,09,0000,District - Dharwad  09,Total,20-24,155399,83615,71784,24792,16281,8511,3903,2700,1203,18104,11792,6312,2558,1659,899,187,108,79,40,22,18
C3010,29,09,0000,District - Dharwad  09,Total,25-29,138092,67218,70874,2906,2228,678,0,0,0,1818,1411,407,904,684,220,157,113,44,27,20,7
C3010,29,09,0000,District - Dharwad  09,Total,30-34,117446,59176,58270,517,363,154,0,0,0,276,202,74,157,113,44,58,32,26,26,16,10
C3010,29,09,0000,District - Dharwad  09,Total,35-59,400797,205880,194917,712,463,249,0,0,0,261,165,96,277,191,86,95,62,33,79,45,34
C3010,29,09,0000,District - Dharwad  09,Total,60+,117482,55572,61910,136,87,49,0,0,0,63,43,20,50,32,18,6,3,3,17,9,8
C3010,29,09,0000,District - Dharwad  09,Total,Age not stated,972,536,436,42,41,1,0,0,0,42,41,1,0,0,0,0,0,0,0,0,0
C3010,29,09,0000,District - Dharwad  09,Rural,All ages,722336,371275,351061,140361,77813,62548,134955,73589,61366,4676,3684,992,496,395,101,119,71,48,115,74,41
C3010,29,09,0000,District - Dharwad  09,Rural,0-4,73212,37761,35451,574,307,267,574,307,267,0,0,0,0,0,0,0,0,0,0,0,0
C3010,29,09,0000,District - Dharwad  09,Rural,5,16691,8443,8248,607,316,291,607,316,291,0,0,0,0,0,0,0,0,0,0,0,0
C3010,29,09,0000,District - Dharwad  09,Rural,6,15810,8227,7583,5338,2799,2539,5338,2799,2539,0,0,0,0,0,0,0,0,0,0,0,0
C3010,29,09,0000,District - Dharwad  09,Rural,7,13324,6821,6503,11093,5691,5402,11093,5691,5402,0,0,0,0,0,0,0,0,0,0,0,0
C3010,29,09,0000,District - Dharwad  09,Rural,8,17131,8646,8485,15699,7989,7710,15699,7989,7710,0,0,0,0,0,0,0,0,0,0,0,0
C3010,29,09,0000,District - Dharwad  09,Rural,9,17107,8678,8429,16130,8236,7894,16130,8236,7894,0,0,0,0,0,0,0,0,0,0,0,0
C3010,29,09,0000,District - Dharwad  09,Rural,10,20225,10308,9917,18055,9295,8760,18055,9295,8760,0,0,0,0,0,0,0,0,0,0,0,0
C3010,29,09,0000,District - Dharwad  09,Rural,11,15162,7599,7563,13350,6817,6533,13350,6817,6533,0,0,0,0,0,0,0,0,0,0,0,0
C3010,29,09,0000,District - Dharwad  09,Rural,12,18694,9551,9143,14026,7504,6522,14026,7504,6522,0,0,0,0,0,0,0,0,0,0,0,0
C3010,29,09,0000,District - Dharwad  09,Rural,13,14376,7267,7109,10023,5486,4537,10023,5486,4537,0,0,0,0,0,0,0,0,0,0,0,0
C3010,29,09,0000,District - Dharwad  09,Rural,14,17335,8917,8418,9880,5754,4126,9880,5754,4126,0,0,0,0,0,0,0,0,0,0,0,0
C3010,29,09,0000,District - Dharwad  09,Rural,15-19,72160,40185,31975,21146,14012,7134,18943,12403,6540,1947,1425,522,201,155,46,48,25,23,7,4,3
C3010,29,09,0000,District - Dharwad  09,Rural,20-24,64900,35656,29244,3889,3150,739,1237,992,245,2451,2002,449,152,127,25,30,16,14,19,13,6
C3010,29,09,0000,District - Dharwad  09,Rural,25-29,60373,29329,31044,348,316,32,0,0,0,227,210,17,84,76,8,19,16,3,18,14,4
C3010,29,09,0000,District - Dharwad  09,Rural,30-34,52494,26199,26295,71,52,19,0,0,0,28,25,3,17,8,9,10,8,2,16,11,5
C3010,29,09,0000,District - Dharwad  09,Rural,35-59,177220,91216,86004,109,75,34,0,0,0,20,19,1,31,22,9,12,6,6,46,28,18
C3010,29,09,0000,District - Dharwad  09,Rural,60+,55730,26256,29474,22,13,9,0,0,0,2,2,0,11,7,4,0,0,0,9,4,5
C3010,29,09,0000,District - Dharwad  09,Rural,Age not stated,392,216,176,1,1,0,0,0,0,1,1,0,0,0,0,0,0,0,0,0,0
C3010,29,09,0000,District - Dharwad  09,Urban,All ages,881917,451929,429988,220850,118961,101889,185877,97383,88494,28332,17269,11063,5795,3769,2026,759,497,262,87,43,44
C3010,29,09,0000,District - Dharwad  09,Urban,0-4,77924,40229,37695,1615,828,787,1615,828,787,0,0,0,0,0,0,0,0,0,0,0,0
C3010,29,09,0000,District - Dharwad  09,Urban,5,17850,9122,8728,2137,1111,1026,2137,1111,1026,0,0,0,0,0,0,0,0,0,0,0,0
C3010,29,09,0000,District - Dharwad  09,Urban,6,16775,8553,8222,7063,3548,3515,7063,3548,3515,0,0,0,0,0,0,0,0,0,0,0,0
C3010,29,09,0000,District - Dharwad  09,Urban,7,15740,8060,7680,13414,6912,6502,13414,6912,6502,0,0,0,0,0,0,0,0,0,0,0,0
C3010,29,09,0000,District - Dharwad  09,Urban,8,20054,10212,9842,18071,9250,8821,18071,9250,8821,0,0,0,0,0,0,0,0,0,0,0,0
C3010,29,09,0000,District - Dharwad  09,Urban,9,16560,8399,8161,15419,7831,7588,15419,7831,7588,0,0,0,0,0,0,0,0,0,0,0,0
C3010,29,09,0000,District - Dharwad  09,Urban,10,23950,12162,11788,21428,10882,10546,21428,10882,10546,0,0,0,0,0,0,0,0,0,0,0,0
C3010,29,09,0000,District - Dharwad  09,Urban,11,17395,8893,8502,15890,8133,7757,15890,8133,7757,0,0,0,0,0,0,0,0,0,0,0,0
C3010,29,09,0000,District - Dharwad  09,Urban,12,23030,12158,10872,19312,10177,9135,19312,10177,9135,0,0,0,0,0,0,0,0,0,0,0,0
C3010,29,09,0000,District - Dharwad  09,Urban,13,17681,9109,8572,14813,7714,7099,14813,7714,7099,0,0,0,0,0,0,0,0,0,0,0,0
C3010,29,09,0000,District - Dharwad  09,Urban,14,20180,10578,9602,15493,8227,7266,15493,8227,7266,0,0,0,0,0,0,0,0,0,0,0,0
C3010,29,09,0000,District - Dharwad  09,Urban,15-19,95699,51329,44370,51530,28492,23038,38556,21062,17494,10497,5874,4623,2144,1330,814,327,225,102,6,1,5
C3010,29,09,0000,District - Dharwad  09,Urban,20-24,90499,47959,42540,20903,13131,7772,2666,1708,958,15653,9790,5863,2406,1532,874,157,92,65,21,9,12
C3010,29,09,0000,District - Dharwad  09,Urban,25-29,77719,37889,39830,2558,1912,646,0,0,0,1591,1201,390,820,608,212,138,97,41,9,6,3
C3010,29,09,0000,District - Dharwad  09,Urban,30-34,64952,32977,31975,446,311,135,0,0,0,248,177,71,140,105,35,48,24,24,10,5,5
C3010,29,09,0000,District - Dharwad  09,Urban,35-59,223577,114664,108913,603,388,215,0,0,0,241,146,95,246,169,77,83,56,27,33,17,16
C3010,29,09,0000,District - Dharwad  09,Urban,60+,61752,29316,32436,114,74,40,0,0,0,61,41,20,39,25,14,6,3,3,8,5,3
C3010,29,09,0000,District - Dharwad  09,Urban,Age not stated,580,320,260,41,40,1,0,0,0,41,40,1,0,0,0,0,0,0,0,0,0
C3010,29,10,0000,District - Uttara Kannada  10,Total,All ages,1353644,686876,666768,289328,155115,134213,264908,138669,126239,15117,8557,6560,3423,2577,846,5688,5253,435,192,59,133
C3010,29,10,0000,District - Uttara Kannada  10,Total,0-4,121345,62398,58947,1791,924,867,1791,924,867,0,0,0,0,0,0,0,0,0,0,0,0
C3010,29,10,0000,District - Uttara Kannada  10,Total,5,27725,14255,13470,2787,1428,1359,2787,1428,1359,0,0,0,0,0,0,0,0,0,0,0,0
C3010,29,10,0000,District - Uttara Kannada  10,Total,6,24433,12496,11937,11769,6058,5711,11769,6058,5711,0,0,0,0,0,0,0,0,0,0,0,0
C3010,29,10,0000,District - Uttara Kannada  10,Total,7,23045,11578,11467,20479,10335,10144,20479,10335,10144,0,0,0,0,0,0,0,0,0,0,0,0
C3010,29,10,0000,District - Uttara Kannada  10,Total,8,27908,14221,13687,26332,13526,12806,26332,13526,12806,0,0,0,0,0,0,0,0,0,0,0,0
C3010,29,10,0000,District - Uttara Kannada  10,Total,9,26740,13540,13200,25635,13026,12609,25635,13026,12609,0,0,0,0,0,0,0,0,0,0,0,0
C3010,29,10,0000,District - Uttara Kannada  10,Total,10,32815,16850,15965,30597,15874,14723,30597,15874,14723,0,0,0,0,0,0,0,0,0,0,0,0
C3010,29,10,0000,District - Uttara Kannada  10,Total,11,25775,13258,12517,23921,12448,11473,23921,12448,11473,0,0,0,0,0,0,0,0,0,0,0,0
C3010,29,10,0000,District - Uttara Kannada  10,Total,12,32709,16735,15974,28077,14681,13396,28077,14681,13396,0,0,0,0,0,0,0,0,0,0,0,0
C3010,29,10,0000,District - Uttara Kannada  10,Total,13,27819,14242,13577,22992,12117,10875,22992,12117,10875,0,0,0,0,0,0,0,0,0,0,0,0
C3010,29,10,0000,District - Uttara Kannada  10,Total,14,30374,15591,14783,21885,11784,10101,21885,11784,10101,0,0,0,0,0,0,0,0,0,0,0,0
C3010,29,10,0000,District - Uttara Kannada  10,Total,15-19,143437,72422,71015,55748,30661,25087,46054,24804,21250,6541,3355,3186,1822,1383,439,1321,1116,205,10,3,7
C3010,29,10,0000,District - Uttara Kannada  10,Total,20-24,130191,67534,62657,13385,8798,4587,2589,1664,925,8070,4847,3223,1208,906,302,1503,1379,124,15,2,13
C3010,29,10,0000,District - Uttara Kannada  10,Total,25-29,118123,58669,59454,2021,1769,252,0,0,0,382,279,103,264,206,58,1339,1271,68,36,13,23
C3010,29,10,0000,District - Uttara Kannada  10,Total,30-34,99404,50550,48854,796,717,79,0,0,0,45,27,18,47,31,16,677,650,27,27,9,18
C3010,29,10,0000,District - Uttara Kannada  10,Total,35-59,353629,181805,171824,769,652,117,0,0,0,56,38,18,68,43,25,550,542,8,95,29,66
C3010,29,10,0000,District - Uttara Kannada  10,Total,60+,107601,50412,57189,342,316,26,0,0,0,22,11,11,13,7,6,298,295,3,9,3,6
C3010,29,10,0000,District - Uttara Kannada  10,Total,Age not stated,571,320,251,2,1,1,0,0,0,1,0,1,1,1,0,0,0,0,0,0,0
C3010,29,10,0000,District - Uttara Kannada  10,Rural,All ages,965731,489908,475823,195412,105910,89502,181331,95671,85660,7321,4296,3025,1314,897,417,5280,4995,285,166,51,115
C3010,29,10,0000,District - Uttara Kannada  10,Rural,0-4,89165,45826,43339,1039,544,495,1039,544,495,0,0,0,0,0,0,0,0,0,0,0,0
C3010,29,10,0000,District - Uttara Kannada  10,Rural,5,20415,10494,9921,1623,824,799,1623,824,799,0,0,0,0,0,0,0,0,0,0,0,0
C3010,29,10,0000,District - Uttara Kannada  10,Rural,6,18205,9328,8877,8673,4470,4203,8673,4470,4203,0,0,0,0,0,0,0,0,0,0,0,0
C3010,29,10,0000,District - Uttara Kannada  10,Rural,7,16712,8406,8306,14703,7458,7245,14703,7458,7245,0,0,0,0,0,0,0,0,0,0,0,0
C3010,29,10,0000,District - Uttara Kannada  10,Rural,8,20179,10254,9925,18913,9707,9206,18913,9707,9206,0,0,0,0,0,0,0,0,0,0,0,0
C3010,29,10,0000,District - Uttara Kannada  10,Rural,9,19551,9922,9629,18677,9518,9159,18677,9518,9159,0,0,0,0,0,0,0,0,0,0,0,0
C3010,29,10,0000,District - Uttara Kannada  10,Rural,10,23630,12118,11512,21830,11332,10498,21830,11332,10498,0,0,0,0,0,0,0,0,0,0,0,0
C3010,29,10,0000,District - Uttara Kannada  10,Rural,11,18349,9453,8896,16820,8808,8012,16820,8808,8012,0,0,0,0,0,0,0,0,0,0,0,0
C3010,29,10,0000,District - Uttara Kannada  10,Rural,12,23376,12017,11359,19503,10309,9194,19503,10309,9194,0,0,0,0,0,0,0,0,0,0,0,0
C3010,29,10,0000,District - Uttara Kannada  10,Rural,13,19559,10060,9499,15592,8323,7269,15592,8323,7269,0,0,0,0,0,0,0,0,0,0,0,0
C3010,29,10,0000,District - Uttara Kannada  10,Rural,14,21724,11167,10557,14669,8047,6622,14669,8047,6622,0,0,0,0,0,0,0,0,0,0,0,0
C3010,29,10,0000,District - Uttara Kannada  10,Rural,15-19,101294,50789,50505,32937,18614,14323,27843,15398,12445,3236,1725,1511,777,545,232,1074,944,130,7,2,5
C3010,29,10,0000,District - Uttara Kannada  10,Rural,20-24,90659,46987,43672,7088,4897,2191,1446,933,513,3841,2389,1452,386,247,139,1402,1326,76,13,2,11
C3010,29,10,0000,District - Uttara Kannada  10,Rural,25-29,83377,41461,41916,1611,1478,133,0,0,0,183,144,39,94,71,23,1303,1252,51,31,11,20
C3010,29,10,0000,District - Uttara Kannada  10,Rural,30-34,70542,35909,34633,725,676,49,0,0,0,21,13,8,18,12,6,662,643,19,24,8,16
C3010,29,10,0000,District - Uttara Kannada  10,Rural,35-59,249968,128516,121452,687,598,89,0,0,0,30,21,9,30,16,14,541,535,6,86,26,60
C3010,29,10,0000,District - Uttara Kannada  10,Rural,60+,78616,36976,41640,321,307,14,0,0,0,9,4,5,9,6,3,298,295,3,5,2,3
C3010,29,10,0000,District - Uttara Kannada  10,Rural,Age not stated,410,225,185,1,0,1,0,0,0,1,0,1,0,0,0,0,0,0,0,0,0
C3010,29,10,0000,District - Uttara Kannada  10,Urban,All ages,387913,196968,190945,93916,49205,44711,83577,42998,40579,7796,4261,3535,2109,1680,429,408,258,150,26,8,18
C3010,29,10,0000,District - Uttara Kannada  10,Urban,0-4,32180,16572,15608,752,380,372,752,380,372,0,0,0,0,0,0,0,0,0,0,0,0
C3010,29,10,0000,District - Uttara Kannada  10,Urban,5,7310,3761,3549,1164,604,560,1164,604,560,0,0,0,0,0,0,0,0,0,0,0,0
C3010,29,10,0000,District - Uttara Kannada  10,Urban,6,6228,3168,3060,3096,1588,1508,3096,1588,1508,0,0,0,0,0,0,0,0,0,0,0,0
C3010,29,10,0000,District - Uttara Kannada  10,Urban,7,6333,3172,3161,5776,2877,2899,5776,2877,2899,0,0,0,0,0,0,0,0,0,0,0,0
C3010,29,10,0000,District - Uttara Kannada  10,Urban,8,7729,3967,3762,7419,3819,3600,7419,3819,3600,0,0,0,0,0,0,0,0,0,0,0,0
C3010,29,10,0000,District - Uttara Kannada  10,Urban,9,7189,3618,3571,6958,3508,3450,6958,3508,3450,0,0,0,0,0,0,0,0,0,0,0,0
C3010,29,10,0000,District - Uttara Kannada  10,Urban,10,9185,4732,4453,8767,4542,4225,8767,4542,4225,0,0,0,0,0,0,0,0,0,0,0,0
C3010,29,10,0000,District - Uttara Kannada  10,Urban,11,7426,3805,3621,7101,3640,3461,7101,3640,3461,0,0,0,0,0,0,0,0,0,0,0,0
C3010,29,10,0000,District - Uttara Kannada  10,Urban,12,9333,4718,4615,8574,4372,4202,8574,4372,4202,0,0,0,0,0,0,0,0,0,0,0,0
C3010,29,10,0000,District - Uttara Kannada  10,Urban,13,8260,4182,4078,7400,3794,3606,7400,3794,3606,0,0,0,0,0,0,0,0,0,0,0,0
C3010,29,10,0000,District - Uttara Kannada  10,Urban,14,8650,4424,4226,7216,3737,3479,7216,3737,3479,0,0,0,0,0,0,0,0,0,0,0,0
C3010,29,10,0000,District - Uttara Kannada  10,Urban,15-19,42143,21633,20510,22811,12047,10764,18211,9406,8805,3305,1630,1675,1045,838,207,247,172,75,3,1,2
C3010,29,10,0000,District - Uttara Kannada  10,Urban,20-24,39532,20547,18985,6297,3901,2396,1143,731,412,4229,2458,1771,822,659,163,101,53,48,2,0,2
C3010,29,10,0000,District - Uttara Kannada  10,Urban,25-29,34746,17208,17538,410,291,119,0,0,0,199,135,64,170,135,35,36,19,17,5,2,3
C3010,29,10,0000,District - Uttara Kannada  10,Urban,30-34,28862,14641,14221,71,41,30,0,0,0,24,14,10,29,19,10,15,7,8,3,1,2
C3010,29,10,0000,District - Uttara Kannada  10,Urban,35-59,103661,53289,50372,82,54,28,0,0,0,26,17,9,38,27,11,9,7,2,9,3,6
C3010,29,10,0000,District - Uttara Kannada  10,Urban,60+,28985,13436,15549,21,9,12,0,0,0,13,7,6,4,1,3,0,0,0,4,1,3
C3010,29,10,0000,District - Uttara Kannada  10,Urban,Age not stated,161,95,66,1,1,0,0,0,0,0,0,0,1,1,0,0,0,0,0,0,0
C3010,29,11,0000,District - Haveri *  11,Total,All ages,1439116,740469,698647,304082,166452,137630,287775,155237,132538,13298,9208,4090,1732,1280,452,398,268,130,879,459,420
C3010,29,11,0000,District - Haveri *  11,Total,0-4,140058,71386,68672,1346,708,638,1346,708,638,0,0,0,0,0,0,0,0,0,0,0,0
C3010,29,11,0000,District - Haveri *  11,Total,5,32665,16747,15918,1367,693,674,1367,693,674,0,0,0,0,0,0,0,0,0,0,0,0
C3010,29,11,0000,District - Haveri *  11,Total,6,30989,15986,15003,9826,5106,4720,9826,5106,4720,0,0,0,0,0,0,0,0,0,0,0,0
C3010,29,11,0000,District - Haveri *  11,Total,7,26904,13644,13260,22541,11522,11019,22541,11522,11019,0,0,0,0,0,0,0,0,0,0,0,0
C3010,29,11,0000,District - Haveri *  11,Total,8,35292,17759,17533,32053,16211,15842,32053,16211,15842,0,0,0,0,0,0,0,0,0,0,0,0
C3010,29,11,0000,District - Haveri *  11,Total,9,33854,17094,16760,31836,16157,15679,31836,16157,15679,0,0,0,0,0,0,0,0,0,0,0,0
C3010,29,11,0000,District - Haveri *  11,Total,10,41552,21258,20294,36668,18963,17705,36668,18963,17705,0,0,0,0,0,0,0,0,0,0,0,0
C3010,29,11,0000,District - Haveri *  11,Total,11,30841,15815,15026,27247,14249,12998,27247,14249,12998,0,0,0,0,0,0,0,0,0,0,0,0
C3010,29,11,0000,District - Haveri *  11,Total,12,39506,20352,19154,29515,15792,13723,29515,15792,13723,0,0,0,0,0,0,0,0,0,0,0,0
C3010,29,11,0000,District - Haveri *  11,Total,13,31395,16056,15339,22621,12405,10216,22621,12405,10216,0,0,0,0,0,0,0,0,0,0,0,0
C3010,29,11,0000,District - Haveri *  11,Total,14,39140,20398,18742,23279,13362,9917,23279,13362,9917,0,0,0,0,0,0,0,0,0,0,0,0
C3010,29,11,0000,District - Haveri *  11,Total,15-19,157560,85579,71981,52799,31947,20852,46576,28010,18566,5388,3380,2008,589,404,185,179,116,63,67,37,30
C3010,29,11,0000,District - Haveri *  11,Total,20-24,130750,71736,59014,10771,7755,3016,2900,2059,841,7005,5068,1937,682,517,165,59,40,19,125,71,54
C3010,29,11,0000,District - Haveri *  11,Total,25-29,116115,57064,59051,1145,933,212,0,0,0,686,590,96,271,229,42,58,45,13,130,69,61
C3010,29,11,0000,District - Haveri *  11,Total,30-34,100691,49623,51068,337,229,108,0,0,0,107,87,20,67,47,20,33,23,10,130,72,58
C3010,29,11,0000,District - Haveri *  11,Total,35-59,349454,181771,167683,612,350,262,0,0,0,77,59,18,94,69,25,59,40,19,382,182,200
C3010,29,11,0000,District - Haveri *  11,Total,60+,101033,47465,53568,113,68,45,0,0,0,30,23,7,28,13,15,10,4,6,45,28,17
C3010,29,11,0000,District - Haveri *  11,Total,Age not stated,1317,736,581,6,2,4,0,0,0,5,1,4,1,1,0,0,0,0,0,0,0
C3010,29,11,0000,District - Haveri *  11,Rural,All ages,1140096,586935,553161,232496,128378,104118,222796,121282,101514,7939,5972,1967,721,535,186,263,176,87,777,413,364
C3010,29,11,0000,District - Haveri *  11,Rural,0-4,111132,56551,54581,1067,562,505,1067,562,505,0,0,0,0,0,0,0,0,0,0,0,0
C3010,29,11,0000,District - Haveri *  11,Rural,5,25887,13178,12709,1026,515,511,1026,515,511,0,0,0,0,0,0,0,0,0,0,0,0
C3010,29,11,0000,District - Haveri *  11,Rural,6,24335,12620,11715,7617,4002,3615,7617,4002,3615,0,0,0,0,0,0,0,0,0,0,0,0
C3010,29,11,0000,District - Haveri *  11,Rural,7,21258,10801,10457,17886,9178,8708,17886,9178,8708,0,0,0,0,0,0,0,0,0,0,0,0
C3010,29,11,0000,District - Haveri *  11,Rural,8,27610,13897,13713,25095,12721,12374,25095,12721,12374,0,0,0,0,0,0,0,0,0,0,0,0
C3010,29,11,0000,District - Haveri *  11,Rural,9,27078,13708,13370,25500,13003,12497,25500,13003,12497,0,0,0,0,0,0,0,0,0,0,0,0
C3010,29,11,0000,District - Haveri *  11,Rural,10,32580,16663,15917,28783,14937,13846,28783,14937,13846,0,0,0,0,0,0,0,0,0,0,0,0
C3010,29,11,0000,District - Haveri *  11,Rural,11,24324,12521,11803,21412,11288,10124,21412,11288,10124,0,0,0,0,0,0,0,0,0,0,0,0
C3010,29,11,0000,District - Haveri *  11,Rural,12,30587,15748,14839,22585,12167,10418,22585,12167,10418,0,0,0,0,0,0,0,0,0,0,0,0
C3010,29,11,0000,District - Haveri *  11,Rural,13,24801,12609,12192,17489,9610,7879,17489,9610,7879,0,0,0,0,0,0,0,0,0,0,0,0
C3010,29,11,0000,District - Haveri *  11,Rural,14,30806,16024,14782,17717,10313,7404,17717,10313,7404,0,0,0,0,0,0,0,0,0,0,0,0
C3010,29,11,0000,District - Haveri *  11,Rural,15-19,123960,67844,56116,38108,23909,14199,34484,21435,13049,3226,2217,1009,237,167,70,98,56,42,63,34,29
C3010,29,11,0000,District - Haveri *  11,Rural,20-24,102141,56260,45881,6581,4991,1590,2135,1551,584,4096,3204,892,198,148,50,38,24,14,114,64,50
C3010,29,11,0000,District - Haveri *  11,Rural,25-29,91480,45128,46352,789,656,133,0,0,0,466,420,46,162,137,25,46,37,9,115,62,53
C3010,29,11,0000,District - Haveri *  11,Rural,30-34,79730,39180,40550,261,189,72,0,0,0,77,69,8,44,32,12,25,21,4,115,67,48
C3010,29,11,0000,District - Haveri *  11,Rural,35-59,278390,144570,133820,495,285,210,0,0,0,50,45,5,63,44,19,47,34,13,335,162,173
C3010,29,11,0000,District - Haveri *  11,Rural,60+,82894,39026,43868,81,51,30,0,0,0,20,16,4,17,7,10,9,4,5,35,24,11
C3010,29,11,0000,District - Haveri *  11,Rural,Age not stated,1103,607,496,4,1,3,0,0,0,4,1,3,0,0,0,0,0,0,0,0,0
C3010,29,11,0000,District - Haveri *  11,Urban,All ages,299020,153534,145486,71586,38074,33512,64979,33955,31024,5359,3236,2123,1011,745,266,135,92,43,102,46,56
C3010,29,11,0000,District - Haveri *  11,Urban,0-4,28926,14835,14091,279,146,133,279,146,133,0,0,0,0,0,0,0,0,0,0,0,0
C3010,29,11,0000,District - Haveri *  11,Urban,5,6778,3569,3209,341,178,163,341,178,163,0,0,0,0,0,0,0,0,0,0,0,0
C3010,29,11,0000,District - Haveri *  11,Urban,6,6654,3366,3288,2209,1104,1105,2209,1104,1105,0,0,0,0,0,0,0,0,0,0,0,0
C3010,29,11,0000,District - Haveri *  11,Urban,7,5646,2843,2803,4655,2344,2311,4655,2344,2311,0,0,0,0,0,0,0,0,0,0,0,0
C3010,29,11,0000,District - Haveri *  11,Urban,8,7682,3862,3820,6958,3490,3468,6958,3490,3468,0,0,0,0,0,0,0,0,0,0,0,0
C3010,29,11,0000,District - Haveri *  11,Urban,9,6776,3386,3390,6336,3154,3182,6336,3154,3182,0,0,0,0,0,0,0,0,0,0,0,0
C3010,29,11,0000,District - Haveri *  11,Urban,10,8972,4595,4377,7885,4026,3859,7885,4026,3859,0,0,0,0,0,0,0,0,0,0,0,0
C3010,29,11,0000,District - Haveri *  11,Urban,11,6517,3294,3223,5835,2961,2874,5835,2961,2874,0,0,0,0,0,0,0,0,0,0,0,0
C3010,29,11,0000,District - Haveri *  11,Urban,12,8919,4604,4315,6930,3625,3305,6930,3625,3305,0,0,0,0,0,0,0,0,0,0,0,0
C3010,29,11,0000,District - Haveri *  11,Urban,13,6594,3447,3147,5132,2795,2337,5132,2795,2337,0,0,0,0,0,0,0,0,0,0,0,0
C3010,29,11,0000,District - Haveri *  11,Urban,14,8334,4374,3960,5562,3049,2513,5562,3049,2513,0,0,0,0,0,0,0,0,0,0,0,0
C3010,29,11,0000,District - Haveri *  11,Urban,15-19,33600,17735,15865,14691,8038,6653,12092,6575,5517,2162,1163,999,352,237,115,81,60,21,4,3,1
C3010,29,11,0000,District - Haveri *  11,Urban,20-24,28609,15476,13133,4190,2764,1426,765,508,257,2909,1864,1045,484,369,115,21,16,5,11,7,4
C3010,29,11,0000,District - Haveri *  11,Urban,25-29,24635,11936,12699,356,277,79,0,0,0,220,170,50,109,92,17,12,8,4,15,7,8
C3010,29,11,0000,District - Haveri *  11,Urban,30-34,20961,10443,10518,76,40,36,0,0,0,30,18,12,23,15,8,8,2,6,15,5,10
C3010,29,11,0000,District - Haveri *  11,Urban,35-59,71064,37201,33863,117,65,52,0,0,0,27,14,13,31,25,6,12,6,6,47,20,27
C3010,29,11,0000,District - Haveri *  11,Urban,60+,18139,8439,9700,32,17,15,0,0,0,10,7,3,11,6,5,1,0,1,10,4,6
C3010,29,11,0000,District - Haveri *  11,Urban,Age not stated,214,129,85,2,1,1,0,0,0,1,0,1,1,1,0,0,0,0,0,0,0
C3010,29,12,0000,District - Bellary  12,Total,All ages,2027140,1029714,997426,412025,236888,175137,381000,215085,165915,24958,17251,7707,4601,3575,1026,527,370,157,939,607,332
C3010,29,12,0000,District - Bellary  12,Total,0-4,213583,109615,103968,3119,1681,1438,3119,1681,1438,0,0,0,0,0,0,0,0,0,0,0,0
C3010,29,12,0000,District - Bellary  12,Total,5,52315,27029,25286,3751,1980,1771,3751,1980,1771,0,0,0,0,0,0,0,0,0,0,0,0
C3010,29,12,0000,District - Bellary  12,Total,6,53188,27248,25940,17453,9313,8140,17453,9313,8140,0,0,0,0,0,0,0,0,0,0,0,0
C3010,29,12,0000,District - Bellary  12,Total,7,46385,23661,22724,34055,17992,16063,34055,17992,16063,0,0,0,0,0,0,0,0,0,0,0,0
C3010,29,12,0000,District - Bellary  12,Total,8,60873,30493,30380,46336,24269,22067,46336,24269,22067,0,0,0,0,0,0,0,0,0,0,0,0
C3010,29,12,0000,District - Bellary  12,Total,9,51035,25964,25071,41820,22211,19609,41820,22211,19609,0,0,0,0,0,0,0,0,0,0,0,0
C3010,29,12,0000,District - Bellary  12,Total,10,68296,34574,33722,48554,26296,22258,48554,26296,22258,0,0,0,0,0,0,0,0,0,0,0,0
C3010,29,12,0000,District - Bellary  12,Total,11,42410,21706,20704,32095,17634,14461,32095,17634,14461,0,0,0,0,0,0,0,0,0,0,0,0
C3010,29,12,0000,District - Bellary  12,Total,12,64196,33106,31090,38118,21844,16274,38118,21844,16274,0,0,0,0,0,0,0,0,0,0,0,0
C3010,29,12,0000,District - Bellary  12,Total,13,45428,23465,21963,27661,16117,11544,27661,16117,11544,0,0,0,0,0,0,0,0,0,0,0,0
C3010,29,12,0000,District - Bellary  12,Total,14,51518,27091,24427,27087,16466,10621,27087,16466,10621,0,0,0,0,0,0,0,0,0,0,0,0
C3010,29,12,0000,District - Bellary  12,Total,15-19,205129,111258,93871,68446,43703,24743,56330,35872,20458,9884,6178,3706,1973,1493,480,168,97,71,91,63,28
C3010,29,12,0000,District - Bellary  12,Total,20-24,175498,91384,84114,19839,14535,5304,4621,3410,1211,13354,9703,3651,1596,1260,336,104,73,31,164,89,75
C3010,29,12,0000,District - Bellary  12,Total,25-29,165056,79241,85815,2274,1828,446,0,0,0,1266,1029,237,689,572,117,144,111,33,175,116,59
C3010,29,12,0000,District - Bellary  12,Total,30-34,137999,69289,68710,514,387,127,0,0,0,196,154,42,126,100,26,48,39,9,144,94,50
C3010,29,12,0000,District - Bellary  12,Total,35-59,463010,235747,227263,758,533,225,0,0,0,197,146,51,182,128,54,59,46,13,320,213,107
C3010,29,12,0000,District - Bellary  12,Total,60+,129718,57998,71720,131,89,42,0,0,0,51,35,16,31,18,13,4,4,0,45,32,13
C3010,29,12,0000,District - Bellary  12,Total,Age not stated,1503,845,658,14,10,4,0,0,0,10,6,4,4,4,0,0,0,0,0,0,0
C3010,29,12,0000,District - Bellary  12,Rural,All ages,1320290,668534,651756,245018,144554,100464,235394,136923,98471,7805,6288,1517,804,663,141,222,157,65,793,523,270
C3010,29,12,0000,District - Bellary  12,Rural,0-4,147951,75773,72178,1435,772,663,1435,772,663,0,0,0,0,0,0,0,0,0,0,0,0
C3010,29,12,0000,District - Bellary  12,Rural,5,36060,18534,17526,1636,875,761,1636,875,761,0,0,0,0,0,0,0,0,0,0,0,0
C3010,29,12,0000,District - Bellary  12,Rural,6,37181,18972,18209,10927,5919,5008,10927,5919,5008,0,0,0,0,0,0,0,0,0,0,0,0
C3010,29,12,0000,District - Bellary  12,Rural,7,30963,15705,15258,21642,11532,10110,21642,11532,10110,0,0,0,0,0,0,0,0,0,0,0,0
C3010,29,12,0000,District - Bellary  12,Rural,8,42116,21041,21075,30823,16269,14554,30823,16269,14554,0,0,0,0,0,0,0,0,0,0,0,0
C3010,29,12,0000,District - Bellary  12,Rural,9,36125,18394,17731,28854,15503,13351,28854,15503,13351,0,0,0,0,0,0,0,0,0,0,0,0
C3010,29,12,0000,District - Bellary  12,Rural,10,47376,23866,23510,31714,17497,14217,31714,17497,14217,0,0,0,0,0,0,0,0,0,0,0,0
C3010,29,12,0000,District - Bellary  12,Rural,11,29181,14935,14246,21009,11831,9178,21009,11831,9178,0,0,0,0,0,0,0,0,0,0,0,0
C3010,29,12,0000,District - Bellary  12,Rural,12,44417,22829,21588,23661,14100,9561,23661,14100,9561,0,0,0,0,0,0,0,0,0,0,0,0
C3010,29,12,0000,District - Bellary  12,Rural,13,30593,15916,14677,16672,10244,6428,16672,10244,6428,0,0,0,0,0,0,0,0,0,0,0,0
C3010,29,12,0000,District - Bellary  12,Rural,14,34986,18517,16469,15775,10280,5495,15775,10280,5495,0,0,0,0,0,0,0,0,0,0,0,0
C3010,29,12,0000,District - Bellary  12,Rural,15-19,129149,70892,58257,32554,22932,9622,28915,20225,8690,3196,2365,831,305,256,49,52,24,28,86,62,24
C3010,29,12,0000,District - Bellary  12,Rural,20-24,105709,54773,50936,6696,5498,1198,2331,1876,455,3998,3357,641,201,166,35,26,18,8,140,81,59
C3010,29,12,0000,District - Bellary  12,Rural,25-29,101761,48447,53314,883,766,117,0,0,0,487,456,31,169,148,21,74,59,15,153,103,50
C3010,29,12,0000,District - Bellary  12,Rural,30-34,87146,43170,43976,263,196,67,0,0,0,63,57,6,45,37,8,26,20,6,129,82,47
C3010,29,12,0000,District - Bellary  12,Rural,35-59,292035,147847,144188,405,292,113,0,0,0,44,41,3,70,47,23,41,33,8,250,171,79
C3010,29,12,0000,District - Bellary  12,Rural,60+,86603,38386,48217,66,45,21,0,0,0,15,10,5,13,8,5,3,3,0,35,24,11
C3010,29,12,0000,District - Bellary  12,Rural,Age not stated,938,537,401,3,3,0,0,0,0,2,2,0,1,1,0,0,0,0,0,0,0
C3010,29,12,0000,District - Bellary  12,Urban,All ages,706850,361180,345670,167007,92334,74673,145606,78162,67444,17153,10963,6190,3797,2912,885,305,213,92,146,84,62
C3010,29,12,0000,District - Bellary  12,Urban,0-4,65632,33842,31790,1684,909,775,1684,909,775,0,0,0,0,0,0,0,0,0,0,0,0
C3010,29,12,0000,District - Bellary  12,Urban,5,16255,8495,7760,2115,1105,1010,2115,1105,1010,0,0,0,0,0,0,0,0,0,0,0,0
C3010,29,12,0000,District - Bellary  12,Urban,6,16007,8276,7731,6526,3394,3132,6526,3394,3132,0,0,0,0,0,0,0,0,0,0,0,0
C3010,29,12,0000,District - Bellary  12,Urban,7,15422,7956,7466,12413,6460,5953,12413,6460,5953,0,0,0,0,0,0,0,0,0,0,0,0
C3010,29,12,0000,District - Bellary  12,Urban,8,18757,9452,9305,15513,8000,7513,15513,8000,7513,0,0,0,0,0,0,0,0,0,0,0,0
C3010,29,12,0000,District - Bellary  12,Urban,9,14910,7570,7340,12966,6708,6258,12966,6708,6258,0,0,0,0,0,0,0,0,0,0,0,0
C3010,29,12,0000,District - Bellary  12,Urban,10,20920,10708,10212,16840,8799,8041,16840,8799,8041,0,0,0,0,0,0,0,0,0,0,0,0
C3010,29,12,0000,District - Bellary  12,Urban,11,13229,6771,6458,11086,5803,5283,11086,5803,5283,0,0,0,0,0,0,0,0,0,0,0,0
C3010,29,12,0000,District - Bellary  12,Urban,12,19779,10277,9502,14457,7744,6713,14457,7744,6713,0,0,0,0,0,0,0,0,0,0,0,0
C3010,29,12,0000,District - Bellary  12,Urban,13,14835,7549,7286,10989,5873,5116,10989,5873,5116,0,0,0,0,0,0,0,0,0,0,0,0
C3010,29,12,0000,District - Bellary  12,Urban,14,16532,8574,7958,11312,6186,5126,11312,6186,5126,0,0,0,0,0,0,0,0,0,0,0,0
C3010,29,12,0000,District - Bellary  12,Urban,15-19,75980,40366,35614,35892,20771,15121,27415,15647,11768,6688,3813,2875,1668,1237,431,116,73,43,5,1,4
C3010,29,12,0000,District - Bellary  12,Urban,20-24,69789,36611,33178,13143,9037,4106,2290,1534,756,9356,6346,3010,1395,1094,301,78,55,23,24,8,16
C3010,29,12,0000,District - Bellary  12,Urban,25-29,63295,30794,32501,1391,1062,329,0,0,0,779,573,206,520,424,96,70,52,18,22,13,9
C3010,29,12,0000,District - Bellary  12,Urban,30-34,50853,26119,24734,251,191,60,0,0,0,133,97,36,81,63,18,22,19,3,15,12,3
C3010,29,12,0000,District - Bellary  12,Urban,35-59,170975,87900,83075,353,241,112,0,0,0,153,105,48,112,81,31,18,13,5,70,42,28
C3010,29,12,0000,District - Bellary  12,Urban,60+,43115,19612,23503,65,44,21,0,0,0,36,25,11,18,10,8,1,1,0,10,8,2
C3010,29,12,0000,District - Bellary  12,Urban,Age not stated,565,308,257,11,7,4,0,0,0,8,4,4,3,3,0,0,0,0,0,0,0
C3010,29,13,0000,District - Chitradurga  13,Total,All ages,1517896,776221,741675,332345,183650,148695,307048,166070,140978,21314,14747,6567,2908,2168,740,731,519,212,344,146,198
C3010,29,13,0000,District - Chitradurga  13,Total,0-4,135181,69331,65850,1780,958,822,1780,958,822,0,0,0,0,0,0,0,0,0,0,0,0
C3010,29,13,0000,District - Chitradurga  13,Total,5,33162,17214,15948,2473,1290,1183,2473,1290,1183,0,0,0,0,0,0,0,0,0,0,0,0
C3010,29,13,0000,District - Chitradurga  13,Total,6,31192,15967,15225,14274,7284,6990,14274,7284,6990,0,0,0,0,0,0,0,0,0,0,0,0
C3010,29,13,0000,District - Chitradurga  13,Total,7,28450,14483,13967,24260,12538,11722,24260,12538,11722,0,0,0,0,0,0,0,0,0,0,0,0
C3010,29,13,0000,District - Chitradurga  13,Total,8,35585,17921,17664,31792,16287,15505,31792,16287,15505,0,0,0,0,0,0,0,0,0,0,0,0
C3010,29,13,0000,District - Chitradurga  13,Total,9,34338,17313,17025,31791,16237,15554,31791,16237,15554,0,0,0,0,0,0,0,0,0,0,0,0
C3010,29,13,0000,District - Chitradurga  13,Total,10,41113,21020,20093,35366,18570,16796,35366,18570,16796,0,0,0,0,0,0,0,0,0,0,0,0
C3010,29,13,0000,District - Chitradurga  13,Total,11,29748,15046,14702,26316,13683,12633,26316,13683,12633,0,0,0,0,0,0,0,0,0,0,0,0
C3010,29,13,0000,District - Chitradurga  13,Total,12,40685,20443,20242,31440,16524,14916,31440,16524,14916,0,0,0,0,0,0,0,0,0,0,0,0
C3010,29,13,0000,District - Chitradurga  13,Total,13,33787,17549,16238,25977,14257,11720,25977,14257,11720,0,0,0,0,0,0,0,0,0,0,0,0
C3010,29,13,0000,District - Chitradurga  13,Total,14,37314,19792,17522,25460,14547,10913,25460,14547,10913,0,0,0,0,0,0,0,0,0,0,0,0
C3010,29,13,0000,District - Chitradurga  13,Total,15-19,154048,81958,72090,62750,37665,25085,52528,31372,21156,9175,5588,3587,935,635,300,101,65,36,11,5,6
C3010,29,13,0000,District - Chitradurga  13,Total,20-24,132059,68478,63581,15185,11096,4089,3591,2523,1068,10401,7677,2724,1082,830,252,80,51,29,31,15,16
C3010,29,13,0000,District - Chitradurga  13,Total,25-29,126242,60155,66087,1885,1557,328,0,0,0,1239,1077,162,439,350,89,163,118,45,44,12,32
C3010,29,13,0000,District - Chitradurga  13,Total,30-34,108566,53943,54623,571,430,141,0,0,0,234,194,40,147,118,29,127,93,34,63,25,38
C3010,29,13,0000,District - Chitradurga  13,Total,35-59,388741,201899,186842,881,626,255,0,0,0,224,181,43,261,207,54,244,180,64,152,58,94
C3010,29,13,0000,District - Chitradurga  13,Total,60+,126241,62894,63347,124,87,37,0,0,0,27,21,6,38,23,15,16,12,4,43,31,12
C3010,29,13,0000,District - Chitradurga  13,Total,Age not stated,1444,815,629,20,14,6,0,0,0,14,9,5,6,5,1,0,0,0,0,0,0
C3010,29,13,0000,District - Chitradurga  13,Rural,All ages,1243658,635442,608216,261427,145746,115681,245575,134006,111569,13102,9717,3385,1910,1507,403,531,393,138,309,123,186
C3010,29,13,0000,District - Chitradurga  13,Rural,0-4,112892,57962,54930,1292,701,591,1292,701,591,0,0,0,0,0,0,0,0,0,0,0,0
C3010,29,13,0000,District - Chitradurga  13,Rural,5,27543,14259,13284,1802,930,872,1802,930,872,0,0,0,0,0,0,0,0,0,0,0,0
C3010,29,13,0000,District - Chitradurga  13,Rural,6,25687,13103,12584,11728,5986,5742,11728,5986,5742,0,0,0,0,0,0,0,0,0,0,0,0
C3010,29,13,0000,District - Chitradurga  13,Rural,7,23027,11684,11343,19429,10050,9379,19429,10050,9379,0,0,0,0,0,0,0,0,0,0,0,0
C3010,29,13,0000,District - Chitradurga  13,Rural,8,29094,14634,14460,25731,13191,12540,25731,13191,12540,0,0,0,0,0,0,0,0,0,0,0,0
C3010,29,13,0000,District - Chitradurga  13,Rural,9,28910,14627,14283,26681,13712,12969,26681,13712,12969,0,0,0,0,0,0,0,0,0,0,0,0
C3010,29,13,0000,District - Chitradurga  13,Rural,10,33786,17283,16503,28700,15175,13525,28700,15175,13525,0,0,0,0,0,0,0,0,0,0,0,0
C3010,29,13,0000,District - Chitradurga  13,Rural,11,24528,12423,12105,21480,11264,10216,21480,11264,10216,0,0,0,0,0,0,0,0,0,0,0,0
C3010,29,13,0000,District - Chitradurga  13,Rural,12,33387,16741,16646,25192,13379,11813,25192,13379,11813,0,0,0,0,0,0,0,0,0,0,0,0
C3010,29,13,0000,District - Chitradurga  13,Rural,13,27785,14467,13318,20845,11579,9266,20845,11579,9266,0,0,0,0,0,0,0,0,0,0,0,0
C3010,29,13,0000,District - Chitradurga  13,Rural,14,30799,16289,14510,20292,11761,8531,20292,11761,8531,0,0,0,0,0,0,0,0,0,0,0,0
C3010,29,13,0000,District - Chitradurga  13,Rural,15-19,123738,65994,57744,46130,28558,17572,39661,24287,15374,5810,3790,2020,582,432,150,66,44,22,11,5,6
C3010,29,13,0000,District - Chitradurga  13,Rural,20-24,104756,54555,50201,9695,7536,2159,2742,1991,751,6150,4902,1248,726,593,133,50,36,14,27,14,13
C3010,29,13,0000,District - Chitradurga  13,Rural,25-29,101517,48522,52995,1270,1083,187,0,0,0,811,741,70,294,238,56,126,94,32,39,10,29
C3010,29,13,0000,District - Chitradurga  13,Rural,30-34,87796,43488,44308,421,321,100,0,0,0,159,139,20,104,84,20,102,78,24,56,20,36
C3010,29,13,0000,District - Chitradurga  13,Rural,35-59,318264,164388,153876,628,444,184,0,0,0,140,120,20,175,143,32,176,134,42,137,47,90
C3010,29,13,0000,District - Chitradurga  13,Rural,60+,108874,54301,54573,98,68,30,0,0,0,21,18,3,27,16,11,11,7,4,39,27,12
C3010,29,13,0000,District - Chitradurga  13,Rural,Age not stated,1275,722,553,13,8,5,0,0,0,11,7,4,2,1,1,0,0,0,0,0,0
C3010,29,13,0000,District - Chitradurga  13,Urban,All ages,274238,140779,133459,70918,37904,33014,61473,32064,29409,8212,5030,3182,998,661,337,200,126,74,35,23,12
C3010,29,13,0000,District - Chitradurga  13,Urban,0-4,22289,11369,10920,488,257,231,488,257,231,0,0,0,0,0,0,0,0,0,0,0,0
C3010,29,13,0000,District - Chitradurga  13,Urban,5,5619,2955,2664,671,360,311,671,360,311,0,0,0,0,0,0,0,0,0,0,0,0
C3010,29,13,0000,District - Chitradurga  13,Urban,6,5505,2864,2641,2546,1298,1248,2546,1298,1248,0,0,0,0,0,0,0,0,0,0,0,0
C3010,29,13,0000,District - Chitradurga  13,Urban,7,5423,2799,2624,4831,2488,2343,4831,2488,2343,0,0,0,0,0,0,0,0,0,0,0,0
C3010,29,13,0000,District - Chitradurga  13,Urban,8,6491,3287,3204,6061,3096,2965,6061,3096,2965,0,0,0,0,0,0,0,0,0,0,0,0
C3010,29,13,0000,District - Chitradurga  13,Urban,9,5428,2686,2742,5110,2525,2585,5110,2525,2585,0,0,0,0,0,0,0,0,0,0,0,0
C3010,29,13,0000,District - Chitradurga  13,Urban,10,7327,3737,3590,6666,3395,3271,6666,3395,3271,0,0,0,0,0,0,0,0,0,0,0,0
C3010,29,13,0000,District - Chitradurga  13,Urban,11,5220,2623,2597,4836,2419,2417,4836,2419,2417,0,0,0,0,0,0,0,0,0,0,0,0
C3010,29,13,0000,District - Chitradurga  13,Urban,12,7298,3702,3596,6248,3145,3103,6248,3145,3103,0,0,0,0,0,0,0,0,0,0,0,0
C3010,29,13,0000,District - Chitradurga  13,Urban,13,6002,3082,2920,5132,2678,2454,5132,2678,2454,0,0,0,0,0,0,0,0,0,0,0,0
C3010,29,13,0000,District - Chitradurga  13,Urban,14,6515,3503,3012,5168,2786,2382,5168,2786,2382,0,0,0,0,0,0,0,0,0,0,0,0
C3010,29,13,0000,District - Chitradurga  13,Urban,15-19,30310,15964,14346,16620,9107,7513,12867,7085,5782,3365,1798,1567,353,203,150,35,21,14,0,0,0
C3010,29,13,0000,District - Chitradurga  13,Urban,20-24,27303,13923,13380,5490,3560,1930,849,532,317,4251,2775,1476,356,237,119,30,15,15,4,1,3
C3010,29,13,0000,District - Chitradurga  13,Urban,25-29,24725,11633,13092,615,474,141,0,0,0,428,336,92,145,112,33,37,24,13,5,2,3
C3010,29,13,0000,District - Chitradurga  13,Urban,30-34,20770,10455,10315,150,109,41,0,0,0,75,55,20,43,34,9,25,15,10,7,5,2
C3010,29,13,0000,District - Chitradurga  13,Urban,35-59,70477,37511,32966,253,182,71,0,0,0,84,61,23,86,64,22,68,46,22,15,11,4
C3010,29,13,0000,District - Chitradurga  13,Urban,60+,17367,8593,8774,26,19,7,0,0,0,6,3,3,11,7,4,5,5,0,4,4,0
C3010,29,13,0000,District - Chitradurga  13,Urban,Age not stated,169,93,76,7,6,1,0,0,0,3,2,1,4,4,0,0,0,0,0,0,0
C3010,29,14,0000,District - Davanagere*  14,Total,All ages,1790952,917705,873247,395202,215556,179646,358776,191123,167653,28532,19108,9424,6663,4609,2054,756,502,254,475,214,261
C3010,29,14,0000,District - Davanagere*  14,Total,0-4,166484,85563,80921,2382,1229,1153,2382,1229,1153,0,0,0,0,0,0,0,0,0,0,0,0
C3010,29,14,0000,District - Davanagere*  14,Total,5,37924,19546,18378,2841,1462,1379,2841,1462,1379,0,0,0,0,0,0,0,0,0,0,0,0
C3010,29,14,0000,District - Davanagere*  14,Total,6,35867,18387,17480,15430,8022,7408,15430,8022,7408,0,0,0,0,0,0,0,0,0,0,0,0
C3010,29,14,0000,District - Davanagere*  14,Total,7,33576,17151,16425,28548,14739,13809,28548,14739,13809,0,0,0,0,0,0,0,0,0,0,0,0
C3010,29,14,0000,District - Davanagere*  14,Total,8,43033,21519,21514,38252,19319,18933,38252,19319,18933,0,0,0,0,0,0,0,0,0,0,0,0
C3010,29,14,0000,District - Davanagere*  14,Total,9,38726,19484,19242,35739,18174,17565,35739,18174,17565,0,0,0,0,0,0,0,0,0,0,0,0
C3010,29,14,0000,District - Davanagere*  14,Total,10,48345,24802,23543,41497,21561,19936,41497,21561,19936,0,0,0,0,0,0,0,0,0,0,0,0
C3010,29,14,0000,District - Davanagere*  14,Total,11,35040,17707,17333,30657,15824,14833,30657,15824,14833,0,0,0,0,0,0,0,0,0,0,0,0
C3010,29,14,0000,District - Davanagere*  14,Total,12,48577,24716,23861,37026,19455,17571,37026,19455,17571,0,0,0,0,0,0,0,0,0,0,0,0
C3010,29,14,0000,District - Davanagere*  14,Total,13,39808,20184,19624,30074,16037,14037,30074,16037,14037,0,0,0,0,0,0,0,0,0,0,0,0
C3010,29,14,0000,District - Davanagere*  14,Total,14,45498,23529,21969,29695,16374,13321,29695,16374,13321,0,0,0,0,0,0,0,0,0,0,0,0
C3010,29,14,0000,District - Davanagere*  14,Total,15-19,197021,104432,92589,77661,45208,32453,62823,36223,26600,12187,7295,4892,2411,1571,840,201,103,98,39,16,23
C3010,29,14,0000,District - Davanagere*  14,Total,20-24,169223,90415,78808,21140,14838,6302,3812,2704,1108,14578,10354,4224,2541,1679,862,113,66,47,96,35,61
C3010,29,14,0000,District - Davanagere*  14,Total,25-29,151682,73965,77717,2568,2024,544,0,0,0,1226,1032,194,1084,848,236,153,106,47,105,38,67
C3010,29,14,0000,District - Davanagere*  14,Total,30-34,126095,63252,62843,610,455,155,0,0,0,220,183,37,217,172,45,90,69,21,83,31,52
C3010,29,14,0000,District - Davanagere*  14,Total,35-59,440287,229178,211109,846,676,170,0,0,0,194,163,31,336,285,51,188,149,39,128,79,49
C3010,29,14,0000,District - Davanagere*  14,Total,60+,129992,61840,68152,136,96,40,0,0,0,57,42,15,48,33,15,9,7,2,22,14,8
C3010,29,14,0000,District - Davanagere*  14,Total,Age not stated,3774,2035,1739,100,63,37,0,0,0,70,39,31,26,21,5,2,2,0,2,1,1
C3010,29,14,0000,District - Davanagere*  14,Rural,All ages,1247954,637670,610284,257871,141813,116058,243298,131015,112283,12583,9401,3182,1129,882,247,428,317,111,433,198,235
C3010,29,14,0000,District - Davanagere*  14,Rural,0-4,118718,60949,57769,1448,763,685,1448,763,685,0,0,0,0,0,0,0,0,0,0,0,0
C3010,29,14,0000,District - Davanagere*  14,Rural,5,26819,13757,13062,1659,873,786,1659,873,786,0,0,0,0,0,0,0,0,0,0,0,0
C3010,29,14,0000,District - Davanagere*  14,Rural,6,24991,12726,12265,10958,5707,5251,10958,5707,5251,0,0,0,0,0,0,0,0,0,0,0,0
C3010,29,14,0000,District - Davanagere*  14,Rural,7,23023,11692,11331,19548,10068,9480,19548,10068,9480,0,0,0,0,0,0,0,0,0,0,0,0
C3010,29,14,0000,District - Davanagere*  14,Rural,8,29693,14818,14875,26292,13286,13006,26292,13286,13006,0,0,0,0,0,0,0,0,0,0,0,0
C3010,29,14,0000,District - Davanagere*  14,Rural,9,28017,14115,13902,25871,13189,12682,25871,13189,12682,0,0,0,0,0,0,0,0,0,0,0,0
C3010,29,14,0000,District - Davanagere*  14,Rural,10,33425,17073,16352,28397,14775,13622,28397,14775,13622,0,0,0,0,0,0,0,0,0,0,0,0
C3010,29,14,0000,District - Davanagere*  14,Rural,11,24726,12523,12203,21482,11206,10276,21482,11206,10276,0,0,0,0,0,0,0,0,0,0,0,0
C3010,29,14,0000,District - Davanagere*  14,Rural,12,33906,17133,16773,25097,13290,11807,25097,13290,11807,0,0,0,0,0,0,0,0,0,0,0,0
C3010,29,14,0000,District - Davanagere*  14,Rural,13,28186,14284,13902,20791,11246,9545,20791,11246,9545,0,0,0,0,0,0,0,0,0,0,0,0
C3010,29,14,0000,District - Davanagere*  14,Rural,14,32405,16726,15679,20206,11365,8841,20206,11365,8841,0,0,0,0,0,0,0,0,0,0,0,0
C3010,29,14,0000,District - Davanagere*  14,Rural,15-19,134065,71092,62973,45518,27702,17816,39123,23416,15707,5896,3943,1953,395,287,108,71,42,29,33,14,19
C3010,29,14,0000,District - Davanagere*  14,Rural,20-24,111604,59815,51789,8571,6703,1868,2426,1831,595,5759,4619,1140,246,191,55,51,29,22,89,33,56
C3010,29,14,0000,District - Davanagere*  14,Rural,25-29,104034,50663,53371,1057,875,182,0,0,0,637,584,53,227,186,41,95,69,26,98,36,62
C3010,29,14,0000,District - Davanagere*  14,Rural,30-34,87701,43891,43810,339,258,81,0,0,0,125,115,10,70,58,12,68,56,12,76,29,47
C3010,29,14,0000,District - Davanagere*  14,Rural,35-59,305720,158435,147285,526,427,99,0,0,0,111,101,10,166,141,25,133,113,20,116,72,44
C3010,29,14,0000,District - Davanagere*  14,Rural,60+,98323,46548,51775,73,52,21,0,0,0,25,19,6,20,14,6,8,6,2,20,13,7
C3010,29,14,0000,District - Davanagere*  14,Rural,Age not stated,2598,1430,1168,38,28,10,0,0,0,30,20,10,5,5,0,2,2,0,1,1,0
C3010,29,14,0000,District - Davanagere*  14,Urban,All ages,542998,280035,262963,137331,73743,63588,115478,60108,55370,15949,9707,6242,5534,3727,1807,328,185,143,42,16,26
C3010,29,14,0000,District - Davanagere*  14,Urban,0-4,47766,24614,23152,934,466,468,934,466,468,0,0,0,0,0,0,0,0,0,0,0,0
C3010,29,14,0000,District - Davanagere*  14,Urban,5,11105,5789,5316,1182,589,593,1182,589,593,0,0,0,0,0,0,0,0,0,0,0,0
C3010,29,14,0000,District - Davanagere*  14,Urban,6,10876,5661,5215,4472,2315,2157,4472,2315,2157,0,0,0,0,0,0,0,0,0,0,0,0
C3010,29,14,0000,District - Davanagere*  14,Urban,7,10553,5459,5094,9000,4671,4329,9000,4671,4329,0,0,0,0,0,0,0,0,0,0,0,0
C3010,29,14,0000,District - Davanagere*  14,Urban,8,13340,6701,6639,11960,6033,5927,11960,6033,5927,0,0,0,0,0,0,0,0,0,0,0,0
C3010,29,14,0000,District - Davanagere*  14,Urban,9,10709,5369,5340,9868,4985,4883,9868,4985,4883,0,0,0,0,0,0,0,0,0,0,0,0
C3010,29,14,0000,District - Davanagere*  14,Urban,10,14920,7729,7191,13100,6786,6314,13100,6786,6314,0,0,0,0,0,0,0,0,0,0,0,0
C3010,29,14,0000,District - Davanagere*  14,Urban,11,10314,5184,5130,9175,4618,4557,9175,4618,4557,0,0,0,0,0,0,0,0,0,0,0,0
C3010,29,14,0000,District - Davanagere*  14,Urban,12,14671,7583,7088,11929,6165,5764,11929,6165,5764,0,0,0,0,0,0,0,0,0,0,0,0
C3010,29,14,0000,District - Davanagere*  14,Urban,13,11622,5900,5722,9283,4791,4492,9283,4791,4492,0,0,0,0,0,0,0,0,0,0,0,0
C3010,29,14,0000,District - Davanagere*  14,Urban,14,13093,6803,6290,9489,5009,4480,9489,5009,4480,0,0,0,0,0,0,0,0,0,0,0,0
C3010,29,14,0000,District - Davanagere*  14,Urban,15-19,62956,33340,29616,32143,17506,14637,23700,12807,10893,6291,3352,2939,2016,1284,732,130,61,69,6,2,4
C3010,29,14,0000,District - Davanagere*  14,Urban,20-24,57619,30600,27019,12569,8135,4434,1386,873,513,8819,5735,3084,2295,1488,807,62,37,25,7,2,5
C3010,29,14,0000,District - Davanagere*  14,Urban,25-29,47648,23302,24346,1511,1149,362,0,0,0,589,448,141,857,662,195,58,37,21,7,2,5
C3010,29,14,0000,District - Davanagere*  14,Urban,30-34,38394,19361,19033,271,197,74,0,0,0,95,68,27,147,114,33,22,13,9,7,2,5
C3010,29,14,0000,District - Davanagere*  14,Urban,35-59,134567,70743,63824,320,249,71,0,0,0,83,62,21,170,144,26,55,36,19,12,7,5
C3010,29,14,0000,District - Davanagere*  14,Urban,60+,31669,15292,16377,63,44,19,0,0,0,32,23,9,28,19,9,1,1,0,2,1,1
C3010,29,14,0000,District - Davanagere*  14,Urban,Age not stated,1176,605,571,62,35,27,0,0,0,40,19,21,21,16,5,0,0,0,1,0,1
C3010,29,15,0000,District - Shimoga  15,Total,All ages,1642545,830559,811986,351350,183554,167796,319763,164548,155215,27283,16318,10965,3371,2201,1170,820,424,396,113,63,50
C3010,29,15,0000,District - Shimoga  15,Total,0-4,146012,74613,71399,1845,989,856,1845,989,856,0,0,0,0,0,0,0,0,0,0,0,0
C3010,29,15,0000,District - Shimoga  15,Total,5,32830,16789,16041,2758,1394,1364,2758,1394,1364,0,0,0,0,0,0,0,0,0,0,0,0
C3010,29,15,0000,District - Shimoga  15,Total,6,29321,15021,14300,14499,7347,7152,14499,7347,7152,0,0,0,0,0,0,0,0,0,0,0,0
C3010,29,15,0000,District - Shimoga  15,Total,7,29002,14743,14259,26071,13298,12773,26071,13298,12773,0,0,0,0,0,0,0,0,0,0,0,0
C3010,29,15,0000,District - Shimoga  15,Total,8,34439,17366,17073,32044,16235,15809,32044,16235,15809,0,0,0,0,0,0,0,0,0,0,0,0
C3010,29,15,0000,District - Shimoga  15,Total,9,32143,16217,15926,30621,15501,15120,30621,15501,15120,0,0,0,0,0,0,0,0,0,0,0,0
C3010,29,15,0000,District - Shimoga  15,Total,10,39737,20547,19190,36512,18996,17516,36512,18996,17516,0,0,0,0,0,0,0,0,0,0,0,0
C3010,29,15,0000,District - Shimoga  15,Total,11,30269,15292,14977,28046,14225,13821,28046,14225,13821,0,0,0,0,0,0,0,0,0,0,0,0
C3010,29,15,0000,District - Shimoga  15,Total,12,39679,20118,19561,33698,17226,16472,33698,17226,16472,0,0,0,0,0,0,0,0,0,0,0,0
C3010,29,15,0000,District - Shimoga  15,Total,13,33712,16925,16787,27775,14111,13664,27775,14111,13664,0,0,0,0,0,0,0,0,0,0,0,0
C3010,29,15,0000,District - Shimoga  15,Total,14,37521,18995,18526,26978,13890,13088,26978,13890,13088,0,0,0,0,0,0,0,0,0,0,0,0
C3010,29,15,0000,District - Shimoga  15,Total,15-19,174977,88515,86462,70746,37436,33310,56441,29773,26668,12383,6551,5832,1570,949,621,348,162,186,4,1,3
C3010,29,15,0000,District - Shimoga  15,Total,20-24,158918,80658,78260,17224,11011,6213,2475,1563,912,13546,8705,4841,1004,654,350,186,82,104,13,7,6
C3010,29,15,0000,District - Shimoga  15,Total,25-29,146600,70780,75820,1544,1228,316,0,0,0,984,805,179,409,328,81,134,87,47,17,8,9
C3010,29,15,0000,District - Shimoga  15,Total,30-34,123190,61893,61297,321,220,101,0,0,0,136,106,30,119,78,41,54,29,25,12,7,5
C3010,29,15,0000,District - Shimoga  15,Total,35-59,434280,225410,208870,556,385,171,0,0,0,171,117,54,239,178,61,86,56,30,60,34,26
C3010,29,15,0000,District - Shimoga  15,Total,60+,118638,55962,62676,86,51,35,0,0,0,41,25,16,27,13,14,11,7,4,7,6,1
C3010,29,15,0000,District - Shimoga  15,Total,Age not stated,1277,715,562,26,11,15,0,0,0,22,9,13,3,1,2,1,1,0,0,0,0
C3010,29,15,0000,District - Shimoga  15,Rural,All ages,1071535,540238,531297,213633,112987,100646,201384,104976,96408,10946,7153,3793,907,611,296,315,197,118,81,50,31
C3010,29,15,0000,District - Shimoga  15,Rural,0-4,99339,50784,48555,1081,581,500,1081,581,500,0,0,0,0,0,0,0,0,0,0,0,0
C3010,29,15,0000,District - Shimoga  15,Rural,5,22110,11283,10827,1494,750,744,1494,750,744,0,0,0,0,0,0,0,0,0,0,0,0
C3010,29,15,0000,District - Shimoga  15,Rural,6,19680,10052,9628,9884,5003,4881,9884,5003,4881,0,0,0,0,0,0,0,0,0,0,0,0
C3010,29,15,0000,District - Shimoga  15,Rural,7,18993,9599,9394,17009,8655,8354,17009,8655,8354,0,0,0,0,0,0,0,0,0,0,0,0
C3010,29,15,0000,District - Shimoga  15,Rural,8,22613,11428,11185,20839,10601,10238,20839,10601,10238,0,0,0,0,0,0,0,0,0,0,0,0
C3010,29,15,0000,District - Shimoga  15,Rural,9,21688,10987,10701,20555,10476,10079,20555,10476,10079,0,0,0,0,0,0,0,0,0,0,0,0
C3010,29,15,0000,District - Shimoga  15,Rural,10,25607,13294,12313,23209,12199,11010,23209,12199,11010,0,0,0,0,0,0,0,0,0,0,0,0
C3010,29,15,0000,District - Shimoga  15,Rural,11,19452,9788,9664,17850,9072,8778,17850,9072,8778,0,0,0,0,0,0,0,0,0,0,0,0
C3010,29,15,0000,District - Shimoga  15,Rural,12,25916,13138,12778,21502,11120,10382,21502,11120,10382,0,0,0,0,0,0,0,0,0,0,0,0
C3010,29,15,0000,District - Shimoga  15,Rural,13,21799,10968,10831,17466,9000,8466,17466,9000,8466,0,0,0,0,0,0,0,0,0,0,0,0
C3010,29,15,0000,District - Shimoga  15,Rural,14,25016,12727,12289,17135,9070,8065,17135,9070,8065,0,0,0,0,0,0,0,0,0,0,0,0
C3010,29,15,0000,District - Shimoga  15,Rural,15-19,112076,56437,55639,37688,20842,16846,32079,17600,14479,5155,2961,2194,345,210,135,109,71,38,0,0,0
C3010,29,15,0000,District - Shimoga  15,Rural,20-24,100528,50569,49959,6766,4735,2031,1281,849,432,5173,3685,1488,239,159,80,65,37,28,8,5,3
C3010,29,15,0000,District - Shimoga  15,Rural,25-29,95019,45466,49553,674,559,115,0,0,0,455,392,63,156,128,28,53,34,19,10,5,5
C3010,29,15,0000,District - Shimoga  15,Rural,30-34,80366,40332,40034,148,106,42,0,0,0,62,51,11,44,31,13,33,18,15,9,6,3
C3010,29,15,0000,District - Shimoga  15,Rural,35-59,278521,144372,134149,258,178,80,0,0,0,57,41,16,106,77,29,47,32,15,48,28,20
C3010,29,15,0000,District - Shimoga  15,Rural,60+,81871,38484,43387,52,31,21,0,0,0,24,16,8,15,5,10,7,4,3,6,6,0
C3010,29,15,0000,District - Shimoga  15,Rural,Age not stated,941,530,411,23,9,14,0,0,0,20,7,13,2,1,1,1,1,0,0,0,0
C3010,29,15,0000,District - Shimoga  15,Urban,All ages,571010,290321,280689,137717,70567,67150,118379,59572,58807,16337,9165,7172,2464,1590,874,505,227,278,32,13,19
C3010,29,15,0000,District - Shimoga  15,Urban,0-4,46673,23829,22844,764,408,356,764,408,356,0,0,0,0,0,0,0,0,0,0,0,0
C3010,29,15,0000,District - Shimoga  15,Urban,5,10720,5506,5214,1264,644,620,1264,644,620,0,0,0,0,0,0,0,0,0,0,0,0
C3010,29,15,0000,District - Shimoga  15,Urban,6,9641,4969,4672,4615,2344,2271,4615,2344,2271,0,0,0,0,0,0,0,0,0,0,0,0
C3010,29,15,0000,District - Shimoga  15,Urban,7,10009,5144,4865,9062,4643,4419,9062,4643,4419,0,0,0,0,0,0,0,0,0,0,0,0
C3010,29,15,0000,District - Shimoga  15,Urban,8,11826,5938,5888,11205,5634,5571,11205,5634,5571,0,0,0,0,0,0,0,0,0,0,0,0
C3010,29,15,0000,District - Shimoga  15,Urban,9,10455,5230,5225,10066,5025,5041,10066,5025,5041,0,0,0,0,0,0,0,0,0,0,0,0
C3010,29,15,0000,District - Shimoga  15,Urban,10,14130,7253,6877,13303,6797,6506,13303,6797,6506,0,0,0,0,0,0,0,0,0,0,0,0
C3010,29,15,0000,District - Shimoga  15,Urban,11,10817,5504,5313,10196,5153,5043,10196,5153,5043,0,0,0,0,0,0,0,0,0,0,0,0
C3010,29,15,0000,District - Shimoga  15,Urban,12,13763,6980,6783,12196,6106,6090,12196,6106,6090,0,0,0,0,0,0,0,0,0,0,0,0
C3010,29,15,0000,District - Shimoga  15,Urban,13,11913,5957,5956,10309,5111,5198,10309,5111,5198,0,0,0,0,0,0,0,0,0,0,0,0
C3010,29,15,0000,District - Shimoga  15,Urban,14,12505,6268,6237,9843,4820,5023,9843,4820,5023,0,0,0,0,0,0,0,0,0,0,0,0
C3010,29,15,0000,District - Shimoga  15,Urban,15-19,62901,32078,30823,33058,16594,16464,24362,12173,12189,7228,3590,3638,1225,739,486,239,91,148,4,1,3
C3010,29,15,0000,District - Shimoga  15,Urban,20-24,58390,30089,28301,10458,6276,4182,1194,714,480,8373,5020,3353,765,495,270,121,45,76,5,2,3
C3010,29,15,0000,District - Shimoga  15,Urban,25-29,51581,25314,26267,870,669,201,0,0,0,529,413,116,253,200,53,81,53,28,7,3,4
C3010,29,15,0000,District - Shimoga  15,Urban,30-34,42824,21561,21263,173,114,59,0,0,0,74,55,19,75,47,28,21,11,10,3,1,2
C3010,29,15,0000,District - Shimoga  15,Urban,35-59,155759,81038,74721,298,207,91,0,0,0,114,76,38,133,101,32,39,24,15,12,6,6
C3010,29,15,0000,District - Shimoga  15,Urban,60+,36767,17478,19289,34,20,14,0,0,0,17,9,8,12,8,4,4,3,1,1,0,1
C3010,29,15,0000,District - Shimoga  15,Urban,Age not stated,336,185,151,3,2,1,0,0,0,2,2,0,1,0,1,0,0,0,0,0,0
C3010,29,16,0000,District - Udupi *  16,Total,All ages,1112243,522231,590012,254734,131160,123574,229426,117597,111829,16929,8645,8284,7428,4373,3055,794,497,297,157,48,109
C3010,29,16,0000,District - Udupi *  16,Total,0-4,80845,41075,39770,1185,575,610,1185,575,610,0,0,0,0,0,0,0,0,0,0,0,0
C3010,29,16,0000,District - Udupi *  16,Total,5,18194,9468,8726,2386,1239,1147,2386,1239,1147,0,0,0,0,0,0,0,0,0,0,0,0
C3010,29,16,0000,District - Udupi *  16,Total,6,15542,7966,7576,8566,4392,4174,8566,4392,4174,0,0,0,0,0,0,0,0,0,0,0,0
C3010,29,16,0000,District - Udupi *  16,Total,7,17290,8828,8462,16159,8237,7922,16159,8237,7922,0,0,0,0,0,0,0,0,0,0,0,0
C3010,29,16,0000,District - Udupi *  16,Total,8,19846,10118,9728,19319,9865,9454,19319,9865,9454,0,0,0,0,0,0,0,0,0,0,0,0
C3010,29,16,0000,District - Udupi *  16,Total,9,20256,10244,10012,19913,10090,9823,19913,10090,9823,0,0,0,0,0,0,0,0,0,0,0,0
C3010,29,16,0000,District - Udupi *  16,Total,10,24371,12458,11913,23720,12183,11537,23720,12183,11537,0,0,0,0,0,0,0,0,0,0,0,0
C3010,29,16,0000,District - Udupi *  16,Total,11,20513,10515,9998,19953,10270,9683,19953,10270,9683,0,0,0,0,0,0,0,0,0,0,0,0
C3010,29,16,0000,District - Udupi *  16,Total,12,26360,13256,13104,25123,12760,12363,25123,12760,12363,0,0,0,0,0,0,0,0,0,0,0,0
C3010,29,16,0000,District - Udupi *  16,Total,13,23646,11784,11862,21783,11105,10678,21783,11105,10678,0,0,0,0,0,0,0,0,0,0,0,0
C3010,29,16,0000,District - Udupi *  16,Total,14,25207,12477,12730,21160,10941,10219,21160,10941,10219,0,0,0,0,0,0,0,0,0,0,0,0
C3010,29,16,0000,District - Udupi *  16,Total,15-19,125905,57121,68784,59897,30823,29074,48377,24955,23422,8077,3898,4179,2966,1672,1294,471,294,177,6,4,2
C3010,29,16,0000,District - Udupi *  16,Total,20-24,111561,49292,62269,13840,7597,6243,1782,985,797,8477,4513,3964,3352,1954,1398,208,137,71,21,8,13
C3010,29,16,0000,District - Udupi *  16,Total,25-29,92380,41410,50970,1095,715,380,0,0,0,231,158,73,774,507,267,68,43,25,22,7,15
C3010,29,16,0000,District - Udupi *  16,Total,30-34,75800,35557,40243,235,147,88,0,0,0,59,35,24,134,98,36,23,8,15,19,6,13
C3010,29,16,0000,District - Udupi *  16,Total,35-59,296152,138628,157524,346,195,151,0,0,0,68,36,32,172,124,48,21,13,8,85,22,63
C3010,29,16,0000,District - Udupi *  16,Total,60+,118017,51842,66175,45,20,25,0,0,0,14,4,10,25,14,11,2,1,1,4,1,3
C3010,29,16,0000,District - Udupi *  16,Total,Age not stated,358,192,166,9,6,3,0,0,0,3,1,2,5,4,1,1,1,0,0,0,0
C3010,29,16,0000,District - Udupi *  16,Rural,All ages,905890,421056,484834,205017,106004,99013,190147,97738,92409,10725,5623,5102,3409,2214,1195,595,385,210,141,44,97
C3010,29,16,0000,District - Udupi *  16,Rural,0-4,67309,34233,33076,791,376,415,791,376,415,0,0,0,0,0,0,0,0,0,0,0,0
C3010,29,16,0000,District - Udupi *  16,Rural,5,15211,7937,7274,1686,872,814,1686,872,814,0,0,0,0,0,0,0,0,0,0,0,0
C3010,29,16,0000,District - Udupi *  16,Rural,6,13124,6706,6418,7081,3640,3441,7081,3640,3441,0,0,0,0,0,0,0,0,0,0,0,0
C3010,29,16,0000,District - Udupi *  16,Rural,7,14284,7301,6983,13310,6795,6515,13310,6795,6515,0,0,0,0,0,0,0,0,0,0,0,0
C3010,29,16,0000,District - Udupi *  16,Rural,8,16676,8451,8225,16244,8249,7995,16244,8249,7995,0,0,0,0,0,0,0,0,0,0,0,0
C3010,29,16,0000,District - Udupi *  16,Rural,9,17020,8626,8394,16739,8500,8239,16739,8500,8239,0,0,0,0,0,0,0,0,0,0,0,0
C3010,29,16,0000,District - Udupi *  16,Rural,10,20566,10495,10071,20038,10270,9768,20038,10270,9768,0,0,0,0,0,0,0,0,0,0,0,0
C3010,29,16,0000,District - Udupi *  16,Rural,11,17327,8880,8447,16845,8669,8176,16845,8669,8176,0,0,0,0,0,0,0,0,0,0,0,0
C3010,29,16,0000,District - Udupi *  16,Rural,12,22296,11191,11105,21244,10783,10461,21244,10783,10461,0,0,0,0,0,0,0,0,0,0,0,0
C3010,29,16,0000,District - Udupi *  16,Rural,13,19917,9957,9960,18278,9378,8900,18278,9378,8900,0,0,0,0,0,0,0,0,0,0,0,0
C3010,29,16,0000,District - Udupi *  16,Rural,14,21258,10538,10720,17639,9213,8426,17639,9213,8426,0,0,0,0,0,0,0,0,0,0,0,0
C3010,29,16,0000,District - Udupi *  16,Rural,15-19,103684,46242,57442,46343,24248,22095,38821,20208,18613,5504,2695,2809,1622,1091,531,390,250,140,6,4,2
C3010,29,16,0000,District - Udupi *  16,Rural,20-24,88205,37913,50292,8076,4581,3495,1431,785,646,5009,2795,2214,1465,887,578,153,108,45,18,6,12
C3010,29,16,0000,District - Udupi *  16,Rural,25-29,72850,31952,40898,391,270,121,0,0,0,128,89,39,211,156,55,33,18,15,19,7,12
C3010,29,16,0000,District - Udupi *  16,Rural,30-34,59936,27550,32386,94,52,42,0,0,0,26,12,14,40,31,9,11,4,7,17,5,12
C3010,29,16,0000,District - Udupi *  16,Rural,35-59,238261,110086,128175,189,91,98,0,0,0,46,28,18,58,38,20,7,4,3,78,21,57
C3010,29,16,0000,District - Udupi *  16,Rural,60+,97678,42842,54836,25,14,11,0,0,0,10,3,7,11,9,2,1,1,0,3,1,2
C3010,29,16,0000,District - Udupi *  16,Rural,Age not stated,288,156,132,4,3,1,0,0,0,2,1,1,2,2,0,0,0,0,0,0,0
C3010,29,16,0000,District - Udupi *  16,Urban,All ages,206353,101175,105178,49717,25156,24561,39279,19859,19420,6204,3022,3182,4019,2159,1860,199,112,87,16,4,12
C3010,29,16,0000,District - Udupi *  16,Urban,0-4,13536,6842,6694,394,199,195,394,199,195,0,0,0,0,0,0,0,0,0,0,0,0
C3010,29,16,0000,District - Udupi *  16,Urban,5,2983,1531,1452,700,367,333,700,367,333,0,0,0,0,0,0,0,0,0,0,0,0
C3010,29,16,0000,District - Udupi *  16,Urban,6,2418,1260,1158,1485,752,733,1485,752,733,0,0,0,0,0,0,0,0,0,0,0,0
C3010,29,16,0000,District - Udupi *  16,Urban,7,3006,1527,1479,2849,1442,1407,2849,1442,1407,0,0,0,0,0,0,0,0,0,0,0,0
C3010,29,16,0000,District - Udupi *  16,Urban,8,3170,1667,1503,3075,1616,1459,3075,1616,1459,0,0,0,0,0,0,0,0,0,0,0,0
C3010,29,16,0000,District - Udupi *  16,Urban,9,3236,1618,1618,3174,1590,1584,3174,1590,1584,0,0,0,0,0,0,0,0,0,0,0,0
C3010,29,16,0000,District - Udupi *  16,Urban,10,3805,1963,1842,3682,1913,1769,3682,1913,1769,0,0,0,0,0,0,0,0,0,0,0,0
C3010,29,16,0000,District - Udupi *  16,Urban,11,3186,1635,1551,3108,1601,1507,3108,1601,1507,0,0,0,0,0,0,0,0,0,0,0,0
C3010,29,16,0000,District - Udupi *  16,Urban,12,4064,2065,1999,3879,1977,1902,3879,1977,1902,0,0,0,0,0,0,0,0,0,0,0,0
C3010,29,16,0000,District - Udupi *  16,Urban,13,3729,1827,1902,3505,1727,1778,3505,1727,1778,0,0,0,0,0,0,0,0,0,0,0,0
C3010,29,16,0000,District - Udupi *  16,Urban,14,3949,1939,2010,3521,1728,1793,3521,1728,1793,0,0,0,0,0,0,0,0,0,0,0,0
C3010,29,16,0000,District - Udupi *  16,Urban,15-19,22221,10879,11342,13554,6575,6979,9556,4747,4809,2573,1203,1370,1344,581,763,81,44,37,0,0,0
C3010,29,16,0000,District - Udupi *  16,Urban,20-24,23356,11379,11977,5764,3016,2748,351,200,151,3468,1718,1750,1887,1067,820,55,29,26,3,2,1
C3010,29,16,0000,District - Udupi *  16,Urban,25-29,19530,9458,10072,704,445,259,0,0,0,103,69,34,563,351,212,35,25,10,3,0,3
C3010,29,16,0000,District - Udupi *  16,Urban,30-34,15864,8007,7857,141,95,46,0,0,0,33,23,10,94,67,27,12,4,8,2,1,1
C3010,29,16,0000,District - Udupi *  16,Urban,35-59,57891,28542,29349,157,104,53,0,0,0,22,8,14,114,86,28,14,9,5,7,1,6
C3010,29,16,0000,District - Udupi *  16,Urban,60+,20339,9000,11339,20,6,14,0,0,0,4,1,3,14,5,9,1,0,1,1,0,1
C3010,29,16,0000,District - Udupi *  16,Urban,Age not stated,70,36,34,5,3,2,0,0,0,1,0,1,3,2,1,1,1,0,0,0,0
C3010,29,17,0000,District - Chikmagalur  17,Total,All ages,1140905,574911,565994,230902,121413,109489,213360,110587,102773,14512,8835,5677,2224,1480,744,631,430,201,175,81,94
C3010,29,17,0000,District - Chikmagalur  17,Total,0-4,97475,49693,47782,1547,798,749,1547,798,749,0,0,0,0,0,0,0,0,0,0,0,0
C3010,29,17,0000,District - Chikmagalur  17,Total,5,21610,11182,10428,1886,1020,866,1886,1020,866,0,0,0,0,0,0,0,0,0,0,0,0
C3010,29,17,0000,District - Chikmagalur  17,Total,6,19559,9904,9655,10064,5076,4988,10064,5076,4988,0,0,0,0,0,0,0,0,0,0,0,0
C3010,29,17,0000,District - Chikmagalur  17,Total,7,19151,9787,9364,16833,8692,8141,16833,8692,8141,0,0,0,0,0,0,0,0,0,0,0,0
C3010,29,17,0000,District - Chikmagalur  17,Total,8,22443,11330,11113,20294,10348,9946,20294,10348,9946,0,0,0,0,0,0,0,0,0,0,0,0
C3010,29,17,0000,District - Chikmagalur  17,Total,9,21516,10992,10524,20108,10331,9777,20108,10331,9777,0,0,0,0,0,0,0,0,0,0,0,0
C3010,29,17,0000,District - Chikmagalur  17,Total,10,26712,13585,13127,23756,12238,11518,23756,12238,11518,0,0,0,0,0,0,0,0,0,0,0,0
C3010,29,17,0000,District - Chikmagalur  17,Total,11,20428,10314,10114,18683,9570,9113,18683,9570,9113,0,0,0,0,0,0,0,0,0,0,0,0
C3010,29,17,0000,District - Chikmagalur  17,Total,12,27197,13514,13683,22841,11608,11233,22841,11608,11233,0,0,0,0,0,0,0,0,0,0,0,0
C3010,29,17,0000,District - Chikmagalur  17,Total,13,23039,11533,11506,19091,9771,9320,19091,9771,9320,0,0,0,0,0,0,0,0,0,0,0,0
C3010,29,17,0000,District - Chikmagalur  17,Total,14,24983,12739,12244,18430,9696,8734,18430,9696,8734,0,0,0,0,0,0,0,0,0,0,0,0
C3010,29,17,0000,District - Chikmagalur  17,Total,15-19,116636,58275,58361,46187,24896,21291,37861,20248,17613,7172,3909,3263,892,553,339,256,183,73,6,3,3
C3010,29,17,0000,District - Chikmagalur  17,Total,20-24,108374,53498,54876,9481,6182,3299,1966,1191,775,6673,4403,2270,719,520,199,104,64,40,19,4,15
C3010,29,17,0000,District - Chikmagalur  17,Total,25-29,102954,48133,54821,801,593,208,0,0,0,440,353,87,241,168,73,93,59,34,27,13,14
C3010,29,17,0000,District - Chikmagalur  17,Total,30-34,87682,43660,44022,264,167,97,0,0,0,82,66,16,94,51,43,63,40,23,25,10,15
C3010,29,17,0000,District - Chikmagalur  17,Total,35-59,309222,161610,147612,532,361,171,0,0,0,106,76,30,236,162,74,108,80,28,82,43,39
C3010,29,17,0000,District - Chikmagalur  17,Total,60+,90312,44222,46090,90,54,36,0,0,0,26,17,9,41,25,16,7,4,3,16,8,8
C3010,29,17,0000,District - Chikmagalur  17,Total,Age not stated,1612,940,672,14,12,2,0,0,0,13,11,2,1,1,0,0,0,0,0,0,0
C3010,29,17,0000,District - Chikmagalur  17,Rural,All ages,918181,461286,456895,176235,93344,82891,165020,86230,78790,9364,5934,3430,1191,744,447,509,364,145,151,72,79
C3010,29,17,0000,District - Chikmagalur  17,Rural,0-4,79624,40569,39055,1103,560,543,1103,560,543,0,0,0,0,0,0,0,0,0,0,0,0
C3010,29,17,0000,District - Chikmagalur  17,Rural,5,17411,8962,8449,1289,691,598,1289,691,598,0,0,0,0,0,0,0,0,0,0,0,0
C3010,29,17,0000,District - Chikmagalur  17,Rural,6,15779,8013,7766,8182,4168,4014,8182,4168,4014,0,0,0,0,0,0,0,0,0,0,0,0
C3010,29,17,0000,District - Chikmagalur  17,Rural,7,15154,7724,7430,13165,6800,6365,13165,6800,6365,0,0,0,0,0,0,0,0,0,0,0,0
C3010,29,17,0000,District - Chikmagalur  17,Rural,8,17763,8908,8855,15845,8036,7809,15845,8036,7809,0,0,0,0,0,0,0,0,0,0,0,0
C3010,29,17,0000,District - Chikmagalur  17,Rural,9,17457,8948,8509,16242,8380,7862,16242,8380,7862,0,0,0,0,0,0,0,0,0,0,0,0
C3010,29,17,0000,District - Chikmagalur  17,Rural,10,21163,10819,10344,18589,9654,8935,18589,9654,8935,0,0,0,0,0,0,0,0,0,0,0,0
C3010,29,17,0000,District - Chikmagalur  17,Rural,11,16107,8157,7950,14612,7532,7080,14612,7532,7080,0,0,0,0,0,0,0,0,0,0,0,0
C3010,29,17,0000,District - Chikmagalur  17,Rural,12,21526,10669,10857,17757,9077,8680,17757,9077,8680,0,0,0,0,0,0,0,0,0,0,0,0
C3010,29,17,0000,District - Chikmagalur  17,Rural,13,18004,8993,9011,14635,7535,7100,14635,7535,7100,0,0,0,0,0,0,0,0,0,0,0,0
C3010,29,17,0000,District - Chikmagalur  17,Rural,14,19928,10156,9772,14327,7637,6690,14327,7637,6690,0,0,0,0,0,0,0,0,0,0,0,0
C3010,29,17,0000,District - Chikmagalur  17,Rural,15-19,92320,45940,46380,33301,18449,14852,27840,15276,12564,4735,2705,2030,500,303,197,221,163,58,5,2,3
C3010,29,17,0000,District - Chikmagalur  17,Rural,20-24,86195,42241,43954,5982,3962,2020,1434,884,550,4162,2847,1315,289,174,115,82,54,28,15,3,12
C3010,29,17,0000,District - Chikmagalur  17,Rural,25-29,82607,38521,44086,544,416,128,0,0,0,308,257,51,144,102,42,67,46,21,25,11,14
C3010,29,17,0000,District - Chikmagalur  17,Rural,30-34,70137,34915,35222,209,134,75,0,0,0,63,50,13,71,39,32,52,36,16,23,9,14
C3010,29,17,0000,District - Chikmagalur  17,Rural,35-59,249322,129424,119898,368,256,112,0,0,0,64,50,14,152,104,48,82,61,21,70,41,29
C3010,29,17,0000,District - Chikmagalur  17,Rural,60+,76290,37509,38781,73,46,27,0,0,0,21,15,6,34,21,13,5,4,1,13,6,7
C3010,29,17,0000,District - Chikmagalur  17,Rural,Age not stated,1394,818,576,12,11,1,0,0,0,11,10,1,1,1,0,0,0,0,0,0,0
C3010,29,17,0000,District - Chikmagalur  17,Urban,All ages,222724,113625,109099,54667,28069,26598,48340,24357,23983,5148,2901,2247,1033,736,297,122,66,56,24,9,15
C3010,29,17,0000,District - Chikmagalur  17,Urban,0-4,17851,9124,8727,444,238,206,444,238,206,0,0,0,0,0,0,0,0,0,0,0,0
C3010,29,17,0000,District - Chikmagalur  17,Urban,5,4199,2220,1979,597,329,268,597,329,268,0,0,0,0,0,0,0,0,0,0,0,0
C3010,29,17,0000,District - Chikmagalur  17,Urban,6,3780,1891,1889,1882,908,974,1882,908,974,0,0,0,0,0,0,0,0,0,0,0,0
C3010,29,17,0000,District - Chikmagalur  17,Urban,7,3997,2063,1934,3668,1892,1776,3668,1892,1776,0,0,0,0,0,0,0,0,0,0,0,0
C3010,29,17,0000,District - Chikmagalur  17,Urban,8,4680,2422,2258,4449,2312,2137,4449,2312,2137,0,0,0,0,0,0,0,0,0,0,0,0
C3010,29,17,0000,District - Chikmagalur  17,Urban,9,4059,2044,2015,3866,1951,1915,3866,1951,1915,0,0,0,0,0,0,0,0,0,0,0,0
C3010,29,17,0000,District - Chikmagalur  17,Urban,10,5549,2766,2783,5167,2584,2583,5167,2584,2583,0,0,0,0,0,0,0,0,0,0,0,0
C3010,29,17,0000,District - Chikmagalur  17,Urban,11,4321,2157,2164,4071,2038,2033,4071,2038,2033,0,0,0,0,0,0,0,0,0,0,0,0
C3010,29,17,0000,District - Chikmagalur  17,Urban,12,5671,2845,2826,5084,2531,2553,5084,2531,2553,0,0,0,0,0,0,0,0,0,0,0,0
C3010,29,17,0000,District - Chikmagalur  17,Urban,13,5035,2540,2495,4456,2236,2220,4456,2236,2220,0,0,0,0,0,0,0,0,0,0,0,0
C3010,29,17,0000,District - Chikmagalur  17,Urban,14,5055,2583,2472,4103,2059,2044,4103,2059,2044,0,0,0,0,0,0,0,0,0,0,0,0
C3010,29,17,0000,District - Chikmagalur  17,Urban,15-19,24316,12335,11981,12886,6447,6439,10021,4972,5049,2437,1204,1233,392,250,142,35,20,15,1,1,0
C3010,29,17,0000,District - Chikmagalur  17,Urban,20-24,22179,11257,10922,3499,2220,1279,532,307,225,2511,1556,955,430,346,84,22,10,12,4,1,3
C3010,29,17,0000,District - Chikmagalur  17,Urban,25-29,20347,9612,10735,257,177,80,0,0,0,132,96,36,97,66,31,26,13,13,2,2,0
C3010,29,17,0000,District - Chikmagalur  17,Urban,30-34,17545,8745,8800,55,33,22,0,0,0,19,16,3,23,12,11,11,4,7,2,1,1
C3010,29,17,0000,District - Chikmagalur  17,Urban,35-59,59900,32186,27714,164,105,59,0,0,0,42,26,16,84,58,26,26,19,7,12,2,10
C3010,29,17,0000,District - Chikmagalur  17,Urban,60+,14022,6713,7309,17,8,9,0,0,0,5,2,3,7,4,3,2,0,2,3,2,1
C3010,29,17,0000,District - Chikmagalur  17,Urban,Age not stated,218,122,96,2,1,1,0,0,0,2,1,1,0,0,0,0,0,0,0,0,0
C3010,29,18,0000,District - Tumkur  18,Total,All ages,2584711,1313801,1270910,552465,299472,252993,514883,273833,241050,29175,19895,9280,7076,4971,2105,920,589,331,411,184,227
C3010,29,18,0000,District - Tumkur  18,Total,0-4,213120,109254,103866,2821,1447,1374,2821,1447,1374,0,0,0,0,0,0,0,0,0,0,0,0
C3010,29,18,0000,District - Tumkur  18,Total,5,49489,25334,24155,4503,2285,2218,4503,2285,2218,0,0,0,0,0,0,0,0,0,0,0,0
C3010,29,18,0000,District - Tumkur  18,Total,6,45553,23491,22062,23501,12138,11363,23501,12138,11363,0,0,0,0,0,0,0,0,0,0,0,0
C3010,29,18,0000,District - Tumkur  18,Total,7,44286,22482,21804,39665,20237,19428,39665,20237,19428,0,0,0,0,0,0,0,0,0,0,0,0
C3010,29,18,0000,District - Tumkur  18,Total,8,53971,27019,26952,50426,25324,25102,50426,25324,25102,0,0,0,0,0,0,0,0,0,0,0,0
C3010,29,18,0000,District - Tumkur  18,Total,9,53074,27087,25987,50569,25988,24581,50569,25988,24581,0,0,0,0,0,0,0,0,0,0,0,0
C3010,29,18,0000,District - Tumkur  18,Total,10,62129,31995,30134,56041,29076,26965,56041,29076,26965,0,0,0,0,0,0,0,0,0,0,0,0
C3010,29,18,0000,District - Tumkur  18,Total,11,49270,25611,23659,45476,23850,21626,45476,23850,21626,0,0,0,0,0,0,0,0,0,0,0,0
C3010,29,18,0000,District - Tumkur  18,Total,12,65812,33427,32385,54722,28262,26460,54722,28262,26460,0,0,0,0,0,0,0,0,0,0,0,0
C3010,29,18,0000,District - Tumkur  18,Total,13,57761,29932,27829,47116,25325,21791,47116,25325,21791,0,0,0,0,0,0,0,0,0,0,0,0
C3010,29,18,0000,District - Tumkur  18,Total,14,62091,32619,29472,45286,24843,20443,45286,24843,20443,0,0,0,0,0,0,0,0,0,0,0,0
C3010,29,18,0000,District - Tumkur  18,Total,15-19,264448,138402,126046,103954,60144,43810,88936,50901,38035,12004,7345,4659,2750,1751,999,254,142,112,10,5,5
C3010,29,18,0000,District - Tumkur  18,Total,20-24,226542,117989,108553,23629,16950,6679,5821,4157,1664,14982,10811,4171,2643,1885,758,150,86,64,33,11,22
C3010,29,18,0000,District - Tumkur  18,Total,25-29,211650,100318,111332,2572,2052,520,0,0,0,1423,1166,257,914,746,168,177,124,53,58,16,42
C3010,29,18,0000,District - Tumkur  18,Total,30-34,186092,91260,94832,708,501,207,0,0,0,294,229,65,248,195,53,106,63,43,60,14,46
C3010,29,18,0000,District - Tumkur  18,Total,35-59,702171,360615,341556,1262,903,359,0,0,0,389,279,110,440,340,100,219,167,52,214,117,97
C3010,29,18,0000,District - Tumkur  18,Total,60+,234917,115637,119280,177,128,49,0,0,0,70,59,11,58,41,17,14,7,7,35,21,14
C3010,29,18,0000,District - Tumkur  18,Total,Age not stated,2335,1329,1006,37,19,18,0,0,0,13,6,7,23,13,10,0,0,0,1,0,1
C3010,29,18,0000,District - Tumkur  18,Rural,All ages,2077509,1052113,1025396,425760,231329,194431,406460,217650,188810,15929,11467,4462,2384,1616,768,622,435,187,365,161,204
C3010,29,18,0000,District - Tumkur  18,Rural,0-4,171699,87992,83707,1633,857,776,1633,857,776,0,0,0,0,0,0,0,0,0,0,0,0
C3010,29,18,0000,District - Tumkur  18,Rural,5,39622,20197,19425,2662,1349,1313,2662,1349,1313,0,0,0,0,0,0,0,0,0,0,0,0
C3010,29,18,0000,District - Tumkur  18,Rural,6,36828,19046,17782,18913,9822,9091,18913,9822,9091,0,0,0,0,0,0,0,0,0,0,0,0
C3010,29,18,0000,District - Tumkur  18,Rural,7,34932,17693,17239,31275,15946,15329,31275,15946,15329,0,0,0,0,0,0,0,0,0,0,0,0
C3010,29,18,0000,District - Tumkur  18,Rural,8,42756,21462,21294,39970,20181,19789,39970,20181,19789,0,0,0,0,0,0,0,0,0,0,0,0
C3010,29,18,0000,District - Tumkur  18,Rural,9,43500,22225,21275,41479,21395,20084,41479,21395,20084,0,0,0,0,0,0,0,0,0,0,0,0
C3010,29,18,0000,District - Tumkur  18,Rural,10,49382,25312,24070,44619,23174,21445,44619,23174,21445,0,0,0,0,0,0,0,0,0,0,0,0
C3010,29,18,0000,District - Tumkur  18,Rural,11,39906,20894,19012,36952,19628,17324,36952,19628,17324,0,0,0,0,0,0,0,0,0,0,0,0
C3010,29,18,0000,District - Tumkur  18,Rural,12,52940,26847,26093,43976,22902,21074,43976,22902,21074,0,0,0,0,0,0,0,0,0,0,0,0
C3010,29,18,0000,District - Tumkur  18,Rural,13,46998,24445,22553,38166,20793,17373,38166,20793,17373,0,0,0,0,0,0,0,0,0,0,0,0
C3010,29,18,0000,District - Tumkur  18,Rural,14,50789,26692,24097,36840,20463,16377,36840,20463,16377,0,0,0,0,0,0,0,0,0,0,0,0
C3010,29,18,0000,District - Tumkur  18,Rural,15-19,208145,108289,99856,74552,43771,30781,66216,38421,27795,7295,4722,2573,877,531,346,156,92,64,8,5,3
C3010,29,18,0000,District - Tumkur  18,Rural,20-24,174323,90263,84060,11990,8890,3100,3759,2719,1040,7460,5721,1739,667,387,280,80,57,23,24,6,18
C3010,29,18,0000,District - Tumkur  18,Rural,25-29,166196,78855,87341,1452,1222,230,0,0,0,846,744,102,434,371,63,118,92,26,54,15,39
C3010,29,18,0000,District - Tumkur  18,Rural,30-34,146854,71943,74911,432,318,114,0,0,0,149,128,21,142,123,19,87,55,32,54,12,42
C3010,29,18,0000,District - Tumkur  18,Rural,35-59,569243,289739,279504,724,532,192,0,0,0,135,118,17,226,179,47,170,133,37,193,102,91
C3010,29,18,0000,District - Tumkur  18,Rural,60+,201498,99138,102360,102,69,33,0,0,0,36,29,7,24,13,11,11,6,5,31,21,10
C3010,29,18,0000,District - Tumkur  18,Rural,Age not stated,1898,1081,817,23,17,6,0,0,0,8,5,3,14,12,2,0,0,0,1,0,1
C3010,29,18,0000,District - Tumkur  18,Urban,All ages,507202,261688,245514,126705,68143,58562,108423,56183,52240,13246,8428,4818,4692,3355,1337,298,154,144,46,23,23
C3010,29,18,0000,District - Tumkur  18,Urban,0-4,41421,21262,20159,1188,590,598,1188,590,598,0,0,0,0,0,0,0,0,0,0,0,0
C3010,29,18,0000,District - Tumkur  18,Urban,5,9867,5137,4730,1841,936,905,1841,936,905,0,0,0,0,0,0,0,0,0,0,0,0
C3010,29,18,0000,District - Tumkur  18,Urban,6,8725,4445,4280,4588,2316,2272,4588,2316,2272,0,0,0,0,0,0,0,0,0,0,0,0
C3010,29,18,0000,District - Tumkur  18,Urban,7,9354,4789,4565,8390,4291,4099,8390,4291,4099,0,0,0,0,0,0,0,0,0,0,0,0
C3010,29,18,0000,District - Tumkur  18,Urban,8,11215,5557,5658,10456,5143,5313,10456,5143,5313,0,0,0,0,0,0,0,0,0,0,0,0
C3010,29,18,0000,District - Tumkur  18,Urban,9,9574,4862,4712,9090,4593,4497,9090,4593,4497,0,0,0,0,0,0,0,0,0,0,0,0
C3010,29,18,0000,District - Tumkur  18,Urban,10,12747,6683,6064,11422,5902,5520,11422,5902,5520,0,0,0,0,0,0,0,0,0,0,0,0
C3010,29,18,0000,District - Tumkur  18,Urban,11,9364,4717,4647,8524,4222,4302,8524,4222,4302,0,0,0,0,0,0,0,0,0,0,0,0
C3010,29,18,0000,District - Tumkur  18,Urban,12,12872,6580,6292,10746,5360,5386,10746,5360,5386,0,0,0,0,0,0,0,0,0,0,0,0
C3010,29,18,0000,District - Tumkur  18,Urban,13,10763,5487,5276,8950,4532,4418,8950,4532,4418,0,0,0,0,0,0,0,0,0,0,0,0
C3010,29,18,0000,District - Tumkur  18,Urban,14,11302,5927,5375,8446,4380,4066,8446,4380,4066,0,0,0,0,0,0,0,0,0,0,0,0
C3010,29,18,0000,District - Tumkur  18,Urban,15-19,56303,30113,26190,29402,16373,13029,22720,12480,10240,4709,2623,2086,1873,1220,653,98,50,48,2,0,2
C3010,29,18,0000,District - Tumkur  18,Urban,20-24,52219,27726,24493,11639,8060,3579,2062,1438,624,7522,5090,2432,1976,1498,478,70,29,41,9,5,4
C3010,29,18,0000,District - Tumkur  18,Urban,25-29,45454,21463,23991,1120,830,290,0,0,0,577,422,155,480,375,105,59,32,27,4,1,3
C3010,29,18,0000,District - Tumkur  18,Urban,30-34,39238,19317,19921,276,183,93,0,0,0,145,101,44,106,72,34,19,8,11,6,2,4
C3010,29,18,0000,District - Tumkur  18,Urban,35-59,132928,70876,62052,538,371,167,0,0,0,254,161,93,214,161,53,49,34,15,21,15,6
C3010,29,18,0000,District - Tumkur  18,Urban,60+,33419,16499,16920,75,59,16,0,0,0,34,30,4,34,28,6,3,1,2,4,0,4
C3010,29,18,0000,District - Tumkur  18,Urban,Age not stated,437,248,189,14,2,12,0,0,0,5,1,4,9,1,8,0,0,0,0,0,0
C3010,29,19,0000,District - Kolar  19,Total,All ages,2536069,1286193,1249876,558740,304879,253861,516650,276302,240348,33680,23279,10401,6011,3866,2145,1649,1059,590,750,373,377
C3010,29,19,0000,District - Kolar  19,Total,0-4,230185,117017,113168,4143,2190,1953,4143,2190,1953,0,0,0,0,0,0,0,0,0,0,0,0
C3010,29,19,0000,District - Kolar  19,Total,5,54759,28328,26431,6505,3352,3153,6505,3352,3153,0,0,0,0,0,0,0,0,0,0,0,0
C3010,29,19,0000,District - Kolar  19,Total,6,51525,26383,25142,25819,13275,12544,25819,13275,12544,0,0,0,0,0,0,0,0,0,0,0,0
C3010,29,19,0000,District - Kolar  19,Total,7,50369,25384,24985,43888,22261,21627,43888,22261,21627,0,0,0,0,0,0,0,0,0,0,0,0
C3010,29,19,0000,District - Kolar  19,Total,8,61469,30569,30900,55922,28192,27730,55922,28192,27730,0,0,0,0,0,0,0,0,0,0,0,0
C3010,29,19,0000,District - Kolar  19,Total,9,56137,28032,28105,52311,26446,25865,52311,26446,25865,0,0,0,0,0,0,0,0,0,0,0,0
C3010,29,19,0000,District - Kolar  19,Total,10,69157,35009,34148,60351,31226,29125,60351,31226,29125,0,0,0,0,0,0,0,0,0,0,0,0
C3010,29,19,0000,District - Kolar  19,Total,11,49882,25348,24534,44700,23192,21508,44700,23192,21508,0,0,0,0,0,0,0,0,0,0,0,0
C3010,29,19,0000,District - Kolar  19,Total,12,67999,34628,33371,53848,28725,25123,53848,28725,25123,0,0,0,0,0,0,0,0,0,0,0,0
C3010,29,19,0000,District - Kolar  19,Total,13,54162,27504,26658,42413,22814,19599,42413,22814,19599,0,0,0,0,0,0,0,0,0,0,0,0
C3010,29,19,0000,District - Kolar  19,Total,14,58310,30445,27865,41016,23031,17985,41016,23031,17985,0,0,0,0,0,0,0,0,0,0,0,0
C3010,29,19,0000,District - Kolar  19,Total,15-19,247541,129787,117754,96597,57580,39017,79923,47414,32509,13906,8609,5297,2209,1251,958,516,287,229,43,19,24
C3010,29,19,0000,District - Kolar  19,Total,20-24,222346,114734,107612,25357,18126,7231,5811,4184,1627,17030,12411,4619,1997,1200,797,433,294,139,86,37,49
C3010,29,19,0000,District - Kolar  19,Total,25-29,218052,102980,115072,3498,2793,705,0,0,0,2025,1707,318,1000,798,202,343,230,113,130,58,72
C3010,29,19,0000,District - Kolar  19,Total,30-34,180901,89860,91041,890,667,223,0,0,0,355,281,74,302,249,53,140,94,46,93,43,50
C3010,29,19,0000,District - Kolar  19,Total,35-59,646204,333054,313150,1259,860,399,0,0,0,282,210,72,443,326,117,201,141,60,333,183,150
C3010,29,19,0000,District - Kolar  19,Total,60+,214823,105878,108945,186,117,69,0,0,0,54,38,16,52,34,18,16,13,3,64,32,32
C3010,29,19,0000,District - Kolar  19,Total,Age not stated,2248,1253,995,37,32,5,0,0,0,28,23,5,8,8,0,0,0,0,1,1,0
C3010,29,19,0000,District - Kolar  19,Rural,All ages,1910546,968253,942293,402231,222894,179337,380334,206350,173984,18071,13823,4248,2495,1917,578,727,492,235,604,312,292
C3010,29,19,0000,District - Kolar  19,Rural,0-4,175403,89028,86375,2471,1323,1148,2471,1323,1148,0,0,0,0,0,0,0,0,0,0,0,0
C3010,29,19,0000,District - Kolar  19,Rural,5,41539,21466,20073,3685,1930,1755,3685,1930,1755,0,0,0,0,0,0,0,0,0,0,0,0
C3010,29,19,0000,District - Kolar  19,Rural,6,39115,19979,19136,19155,9890,9265,19155,9890,9265,0,0,0,0,0,0,0,0,0,0,0,0
C3010,29,19,0000,District - Kolar  19,Rural,7,36856,18499,18357,31922,16196,15726,31922,16196,15726,0,0,0,0,0,0,0,0,0,0,0,0
C3010,29,19,0000,District - Kolar  19,Rural,8,46377,23064,23313,42038,21301,20737,42038,21301,20737,0,0,0,0,0,0,0,0,0,0,0,0
C3010,29,19,0000,District - Kolar  19,Rural,9,43327,21523,21804,40343,20390,19953,40343,20390,19953,0,0,0,0,0,0,0,0,0,0,0,0
C3010,29,19,0000,District - Kolar  19,Rural,10,51985,26164,25821,45082,23406,21676,45082,23406,21676,0,0,0,0,0,0,0,0,0,0,0,0
C3010,29,19,0000,District - Kolar  19,Rural,11,37593,19043,18550,33672,17548,16124,33672,17548,16124,0,0,0,0,0,0,0,0,0,0,0,0
C3010,29,19,0000,District - Kolar  19,Rural,12,51583,26169,25414,40305,21788,18517,40305,21788,18517,0,0,0,0,0,0,0,0,0,0,0,0
C3010,29,19,0000,District - Kolar  19,Rural,13,40986,21018,19968,31716,17494,14222,31716,17494,14222,0,0,0,0,0,0,0,0,0,0,0,0
C3010,29,19,0000,District - Kolar  19,Rural,14,44439,23438,21001,30675,17771,12904,30675,17771,12904,0,0,0,0,0,0,0,0,0,0,0,0
C3010,29,19,0000,District - Kolar  19,Rural,15-19,180780,95913,84867,63993,40265,23728,55187,34217,20970,7793,5347,2446,817,593,224,162,90,72,34,18,16
C3010,29,19,0000,District - Kolar  19,Rural,20-24,159274,82608,76666,13518,10654,2864,4083,3096,987,8602,6966,1636,655,494,161,109,69,40,69,29,40
C3010,29,19,0000,District - Kolar  19,Rural,25-29,160654,75915,84739,2119,1814,305,0,0,0,1279,1173,106,523,442,81,211,151,60,106,48,58
C3010,29,19,0000,District - Kolar  19,Rural,30-34,134571,66398,68173,592,469,123,0,0,0,213,187,26,202,175,27,97,69,28,80,38,42
C3010,29,19,0000,District - Kolar  19,Rural,35-59,489682,250042,239640,830,575,255,0,0,0,148,124,24,270,193,77,139,106,33,273,152,121
C3010,29,19,0000,District - Kolar  19,Rural,60+,174680,87050,87630,103,70,33,0,0,0,25,17,8,27,19,8,9,7,2,42,27,15
C3010,29,19,0000,District - Kolar  19,Rural,Age not stated,1702,936,766,12,10,2,0,0,0,11,9,2,1,1,0,0,0,0,0,0,0
C3010,29,19,0000,District - Kolar  19,Urban,All ages,625523,317940,307583,156509,81985,74524,136316,69952,66364,15609,9456,6153,3516,1949,1567,922,567,355,146,61,85
C3010,29,19,0000,District - Kolar  19,Urban,0-4,54782,27989,26793,1672,867,805,1672,867,805,0,0,0,0,0,0,0,0,0,0,0,0
C3010,29,19,0000,District - Kolar  19,Urban,5,13220,6862,6358,2820,1422,1398,2820,1422,1398,0,0,0,0,0,0,0,0,0,0,0,0
C3010,29,19,0000,District - Kolar  19,Urban,6,12410,6404,6006,6664,3385,3279,6664,3385,3279,0,0,0,0,0,0,0,0,0,0,0,0
C3010,29,19,0000,District - Kolar  19,Urban,7,13513,6885,6628,11966,6065,5901,11966,6065,5901,0,0,0,0,0,0,0,0,0,0,0,0
C3010,29,19,0000,District - Kolar  19,Urban,8,15092,7505,7587,13884,6891,6993,13884,6891,6993,0,0,0,0,0,0,0,0,0,0,0,0
C3010,29,19,0000,District - Kolar  19,Urban,9,12810,6509,6301,11968,6056,5912,11968,6056,5912,0,0,0,0,0,0,0,0,0,0,0,0
C3010,29,19,0000,District - Kolar  19,Urban,10,17172,8845,8327,15269,7820,7449,15269,7820,7449,0,0,0,0,0,0,0,0,0,0,0,0
C3010,29,19,0000,District - Kolar  19,Urban,11,12289,6305,5984,11028,5644,5384,11028,5644,5384,0,0,0,0,0,0,0,0,0,0,0,0
C3010,29,19,0000,District - Kolar  19,Urban,12,16416,8459,7957,13543,6937,6606,13543,6937,6606,0,0,0,0,0,0,0,0,0,0,0,0
C3010,29,19,0000,District - Kolar  19,Urban,13,13176,6486,6690,10697,5320,5377,10697,5320,5377,0,0,0,0,0,0,0,0,0,0,0,0
C3010,29,19,0000,District - Kolar  19,Urban,14,13871,7007,6864,10341,5260,5081,10341,5260,5081,0,0,0,0,0,0,0,0,0,0,0,0
C3010,29,19,0000,District - Kolar  19,Urban,15-19,66761,33874,32887,32604,17315,15289,24736,13197,11539,6113,3262,2851,1392,658,734,354,197,157,9,1,8
C3010,29,19,0000,District - Kolar  19,Urban,20-24,63072,32126,30946,11839,7472,4367,1728,1088,640,8428,5445,2983,1342,706,636,324,225,99,17,8,9
C3010,29,19,0000,District - Kolar  19,Urban,25-29,57398,27065,30333,1379,979,400,0,0,0,746,534,212,477,356,121,132,79,53,24,10,14
C3010,29,19,0000,District - Kolar  19,Urban,30-34,46330,23462,22868,298,198,100,0,0,0,142,94,48,100,74,26,43,25,18,13,5,8
C3010,29,19,0000,District - Kolar  19,Urban,35-59,156522,83012,73510,429,285,144,0,0,0,134,86,48,173,133,40,62,35,27,60,31,29
C3010,29,19,0000,District - Kolar  19,Urban,60+,40143,18828,21315,83,47,36,0,0,0,29,21,8,25,15,10,7,6,1,22,5,17
C3010,29,19,0000,District - Kolar  19,Urban,Age not stated,546,317,229,25,22,3,0,0,0,17,14,3,7,7,0,0,0,0,1,1,0
C3010,29,20,0000,District - Bangalore  20,Total,All ages,6537124,3426599,3110525,1467790,775634,692156,1235400,634115,601285,188578,113438,75140,32400,21707,10693,8594,5206,3388,2818,1168,1650
C3010,29,20,0000,District - Bangalore  20,Total,0-4,533851,274618,259233,28459,14531,13928,28459,14531,13928,0,0,0,0,0,0,0,0,0,0,0,0
C3010,29,20,0000,District - Bangalore  20,Total,5,124500,64419,60081,36499,18857,17642,36499,18857,17642,0,0,0,0,0,0,0,0,0,0,0,0
C3010,29,20,0000,District - Bangalore  20,Total,6,114189,58611,55578,61867,31654,30213,61867,31654,30213,0,0,0,0,0,0,0,0,0,0,0,0
C3010,29,20,0000,District - Bangalore  20,Total,7,114255,58449,55806,99125,50687,48438,99125,50687,48438,0,0,0,0,0,0,0,0,0,0,0,0
C3010,29,20,0000,District - Bangalore  20,Total,8,128977,64718,64259,117484,58990,58494,117484,58990,58494,0,0,0,0,0,0,0,0,0,0,0,0
C3010,29,20,0000,District - Bangalore  20,Total,9,108155,54184,53971,100388,50122,50266,100388,50122,50266,0,0,0,0,0,0,0,0,0,0,0,0
C3010,29,20,0000,District - Bangalore  20,Total,10,148532,76421,72111,133314,68451,64863,133314,68451,64863,0,0,0,0,0,0,0,0,0,0,0,0
C3010,29,20,0000,District - Bangalore  20,Total,11,106745,54605,52140,97446,49787,47659,97446,49787,47659,0,0,0,0,0,0,0,0,0,0,0,0
C3010,29,20,0000,District - Bangalore  20,Total,12,137558,70690,66868,118366,60453,57913,118366,60453,57913,0,0,0,0,0,0,0,0,0,0,0,0
C3010,29,20,0000,District - Bangalore  20,Total,13,115022,57632,57390,97398,48715,48683,97398,48715,48683,0,0,0,0,0,0,0,0,0,0,0,0
C3010,29,20,0000,District - Bangalore  20,Total,14,118172,60681,57491,93636,48235,45401,93636,48235,45401,0,0,0,0,0,0,0,0,0,0,0,0
C3010,29,20,0000,District - Bangalore  20,Total,15-19,647572,334832,312740,316997,167623,149374,235092,123689,111403,68351,36172,32179,10927,6480,4447,2460,1203,1257,167,79,88
C3010,29,20,0000,District - Bangalore  20,Total,20-24,764736,407287,357449,131870,83315,48555,16326,9944,6382,102684,65071,37613,10321,6853,3468,2142,1300,842,397,147,250
C3010,29,20,0000,District - Bangalore  20,Total,25-29,730270,375740,354530,20047,14526,5521,0,0,0,11425,8300,3125,5807,4386,1421,2239,1636,603,576,204,372
C3010,29,20,0000,District - Bangalore  20,Total,30-34,551082,298143,252939,5332,3469,1863,0,0,0,2449,1599,850,1708,1243,465,676,431,245,499,196,303
C3010,29,20,0000,District - Bangalore  20,Total,35-59,1673760,902562,771198,8042,5193,2849,0,0,0,2890,1797,1093,3140,2359,781,954,562,392,1058,475,583
C3010,29,20,0000,District - Bangalore  20,Total,60+,411338,208306,203032,1281,850,431,0,0,0,678,428,250,377,287,90,106,69,37,120,66,54
C3010,29,20,0000,District - Bangalore  20,Total,Age not stated,8410,4701,3709,239,176,63,0,0,0,101,71,30,120,99,21,17,5,12,1,1,0
C3010,29,20,0000,District - Bangalore  20,Rural,All ages,777137,406201,370936,164134,87613,76521,151888,79495,72393,8483,6068,2415,1488,1137,351,327,213,114,1948,700,1248
C3010,29,20,0000,District - Bangalore  20,Rural,0-4,70260,35913,34347,1588,769,819,1588,769,819,0,0,0,0,0,0,0,0,0,0,0,0
C3010,29,20,0000,District - Bangalore  20,Rural,5,16130,8383,7747,2351,1246,1105,2351,1246,1105,0,0,0,0,0,0,0,0,0,0,0,0
C3010,29,20,0000,District - Bangalore  20,Rural,6,15120,7670,7450,7746,3970,3776,7746,3970,3776,0,0,0,0,0,0,0,0,0,0,0,0
C3010,29,20,0000,District - Bangalore  20,Rural,7,14688,7499,7189,12778,6535,6243,12778,6535,6243,0,0,0,0,0,0,0,0,0,0,0,0
C3010,29,20,0000,District - Bangalore  20,Rural,8,17114,8555,8559,15568,7828,7740,15568,7828,7740,0,0,0,0,0,0,0,0,0,0,0,0
C3010,29,20,0000,District - Bangalore  20,Rural,9,15256,7626,7630,14266,7163,7103,14266,7163,7103,0,0,0,0,0,0,0,0,0,0,0,0
C3010,29,20,0000,District - Bangalore  20,Rural,10,19793,10213,9580,17704,9173,8531,17704,9173,8531,0,0,0,0,0,0,0,0,0,0,0,0
C3010,29,20,0000,District - Bangalore  20,Rural,11,14175,7058,7117,13022,6531,6491,13022,6531,6491,0,0,0,0,0,0,0,0,0,0,0,0
C3010,29,20,0000,District - Bangalore  20,Rural,12,19296,9814,9482,16310,8408,7902,16310,8408,7902,0,0,0,0,0,0,0,0,0,0,0,0
C3010,29,20,0000,District - Bangalore  20,Rural,13,15179,7717,7462,12659,6582,6077,12659,6582,6077,0,0,0,0,0,0,0,0,0,0,0,0
C3010,29,20,0000,District - Bangalore  20,Rural,14,16054,8315,7739,12192,6522,5670,12192,6522,5670,0,0,0,0,0,0,0,0,0,0,0,0
C3010,29,20,0000,District - Bangalore  20,Rural,15-19,78917,40928,37989,28407,16400,12007,23977,13572,10405,3598,2270,1328,642,470,172,98,55,43,92,33,59
C3010,29,20,0000,District - Bangalore  20,Rural,20-24,84703,45822,38881,6724,4908,1816,1727,1196,531,4185,3209,976,467,373,94,71,45,26,274,85,189
C3010,29,20,0000,District - Bangalore  20,Rural,25-29,80853,41079,39774,1208,797,411,0,0,0,506,445,61,207,167,40,82,62,20,413,123,290
C3010,29,20,0000,District - Bangalore  20,Rural,30-34,59023,31624,27399,553,270,283,0,0,0,85,71,14,69,50,19,21,15,6,378,134,244
C3010,29,20,0000,District - Bangalore  20,Rural,35-59,184935,99571,85364,961,453,508,0,0,0,82,56,26,93,69,24,50,32,18,736,296,440
C3010,29,20,0000,District - Bangalore  20,Rural,60+,54453,27789,26664,85,53,32,0,0,0,17,13,4,10,8,2,3,3,0,55,29,26
C3010,29,20,0000,District - Bangalore  20,Rural,Age not stated,1188,625,563,12,5,7,0,0,0,10,4,6,0,0,0,2,1,1,0,0,0
C3010,29,20,0000,District - Bangalore  20,Urban,All ages,5759987,3020398,2739589,1303656,688021,615635,1083512,554620,528892,180095,107370,72725,30912,20570,10342,8267,4993,3274,870,468,402
C3010,29,20,0000,District - Bangalore  20,Urban,0-4,463591,238705,224886,26871,13762,13109,26871,13762,13109,0,0,0,0,0,0,0,0,0,0,0,0
C3010,29,20,0000,District - Bangalore  20,Urban,5,108370,56036,52334,34148,17611,16537,34148,17611,16537,0,0,0,0,0,0,0,0,0,0,0,0
C3010,29,20,0000,District - Bangalore  20,Urban,6,99069,50941,48128,54121,27684,26437,54121,27684,26437,0,0,0,0,0,0,0,0,0,0,0,0
C3010,29,20,0000,District - Bangalore  20,Urban,7,99567,50950,48617,86347,44152,42195,86347,44152,42195,0,0,0,0,0,0,0,0,0,0,0,0
C3010,29,20,0000,District - Bangalore  20,Urban,8,111863,56163,55700,101916,51162,50754,101916,51162,50754,0,0,0,0,0,0,0,0,0,0,0,0
C3010,29,20,0000,District - Bangalore  20,Urban,9,92899,46558,46341,86122,42959,43163,86122,42959,43163,0,0,0,0,0,0,0,0,0,0,0,0
C3010,29,20,0000,District - Bangalore  20,Urban,10,128739,66208,62531,115610,59278,56332,115610,59278,56332,0,0,0,0,0,0,0,0,0,0,0,0
C3010,29,20,0000,District - Bangalore  20,Urban,11,92570,47547,45023,84424,43256,41168,84424,43256,41168,0,0,0,0,0,0,0,0,0,0,0,0
C3010,29,20,0000,District - Bangalore  20,Urban,12,118262,60876,57386,102056,52045,50011,102056,52045,50011,0,0,0,0,0,0,0,0,0,0,0,0
C3010,29,20,0000,District - Bangalore  20,Urban,13,99843,49915,49928,84739,42133,42606,84739,42133,42606,0,0,0,0,0,0,0,0,0,0,0,0
C3010,29,20,0000,District - Bangalore  20,Urban,14,102118,52366,49752,81444,41713,39731,81444,41713,39731,0,0,0,0,0,0,0,0,0,0,0,0
C3010,29,20,0000,District - Bangalore  20,Urban,15-19,568655,293904,274751,288590,151223,137367,211115,110117,100998,64753,33902,30851,10285,6010,4275,2362,1148,1214,75,46,29
C3010,29,20,0000,District - Bangalore  20,Urban,20-24,680033,361465,318568,125146,78407,46739,14599,8748,5851,98499,61862,36637,9854,6480,3374,2071,1255,816,123,62,61
C3010,29,20,0000,District - Bangalore  20,Urban,25-29,649417,334661,314756,18839,13729,5110,0,0,0,10919,7855,3064,5600,4219,1381,2157,1574,583,163,81,82
C3010,29,20,0000,District - Bangalore  20,Urban,30-34,492059,266519,225540,4779,3199,1580,0,0,0,2364,1528,836,1639,1193,446,655,416,239,121,62,59
C3010,29,20,0000,District - Bangalore  20,Urban,35-59,1488825,802991,685834,7081,4740,2341,0,0,0,2808,1741,1067,3047,2290,757,904,530,374,322,179,143
C3010,29,20,0000,District - Bangalore  20,Urban,60+,356885,180517,176368,1196,797,399,0,0,0,661,415,246,367,279,88,103,66,37,65,37,28
C3010,29,20,0000,District - Bangalore  20,Urban,Age not stated,7222,4076,3146,227,171,56,0,0,0,91,67,24,120,99,21,15,4,11,1,1,0
C3010,29,21,0000,District - Bangalore Rural  21,Total,All ages,1881514,962183,919331,405630,218958,186672,379441,200178,179263,21755,15641,6114,3172,2417,755,709,437,272,553,285,268
C3010,29,21,0000,District - Bangalore Rural  21,Total,0-4,157343,80698,76645,2211,1122,1089,2211,1122,1089,0,0,0,0,0,0,0,0,0,0,0,0
C3010,29,21,0000,District - Bangalore Rural  21,Total,5,35163,18244,16919,3143,1625,1518,3143,1625,1518,0,0,0,0,0,0,0,0,0,0,0,0
C3010,29,21,0000,District - Bangalore Rural  21,Total,6,33112,17230,15882,16509,8669,7840,16509,8669,7840,0,0,0,0,0,0,0,0,0,0,0,0
C3010,29,21,0000,District - Bangalore Rural  21,Total,7,33005,16789,16216,29062,14868,14194,29062,14868,14194,0,0,0,0,0,0,0,0,0,0,0,0
C3010,29,21,0000,District - Bangalore Rural  21,Total,8,40321,20384,19937,37632,19118,18514,37632,19118,18514,0,0,0,0,0,0,0,0,0,0,0,0
C3010,29,21,0000,District - Bangalore Rural  21,Total,9,39937,20324,19613,37984,19389,18595,37984,19389,18595,0,0,0,0,0,0,0,0,0,0,0,0
C3010,29,21,0000,District - Bangalore Rural  21,Total,10,47147,24140,23007,42733,21994,20739,42733,21994,20739,0,0,0,0,0,0,0,0,0,0,0,0
C3010,29,21,0000,District - Bangalore Rural  21,Total,11,37092,19032,18060,34174,17663,16511,34174,17663,16511,0,0,0,0,0,0,0,0,0,0,0,0
C3010,29,21,0000,District - Bangalore Rural  21,Total,12,48646,24756,23890,40907,21164,19743,40907,21164,19743,0,0,0,0,0,0,0,0,0,0,0,0
C3010,29,21,0000,District - Bangalore Rural  21,Total,13,41792,20969,20823,34400,17729,16671,34400,17729,16671,0,0,0,0,0,0,0,0,0,0,0,0
C3010,29,21,0000,District - Bangalore Rural  21,Total,14,45780,23629,22151,33999,18267,15732,33999,18267,15732,0,0,0,0,0,0,0,0,0,0,0,0
C3010,29,21,0000,District - Bangalore Rural  21,Total,15-19,198338,103148,95190,74701,43584,31117,62771,35808,26963,10400,6697,3703,1313,960,353,188,109,79,29,10,19
C3010,29,21,0000,District - Bangalore Rural  21,Total,20-24,174148,93230,80918,14990,11333,3657,3916,2762,1154,9894,7707,2187,982,766,216,139,68,71,59,30,29
C3010,29,21,0000,District - Bangalore Rural  21,Total,25-29,163189,79463,83726,1727,1401,326,0,0,0,1070,914,156,419,344,75,146,104,42,92,39,53
C3010,29,21,0000,District - Bangalore Rural  21,Total,30-34,133470,66862,66608,458,323,135,0,0,0,151,124,27,135,102,33,89,59,30,83,38,45
C3010,29,21,0000,District - Bangalore Rural  21,Total,35-59,483395,249238,234157,841,592,249,0,0,0,183,152,31,273,214,59,137,92,45,248,134,114
C3010,29,21,0000,District - Bangalore Rural  21,Total,60+,167652,82959,84693,147,108,39,0,0,0,47,39,8,48,30,18,10,5,5,42,34,8
C3010,29,21,0000,District - Bangalore Rural  21,Total,Age not stated,1984,1088,896,12,9,3,0,0,0,10,8,2,2,1,1,0,0,0,0,0,0
C3010,29,21,0000,District - Bangalore Rural  21,Rural,All ages,1474118,752077,722041,312893,170456,142437,295681,157484,138197,14606,11135,3471,1615,1273,342,499,315,184,492,249,243
C3010,29,21,0000,District - Bangalore Rural  21,Rural,0-4,121526,62253,59273,1551,810,741,1551,810,741,0,0,0,0,0,0,0,0,0,0,0,0
C3010,29,21,0000,District - Bangalore Rural  21,Rural,5,26823,13878,12945,2104,1084,1020,2104,1084,1020,0,0,0,0,0,0,0,0,0,0,0,0
C3010,29,21,0000,District - Bangalore Rural  21,Rural,6,25342,13162,12180,13038,6843,6195,13038,6843,6195,0,0,0,0,0,0,0,0,0,0,0,0
C3010,29,21,0000,District - Bangalore Rural  21,Rural,7,24884,12700,12184,22126,11375,10751,22126,11375,10751,0,0,0,0,0,0,0,0,0,0,0,0
C3010,29,21,0000,District - Bangalore Rural  21,Rural,8,30625,15466,15159,28719,14634,14085,28719,14634,14085,0,0,0,0,0,0,0,0,0,0,0,0
C3010,29,21,0000,District - Bangalore Rural  21,Rural,9,31459,16042,15417,30101,15413,14688,30101,15413,14688,0,0,0,0,0,0,0,0,0,0,0,0
C3010,29,21,0000,District - Bangalore Rural  21,Rural,10,35901,18426,17475,32734,16982,15752,32734,16982,15752,0,0,0,0,0,0,0,0,0,0,0,0
C3010,29,21,0000,District - Bangalore Rural  21,Rural,11,28979,14896,14083,26976,14012,12964,26976,14012,12964,0,0,0,0,0,0,0,0,0,0,0,0
C3010,29,21,0000,District - Bangalore Rural  21,Rural,12,37889,19241,18648,32214,16759,15455,32214,16759,15455,0,0,0,0,0,0,0,0,0,0,0,0
C3010,29,21,0000,District - Bangalore Rural  21,Rural,13,32806,16511,16295,27295,14214,13081,27295,14214,13081,0,0,0,0,0,0,0,0,0,0,0,0
C3010,29,21,0000,District - Bangalore Rural  21,Rural,14,36147,18597,17550,27203,14717,12486,27203,14717,12486,0,0,0,0,0,0,0,0,0,0,0,0
C3010,29,21,0000,District - Bangalore Rural  21,Rural,15-19,153113,79703,73410,56340,33781,22559,48521,28383,20138,7083,4880,2203,580,437,143,131,74,57,25,7,18
C3010,29,21,0000,District - Bangalore Rural  21,Rural,20-24,131999,71423,60576,10197,8063,2134,3099,2258,841,6528,5377,1151,440,360,80,82,44,38,48,24,24
C3010,29,21,0000,District - Bangalore Rural  21,Rural,25-29,125000,61010,63990,1225,1019,206,0,0,0,752,667,85,284,239,45,110,79,31,79,34,45
C3010,29,21,0000,District - Bangalore Rural  21,Rural,30-34,102513,50797,51716,331,243,88,0,0,0,107,97,10,90,73,17,62,43,19,72,30,42
C3010,29,21,0000,District - Bangalore Rural  21,Rural,35-59,385009,196688,188321,611,413,198,0,0,0,96,81,15,180,139,41,105,71,34,230,122,108
C3010,29,21,0000,District - Bangalore Rural  21,Rural,60+,142410,70366,72044,118,87,31,0,0,0,32,27,5,39,24,15,9,4,5,38,32,6
C3010,29,21,0000,District - Bangalore Rural  21,Rural,Age not stated,1693,918,775,10,7,3,0,0,0,8,6,2,2,1,1,0,0,0,0,0,0
C3010,29,21,0000,District - Bangalore Rural  21,Urban,All ages,407396,210106,197290,92737,48502,44235,83760,42694,41066,7149,4506,2643,1557,1144,413,210,122,88,61,36,25
C3010,29,21,0000,District - Bangalore Rural  21,Urban,0-4,35817,18445,17372,660,312,348,660,312,348,0,0,0,0,0,0,0,0,0,0,0,0
C3010,29,21,0000,District - Bangalore Rural  21,Urban,5,8340,4366,3974,1039,541,498,1039,541,498,0,0,0,0,0,0,0,0,0,0,0,0
C3010,29,21,0000,District - Bangalore Rural  21,Urban,6,7770,4068,3702,3471,1826,1645,3471,1826,1645,0,0,0,0,0,0,0,0,0,0,0,0
C3010,29,21,0000,District - Bangalore Rural  21,Urban,7,8121,4089,4032,6936,3493,3443,6936,3493,3443,0,0,0,0,0,0,0,0,0,0,0,0
C3010,29,21,0000,District - Bangalore Rural  21,Urban,8,9696,4918,4778,8913,4484,4429,8913,4484,4429,0,0,0,0,0,0,0,0,0,0,0,0
C3010,29,21,0000,District - Bangalore Rural  21,Urban,9,8478,4282,4196,7883,3976,3907,7883,3976,3907,0,0,0,0,0,0,0,0,0,0,0,0
C3010,29,21,0000,District - Bangalore Rural  21,Urban,10,11246,5714,5532,9999,5012,4987,9999,5012,4987,0,0,0,0,0,0,0,0,0,0,0,0
C3010,29,21,0000,District - Bangalore Rural  21,Urban,11,8113,4136,3977,7198,3651,3547,7198,3651,3547,0,0,0,0,0,0,0,0,0,0,0,0
C3010,29,21,0000,District - Bangalore Rural  21,Urban,12,10757,5515,5242,8693,4405,4288,8693,4405,4288,0,0,0,0,0,0,0,0,0,0,0,0
C3010,29,21,0000,District - Bangalore Rural  21,Urban,13,8986,4458,4528,7105,3515,3590,7105,3515,3590,0,0,0,0,0,0,0,0,0,0,0,0
C3010,29,21,0000,District - Bangalore Rural  21,Urban,14,9633,5032,4601,6796,3550,3246,6796,3550,3246,0,0,0,0,0,0,0,0,0,0,0,0
C3010,29,21,0000,District - Bangalore Rural  21,Urban,15-19,45225,23445,21780,18361,9803,8558,14250,7425,6825,3317,1817,1500,733,523,210,57,35,22,4,3,1
C3010,29,21,0000,District - Bangalore Rural  21,Urban,20-24,42149,21807,20342,4793,3270,1523,817,504,313,3366,2330,1036,542,406,136,57,24,33,11,6,5
C3010,29,21,0000,District - Bangalore Rural  21,Urban,25-29,38189,18453,19736,502,382,120,0,0,0,318,247,71,135,105,30,36,25,11,13,5,8
C3010,29,21,0000,District - Bangalore Rural  21,Urban,30-34,30957,16065,14892,127,80,47,0,0,0,44,27,17,45,29,16,27,16,11,11,8,3
C3010,29,21,0000,District - Bangalore Rural  21,Urban,35-59,98386,52550,45836,230,179,51,0,0,0,87,71,16,93,75,18,32,21,11,18,12,6
C3010,29,21,0000,District - Bangalore Rural  21,Urban,60+,25242,12593,12649,29,21,8,0,0,0,15,12,3,9,6,3,1,1,0,4,2,2
C3010,29,21,0000,District - Bangalore Rural  21,Urban,Age not stated,291,170,121,2,2,0,0,0,0,2,2,0,0,0,0,0,0,0,0,0,0
C3010,29,22,0000,District - Mandya  22,Total,All ages,1763705,888034,875671,367800,195819,171981,344693,180308,164385,19141,12938,6203,3065,2028,1037,560,358,202,341,187,154
C3010,29,22,0000,District - Mandya  22,Total,0-4,142951,73776,69175,2295,1220,1075,2295,1220,1075,0,0,0,0,0,0,0,0,0,0,0,0
C3010,29,22,0000,District - Mandya  22,Total,5,31570,16463,15107,3857,1987,1870,3857,1987,1870,0,0,0,0,0,0,0,0,0,0,0,0
C3010,29,22,0000,District - Mandya  22,Total,6,30626,15819,14807,16409,8458,7951,16409,8458,7951,0,0,0,0,0,0,0,0,0,0,0,0
C3010,29,22,0000,District - Mandya  22,Total,7,30118,15245,14873,26785,13583,13202,26785,13583,13202,0,0,0,0,0,0,0,0,0,0,0,0
C3010,29,22,0000,District - Mandya  22,Total,8,36389,18130,18259,33741,16824,16917,33741,16824,16917,0,0,0,0,0,0,0,0,0,0,0,0
C3010,29,22,0000,District - Mandya  22,Total,9,33379,16967,16412,31667,16100,15567,31667,16100,15567,0,0,0,0,0,0,0,0,0,0,0,0
C3010,29,22,0000,District - Mandya  22,Total,10,40792,21102,19690,36964,19213,17751,36964,19213,17751,0,0,0,0,0,0,0,0,0,0,0,0
C3010,29,22,0000,District - Mandya  22,Total,11,31584,15930,15654,29176,14776,14400,29176,14776,14400,0,0,0,0,0,0,0,0,0,0,0,0
C3010,29,22,0000,District - Mandya  22,Total,12,44939,22847,22092,38044,19583,18461,38044,19583,18461,0,0,0,0,0,0,0,0,0,0,0,0
C3010,29,22,0000,District - Mandya  22,Total,13,39176,19618,19558,31866,16242,15624,31866,16242,15624,0,0,0,0,0,0,0,0,0,0,0,0
C3010,29,22,0000,District - Mandya  22,Total,14,41841,21215,20626,30496,16078,14418,30496,16078,14418,0,0,0,0,0,0,0,0,0,0,0,0
C3010,29,22,0000,District - Mandya  22,Total,15-19,182168,92322,89846,68641,38905,29736,59318,33409,25909,8036,4702,3334,1130,707,423,144,81,63,13,6,7
C3010,29,22,0000,District - Mandya  22,Total,20-24,162711,83566,79145,14967,10638,4329,4075,2835,1240,9650,7013,2637,1091,712,379,102,53,49,49,25,24
C3010,29,22,0000,District - Mandya  22,Total,25-29,154426,73924,80502,1662,1331,331,0,0,0,1067,913,154,416,316,100,112,79,33,67,23,44
C3010,29,22,0000,District - Mandya  22,Total,30-34,129996,64243,65753,429,332,97,0,0,0,165,138,27,156,122,34,68,48,20,40,24,16
C3010,29,22,0000,District - Mandya  22,Total,35-59,467587,240952,226635,648,463,185,0,0,0,172,136,36,215,149,66,119,90,29,142,88,54
C3010,29,22,0000,District - Mandya  22,Total,60+,161175,74681,86494,120,69,51,0,0,0,36,23,13,40,18,22,14,7,7,30,21,9
C3010,29,22,0000,District - Mandya  22,Total,Age not stated,2277,1234,1043,33,17,16,0,0,0,15,13,2,17,4,13,1,0,1,0,0,0
C3010,29,22,0000,District - Mandya  22,Rural,All ages,1480990,744276,736714,299427,160161,139266,283992,149300,134692,12583,8973,3610,2073,1409,664,466,304,162,313,175,138
C3010,29,22,0000,District - Mandya  22,Rural,0-4,119815,62067,57748,1684,912,772,1684,912,772,0,0,0,0,0,0,0,0,0,0,0,0
C3010,29,22,0000,District - Mandya  22,Rural,5,26288,13635,12653,2912,1511,1401,2912,1511,1401,0,0,0,0,0,0,0,0,0,0,0,0
C3010,29,22,0000,District - Mandya  22,Rural,6,25713,13350,12363,13777,7157,6620,13777,7157,6620,0,0,0,0,0,0,0,0,0,0,0,0
C3010,29,22,0000,District - Mandya  22,Rural,7,24954,12634,12320,22105,11231,10874,22105,11231,10874,0,0,0,0,0,0,0,0,0,0,0,0
C3010,29,22,0000,District - Mandya  22,Rural,8,30283,15074,15209,28057,13999,14058,28057,13999,14058,0,0,0,0,0,0,0,0,0,0,0,0
C3010,29,22,0000,District - Mandya  22,Rural,9,28184,14328,13856,26744,13614,13130,26744,13614,13130,0,0,0,0,0,0,0,0,0,0,0,0
C3010,29,22,0000,District - Mandya  22,Rural,10,33945,17542,16403,30704,16004,14700,30704,16004,14700,0,0,0,0,0,0,0,0,0,0,0,0
C3010,29,22,0000,District - Mandya  22,Rural,11,26392,13274,13118,24361,12331,12030,24361,12331,12030,0,0,0,0,0,0,0,0,0,0,0,0
C3010,29,22,0000,District - Mandya  22,Rural,12,37766,19116,18650,31821,16439,15382,31821,16439,15382,0,0,0,0,0,0,0,0,0,0,0,0
C3010,29,22,0000,District - Mandya  22,Rural,13,32810,16376,16434,26507,13575,12932,26507,13575,12932,0,0,0,0,0,0,0,0,0,0,0,0
C3010,29,22,0000,District - Mandya  22,Rural,14,35279,17814,17465,25340,13440,11900,25340,13440,11900,0,0,0,0,0,0,0,0,0,0,0,0
C3010,29,22,0000,District - Mandya  22,Rural,15-19,150854,76203,74651,52925,30549,22376,46773,26776,19997,5326,3261,2065,703,442,261,113,65,48,10,5,5
C3010,29,22,0000,District - Mandya  22,Rural,20-24,133889,69072,64817,10288,7659,2629,3207,2311,896,6243,4816,1427,712,469,243,80,39,41,46,24,22
C3010,29,22,0000,District - Mandya  22,Rural,25-29,128591,61660,66931,1222,1013,209,0,0,0,747,662,85,319,258,61,96,71,25,60,22,38
C3010,29,22,0000,District - Mandya  22,Rural,30-34,108443,53563,54880,338,274,64,0,0,0,117,105,12,121,102,19,61,43,18,39,24,15
C3010,29,22,0000,District - Mandya  22,Rural,35-59,393542,201773,191769,521,386,135,0,0,0,117,103,14,172,122,50,104,82,22,128,79,49
C3010,29,22,0000,District - Mandya  22,Rural,60+,142465,65814,76651,103,61,42,0,0,0,27,21,6,35,15,20,11,4,7,30,21,9
C3010,29,22,0000,District - Mandya  22,Rural,Age not stated,1777,981,796,18,6,12,0,0,0,6,5,1,11,1,10,1,0,1,0,0,0
C3010,29,22,0000,District - Mandya  22,Urban,All ages,282715,143758,138957,68373,35658,32715,60701,31008,29693,6558,3965,2593,992,619,373,94,54,40,28,12,16
C3010,29,22,0000,District - Mandya  22,Urban,0-4,23136,11709,11427,611,308,303,611,308,303,0,0,0,0,0,0,0,0,0,0,0,0
C3010,29,22,0000,District - Mandya  22,Urban,5,5282,2828,2454,945,476,469,945,476,469,0,0,0,0,0,0,0,0,0,0,0,0
C3010,29,22,0000,District - Mandya  22,Urban,6,4913,2469,2444,2632,1301,1331,2632,1301,1331,0,0,0,0,0,0,0,0,0,0,0,0
C3010,29,22,0000,District - Mandya  22,Urban,7,5164,2611,2553,4680,2352,2328,4680,2352,2328,0,0,0,0,0,0,0,0,0,0,0,0
C3010,29,22,0000,District - Mandya  22,Urban,8,6106,3056,3050,5684,2825,2859,5684,2825,2859,0,0,0,0,0,0,0,0,0,0,0,0
C3010,29,22,0000,District - Mandya  22,Urban,9,5195,2639,2556,4923,2486,2437,4923,2486,2437,0,0,0,0,0,0,0,0,0,0,0,0
C3010,29,22,0000,District - Mandya  22,Urban,10,6847,3560,3287,6260,3209,3051,6260,3209,3051,0,0,0,0,0,0,0,0,0,0,0,0
C3010,29,22,0000,District - Mandya  22,Urban,11,5192,2656,2536,4815,2445,2370,4815,2445,2370,0,0,0,0,0,0,0,0,0,0,0,0
C3010,29,22,0000,District - Mandya  22,Urban,12,7173,3731,3442,6223,3144,3079,6223,3144,3079,0,0,0,0,0,0,0,0,0,0,0,0
C3010,29,22,0000,District - Mandya  22,Urban,13,6366,3242,3124,5359,2667,2692,5359,2667,2692,0,0,0,0,0,0,0,0,0,0,0,0
C3010,29,22,0000,District - Mandya  22,Urban,14,6562,3401,3161,5156,2638,2518,5156,2638,2518,0,0,0,0,0,0,0,0,0,0,0,0
C3010,29,22,0000,District - Mandya  22,Urban,15-19,31314,16119,15195,15716,8356,7360,12545,6633,5912,2710,1441,1269,427,265,162,31,16,15,3,1,2
C3010,29,22,0000,District - Mandya  22,Urban,20-24,28822,14494,14328,4679,2979,1700,868,524,344,3407,2197,1210,379,243,136,22,14,8,3,1,2
C3010,29,22,0000,District - Mandya  22,Urban,25-29,25835,12264,13571,440,318,122,0,0,0,320,251,69,97,58,39,16,8,8,7,1,6
C3010,29,22,0000,District - Mandya  22,Urban,30-34,21553,10680,10873,91,58,33,0,0,0,48,33,15,35,20,15,7,5,2,1,0,1
C3010,29,22,0000,District - Mandya  22,Urban,35-59,74045,39179,34866,127,77,50,0,0,0,55,33,22,43,27,16,15,8,7,14,9,5
C3010,29,22,0000,District - Mandya  22,Urban,60+,18710,8867,9843,17,8,9,0,0,0,9,2,7,5,3,2,3,3,0,0,0,0
C3010,29,22,0000,District - Mandya  22,Urban,Age not stated,500,253,247,15,11,4,0,0,0,9,8,1,6,3,3,0,0,0,0,0,0
C3010,29,23,0000,District - Hassan  23,Total,All ages,1721669,859086,862583,363466,191456,172010,336732,174563,162169,21028,13153,7875,4767,3228,1539,582,358,224,357,154,203
C3010,29,23,0000,District - Hassan  23,Total,0-4,140986,72204,68782,1296,676,620,1296,676,620,0,0,0,0,0,0,0,0,0,0,0,0
C3010,29,23,0000,District - Hassan  23,Total,5,30555,15462,15093,2993,1499,1494,2993,1499,1494,0,0,0,0,0,0,0,0,0,0,0,0
C3010,29,23,0000,District - Hassan  23,Total,6,28124,14305,13819,15452,7902,7550,15452,7902,7550,0,0,0,0,0,0,0,0,0,0,0,0
C3010,29,23,0000,District - Hassan  23,Total,7,28574,14520,14054,25938,13298,12640,25938,13298,12640,0,0,0,0,0,0,0,0,0,0,0,0
C3010,29,23,0000,District - Hassan  23,Total,8,33440,16663,16777,31313,15695,15618,31313,15695,15618,0,0,0,0,0,0,0,0,0,0,0,0
C3010,29,23,0000,District - Hassan  23,Total,9,32658,16367,16291,31140,15718,15422,31140,15718,15422,0,0,0,0,0,0,0,0,0,0,0,0
C3010,29,23,0000,District - Hassan  23,Total,10,39700,20139,19561,36346,18701,17645,36346,18701,17645,0,0,0,0,0,0,0,0,0,0,0,0
C3010,29,23,0000,District - Hassan  23,Total,11,31469,15749,15720,29162,14726,14436,29162,14726,14436,0,0,0,0,0,0,0,0,0,0,0,0
C3010,29,23,0000,District - Hassan  23,Total,12,44483,22394,22089,38003,19488,18515,38003,19488,18515,0,0,0,0,0,0,0,0,0,0,0,0
C3010,29,23,0000,District - Hassan  23,Total,13,37974,19235,18739,31715,16585,15130,31715,16585,15130,0,0,0,0,0,0,0,0,0,0,0,0
C3010,29,23,0000,District - Hassan  23,Total,14,42009,21300,20709,30908,16297,14611,30908,16297,14611,0,0,0,0,0,0,0,0,0,0,0,0
C3010,29,23,0000,District - Hassan  23,Total,15-19,185513,91468,94045,70904,38386,32518,59238,31874,27364,9477,5154,4323,2045,1284,761,125,68,57,19,6,13
C3010,29,23,0000,District - Hassan  23,Total,20-24,158367,79278,79089,15374,10322,5052,3228,2104,1124,10443,7113,3330,1585,1054,531,86,39,47,32,12,20
C3010,29,23,0000,District - Hassan  23,Total,25-29,146430,69803,76627,1525,1176,349,0,0,0,808,656,152,543,423,120,127,80,47,47,17,30
C3010,29,23,0000,District - Hassan  23,Total,30-34,126749,62595,64154,391,279,112,0,0,0,120,100,20,161,123,38,74,48,26,36,8,28
C3010,29,23,0000,District - Hassan  23,Total,35-59,464068,237581,226487,885,633,252,0,0,0,148,111,37,399,323,76,155,113,42,183,86,97
C3010,29,23,0000,District - Hassan  23,Total,60+,149270,69309,79961,117,73,44,0,0,0,30,18,12,33,20,13,14,10,4,40,25,15
C3010,29,23,0000,District - Hassan  23,Total,Age not stated,1300,714,586,4,2,2,0,0,0,2,1,1,1,1,0,1,0,1,0,0,0
C3010,29,23,0000,District - Hassan  23,Rural,All ages,1416996,703957,713039,284569,150678,133891,269442,140577,128865,11842,7891,3951,2531,1795,736,411,266,145,343,149,194
C3010,29,23,0000,District - Hassan  23,Rural,0-4,117000,59749,57251,914,470,444,914,470,444,0,0,0,0,0,0,0,0,0,0,0,0
C3010,29,23,0000,District - Hassan  23,Rural,5,24898,12562,12336,2264,1141,1123,2264,1141,1123,0,0,0,0,0,0,0,0,0,0,0,0
C3010,29,23,0000,District - Hassan  23,Rural,6,23050,11687,11363,12852,6596,6256,12852,6596,6256,0,0,0,0,0,0,0,0,0,0,0,0
C3010,29,23,0000,District - Hassan  23,Rural,7,23052,11678,11374,20843,10652,10191,20843,10652,10191,0,0,0,0,0,0,0,0,0,0,0,0
C3010,29,23,0000,District - Hassan  23,Rural,8,27133,13553,13580,25288,12718,12570,25288,12718,12570,0,0,0,0,0,0,0,0,0,0,0,0
C3010,29,23,0000,District - Hassan  23,Rural,9,27098,13608,13490,25783,13055,12728,25783,13055,12728,0,0,0,0,0,0,0,0,0,0,0,0
C3010,29,23,0000,District - Hassan  23,Rural,10,32141,16228,15913,29207,15019,14188,29207,15019,14188,0,0,0,0,0,0,0,0,0,0,0,0
C3010,29,23,0000,District - Hassan  23,Rural,11,25594,12826,12768,23583,11967,11616,23583,11967,11616,0,0,0,0,0,0,0,0,0,0,0,0
C3010,29,23,0000,District - Hassan  23,Rural,12,36577,18410,18167,30850,15962,14888,30850,15962,14888,0,0,0,0,0,0,0,0,0,0,0,0
C3010,29,23,0000,District - Hassan  23,Rural,13,31022,15589,15433,25477,13341,12136,25477,13341,12136,0,0,0,0,0,0,0,0,0,0,0,0
C3010,29,23,0000,District - Hassan  23,Rural,14,34699,17513,17186,24873,13240,11633,24873,13240,11633,0,0,0,0,0,0,0,0,0,0,0,0
C3010,29,23,0000,District - Hassan  23,Rural,15-19,151031,73898,77133,51702,28701,23001,44980,24736,20244,5546,3186,2360,1089,735,354,69,38,31,18,6,12
C3010,29,23,0000,District - Hassan  23,Rural,20-24,126996,63431,63565,8894,6294,2600,2528,1680,848,5603,4122,1481,683,459,224,49,22,27,31,11,20
C3010,29,23,0000,District - Hassan  23,Rural,25-29,118977,56795,62182,996,791,205,0,0,0,517,444,73,342,269,73,91,61,30,46,17,29
C3010,29,23,0000,District - Hassan  23,Rural,30-34,103705,51093,52612,291,211,80,0,0,0,80,69,11,115,93,22,61,41,20,35,8,27
C3010,29,23,0000,District - Hassan  23,Rural,35-59,382930,194681,188249,664,469,195,0,0,0,80,62,18,279,226,53,129,97,32,176,84,92
C3010,29,23,0000,District - Hassan  23,Rural,60+,130010,60062,69948,85,49,36,0,0,0,15,7,8,22,12,10,11,7,4,37,23,14
C3010,29,23,0000,District - Hassan  23,Rural,Age not stated,1083,594,489,3,2,1,0,0,0,1,1,0,1,1,0,1,0,1,0,0,0
C3010,29,23,0000,District - Hassan  23,Urban,All ages,304673,155129,149544,78897,40778,38119,67290,33986,33304,9186,5262,3924,2236,1433,803,171,92,79,14,5,9
C3010,29,23,0000,District - Hassan  23,Urban,0-4,23986,12455,11531,382,206,176,382,206,176,0,0,0,0,0,0,0,0,0,0,0,0
C3010,29,23,0000,District - Hassan  23,Urban,5,5657,2900,2757,729,358,371,729,358,371,0,0,0,0,0,0,0,0,0,0,0,0
C3010,29,23,0000,District - Hassan  23,Urban,6,5074,2618,2456,2600,1306,1294,2600,1306,1294,0,0,0,0,0,0,0,0,0,0,0,0
C3010,29,23,0000,District - Hassan  23,Urban,7,5522,2842,2680,5095,2646,2449,5095,2646,2449,0,0,0,0,0,0,0,0,0,0,0,0
C3010,29,23,0000,District - Hassan  23,Urban,8,6307,3110,3197,6025,2977,3048,6025,2977,3048,0,0,0,0,0,0,0,0,0,0,0,0
C3010,29,23,0000,District - Hassan  23,Urban,9,5560,2759,2801,5357,2663,2694,5357,2663,2694,0,0,0,0,0,0,0,0,0,0,0,0
C3010,29,23,0000,District - Hassan  23,Urban,10,7559,3911,3648,7139,3682,3457,7139,3682,3457,0,0,0,0,0,0,0,0,0,0,0,0
C3010,29,23,0000,District - Hassan  23,Urban,11,5875,2923,2952,5579,2759,2820,5579,2759,2820,0,0,0,0,0,0,0,0,0,0,0,0
C3010,29,23,0000,District - Hassan  23,Urban,12,7906,3984,3922,7153,3526,3627,7153,3526,3627,0,0,0,0,0,0,0,0,0,0,0,0
C3010,29,23,0000,District - Hassan  23,Urban,13,6952,3646,3306,6238,3244,2994,6238,3244,2994,0,0,0,0,0,0,0,0,0,0,0,0
C3010,29,23,0000,District - Hassan  23,Urban,14,7310,3787,3523,6035,3057,2978,6035,3057,2978,0,0,0,0,0,0,0,0,0,0,0,0
C3010,29,23,0000,District - Hassan  23,Urban,15-19,34482,17570,16912,19202,9685,9517,14258,7138,7120,3931,1968,1963,956,549,407,56,30,26,1,0,1
C3010,29,23,0000,District - Hassan  23,Urban,20-24,31371,15847,15524,6480,4028,2452,700,424,276,4840,2991,1849,902,595,307,37,17,20,1,1,0
C3010,29,23,0000,District - Hassan  23,Urban,25-29,27453,13008,14445,529,385,144,0,0,0,291,212,79,201,154,47,36,19,17,1,0,1
C3010,29,23,0000,District - Hassan  23,Urban,30-34,23044,11502,11542,100,68,32,0,0,0,40,31,9,46,30,16,13,7,6,1,0,1
C3010,29,23,0000,District - Hassan  23,Urban,35-59,81138,42900,38238,221,164,57,0,0,0,68,49,19,120,97,23,26,16,10,7,2,5
C3010,29,23,0000,District - Hassan  23,Urban,60+,19260,9247,10013,32,24,8,0,0,0,15,11,4,11,8,3,3,3,0,3,2,1
C3010,29,23,0000,District - Hassan  23,Urban,Age not stated,217,120,97,1,0,1,0,0,0,1,0,1,0,0,0,0,0,0,0,0,0
C3010,29,24,0000,District - Dakshina Kannada  24,Total,All ages,1897730,938434,959296,421760,220496,201264,376137,196402,179735,27000,13618,13382,15795,8560,7235,2499,1808,691,329,108,221
C3010,29,24,0000,District - Dakshina Kannada  24,Total,0-4,162895,83621,79274,3516,1869,1647,3516,1869,1647,0,0,0,0,0,0,0,0,0,0,0,0
C3010,29,24,0000,District - Dakshina Kannada  24,Total,5,34746,17619,17127,4652,2348,2304,4652,2348,2304,0,0,0,0,0,0,0,0,0,0,0,0
C3010,29,24,0000,District - Dakshina Kannada  24,Total,6,30419,15614,14805,17489,8908,8581,17489,8908,8581,0,0,0,0,0,0,0,0,0,0,0,0
C3010,29,24,0000,District - Dakshina Kannada  24,Total,7,33612,17118,16494,31221,15924,15297,31221,15924,15297,0,0,0,0,0,0,0,0,0,0,0,0
C3010,29,24,0000,District - Dakshina Kannada  24,Total,8,36796,18531,18265,34995,17664,17331,34995,17664,17331,0,0,0,0,0,0,0,0,0,0,0,0
C3010,29,24,0000,District - Dakshina Kannada  24,Total,9,35906,18195,17711,34618,17578,17040,34618,17578,17040,0,0,0,0,0,0,0,0,0,0,0,0
C3010,29,24,0000,District - Dakshina Kannada  24,Total,10,40166,20715,19451,38874,20091,18783,38874,20091,18783,0,0,0,0,0,0,0,0,0,0,0,0
C3010,29,24,0000,District - Dakshina Kannada  24,Total,11,34371,17478,16893,33289,17014,16275,33289,17014,16275,0,0,0,0,0,0,0,0,0,0,0,0
C3010,29,24,0000,District - Dakshina Kannada  24,Total,12,41496,21120,20376,38991,20173,18818,38991,20173,18818,0,0,0,0,0,0,0,0,0,0,0,0
C3010,29,24,0000,District - Dakshina Kannada  24,Total,13,39273,19645,19628,34918,18274,16644,34918,18274,16644,0,0,0,0,0,0,0,0,0,0,0,0
C3010,29,24,0000,District - Dakshina Kannada  24,Total,14,41586,21146,20440,32381,17765,14616,32381,17765,14616,0,0,0,0,0,0,0,0,0,0,0,0
C3010,29,24,0000,District - Dakshina Kannada  24,Total,15-19,208735,101060,107675,88734,47176,41558,68393,37075,31318,11653,5381,6272,7358,3719,3639,1315,993,322,15,8,7
C3010,29,24,0000,District - Dakshina Kannada  24,Total,20-24,197842,96665,101177,24910,13765,11145,2800,1719,1081,14643,7843,6800,6756,3759,2997,682,441,241,29,3,26
C3010,29,24,0000,District - Dakshina Kannada  24,Total,25-29,169093,81124,87969,2060,1373,687,0,0,0,437,262,175,1231,826,405,344,271,73,48,14,34
C3010,29,24,0000,District - Dakshina Kannada  24,Total,30-34,139400,68748,70652,423,235,188,0,0,0,83,39,44,209,126,83,80,58,22,51,12,39
C3010,29,24,0000,District - Dakshina Kannada  24,Total,35-59,492125,247996,244129,505,239,266,0,0,0,117,66,51,171,87,84,61,32,29,156,54,102
C3010,29,24,0000,District - Dakshina Kannada  24,Total,60+,157022,70852,86170,121,64,57,0,0,0,32,12,20,44,22,22,16,13,3,29,17,12
C3010,29,24,0000,District - Dakshina Kannada  24,Total,Age not stated,2247,1187,1060,63,36,27,0,0,0,35,15,20,26,21,5,1,0,1,1,0,1
C3010,29,24,0000,District - Dakshina Kannada  24,Rural,All ages,1168428,574657,593771,247951,131535,116416,233202,123063,110139,10111,5315,4796,2900,1883,1017,1452,1179,273,286,95,191
C3010,29,24,0000,District - Dakshina Kannada  24,Rural,0-4,103867,53370,50497,1373,745,628,1373,745,628,0,0,0,0,0,0,0,0,0,0,0,0
C3010,29,24,0000,District - Dakshina Kannada  24,Rural,5,22363,11372,10991,1835,929,906,1835,929,906,0,0,0,0,0,0,0,0,0,0,0,0
C3010,29,24,0000,District - Dakshina Kannada  24,Rural,6,19520,10110,9410,11088,5726,5362,11088,5726,5362,0,0,0,0,0,0,0,0,0,0,0,0
C3010,29,24,0000,District - Dakshina Kannada  24,Rural,7,21085,10726,10359,19580,9970,9610,19580,9970,9610,0,0,0,0,0,0,0,0,0,0,0,0
C3010,29,24,0000,District - Dakshina Kannada  24,Rural,8,23333,11745,11588,22267,11233,11034,22267,11233,11034,0,0,0,0,0,0,0,0,0,0,0,0
C3010,29,24,0000,District - Dakshina Kannada  24,Rural,9,22952,11604,11348,22209,11244,10965,22209,11244,10965,0,0,0,0,0,0,0,0,0,0,0,0
C3010,29,24,0000,District - Dakshina Kannada  24,Rural,10,25657,13311,12346,24861,12918,11943,24861,12918,11943,0,0,0,0,0,0,0,0,0,0,0,0
C3010,29,24,0000,District - Dakshina Kannada  24,Rural,11,22118,11310,10808,21400,11003,10397,21400,11003,10397,0,0,0,0,0,0,0,0,0,0,0,0
C3010,29,24,0000,District - Dakshina Kannada  24,Rural,12,26638,13554,13084,24915,12913,12002,24915,12913,12002,0,0,0,0,0,0,0,0,0,0,0,0
C3010,29,24,0000,District - Dakshina Kannada  24,Rural,13,25306,12707,12599,22135,11748,10387,22135,11748,10387,0,0,0,0,0,0,0,0,0,0,0,0
C3010,29,24,0000,District - Dakshina Kannada  24,Rural,14,26928,13736,13192,20086,11285,8801,20086,11285,8801,0,0,0,0,0,0,0,0,0,0,0,0
C3010,29,24,0000,District - Dakshina Kannada  24,Rural,15-19,131215,63152,68063,47183,26527,20656,39797,22332,17465,4910,2401,2509,1615,1069,546,853,721,132,8,4,4
C3010,29,24,0000,District - Dakshina Kannada  24,Rural,20-24,118585,56265,62320,7999,4684,3315,1656,1017,639,4943,2749,2194,961,597,364,413,318,95,26,3,23
C3010,29,24,0000,District - Dakshina Kannada  24,Rural,25-29,101277,47675,53602,531,351,180,0,0,0,168,107,61,206,143,63,111,88,23,46,13,33
C3010,29,24,0000,District - Dakshina Kannada  24,Rural,30-34,82409,40193,42216,153,86,67,0,0,0,31,19,12,43,29,14,36,27,9,43,11,32
C3010,29,24,0000,District - Dakshina Kannada  24,Rural,35-59,295125,147056,148069,256,123,133,0,0,0,34,23,11,56,33,23,30,19,11,136,48,88
C3010,29,24,0000,District - Dakshina Kannada  24,Rural,60+,98393,45892,52501,62,39,23,0,0,0,13,7,6,15,10,5,8,6,2,26,16,10
C3010,29,24,0000,District - Dakshina Kannada  24,Rural,Age not stated,1657,879,778,18,11,7,0,0,0,12,9,3,4,2,2,1,0,1,1,0,1
C3010,29,24,0000,District - Dakshina Kannada  24,Urban,All ages,729302,363777,365525,173809,88961,84848,142935,73339,69596,16889,8303,8586,12895,6677,6218,1047,629,418,43,13,30
C3010,29,24,0000,District - Dakshina Kannada  24,Urban,0-4,59028,30251,28777,2143,1124,1019,2143,1124,1019,0,0,0,0,0,0,0,0,0,0,0,0
C3010,29,24,0000,District - Dakshina Kannada  24,Urban,5,12383,6247,6136,2817,1419,1398,2817,1419,1398,0,0,0,0,0,0,0,0,0,0,0,0
C3010,29,24,0000,District - Dakshina Kannada  24,Urban,6,10899,5504,5395,6401,3182,3219,6401,3182,3219,0,0,0,0,0,0,0,0,0,0,0,0
C3010,29,24,0000,District - Dakshina Kannada  24,Urban,7,12527,6392,6135,11641,5954,5687,11641,5954,5687,0,0,0,0,0,0,0,0,0,0,0,0
C3010,29,24,0000,District - Dakshina Kannada  24,Urban,8,13463,6786,6677,12728,6431,6297,12728,6431,6297,0,0,0,0,0,0,0,0,0,0,0,0
C3010,29,24,0000,District - Dakshina Kannada  24,Urban,9,12954,6591,6363,12409,6334,6075,12409,6334,6075,0,0,0,0,0,0,0,0,0,0,0,0
C3010,29,24,0000,District - Dakshina Kannada  24,Urban,10,14509,7404,7105,14013,7173,6840,14013,7173,6840,0,0,0,0,0,0,0,0,0,0,0,0
C3010,29,24,0000,District - Dakshina Kannada  24,Urban,11,12253,6168,6085,11889,6011,5878,11889,6011,5878,0,0,0,0,0,0,0,0,0,0,0,0
C3010,29,24,0000,District - Dakshina Kannada  24,Urban,12,14858,7566,7292,14076,7260,6816,14076,7260,6816,0,0,0,0,0,0,0,0,0,0,0,0
C3010,29,24,0000,District - Dakshina Kannada  24,Urban,13,13967,6938,7029,12783,6526,6257,12783,6526,6257,0,0,0,0,0,0,0,0,0,0,0,0
C3010,29,24,0000,District - Dakshina Kannada  24,Urban,14,14658,7410,7248,12295,6480,5815,12295,6480,5815,0,0,0,0,0,0,0,0,0,0,0,0
C3010,29,24,0000,District - Dakshina Kannada  24,Urban,15-19,77520,37908,39612,41551,20649,20902,28596,14743,13853,6743,2980,3763,5743,2650,3093,462,272,190,7,4,3
C3010,29,24,0000,District - Dakshina Kannada  24,Urban,20-24,79257,40400,38857,16911,9081,7830,1144,702,442,9700,5094,4606,5795,3162,2633,269,123,146,3,0,3
C3010,29,24,0000,District - Dakshina Kannada  24,Urban,25-29,67816,33449,34367,1529,1022,507,0,0,0,269,155,114,1025,683,342,233,183,50,2,1,1
C3010,29,24,0000,District - Dakshina Kannada  24,Urban,30-34,56991,28555,28436,270,149,121,0,0,0,52,20,32,166,97,69,44,31,13,8,1,7
C3010,29,24,0000,District - Dakshina Kannada  24,Urban,35-59,197000,100940,96060,249,116,133,0,0,0,83,43,40,115,54,61,31,13,18,20,6,14
C3010,29,24,0000,District - Dakshina Kannada  24,Urban,60+,58629,24960,33669,59,25,34,0,0,0,19,5,14,29,12,17,8,7,1,3,1,2
C3010,29,24,0000,District - Dakshina Kannada  24,Urban,Age not stated,590,308,282,45,25,20,0,0,0,23,6,17,22,19,3,0,0,0,0,0,0
C3010,29,25,0000,District - Kodagu  25,Total,All ages,548561,274831,273730,110299,57022,53277,102249,52615,49634,5663,3094,2569,1528,857,671,371,240,131,488,216,272
C3010,29,25,0000,District - Kodagu  25,Total,0-4,50319,25273,25046,901,447,454,901,447,454,0,0,0,0,0,0,0,0,0,0,0,0
C3010,29,25,0000,District - Kodagu  25,Total,5,10102,5248,4854,1589,842,747,1589,842,747,0,0,0,0,0,0,0,0,0,0,0,0
C3010,29,25,0000,District - Kodagu  25,Total,6,9153,4671,4482,4931,2493,2438,4931,2493,2438,0,0,0,0,0,0,0,0,0,0,0,0
C3010,29,25,0000,District - Kodagu  25,Total,7,9816,4980,4836,8538,4353,4185,8538,4353,4185,0,0,0,0,0,0,0,0,0,0,0,0
C3010,29,25,0000,District - Kodagu  25,Total,8,10518,5242,5276,9401,4701,4700,9401,4701,4700,0,0,0,0,0,0,0,0,0,0,0,0
C3010,29,25,0000,District - Kodagu  25,Total,9,9657,4785,4872,8970,4440,4530,8970,4440,4530,0,0,0,0,0,0,0,0,0,0,0,0
C3010,29,25,0000,District - Kodagu  25,Total,10,11725,5889,5836,10445,5291,5154,10445,5291,5154,0,0,0,0,0,0,0,0,0,0,0,0
C3010,29,25,0000,District - Kodagu  25,Total,11,9911,5072,4839,9254,4782,4472,9254,4782,4472,0,0,0,0,0,0,0,0,0,0,0,0
C3010,29,25,0000,District - Kodagu  25,Total,12,12712,6514,6198,11003,5698,5305,11003,5698,5305,0,0,0,0,0,0,0,0,0,0,0,0
C3010,29,25,0000,District - Kodagu  25,Total,13,11210,5618,5592,9540,4860,4680,9540,4860,4680,0,0,0,0,0,0,0,0,0,0,0,0
C3010,29,25,0000,District - Kodagu  25,Total,14,11339,5753,5586,8775,4627,4148,8775,4627,4148,0,0,0,0,0,0,0,0,0,0,0,0
C3010,29,25,0000,District - Kodagu  25,Total,15-19,53346,26585,26761,22011,11648,10363,18130,9613,8517,2917,1505,1412,784,410,374,167,116,51,13,4,9
C3010,29,25,0000,District - Kodagu  25,Total,20-24,49887,24455,25432,4002,2342,1660,772,468,304,2583,1482,1101,514,315,199,86,57,29,47,20,27
C3010,29,25,0000,District - Kodagu  25,Total,25-29,49546,23292,26254,323,191,132,0,0,0,95,69,26,124,70,54,36,22,14,68,30,38
C3010,29,25,0000,District - Kodagu  25,Total,30-34,41765,20713,21052,152,69,83,0,0,0,19,10,9,35,19,16,25,13,12,73,27,46
C3010,29,25,0000,District - Kodagu  25,Total,35-59,155290,80431,74859,410,203,207,0,0,0,39,21,18,64,39,25,52,28,24,255,115,140
C3010,29,25,0000,District - Kodagu  25,Total,60+,42009,20172,21837,51,33,18,0,0,0,7,5,2,7,4,3,5,4,1,32,20,12
C3010,29,25,0000,District - Kodagu  25,Total,Age not stated,256,138,118,3,2,1,0,0,0,3,2,1,0,0,0,0,0,0,0,0,0
C3010,29,25,0000,District - Kodagu  25,Rural,All ages,473179,236270,236909,92094,47908,44186,86176,44519,41657,4239,2401,1838,894,577,317,299,197,102,486,214,272
C3010,29,25,0000,District - Kodagu  25,Rural,0-4,43828,22026,21802,689,348,341,689,348,341,0,0,0,0,0,0,0,0,0,0,0,0
C3010,29,25,0000,District - Kodagu  25,Rural,5,8725,4521,4204,1240,654,586,1240,654,586,0,0,0,0,0,0,0,0,0,0,0,0
C3010,29,25,0000,District - Kodagu  25,Rural,6,7941,4078,3863,4274,2176,2098,4274,2176,2098,0,0,0,0,0,0,0,0,0,0,0,0
C3010,29,25,0000,District - Kodagu  25,Rural,7,8425,4290,4135,7216,3692,3524,7216,3692,3524,0,0,0,0,0,0,0,0,0,0,0,0
C3010,29,25,0000,District - Kodagu  25,Rural,8,9070,4523,4547,8027,4022,4005,8027,4022,4005,0,0,0,0,0,0,0,0,0,0,0,0
C3010,29,25,0000,District - Kodagu  25,Rural,9,8303,4112,4191,7648,3789,3859,7648,3789,3859,0,0,0,0,0,0,0,0,0,0,0,0
C3010,29,25,0000,District - Kodagu  25,Rural,10,10038,5042,4996,8846,4492,4354,8846,4492,4354,0,0,0,0,0,0,0,0,0,0,0,0
C3010,29,25,0000,District - Kodagu  25,Rural,11,8510,4318,4192,7894,4049,3845,7894,4049,3845,0,0,0,0,0,0,0,0,0,0,0,0
C3010,29,25,0000,District - Kodagu  25,Rural,12,11006,5651,5355,9410,4895,4515,9410,4895,4515,0,0,0,0,0,0,0,0,0,0,0,0
C3010,29,25,0000,District - Kodagu  25,Rural,13,9630,4835,4795,8096,4147,3949,8096,4147,3949,0,0,0,0,0,0,0,0,0,0,0,0
C3010,29,25,0000,District - Kodagu  25,Rural,14,9772,4990,4782,7415,3957,3458,7415,3957,3458,0,0,0,0,0,0,0,0,0,0,0,0
C3010,29,25,0000,District - Kodagu  25,Rural,15-19,45565,22626,22939,17611,9456,8155,14802,7924,6878,2248,1181,1067,411,248,163,137,99,38,13,4,9
C3010,29,25,0000,District - Kodagu  25,Rural,20-24,42489,20783,21706,2936,1819,1117,619,374,245,1871,1143,728,329,233,96,70,49,21,47,20,27
C3010,29,25,0000,District - Kodagu  25,Rural,25-29,42270,19711,22559,237,146,91,0,0,0,72,54,18,75,50,25,22,12,10,68,30,38
C3010,29,25,0000,District - Kodagu  25,Rural,30-34,35651,17579,18072,131,55,76,0,0,0,13,5,8,27,15,12,18,8,10,73,27,46
C3010,29,25,0000,District - Kodagu  25,Rural,35-59,134402,69164,65238,376,182,194,0,0,0,28,14,14,47,29,18,48,26,22,253,113,140
C3010,29,25,0000,District - Kodagu  25,Rural,60+,37328,17901,19427,46,28,18,0,0,0,5,3,2,5,2,3,4,3,1,32,20,12
C3010,29,25,0000,District - Kodagu  25,Rural,Age not stated,226,120,106,2,1,1,0,0,0,2,1,1,0,0,0,0,0,0,0,0,0
C3010,29,25,0000,District - Kodagu  25,Urban,All ages,75382,38561,36821,18205,9114,9091,16073,8096,7977,1424,693,731,634,280,354,72,43,29,2,2,0
C3010,29,25,0000,District - Kodagu  25,Urban,0-4,6491,3247,3244,212,99,113,212,99,113,0,0,0,0,0,0,0,0,0,0,0,0
C3010,29,25,0000,District - Kodagu  25,Urban,5,1377,727,650,349,188,161,349,188,161,0,0,0,0,0,0,0,0,0,0,0,0
C3010,29,25,0000,District - Kodagu  25,Urban,6,1212,593,619,657,317,340,657,317,340,0,0,0,0,0,0,0,0,0,0,0,0
C3010,29,25,0000,District - Kodagu  25,Urban,7,1391,690,701,1322,661,661,1322,661,661,0,0,0,0,0,0,0,0,0,0,0,0
C3010,29,25,0000,District - Kodagu  25,Urban,8,1448,719,729,1374,679,695,1374,679,695,0,0,0,0,0,0,0,0,0,0,0,0
C3010,29,25,0000,District - Kodagu  25,Urban,9,1354,673,681,1322,651,671,1322,651,671,0,0,0,0,0,0,0,0,0,0,0,0
C3010,29,25,0000,District - Kodagu  25,Urban,10,1687,847,840,1599,799,800,1599,799,800,0,0,0,0,0,0,0,0,0,0,0,0
C3010,29,25,0000,District - Kodagu  25,Urban,11,1401,754,647,1360,733,627,1360,733,627,0,0,0,0,0,0,0,0,0,0,0,0
C3010,29,25,0000,District - Kodagu  25,Urban,12,1706,863,843,1593,803,790,1593,803,790,0,0,0,0,0,0,0,0,0,0,0,0
C3010,29,25,0000,District - Kodagu  25,Urban,13,1580,783,797,1444,713,731,1444,713,731,0,0,0,0,0,0,0,0,0,0,0,0
C3010,29,25,0000,District - Kodagu  25,Urban,14,1567,763,804,1360,670,690,1360,670,690,0,0,0,0,0,0,0,0,0,0,0,0
C3010,29,25,0000,District - Kodagu  25,Urban,15-19,7781,3959,3822,4400,2192,2208,3328,1689,1639,669,324,345,373,162,211,30,17,13,0,0,0
C3010,29,25,0000,District - Kodagu  25,Urban,20-24,7398,3672,3726,1066,523,543,153,94,59,712,339,373,185,82,103,16,8,8,0,0,0
C3010,29,25,0000,District - Kodagu  25,Urban,25-29,7276,3581,3695,86,45,41,0,0,0,23,15,8,49,20,29,14,10,4,0,0,0
C3010,29,25,0000,District - Kodagu  25,Urban,30-34,6114,3134,2980,21,14,7,0,0,0,6,5,1,8,4,4,7,5,2,0,0,0
C3010,29,25,0000,District - Kodagu  25,Urban,35-59,20888,11267,9621,34,21,13,0,0,0,11,7,4,17,10,7,4,2,2,2,2,0
C3010,29,25,0000,District - Kodagu  25,Urban,60+,4681,2271,2410,5,5,0,0,0,0,2,2,0,2,2,0,1,1,0,0,0,0
C3010,29,25,0000,District - Kodagu  25,Urban,Age not stated,30,18,12,1,1,0,0,0,0,1,1,0,0,0,0,0,0,0,0,0,0
C3010,29,26,0000,District - Mysore  26,Total,All ages,2641027,1344670,1296357,557115,301958,255157,499096,263544,235552,43163,27299,15864,8781,5908,2873,5814,5072,742,261,135,126
C3010,29,26,0000,District - Mysore  26,Total,0-4,225010,114603,110407,3252,1693,1559,3252,1693,1559,0,0,0,0,0,0,0,0,0,0,0,0
C3010,29,26,0000,District - Mysore  26,Total,5,50005,25864,24141,5694,2925,2769,5694,2925,2769,0,0,0,0,0,0,0,0,0,0,0,0
C3010,29,26,0000,District - Mysore  26,Total,6,48540,24467,24073,24853,12478,12375,24853,12478,12375,0,0,0,0,0,0,0,0,0,0,0,0
C3010,29,26,0000,District - Mysore  26,Total,7,47908,24097,23811,42268,21368,20900,42268,21368,20900,0,0,0,0,0,0,0,0,0,0,0,0
C3010,29,26,0000,District - Mysore  26,Total,8,55478,27702,27776,50516,25346,25170,50516,25346,25170,0,0,0,0,0,0,0,0,0,0,0,0
C3010,29,26,0000,District - Mysore  26,Total,9,50385,25308,25077,46828,23627,23201,46828,23627,23201,0,0,0,0,0,0,0,0,0,0,0,0
C3010,29,26,0000,District - Mysore  26,Total,10,65203,33286,31917,57193,29460,27733,57193,29460,27733,0,0,0,0,0,0,0,0,0,0,0,0
C3010,29,26,0000,District - Mysore  26,Total,11,46743,23633,23110,41629,21327,20302,41629,21327,20302,0,0,0,0,0,0,0,0,0,0,0,0
C3010,29,26,0000,District - Mysore  26,Total,12,70321,35272,35049,54815,28358,26457,54815,28358,26457,0,0,0,0,0,0,0,0,0,0,0,0
C3010,29,26,0000,District - Mysore  26,Total,13,56027,27973,28054,41845,21957,19888,41845,21957,19888,0,0,0,0,0,0,0,0,0,0,0,0
C3010,29,26,0000,District - Mysore  26,Total,14,60671,30694,29977,39285,21547,17738,39285,21547,17738,0,0,0,0,0,0,0,0,0,0,0,0
C3010,29,26,0000,District - Mysore  26,Total,15-19,280972,145668,135304,104962,61129,43833,84439,48984,35455,15518,8668,6850,3425,2142,1283,1566,1329,237,14,6,8
C3010,29,26,0000,District - Mysore  26,Total,20-24,256049,132464,123585,34623,23334,11289,6479,4474,2005,23835,15786,8049,3174,2117,1057,1110,944,166,25,13,12
C3010,29,26,0000,District - Mysore  26,Total,25-29,237754,114113,123641,5553,4423,1130,0,0,0,2791,2167,624,1255,959,296,1463,1280,183,44,17,27
C3010,29,26,0000,District - Mysore  26,Total,30-34,196984,99316,97668,1567,1271,296,0,0,0,440,316,124,348,260,88,734,676,58,45,19,26
C3010,29,26,0000,District - Mysore  26,Total,35-59,677547,355772,321775,1807,1384,423,0,0,0,461,294,167,508,383,125,725,639,86,113,68,45
C3010,29,26,0000,District - Mysore  26,Total,60+,213477,103382,110095,379,314,65,0,0,0,90,59,31,55,40,15,214,203,11,20,12,8
C3010,29,26,0000,District - Mysore  26,Total,Age not stated,1953,1056,897,46,17,29,0,0,0,28,9,19,16,7,9,2,1,1,0,0,0
C3010,29,26,0000,District - Mysore  26,Rural,All ages,1658899,845379,813520,314901,175755,139146,297465,161387,136078,11011,8754,2257,1135,845,290,5088,4664,424,202,105,97
C3010,29,26,0000,District - Mysore  26,Rural,0-4,148576,75557,73019,1448,773,675,1448,773,675,0,0,0,0,0,0,0,0,0,0,0,0
C3010,29,26,0000,District - Mysore  26,Rural,5,32203,16626,15577,2661,1411,1250,2661,1411,1250,0,0,0,0,0,0,0,0,0,0,0,0
C3010,29,26,0000,District - Mysore  26,Rural,6,32063,16037,16026,16112,8123,7989,16112,8123,7989,0,0,0,0,0,0,0,0,0,0,0,0
C3010,29,26,0000,District - Mysore  26,Rural,7,29953,15069,14884,25820,13109,12711,25820,13109,12711,0,0,0,0,0,0,0,0,0,0,0,0
C3010,29,26,0000,District - Mysore  26,Rural,8,35378,17616,17762,31660,15927,15733,31660,15927,15733,0,0,0,0,0,0,0,0,0,0,0,0
C3010,29,26,0000,District - Mysore  26,Rural,9,33081,16572,16509,30439,15374,15065,30439,15374,15065,0,0,0,0,0,0,0,0,0,0,0,0
C3010,29,26,0000,District - Mysore  26,Rural,10,42266,21473,20793,35949,18611,17338,35949,18611,17338,0,0,0,0,0,0,0,0,0,0,0,0
C3010,29,26,0000,District - Mysore  26,Rural,11,29735,14960,14775,25897,13375,12522,25897,13375,12522,0,0,0,0,0,0,0,0,0,0,0,0
C3010,29,26,0000,District - Mysore  26,Rural,12,47222,23491,23731,34641,18230,16411,34641,18230,16411,0,0,0,0,0,0,0,0,0,0,0,0
C3010,29,26,0000,District - Mysore  26,Rural,13,36586,18282,18304,25217,13756,11461,25217,13756,11461,0,0,0,0,0,0,0,0,0,0,0,0
C3010,29,26,0000,District - Mysore  26,Rural,14,40054,20157,19897,22966,13269,9697,22966,13269,9697,0,0,0,0,0,0,0,0,0,0,0,0
C3010,29,26,0000,District - Mysore  26,Rural,15-19,175622,92255,83367,47255,31293,15962,41291,26847,14444,4317,3025,1292,355,251,104,1282,1166,116,10,4,6
C3010,29,26,0000,District - Mysore  26,Rural,20-24,153343,80762,72581,10403,8548,1855,3364,2582,782,5718,4846,872,320,232,88,982,878,104,19,10,9
C3010,29,26,0000,District - Mysore  26,Rural,25-29,145453,70154,75299,2332,2056,276,0,0,0,758,685,73,221,171,50,1318,1185,133,35,15,20
C3010,29,26,0000,District - Mysore  26,Rural,30-34,120092,60375,59717,914,833,81,0,0,0,116,106,10,79,64,15,683,648,35,36,15,21
C3010,29,26,0000,District - Mysore  26,Rural,35-59,414418,217281,197137,922,822,100,0,0,0,74,67,7,142,114,28,622,590,32,84,51,33
C3010,29,26,0000,District - Mysore  26,Rural,60+,141593,68011,73582,260,241,19,0,0,0,24,22,2,18,13,5,200,196,4,18,10,8
C3010,29,26,0000,District - Mysore  26,Rural,Age not stated,1261,701,560,5,4,1,0,0,0,4,3,1,0,0,0,1,1,0,0,0,0
C3010,29,26,0000,District - Mysore  26,Urban,All ages,982128,499291,482837,242214,126203,116011,201631,102157,99474,32152,18545,13607,7646,5063,2583,726,408,318,59,30,29
C3010,29,26,0000,District - Mysore  26,Urban,0-4,76434,39046,37388,1804,920,884,1804,920,884,0,0,0,0,0,0,0,0,0,0,0,0
C3010,29,26,0000,District - Mysore  26,Urban,5,17802,9238,8564,3033,1514,1519,3033,1514,1519,0,0,0,0,0,0,0,0,0,0,0,0
C3010,29,26,0000,District - Mysore  26,Urban,6,16477,8430,8047,8741,4355,4386,8741,4355,4386,0,0,0,0,0,0,0,0,0,0,0,0
C3010,29,26,0000,District - Mysore  26,Urban,7,17955,9028,8927,16448,8259,8189,16448,8259,8189,0,0,0,0,0,0,0,0,0,0,0,0
C3010,29,26,0000,District - Mysore  26,Urban,8,20100,10086,10014,18856,9419,9437,18856,9419,9437,0,0,0,0,0,0,0,0,0,0,0,0
C3010,29,26,0000,District - Mysore  26,Urban,9,17304,8736,8568,16389,8253,8136,16389,8253,8136,0,0,0,0,0,0,0,0,0,0,0,0
C3010,29,26,0000,District - Mysore  26,Urban,10,22937,11813,11124,21244,10849,10395,21244,10849,10395,0,0,0,0,0,0,0,0,0,0,0,0
C3010,29,26,0000,District - Mysore  26,Urban,11,17008,8673,8335,15732,7952,7780,15732,7952,7780,0,0,0,0,0,0,0,0,0,0,0,0
C3010,29,26,0000,District - Mysore  26,Urban,12,23099,11781,11318,20174,10128,10046,20174,10128,10046,0,0,0,0,0,0,0,0,0,0,0,0
C3010,29,26,0000,District - Mysore  26,Urban,13,19441,9691,9750,16628,8201,8427,16628,8201,8427,0,0,0,0,0,0,0,0,0,0,0,0
C3010,29,26,0000,District - Mysore  26,Urban,14,20617,10537,10080,16319,8278,8041,16319,8278,8041,0,0,0,0,0,0,0,0,0,0,0,0
C3010,29,26,0000,District - Mysore  26,Urban,15-19,105350,53413,51937,57707,29836,27871,43148,22137,21011,11201,5643,5558,3070,1891,1179,284,163,121,4,2,2
C3010,29,26,0000,District - Mysore  26,Urban,20-24,102706,51702,51004,24220,14786,9434,3115,1892,1223,18117,10940,7177,2854,1885,969,128,66,62,6,3,3
C3010,29,26,0000,District - Mysore  26,Urban,25-29,92301,43959,48342,3221,2367,854,0,0,0,2033,1482,551,1034,788,246,145,95,50,9,2,7
C3010,29,26,0000,District - Mysore  26,Urban,30-34,76892,38941,37951,653,438,215,0,0,0,324,210,114,269,196,73,51,28,23,9,4,5
C3010,29,26,0000,District - Mysore  26,Urban,35-59,263129,138491,124638,885,562,323,0,0,0,387,227,160,366,269,97,103,49,54,29,17,12
C3010,29,26,0000,District - Mysore  26,Urban,60+,71884,35371,36513,119,73,46,0,0,0,66,37,29,37,27,10,14,7,7,2,2,0
C3010,29,26,0000,District - Mysore  26,Urban,Age not stated,692,355,337,41,13,28,0,0,0,24,6,18,16,7,9,1,0,1,0,0,0
C3010,29,27,0000,District - Chamarajanagar*  27,Total,All ages,965462,489940,475522,175888,96475,79413,164882,88539,76343,8966,6575,2391,1400,943,457,447,304,143,193,114,79
C3010,29,27,0000,District - Chamarajanagar*  27,Total,0-4,79640,40451,39189,828,413,415,828,413,415,0,0,0,0,0,0,0,0,0,0,0,0
C3010,29,27,0000,District - Chamarajanagar*  27,Total,5,17527,8976,8551,1122,594,528,1122,594,528,0,0,0,0,0,0,0,0,0,0,0,0
C3010,29,27,0000,District - Chamarajanagar*  27,Total,6,17770,9084,8686,8315,4300,4015,8315,4300,4015,0,0,0,0,0,0,0,0,0,0,0,0
C3010,29,27,0000,District - Chamarajanagar*  27,Total,7,16468,8408,8060,13491,6957,6534,13491,6957,6534,0,0,0,0,0,0,0,0,0,0,0,0
C3010,29,27,0000,District - Chamarajanagar*  27,Total,8,20034,10136,9898,17312,8856,8456,17312,8856,8456,0,0,0,0,0,0,0,0,0,0,0,0
C3010,29,27,0000,District - Chamarajanagar*  27,Total,9,19008,9608,9400,17118,8765,8353,17118,8765,8353,0,0,0,0,0,0,0,0,0,0,0,0
C3010,29,27,0000,District - Chamarajanagar*  27,Total,10,23475,12030,11445,19507,10130,9377,19507,10130,9377,0,0,0,0,0,0,0,0,0,0,0,0
C3010,29,27,0000,District - Chamarajanagar*  27,Total,11,16362,8230,8132,14051,7167,6884,14051,7167,6884,0,0,0,0,0,0,0,0,0,0,0,0
C3010,29,27,0000,District - Chamarajanagar*  27,Total,12,25348,12723,12625,18305,9562,8743,18305,9562,8743,0,0,0,0,0,0,0,0,0,0,0,0
C3010,29,27,0000,District - Chamarajanagar*  27,Total,13,19260,9866,9394,13654,7372,6282,13654,7372,6282,0,0,0,0,0,0,0,0,0,0,0,0
C3010,29,27,0000,District - Chamarajanagar*  27,Total,14,21812,11381,10431,13279,7406,5873,13279,7406,5873,0,0,0,0,0,0,0,0,0,0,0,0
C3010,29,27,0000,District - Chamarajanagar*  27,Total,15-19,98386,51883,46503,29739,18175,11564,25579,15420,10159,3656,2436,1220,395,255,140,96,54,42,13,10,3
C3010,29,27,0000,District - Chamarajanagar*  27,Total,20-24,89711,45818,43893,7306,5365,1941,2321,1597,724,4471,3444,1027,418,256,162,71,50,21,25,18,7
C3010,29,27,0000,District - Chamarajanagar*  27,Total,25-29,86678,40664,46014,1006,776,230,0,0,0,595,492,103,277,204,73,104,70,34,30,10,20
C3010,29,27,0000,District - Chamarajanagar*  27,Total,30-34,71825,35312,36513,291,222,69,0,0,0,97,86,11,105,80,25,58,38,20,31,18,13
C3010,29,27,0000,District - Chamarajanagar*  27,Total,35-59,254939,132810,122129,469,347,122,0,0,0,104,85,19,177,129,48,107,83,24,81,50,31
C3010,29,27,0000,District - Chamarajanagar*  27,Total,60+,85095,41416,43679,70,47,23,0,0,0,23,15,8,23,15,8,11,9,2,13,8,5
C3010,29,27,0000,District - Chamarajanagar*  27,Total,Age not stated,2124,1144,980,25,21,4,0,0,0,20,17,3,5,4,1,0,0,0,0,0,0
C3010,29,27,0000,District - Chamarajanagar*  27,Rural,All ages,817372,414783,402589,142173,78474,63699,134630,72787,61843,6164,4756,1408,865,595,270,354,243,111,160,93,67
C3010,29,27,0000,District - Chamarajanagar*  27,Rural,0-4,67760,34361,33399,668,329,339,668,329,339,0,0,0,0,0,0,0,0,0,0,0,0
C3010,29,27,0000,District - Chamarajanagar*  27,Rural,5,14787,7563,7224,845,447,398,845,447,398,0,0,0,0,0,0,0,0,0,0,0,0
C3010,29,27,0000,District - Chamarajanagar*  27,Rural,6,15158,7795,7363,6978,3640,3338,6978,3640,3338,0,0,0,0,0,0,0,0,0,0,0,0
C3010,29,27,0000,District - Chamarajanagar*  27,Rural,7,13811,7056,6755,11145,5763,5382,11145,5763,5382,0,0,0,0,0,0,0,0,0,0,0,0
C3010,29,27,0000,District - Chamarajanagar*  27,Rural,8,16984,8592,8392,14510,7440,7070,14510,7440,7070,0,0,0,0,0,0,0,0,0,0,0,0
C3010,29,27,0000,District - Chamarajanagar*  27,Rural,9,16190,8164,8026,14448,7392,7056,14448,7392,7056,0,0,0,0,0,0,0,0,0,0,0,0
C3010,29,27,0000,District - Chamarajanagar*  27,Rural,10,19879,10203,9676,16247,8482,7765,16247,8482,7765,0,0,0,0,0,0,0,0,0,0,0,0
C3010,29,27,0000,District - Chamarajanagar*  27,Rural,11,13702,6888,6814,11644,5966,5678,11644,5966,5678,0,0,0,0,0,0,0,0,0,0,0,0
C3010,29,27,0000,District - Chamarajanagar*  27,Rural,12,21490,10699,10791,15095,7876,7219,15095,7876,7219,0,0,0,0,0,0,0,0,0,0,0,0
C3010,29,27,0000,District - Chamarajanagar*  27,Rural,13,15960,8137,7823,10977,5971,5006,10977,5971,5006,0,0,0,0,0,0,0,0,0,0,0,0
C3010,29,27,0000,District - Chamarajanagar*  27,Rural,14,18259,9512,8747,10684,6018,4666,10684,6018,4666,0,0,0,0,0,0,0,0,0,0,0,0
C3010,29,27,0000,District - Chamarajanagar*  27,Rural,15-19,81606,43303,38303,22288,14102,8186,19524,12171,7353,2483,1747,736,200,136,64,69,39,30,12,9,3
C3010,29,27,0000,District - Chamarajanagar*  27,Rural,20-24,74846,38318,36528,5271,3986,1285,1865,1292,573,3068,2486,582,259,153,106,60,42,18,19,13,6
C3010,29,27,0000,District - Chamarajanagar*  27,Rural,25-29,73114,34246,38868,740,584,156,0,0,0,445,375,70,188,146,42,85,56,29,22,7,15
C3010,29,27,0000,District - Chamarajanagar*  27,Rural,30-34,60682,29751,30931,217,168,49,0,0,0,69,64,5,73,56,17,48,33,15,27,15,12
C3010,29,27,0000,District - Chamarajanagar*  27,Rural,35-59,216853,112829,104024,349,264,85,0,0,0,76,68,8,123,91,32,81,64,17,69,41,28
C3010,29,27,0000,District - Chamarajanagar*  27,Rural,60+,74429,36386,38043,54,36,18,0,0,0,13,8,5,19,11,8,11,9,2,11,8,3
C3010,29,27,0000,District - Chamarajanagar*  27,Rural,Age not stated,1862,980,882,13,10,3,0,0,0,10,8,2,3,2,1,0,0,0,0,0,0
C3010,29,27,0000,District - Chamarajanagar*  27,Urban,All ages,148090,75157,72933,33715,18001,15714,30252,15752,14500,2802,1819,983,535,348,187,93,61,32,33,21,12
C3010,29,27,0000,District - Chamarajanagar*  27,Urban,0-4,11880,6090,5790,160,84,76,160,84,76,0,0,0,0,0,0,0,0,0,0,0,0
C3010,29,27,0000,District - Chamarajanagar*  27,Urban,5,2740,1413,1327,277,147,130,277,147,130,0,0,0,0,0,0,0,0,0,0,0,0
C3010,29,27,0000,District - Chamarajanagar*  27,Urban,6,2612,1289,1323,1337,660,677,1337,660,677,0,0,0,0,0,0,0,0,0,0,0,0
C3010,29,27,0000,District - Chamarajanagar*  27,Urban,7,2657,1352,1305,2346,1194,1152,2346,1194,1152,0,0,0,0,0,0,0,0,0,0,0,0
C3010,29,27,0000,District - Chamarajanagar*  27,Urban,8,3050,1544,1506,2802,1416,1386,2802,1416,1386,0,0,0,0,0,0,0,0,0,0,0,0
C3010,29,27,0000,District - Chamarajanagar*  27,Urban,9,2818,1444,1374,2670,1373,1297,2670,1373,1297,0,0,0,0,0,0,0,0,0,0,0,0
C3010,29,27,0000,District - Chamarajanagar*  27,Urban,10,3596,1827,1769,3260,1648,1612,3260,1648,1612,0,0,0,0,0,0,0,0,0,0,0,0
C3010,29,27,0000,District - Chamarajanagar*  27,Urban,11,2660,1342,1318,2407,1201,1206,2407,1201,1206,0,0,0,0,0,0,0,0,0,0,0,0
C3010,29,27,0000,District - Chamarajanagar*  27,Urban,12,3858,2024,1834,3210,1686,1524,3210,1686,1524,0,0,0,0,0,0,0,0,0,0,0,0
C3010,29,27,0000,District - Chamarajanagar*  27,Urban,13,3300,1729,1571,2677,1401,1276,2677,1401,1276,0,0,0,0,0,0,0,0,0,0,0,0
C3010,29,27,0000,District - Chamarajanagar*  27,Urban,14,3553,1869,1684,2595,1388,1207,2595,1388,1207,0,0,0,0,0,0,0,0,0,0,0,0
C3010,29,27,0000,District - Chamarajanagar*  27,Urban,15-19,16780,8580,8200,7451,4073,3378,6055,3249,2806,1173,689,484,195,119,76,27,15,12,1,1,0
C3010,29,27,0000,District - Chamarajanagar*  27,Urban,20-24,14865,7500,7365,2035,1379,656,456,305,151,1403,958,445,159,103,56,11,8,3,6,5,1
C3010,29,27,0000,District - Chamarajanagar*  27,Urban,25-29,13564,6418,7146,266,192,74,0,0,0,150,117,33,89,58,31,19,14,5,8,3,5
C3010,29,27,0000,District - Chamarajanagar*  27,Urban,30-34,11143,5561,5582,74,54,20,0,0,0,28,22,6,32,24,8,10,5,5,4,3,1
C3010,29,27,0000,District - Chamarajanagar*  27,Urban,35-59,38086,19981,18105,120,83,37,0,0,0,28,17,11,54,38,16,26,19,7,12,9,3
C3010,29,27,0000,District - Chamarajanagar*  27,Urban,60+,10666,5030,5636,16,11,5,0,0,0,10,7,3,4,4,0,0,0,0,2,0,2
C3010,29,27,0000,District - Chamarajanagar*  27,Urban,Age not stated,262,164,98,12,11,1,0,0,0,10,9,1,2,2,0,0,0,0,0,0,0
