Table Name,State Code,District Code,Tehsil Code,Area Name,Total/ Rural/ Urban,Age-group,Total population - Persons,Total population - Males,Total population - Females,Population attending educational institutions - Persons,Population attending educational institutions - Males,Population attending educational institutions - Females,Type of educational institution - School - Persons,Type of educational institution - School - Males,Type of educational institution - School - Females,Type of educational institution - College - Persons,Type of educational institution - College - Males,Type of educational institution - College - Females,Type of educational institution - Vocational institute - Persons,Type of educational institution - Vocational institute - Males,Type of educational institution - Vocational institute - Females,Type of educational institution - Other institute - Persons,Type of educational institution - Other institute - Males,Type of educational institution - Other institute - Females,Type of educational institution - Literacy centre - Persons,Type of educational institution - Literacy centre - Males,Type of educational institution - Literacy centre - Females
C3010,32,00,0000,State - KERALA  32,Total,All ages,31841374,15468614,16372760,7422240,3768662,3653578,6448942,3277509,3171433,643450,297528,345922,221550,129342,92208,102911,62292,40619,5387,1991,3396
C3010,32,00,0000,State - KERALA  32,Total,0-4,2765164,1409487,1355677,123868,62244,61624,123868,62244,61624,0,0,0,0,0,0,0,0,0,0,0,0
C3010,32,00,0000,State - KERALA  32,Total,5,545221,279470,265751,201583,102402,99181,201583,102402,99181,0,0,0,0,0,0,0,0,0,0,0,0
C3010,32,00,0000,State - KERALA  32,Total,6,482761,246070,236691,354451,179573,174878,354451,179573,174878,0,0,0,0,0,0,0,0,0,0,0,0
C3010,32,00,0000,State - KERALA  32,Total,7,501471,254525,246946,480869,243790,237079,480869,243790,237079,0,0,0,0,0,0,0,0,0,0,0,0
C3010,32,00,0000,State - KERALA  32,Total,8,521674,265367,256307,509672,259136,250536,509672,259136,250536,0,0,0,0,0,0,0,0,0,0,0,0
C3010,32,00,0000,State - KERALA  32,Total,9,493054,250247,242807,484224,245705,238519,484224,245705,238519,0,0,0,0,0,0,0,0,0,0,0,0
C3010,32,00,0000,State - KERALA  32,Total,10,586773,302241,284532,574890,296147,278743,574890,296147,278743,0,0,0,0,0,0,0,0,0,0,0,0
C3010,32,00,0000,State - KERALA  32,Total,11,513612,262369,251243,505078,257990,247088,505078,257990,247088,0,0,0,0,0,0,0,0,0,0,0,0
C3010,32,00,0000,State - KERALA  32,Total,12,639568,329463,310105,626078,322395,303683,626078,322395,303683,0,0,0,0,0,0,0,0,0,0,0,0
C3010,32,00,0000,State - KERALA  32,Total,13,628616,315605,313011,612020,307135,304885,612020,307135,304885,0,0,0,0,0,0,0,0,0,0,0,0
C3010,32,00,0000,State - KERALA  32,Total,14,618631,314164,304467,587746,297710,290036,587746,297710,290036,0,0,0,0,0,0,0,0,0,0,0,0
C3010,32,00,0000,State - KERALA  32,Total,15-19,2984506,1484586,1499920,1799347,896468,902879,1343234,677302,665932,288262,122945,165317,114508,65937,48571,52866,30001,22865,477,283,194
C3010,32,00,0000,State - KERALA  32,Total,20-24,2983990,1440467,1543523,472209,243661,228548,45229,25980,19249,326258,157972,168286,72730,42422,30308,27268,16886,10382,724,401,323
C3010,32,00,0000,State - KERALA  32,Total,25-29,2786195,1296905,1489290,53934,33487,20447,0,0,0,20760,12390,8370,22123,13909,8214,10609,6973,3636,442,215,227
C3010,32,00,0000,State - KERALA  32,Total,30-34,2516463,1185807,1330656,12202,7045,5157,0,0,0,3386,1782,1604,4778,2696,2082,3656,2429,1227,382,138,244
C3010,32,00,0000,State - KERALA  32,Total,35-59,8911546,4333565,4577981,19622,11691,7931,0,0,0,3600,1838,1762,6226,3772,2454,7692,5474,2218,2104,607,1497
C3010,32,00,0000,State - KERALA  32,Total,60+,3335675,1484212,1851463,3978,1800,2178,0,0,0,935,461,474,1055,527,528,745,476,269,1243,336,907
C3010,32,00,0000,State - KERALA  32,Total,Age not stated,26454,14064,12390,469,283,186,0,0,0,249,140,109,130,79,51,75,53,22,15,11,4
C3010,32,00,0000,State - KERALA  32,Rural,All ages,23574449,11451282,12123167,5486377,2792574,2693803,4822156,2453567,2368589,432943,202961,229982,152358,89732,62626,74865,44804,30061,4055,1510,2545
C3010,32,00,0000,State - KERALA  32,Rural,0-4,2085053,1062041,1023012,87652,43811,43841,87652,43811,43841,0,0,0,0,0,0,0,0,0,0,0,0
C3010,32,00,0000,State - KERALA  32,Rural,5,411721,211062,200659,146872,74480,72392,146872,74480,72392,0,0,0,0,0,0,0,0,0,0,0,0
C3010,32,00,0000,State - KERALA  32,Rural,6,360912,184130,176782,264299,133895,130404,264299,133895,130404,0,0,0,0,0,0,0,0,0,0,0,0
C3010,32,00,0000,State - KERALA  32,Rural,7,374727,189816,184911,358657,181439,177218,358657,181439,177218,0,0,0,0,0,0,0,0,0,0,0,0
C3010,32,00,0000,State - KERALA  32,Rural,8,392035,199547,192488,382599,194629,187970,382599,194629,187970,0,0,0,0,0,0,0,0,0,0,0,0
C3010,32,00,0000,State - KERALA  32,Rural,9,371176,188296,182880,364314,184781,179533,364314,184781,179533,0,0,0,0,0,0,0,0,0,0,0,0
C3010,32,00,0000,State - KERALA  32,Rural,10,440991,227403,213588,431757,222680,209077,431757,222680,209077,0,0,0,0,0,0,0,0,0,0,0,0
C3010,32,00,0000,State - KERALA  32,Rural,11,384134,196364,187770,377651,193036,184615,377651,193036,184615,0,0,0,0,0,0,0,0,0,0,0,0
C3010,32,00,0000,State - KERALA  32,Rural,12,484350,249455,234895,473852,243982,229870,473852,243982,229870,0,0,0,0,0,0,0,0,0,0,0,0
C3010,32,00,0000,State - KERALA  32,Rural,13,474764,238342,236422,461803,231740,230063,461803,231740,230063,0,0,0,0,0,0,0,0,0,0,0,0
C3010,32,00,0000,State - KERALA  32,Rural,14,466731,236816,229915,442538,224006,218532,442538,224006,218532,0,0,0,0,0,0,0,0,0,0,0,0
C3010,32,00,0000,State - KERALA  32,Rural,15-19,2236959,1113279,1123680,1316139,660954,655185,996359,505500,490859,198150,85681,112469,80508,46639,33869,40758,22915,17843,364,219,145
C3010,32,00,0000,State - KERALA  32,Rural,20-24,2214417,1070197,1144220,321336,168668,152668,33803,19588,14215,216567,106530,110037,50420,29827,20593,20034,12440,7594,512,283,229
C3010,32,00,0000,State - KERALA  32,Rural,25-29,2050842,952190,1098652,34413,21723,12690,0,0,0,13443,8204,5239,13878,8870,5008,6777,4495,2282,315,154,161
C3010,32,00,0000,State - KERALA  32,Rural,30-34,1835928,862361,973567,7384,4357,3027,0,0,0,2036,1128,908,2837,1648,1189,2248,1485,763,263,96,167
C3010,32,00,0000,State - KERALA  32,Rural,35-59,6491737,3149610,3342127,12081,7014,5067,0,0,0,2017,1047,970,3903,2343,1560,4540,3155,1385,1621,469,1152
C3010,32,00,0000,State - KERALA  32,Rural,60+,2479112,1110329,1368783,2728,1187,1541,0,0,0,574,284,290,736,352,384,449,271,178,969,280,689
C3010,32,00,0000,State - KERALA  32,Rural,Age not stated,18860,10044,8816,302,192,110,0,0,0,156,87,69,76,53,23,59,43,16,11,9,2
C3010,32,00,0000,State - KERALA  32,Urban,All ages,8266925,4017332,4249593,1935863,976088,959775,1626786,823942,802844,210507,94567,115940,69192,39610,29582,28046,17488,10558,1332,481,851
C3010,32,00,0000,State - KERALA  32,Urban,0-4,680111,347446,332665,36216,18433,17783,36216,18433,17783,0,0,0,0,0,0,0,0,0,0,0,0
C3010,32,00,0000,State - KERALA  32,Urban,5,133500,68408,65092,54711,27922,26789,54711,27922,26789,0,0,0,0,0,0,0,0,0,0,0,0
C3010,32,00,0000,State - KERALA  32,Urban,6,121849,61940,59909,90152,45678,44474,90152,45678,44474,0,0,0,0,0,0,0,0,0,0,0,0
C3010,32,00,0000,State - KERALA  32,Urban,7,126744,64709,62035,122212,62351,59861,122212,62351,59861,0,0,0,0,0,0,0,0,0,0,0,0
C3010,32,00,0000,State - KERALA  32,Urban,8,129639,65820,63819,127073,64507,62566,127073,64507,62566,0,0,0,0,0,0,0,0,0,0,0,0
C3010,32,00,0000,State - KERALA  32,Urban,9,121878,61951,59927,119910,60924,58986,119910,60924,58986,0,0,0,0,0,0,0,0,0,0,0,0
C3010,32,00,0000,State - KERALA  32,Urban,10,145782,74838,70944,143133,73467,69666,143133,73467,69666,0,0,0,0,0,0,0,0,0,0,0,0
C3010,32,00,0000,State - KERALA  32,Urban,11,129478,66005,63473,127427,64954,62473,127427,64954,62473,0,0,0,0,0,0,0,0,0,0,0,0
C3010,32,00,0000,State - KERALA  32,Urban,12,155218,80008,75210,152226,78413,73813,152226,78413,73813,0,0,0,0,0,0,0,0,0,0,0,0
C3010,32,00,0000,State - KERALA  32,Urban,13,153852,77263,76589,150217,75395,74822,150217,75395,74822,0,0,0,0,0,0,0,0,0,0,0,0
C3010,32,00,0000,State - KERALA  32,Urban,14,151900,77348,74552,145208,73704,71504,145208,73704,71504,0,0,0,0,0,0,0,0,0,0,0,0
C3010,32,00,0000,State - KERALA  32,Urban,15-19,747547,371307,376240,483208,235514,247694,346875,171802,175073,90112,37264,52848,34000,19298,14702,12108,7086,5022,113,64,49
C3010,32,00,0000,State - KERALA  32,Urban,20-24,769573,370270,399303,150873,74993,75880,11426,6392,5034,109691,51442,58249,22310,12595,9715,7234,4446,2788,212,118,94
C3010,32,00,0000,State - KERALA  32,Urban,25-29,735353,344715,390638,19521,11764,7757,0,0,0,7317,4186,3131,8245,5039,3206,3832,2478,1354,127,61,66
C3010,32,00,0000,State - KERALA  32,Urban,30-34,680535,323446,357089,4818,2688,2130,0,0,0,1350,654,696,1941,1048,893,1408,944,464,119,42,77
C3010,32,00,0000,State - KERALA  32,Urban,35-59,2419809,1183955,1235854,7541,4677,2864,0,0,0,1583,791,792,2323,1429,894,3152,2319,833,483,138,345
C3010,32,00,0000,State - KERALA  32,Urban,60+,856563,373883,482680,1250,613,637,0,0,0,361,177,184,319,175,144,296,205,91,274,56,218
C3010,32,00,0000,State - KERALA  32,Urban,Age not stated,7594,4020,3574,167,91,76,0,0,0,93,53,40,54,26,28,16,10,6,4,2,2
C3010,32,01,0000,District - Kasaragod  01,Total,All ages,1204078,588083,615995,285918,148518,137400,260882,135254,125628,16873,8429,8444,5139,2987,2152,2871,1785,1086,153,63,90
C3010,32,01,0000,District - Kasaragod  01,Total,0-4,115459,58999,56460,2736,1365,1371,2736,1365,1371,0,0,0,0,0,0,0,0,0,0,0,0
C3010,32,01,0000,District - Kasaragod  01,Total,5,22621,11525,11096,5920,3002,2918,5920,3002,2918,0,0,0,0,0,0,0,0,0,0,0,0
C3010,32,01,0000,District - Kasaragod  01,Total,6,20922,10621,10301,14133,7108,7025,14133,7108,7025,0,0,0,0,0,0,0,0,0,0,0,0
C3010,32,01,0000,District - Kasaragod  01,Total,7,21985,11211,10774,20625,10496,10129,20625,10496,10129,0,0,0,0,0,0,0,0,0,0,0,0
C3010,32,01,0000,District - Kasaragod  01,Total,8,23021,11746,11275,22272,11344,10928,22272,11344,10928,0,0,0,0,0,0,0,0,0,0,0,0
C3010,32,01,0000,District - Kasaragod  01,Total,9,21963,11245,10718,21426,10943,10483,21426,10943,10483,0,0,0,0,0,0,0,0,0,0,0,0
C3010,32,01,0000,District - Kasaragod  01,Total,10,26102,13499,12603,25424,13150,12274,25424,13150,12274,0,0,0,0,0,0,0,0,0,0,0,0
C3010,32,01,0000,District - Kasaragod  01,Total,11,21931,11325,10606,21404,11053,10351,21404,11053,10351,0,0,0,0,0,0,0,0,0,0,0,0
C3010,32,01,0000,District - Kasaragod  01,Total,12,27782,14334,13448,26600,13782,12818,26600,13782,12818,0,0,0,0,0,0,0,0,0,0,0,0
C3010,32,01,0000,District - Kasaragod  01,Total,13,26773,13552,13221,25092,12822,12270,25092,12822,12270,0,0,0,0,0,0,0,0,0,0,0,0
C3010,32,01,0000,District - Kasaragod  01,Total,14,27207,13900,13307,24105,12575,11530,24105,12575,11530,0,0,0,0,0,0,0,0,0,0,0,0
C3010,32,01,0000,District - Kasaragod  01,Total,15-19,134759,66744,68015,62607,33274,29333,49578,26647,22931,8404,3931,4473,2839,1618,1221,1775,1072,703,11,6,5
C3010,32,01,0000,District - Kasaragod  01,Total,20-24,123852,59792,64060,11957,6580,5377,1567,967,600,7871,4116,3755,1705,965,740,787,515,272,27,17,10
C3010,32,01,0000,District - Kasaragod  01,Total,25-29,105173,48501,56672,1018,668,350,0,0,0,452,299,153,357,235,122,194,128,66,15,6,9
C3010,32,01,0000,District - Kasaragod  01,Total,30-34,87063,41096,45967,208,137,71,0,0,0,70,49,21,83,60,23,46,25,21,9,3,6
C3010,32,01,0000,District - Kasaragod  01,Total,35-59,297629,144617,153012,306,176,130,0,0,0,48,26,22,127,90,37,58,39,19,73,21,52
C3010,32,01,0000,District - Kasaragod  01,Total,60+,98838,44855,53983,70,36,34,0,0,0,19,5,14,26,19,7,8,3,5,17,9,8
C3010,32,01,0000,District - Kasaragod  01,Total,Age not stated,998,521,477,15,7,8,0,0,0,9,3,6,2,0,2,3,3,0,1,1,0
C3010,32,01,0000,District - Kasaragod  01,Rural,All ages,970378,475196,495182,229830,119779,110051,210934,109400,101534,12940,6635,6305,3623,2300,1323,2220,1395,825,113,49,64
C3010,32,01,0000,District - Kasaragod  01,Rural,0-4,94152,48044,46108,2149,1051,1098,2149,1051,1098,0,0,0,0,0,0,0,0,0,0,0,0
C3010,32,01,0000,District - Kasaragod  01,Rural,5,18546,9499,9047,4809,2438,2371,4809,2438,2371,0,0,0,0,0,0,0,0,0,0,0,0
C3010,32,01,0000,District - Kasaragod  01,Rural,6,17034,8642,8392,11476,5742,5734,11476,5742,5734,0,0,0,0,0,0,0,0,0,0,0,0
C3010,32,01,0000,District - Kasaragod  01,Rural,7,17879,9093,8786,16724,8485,8239,16724,8485,8239,0,0,0,0,0,0,0,0,0,0,0,0
C3010,32,01,0000,District - Kasaragod  01,Rural,8,18708,9577,9131,18071,9234,8837,18071,9234,8837,0,0,0,0,0,0,0,0,0,0,0,0
C3010,32,01,0000,District - Kasaragod  01,Rural,9,17852,9158,8694,17385,8890,8495,17385,8890,8495,0,0,0,0,0,0,0,0,0,0,0,0
C3010,32,01,0000,District - Kasaragod  01,Rural,10,21178,10944,10234,20606,10644,9962,20606,10644,9962,0,0,0,0,0,0,0,0,0,0,0,0
C3010,32,01,0000,District - Kasaragod  01,Rural,11,17735,9164,8571,17284,8929,8355,17284,8929,8355,0,0,0,0,0,0,0,0,0,0,0,0
C3010,32,01,0000,District - Kasaragod  01,Rural,12,22714,11701,11013,21691,11214,10477,21691,11214,10477,0,0,0,0,0,0,0,0,0,0,0,0
C3010,32,01,0000,District - Kasaragod  01,Rural,13,21782,11070,10712,20357,10449,9908,20357,10449,9908,0,0,0,0,0,0,0,0,0,0,0,0
C3010,32,01,0000,District - Kasaragod  01,Rural,14,22165,11343,10822,19458,10202,9256,19458,10202,9256,0,0,0,0,0,0,0,0,0,0,0,0
C3010,32,01,0000,District - Kasaragod  01,Rural,15-19,108894,53894,55000,49593,26545,23048,39665,21358,18307,6566,3117,3449,1978,1240,738,1376,826,550,8,4,4
C3010,32,01,0000,District - Kasaragod  01,Rural,20-24,99019,47943,51076,8980,5145,3835,1259,764,495,5921,3224,2697,1166,725,441,614,418,196,20,14,6
C3010,32,01,0000,District - Kasaragod  01,Rural,25-29,84400,38799,45601,764,507,257,0,0,0,337,225,112,279,185,94,136,93,43,12,4,8
C3010,32,01,0000,District - Kasaragod  01,Rural,30-34,69854,33129,36725,171,117,54,0,0,0,56,41,15,69,51,18,40,24,16,6,1,5
C3010,32,01,0000,District - Kasaragod  01,Rural,35-59,237873,115813,122060,251,154,97,0,0,0,39,22,17,109,82,27,48,31,17,55,19,36
C3010,32,01,0000,District - Kasaragod  01,Rural,60+,79793,36961,42832,51,27,24,0,0,0,15,4,11,22,17,5,3,0,3,11,6,5
C3010,32,01,0000,District - Kasaragod  01,Rural,Age not stated,800,422,378,10,6,4,0,0,0,6,2,4,0,0,0,3,3,0,1,1,0
C3010,32,01,0000,District - Kasaragod  01,Urban,All ages,233700,112887,120813,56088,28739,27349,49948,25854,24094,3933,1794,2139,1516,687,829,651,390,261,40,14,26
C3010,32,01,0000,District - Kasaragod  01,Urban,0-4,21307,10955,10352,587,314,273,587,314,273,0,0,0,0,0,0,0,0,0,0,0,0
C3010,32,01,0000,District - Kasaragod  01,Urban,5,4075,2026,2049,1111,564,547,1111,564,547,0,0,0,0,0,0,0,0,0,0,0,0
C3010,32,01,0000,District - Kasaragod  01,Urban,6,3888,1979,1909,2657,1366,1291,2657,1366,1291,0,0,0,0,0,0,0,0,0,0,0,0
C3010,32,01,0000,District - Kasaragod  01,Urban,7,4106,2118,1988,3901,2011,1890,3901,2011,1890,0,0,0,0,0,0,0,0,0,0,0,0
C3010,32,01,0000,District - Kasaragod  01,Urban,8,4313,2169,2144,4201,2110,2091,4201,2110,2091,0,0,0,0,0,0,0,0,0,0,0,0
C3010,32,01,0000,District - Kasaragod  01,Urban,9,4111,2087,2024,4041,2053,1988,4041,2053,1988,0,0,0,0,0,0,0,0,0,0,0,0
C3010,32,01,0000,District - Kasaragod  01,Urban,10,4924,2555,2369,4818,2506,2312,4818,2506,2312,0,0,0,0,0,0,0,0,0,0,0,0
C3010,32,01,0000,District - Kasaragod  01,Urban,11,4196,2161,2035,4120,2124,1996,4120,2124,1996,0,0,0,0,0,0,0,0,0,0,0,0
C3010,32,01,0000,District - Kasaragod  01,Urban,12,5068,2633,2435,4909,2568,2341,4909,2568,2341,0,0,0,0,0,0,0,0,0,0,0,0
C3010,32,01,0000,District - Kasaragod  01,Urban,13,4991,2482,2509,4735,2373,2362,4735,2373,2362,0,0,0,0,0,0,0,0,0,0,0,0
C3010,32,01,0000,District - Kasaragod  01,Urban,14,5042,2557,2485,4647,2373,2274,4647,2373,2274,0,0,0,0,0,0,0,0,0,0,0,0
C3010,32,01,0000,District - Kasaragod  01,Urban,15-19,25865,12850,13015,13014,6729,6285,9913,5289,4624,1838,814,1024,861,378,483,399,246,153,3,2,1
C3010,32,01,0000,District - Kasaragod  01,Urban,20-24,24833,11849,12984,2977,1435,1542,308,203,105,1950,892,1058,539,240,299,173,97,76,7,3,4
C3010,32,01,0000,District - Kasaragod  01,Urban,25-29,20773,9702,11071,254,161,93,0,0,0,115,74,41,78,50,28,58,35,23,3,2,1
C3010,32,01,0000,District - Kasaragod  01,Urban,30-34,17209,7967,9242,37,20,17,0,0,0,14,8,6,14,9,5,6,1,5,3,2,1
C3010,32,01,0000,District - Kasaragod  01,Urban,35-59,59756,28804,30952,55,22,33,0,0,0,9,4,5,18,8,10,10,8,2,18,2,16
C3010,32,01,0000,District - Kasaragod  01,Urban,60+,19045,7894,11151,19,9,10,0,0,0,4,1,3,4,2,2,5,3,2,6,3,3
C3010,32,01,0000,District - Kasaragod  01,Urban,Age not stated,198,99,99,5,1,4,0,0,0,3,1,2,2,0,2,0,0,0,0,0,0
C3010,32,02,0000,District - Kannur  02,Total,All ages,2408956,1152817,1256139,573876,287515,286361,498467,251619,246848,52166,22497,29669,15989,9227,6762,7008,4084,2924,246,88,158
C3010,32,02,0000,District - Kannur  02,Total,0-4,204098,104086,100012,7527,3718,3809,7527,3718,3809,0,0,0,0,0,0,0,0,0,0,0,0
C3010,32,02,0000,District - Kannur  02,Total,5,39576,20257,19319,12392,6259,6133,12392,6259,6133,0,0,0,0,0,0,0,0,0,0,0,0
C3010,32,02,0000,District - Kannur  02,Total,6,36129,18282,17847,26348,13213,13135,26348,13213,13135,0,0,0,0,0,0,0,0,0,0,0,0
C3010,32,02,0000,District - Kannur  02,Total,7,39390,20149,19241,37993,19407,18586,37993,19407,18586,0,0,0,0,0,0,0,0,0,0,0,0
C3010,32,02,0000,District - Kannur  02,Total,8,40337,20526,19811,39569,20126,19443,39569,20126,19443,0,0,0,0,0,0,0,0,0,0,0,0
C3010,32,02,0000,District - Kannur  02,Total,9,38222,19544,18678,37681,19265,18416,37681,19265,18416,0,0,0,0,0,0,0,0,0,0,0,0
C3010,32,02,0000,District - Kannur  02,Total,10,44438,22902,21536,43791,22557,21234,43791,22557,21234,0,0,0,0,0,0,0,0,0,0,0,0
C3010,32,02,0000,District - Kannur  02,Total,11,39788,20150,19638,39311,19922,19389,39311,19922,19389,0,0,0,0,0,0,0,0,0,0,0,0
C3010,32,02,0000,District - Kannur  02,Total,12,48613,24921,23692,47843,24496,23347,47843,24496,23347,0,0,0,0,0,0,0,0,0,0,0,0
C3010,32,02,0000,District - Kannur  02,Total,13,48456,24238,24218,47368,23660,23708,47368,23660,23708,0,0,0,0,0,0,0,0,0,0,0,0
C3010,32,02,0000,District - Kannur  02,Total,14,48723,24646,24077,46572,23495,23077,46572,23495,23077,0,0,0,0,0,0,0,0,0,0,0,0
C3010,32,02,0000,District - Kannur  02,Total,15-19,241889,119619,122270,145400,70448,74952,108878,53731,55147,24714,9911,14803,8227,4852,3375,3559,1941,1618,22,13,9
C3010,32,02,0000,District - Kannur  02,Total,20-24,239450,115360,124090,36259,17610,18649,3194,1770,1424,25729,11638,14091,5358,3043,2315,1935,1130,805,43,29,14
C3010,32,02,0000,District - Kannur  02,Total,25-29,213544,98508,115036,3780,2125,1655,0,0,0,1310,742,568,1735,956,779,723,419,304,12,8,4
C3010,32,02,0000,District - Kannur  02,Total,30-34,186682,85265,101417,761,420,341,0,0,0,188,101,87,295,129,166,261,187,74,17,3,14
C3010,32,02,0000,District - Kannur  02,Total,35-59,651199,306295,344904,1090,700,390,0,0,0,177,86,91,332,221,111,482,370,112,99,23,76
C3010,32,02,0000,District - Kannur  02,Total,60+,246752,107195,139557,171,85,86,0,0,0,32,12,20,39,24,15,47,37,10,53,12,41
C3010,32,02,0000,District - Kannur  02,Total,Age not stated,1670,874,796,20,9,11,0,0,0,16,7,9,3,2,1,1,0,1,0,0,0
C3010,32,02,0000,District - Kannur  02,Rural,All ages,1196058,578544,617514,289004,144724,144280,253510,127536,125974,24970,11223,13747,6979,4008,2971,3397,1913,1484,148,44,104
C3010,32,02,0000,District - Kannur  02,Rural,0-4,104255,53226,51029,4068,2008,2060,4068,2008,2060,0,0,0,0,0,0,0,0,0,0,0,0
C3010,32,02,0000,District - Kannur  02,Rural,5,20566,10518,10048,6584,3257,3327,6584,3257,3327,0,0,0,0,0,0,0,0,0,0,0,0
C3010,32,02,0000,District - Kannur  02,Rural,6,18330,9168,9162,13743,6782,6961,13743,6782,6961,0,0,0,0,0,0,0,0,0,0,0,0
C3010,32,02,0000,District - Kannur  02,Rural,7,19676,9937,9739,18949,9537,9412,18949,9537,9412,0,0,0,0,0,0,0,0,0,0,0,0
C3010,32,02,0000,District - Kannur  02,Rural,8,20302,10359,9943,19897,10147,9750,19897,10147,9750,0,0,0,0,0,0,0,0,0,0,0,0
C3010,32,02,0000,District - Kannur  02,Rural,9,19314,9871,9443,19033,9729,9304,19033,9729,9304,0,0,0,0,0,0,0,0,0,0,0,0
C3010,32,02,0000,District - Kannur  02,Rural,10,21980,11387,10593,21645,11208,10437,21645,11208,10437,0,0,0,0,0,0,0,0,0,0,0,0
C3010,32,02,0000,District - Kannur  02,Rural,11,19892,10071,9821,19668,9953,9715,19668,9953,9715,0,0,0,0,0,0,0,0,0,0,0,0
C3010,32,02,0000,District - Kannur  02,Rural,12,24674,12626,12048,24293,12405,11888,24293,12405,11888,0,0,0,0,0,0,0,0,0,0,0,0
C3010,32,02,0000,District - Kannur  02,Rural,13,25023,12473,12550,24443,12149,12294,24443,12149,12294,0,0,0,0,0,0,0,0,0,0,0,0
C3010,32,02,0000,District - Kannur  02,Rural,14,24681,12458,12223,23587,11855,11732,23587,11855,11732,0,0,0,0,0,0,0,0,0,0,0,0
C3010,32,02,0000,District - Kannur  02,Rural,15-19,122954,60742,62212,73432,35561,37871,55927,27541,28386,11911,4894,7017,3669,2108,1561,1913,1011,902,12,7,5
C3010,32,02,0000,District - Kannur  02,Rural,20-24,120705,58489,62216,17365,8767,8598,1673,965,708,12208,5811,6397,2460,1388,1072,1005,593,412,19,10,9
C3010,32,02,0000,District - Kannur  02,Rural,25-29,105493,49157,56336,1635,1011,624,0,0,0,672,418,254,651,406,245,309,185,124,3,2,1
C3010,32,02,0000,District - Kannur  02,Rural,30-34,91614,42931,48683,267,153,114,0,0,0,85,52,33,93,45,48,77,54,23,12,2,10
C3010,32,02,0000,District - Kannur  02,Rural,35-59,316509,151284,165225,312,167,145,0,0,0,68,36,32,91,52,39,85,66,19,68,13,55
C3010,32,02,0000,District - Kannur  02,Rural,60+,119342,53449,65893,76,31,45,0,0,0,20,8,12,15,9,6,7,4,3,34,10,24
C3010,32,02,0000,District - Kannur  02,Rural,Age not stated,748,398,350,7,4,3,0,0,0,6,4,2,0,0,0,1,0,1,0,0,0
C3010,32,02,0000,District - Kannur  02,Urban,All ages,1212898,574273,638625,284872,142791,142081,244957,124083,120874,27196,11274,15922,9010,5219,3791,3611,2171,1440,98,44,54
C3010,32,02,0000,District - Kannur  02,Urban,0-4,99843,50860,48983,3459,1710,1749,3459,1710,1749,0,0,0,0,0,0,0,0,0,0,0,0
C3010,32,02,0000,District - Kannur  02,Urban,5,19010,9739,9271,5808,3002,2806,5808,3002,2806,0,0,0,0,0,0,0,0,0,0,0,0
C3010,32,02,0000,District - Kannur  02,Urban,6,17799,9114,8685,12605,6431,6174,12605,6431,6174,0,0,0,0,0,0,0,0,0,0,0,0
C3010,32,02,0000,District - Kannur  02,Urban,7,19714,10212,9502,19044,9870,9174,19044,9870,9174,0,0,0,0,0,0,0,0,0,0,0,0
C3010,32,02,0000,District - Kannur  02,Urban,8,20035,10167,9868,19672,9979,9693,19672,9979,9693,0,0,0,0,0,0,0,0,0,0,0,0
C3010,32,02,0000,District - Kannur  02,Urban,9,18908,9673,9235,18648,9536,9112,18648,9536,9112,0,0,0,0,0,0,0,0,0,0,0,0
C3010,32,02,0000,District - Kannur  02,Urban,10,22458,11515,10943,22146,11349,10797,22146,11349,10797,0,0,0,0,0,0,0,0,0,0,0,0
C3010,32,02,0000,District - Kannur  02,Urban,11,19896,10079,9817,19643,9969,9674,19643,9969,9674,0,0,0,0,0,0,0,0,0,0,0,0
C3010,32,02,0000,District - Kannur  02,Urban,12,23939,12295,11644,23550,12091,11459,23550,12091,11459,0,0,0,0,0,0,0,0,0,0,0,0
C3010,32,02,0000,District - Kannur  02,Urban,13,23433,11765,11668,22925,11511,11414,22925,11511,11414,0,0,0,0,0,0,0,0,0,0,0,0
C3010,32,02,0000,District - Kannur  02,Urban,14,24042,12188,11854,22985,11640,11345,22985,11640,11345,0,0,0,0,0,0,0,0,0,0,0,0
C3010,32,02,0000,District - Kannur  02,Urban,15-19,118935,58877,60058,71968,34887,37081,52951,26190,26761,12803,5017,7786,4558,2744,1814,1646,930,716,10,6,4
C3010,32,02,0000,District - Kannur  02,Urban,20-24,118745,56871,61874,18894,8843,10051,1521,805,716,13521,5827,7694,2898,1655,1243,930,537,393,24,19,5
C3010,32,02,0000,District - Kannur  02,Urban,25-29,108051,49351,58700,2145,1114,1031,0,0,0,638,324,314,1084,550,534,414,234,180,9,6,3
C3010,32,02,0000,District - Kannur  02,Urban,30-34,95068,42334,52734,494,267,227,0,0,0,103,49,54,202,84,118,184,133,51,5,1,4
C3010,32,02,0000,District - Kannur  02,Urban,35-59,334690,155011,179679,778,533,245,0,0,0,109,50,59,241,169,72,397,304,93,31,10,21
C3010,32,02,0000,District - Kannur  02,Urban,60+,127410,53746,73664,95,54,41,0,0,0,12,4,8,24,15,9,40,33,7,19,2,17
C3010,32,02,0000,District - Kannur  02,Urban,Age not stated,922,476,446,13,5,8,0,0,0,10,3,7,3,2,1,0,0,0,0,0,0
C3010,32,03,0000,District - Wayanad  03,Total,All ages,780619,391273,389346,172991,87378,85613,155691,78796,76895,11965,5675,6290,3296,1722,1574,1914,1131,783,125,54,71
C3010,32,03,0000,District - Wayanad  03,Total,0-4,77165,39348,37817,2006,976,1030,2006,976,1030,0,0,0,0,0,0,0,0,0,0,0,0
C3010,32,03,0000,District - Wayanad  03,Total,5,14398,7392,7006,3774,1852,1922,3774,1852,1922,0,0,0,0,0,0,0,0,0,0,0,0
C3010,32,03,0000,District - Wayanad  03,Total,6,12495,6376,6119,8535,4264,4271,8535,4264,4271,0,0,0,0,0,0,0,0,0,0,0,0
C3010,32,03,0000,District - Wayanad  03,Total,7,12570,6284,6286,11705,5846,5859,11705,5846,5859,0,0,0,0,0,0,0,0,0,0,0,0
C3010,32,03,0000,District - Wayanad  03,Total,8,13444,6825,6619,12748,6463,6285,12748,6463,6285,0,0,0,0,0,0,0,0,0,0,0,0
C3010,32,03,0000,District - Wayanad  03,Total,9,12873,6428,6445,12390,6174,6216,12390,6174,6216,0,0,0,0,0,0,0,0,0,0,0,0
C3010,32,03,0000,District - Wayanad  03,Total,10,15571,8068,7503,14773,7628,7145,14773,7628,7145,0,0,0,0,0,0,0,0,0,0,0,0
C3010,32,03,0000,District - Wayanad  03,Total,11,13133,6722,6411,12671,6482,6189,12671,6482,6189,0,0,0,0,0,0,0,0,0,0,0,0
C3010,32,03,0000,District - Wayanad  03,Total,12,16919,8790,8129,15871,8243,7628,15871,8243,7628,0,0,0,0,0,0,0,0,0,0,0,0
C3010,32,03,0000,District - Wayanad  03,Total,13,15670,7923,7747,14688,7404,7284,14688,7404,7284,0,0,0,0,0,0,0,0,0,0,0,0
C3010,32,03,0000,District - Wayanad  03,Total,14,15342,7653,7689,13767,6810,6957,13767,6810,6957,0,0,0,0,0,0,0,0,0,0,0,0
C3010,32,03,0000,District - Wayanad  03,Total,15-19,78527,38937,39590,40061,19854,20207,31594,15994,15600,5513,2313,3200,1842,944,898,1091,592,499,21,11,10
C3010,32,03,0000,District - Wayanad  03,Total,20-24,81831,39401,42430,8674,4579,4095,1169,660,509,5932,3043,2889,1042,535,507,511,330,181,20,11,9
C3010,32,03,0000,District - Wayanad  03,Total,25-29,75858,37562,38296,840,546,294,0,0,0,390,257,133,272,171,101,164,112,52,14,6,8
C3010,32,03,0000,District - Wayanad  03,Total,30-34,61634,31004,30630,169,89,80,0,0,0,59,29,30,48,22,26,55,34,21,7,4,3
C3010,32,03,0000,District - Wayanad  03,Total,35-59,204431,105144,99287,262,142,120,0,0,0,47,20,27,80,47,33,85,60,25,50,15,35
C3010,32,03,0000,District - Wayanad  03,Total,60+,58097,27080,31017,41,15,26,0,0,0,9,2,7,11,3,8,8,3,5,13,7,6
C3010,32,03,0000,District - Wayanad  03,Total,Age not stated,661,336,325,16,11,5,0,0,0,15,11,4,1,0,1,0,0,0,0,0,0
C3010,32,03,0000,District - Wayanad  03,Rural,All ages,751007,376424,374583,165826,83797,82029,149369,75574,73795,11484,5460,6024,3017,1628,1389,1834,1082,752,122,53,69
C3010,32,03,0000,District - Wayanad  03,Rural,0-4,74395,37937,36458,1857,903,954,1857,903,954,0,0,0,0,0,0,0,0,0,0,0,0
C3010,32,03,0000,District - Wayanad  03,Rural,5,13890,7135,6755,3573,1752,1821,3573,1752,1821,0,0,0,0,0,0,0,0,0,0,0,0
C3010,32,03,0000,District - Wayanad  03,Rural,6,11991,6126,5865,8156,4081,4075,8156,4081,4075,0,0,0,0,0,0,0,0,0,0,0,0
C3010,32,03,0000,District - Wayanad  03,Rural,7,12083,6027,6056,11246,5606,5640,11246,5606,5640,0,0,0,0,0,0,0,0,0,0,0,0
C3010,32,03,0000,District - Wayanad  03,Rural,8,12951,6554,6397,12266,6201,6065,12266,6201,6065,0,0,0,0,0,0,0,0,0,0,0,0
C3010,32,03,0000,District - Wayanad  03,Rural,9,12421,6223,6198,11950,5975,5975,11950,5975,5975,0,0,0,0,0,0,0,0,0,0,0,0
C3010,32,03,0000,District - Wayanad  03,Rural,10,14951,7747,7204,14182,7326,6856,14182,7326,6856,0,0,0,0,0,0,0,0,0,0,0,0
C3010,32,03,0000,District - Wayanad  03,Rural,11,12583,6454,6129,12133,6220,5913,12133,6220,5913,0,0,0,0,0,0,0,0,0,0,0,0
C3010,32,03,0000,District - Wayanad  03,Rural,12,16248,8450,7798,15232,7918,7314,15232,7918,7314,0,0,0,0,0,0,0,0,0,0,0,0
C3010,32,03,0000,District - Wayanad  03,Rural,13,15073,7623,7450,14130,7125,7005,14130,7125,7005,0,0,0,0,0,0,0,0,0,0,0,0
C3010,32,03,0000,District - Wayanad  03,Rural,14,14727,7333,7394,13203,6519,6684,13203,6519,6684,0,0,0,0,0,0,0,0,0,0,0,0
C3010,32,03,0000,District - Wayanad  03,Rural,15-19,75531,37441,38090,38398,19013,19385,30319,15317,15002,5293,2223,3070,1713,898,815,1052,564,488,21,11,10
C3010,32,03,0000,District - Wayanad  03,Rural,20-24,78709,37931,40778,8244,4396,3848,1122,631,491,5694,2932,2762,919,503,416,489,319,170,20,11,9
C3010,32,03,0000,District - Wayanad  03,Rural,25-29,73022,36193,36829,789,518,271,0,0,0,375,248,127,250,159,91,150,105,45,14,6,8
C3010,32,03,0000,District - Wayanad  03,Rural,30-34,59224,29815,29409,161,84,77,0,0,0,55,26,29,46,21,25,53,33,20,7,4,3
C3010,32,03,0000,District - Wayanad  03,Rural,35-59,196227,100827,95400,252,136,116,0,0,0,44,19,25,77,44,33,83,59,24,48,14,34
C3010,32,03,0000,District - Wayanad  03,Rural,60+,56336,26280,30056,38,13,25,0,0,0,8,1,7,11,3,8,7,2,5,12,7,5
C3010,32,03,0000,District - Wayanad  03,Rural,Age not stated,645,328,317,16,11,5,0,0,0,15,11,4,1,0,1,0,0,0,0,0,0
C3010,32,03,0000,District - Wayanad  03,Urban,All ages,29612,14849,14763,7165,3581,3584,6322,3222,3100,481,215,266,279,94,185,80,49,31,3,1,2
C3010,32,03,0000,District - Wayanad  03,Urban,0-4,2770,1411,1359,149,73,76,149,73,76,0,0,0,0,0,0,0,0,0,0,0,0
C3010,32,03,0000,District - Wayanad  03,Urban,5,508,257,251,201,100,101,201,100,101,0,0,0,0,0,0,0,0,0,0,0,0
C3010,32,03,0000,District - Wayanad  03,Urban,6,504,250,254,379,183,196,379,183,196,0,0,0,0,0,0,0,0,0,0,0,0
C3010,32,03,0000,District - Wayanad  03,Urban,7,487,257,230,459,240,219,459,240,219,0,0,0,0,0,0,0,0,0,0,0,0
C3010,32,03,0000,District - Wayanad  03,Urban,8,493,271,222,482,262,220,482,262,220,0,0,0,0,0,0,0,0,0,0,0,0
C3010,32,03,0000,District - Wayanad  03,Urban,9,452,205,247,440,199,241,440,199,241,0,0,0,0,0,0,0,0,0,0,0,0
C3010,32,03,0000,District - Wayanad  03,Urban,10,620,321,299,591,302,289,591,302,289,0,0,0,0,0,0,0,0,0,0,0,0
C3010,32,03,0000,District - Wayanad  03,Urban,11,550,268,282,538,262,276,538,262,276,0,0,0,0,0,0,0,0,0,0,0,0
C3010,32,03,0000,District - Wayanad  03,Urban,12,671,340,331,639,325,314,639,325,314,0,0,0,0,0,0,0,0,0,0,0,0
C3010,32,03,0000,District - Wayanad  03,Urban,13,597,300,297,558,279,279,558,279,279,0,0,0,0,0,0,0,0,0,0,0,0
C3010,32,03,0000,District - Wayanad  03,Urban,14,615,320,295,564,291,273,564,291,273,0,0,0,0,0,0,0,0,0,0,0,0
C3010,32,03,0000,District - Wayanad  03,Urban,15-19,2996,1496,1500,1663,841,822,1275,677,598,220,90,130,129,46,83,39,28,11,0,0,0
C3010,32,03,0000,District - Wayanad  03,Urban,20-24,3122,1470,1652,430,183,247,47,29,18,238,111,127,123,32,91,22,11,11,0,0,0
C3010,32,03,0000,District - Wayanad  03,Urban,25-29,2836,1369,1467,51,28,23,0,0,0,15,9,6,22,12,10,14,7,7,0,0,0
C3010,32,03,0000,District - Wayanad  03,Urban,30-34,2410,1189,1221,8,5,3,0,0,0,4,3,1,2,1,1,2,1,1,0,0,0
C3010,32,03,0000,District - Wayanad  03,Urban,35-59,8204,4317,3887,10,6,4,0,0,0,3,1,2,3,3,0,2,1,1,2,1,1
C3010,32,03,0000,District - Wayanad  03,Urban,60+,1761,800,961,3,2,1,0,0,0,1,1,0,0,0,0,1,1,0,1,0,1
C3010,32,03,0000,District - Wayanad  03,Urban,Age not stated,16,8,8,0,0,0,0,0,0,0,0,0,0,0,0,0,0,0,0,0,0
C3010,32,04,0000,District - Kozhikode  04,Total,All ages,2879131,1399358,1479773,675944,345028,330916,593069,302167,290902,57431,27572,29859,16521,9983,6538,8337,5138,3199,586,168,418
C3010,32,04,0000,District - Kozhikode  04,Total,0-4,255332,129975,125357,7642,3816,3826,7642,3816,3826,0,0,0,0,0,0,0,0,0,0,0,0
C3010,32,04,0000,District - Kozhikode  04,Total,5,48099,24828,23271,13496,6894,6602,13496,6894,6602,0,0,0,0,0,0,0,0,0,0,0,0
C3010,32,04,0000,District - Kozhikode  04,Total,6,43715,22405,21310,32000,16194,15806,32000,16194,15806,0,0,0,0,0,0,0,0,0,0,0,0
C3010,32,04,0000,District - Kozhikode  04,Total,7,47065,23871,23194,45334,22971,22363,45334,22971,22363,0,0,0,0,0,0,0,0,0,0,0,0
C3010,32,04,0000,District - Kozhikode  04,Total,8,49481,25156,24325,48490,24650,23840,48490,24650,23840,0,0,0,0,0,0,0,0,0,0,0,0
C3010,32,04,0000,District - Kozhikode  04,Total,9,46371,23523,22848,45623,23141,22482,45623,23141,22482,0,0,0,0,0,0,0,0,0,0,0,0
C3010,32,04,0000,District - Kozhikode  04,Total,10,54427,28152,26275,53507,27700,25807,53507,27700,25807,0,0,0,0,0,0,0,0,0,0,0,0
C3010,32,04,0000,District - Kozhikode  04,Total,11,48467,25002,23465,47794,24649,23145,47794,24649,23145,0,0,0,0,0,0,0,0,0,0,0,0
C3010,32,04,0000,District - Kozhikode  04,Total,12,57850,30064,27786,56905,29525,27380,56905,29525,27380,0,0,0,0,0,0,0,0,0,0,0,0
C3010,32,04,0000,District - Kozhikode  04,Total,13,56336,28656,27680,55257,28080,27177,55257,28080,27177,0,0,0,0,0,0,0,0,0,0,0,0
C3010,32,04,0000,District - Kozhikode  04,Total,14,56545,28812,27733,54422,27585,26837,54422,27585,26837,0,0,0,0,0,0,0,0,0,0,0,0
C3010,32,04,0000,District - Kozhikode  04,Total,15-19,284238,141850,142388,169331,84691,84640,128485,64543,63942,27332,12193,15139,8690,5171,3519,4779,2758,2021,45,26,19
C3010,32,04,0000,District - Kozhikode  04,Total,20-24,285016,136908,148108,39318,21180,18138,4114,2419,1695,27627,13926,13701,5393,3354,2039,2111,1437,674,73,44,29
C3010,32,04,0000,District - Kozhikode  04,Total,25-29,256656,118759,137897,4164,2507,1657,0,0,0,1843,1108,735,1579,933,646,711,449,262,31,17,14
C3010,32,04,0000,District - Kozhikode  04,Total,30-34,228203,107677,120526,913,510,403,0,0,0,276,162,114,370,202,168,230,136,94,37,10,27
C3010,32,04,0000,District - Kozhikode  04,Total,35-59,780891,379017,401874,1376,772,604,0,0,0,273,141,132,403,268,135,456,324,132,244,39,205
C3010,32,04,0000,District - Kozhikode  04,Total,60+,277870,123337,154533,324,127,197,0,0,0,61,32,29,66,36,30,42,27,15,155,32,123
C3010,32,04,0000,District - Kozhikode  04,Total,Age not stated,2569,1366,1203,48,36,12,0,0,0,19,10,9,20,19,1,8,7,1,1,0,1
C3010,32,04,0000,District - Kozhikode  04,Rural,All ages,1777974,863632,914342,422613,217223,205390,372517,190174,182343,34985,17638,17347,9315,6010,3305,5396,3292,2104,400,109,291
C3010,32,04,0000,District - Kozhikode  04,Rural,0-4,156480,79562,76918,3589,1756,1833,3589,1756,1833,0,0,0,0,0,0,0,0,0,0,0,0
C3010,32,04,0000,District - Kozhikode  04,Rural,5,29675,15341,14334,7383,3788,3595,7383,3788,3595,0,0,0,0,0,0,0,0,0,0,0,0
C3010,32,04,0000,District - Kozhikode  04,Rural,6,26785,13771,13014,19346,9774,9572,19346,9774,9572,0,0,0,0,0,0,0,0,0,0,0,0
C3010,32,04,0000,District - Kozhikode  04,Rural,7,28979,14733,14246,27900,14171,13729,27900,14171,13729,0,0,0,0,0,0,0,0,0,0,0,0
C3010,32,04,0000,District - Kozhikode  04,Rural,8,31052,15811,15241,30454,15489,14965,30454,15489,14965,0,0,0,0,0,0,0,0,0,0,0,0
C3010,32,04,0000,District - Kozhikode  04,Rural,9,29407,14809,14598,28951,14594,14357,28951,14594,14357,0,0,0,0,0,0,0,0,0,0,0,0
C3010,32,04,0000,District - Kozhikode  04,Rural,10,33977,17606,16371,33426,17341,16085,33426,17341,16085,0,0,0,0,0,0,0,0,0,0,0,0
C3010,32,04,0000,District - Kozhikode  04,Rural,11,30452,15697,14755,30058,15494,14564,30058,15494,14564,0,0,0,0,0,0,0,0,0,0,0,0
C3010,32,04,0000,District - Kozhikode  04,Rural,12,36661,18982,17679,36115,18679,17436,36115,18679,17436,0,0,0,0,0,0,0,0,0,0,0,0
C3010,32,04,0000,District - Kozhikode  04,Rural,13,35666,18198,17468,35013,17855,17158,35013,17855,17158,0,0,0,0,0,0,0,0,0,0,0,0
C3010,32,04,0000,District - Kozhikode  04,Rural,14,35793,18150,17643,34584,17455,17129,34584,17455,17129,0,0,0,0,0,0,0,0,0,0,0,0
C3010,32,04,0000,District - Kozhikode  04,Rural,15-19,179023,89981,89042,108098,55017,53081,83021,42144,40877,16823,7809,9014,4848,3064,1784,3383,1986,1397,23,14,9
C3010,32,04,0000,District - Kozhikode  04,Rural,20-24,176834,85218,91616,24057,13621,10436,2677,1634,1043,16772,8929,7843,3284,2200,1084,1281,832,449,43,26,17
C3010,32,04,0000,District - Kozhikode  04,Rural,25-29,156501,72079,84422,2278,1457,821,0,0,0,1067,695,372,797,505,292,397,248,149,17,9,8
C3010,32,04,0000,District - Kozhikode  04,Rural,30-34,137213,63943,73270,456,279,177,0,0,0,154,104,50,163,97,66,116,73,43,23,5,18
C3010,32,04,0000,District - Kozhikode  04,Rural,35-59,474904,229043,245861,666,351,315,0,0,0,128,76,52,168,105,63,199,142,57,171,28,143
C3010,32,04,0000,District - Kozhikode  04,Rural,60+,177104,79922,97182,209,77,132,0,0,0,29,18,11,38,22,16,19,10,9,123,27,96
C3010,32,04,0000,District - Kozhikode  04,Rural,Age not stated,1468,786,682,30,25,5,0,0,0,12,7,5,17,17,0,1,1,0,0,0,0
C3010,32,04,0000,District - Kozhikode  04,Urban,All ages,1101157,535726,565431,253331,127805,125526,220552,111993,108559,22446,9934,12512,7206,3973,3233,2941,1846,1095,186,59,127
C3010,32,04,0000,District - Kozhikode  04,Urban,0-4,98852,50413,48439,4053,2060,1993,4053,2060,1993,0,0,0,0,0,0,0,0,0,0,0,0
C3010,32,04,0000,District - Kozhikode  04,Urban,5,18424,9487,8937,6113,3106,3007,6113,3106,3007,0,0,0,0,0,0,0,0,0,0,0,0
C3010,32,04,0000,District - Kozhikode  04,Urban,6,16930,8634,8296,12654,6420,6234,12654,6420,6234,0,0,0,0,0,0,0,0,0,0,0,0
C3010,32,04,0000,District - Kozhikode  04,Urban,7,18086,9138,8948,17434,8800,8634,17434,8800,8634,0,0,0,0,0,0,0,0,0,0,0,0
C3010,32,04,0000,District - Kozhikode  04,Urban,8,18429,9345,9084,18036,9161,8875,18036,9161,8875,0,0,0,0,0,0,0,0,0,0,0,0
C3010,32,04,0000,District - Kozhikode  04,Urban,9,16964,8714,8250,16672,8547,8125,16672,8547,8125,0,0,0,0,0,0,0,0,0,0,0,0
C3010,32,04,0000,District - Kozhikode  04,Urban,10,20450,10546,9904,20081,10359,9722,20081,10359,9722,0,0,0,0,0,0,0,0,0,0,0,0
C3010,32,04,0000,District - Kozhikode  04,Urban,11,18015,9305,8710,17736,9155,8581,17736,9155,8581,0,0,0,0,0,0,0,0,0,0,0,0
C3010,32,04,0000,District - Kozhikode  04,Urban,12,21189,11082,10107,20790,10846,9944,20790,10846,9944,0,0,0,0,0,0,0,0,0,0,0,0
C3010,32,04,0000,District - Kozhikode  04,Urban,13,20670,10458,10212,20244,10225,10019,20244,10225,10019,0,0,0,0,0,0,0,0,0,0,0,0
C3010,32,04,0000,District - Kozhikode  04,Urban,14,20752,10662,10090,19838,10130,9708,19838,10130,9708,0,0,0,0,0,0,0,0,0,0,0,0
C3010,32,04,0000,District - Kozhikode  04,Urban,15-19,105215,51869,53346,61233,29674,31559,45464,22399,23065,10509,4384,6125,3842,2107,1735,1396,772,624,22,12,10
C3010,32,04,0000,District - Kozhikode  04,Urban,20-24,108182,51690,56492,15261,7559,7702,1437,785,652,10855,4997,5858,2109,1154,955,830,605,225,30,18,12
C3010,32,04,0000,District - Kozhikode  04,Urban,25-29,100155,46680,53475,1886,1050,836,0,0,0,776,413,363,782,428,354,314,201,113,14,8,6
C3010,32,04,0000,District - Kozhikode  04,Urban,30-34,90990,43734,47256,457,231,226,0,0,0,122,58,64,207,105,102,114,63,51,14,5,9
C3010,32,04,0000,District - Kozhikode  04,Urban,35-59,305987,149974,156013,710,421,289,0,0,0,145,65,80,235,163,72,257,182,75,73,11,62
C3010,32,04,0000,District - Kozhikode  04,Urban,60+,100766,43415,57351,115,50,65,0,0,0,32,14,18,28,14,14,23,17,6,32,5,27
C3010,32,04,0000,District - Kozhikode  04,Urban,Age not stated,1101,580,521,18,11,7,0,0,0,7,3,4,3,2,1,7,6,1,1,0,1
C3010,32,05,0000,District - Malappuram  05,Total,All ages,3625471,1754576,1870895,983781,512757,471024,918927,473066,445861,41195,23109,18086,12153,8345,3808,10947,8045,2902,559,192,367
C3010,32,05,0000,District - Malappuram  05,Total,0-4,402623,205595,197028,8825,4390,4435,8825,4390,4435,0,0,0,0,0,0,0,0,0,0,0,0
C3010,32,05,0000,District - Malappuram  05,Total,5,78834,40187,38647,17844,8986,8858,17844,8986,8858,0,0,0,0,0,0,0,0,0,0,0,0
C3010,32,05,0000,District - Malappuram  05,Total,6,70068,35667,34401,46025,23329,22696,46025,23329,22696,0,0,0,0,0,0,0,0,0,0,0,0
C3010,32,05,0000,District - Malappuram  05,Total,7,73310,37218,36092,69293,35110,34183,69293,35110,34183,0,0,0,0,0,0,0,0,0,0,0,0
C3010,32,05,0000,District - Malappuram  05,Total,8,79995,40813,39182,77978,39745,38233,77978,39745,38233,0,0,0,0,0,0,0,0,0,0,0,0
C3010,32,05,0000,District - Malappuram  05,Total,9,72102,36608,35494,70881,35944,34937,70881,35944,34937,0,0,0,0,0,0,0,0,0,0,0,0
C3010,32,05,0000,District - Malappuram  05,Total,10,90332,46865,43467,88753,46081,42672,88753,46081,42672,0,0,0,0,0,0,0,0,0,0,0,0
C3010,32,05,0000,District - Malappuram  05,Total,11,74420,38359,36061,73335,37788,35547,73335,37788,35547,0,0,0,0,0,0,0,0,0,0,0,0
C3010,32,05,0000,District - Malappuram  05,Total,12,101831,52418,49413,100163,51510,48653,100163,51510,48653,0,0,0,0,0,0,0,0,0,0,0,0
C3010,32,05,0000,District - Malappuram  05,Total,13,97664,48826,48838,95440,47598,47842,95440,47598,47842,0,0,0,0,0,0,0,0,0,0,0,0
C3010,32,05,0000,District - Malappuram  05,Total,14,94383,47897,46486,89689,45312,44377,89689,45312,44377,0,0,0,0,0,0,0,0,0,0,0,0
C3010,32,05,0000,District - Malappuram  05,Total,15-19,433102,213737,219365,210226,114283,95943,175330,93787,81543,20666,10633,10033,7241,4923,2318,6945,4912,2033,44,28,16
C3010,32,05,0000,District - Malappuram  05,Total,20-24,375235,186217,189018,30775,19865,10910,5371,3486,1885,19025,11510,7515,3567,2588,979,2763,2255,508,49,26,23
C3010,32,05,0000,District - Malappuram  05,Total,25-29,290558,131827,158731,2587,1724,863,0,0,0,1107,731,376,818,538,280,621,436,185,41,19,22
C3010,32,05,0000,District - Malappuram  05,Total,30-34,239528,105693,133835,624,377,247,0,0,0,168,97,71,197,112,85,222,158,64,37,10,27
C3010,32,05,0000,District - Malappuram  05,Total,35-59,785058,367187,417871,1062,590,472,0,0,0,169,109,60,279,155,124,346,249,97,268,77,191
C3010,32,05,0000,District - Malappuram  05,Total,60+,263551,117950,145601,256,113,143,0,0,0,46,23,23,45,26,19,45,32,13,120,32,88
C3010,32,05,0000,District - Malappuram  05,Total,Age not stated,2877,1512,1365,25,12,13,0,0,0,14,6,8,6,3,3,5,3,2,0,0,0
C3010,32,05,0000,District - Malappuram  05,Rural,All ages,3269301,1581794,1687507,889824,464270,425554,832497,428873,403624,36352,20571,15781,10440,7262,3178,10047,7387,2660,488,177,311
C3010,32,05,0000,District - Malappuram  05,Rural,0-4,364241,185812,178429,7964,3939,4025,7964,3939,4025,0,0,0,0,0,0,0,0,0,0,0,0
C3010,32,05,0000,District - Malappuram  05,Rural,5,71280,36326,34954,15664,7870,7794,15664,7870,7794,0,0,0,0,0,0,0,0,0,0,0,0
C3010,32,05,0000,District - Malappuram  05,Rural,6,63232,32240,30992,41385,20994,20391,41385,20994,20391,0,0,0,0,0,0,0,0,0,0,0,0
C3010,32,05,0000,District - Malappuram  05,Rural,7,66332,33612,32720,62668,31694,30974,62668,31694,30974,0,0,0,0,0,0,0,0,0,0,0,0
C3010,32,05,0000,District - Malappuram  05,Rural,8,72259,36919,35340,70415,35950,34465,70415,35950,34465,0,0,0,0,0,0,0,0,0,0,0,0
C3010,32,05,0000,District - Malappuram  05,Rural,9,65391,33218,32173,64272,32601,31671,64272,32601,31671,0,0,0,0,0,0,0,0,0,0,0,0
C3010,32,05,0000,District - Malappuram  05,Rural,10,81723,42412,39311,80298,41709,38589,80298,41709,38589,0,0,0,0,0,0,0,0,0,0,0,0
C3010,32,05,0000,District - Malappuram  05,Rural,11,67488,34784,32704,66512,34270,32242,66512,34270,32242,0,0,0,0,0,0,0,0,0,0,0,0
C3010,32,05,0000,District - Malappuram  05,Rural,12,92322,47588,44734,90825,46779,44046,90825,46779,44046,0,0,0,0,0,0,0,0,0,0,0,0
C3010,32,05,0000,District - Malappuram  05,Rural,13,88695,44470,44225,86717,43371,43346,86717,43371,43346,0,0,0,0,0,0,0,0,0,0,0,0
C3010,32,05,0000,District - Malappuram  05,Rural,14,85915,43606,42309,81673,41254,40419,81673,41254,40419,0,0,0,0,0,0,0,0,0,0,0,0
C3010,32,05,0000,District - Malappuram  05,Rural,15-19,392290,193831,198459,190132,103581,86551,159205,85259,73946,18231,9471,8760,6235,4294,1941,6420,4530,1890,41,27,14
C3010,32,05,0000,District - Malappuram  05,Rural,20-24,337744,167631,170113,27372,17795,9577,4899,3183,1716,16807,10236,6571,3072,2261,811,2554,2093,461,40,22,18
C3010,32,05,0000,District - Malappuram  05,Rural,25-29,261117,118142,142975,2248,1513,735,0,0,0,969,653,316,687,449,238,556,394,162,36,17,19
C3010,32,05,0000,District - Malappuram  05,Rural,30-34,214912,94560,120352,529,331,198,0,0,0,142,84,58,165,98,67,190,140,50,32,9,23
C3010,32,05,0000,District - Malappuram  05,Rural,35-59,704714,328995,375719,910,506,404,0,0,0,148,99,49,237,135,102,283,201,82,242,71,171
C3010,32,05,0000,District - Malappuram  05,Rural,60+,237089,106293,130796,220,103,117,0,0,0,44,23,21,40,23,17,39,26,13,97,31,66
C3010,32,05,0000,District - Malappuram  05,Rural,Age not stated,2557,1355,1202,20,10,10,0,0,0,11,5,6,4,2,2,5,3,2,0,0,0
C3010,32,05,0000,District - Malappuram  05,Urban,All ages,356170,172782,183388,93957,48487,45470,86430,44193,42237,4843,2538,2305,1713,1083,630,900,658,242,71,15,56
C3010,32,05,0000,District - Malappuram  05,Urban,0-4,38382,19783,18599,861,451,410,861,451,410,0,0,0,0,0,0,0,0,0,0,0,0
C3010,32,05,0000,District - Malappuram  05,Urban,5,7554,3861,3693,2180,1116,1064,2180,1116,1064,0,0,0,0,0,0,0,0,0,0,0,0
C3010,32,05,0000,District - Malappuram  05,Urban,6,6836,3427,3409,4640,2335,2305,4640,2335,2305,0,0,0,0,0,0,0,0,0,0,0,0
C3010,32,05,0000,District - Malappuram  05,Urban,7,6978,3606,3372,6625,3416,3209,6625,3416,3209,0,0,0,0,0,0,0,0,0,0,0,0
C3010,32,05,0000,District - Malappuram  05,Urban,8,7736,3894,3842,7563,3795,3768,7563,3795,3768,0,0,0,0,0,0,0,0,0,0,0,0
C3010,32,05,0000,District - Malappuram  05,Urban,9,6711,3390,3321,6609,3343,3266,6609,3343,3266,0,0,0,0,0,0,0,0,0,0,0,0
C3010,32,05,0000,District - Malappuram  05,Urban,10,8609,4453,4156,8455,4372,4083,8455,4372,4083,0,0,0,0,0,0,0,0,0,0,0,0
C3010,32,05,0000,District - Malappuram  05,Urban,11,6932,3575,3357,6823,3518,3305,6823,3518,3305,0,0,0,0,0,0,0,0,0,0,0,0
C3010,32,05,0000,District - Malappuram  05,Urban,12,9509,4830,4679,9338,4731,4607,9338,4731,4607,0,0,0,0,0,0,0,0,0,0,0,0
C3010,32,05,0000,District - Malappuram  05,Urban,13,8969,4356,4613,8723,4227,4496,8723,4227,4496,0,0,0,0,0,0,0,0,0,0,0,0
C3010,32,05,0000,District - Malappuram  05,Urban,14,8468,4291,4177,8016,4058,3958,8016,4058,3958,0,0,0,0,0,0,0,0,0,0,0,0
C3010,32,05,0000,District - Malappuram  05,Urban,15-19,40812,19906,20906,20094,10702,9392,16125,8528,7597,2435,1162,1273,1006,629,377,525,382,143,3,1,2
C3010,32,05,0000,District - Malappuram  05,Urban,20-24,37491,18586,18905,3403,2070,1333,472,303,169,2218,1274,944,495,327,168,209,162,47,9,4,5
C3010,32,05,0000,District - Malappuram  05,Urban,25-29,29441,13685,15756,339,211,128,0,0,0,138,78,60,131,89,42,65,42,23,5,2,3
C3010,32,05,0000,District - Malappuram  05,Urban,30-34,24616,11133,13483,95,46,49,0,0,0,26,13,13,32,14,18,32,18,14,5,1,4
C3010,32,05,0000,District - Malappuram  05,Urban,35-59,80344,38192,42152,152,84,68,0,0,0,21,10,11,42,20,22,63,48,15,26,6,20
C3010,32,05,0000,District - Malappuram  05,Urban,60+,26462,11657,14805,36,10,26,0,0,0,2,0,2,5,3,2,6,6,0,23,1,22
C3010,32,05,0000,District - Malappuram  05,Urban,Age not stated,320,157,163,5,2,3,0,0,0,3,1,2,2,1,1,0,0,0,0,0,0
C3010,32,06,0000,District - Palakkad  06,Total,All ages,2617482,1266985,1350497,596905,303693,293212,544003,276236,267767,34024,16004,18020,11845,7187,4658,6443,4072,2371,590,194,396
C3010,32,06,0000,District - Palakkad  06,Total,0-4,231752,117755,113997,7410,3709,3701,7410,3709,3701,0,0,0,0,0,0,0,0,0,0,0,0
C3010,32,06,0000,District - Palakkad  06,Total,5,47067,24132,22935,18831,9557,9274,18831,9557,9274,0,0,0,0,0,0,0,0,0,0,0,0
C3010,32,06,0000,District - Palakkad  06,Total,6,40065,20519,19546,31352,15979,15373,31352,15979,15373,0,0,0,0,0,0,0,0,0,0,0,0
C3010,32,06,0000,District - Palakkad  06,Total,7,42524,21603,20921,40525,20585,19940,40525,20585,19940,0,0,0,0,0,0,0,0,0,0,0,0
C3010,32,06,0000,District - Palakkad  06,Total,8,44496,22516,21980,43244,21875,21369,43244,21875,21369,0,0,0,0,0,0,0,0,0,0,0,0
C3010,32,06,0000,District - Palakkad  06,Total,9,41614,20787,20827,40691,20343,20348,40691,20343,20348,0,0,0,0,0,0,0,0,0,0,0,0
C3010,32,06,0000,District - Palakkad  06,Total,10,51532,26353,25179,50183,25669,24514,50183,25669,24514,0,0,0,0,0,0,0,0,0,0,0,0
C3010,32,06,0000,District - Palakkad  06,Total,11,44631,22737,21894,43613,22224,21389,43613,22224,21389,0,0,0,0,0,0,0,0,0,0,0,0
C3010,32,06,0000,District - Palakkad  06,Total,12,58507,29805,28702,56818,28943,27875,56818,28943,27875,0,0,0,0,0,0,0,0,0,0,0,0
C3010,32,06,0000,District - Palakkad  06,Total,13,56163,28082,28081,54003,26982,27021,54003,26982,27021,0,0,0,0,0,0,0,0,0,0,0,0
C3010,32,06,0000,District - Palakkad  06,Total,14,55156,28031,27125,50983,25836,25147,50983,25836,25147,0,0,0,0,0,0,0,0,0,0,0,0
C3010,32,06,0000,District - Palakkad  06,Total,15-19,274052,134267,139785,129669,65831,63838,103137,52713,50424,16117,6942,9175,6781,4033,2748,3594,2121,1473,40,22,18
C3010,32,06,0000,District - Palakkad  06,Total,20-24,252475,120847,131628,24769,13345,11424,3213,1821,1392,16592,8291,8301,3263,2056,1207,1653,1157,496,48,20,28
C3010,32,06,0000,District - Palakkad  06,Total,25-29,226872,105935,120937,2482,1468,1014,0,0,0,918,531,387,1021,620,401,494,304,190,49,13,36
C3010,32,06,0000,District - Palakkad  06,Total,30-34,191588,90463,101125,629,365,264,0,0,0,145,85,60,252,145,107,193,121,72,39,14,25
C3010,32,06,0000,District - Palakkad  06,Total,35-59,690598,334707,355891,1352,828,524,0,0,0,171,109,62,447,297,150,462,343,119,272,79,193
C3010,32,06,0000,District - Palakkad  06,Total,60+,265758,117090,148668,309,131,178,0,0,0,55,30,25,73,32,41,42,25,17,139,44,95
C3010,32,06,0000,District - Palakkad  06,Total,Age not stated,2632,1356,1276,42,23,19,0,0,0,26,16,10,8,4,4,5,1,4,3,2,1
C3010,32,06,0000,District - Palakkad  06,Rural,All ages,2260907,1093515,1167392,514396,262412,251984,472424,240289,232135,26388,12573,13815,9561,5831,3730,5504,3542,1962,519,177,342
C3010,32,06,0000,District - Palakkad  06,Rural,0-4,203069,103099,99970,6017,3016,3001,6017,3016,3001,0,0,0,0,0,0,0,0,0,0,0,0
C3010,32,06,0000,District - Palakkad  06,Rural,5,41149,21072,20077,15983,8126,7857,15983,8126,7857,0,0,0,0,0,0,0,0,0,0,0,0
C3010,32,06,0000,District - Palakkad  06,Rural,6,34891,17912,16979,27332,13958,13374,27332,13958,13374,0,0,0,0,0,0,0,0,0,0,0,0
C3010,32,06,0000,District - Palakkad  06,Rural,7,37012,18782,18230,35247,17889,17358,35247,17889,17358,0,0,0,0,0,0,0,0,0,0,0,0
C3010,32,06,0000,District - Palakkad  06,Rural,8,38760,19627,19133,37677,19067,18610,37677,19067,18610,0,0,0,0,0,0,0,0,0,0,0,0
C3010,32,06,0000,District - Palakkad  06,Rural,9,36366,18198,18168,35559,17810,17749,35559,17810,17749,0,0,0,0,0,0,0,0,0,0,0,0
C3010,32,06,0000,District - Palakkad  06,Rural,10,45029,23035,21994,43831,22428,21403,43831,22428,21403,0,0,0,0,0,0,0,0,0,0,0,0
C3010,32,06,0000,District - Palakkad  06,Rural,11,38782,19742,19040,37884,19292,18592,37884,19292,18592,0,0,0,0,0,0,0,0,0,0,0,0
C3010,32,06,0000,District - Palakkad  06,Rural,12,51171,26059,25112,49702,25304,24398,49702,25304,24398,0,0,0,0,0,0,0,0,0,0,0,0
C3010,32,06,0000,District - Palakkad  06,Rural,13,49042,24497,24545,47140,23535,23605,47140,23535,23605,0,0,0,0,0,0,0,0,0,0,0,0
C3010,32,06,0000,District - Palakkad  06,Rural,14,48256,24530,23726,44555,22601,21954,44555,22601,21954,0,0,0,0,0,0,0,0,0,0,0,0
C3010,32,06,0000,District - Palakkad  06,Rural,15-19,238999,117183,121816,110383,56543,53840,88735,45676,43059,12836,5601,7235,5578,3329,2249,3202,1919,1283,32,18,14
C3010,32,06,0000,District - Palakkad  06,Rural,20-24,219234,104952,114282,19446,10717,8729,2762,1587,1175,12547,6370,6177,2640,1692,948,1457,1050,407,40,18,22
C3010,32,06,0000,District - Palakkad  06,Rural,25-29,196229,91438,104791,1921,1151,770,0,0,0,730,429,301,769,468,301,380,242,138,42,12,30
C3010,32,06,0000,District - Palakkad  06,Rural,30-34,164103,77499,86604,443,270,173,0,0,0,113,75,38,178,103,75,121,80,41,31,12,19
C3010,32,06,0000,District - Palakkad  06,Rural,35-59,588185,284201,303984,990,588,402,0,0,0,109,73,36,323,207,116,314,235,79,244,73,171
C3010,32,06,0000,District - Palakkad  06,Rural,60+,228224,100463,127761,260,106,154,0,0,0,40,21,19,66,28,38,27,15,12,127,42,85
C3010,32,06,0000,District - Palakkad  06,Rural,Age not stated,2406,1226,1180,26,11,15,0,0,0,13,4,9,7,4,3,3,1,2,3,2,1
C3010,32,06,0000,District - Palakkad  06,Urban,All ages,356575,173470,183105,82509,41281,41228,71579,35947,35632,7636,3431,4205,2284,1356,928,939,530,409,71,17,54
C3010,32,06,0000,District - Palakkad  06,Urban,0-4,28683,14656,14027,1393,693,700,1393,693,700,0,0,0,0,0,0,0,0,0,0,0,0
C3010,32,06,0000,District - Palakkad  06,Urban,5,5918,3060,2858,2848,1431,1417,2848,1431,1417,0,0,0,0,0,0,0,0,0,0,0,0
C3010,32,06,0000,District - Palakkad  06,Urban,6,5174,2607,2567,4020,2021,1999,4020,2021,1999,0,0,0,0,0,0,0,0,0,0,0,0
C3010,32,06,0000,District - Palakkad  06,Urban,7,5512,2821,2691,5278,2696,2582,5278,2696,2582,0,0,0,0,0,0,0,0,0,0,0,0
C3010,32,06,0000,District - Palakkad  06,Urban,8,5736,2889,2847,5567,2808,2759,5567,2808,2759,0,0,0,0,0,0,0,0,0,0,0,0
C3010,32,06,0000,District - Palakkad  06,Urban,9,5248,2589,2659,5132,2533,2599,5132,2533,2599,0,0,0,0,0,0,0,0,0,0,0,0
C3010,32,06,0000,District - Palakkad  06,Urban,10,6503,3318,3185,6352,3241,3111,6352,3241,3111,0,0,0,0,0,0,0,0,0,0,0,0
C3010,32,06,0000,District - Palakkad  06,Urban,11,5849,2995,2854,5729,2932,2797,5729,2932,2797,0,0,0,0,0,0,0,0,0,0,0,0
C3010,32,06,0000,District - Palakkad  06,Urban,12,7336,3746,3590,7116,3639,3477,7116,3639,3477,0,0,0,0,0,0,0,0,0,0,0,0
C3010,32,06,0000,District - Palakkad  06,Urban,13,7121,3585,3536,6863,3447,3416,6863,3447,3416,0,0,0,0,0,0,0,0,0,0,0,0
C3010,32,06,0000,District - Palakkad  06,Urban,14,6900,3501,3399,6428,3235,3193,6428,3235,3193,0,0,0,0,0,0,0,0,0,0,0,0
C3010,32,06,0000,District - Palakkad  06,Urban,15-19,35053,17084,17969,19286,9288,9998,14402,7037,7365,3281,1341,1940,1203,704,499,392,202,190,8,4,4
C3010,32,06,0000,District - Palakkad  06,Urban,20-24,33241,15895,17346,5323,2628,2695,451,234,217,4045,1921,2124,623,364,259,196,107,89,8,2,6
C3010,32,06,0000,District - Palakkad  06,Urban,25-29,30643,14497,16146,561,317,244,0,0,0,188,102,86,252,152,100,114,62,52,7,1,6
C3010,32,06,0000,District - Palakkad  06,Urban,30-34,27485,12964,14521,186,95,91,0,0,0,32,10,22,74,42,32,72,41,31,8,2,6
C3010,32,06,0000,District - Palakkad  06,Urban,35-59,102413,50506,51907,362,240,122,0,0,0,62,36,26,124,90,34,148,108,40,28,6,22
C3010,32,06,0000,District - Palakkad  06,Urban,60+,37534,16627,20907,49,25,24,0,0,0,15,9,6,7,4,3,15,10,5,12,2,10
C3010,32,06,0000,District - Palakkad  06,Urban,Age not stated,226,130,96,16,12,4,0,0,0,13,12,1,1,0,1,2,0,2,0,0,0
C3010,32,07,0000,District - Thrissur  07,Total,All ages,2974232,1422052,1552180,678237,341561,336676,582487,293544,288943,64820,28569,36251,21864,13662,8202,8730,5661,3069,336,125,211
C3010,32,07,0000,District - Thrissur  07,Total,0-4,240565,122854,117711,10103,5157,4946,10103,5157,4946,0,0,0,0,0,0,0,0,0,0,0,0
C3010,32,07,0000,District - Thrissur  07,Total,5,48791,24910,23881,20997,10722,10275,20997,10722,10275,0,0,0,0,0,0,0,0,0,0,0,0
C3010,32,07,0000,District - Thrissur  07,Total,6,43103,22013,21090,33883,17312,16571,33883,17312,16571,0,0,0,0,0,0,0,0,0,0,0,0
C3010,32,07,0000,District - Thrissur  07,Total,7,44996,22815,22181,43693,22128,21565,43693,22128,21565,0,0,0,0,0,0,0,0,0,0,0,0
C3010,32,07,0000,District - Thrissur  07,Total,8,45727,23202,22525,44959,22803,22156,44959,22803,22156,0,0,0,0,0,0,0,0,0,0,0,0
C3010,32,07,0000,District - Thrissur  07,Total,9,43402,21975,21427,42790,21665,21125,42790,21665,21125,0,0,0,0,0,0,0,0,0,0,0,0
C3010,32,07,0000,District - Thrissur  07,Total,10,51315,26380,24935,50454,25928,24526,50454,25928,24526,0,0,0,0,0,0,0,0,0,0,0,0
C3010,32,07,0000,District - Thrissur  07,Total,11,45693,23298,22395,44995,22937,22058,44995,22937,22058,0,0,0,0,0,0,0,0,0,0,0,0
C3010,32,07,0000,District - Thrissur  07,Total,12,55802,28733,27069,54858,28235,26623,54858,28235,26623,0,0,0,0,0,0,0,0,0,0,0,0
C3010,32,07,0000,District - Thrissur  07,Total,13,55780,27750,28030,54659,27206,27453,54659,27206,27453,0,0,0,0,0,0,0,0,0,0,0,0
C3010,32,07,0000,District - Thrissur  07,Total,14,54631,27769,26862,52506,26587,25919,52506,26587,25919,0,0,0,0,0,0,0,0,0,0,0,0
C3010,32,07,0000,District - Thrissur  07,Total,15-19,265935,132124,133811,172500,83568,88932,125074,60933,64141,30707,12236,18471,12293,7616,4677,4380,2750,1630,46,33,13
C3010,32,07,0000,District - Thrissur  07,Total,20-24,265529,126462,139067,44141,22776,21365,3516,1931,1585,31392,14842,16550,6807,4348,2459,2375,1631,744,51,24,27
C3010,32,07,0000,District - Thrissur  07,Total,25-29,257088,118511,138577,4598,2912,1686,0,0,0,1843,1103,740,1800,1178,622,935,619,316,20,12,8
C3010,32,07,0000,District - Thrissur  07,Total,30-34,246644,115542,131102,1066,561,505,0,0,0,328,139,189,392,207,185,325,207,118,21,8,13
C3010,32,07,0000,District - Thrissur  07,Total,35-59,859796,409178,450618,1588,835,753,0,0,0,399,166,233,463,257,206,615,380,235,111,32,79
C3010,32,07,0000,District - Thrissur  07,Total,60+,346943,147218,199725,347,162,185,0,0,0,109,56,53,80,44,36,71,46,25,87,16,71
C3010,32,07,0000,District - Thrissur  07,Total,Age not stated,2492,1318,1174,100,67,33,0,0,0,42,27,15,29,12,17,29,28,1,0,0,0
C3010,32,07,0000,District - Thrissur  07,Rural,All ages,2134799,1018315,1116484,481474,243346,238128,418977,211777,207200,41017,17904,23113,15044,9578,5466,6190,3991,2199,246,96,150
C3010,32,07,0000,District - Thrissur  07,Rural,0-4,175751,89800,85951,7072,3586,3486,7072,3586,3486,0,0,0,0,0,0,0,0,0,0,0,0
C3010,32,07,0000,District - Thrissur  07,Rural,5,35430,18197,17233,15069,7721,7348,15069,7721,7348,0,0,0,0,0,0,0,0,0,0,0,0
C3010,32,07,0000,District - Thrissur  07,Rural,6,31081,15980,15101,24614,12647,11967,24614,12647,11967,0,0,0,0,0,0,0,0,0,0,0,0
C3010,32,07,0000,District - Thrissur  07,Rural,7,32556,16510,16046,31604,16010,15594,31604,16010,15594,0,0,0,0,0,0,0,0,0,0,0,0
C3010,32,07,0000,District - Thrissur  07,Rural,8,33157,16805,16352,32575,16505,16070,32575,16505,16070,0,0,0,0,0,0,0,0,0,0,0,0
C3010,32,07,0000,District - Thrissur  07,Rural,9,31341,15835,15506,30866,15599,15267,30866,15599,15267,0,0,0,0,0,0,0,0,0,0,0,0
C3010,32,07,0000,District - Thrissur  07,Rural,10,37107,19181,17926,36437,18824,17613,36437,18824,17613,0,0,0,0,0,0,0,0,0,0,0,0
C3010,32,07,0000,District - Thrissur  07,Rural,11,32810,16771,16039,32306,16514,15792,32306,16514,15792,0,0,0,0,0,0,0,0,0,0,0,0
C3010,32,07,0000,District - Thrissur  07,Rural,12,40515,20924,19591,39833,20573,19260,39833,20573,19260,0,0,0,0,0,0,0,0,0,0,0,0
C3010,32,07,0000,District - Thrissur  07,Rural,13,40383,20108,20275,39534,19715,19819,39534,19715,19819,0,0,0,0,0,0,0,0,0,0,0,0
C3010,32,07,0000,District - Thrissur  07,Rural,14,39542,20111,19431,37949,19222,18727,37949,19222,18727,0,0,0,0,0,0,0,0,0,0,0,0
C3010,32,07,0000,District - Thrissur  07,Rural,15-19,192323,95513,96810,120641,58932,61709,88697,43530,45167,20077,7963,12114,8709,5483,3226,3123,1932,1191,35,24,11
C3010,32,07,0000,District - Thrissur  07,Rural,20-24,192458,91250,101208,28278,14751,13527,2421,1331,1090,19476,9134,10342,4601,3037,1564,1745,1231,514,35,18,17
C3010,32,07,0000,District - Thrissur  07,Rural,25-29,184969,84656,100313,2829,1781,1048,0,0,0,1022,600,422,1163,757,406,630,415,215,14,9,5
C3010,32,07,0000,District - Thrissur  07,Rural,30-34,176054,81886,94168,629,325,304,0,0,0,176,75,101,231,120,111,208,124,84,14,6,8
C3010,32,07,0000,District - Thrissur  07,Rural,35-59,607853,287686,320167,948,486,462,0,0,0,180,79,101,279,150,129,405,230,175,84,27,57
C3010,32,07,0000,District - Thrissur  07,Rural,60+,249691,106142,143549,220,101,119,0,0,0,55,30,25,50,27,23,51,32,19,64,12,52
C3010,32,07,0000,District - Thrissur  07,Rural,Age not stated,1778,960,818,70,54,16,0,0,0,31,23,8,11,4,7,28,27,1,0,0,0
C3010,32,07,0000,District - Thrissur  07,Urban,All ages,839433,403737,435696,196763,98215,98548,163510,81767,81743,23803,10665,13138,6820,4084,2736,2540,1670,870,90,29,61
C3010,32,07,0000,District - Thrissur  07,Urban,0-4,64814,33054,31760,3031,1571,1460,3031,1571,1460,0,0,0,0,0,0,0,0,0,0,0,0
C3010,32,07,0000,District - Thrissur  07,Urban,5,13361,6713,6648,5928,3001,2927,5928,3001,2927,0,0,0,0,0,0,0,0,0,0,0,0
C3010,32,07,0000,District - Thrissur  07,Urban,6,12022,6033,5989,9269,4665,4604,9269,4665,4604,0,0,0,0,0,0,0,0,0,0,0,0
C3010,32,07,0000,District - Thrissur  07,Urban,7,12440,6305,6135,12089,6118,5971,12089,6118,5971,0,0,0,0,0,0,0,0,0,0,0,0
C3010,32,07,0000,District - Thrissur  07,Urban,8,12570,6397,6173,12384,6298,6086,12384,6298,6086,0,0,0,0,0,0,0,0,0,0,0,0
C3010,32,07,0000,District - Thrissur  07,Urban,9,12061,6140,5921,11924,6066,5858,11924,6066,5858,0,0,0,0,0,0,0,0,0,0,0,0
C3010,32,07,0000,District - Thrissur  07,Urban,10,14208,7199,7009,14017,7104,6913,14017,7104,6913,0,0,0,0,0,0,0,0,0,0,0,0
C3010,32,07,0000,District - Thrissur  07,Urban,11,12883,6527,6356,12689,6423,6266,12689,6423,6266,0,0,0,0,0,0,0,0,0,0,0,0
C3010,32,07,0000,District - Thrissur  07,Urban,12,15287,7809,7478,15025,7662,7363,15025,7662,7363,0,0,0,0,0,0,0,0,0,0,0,0
C3010,32,07,0000,District - Thrissur  07,Urban,13,15397,7642,7755,15125,7491,7634,15125,7491,7634,0,0,0,0,0,0,0,0,0,0,0,0
C3010,32,07,0000,District - Thrissur  07,Urban,14,15089,7658,7431,14557,7365,7192,14557,7365,7192,0,0,0,0,0,0,0,0,0,0,0,0
C3010,32,07,0000,District - Thrissur  07,Urban,15-19,73612,36611,37001,51859,24636,27223,36377,17403,18974,10630,4273,6357,3584,2133,1451,1257,818,439,11,9,2
C3010,32,07,0000,District - Thrissur  07,Urban,20-24,73071,35212,37859,15863,8025,7838,1095,600,495,11916,5708,6208,2206,1311,895,630,400,230,16,6,10
C3010,32,07,0000,District - Thrissur  07,Urban,25-29,72119,33855,38264,1769,1131,638,0,0,0,821,503,318,637,421,216,305,204,101,6,3,3
C3010,32,07,0000,District - Thrissur  07,Urban,30-34,70590,33656,36934,437,236,201,0,0,0,152,64,88,161,87,74,117,83,34,7,2,5
C3010,32,07,0000,District - Thrissur  07,Urban,35-59,251943,121492,130451,640,349,291,0,0,0,219,87,132,184,107,77,210,150,60,27,5,22
C3010,32,07,0000,District - Thrissur  07,Urban,60+,97252,41076,56176,127,61,66,0,0,0,54,26,28,30,17,13,20,14,6,23,4,19
C3010,32,07,0000,District - Thrissur  07,Urban,Age not stated,714,358,356,30,13,17,0,0,0,11,4,7,18,8,10,1,1,0,0,0,0
C3010,32,08,0000,District - Ernakulam  08,Total,All ages,3105798,1538397,1567401,695678,350114,345564,578525,292787,285738,78033,34908,43125,28321,15997,12324,10246,6237,4009,553,185,368
C3010,32,08,0000,District - Ernakulam  08,Total,0-4,247137,126364,120773,18178,9187,8991,18178,9187,8991,0,0,0,0,0,0,0,0,0,0,0,0
C3010,32,08,0000,District - Ernakulam  08,Total,5,48776,25020,23756,25140,12765,12375,25140,12765,12375,0,0,0,0,0,0,0,0,0,0,0,0
C3010,32,08,0000,District - Ernakulam  08,Total,6,43011,22029,20982,34315,17447,16868,34315,17447,16868,0,0,0,0,0,0,0,0,0,0,0,0
C3010,32,08,0000,District - Ernakulam  08,Total,7,43122,21920,21202,41749,21198,20551,41749,21198,20551,0,0,0,0,0,0,0,0,0,0,0,0
C3010,32,08,0000,District - Ernakulam  08,Total,8,44259,22522,21737,43447,22118,21329,43447,22118,21329,0,0,0,0,0,0,0,0,0,0,0,0
C3010,32,08,0000,District - Ernakulam  08,Total,9,42580,21559,21021,41927,21226,20701,41927,21226,20701,0,0,0,0,0,0,0,0,0,0,0,0
C3010,32,08,0000,District - Ernakulam  08,Total,10,49500,25396,24104,48655,24966,23689,48655,24966,23689,0,0,0,0,0,0,0,0,0,0,0,0
C3010,32,08,0000,District - Ernakulam  08,Total,11,43956,22523,21433,43385,22224,21161,43385,22224,21161,0,0,0,0,0,0,0,0,0,0,0,0
C3010,32,08,0000,District - Ernakulam  08,Total,12,51825,26699,25126,51006,26304,24702,51006,26304,24702,0,0,0,0,0,0,0,0,0,0,0,0
C3010,32,08,0000,District - Ernakulam  08,Total,13,52330,26318,26012,51411,25833,25578,51411,25833,25578,0,0,0,0,0,0,0,0,0,0,0,0
C3010,32,08,0000,District - Ernakulam  08,Total,14,51245,26155,25090,49604,25249,24355,49604,25249,24355,0,0,0,0,0,0,0,0,0,0,0,0
C3010,32,08,0000,District - Ernakulam  08,Total,15-19,250713,126272,124441,178278,86203,92075,125744,61973,63771,33937,13812,20125,14496,8137,6359,4055,2255,1800,46,26,20
C3010,32,08,0000,District - Ernakulam  08,Total,20-24,272511,135009,137502,56630,28083,28547,3964,2297,1667,40589,19109,21480,9156,5018,4138,2854,1627,1227,67,32,35
C3010,32,08,0000,District - Ernakulam  08,Total,25-29,277401,132687,144714,7077,4469,2608,0,0,0,2468,1450,1018,2991,1897,1094,1582,1111,471,36,11,25
C3010,32,08,0000,District - Ernakulam  08,Total,30-34,272502,134547,137955,1804,1077,727,0,0,0,460,233,227,757,448,309,542,374,168,45,22,23
C3010,32,08,0000,District - Ernakulam  08,Total,35-59,960042,485311,474731,2481,1510,971,0,0,0,454,245,209,744,414,330,1109,801,308,174,50,124
C3010,32,08,0000,District - Ernakulam  08,Total,60+,352743,156904,195839,548,232,316,0,0,0,112,53,59,152,67,85,100,68,32,184,44,140
C3010,32,08,0000,District - Ernakulam  08,Total,Age not stated,2145,1162,983,43,23,20,0,0,0,13,6,7,25,16,9,4,1,3,1,0,1
C3010,32,08,0000,District - Ernakulam  08,Rural,All ages,1628713,808609,820104,357633,179655,177978,302484,153138,149346,36259,16189,20070,13733,7458,6275,4820,2759,2061,337,111,226
C3010,32,08,0000,District - Ernakulam  08,Rural,0-4,130243,66497,63746,9057,4567,4490,9057,4567,4490,0,0,0,0,0,0,0,0,0,0,0,0
C3010,32,08,0000,District - Ernakulam  08,Rural,5,25709,13262,12447,13136,6635,6501,13136,6635,6501,0,0,0,0,0,0,0,0,0,0,0,0
C3010,32,08,0000,District - Ernakulam  08,Rural,6,22077,11293,10784,17956,9120,8836,17956,9120,8836,0,0,0,0,0,0,0,0,0,0,0,0
C3010,32,08,0000,District - Ernakulam  08,Rural,7,22327,11412,10915,21596,11026,10570,21596,11026,10570,0,0,0,0,0,0,0,0,0,0,0,0
C3010,32,08,0000,District - Ernakulam  08,Rural,8,23196,11800,11396,22761,11586,11175,22761,11586,11175,0,0,0,0,0,0,0,0,0,0,0,0
C3010,32,08,0000,District - Ernakulam  08,Rural,9,22407,11314,11093,22069,11138,10931,22069,11138,10931,0,0,0,0,0,0,0,0,0,0,0,0
C3010,32,08,0000,District - Ernakulam  08,Rural,10,25667,13122,12545,25229,12897,12332,25229,12897,12332,0,0,0,0,0,0,0,0,0,0,0,0
C3010,32,08,0000,District - Ernakulam  08,Rural,11,22821,11634,11187,22537,11481,11056,22537,11481,11056,0,0,0,0,0,0,0,0,0,0,0,0
C3010,32,08,0000,District - Ernakulam  08,Rural,12,26993,14002,12991,26592,13808,12784,26592,13808,12784,0,0,0,0,0,0,0,0,0,0,0,0
C3010,32,08,0000,District - Ernakulam  08,Rural,13,27479,13774,13705,27045,13535,13510,27045,13535,13510,0,0,0,0,0,0,0,0,0,0,0,0
C3010,32,08,0000,District - Ernakulam  08,Rural,14,27081,13800,13281,26297,13369,12928,26297,13369,12928,0,0,0,0,0,0,0,0,0,0,0,0
C3010,32,08,0000,District - Ernakulam  08,Rural,15-19,130077,65703,64374,92057,44562,47495,66100,32784,33316,16506,6762,9744,7397,3983,3414,2029,1015,1014,25,18,7
C3010,32,08,0000,District - Ernakulam  08,Rural,20-24,139766,69746,70020,26195,12792,13403,2109,1192,917,18291,8569,9722,4440,2323,2117,1327,695,632,28,13,15
C3010,32,08,0000,District - Ernakulam  08,Rural,25-29,143151,69079,74072,3006,1905,1101,0,0,0,1103,664,439,1244,785,459,641,451,190,18,5,13
C3010,32,08,0000,District - Ernakulam  08,Rural,30-34,141571,70290,71281,708,434,274,0,0,0,163,86,77,288,171,117,236,166,70,21,11,10
C3010,32,08,0000,District - Ernakulam  08,Rural,35-59,498582,252290,246292,1068,661,407,0,0,0,143,82,61,277,156,121,533,392,141,115,31,84
C3010,32,08,0000,District - Ernakulam  08,Rural,60+,198458,88984,109474,303,125,178,0,0,0,48,25,23,74,28,46,51,39,12,130,33,97
C3010,32,08,0000,District - Ernakulam  08,Rural,Age not stated,1108,607,501,21,14,7,0,0,0,5,1,4,13,12,1,3,1,2,0,0,0
C3010,32,08,0000,District - Ernakulam  08,Urban,All ages,1477085,729788,747297,338045,170459,167586,276041,139649,136392,41774,18719,23055,14588,8539,6049,5426,3478,1948,216,74,142
C3010,32,08,0000,District - Ernakulam  08,Urban,0-4,116894,59867,57027,9121,4620,4501,9121,4620,4501,0,0,0,0,0,0,0,0,0,0,0,0
C3010,32,08,0000,District - Ernakulam  08,Urban,5,23067,11758,11309,12004,6130,5874,12004,6130,5874,0,0,0,0,0,0,0,0,0,0,0,0
C3010,32,08,0000,District - Ernakulam  08,Urban,6,20934,10736,10198,16359,8327,8032,16359,8327,8032,0,0,0,0,0,0,0,0,0,0,0,0
C3010,32,08,0000,District - Ernakulam  08,Urban,7,20795,10508,10287,20153,10172,9981,20153,10172,9981,0,0,0,0,0,0,0,0,0,0,0,0
C3010,32,08,0000,District - Ernakulam  08,Urban,8,21063,10722,10341,20686,10532,10154,20686,10532,10154,0,0,0,0,0,0,0,0,0,0,0,0
C3010,32,08,0000,District - Ernakulam  08,Urban,9,20173,10245,9928,19858,10088,9770,19858,10088,9770,0,0,0,0,0,0,0,0,0,0,0,0
C3010,32,08,0000,District - Ernakulam  08,Urban,10,23833,12274,11559,23426,12069,11357,23426,12069,11357,0,0,0,0,0,0,0,0,0,0,0,0
C3010,32,08,0000,District - Ernakulam  08,Urban,11,21135,10889,10246,20848,10743,10105,20848,10743,10105,0,0,0,0,0,0,0,0,0,0,0,0
C3010,32,08,0000,District - Ernakulam  08,Urban,12,24832,12697,12135,24414,12496,11918,24414,12496,11918,0,0,0,0,0,0,0,0,0,0,0,0
C3010,32,08,0000,District - Ernakulam  08,Urban,13,24851,12544,12307,24366,12298,12068,24366,12298,12068,0,0,0,0,0,0,0,0,0,0,0,0
C3010,32,08,0000,District - Ernakulam  08,Urban,14,24164,12355,11809,23307,11880,11427,23307,11880,11427,0,0,0,0,0,0,0,0,0,0,0,0
C3010,32,08,0000,District - Ernakulam  08,Urban,15-19,120636,60569,60067,86221,41641,44580,59644,29189,30455,17431,7050,10381,7099,4154,2945,2026,1240,786,21,8,13
C3010,32,08,0000,District - Ernakulam  08,Urban,20-24,132745,65263,67482,30435,15291,15144,1855,1105,750,22298,10540,11758,4716,2695,2021,1527,932,595,39,19,20
C3010,32,08,0000,District - Ernakulam  08,Urban,25-29,134250,63608,70642,4071,2564,1507,0,0,0,1365,786,579,1747,1112,635,941,660,281,18,6,12
C3010,32,08,0000,District - Ernakulam  08,Urban,30-34,130931,64257,66674,1096,643,453,0,0,0,297,147,150,469,277,192,306,208,98,24,11,13
C3010,32,08,0000,District - Ernakulam  08,Urban,35-59,461460,233021,228439,1413,849,564,0,0,0,311,163,148,467,258,209,576,409,167,59,19,40
C3010,32,08,0000,District - Ernakulam  08,Urban,60+,154285,67920,86365,245,107,138,0,0,0,64,28,36,78,39,39,49,29,20,54,11,43
C3010,32,08,0000,District - Ernakulam  08,Urban,Age not stated,1037,555,482,22,9,13,0,0,0,8,5,3,12,4,8,1,0,1,1,0,1
C3010,32,09,0000,District - Idukki  09,Total,All ages,1129221,566682,562539,239372,120868,118504,211572,107619,103953,18982,8884,10098,6045,2950,3095,2567,1310,1257,206,105,101
C3010,32,09,0000,District - Idukki  09,Total,0-4,98199,49778,48421,5141,2594,2547,5141,2594,2547,0,0,0,0,0,0,0,0,0,0,0,0
C3010,32,09,0000,District - Idukki  09,Total,5,19239,9778,9461,7763,3914,3849,7763,3914,3849,0,0,0,0,0,0,0,0,0,0,0,0
C3010,32,09,0000,District - Idukki  09,Total,6,16739,8599,8140,12466,6417,6049,12466,6417,6049,0,0,0,0,0,0,0,0,0,0,0,0
C3010,32,09,0000,District - Idukki  09,Total,7,16417,8201,8216,15515,7710,7805,15515,7710,7805,0,0,0,0,0,0,0,0,0,0,0,0
C3010,32,09,0000,District - Idukki  09,Total,8,17086,8664,8422,16481,8358,8123,16481,8358,8123,0,0,0,0,0,0,0,0,0,0,0,0
C3010,32,09,0000,District - Idukki  09,Total,9,16610,8502,8108,16146,8290,7856,16146,8290,7856,0,0,0,0,0,0,0,0,0,0,0,0
C3010,32,09,0000,District - Idukki  09,Total,10,19333,9984,9349,18599,9622,8977,18599,9622,8977,0,0,0,0,0,0,0,0,0,0,0,0
C3010,32,09,0000,District - Idukki  09,Total,11,16737,8408,8329,16296,8191,8105,16296,8191,8105,0,0,0,0,0,0,0,0,0,0,0,0
C3010,32,09,0000,District - Idukki  09,Total,12,20377,10560,9817,19588,10156,9432,19588,10156,9432,0,0,0,0,0,0,0,0,0,0,0,0
C3010,32,09,0000,District - Idukki  09,Total,13,20159,10117,10042,19128,9663,9465,19128,9663,9465,0,0,0,0,0,0,0,0,0,0,0,0
C3010,32,09,0000,District - Idukki  09,Total,14,19587,9884,9703,18029,9105,8924,18029,9105,8924,0,0,0,0,0,0,0,0,0,0,0,0
C3010,32,09,0000,District - Idukki  09,Total,15-19,96824,48596,48228,57029,27957,29072,44630,22567,22063,8184,3451,4733,3035,1368,1667,1161,557,604,19,14,5
C3010,32,09,0000,District - Idukki  09,Total,20-24,105729,51795,53934,14600,7354,7246,1790,1032,758,9876,4859,5017,2165,1076,1089,745,373,372,24,14,10
C3010,32,09,0000,District - Idukki  09,Total,25-29,109092,53465,55627,1581,1007,574,0,0,0,666,431,235,583,366,217,311,195,116,21,15,6
C3010,32,09,0000,District - Idukki  09,Total,30-34,96581,48401,48180,347,176,171,0,0,0,113,60,53,101,49,52,119,57,62,14,10,4
C3010,32,09,0000,District - Idukki  09,Total,35-59,336988,172381,164607,549,299,250,0,0,0,111,66,45,131,77,54,215,121,94,92,35,57
C3010,32,09,0000,District - Idukki  09,Total,60+,102560,49050,53510,107,51,56,0,0,0,27,14,13,30,14,16,14,6,8,36,17,19
C3010,32,09,0000,District - Idukki  09,Total,Age not stated,964,519,445,7,4,3,0,0,0,5,3,2,0,0,0,2,1,1,0,0,0
C3010,32,09,0000,District - Idukki  09,Rural,All ages,1071628,538064,533564,225416,113905,111511,199896,101674,98222,17376,8190,9186,5532,2720,2812,2413,1221,1192,199,100,99
C3010,32,09,0000,District - Idukki  09,Rural,0-4,93183,47236,45947,4741,2397,2344,4741,2397,2344,0,0,0,0,0,0,0,0,0,0,0,0
C3010,32,09,0000,District - Idukki  09,Rural,5,18234,9292,8942,7225,3665,3560,7225,3665,3560,0,0,0,0,0,0,0,0,0,0,0,0
C3010,32,09,0000,District - Idukki  09,Rural,6,15866,8159,7707,11775,6064,5711,11775,6064,5711,0,0,0,0,0,0,0,0,0,0,0,0
C3010,32,09,0000,District - Idukki  09,Rural,7,15569,7751,7818,14689,7270,7419,14689,7270,7419,0,0,0,0,0,0,0,0,0,0,0,0
C3010,32,09,0000,District - Idukki  09,Rural,8,16140,8184,7956,15559,7888,7671,15559,7888,7671,0,0,0,0,0,0,0,0,0,0,0,0
C3010,32,09,0000,District - Idukki  09,Rural,9,15738,8054,7684,15286,7847,7439,15286,7847,7439,0,0,0,0,0,0,0,0,0,0,0,0
C3010,32,09,0000,District - Idukki  09,Rural,10,18340,9448,8892,17628,9096,8532,17628,9096,8532,0,0,0,0,0,0,0,0,0,0,0,0
C3010,32,09,0000,District - Idukki  09,Rural,11,15889,7982,7907,15461,7772,7689,15461,7772,7689,0,0,0,0,0,0,0,0,0,0,0,0
C3010,32,09,0000,District - Idukki  09,Rural,12,19335,10029,9306,18559,9633,8926,18559,9633,8926,0,0,0,0,0,0,0,0,0,0,0,0
C3010,32,09,0000,District - Idukki  09,Rural,13,19093,9557,9536,18082,9114,8968,18082,9114,8968,0,0,0,0,0,0,0,0,0,0,0,0
C3010,32,09,0000,District - Idukki  09,Rural,14,18525,9339,9186,16996,8577,8419,16996,8577,8419,0,0,0,0,0,0,0,0,0,0,0,0
C3010,32,09,0000,District - Idukki  09,Rural,15-19,92063,46238,45825,53592,26340,27252,42182,21370,20812,7511,3173,4338,2782,1266,1516,1099,518,581,18,13,5
C3010,32,09,0000,District - Idukki  09,Rural,20-24,100677,49459,51218,13434,6812,6622,1713,981,732,9029,4486,4543,1980,987,993,689,345,344,23,13,10
C3010,32,09,0000,District - Idukki  09,Rural,25-29,103785,50880,52905,1440,923,517,0,0,0,600,396,204,531,333,198,289,180,109,20,14,6
C3010,32,09,0000,District - Idukki  09,Rural,30-34,91812,46085,45727,325,170,155,0,0,0,108,58,50,91,47,44,113,55,58,13,10,3
C3010,32,09,0000,District - Idukki  09,Rural,35-59,319598,163487,156111,513,284,229,0,0,0,97,60,37,119,74,45,207,116,91,90,34,56
C3010,32,09,0000,District - Idukki  09,Rural,60+,96872,46400,50472,104,49,55,0,0,0,26,14,12,29,13,16,14,6,8,35,16,19
C3010,32,09,0000,District - Idukki  09,Rural,Age not stated,909,484,425,7,4,3,0,0,0,5,3,2,0,0,0,2,1,1,0,0,0
C3010,32,09,0000,District - Idukki  09,Urban,All ages,57593,28618,28975,13956,6963,6993,11676,5945,5731,1606,694,912,513,230,283,154,89,65,7,5,2
C3010,32,09,0000,District - Idukki  09,Urban,0-4,5016,2542,2474,400,197,203,400,197,203,0,0,0,0,0,0,0,0,0,0,0,0
C3010,32,09,0000,District - Idukki  09,Urban,5,1005,486,519,538,249,289,538,249,289,0,0,0,0,0,0,0,0,0,0,0,0
C3010,32,09,0000,District - Idukki  09,Urban,6,873,440,433,691,353,338,691,353,338,0,0,0,0,0,0,0,0,0,0,0,0
C3010,32,09,0000,District - Idukki  09,Urban,7,848,450,398,826,440,386,826,440,386,0,0,0,0,0,0,0,0,0,0,0,0
C3010,32,09,0000,District - Idukki  09,Urban,8,946,480,466,922,470,452,922,470,452,0,0,0,0,0,0,0,0,0,0,0,0
C3010,32,09,0000,District - Idukki  09,Urban,9,872,448,424,860,443,417,860,443,417,0,0,0,0,0,0,0,0,0,0,0,0
C3010,32,09,0000,District - Idukki  09,Urban,10,993,536,457,971,526,445,971,526,445,0,0,0,0,0,0,0,0,0,0,0,0
C3010,32,09,0000,District - Idukki  09,Urban,11,848,426,422,835,419,416,835,419,416,0,0,0,0,0,0,0,0,0,0,0,0
C3010,32,09,0000,District - Idukki  09,Urban,12,1042,531,511,1029,523,506,1029,523,506,0,0,0,0,0,0,0,0,0,0,0,0
C3010,32,09,0000,District - Idukki  09,Urban,13,1066,560,506,1046,549,497,1046,549,497,0,0,0,0,0,0,0,0,0,0,0,0
C3010,32,09,0000,District - Idukki  09,Urban,14,1062,545,517,1033,528,505,1033,528,505,0,0,0,0,0,0,0,0,0,0,0,0
C3010,32,09,0000,District - Idukki  09,Urban,15-19,4761,2358,2403,3437,1617,1820,2448,1197,1251,673,278,395,253,102,151,62,39,23,1,1,0
C3010,32,09,0000,District - Idukki  09,Urban,20-24,5052,2336,2716,1166,542,624,77,51,26,847,373,474,185,89,96,56,28,28,1,1,0
C3010,32,09,0000,District - Idukki  09,Urban,25-29,5307,2585,2722,141,84,57,0,0,0,66,35,31,52,33,19,22,15,7,1,1,0
C3010,32,09,0000,District - Idukki  09,Urban,30-34,4769,2316,2453,22,6,16,0,0,0,5,2,3,10,2,8,6,2,4,1,0,1
C3010,32,09,0000,District - Idukki  09,Urban,35-59,17390,8894,8496,36,15,21,0,0,0,14,6,8,12,3,9,8,5,3,2,1,1
C3010,32,09,0000,District - Idukki  09,Urban,60+,5688,2650,3038,3,2,1,0,0,0,1,0,1,1,1,0,0,0,0,1,1,0
C3010,32,09,0000,District - Idukki  09,Urban,Age not stated,55,35,20,0,0,0,0,0,0,0,0,0,0,0,0,0,0,0,0,0,0
C3010,32,10,0000,District - Kottayam  10,Total,All ages,1953646,964926,988720,448714,224888,223826,368291,185919,182372,51712,23828,27884,21438,11037,10401,7041,4007,3034,232,97,135
C3010,32,10,0000,District - Kottayam  10,Total,0-4,154992,78791,76201,10339,5187,5152,10339,5187,5152,0,0,0,0,0,0,0,0,0,0,0,0
C3010,32,10,0000,District - Kottayam  10,Total,5,30383,15680,14703,14070,7225,6845,14070,7225,6845,0,0,0,0,0,0,0,0,0,0,0,0
C3010,32,10,0000,District - Kottayam  10,Total,6,27247,13887,13360,20886,10604,10282,20886,10604,10282,0,0,0,0,0,0,0,0,0,0,0,0
C3010,32,10,0000,District - Kottayam  10,Total,7,27299,13784,13515,26625,13446,13179,26625,13446,13179,0,0,0,0,0,0,0,0,0,0,0,0
C3010,32,10,0000,District - Kottayam  10,Total,8,27703,14112,13591,27317,13913,13404,27317,13913,13404,0,0,0,0,0,0,0,0,0,0,0,0
C3010,32,10,0000,District - Kottayam  10,Total,9,26962,13671,13291,26639,13504,13135,26639,13504,13135,0,0,0,0,0,0,0,0,0,0,0,0
C3010,32,10,0000,District - Kottayam  10,Total,10,31818,16397,15421,31399,16182,15217,31399,16182,15217,0,0,0,0,0,0,0,0,0,0,0,0
C3010,32,10,0000,District - Kottayam  10,Total,11,27995,14311,13684,27666,14137,13529,27666,14137,13529,0,0,0,0,0,0,0,0,0,0,0,0
C3010,32,10,0000,District - Kottayam  10,Total,12,33165,16986,16179,32756,16771,15985,32756,16771,15985,0,0,0,0,0,0,0,0,0,0,0,0
C3010,32,10,0000,District - Kottayam  10,Total,13,33511,16728,16783,33043,16495,16548,33043,16495,16548,0,0,0,0,0,0,0,0,0,0,0,0
C3010,32,10,0000,District - Kottayam  10,Total,14,33208,16711,16497,32365,16221,16144,32365,16221,16144,0,0,0,0,0,0,0,0,0,0,0,0
C3010,32,10,0000,District - Kottayam  10,Total,15-19,152749,77192,75557,116595,56608,59987,82337,40665,41672,21277,9312,11965,9919,4909,5010,3029,1707,1322,33,15,18
C3010,32,10,0000,District - Kottayam  10,Total,20-24,160996,79685,81311,41056,19823,21233,2849,1569,1280,27943,13101,14842,8077,4022,4055,2142,1108,1034,45,23,22
C3010,32,10,0000,District - Kottayam  10,Total,25-29,169395,80885,88510,5307,3281,2026,0,0,0,1780,1059,721,2479,1573,906,1023,632,391,25,17,8
C3010,32,10,0000,District - Kottayam  10,Total,30-34,163870,80156,83714,1034,588,446,0,0,0,303,157,146,448,260,188,271,167,104,12,4,8
C3010,32,10,0000,District - Kottayam  10,Total,35-59,599414,299818,299596,1353,782,571,0,0,0,311,147,164,437,245,192,540,365,175,65,25,40
C3010,32,10,0000,District - Kottayam  10,Total,60+,251835,115524,136311,248,115,133,0,0,0,88,49,39,73,26,47,35,27,8,52,13,39
C3010,32,10,0000,District - Kottayam  10,Total,Age not stated,1104,608,496,16,6,10,0,0,0,10,3,7,5,2,3,1,1,0,0,0,0
C3010,32,10,0000,District - Kottayam  10,Rural,All ages,1653838,817819,836019,375521,188473,187048,310040,156627,153413,42074,19578,22496,17698,9127,8571,5525,3062,2463,184,79,105
C3010,32,10,0000,District - Kottayam  10,Rural,0-4,131518,66995,64523,8485,4257,4228,8485,4257,4228,0,0,0,0,0,0,0,0,0,0,0,0
C3010,32,10,0000,District - Kottayam  10,Rural,5,25667,13256,12411,11579,5956,5623,11579,5956,5623,0,0,0,0,0,0,0,0,0,0,0,0
C3010,32,10,0000,District - Kottayam  10,Rural,6,22916,11666,11250,17549,8927,8622,17549,8927,8622,0,0,0,0,0,0,0,0,0,0,0,0
C3010,32,10,0000,District - Kottayam  10,Rural,7,22987,11638,11349,22441,11359,11082,22441,11359,11082,0,0,0,0,0,0,0,0,0,0,0,0
C3010,32,10,0000,District - Kottayam  10,Rural,8,23421,11927,11494,23089,11757,11332,23089,11757,11332,0,0,0,0,0,0,0,0,0,0,0,0
C3010,32,10,0000,District - Kottayam  10,Rural,9,22974,11704,11270,22700,11561,11139,22700,11561,11139,0,0,0,0,0,0,0,0,0,0,0,0
C3010,32,10,0000,District - Kottayam  10,Rural,10,26819,13832,12987,26466,13646,12820,26466,13646,12820,0,0,0,0,0,0,0,0,0,0,0,0
C3010,32,10,0000,District - Kottayam  10,Rural,11,23516,12019,11497,23239,11873,11366,23239,11873,11366,0,0,0,0,0,0,0,0,0,0,0,0
C3010,32,10,0000,District - Kottayam  10,Rural,12,27985,14341,13644,27653,14167,13486,27653,14167,13486,0,0,0,0,0,0,0,0,0,0,0,0
C3010,32,10,0000,District - Kottayam  10,Rural,13,28121,13978,14143,27750,13791,13959,27750,13791,13959,0,0,0,0,0,0,0,0,0,0,0,0
C3010,32,10,0000,District - Kottayam  10,Rural,14,28006,14122,13884,27315,13715,13600,27315,13715,13600,0,0,0,0,0,0,0,0,0,0,0,0
C3010,32,10,0000,District - Kottayam  10,Rural,15-19,128051,64802,63249,97750,47476,50274,69401,34295,35106,17552,7726,9826,8294,4098,4196,2475,1345,1130,28,12,16
C3010,32,10,0000,District - Kottayam  10,Rural,20-24,135062,67226,67836,33400,16292,17108,2373,1323,1050,22613,10746,11867,6676,3358,3318,1702,849,853,36,16,20
C3010,32,10,0000,District - Kottayam  10,Rural,25-29,143397,68390,75007,4074,2542,1532,0,0,0,1372,833,539,1958,1242,716,723,453,270,21,14,7
C3010,32,10,0000,District - Kottayam  10,Rural,30-34,139292,68061,71231,780,463,317,0,0,0,220,123,97,353,213,140,197,124,73,10,3,7
C3010,32,10,0000,District - Kottayam  10,Rural,35-59,508391,254572,253819,1047,598,449,0,0,0,243,113,130,351,193,158,402,270,132,51,22,29
C3010,32,10,0000,District - Kottayam  10,Rural,60+,214786,98774,116012,192,88,104,0,0,0,67,34,33,61,21,40,26,21,5,38,12,26
C3010,32,10,0000,District - Kottayam  10,Rural,Age not stated,929,516,413,12,5,7,0,0,0,7,3,4,5,2,3,0,0,0,0,0,0
C3010,32,10,0000,District - Kottayam  10,Urban,All ages,299808,147107,152701,73193,36415,36778,58251,29292,28959,9638,4250,5388,3740,1910,1830,1516,945,571,48,18,30
C3010,32,10,0000,District - Kottayam  10,Urban,0-4,23474,11796,11678,1854,930,924,1854,930,924,0,0,0,0,0,0,0,0,0,0,0,0
C3010,32,10,0000,District - Kottayam  10,Urban,5,4716,2424,2292,2491,1269,1222,2491,1269,1222,0,0,0,0,0,0,0,0,0,0,0,0
C3010,32,10,0000,District - Kottayam  10,Urban,6,4331,2221,2110,3337,1677,1660,3337,1677,1660,0,0,0,0,0,0,0,0,0,0,0,0
C3010,32,10,0000,District - Kottayam  10,Urban,7,4312,2146,2166,4184,2087,2097,4184,2087,2097,0,0,0,0,0,0,0,0,0,0,0,0
C3010,32,10,0000,District - Kottayam  10,Urban,8,4282,2185,2097,4228,2156,2072,4228,2156,2072,0,0,0,0,0,0,0,0,0,0,0,0
C3010,32,10,0000,District - Kottayam  10,Urban,9,3988,1967,2021,3939,1943,1996,3939,1943,1996,0,0,0,0,0,0,0,0,0,0,0,0
C3010,32,10,0000,District - Kottayam  10,Urban,10,4999,2565,2434,4933,2536,2397,4933,2536,2397,0,0,0,0,0,0,0,0,0,0,0,0
C3010,32,10,0000,District - Kottayam  10,Urban,11,4479,2292,2187,4427,2264,2163,4427,2264,2163,0,0,0,0,0,0,0,0,0,0,0,0
C3010,32,10,0000,District - Kottayam  10,Urban,12,5180,2645,2535,5103,2604,2499,5103,2604,2499,0,0,0,0,0,0,0,0,0,0,0,0
C3010,32,10,0000,District - Kottayam  10,Urban,13,5390,2750,2640,5293,2704,2589,5293,2704,2589,0,0,0,0,0,0,0,0,0,0,0,0
C3010,32,10,0000,District - Kottayam  10,Urban,14,5202,2589,2613,5050,2506,2544,5050,2506,2544,0,0,0,0,0,0,0,0,0,0,0,0
C3010,32,10,0000,District - Kottayam  10,Urban,15-19,24698,12390,12308,18845,9132,9713,12936,6370,6566,3725,1586,2139,1625,811,814,554,362,192,5,3,2
C3010,32,10,0000,District - Kottayam  10,Urban,20-24,25934,12459,13475,7656,3531,4125,476,246,230,5330,2355,2975,1401,664,737,440,259,181,9,7,2
C3010,32,10,0000,District - Kottayam  10,Urban,25-29,25998,12495,13503,1233,739,494,0,0,0,408,226,182,521,331,190,300,179,121,4,3,1
C3010,32,10,0000,District - Kottayam  10,Urban,30-34,24578,12095,12483,254,125,129,0,0,0,83,34,49,95,47,48,74,43,31,2,1,1
C3010,32,10,0000,District - Kottayam  10,Urban,35-59,91023,45246,45777,306,184,122,0,0,0,68,34,34,86,52,34,138,95,43,14,3,11
C3010,32,10,0000,District - Kottayam  10,Urban,60+,37049,16750,20299,56,27,29,0,0,0,21,15,6,12,5,7,9,6,3,14,1,13
C3010,32,10,0000,District - Kottayam  10,Urban,Age not stated,175,92,83,4,1,3,0,0,0,3,0,3,0,0,0,1,1,0,0,0,0
C3010,32,11,0000,District - Alappuzha  11,Total,All ages,2109160,1014529,1094631,461070,234382,226688,386945,197148,189797,46309,20801,25508,19158,11524,7634,8270,4780,3490,388,129,259
C3010,32,11,0000,District - Alappuzha  11,Total,0-4,165994,84596,81398,10659,5408,5251,10659,5408,5251,0,0,0,0,0,0,0,0,0,0,0,0
C3010,32,11,0000,District - Alappuzha  11,Total,5,31773,16555,15218,13492,6959,6533,13492,6959,6533,0,0,0,0,0,0,0,0,0,0,0,0
C3010,32,11,0000,District - Alappuzha  11,Total,6,28641,14601,14040,21283,10825,10458,21283,10825,10458,0,0,0,0,0,0,0,0,0,0,0,0
C3010,32,11,0000,District - Alappuzha  11,Total,7,29147,14782,14365,28198,14320,13878,28198,14320,13878,0,0,0,0,0,0,0,0,0,0,0,0
C3010,32,11,0000,District - Alappuzha  11,Total,8,29465,15025,14440,28885,14729,14156,28885,14729,14156,0,0,0,0,0,0,0,0,0,0,0,0
C3010,32,11,0000,District - Alappuzha  11,Total,9,28830,14669,14161,28289,14406,13883,28289,14406,13883,0,0,0,0,0,0,0,0,0,0,0,0
C3010,32,11,0000,District - Alappuzha  11,Total,10,33381,17141,16240,32796,16853,15943,32796,16853,15943,0,0,0,0,0,0,0,0,0,0,0,0
C3010,32,11,0000,District - Alappuzha  11,Total,11,30665,15727,14938,30195,15505,14690,30195,15505,14690,0,0,0,0,0,0,0,0,0,0,0,0
C3010,32,11,0000,District - Alappuzha  11,Total,12,35925,18582,17343,35356,18289,17067,35356,18289,17067,0,0,0,0,0,0,0,0,0,0,0,0
C3010,32,11,0000,District - Alappuzha  11,Total,13,36419,18377,18042,35775,18027,17748,35775,18027,17748,0,0,0,0,0,0,0,0,0,0,0,0
C3010,32,11,0000,District - Alappuzha  11,Total,14,35603,18190,17413,34581,17664,16917,34581,17664,16917,0,0,0,0,0,0,0,0,0,0,0,0
C3010,32,11,0000,District - Alappuzha  11,Total,15-19,170293,85548,84745,118939,59278,59661,84408,42520,41888,20612,8733,11879,9685,5777,3908,4199,2223,1976,35,25,10
C3010,32,11,0000,District - Alappuzha  11,Total,20-24,185037,88389,96648,35240,17686,17554,3028,1643,1385,23741,11031,12710,6245,3721,2524,2173,1261,912,53,30,23
C3010,32,11,0000,District - Alappuzha  11,Total,25-29,185490,84242,101248,4233,2576,1657,0,0,0,1355,743,612,2021,1266,755,821,552,269,36,15,21
C3010,32,11,0000,District - Alappuzha  11,Total,30-34,173310,80491,92819,948,555,393,0,0,0,213,102,111,443,265,178,269,176,93,23,12,11
C3010,32,11,0000,District - Alappuzha  11,Total,35-59,635543,307686,327857,1783,1118,665,0,0,0,282,137,145,647,430,217,733,525,208,121,26,95
C3010,32,11,0000,District - Alappuzha  11,Total,60+,271910,119044,152866,396,167,229,0,0,0,95,48,47,109,58,51,72,40,32,120,21,99
C3010,32,11,0000,District - Alappuzha  11,Total,Age not stated,1734,884,850,22,17,5,0,0,0,11,7,4,8,7,1,3,3,0,0,0,0
C3010,32,11,0000,District - Alappuzha  11,Rural,All ages,1487703,712867,774836,324664,165065,159599,273375,139147,134228,31555,14332,17223,14066,8461,5605,5407,3032,2375,261,93,168
C3010,32,11,0000,District - Alappuzha  11,Rural,0-4,115800,59028,56772,7613,3866,3747,7613,3866,3747,0,0,0,0,0,0,0,0,0,0,0,0
C3010,32,11,0000,District - Alappuzha  11,Rural,5,22495,11701,10794,9587,4935,4652,9587,4935,4652,0,0,0,0,0,0,0,0,0,0,0,0
C3010,32,11,0000,District - Alappuzha  11,Rural,6,20111,10196,9915,14854,7478,7376,14854,7478,7376,0,0,0,0,0,0,0,0,0,0,0,0
C3010,32,11,0000,District - Alappuzha  11,Rural,7,20554,10405,10149,19872,10070,9802,19872,10070,9802,0,0,0,0,0,0,0,0,0,0,0,0
C3010,32,11,0000,District - Alappuzha  11,Rural,8,20733,10572,10161,20310,10357,9953,20310,10357,9953,0,0,0,0,0,0,0,0,0,0,0,0
C3010,32,11,0000,District - Alappuzha  11,Rural,9,20384,10339,10045,19958,10136,9822,19958,10136,9822,0,0,0,0,0,0,0,0,0,0,0,0
C3010,32,11,0000,District - Alappuzha  11,Rural,10,23601,12127,11474,23169,11913,11256,23169,11913,11256,0,0,0,0,0,0,0,0,0,0,0,0
C3010,32,11,0000,District - Alappuzha  11,Rural,11,21646,11085,10561,21307,10927,10380,21307,10927,10380,0,0,0,0,0,0,0,0,0,0,0,0
C3010,32,11,0000,District - Alappuzha  11,Rural,12,25574,13241,12333,25150,13022,12128,25150,13022,12128,0,0,0,0,0,0,0,0,0,0,0,0
C3010,32,11,0000,District - Alappuzha  11,Rural,13,25670,12963,12707,25192,12707,12485,25192,12707,12485,0,0,0,0,0,0,0,0,0,0,0,0
C3010,32,11,0000,District - Alappuzha  11,Rural,14,25001,12728,12273,24301,12366,11935,24301,12366,11935,0,0,0,0,0,0,0,0,0,0,0,0
C3010,32,11,0000,District - Alappuzha  11,Rural,15-19,119437,59939,59498,84017,41956,42061,59858,30182,29676,14128,6060,8068,7126,4209,2917,2878,1485,1393,27,20,7
C3010,32,11,0000,District - Alappuzha  11,Rural,20-24,129721,62122,67599,24408,12385,12023,2204,1188,1016,16089,7589,8500,4614,2744,1870,1467,843,624,34,21,13
C3010,32,11,0000,District - Alappuzha  11,Rural,25-29,129117,58078,71039,2905,1764,1141,0,0,0,952,507,445,1431,913,518,498,334,164,24,10,14
C3010,32,11,0000,District - Alappuzha  11,Rural,30-34,120600,55311,65289,614,357,257,0,0,0,138,63,75,312,196,116,148,89,59,16,9,7
C3010,32,11,0000,District - Alappuzha  11,Rural,35-59,446908,214688,232220,1119,700,419,0,0,0,183,83,100,491,345,146,365,255,110,80,17,63
C3010,32,11,0000,District - Alappuzha  11,Rural,60+,199115,87707,111408,271,113,158,0,0,0,58,26,32,85,48,37,48,23,25,80,16,64
C3010,32,11,0000,District - Alappuzha  11,Rural,Age not stated,1236,637,599,17,13,4,0,0,0,7,4,3,7,6,1,3,3,0,0,0,0
C3010,32,11,0000,District - Alappuzha  11,Urban,All ages,621457,301662,319795,136406,69317,67089,113570,58001,55569,14754,6469,8285,5092,3063,2029,2863,1748,1115,127,36,91
C3010,32,11,0000,District - Alappuzha  11,Urban,0-4,50194,25568,24626,3046,1542,1504,3046,1542,1504,0,0,0,0,0,0,0,0,0,0,0,0
C3010,32,11,0000,District - Alappuzha  11,Urban,5,9278,4854,4424,3905,2024,1881,3905,2024,1881,0,0,0,0,0,0,0,0,0,0,0,0
C3010,32,11,0000,District - Alappuzha  11,Urban,6,8530,4405,4125,6429,3347,3082,6429,3347,3082,0,0,0,0,0,0,0,0,0,0,0,0
C3010,32,11,0000,District - Alappuzha  11,Urban,7,8593,4377,4216,8326,4250,4076,8326,4250,4076,0,0,0,0,0,0,0,0,0,0,0,0
C3010,32,11,0000,District - Alappuzha  11,Urban,8,8732,4453,4279,8575,4372,4203,8575,4372,4203,0,0,0,0,0,0,0,0,0,0,0,0
C3010,32,11,0000,District - Alappuzha  11,Urban,9,8446,4330,4116,8331,4270,4061,8331,4270,4061,0,0,0,0,0,0,0,0,0,0,0,0
C3010,32,11,0000,District - Alappuzha  11,Urban,10,9780,5014,4766,9627,4940,4687,9627,4940,4687,0,0,0,0,0,0,0,0,0,0,0,0
C3010,32,11,0000,District - Alappuzha  11,Urban,11,9019,4642,4377,8888,4578,4310,8888,4578,4310,0,0,0,0,0,0,0,0,0,0,0,0
C3010,32,11,0000,District - Alappuzha  11,Urban,12,10351,5341,5010,10206,5267,4939,10206,5267,4939,0,0,0,0,0,0,0,0,0,0,0,0
C3010,32,11,0000,District - Alappuzha  11,Urban,13,10749,5414,5335,10583,5320,5263,10583,5320,5263,0,0,0,0,0,0,0,0,0,0,0,0
C3010,32,11,0000,District - Alappuzha  11,Urban,14,10602,5462,5140,10280,5298,4982,10280,5298,4982,0,0,0,0,0,0,0,0,0,0,0,0
C3010,32,11,0000,District - Alappuzha  11,Urban,15-19,50856,25609,25247,34922,17322,17600,24550,12338,12212,6484,2673,3811,2559,1568,991,1321,738,583,8,5,3
C3010,32,11,0000,District - Alappuzha  11,Urban,20-24,55316,26267,29049,10832,5301,5531,824,455,369,7652,3442,4210,1631,977,654,706,418,288,19,9,10
C3010,32,11,0000,District - Alappuzha  11,Urban,25-29,56373,26164,30209,1328,812,516,0,0,0,403,236,167,590,353,237,323,218,105,12,5,7
C3010,32,11,0000,District - Alappuzha  11,Urban,30-34,52710,25180,27530,334,198,136,0,0,0,75,39,36,131,69,62,121,87,34,7,3,4
C3010,32,11,0000,District - Alappuzha  11,Urban,35-59,188635,92998,95637,664,418,246,0,0,0,99,54,45,156,85,71,368,270,98,41,9,32
C3010,32,11,0000,District - Alappuzha  11,Urban,60+,72795,31337,41458,125,54,71,0,0,0,37,22,15,24,10,14,24,17,7,40,5,35
C3010,32,11,0000,District - Alappuzha  11,Urban,Age not stated,498,247,251,5,4,1,0,0,0,4,3,1,1,1,0,0,0,0,0,0,0
C3010,32,12,0000,District - Pathanamthitta  12,Total,All ages,1234016,589398,644618,288298,145509,142789,237220,119877,117343,30071,13800,16271,15513,8846,6667,5201,2885,2316,293,101,192
C3010,32,12,0000,District - Pathanamthitta  12,Total,0-4,91643,46524,45119,6153,3102,3051,6153,3102,3051,0,0,0,0,0,0,0,0,0,0,0,0
C3010,32,12,0000,District - Pathanamthitta  12,Total,5,18537,9437,9100,8403,4279,4124,8403,4279,4124,0,0,0,0,0,0,0,0,0,0,0,0
C3010,32,12,0000,District - Pathanamthitta  12,Total,6,16844,8607,8237,12610,6382,6228,12610,6382,6228,0,0,0,0,0,0,0,0,0,0,0,0
C3010,32,12,0000,District - Pathanamthitta  12,Total,7,17099,8618,8481,16526,8314,8212,16526,8314,8212,0,0,0,0,0,0,0,0,0,0,0,0
C3010,32,12,0000,District - Pathanamthitta  12,Total,8,17654,8876,8778,17259,8669,8590,17259,8669,8590,0,0,0,0,0,0,0,0,0,0,0,0
C3010,32,12,0000,District - Pathanamthitta  12,Total,9,16972,8690,8282,16701,8541,8160,16701,8541,8160,0,0,0,0,0,0,0,0,0,0,0,0
C3010,32,12,0000,District - Pathanamthitta  12,Total,10,20815,10731,10084,20438,10523,9915,20438,10523,9915,0,0,0,0,0,0,0,0,0,0,0,0
C3010,32,12,0000,District - Pathanamthitta  12,Total,11,18350,9348,9002,18085,9215,8870,18085,9215,8870,0,0,0,0,0,0,0,0,0,0,0,0
C3010,32,12,0000,District - Pathanamthitta  12,Total,12,22227,11479,10748,21863,11281,10582,21863,11281,10582,0,0,0,0,0,0,0,0,0,0,0,0
C3010,32,12,0000,District - Pathanamthitta  12,Total,13,22722,11374,11348,22370,11199,11171,22370,11199,11171,0,0,0,0,0,0,0,0,0,0,0,0
C3010,32,12,0000,District - Pathanamthitta  12,Total,14,21954,10990,10964,21343,10652,10691,21343,10652,10691,0,0,0,0,0,0,0,0,0,0,0,0
C3010,32,12,0000,District - Pathanamthitta  12,Total,15-19,99166,50133,49033,76243,37550,38693,53396,26581,26815,12655,5447,7208,7718,4311,3407,2449,1195,1254,25,16,9
C3010,32,12,0000,District - Pathanamthitta  12,Total,20-24,100604,48208,52396,25392,12900,12492,2073,1139,934,16003,7598,8405,5735,3266,2469,1542,873,669,39,24,15
C3010,32,12,0000,District - Pathanamthitta  12,Total,25-29,99106,44682,54424,2978,1894,1084,0,0,0,1018,592,426,1381,912,469,563,385,178,16,5,11
C3010,32,12,0000,District - Pathanamthitta  12,Total,30-34,93774,41722,52052,629,335,294,0,0,0,171,72,99,242,132,110,201,128,73,15,3,12
C3010,32,12,0000,District - Pathanamthitta  12,Total,35-59,375474,176359,199115,1029,561,468,0,0,0,168,65,103,347,187,160,408,282,126,106,27,79
C3010,32,12,0000,District - Pathanamthitta  12,Total,60+,180018,83047,96971,261,107,154,0,0,0,47,22,25,89,38,51,35,22,13,90,25,65
C3010,32,12,0000,District - Pathanamthitta  12,Total,Age not stated,1057,573,484,15,5,10,0,0,0,9,4,5,1,0,1,3,0,3,2,1,1
C3010,32,12,0000,District - Pathanamthitta  12,Rural,All ages,1110218,529823,580395,257733,130081,127652,212711,107552,105159,26205,12020,14185,13945,7893,6052,4624,2527,2097,248,89,159
C3010,32,12,0000,District - Pathanamthitta  12,Rural,0-4,82545,41929,40616,5560,2802,2758,5560,2802,2758,0,0,0,0,0,0,0,0,0,0,0,0
C3010,32,12,0000,District - Pathanamthitta  12,Rural,5,16653,8440,8213,7491,3782,3709,7491,3782,3709,0,0,0,0,0,0,0,0,0,0,0,0
C3010,32,12,0000,District - Pathanamthitta  12,Rural,6,15123,7738,7385,11320,5743,5577,11320,5743,5577,0,0,0,0,0,0,0,0,0,0,0,0
C3010,32,12,0000,District - Pathanamthitta  12,Rural,7,15425,7763,7662,14903,7485,7418,14903,7485,7418,0,0,0,0,0,0,0,0,0,0,0,0
C3010,32,12,0000,District - Pathanamthitta  12,Rural,8,15914,7992,7922,15545,7798,7747,15545,7798,7747,0,0,0,0,0,0,0,0,0,0,0,0
C3010,32,12,0000,District - Pathanamthitta  12,Rural,9,15342,7881,7461,15100,7754,7346,15100,7754,7346,0,0,0,0,0,0,0,0,0,0,0,0
C3010,32,12,0000,District - Pathanamthitta  12,Rural,10,18744,9665,9079,18402,9481,8921,18402,9481,8921,0,0,0,0,0,0,0,0,0,0,0,0
C3010,32,12,0000,District - Pathanamthitta  12,Rural,11,16411,8351,8060,16173,8229,7944,16173,8229,7944,0,0,0,0,0,0,0,0,0,0,0,0
C3010,32,12,0000,District - Pathanamthitta  12,Rural,12,19945,10288,9657,19614,10114,9500,19614,10114,9500,0,0,0,0,0,0,0,0,0,0,0,0
C3010,32,12,0000,District - Pathanamthitta  12,Rural,13,20364,10148,10216,20050,9993,10057,20050,9993,10057,0,0,0,0,0,0,0,0,0,0,0,0
C3010,32,12,0000,District - Pathanamthitta  12,Rural,14,19680,9895,9785,19142,9600,9542,19142,9600,9542,0,0,0,0,0,0,0,0,0,0,0,0
C3010,32,12,0000,District - Pathanamthitta  12,Rural,15-19,88778,44968,43810,67949,33542,34407,47540,23748,23792,11104,4786,6318,7046,3905,3141,2236,1089,1147,23,14,9
C3010,32,12,0000,District - Pathanamthitta  12,Rural,20-24,90036,43084,46952,22319,11292,11027,1871,1023,848,13931,6592,7339,5124,2907,2217,1363,753,610,30,17,13
C3010,32,12,0000,District - Pathanamthitta  12,Rural,25-29,88739,39874,48865,2535,1611,924,0,0,0,854,505,349,1196,785,411,470,316,154,15,5,10
C3010,32,12,0000,District - Pathanamthitta  12,Rural,30-34,84186,37288,46898,528,285,243,0,0,0,128,62,66,214,113,101,175,108,67,11,2,9
C3010,32,12,0000,District - Pathanamthitta  12,Rural,35-59,338303,158704,179599,855,474,381,0,0,0,135,50,85,287,151,136,351,246,105,82,27,55
C3010,32,12,0000,District - Pathanamthitta  12,Rural,60+,163054,75286,87768,232,91,141,0,0,0,44,21,23,77,32,45,26,15,11,85,23,62
C3010,32,12,0000,District - Pathanamthitta  12,Rural,Age not stated,976,529,447,15,5,10,0,0,0,9,4,5,1,0,1,3,0,3,2,1,1
C3010,32,12,0000,District - Pathanamthitta  12,Urban,All ages,123798,59575,64223,30565,15428,15137,24509,12325,12184,3866,1780,2086,1568,953,615,577,358,219,45,12,33
C3010,32,12,0000,District - Pathanamthitta  12,Urban,0-4,9098,4595,4503,593,300,293,593,300,293,0,0,0,0,0,0,0,0,0,0,0,0
C3010,32,12,0000,District - Pathanamthitta  12,Urban,5,1884,997,887,912,497,415,912,497,415,0,0,0,0,0,0,0,0,0,0,0,0
C3010,32,12,0000,District - Pathanamthitta  12,Urban,6,1721,869,852,1290,639,651,1290,639,651,0,0,0,0,0,0,0,0,0,0,0,0
C3010,32,12,0000,District - Pathanamthitta  12,Urban,7,1674,855,819,1623,829,794,1623,829,794,0,0,0,0,0,0,0,0,0,0,0,0
C3010,32,12,0000,District - Pathanamthitta  12,Urban,8,1740,884,856,1714,871,843,1714,871,843,0,0,0,0,0,0,0,0,0,0,0,0
C3010,32,12,0000,District - Pathanamthitta  12,Urban,9,1630,809,821,1601,787,814,1601,787,814,0,0,0,0,0,0,0,0,0,0,0,0
C3010,32,12,0000,District - Pathanamthitta  12,Urban,10,2071,1066,1005,2036,1042,994,2036,1042,994,0,0,0,0,0,0,0,0,0,0,0,0
C3010,32,12,0000,District - Pathanamthitta  12,Urban,11,1939,997,942,1912,986,926,1912,986,926,0,0,0,0,0,0,0,0,0,0,0,0
C3010,32,12,0000,District - Pathanamthitta  12,Urban,12,2282,1191,1091,2249,1167,1082,2249,1167,1082,0,0,0,0,0,0,0,0,0,0,0,0
C3010,32,12,0000,District - Pathanamthitta  12,Urban,13,2358,1226,1132,2320,1206,1114,2320,1206,1114,0,0,0,0,0,0,0,0,0,0,0,0
C3010,32,12,0000,District - Pathanamthitta  12,Urban,14,2274,1095,1179,2201,1052,1149,2201,1052,1149,0,0,0,0,0,0,0,0,0,0,0,0
C3010,32,12,0000,District - Pathanamthitta  12,Urban,15-19,10388,5165,5223,8294,4008,4286,5856,2833,3023,1551,661,890,672,406,266,213,106,107,2,2,0
C3010,32,12,0000,District - Pathanamthitta  12,Urban,20-24,10568,5124,5444,3073,1608,1465,202,116,86,2072,1006,1066,611,359,252,179,120,59,9,7,2
C3010,32,12,0000,District - Pathanamthitta  12,Urban,25-29,10367,4808,5559,443,283,160,0,0,0,164,87,77,185,127,58,93,69,24,1,0,1
C3010,32,12,0000,District - Pathanamthitta  12,Urban,30-34,9588,4434,5154,101,50,51,0,0,0,43,10,33,28,19,9,26,20,6,4,1,3
C3010,32,12,0000,District - Pathanamthitta  12,Urban,35-59,37171,17655,19516,174,87,87,0,0,0,33,15,18,60,36,24,57,36,21,24,0,24
C3010,32,12,0000,District - Pathanamthitta  12,Urban,60+,16964,7761,9203,29,16,13,0,0,0,3,1,2,12,6,6,9,7,2,5,2,3
C3010,32,12,0000,District - Pathanamthitta  12,Urban,Age not stated,81,44,37,0,0,0,0,0,0,0,0,0,0,0,0,0,0,0,0,0,0
C3010,32,13,0000,District - Kollam  13,Total,All ages,2585208,1249621,1335587,568834,287244,281590,482410,244818,237592,56977,25290,31687,19274,11457,7817,9803,5513,4290,370,166,204
C3010,32,13,0000,District - Kollam  13,Total,0-4,214106,109215,104891,9784,4947,4837,9784,4947,4837,0,0,0,0,0,0,0,0,0,0,0,0
C3010,32,13,0000,District - Kollam  13,Total,5,42451,21660,20791,15537,7857,7680,15537,7857,7680,0,0,0,0,0,0,0,0,0,0,0,0
C3010,32,13,0000,District - Kollam  13,Total,6,36042,18380,17662,25048,12740,12308,25048,12740,12308,0,0,0,0,0,0,0,0,0,0,0,0
C3010,32,13,0000,District - Kollam  13,Total,7,37745,19340,18405,36437,18662,17775,36437,18662,17775,0,0,0,0,0,0,0,0,0,0,0,0
C3010,32,13,0000,District - Kollam  13,Total,8,38354,19549,18805,37602,19136,18466,37602,19136,18466,0,0,0,0,0,0,0,0,0,0,0,0
C3010,32,13,0000,District - Kollam  13,Total,9,36901,18866,18035,36340,18573,17767,36340,18573,17767,0,0,0,0,0,0,0,0,0,0,0,0
C3010,32,13,0000,District - Kollam  13,Total,10,42346,21677,20669,41574,21311,20263,41574,21311,20263,0,0,0,0,0,0,0,0,0,0,0,0
C3010,32,13,0000,District - Kollam  13,Total,11,38561,19496,19065,38003,19209,18794,38003,19209,18794,0,0,0,0,0,0,0,0,0,0,0,0
C3010,32,13,0000,District - Kollam  13,Total,12,47807,24741,23066,46974,24300,22674,46974,24300,22674,0,0,0,0,0,0,0,0,0,0,0,0
C3010,32,13,0000,District - Kollam  13,Total,13,47209,23614,23595,46085,23059,23026,46085,23059,23026,0,0,0,0,0,0,0,0,0,0,0,0
C3010,32,13,0000,District - Kollam  13,Total,14,46340,23547,22793,44204,22441,21763,44204,22441,21763,0,0,0,0,0,0,0,0,0,0,0,0
C3010,32,13,0000,District - Kollam  13,Total,15-19,225779,111653,114126,141811,69423,72388,100991,50433,50558,25256,10325,14931,10287,5983,4304,5238,2658,2580,39,24,15
C3010,32,13,0000,District - Kollam  13,Total,20-24,245026,115503,129523,42031,21012,21019,3831,2150,1681,29246,13534,15712,6324,3822,2502,2575,1469,1106,55,37,18
C3010,32,13,0000,District - Kollam  13,Total,25-29,234255,108410,125845,4523,2862,1661,0,0,0,1848,1109,739,1762,1124,638,878,607,271,35,22,13
C3010,32,13,0000,District - Kollam  13,Total,30-34,209835,98246,111589,905,541,364,0,0,0,251,130,121,324,202,122,294,198,96,36,11,25
C3010,32,13,0000,District - Kollam  13,Total,35-59,759015,368937,390078,1671,1025,646,0,0,0,295,159,136,493,277,216,743,543,200,140,46,94
C3010,32,13,0000,District - Kollam  13,Total,60+,281616,125760,155856,280,137,143,0,0,0,66,29,37,78,46,32,73,38,35,63,24,39
C3010,32,13,0000,District - Kollam  13,Total,Age not stated,1820,1027,793,25,9,16,0,0,0,15,4,11,6,3,3,2,0,2,2,2,0
C3010,32,13,0000,District - Kollam  13,Rural,All ages,2119230,1021415,1097815,464484,234557,229927,395241,200705,194536,45100,19988,25112,15682,9304,6378,8152,4419,3733,309,141,168
C3010,32,13,0000,District - Kollam  13,Rural,0-4,175815,89532,86283,8163,4090,4073,8163,4090,4073,0,0,0,0,0,0,0,0,0,0,0,0
C3010,32,13,0000,District - Kollam  13,Rural,5,34877,17800,17077,12867,6515,6352,12867,6515,6352,0,0,0,0,0,0,0,0,0,0,0,0
C3010,32,13,0000,District - Kollam  13,Rural,6,29407,15012,14395,20719,10536,10183,20719,10536,10183,0,0,0,0,0,0,0,0,0,0,0,0
C3010,32,13,0000,District - Kollam  13,Rural,7,30657,15703,14954,29612,15167,14445,29612,15167,14445,0,0,0,0,0,0,0,0,0,0,0,0
C3010,32,13,0000,District - Kollam  13,Rural,8,31331,15941,15390,30718,15604,15114,30718,15604,15114,0,0,0,0,0,0,0,0,0,0,0,0
C3010,32,13,0000,District - Kollam  13,Rural,9,30171,15421,14750,29742,15195,14547,29742,15195,14547,0,0,0,0,0,0,0,0,0,0,0,0
C3010,32,13,0000,District - Kollam  13,Rural,10,34580,17627,16953,33993,17357,16636,33993,17357,16636,0,0,0,0,0,0,0,0,0,0,0,0
C3010,32,13,0000,District - Kollam  13,Rural,11,31424,16004,15420,30994,15782,15212,30994,15782,15212,0,0,0,0,0,0,0,0,0,0,0,0
C3010,32,13,0000,District - Kollam  13,Rural,12,39248,20240,19008,38598,19899,18699,38598,19899,18699,0,0,0,0,0,0,0,0,0,0,0,0
C3010,32,13,0000,District - Kollam  13,Rural,13,38692,19423,19269,37850,18993,18857,37850,18993,18857,0,0,0,0,0,0,0,0,0,0,0,0
C3010,32,13,0000,District - Kollam  13,Rural,14,38020,19382,18638,36336,18521,17815,36336,18521,17815,0,0,0,0,0,0,0,0,0,0,0,0
C3010,32,13,0000,District - Kollam  13,Rural,15-19,184024,91031,92993,115645,56711,58934,82527,41263,41264,20110,8227,11883,8458,4955,3503,4517,2245,2272,33,21,12
C3010,32,13,0000,District - Kollam  13,Rural,20-24,199457,93868,105589,33514,16740,16774,3122,1783,1339,23053,10643,12410,5124,3074,2050,2166,1207,959,49,33,16
C3010,32,13,0000,District - Kollam  13,Rural,25-29,190460,87298,103162,3537,2207,1330,0,0,0,1464,870,594,1362,856,506,683,463,220,28,18,10
C3010,32,13,0000,District - Kollam  13,Rural,30-34,171220,79537,91683,700,410,290,0,0,0,192,101,91,257,154,103,222,144,78,29,11,18
C3010,32,13,0000,District - Kollam  13,Rural,35-59,623037,301660,321377,1255,720,535,0,0,0,225,123,102,404,221,183,510,338,172,116,38,78
C3010,32,13,0000,District - Kollam  13,Rural,60+,235314,105085,130229,224,104,120,0,0,0,47,21,26,71,41,30,52,22,30,54,20,34
C3010,32,13,0000,District - Kollam  13,Rural,Age not stated,1496,851,645,17,6,11,0,0,0,9,3,6,6,3,3,2,0,2,0,0,0
C3010,32,13,0000,District - Kollam  13,Urban,All ages,465978,228206,237772,104350,52687,51663,87169,44113,43056,11877,5302,6575,3592,2153,1439,1651,1094,557,61,25,36
C3010,32,13,0000,District - Kollam  13,Urban,0-4,38291,19683,18608,1621,857,764,1621,857,764,0,0,0,0,0,0,0,0,0,0,0,0
C3010,32,13,0000,District - Kollam  13,Urban,5,7574,3860,3714,2670,1342,1328,2670,1342,1328,0,0,0,0,0,0,0,0,0,0,0,0
C3010,32,13,0000,District - Kollam  13,Urban,6,6635,3368,3267,4329,2204,2125,4329,2204,2125,0,0,0,0,0,0,0,0,0,0,0,0
C3010,32,13,0000,District - Kollam  13,Urban,7,7088,3637,3451,6825,3495,3330,6825,3495,3330,0,0,0,0,0,0,0,0,0,0,0,0
C3010,32,13,0000,District - Kollam  13,Urban,8,7023,3608,3415,6884,3532,3352,6884,3532,3352,0,0,0,0,0,0,0,0,0,0,0,0
C3010,32,13,0000,District - Kollam  13,Urban,9,6730,3445,3285,6598,3378,3220,6598,3378,3220,0,0,0,0,0,0,0,0,0,0,0,0
C3010,32,13,0000,District - Kollam  13,Urban,10,7766,4050,3716,7581,3954,3627,7581,3954,3627,0,0,0,0,0,0,0,0,0,0,0,0
C3010,32,13,0000,District - Kollam  13,Urban,11,7137,3492,3645,7009,3427,3582,7009,3427,3582,0,0,0,0,0,0,0,0,0,0,0,0
C3010,32,13,0000,District - Kollam  13,Urban,12,8559,4501,4058,8376,4401,3975,8376,4401,3975,0,0,0,0,0,0,0,0,0,0,0,0
C3010,32,13,0000,District - Kollam  13,Urban,13,8517,4191,4326,8235,4066,4169,8235,4066,4169,0,0,0,0,0,0,0,0,0,0,0,0
C3010,32,13,0000,District - Kollam  13,Urban,14,8320,4165,4155,7868,3920,3948,7868,3920,3948,0,0,0,0,0,0,0,0,0,0,0,0
C3010,32,13,0000,District - Kollam  13,Urban,15-19,41755,20622,21133,26166,12712,13454,18464,9170,9294,5146,2098,3048,1829,1028,801,721,413,308,6,3,3
C3010,32,13,0000,District - Kollam  13,Urban,20-24,45569,21635,23934,8517,4272,4245,709,367,342,6193,2891,3302,1200,748,452,409,262,147,6,4,2
C3010,32,13,0000,District - Kollam  13,Urban,25-29,43795,21112,22683,986,655,331,0,0,0,384,239,145,400,268,132,195,144,51,7,4,3
C3010,32,13,0000,District - Kollam  13,Urban,30-34,38615,18709,19906,205,131,74,0,0,0,59,29,30,67,48,19,72,54,18,7,0,7
C3010,32,13,0000,District - Kollam  13,Urban,35-59,135978,67277,68701,416,305,111,0,0,0,70,36,34,89,56,33,233,205,28,24,8,16
C3010,32,13,0000,District - Kollam  13,Urban,60+,46302,20675,25627,56,33,23,0,0,0,19,8,11,7,5,2,21,16,5,9,4,5
C3010,32,13,0000,District - Kollam  13,Urban,Age not stated,324,176,148,8,3,5,0,0,0,6,1,5,0,0,0,0,0,0,2,2,0
C3010,32,14,0000,District - Thiruvananthapuram  14,Total,All ages,3234356,1569917,1664439,752622,379207,373415,630453,318659,311794,82892,38162,44730,24994,14418,10576,13533,7644,5889,750,324,426
C3010,32,14,0000,District - Thiruvananthapuram  14,Total,0-4,266099,135607,130492,17365,8688,8677,17365,8688,8677,0,0,0,0,0,0,0,0,0,0,0,0
C3010,32,14,0000,District - Thiruvananthapuram  14,Total,5,54676,28109,26567,23924,12131,11793,23924,12131,11793,0,0,0,0,0,0,0,0,0,0,0,0
C3010,32,14,0000,District - Thiruvananthapuram  14,Total,6,47740,24084,23656,35567,17759,17808,35567,17759,17808,0,0,0,0,0,0,0,0,0,0,0,0
C3010,32,14,0000,District - Thiruvananthapuram  14,Total,7,48802,24729,24073,46651,23597,23054,46651,23597,23054,0,0,0,0,0,0,0,0,0,0,0,0
C3010,32,14,0000,District - Thiruvananthapuram  14,Total,8,50652,25835,24817,49421,25207,24214,49421,25207,24214,0,0,0,0,0,0,0,0,0,0,0,0
C3010,32,14,0000,District - Thiruvananthapuram  14,Total,9,47652,24180,23472,46700,23690,23010,46700,23690,23010,0,0,0,0,0,0,0,0,0,0,0,0
C3010,32,14,0000,District - Thiruvananthapuram  14,Total,10,55863,28696,27167,54544,27977,26567,54544,27977,26567,0,0,0,0,0,0,0,0,0,0,0,0
C3010,32,14,0000,District - Thiruvananthapuram  14,Total,11,49285,24963,24322,48325,24454,23871,48325,24454,23871,0,0,0,0,0,0,0,0,0,0,0,0
C3010,32,14,0000,District - Thiruvananthapuram  14,Total,12,60938,31351,29587,59477,30560,28917,59477,30560,28917,0,0,0,0,0,0,0,0,0,0,0,0
C3010,32,14,0000,District - Thiruvananthapuram  14,Total,13,59424,30050,29374,57701,29107,28594,57701,29107,28594,0,0,0,0,0,0,0,0,0,0,0,0
C3010,32,14,0000,District - Thiruvananthapuram  14,Total,14,58707,29979,28728,55576,28178,27398,55576,28178,27398,0,0,0,0,0,0,0,0,0,0,0,0
C3010,32,14,0000,District - Thiruvananthapuram  14,Total,15-19,276480,137914,138566,180658,87500,93158,129652,64215,65437,32888,13706,19182,11455,6295,5160,6612,3260,3352,51,24,27
C3010,32,14,0000,District - Thiruvananthapuram  14,Total,20-24,290699,136891,153808,61367,30868,30499,5550,3096,2454,44692,21374,23318,7893,4608,3285,3102,1720,1382,130,70,60
C3010,32,14,0000,District - Thiruvananthapuram  14,Total,25-29,285707,132931,152776,8766,5448,3318,0,0,0,3762,2235,1527,3324,2140,1184,1589,1024,565,91,49,42
C3010,32,14,0000,District - Thiruvananthapuram  14,Total,30-34,265249,125504,139745,2165,1314,851,0,0,0,641,366,275,826,463,363,628,461,167,70,24,46
C3010,32,14,0000,District - Thiruvananthapuram  14,Total,35-59,975468,476928,498540,3720,2353,1367,0,0,0,695,362,333,1296,807,489,1440,1072,368,289,112,177
C3010,32,14,0000,District - Thiruvananthapuram  14,Total,60+,337184,150158,187026,620,322,298,0,0,0,169,86,83,184,94,90,153,102,51,114,40,74
C3010,32,14,0000,District - Thiruvananthapuram  14,Total,Age not stated,3731,2008,1723,75,54,21,0,0,0,45,33,12,16,11,5,9,5,4,5,5,0
C3010,32,14,0000,District - Thiruvananthapuram  14,Rural,All ages,2142695,1035265,1107430,487959,245287,242672,418181,211101,207080,46238,20660,25578,13723,8152,5571,9336,5182,4154,481,192,289
C3010,32,14,0000,District - Thiruvananthapuram  14,Rural,0-4,183606,93344,90262,11317,5573,5744,11317,5573,5744,0,0,0,0,0,0,0,0,0,0,0,0
C3010,32,14,0000,District - Thiruvananthapuram  14,Rural,5,37550,19223,18327,15922,8040,7882,15922,8040,7882,0,0,0,0,0,0,0,0,0,0,0,0
C3010,32,14,0000,District - Thiruvananthapuram  14,Rural,6,32068,16227,15841,24074,12049,12025,24074,12049,12025,0,0,0,0,0,0,0,0,0,0,0,0
C3010,32,14,0000,District - Thiruvananthapuram  14,Rural,7,32691,16450,16241,31206,15670,15536,31206,15670,15536,0,0,0,0,0,0,0,0,0,0,0,0
C3010,32,14,0000,District - Thiruvananthapuram  14,Rural,8,34111,17479,16632,33262,17046,16216,33262,17046,16216,0,0,0,0,0,0,0,0,0,0,0,0
C3010,32,14,0000,District - Thiruvananthapuram  14,Rural,9,32068,16271,15797,31443,15952,15491,31443,15952,15491,0,0,0,0,0,0,0,0,0,0,0,0
C3010,32,14,0000,District - Thiruvananthapuram  14,Rural,10,37295,19270,18025,36445,18810,17635,36445,18810,17635,0,0,0,0,0,0,0,0,0,0,0,0
C3010,32,14,0000,District - Thiruvananthapuram  14,Rural,11,32685,16606,16079,32095,16300,15795,32095,16300,15795,0,0,0,0,0,0,0,0,0,0,0,0
C3010,32,14,0000,District - Thiruvananthapuram  14,Rural,12,40965,20984,19981,39995,20467,19528,39995,20467,19528,0,0,0,0,0,0,0,0,0,0,0,0
C3010,32,14,0000,District - Thiruvananthapuram  14,Rural,13,39681,20060,19621,38500,19408,19092,38500,19408,19092,0,0,0,0,0,0,0,0,0,0,0,0
C3010,32,14,0000,District - Thiruvananthapuram  14,Rural,14,39339,20019,19320,37142,18750,18392,37142,18750,18392,0,0,0,0,0,0,0,0,0,0,0,0
C3010,32,14,0000,District - Thiruvananthapuram  14,Rural,15-19,184515,92013,92502,114452,55175,59277,83182,41033,42149,19502,7869,11633,6675,3807,2868,5055,2450,2605,38,16,22
C3010,32,14,0000,District - Thiruvananthapuram  14,Rural,20-24,194995,91278,103717,34324,17163,17161,3598,2003,1595,24136,11269,12867,4320,2628,1692,2175,1212,963,95,51,44
C3010,32,14,0000,District - Thiruvananthapuram  14,Rural,25-29,190462,88127,102335,4452,2833,1619,0,0,0,1926,1161,765,1560,1027,533,915,616,299,51,29,22
C3010,32,14,0000,District - Thiruvananthapuram  14,Rural,30-34,174273,82026,92247,1073,679,394,0,0,0,306,178,128,377,219,158,352,271,81,38,11,27
C3010,32,14,0000,District - Thiruvananthapuram  14,Rural,35-59,630653,306360,324293,1895,1189,706,0,0,0,275,132,143,690,428,262,755,574,181,175,55,120
C3010,32,14,0000,District - Thiruvananthapuram  14,Rural,60+,223934,98583,125351,328,159,169,0,0,0,73,38,35,97,40,57,79,56,23,79,25,54
C3010,32,14,0000,District - Thiruvananthapuram  14,Rural,Age not stated,1804,945,859,34,24,10,0,0,0,20,13,7,4,3,1,5,3,2,5,5,0
C3010,32,14,0000,District - Thiruvananthapuram  14,Urban,All ages,1091661,534652,557009,264663,133920,130743,212272,107558,104714,36654,17502,19152,11271,6266,5005,4197,2462,1735,269,132,137
C3010,32,14,0000,District - Thiruvananthapuram  14,Urban,0-4,82493,42263,40230,6048,3115,2933,6048,3115,2933,0,0,0,0,0,0,0,0,0,0,0,0
C3010,32,14,0000,District - Thiruvananthapuram  14,Urban,5,17126,8886,8240,8002,4091,3911,8002,4091,3911,0,0,0,0,0,0,0,0,0,0,0,0
C3010,32,14,0000,District - Thiruvananthapuram  14,Urban,6,15672,7857,7815,11493,5710,5783,11493,5710,5783,0,0,0,0,0,0,0,0,0,0,0,0
C3010,32,14,0000,District - Thiruvananthapuram  14,Urban,7,16111,8279,7832,15445,7927,7518,15445,7927,7518,0,0,0,0,0,0,0,0,0,0,0,0
C3010,32,14,0000,District - Thiruvananthapuram  14,Urban,8,16541,8356,8185,16159,8161,7998,16159,8161,7998,0,0,0,0,0,0,0,0,0,0,0,0
C3010,32,14,0000,District - Thiruvananthapuram  14,Urban,9,15584,7909,7675,15257,7738,7519,15257,7738,7519,0,0,0,0,0,0,0,0,0,0,0,0
C3010,32,14,0000,District - Thiruvananthapuram  14,Urban,10,18568,9426,9142,18099,9167,8932,18099,9167,8932,0,0,0,0,0,0,0,0,0,0,0,0
C3010,32,14,0000,District - Thiruvananthapuram  14,Urban,11,16600,8357,8243,16230,8154,8076,16230,8154,8076,0,0,0,0,0,0,0,0,0,0,0,0
C3010,32,14,0000,District - Thiruvananthapuram  14,Urban,12,19973,10367,9606,19482,10093,9389,19482,10093,9389,0,0,0,0,0,0,0,0,0,0,0,0
C3010,32,14,0000,District - Thiruvananthapuram  14,Urban,13,19743,9990,9753,19201,9699,9502,19201,9699,9502,0,0,0,0,0,0,0,0,0,0,0,0
C3010,32,14,0000,District - Thiruvananthapuram  14,Urban,14,19368,9960,9408,18434,9428,9006,18434,9428,9006,0,0,0,0,0,0,0,0,0,0,0,0
C3010,32,14,0000,District - Thiruvananthapuram  14,Urban,15-19,91965,45901,46064,66206,32325,33881,46470,23182,23288,13386,5837,7549,4780,2488,2292,1557,810,747,13,8,5
C3010,32,14,0000,District - Thiruvananthapuram  14,Urban,20-24,95704,45613,50091,27043,13705,13338,1952,1093,859,20556,10105,10451,3573,1980,1593,927,508,419,35,19,16
C3010,32,14,0000,District - Thiruvananthapuram  14,Urban,25-29,95245,44804,50441,4314,2615,1699,0,0,0,1836,1074,762,1764,1113,651,674,408,266,40,20,20
C3010,32,14,0000,District - Thiruvananthapuram  14,Urban,30-34,90976,43478,47498,1092,635,457,0,0,0,335,188,147,449,244,205,276,190,86,32,13,19
C3010,32,14,0000,District - Thiruvananthapuram  14,Urban,35-59,344815,170568,174247,1825,1164,661,0,0,0,420,230,190,606,379,227,685,498,187,114,57,57
C3010,32,14,0000,District - Thiruvananthapuram  14,Urban,60+,113250,51575,61675,292,163,129,0,0,0,96,48,48,87,54,33,74,46,28,35,15,20
C3010,32,14,0000,District - Thiruvananthapuram  14,Urban,Age not stated,1927,1063,864,41,30,11,0,0,0,25,20,5,12,8,4,4,2,2,0,0,0
