Table Name,State Code,District Code,Tehsil Code,Area Name,Total/ Rural/ Urban,Age-group,Total population - Persons,Total population - Males,Total population - Females,Population attending educational institutions - Persons,Population attending educational institutions - Males,Population attending educational institutions - Females,Type of educational institution - School - Persons,Type of educational institution - School - Males,Type of educational institution - School - Females,Type of educational institution - College - Persons,Type of educational institution - College - Males,Type of educational institution - College - Females,Type of educational institution - Vocational institute - Persons,Type of educational institution - Vocational institute - Males,Type of educational institution - Vocational institute - Females,Type of educational institution - Other institute - Persons,Type of educational institution - Other institute - Males,Type of educational institution - Other institute - Females,Type of educational institution - Literacy centre - Persons,Type of educational institution - Literacy centre - Males,Type of educational institution - Literacy centre - Females
C3010,23,00,0000,State - MADHYA PRADESH  23,Total,All ages,60348023,31443652,28904371,13750049,7975597,5774452,12801130,7424775,5376355,589147,392429,196718,40538,28524,12014,24316,17550,6766,294918,112319,182599
C3010,23,00,0000,State - MADHYA PRADESH  23,Total,0-4,7368736,3801712,3567024,133256,70179,63077,133256,70179,63077,0,0,0,0,0,0,0,0,0,0,0,0
C3010,23,00,0000,State - MADHYA PRADESH  23,Total,5,1700214,898393,801821,211475,116535,94940,211475,116535,94940,0,0,0,0,0,0,0,0,0,0,0,0
C3010,23,00,0000,State - MADHYA PRADESH  23,Total,6,1713264,879742,833522,616389,334188,282201,616389,334188,282201,0,0,0,0,0,0,0,0,0,0,0,0
C3010,23,00,0000,State - MADHYA PRADESH  23,Total,7,1385697,710779,674918,977522,524921,452601,977522,524921,452601,0,0,0,0,0,0,0,0,0,0,0,0
C3010,23,00,0000,State - MADHYA PRADESH  23,Total,8,2002398,1037498,964900,1509388,821154,688234,1509388,821154,688234,0,0,0,0,0,0,0,0,0,0,0,0
C3010,23,00,0000,State - MADHYA PRADESH  23,Total,9,1313098,672018,641080,1104430,587152,517278,1104430,587152,517278,0,0,0,0,0,0,0,0,0,0,0,0
C3010,23,00,0000,State - MADHYA PRADESH  23,Total,10,2160767,1137640,1023127,1702711,946538,756173,1702711,946538,756173,0,0,0,0,0,0,0,0,0,0,0,0
C3010,23,00,0000,State - MADHYA PRADESH  23,Total,11,1124728,600693,524035,962294,537171,425123,962294,537171,425123,0,0,0,0,0,0,0,0,0,0,0,0
C3010,23,00,0000,State - MADHYA PRADESH  23,Total,12,1921483,1029501,891982,1424289,827206,597083,1424289,827206,597083,0,0,0,0,0,0,0,0,0,0,0,0
C3010,23,00,0000,State - MADHYA PRADESH  23,Total,13,1182292,618571,563721,871900,501426,370474,871900,501426,370474,0,0,0,0,0,0,0,0,0,0,0,0
C3010,23,00,0000,State - MADHYA PRADESH  23,Total,14,1379739,737389,642350,894696,542171,352525,894696,542171,352525,0,0,0,0,0,0,0,0,0,0,0,0
C3010,23,00,0000,State - MADHYA PRADESH  23,Total,15-19,5690617,3155715,2534902,2361745,1551121,810624,2163518,1437984,725534,162977,92031,70946,12208,8198,4010,10736,7874,2862,12306,5034,7272
C3010,23,00,0000,State - MADHYA PRADESH  23,Total,20-24,5168016,2693698,2474318,654714,457420,197294,229262,178150,51112,361914,249540,112374,13945,10482,3463,6186,4555,1631,43407,14693,28714
C3010,23,00,0000,State - MADHYA PRADESH  23,Total,25-29,4664502,2364315,2300187,114142,66489,47653,0,0,0,47509,38557,8952,7587,5816,1771,3641,2681,960,55405,19435,35970
C3010,23,00,0000,State - MADHYA PRADESH  23,Total,30-34,4348461,2189149,2159312,71166,28971,42195,0,0,0,7715,5772,1943,2037,1307,730,1319,874,445,60095,21018,39077
C3010,23,00,0000,State - MADHYA PRADESH  23,Total,35-59,12783564,6738934,6044630,129802,57041,72761,0,0,0,6734,4925,1809,3572,2089,1483,1844,1191,653,117652,48836,68816
C3010,23,00,0000,State - MADHYA PRADESH  23,Total,60+,4280924,2091793,2189131,8311,4848,3463,0,0,0,1259,935,324,1004,485,519,467,300,167,5581,3128,2453
C3010,23,00,0000,State - MADHYA PRADESH  23,Total,Age not stated,159523,86112,73411,1819,1066,753,0,0,0,1039,669,370,185,147,38,123,75,48,472,175,297
C3010,23,00,0000,State - MADHYA PRADESH  23,Rural,All ages,44380878,23031093,21349785,9283489,5509589,3773900,8802039,5244148,3557891,168578,138202,30376,11419,7813,3606,11530,8795,2735,289923,110631,179292
C3010,23,00,0000,State - MADHYA PRADESH  23,Rural,0-4,5776585,2969769,2806816,55719,29509,26210,55719,29509,26210,0,0,0,0,0,0,0,0,0,0,0,0
C3010,23,00,0000,State - MADHYA PRADESH  23,Rural,5,1320586,694602,625984,99361,55579,43782,99361,55579,43782,0,0,0,0,0,0,0,0,0,0,0,0
C3010,23,00,0000,State - MADHYA PRADESH  23,Rural,6,1346573,689355,657218,440226,241581,198645,440226,241581,198645,0,0,0,0,0,0,0,0,0,0,0,0
C3010,23,00,0000,State - MADHYA PRADESH  23,Rural,7,1036836,530982,505854,691918,375801,316117,691918,375801,316117,0,0,0,0,0,0,0,0,0,0,0,0
C3010,23,00,0000,State - MADHYA PRADESH  23,Rural,8,1539336,794025,745311,1112563,609434,503129,1112563,609434,503129,0,0,0,0,0,0,0,0,0,0,0,0
C3010,23,00,0000,State - MADHYA PRADESH  23,Rural,9,1006527,513848,492679,826641,442361,384280,826641,442361,384280,0,0,0,0,0,0,0,0,0,0,0,0
C3010,23,00,0000,State - MADHYA PRADESH  23,Rural,10,1654420,866663,787757,1259325,706048,553277,1259325,706048,553277,0,0,0,0,0,0,0,0,0,0,0,0
C3010,23,00,0000,State - MADHYA PRADESH  23,Rural,11,819818,439515,380303,683608,388317,295291,683608,388317,295291,0,0,0,0,0,0,0,0,0,0,0,0
C3010,23,00,0000,State - MADHYA PRADESH  23,Rural,12,1447681,773828,673853,1018228,604907,413321,1018228,604907,413321,0,0,0,0,0,0,0,0,0,0,0,0
C3010,23,00,0000,State - MADHYA PRADESH  23,Rural,13,852990,450224,402766,590567,355050,235517,590567,355050,235517,0,0,0,0,0,0,0,0,0,0,0,0
C3010,23,00,0000,State - MADHYA PRADESH  23,Rural,14,1008925,543119,465806,599147,383618,215529,599147,383618,215529,0,0,0,0,0,0,0,0,0,0,0,0
C3010,23,00,0000,State - MADHYA PRADESH  23,Rural,15-19,3975497,2217629,1757868,1343646,975129,368517,1281820,933754,348066,41506,30045,11461,2616,1923,693,5668,4488,1180,12036,4919,7117
C3010,23,00,0000,State - MADHYA PRADESH  23,Rural,20-24,3633948,1862686,1771262,296197,225237,70960,142916,118189,24727,104676,87951,16725,3122,2468,654,2732,2192,540,42751,14437,28314
C3010,23,00,0000,State - MADHYA PRADESH  23,Rural,25-29,3338674,1689802,1648872,74890,37137,37753,0,0,0,17169,15635,1534,1897,1396,501,1180,911,269,54644,19195,35449
C3010,23,00,0000,State - MADHYA PRADESH  23,Rural,30-34,3133954,1567973,1565981,63504,24052,39452,0,0,0,2844,2490,354,897,506,391,494,294,200,59269,20762,38507
C3010,23,00,0000,State - MADHYA PRADESH  23,Rural,35-59,9106237,4764071,4342166,120561,51605,68956,0,0,0,1878,1647,231,2139,1173,966,1023,633,390,115521,48152,67369
C3010,23,00,0000,State - MADHYA PRADESH  23,Rural,60+,3265185,1600055,1665130,6582,3791,2791,0,0,0,290,254,36,697,311,386,360,232,128,5235,2994,2241
C3010,23,00,0000,State - MADHYA PRADESH  23,Rural,Age not stated,117106,62947,54159,806,433,373,0,0,0,215,180,35,51,36,15,73,45,28,467,172,295
C3010,23,00,0000,State - MADHYA PRADESH  23,Urban,All ages,15967145,8412559,7554586,4466560,2466008,2000552,3999091,2180627,1818464,420569,254227,166342,29119,20711,8408,12786,8755,4031,4995,1688,3307
C3010,23,00,0000,State - MADHYA PRADESH  23,Urban,0-4,1592151,831943,760208,77537,40670,36867,77537,40670,36867,0,0,0,0,0,0,0,0,0,0,0,0
C3010,23,00,0000,State - MADHYA PRADESH  23,Urban,5,379628,203791,175837,112114,60956,51158,112114,60956,51158,0,0,0,0,0,0,0,0,0,0,0,0
C3010,23,00,0000,State - MADHYA PRADESH  23,Urban,6,366691,190387,176304,176163,92607,83556,176163,92607,83556,0,0,0,0,0,0,0,0,0,0,0,0
C3010,23,00,0000,State - MADHYA PRADESH  23,Urban,7,348861,179797,169064,285604,149120,136484,285604,149120,136484,0,0,0,0,0,0,0,0,0,0,0,0
C3010,23,00,0000,State - MADHYA PRADESH  23,Urban,8,463062,243473,219589,396825,211720,185105,396825,211720,185105,0,0,0,0,0,0,0,0,0,0,0,0
C3010,23,00,0000,State - MADHYA PRADESH  23,Urban,9,306571,158170,148401,277789,144791,132998,277789,144791,132998,0,0,0,0,0,0,0,0,0,0,0,0
C3010,23,00,0000,State - MADHYA PRADESH  23,Urban,10,506347,270977,235370,443386,240490,202896,443386,240490,202896,0,0,0,0,0,0,0,0,0,0,0,0
C3010,23,00,0000,State - MADHYA PRADESH  23,Urban,11,304910,161178,143732,278686,148854,129832,278686,148854,129832,0,0,0,0,0,0,0,0,0,0,0,0
C3010,23,00,0000,State - MADHYA PRADESH  23,Urban,12,473802,255673,218129,406061,222299,183762,406061,222299,183762,0,0,0,0,0,0,0,0,0,0,0,0
C3010,23,00,0000,State - MADHYA PRADESH  23,Urban,13,329302,168347,160955,281333,146376,134957,281333,146376,134957,0,0,0,0,0,0,0,0,0,0,0,0
C3010,23,00,0000,State - MADHYA PRADESH  23,Urban,14,370814,194270,176544,295549,158553,136996,295549,158553,136996,0,0,0,0,0,0,0,0,0,0,0,0
C3010,23,00,0000,State - MADHYA PRADESH  23,Urban,15-19,1715120,938086,777034,1018099,575992,442107,881698,504230,377468,121471,61986,59485,9592,6275,3317,5068,3386,1682,270,115,155
C3010,23,00,0000,State - MADHYA PRADESH  23,Urban,20-24,1534068,831012,703056,358517,232183,126334,86346,59961,26385,257238,161589,95649,10823,8014,2809,3454,2363,1091,656,256,400
C3010,23,00,0000,State - MADHYA PRADESH  23,Urban,25-29,1325828,674513,651315,39252,29352,9900,0,0,0,30340,22922,7418,5690,4420,1270,2461,1770,691,761,240,521
C3010,23,00,0000,State - MADHYA PRADESH  23,Urban,30-34,1214507,621176,593331,7662,4919,2743,0,0,0,4871,3282,1589,1140,801,339,825,580,245,826,256,570
C3010,23,00,0000,State - MADHYA PRADESH  23,Urban,35-59,3677327,1974863,1702464,9241,5436,3805,0,0,0,4856,3278,1578,1433,916,517,821,558,263,2131,684,1447
C3010,23,00,0000,State - MADHYA PRADESH  23,Urban,60+,1015739,491738,524001,1729,1057,672,0,0,0,969,681,288,307,174,133,107,68,39,346,134,212
C3010,23,00,0000,State - MADHYA PRADESH  23,Urban,Age not stated,42417,23165,19252,1013,633,380,0,0,0,824,489,335,134,111,23,50,30,20,5,3,2
C3010,23,01,0000,District - Sheopur *  01,Total,All ages,559495,295297,264198,105457,66804,38653,101772,64302,37470,2328,1776,552,124,75,49,101,73,28,1132,578,554
C3010,23,01,0000,District - Sheopur *  01,Total,0-4,74895,38510,36385,669,365,304,669,365,304,0,0,0,0,0,0,0,0,0,0,0,0
C3010,23,01,0000,District - Sheopur *  01,Total,5,18045,9627,8418,1324,806,518,1324,806,518,0,0,0,0,0,0,0,0,0,0,0,0
C3010,23,01,0000,District - Sheopur *  01,Total,6,19289,10029,9260,4385,2579,1806,4385,2579,1806,0,0,0,0,0,0,0,0,0,0,0,0
C3010,23,01,0000,District - Sheopur *  01,Total,7,14522,7578,6944,7572,4356,3216,7572,4356,3216,0,0,0,0,0,0,0,0,0,0,0,0
C3010,23,01,0000,District - Sheopur *  01,Total,8,23048,12040,11008,13131,7620,5511,13131,7620,5511,0,0,0,0,0,0,0,0,0,0,0,0
C3010,23,01,0000,District - Sheopur *  01,Total,9,12728,6700,6028,8948,5142,3806,8948,5142,3806,0,0,0,0,0,0,0,0,0,0,0,0
C3010,23,01,0000,District - Sheopur *  01,Total,10,24578,13083,11495,15741,9487,6254,15741,9487,6254,0,0,0,0,0,0,0,0,0,0,0,0
C3010,23,01,0000,District - Sheopur *  01,Total,11,8894,4854,4040,6770,4076,2694,6770,4076,2694,0,0,0,0,0,0,0,0,0,0,0,0
C3010,23,01,0000,District - Sheopur *  01,Total,12,22054,12041,10013,13718,8660,5058,13718,8660,5058,0,0,0,0,0,0,0,0,0,0,0,0
C3010,23,01,0000,District - Sheopur *  01,Total,13,9766,5332,4434,6227,4012,2215,6227,4012,2215,0,0,0,0,0,0,0,0,0,0,0,0
C3010,23,01,0000,District - Sheopur *  01,Total,14,13389,7302,6087,7254,4962,2292,7254,4962,2292,0,0,0,0,0,0,0,0,0,0,0,0
C3010,23,01,0000,District - Sheopur *  01,Total,15-19,51289,27864,23425,15094,11270,3824,14367,10806,3561,621,395,226,21,14,7,56,39,17,29,16,13
C3010,23,01,0000,District - Sheopur *  01,Total,20-24,46447,24084,22363,3303,2664,639,1666,1431,235,1427,1124,303,25,15,10,25,20,5,160,74,86
C3010,23,01,0000,District - Sheopur *  01,Total,25-29,43196,22617,20579,487,347,140,0,0,0,237,218,19,29,23,6,10,9,1,211,97,114
C3010,23,01,0000,District - Sheopur *  01,Total,30-34,38729,20090,18639,277,140,137,0,0,0,27,25,2,12,7,5,3,0,3,235,108,127
C3010,23,01,0000,District - Sheopur *  01,Total,35-59,106601,57598,49003,515,291,224,0,0,0,11,10,1,26,12,14,6,4,2,472,265,207
C3010,23,01,0000,District - Sheopur *  01,Total,60+,30944,15318,15626,39,26,13,0,0,0,4,4,0,10,3,7,1,1,0,24,18,6
C3010,23,01,0000,District - Sheopur *  01,Total,Age not stated,1081,630,451,3,1,2,0,0,0,1,0,1,1,1,0,0,0,0,1,0,1
C3010,23,01,0000,District - Sheopur *  01,Rural,All ages,470924,248103,222821,82911,53638,29273,80719,52087,28632,983,911,72,96,53,43,47,34,13,1066,553,513
C3010,23,01,0000,District - Sheopur *  01,Rural,0-4,64029,32729,31300,346,197,149,346,197,149,0,0,0,0,0,0,0,0,0,0,0,0
C3010,23,01,0000,District - Sheopur *  01,Rural,5,15381,8183,7198,699,433,266,699,433,266,0,0,0,0,0,0,0,0,0,0,0,0
C3010,23,01,0000,District - Sheopur *  01,Rural,6,16725,8692,8033,3382,2021,1361,3382,2021,1361,0,0,0,0,0,0,0,0,0,0,0,0
C3010,23,01,0000,District - Sheopur *  01,Rural,7,12228,6361,5867,5961,3480,2481,5961,3480,2481,0,0,0,0,0,0,0,0,0,0,0,0
C3010,23,01,0000,District - Sheopur *  01,Rural,8,19961,10426,9535,10824,6372,4452,10824,6372,4452,0,0,0,0,0,0,0,0,0,0,0,0
C3010,23,01,0000,District - Sheopur *  01,Rural,9,10787,5693,5094,7373,4288,3085,7373,4288,3085,0,0,0,0,0,0,0,0,0,0,0,0
C3010,23,01,0000,District - Sheopur *  01,Rural,10,21272,11270,10002,13152,8005,5147,13152,8005,5147,0,0,0,0,0,0,0,0,0,0,0,0
C3010,23,01,0000,District - Sheopur *  01,Rural,11,7243,3984,3259,5389,3316,2073,5389,3316,2073,0,0,0,0,0,0,0,0,0,0,0,0
C3010,23,01,0000,District - Sheopur *  01,Rural,12,18928,10302,8626,11376,7288,4088,11376,7288,4088,0,0,0,0,0,0,0,0,0,0,0,0
C3010,23,01,0000,District - Sheopur *  01,Rural,13,7916,4355,3561,4810,3214,1596,4810,3214,1596,0,0,0,0,0,0,0,0,0,0,0,0
C3010,23,01,0000,District - Sheopur *  01,Rural,14,11110,6027,5083,5680,4004,1676,5680,4004,1676,0,0,0,0,0,0,0,0,0,0,0,0
C3010,23,01,0000,District - Sheopur *  01,Rural,15-19,41921,22748,19173,10683,8541,2142,10400,8311,2089,213,185,28,12,8,4,30,22,8,28,15,13
C3010,23,01,0000,District - Sheopur *  01,Rural,20-24,38467,19752,18715,2100,1797,303,1327,1158,169,589,550,39,19,10,9,9,7,2,156,72,84
C3010,23,01,0000,District - Sheopur *  01,Rural,25-29,36293,19100,17193,370,249,121,0,0,0,150,145,5,19,13,6,2,2,0,199,89,110
C3010,23,01,0000,District - Sheopur *  01,Rural,30-34,32450,16822,15628,249,128,121,0,0,0,21,21,0,11,6,5,1,0,1,216,101,115
C3010,23,01,0000,District - Sheopur *  01,Rural,35-59,89061,48063,40998,479,281,198,0,0,0,8,8,0,24,12,12,5,3,2,442,258,184
C3010,23,01,0000,District - Sheopur *  01,Rural,60+,26242,13057,13185,36,23,13,0,0,0,2,2,0,10,3,7,0,0,0,24,18,6
C3010,23,01,0000,District - Sheopur *  01,Rural,Age not stated,910,539,371,2,1,1,0,0,0,0,0,0,1,1,0,0,0,0,1,0,1
C3010,23,01,0000,District - Sheopur *  01,Urban,All ages,88571,47194,41377,22546,13166,9380,21053,12215,8838,1345,865,480,28,22,6,54,39,15,66,25,41
C3010,23,01,0000,District - Sheopur *  01,Urban,0-4,10866,5781,5085,323,168,155,323,168,155,0,0,0,0,0,0,0,0,0,0,0,0
C3010,23,01,0000,District - Sheopur *  01,Urban,5,2664,1444,1220,625,373,252,625,373,252,0,0,0,0,0,0,0,0,0,0,0,0
C3010,23,01,0000,District - Sheopur *  01,Urban,6,2564,1337,1227,1003,558,445,1003,558,445,0,0,0,0,0,0,0,0,0,0,0,0
C3010,23,01,0000,District - Sheopur *  01,Urban,7,2294,1217,1077,1611,876,735,1611,876,735,0,0,0,0,0,0,0,0,0,0,0,0
C3010,23,01,0000,District - Sheopur *  01,Urban,8,3087,1614,1473,2307,1248,1059,2307,1248,1059,0,0,0,0,0,0,0,0,0,0,0,0
C3010,23,01,0000,District - Sheopur *  01,Urban,9,1941,1007,934,1575,854,721,1575,854,721,0,0,0,0,0,0,0,0,0,0,0,0
C3010,23,01,0000,District - Sheopur *  01,Urban,10,3306,1813,1493,2589,1482,1107,2589,1482,1107,0,0,0,0,0,0,0,0,0,0,0,0
C3010,23,01,0000,District - Sheopur *  01,Urban,11,1651,870,781,1381,760,621,1381,760,621,0,0,0,0,0,0,0,0,0,0,0,0
C3010,23,01,0000,District - Sheopur *  01,Urban,12,3126,1739,1387,2342,1372,970,2342,1372,970,0,0,0,0,0,0,0,0,0,0,0,0
C3010,23,01,0000,District - Sheopur *  01,Urban,13,1850,977,873,1417,798,619,1417,798,619,0,0,0,0,0,0,0,0,0,0,0,0
C3010,23,01,0000,District - Sheopur *  01,Urban,14,2279,1275,1004,1574,958,616,1574,958,616,0,0,0,0,0,0,0,0,0,0,0,0
C3010,23,01,0000,District - Sheopur *  01,Urban,15-19,9368,5116,4252,4411,2729,1682,3967,2495,1472,408,210,198,9,6,3,26,17,9,1,1,0
C3010,23,01,0000,District - Sheopur *  01,Urban,20-24,7980,4332,3648,1203,867,336,339,273,66,838,574,264,6,5,1,16,13,3,4,2,2
C3010,23,01,0000,District - Sheopur *  01,Urban,25-29,6903,3517,3386,117,98,19,0,0,0,87,73,14,10,10,0,8,7,1,12,8,4
C3010,23,01,0000,District - Sheopur *  01,Urban,30-34,6279,3268,3011,28,12,16,0,0,0,6,4,2,1,1,0,2,0,2,19,7,12
C3010,23,01,0000,District - Sheopur *  01,Urban,35-59,17540,9535,8005,36,10,26,0,0,0,3,2,1,2,0,2,1,1,0,30,7,23
C3010,23,01,0000,District - Sheopur *  01,Urban,60+,4702,2261,2441,3,3,0,0,0,0,2,2,0,0,0,0,1,1,0,0,0,0
C3010,23,01,0000,District - Sheopur *  01,Urban,Age not stated,171,91,80,1,0,1,0,0,0,1,0,1,0,0,0,0,0,0,0,0,0
C3010,23,02,0000,District - Morena  02,Total,All ages,1592714,874089,718625,405875,254259,151616,390789,243171,147618,12699,9946,2753,544,410,134,228,168,60,1615,564,1051
C3010,23,02,0000,District - Morena  02,Total,0-4,200056,107947,92109,2324,1272,1052,2324,1272,1052,0,0,0,0,0,0,0,0,0,0,0,0
C3010,23,02,0000,District - Morena  02,Total,5,48675,27388,21287,3710,2232,1478,3710,2232,1478,0,0,0,0,0,0,0,0,0,0,0,0
C3010,23,02,0000,District - Morena  02,Total,6,49850,27162,22688,14274,8087,6187,14274,8087,6187,0,0,0,0,0,0,0,0,0,0,0,0
C3010,23,02,0000,District - Morena  02,Total,7,37129,20182,16947,27302,15450,11852,27302,15450,11852,0,0,0,0,0,0,0,0,0,0,0,0
C3010,23,02,0000,District - Morena  02,Total,8,62199,34295,27904,50263,28891,21372,50263,28891,21372,0,0,0,0,0,0,0,0,0,0,0,0
C3010,23,02,0000,District - Morena  02,Total,9,35559,19248,16311,31789,17704,14085,31789,17704,14085,0,0,0,0,0,0,0,0,0,0,0,0
C3010,23,02,0000,District - Morena  02,Total,10,66866,37188,29678,57246,33260,23986,57246,33260,23986,0,0,0,0,0,0,0,0,0,0,0,0
C3010,23,02,0000,District - Morena  02,Total,11,26716,15088,11628,24104,14116,9988,24104,14116,9988,0,0,0,0,0,0,0,0,0,0,0,0
C3010,23,02,0000,District - Morena  02,Total,12,63704,35928,27776,52735,31991,20744,52735,31991,20744,0,0,0,0,0,0,0,0,0,0,0,0
C3010,23,02,0000,District - Morena  02,Total,13,23340,12993,10347,19347,11681,7666,19347,11681,7666,0,0,0,0,0,0,0,0,0,0,0,0
C3010,23,02,0000,District - Morena  02,Total,14,44729,25717,19012,32744,21290,11454,32744,21290,11454,0,0,0,0,0,0,0,0,0,0,0,0
C3010,23,02,0000,District - Morena  02,Total,15-19,150699,93678,57021,70697,52958,17739,66625,50160,16465,3771,2591,1180,143,113,30,106,80,26,52,14,38
C3010,23,02,0000,District - Morena  02,Total,20-24,136958,74567,62391,15960,13087,2873,8326,7037,1289,7220,5816,1404,163,139,24,49,38,11,202,57,145
C3010,23,02,0000,District - Morena  02,Total,25-29,120158,63063,57095,1665,1324,341,0,0,0,1264,1148,116,88,75,13,31,23,8,282,78,204
C3010,23,02,0000,District - Morena  02,Total,30-34,108024,55006,53018,538,288,250,0,0,0,209,185,24,42,27,15,10,8,2,277,68,209
C3010,23,02,0000,District - Morena  02,Total,35-59,310929,167009,143920,1007,518,489,0,0,0,177,156,21,87,48,39,23,13,10,720,301,419
C3010,23,02,0000,District - Morena  02,Total,60+,103499,55472,48027,144,91,53,0,0,0,35,33,2,21,8,13,8,5,3,80,45,35
C3010,23,02,0000,District - Morena  02,Total,Age not stated,3624,2158,1466,26,19,7,0,0,0,23,17,6,0,0,0,1,1,0,2,1,1
C3010,23,02,0000,District - Morena  02,Rural,All ages,1249409,687664,561745,304489,193965,110524,297445,188470,108975,5051,4661,390,265,184,81,146,103,43,1582,547,1035
C3010,23,02,0000,District - Morena  02,Rural,0-4,162062,87408,74654,1580,874,706,1580,874,706,0,0,0,0,0,0,0,0,0,0,0,0
C3010,23,02,0000,District - Morena  02,Rural,5,39069,21956,17113,2332,1400,932,2332,1400,932,0,0,0,0,0,0,0,0,0,0,0,0
C3010,23,02,0000,District - Morena  02,Rural,6,40533,22035,18498,11454,6486,4968,11454,6486,4968,0,0,0,0,0,0,0,0,0,0,0,0
C3010,23,02,0000,District - Morena  02,Rural,7,29036,15814,13222,20774,11857,8917,20774,11857,8917,0,0,0,0,0,0,0,0,0,0,0,0
C3010,23,02,0000,District - Morena  02,Rural,8,49751,27350,22401,39548,22806,16742,39548,22806,16742,0,0,0,0,0,0,0,0,0,0,0,0
C3010,23,02,0000,District - Morena  02,Rural,9,28612,15487,13125,25512,14249,11263,25512,14249,11263,0,0,0,0,0,0,0,0,0,0,0,0
C3010,23,02,0000,District - Morena  02,Rural,10,53293,29525,23768,45145,26300,18845,45145,26300,18845,0,0,0,0,0,0,0,0,0,0,0,0
C3010,23,02,0000,District - Morena  02,Rural,11,20866,11891,8975,18702,11121,7581,18702,11121,7581,0,0,0,0,0,0,0,0,0,0,0,0
C3010,23,02,0000,District - Morena  02,Rural,12,50153,28259,21894,40775,25059,15716,40775,25059,15716,0,0,0,0,0,0,0,0,0,0,0,0
C3010,23,02,0000,District - Morena  02,Rural,13,17632,10013,7619,14312,9002,5310,14312,9002,5310,0,0,0,0,0,0,0,0,0,0,0,0
C3010,23,02,0000,District - Morena  02,Rural,14,35069,20310,14759,24862,16722,8140,24862,16722,8140,0,0,0,0,0,0,0,0,0,0,0,0
C3010,23,02,0000,District - Morena  02,Rural,15-19,113410,71879,41531,47739,38445,9294,46282,37209,9073,1300,1139,161,45,38,7,62,46,16,50,13,37
C3010,23,02,0000,District - Morena  02,Rural,20-24,105914,57412,48502,9282,8144,1138,6167,5385,782,2822,2631,191,58,48,10,36,26,10,199,54,145
C3010,23,02,0000,District - Morena  02,Rural,25-29,93817,49416,44401,1036,794,242,0,0,0,696,671,25,46,36,10,16,9,7,278,78,200
C3010,23,02,0000,District - Morena  02,Rural,30-34,83318,42699,40619,423,197,226,0,0,0,113,107,6,29,18,11,8,6,2,273,66,207
C3010,23,02,0000,District - Morena  02,Rural,35-59,239766,129024,110742,882,427,455,0,0,0,93,88,5,69,37,32,16,10,6,704,292,412
C3010,23,02,0000,District - Morena  02,Rural,60+,84090,45395,38695,117,71,46,0,0,0,16,16,0,18,7,11,7,5,2,76,43,33
C3010,23,02,0000,District - Morena  02,Rural,Age not stated,3018,1791,1227,14,11,3,0,0,0,11,9,2,0,0,0,1,1,0,2,1,1
C3010,23,02,0000,District - Morena  02,Urban,All ages,343305,186425,156880,101386,60294,41092,93344,54701,38643,7648,5285,2363,279,226,53,82,65,17,33,17,16
C3010,23,02,0000,District - Morena  02,Urban,0-4,37994,20539,17455,744,398,346,744,398,346,0,0,0,0,0,0,0,0,0,0,0,0
C3010,23,02,0000,District - Morena  02,Urban,5,9606,5432,4174,1378,832,546,1378,832,546,0,0,0,0,0,0,0,0,0,0,0,0
C3010,23,02,0000,District - Morena  02,Urban,6,9317,5127,4190,2820,1601,1219,2820,1601,1219,0,0,0,0,0,0,0,0,0,0,0,0
C3010,23,02,0000,District - Morena  02,Urban,7,8093,4368,3725,6528,3593,2935,6528,3593,2935,0,0,0,0,0,0,0,0,0,0,0,0
C3010,23,02,0000,District - Morena  02,Urban,8,12448,6945,5503,10715,6085,4630,10715,6085,4630,0,0,0,0,0,0,0,0,0,0,0,0
C3010,23,02,0000,District - Morena  02,Urban,9,6947,3761,3186,6277,3455,2822,6277,3455,2822,0,0,0,0,0,0,0,0,0,0,0,0
C3010,23,02,0000,District - Morena  02,Urban,10,13573,7663,5910,12101,6960,5141,12101,6960,5141,0,0,0,0,0,0,0,0,0,0,0,0
C3010,23,02,0000,District - Morena  02,Urban,11,5850,3197,2653,5402,2995,2407,5402,2995,2407,0,0,0,0,0,0,0,0,0,0,0,0
C3010,23,02,0000,District - Morena  02,Urban,12,13551,7669,5882,11960,6932,5028,11960,6932,5028,0,0,0,0,0,0,0,0,0,0,0,0
C3010,23,02,0000,District - Morena  02,Urban,13,5708,2980,2728,5035,2679,2356,5035,2679,2356,0,0,0,0,0,0,0,0,0,0,0,0
C3010,23,02,0000,District - Morena  02,Urban,14,9660,5407,4253,7882,4568,3314,7882,4568,3314,0,0,0,0,0,0,0,0,0,0,0,0
C3010,23,02,0000,District - Morena  02,Urban,15-19,37289,21799,15490,22958,14513,8445,20343,12951,7392,2471,1452,1019,98,75,23,44,34,10,2,1,1
C3010,23,02,0000,District - Morena  02,Urban,20-24,31044,17155,13889,6678,4943,1735,2159,1652,507,4398,3185,1213,105,91,14,13,12,1,3,3,0
C3010,23,02,0000,District - Morena  02,Urban,25-29,26341,13647,12694,629,530,99,0,0,0,568,477,91,42,39,3,15,14,1,4,0,4
C3010,23,02,0000,District - Morena  02,Urban,30-34,24706,12307,12399,115,91,24,0,0,0,96,78,18,13,9,4,2,2,0,4,2,2
C3010,23,02,0000,District - Morena  02,Urban,35-59,71163,37985,33178,125,91,34,0,0,0,84,68,16,18,11,7,7,3,4,16,9,7
C3010,23,02,0000,District - Morena  02,Urban,60+,19409,10077,9332,27,20,7,0,0,0,19,17,2,3,1,2,1,0,1,4,2,2
C3010,23,02,0000,District - Morena  02,Urban,Age not stated,606,367,239,12,8,4,0,0,0,12,8,4,0,0,0,0,0,0,0,0,0
C3010,23,03,0000,District - Bhind  03,Total,All ages,1428559,780902,647657,383808,235605,148203,365931,223503,142428,13468,10764,2704,450,335,115,232,146,86,3727,857,2870
C3010,23,03,0000,District - Bhind  03,Total,0-4,171848,93435,78413,1381,779,602,1381,779,602,0,0,0,0,0,0,0,0,0,0,0,0
C3010,23,03,0000,District - Bhind  03,Total,5,42259,23539,18720,2591,1475,1116,2591,1475,1116,0,0,0,0,0,0,0,0,0,0,0,0
C3010,23,03,0000,District - Bhind  03,Total,6,40780,22142,18638,12838,7229,5609,12838,7229,5609,0,0,0,0,0,0,0,0,0,0,0,0
C3010,23,03,0000,District - Bhind  03,Total,7,30899,16813,14086,24478,13701,10777,24478,13701,10777,0,0,0,0,0,0,0,0,0,0,0,0
C3010,23,03,0000,District - Bhind  03,Total,8,48991,26792,22199,42917,24023,18894,42917,24023,18894,0,0,0,0,0,0,0,0,0,0,0,0
C3010,23,03,0000,District - Bhind  03,Total,9,32570,17507,15063,30264,16532,13732,30264,16532,13732,0,0,0,0,0,0,0,0,0,0,0,0
C3010,23,03,0000,District - Bhind  03,Total,10,53528,29845,23683,48704,27754,20950,48704,27754,20950,0,0,0,0,0,0,0,0,0,0,0,0
C3010,23,03,0000,District - Bhind  03,Total,11,29372,16365,13007,27512,15667,11845,27512,15667,11845,0,0,0,0,0,0,0,0,0,0,0,0
C3010,23,03,0000,District - Bhind  03,Total,12,46076,25781,20295,41226,23951,17275,41226,23951,17275,0,0,0,0,0,0,0,0,0,0,0,0
C3010,23,03,0000,District - Bhind  03,Total,13,29750,16312,13438,25954,15082,10872,25954,15082,10872,0,0,0,0,0,0,0,0,0,0,0,0
C3010,23,03,0000,District - Bhind  03,Total,14,35854,20576,15278,29073,18146,10927,29073,18146,10927,0,0,0,0,0,0,0,0,0,0,0,0
C3010,23,03,0000,District - Bhind  03,Total,15-19,133546,84316,49230,75043,55319,19724,70650,52209,18441,4124,2941,1183,99,84,15,60,42,18,110,43,67
C3010,23,03,0000,District - Bhind  03,Total,20-24,119132,64373,54759,16594,13450,3144,8343,6955,1388,7642,6293,1349,119,101,18,41,30,11,449,71,378
C3010,23,03,0000,District - Bhind  03,Total,25-29,105499,54774,50725,2010,1355,655,0,0,0,1272,1153,119,81,64,17,45,31,14,612,107,505
C3010,23,03,0000,District - Bhind  03,Total,30-34,96963,49222,47741,1048,386,662,0,0,0,233,202,31,40,25,15,30,10,20,745,149,596
C3010,23,03,0000,District - Bhind  03,Total,35-59,294572,156742,137830,1992,664,1328,0,0,0,167,148,19,75,45,30,46,27,19,1704,444,1260
C3010,23,03,0000,District - Bhind  03,Total,60+,114384,60928,53456,171,83,88,0,0,0,22,20,2,34,15,19,8,5,3,107,43,64
C3010,23,03,0000,District - Bhind  03,Total,Age not stated,2536,1440,1096,12,9,3,0,0,0,8,7,1,2,1,1,2,1,1,0,0,0
C3010,23,03,0000,District - Bhind  03,Rural,All ages,1089626,596980,492646,283312,175263,108049,273214,168756,104458,6003,5395,608,283,199,84,158,89,69,3654,824,2830
C3010,23,03,0000,District - Bhind  03,Rural,0-4,134419,73059,61360,849,479,370,849,479,370,0,0,0,0,0,0,0,0,0,0,0,0
C3010,23,03,0000,District - Bhind  03,Rural,5,32772,18211,14561,1360,777,583,1360,777,583,0,0,0,0,0,0,0,0,0,0,0,0
C3010,23,03,0000,District - Bhind  03,Rural,6,31534,17102,14432,9824,5517,4307,9824,5517,4307,0,0,0,0,0,0,0,0,0,0,0,0
C3010,23,03,0000,District - Bhind  03,Rural,7,23172,12654,10518,18393,10353,8040,18393,10353,8040,0,0,0,0,0,0,0,0,0,0,0,0
C3010,23,03,0000,District - Bhind  03,Rural,8,37003,20182,16821,32515,18159,14356,32515,18159,14356,0,0,0,0,0,0,0,0,0,0,0,0
C3010,23,03,0000,District - Bhind  03,Rural,9,25480,13677,11803,23825,12994,10831,23825,12994,10831,0,0,0,0,0,0,0,0,0,0,0,0
C3010,23,03,0000,District - Bhind  03,Rural,10,40630,22579,18051,37165,21137,16028,37165,21137,16028,0,0,0,0,0,0,0,0,0,0,0,0
C3010,23,03,0000,District - Bhind  03,Rural,11,22841,12786,10055,21454,12278,9176,21454,12278,9176,0,0,0,0,0,0,0,0,0,0,0,0
C3010,23,03,0000,District - Bhind  03,Rural,12,34732,19407,15325,31090,18149,12941,31090,18149,12941,0,0,0,0,0,0,0,0,0,0,0,0
C3010,23,03,0000,District - Bhind  03,Rural,13,22578,12471,10107,19586,11580,8006,19586,11580,8006,0,0,0,0,0,0,0,0,0,0,0,0
C3010,23,03,0000,District - Bhind  03,Rural,14,27177,15631,11546,21714,13829,7885,21714,13829,7885,0,0,0,0,0,0,0,0,0,0,0,0
C3010,23,03,0000,District - Bhind  03,Rural,15-19,97910,62938,34972,51427,39980,11447,49481,38384,11097,1756,1492,264,49,43,6,35,21,14,106,40,66
C3010,23,03,0000,District - Bhind  03,Rural,20-24,89439,48074,41365,9878,8353,1525,5958,5120,838,3395,3099,296,61,49,12,25,17,8,439,68,371
C3010,23,03,0000,District - Bhind  03,Rural,25-29,80280,41878,38402,1315,758,557,0,0,0,631,595,36,55,41,14,28,18,10,601,104,497
C3010,23,03,0000,District - Bhind  03,Rural,30-34,73296,37456,35840,906,276,630,0,0,0,127,118,9,27,15,12,22,5,17,730,138,592
C3010,23,03,0000,District - Bhind  03,Rural,35-59,222540,118668,103872,1864,574,1290,0,0,0,80,77,3,62,38,24,41,24,17,1681,435,1246
C3010,23,03,0000,District - Bhind  03,Rural,60+,91677,48987,42690,141,65,76,0,0,0,11,11,0,28,12,16,5,3,2,97,39,58
C3010,23,03,0000,District - Bhind  03,Rural,Age not stated,2146,1220,926,6,5,1,0,0,0,3,3,0,1,1,0,2,1,1,0,0,0
C3010,23,03,0000,District - Bhind  03,Urban,All ages,338933,183922,155011,100496,60342,40154,92717,54747,37970,7465,5369,2096,167,136,31,74,57,17,73,33,40
C3010,23,03,0000,District - Bhind  03,Urban,0-4,37429,20376,17053,532,300,232,532,300,232,0,0,0,0,0,0,0,0,0,0,0,0
C3010,23,03,0000,District - Bhind  03,Urban,5,9487,5328,4159,1231,698,533,1231,698,533,0,0,0,0,0,0,0,0,0,0,0,0
C3010,23,03,0000,District - Bhind  03,Urban,6,9246,5040,4206,3014,1712,1302,3014,1712,1302,0,0,0,0,0,0,0,0,0,0,0,0
C3010,23,03,0000,District - Bhind  03,Urban,7,7727,4159,3568,6085,3348,2737,6085,3348,2737,0,0,0,0,0,0,0,0,0,0,0,0
C3010,23,03,0000,District - Bhind  03,Urban,8,11988,6610,5378,10402,5864,4538,10402,5864,4538,0,0,0,0,0,0,0,0,0,0,0,0
C3010,23,03,0000,District - Bhind  03,Urban,9,7090,3830,3260,6439,3538,2901,6439,3538,2901,0,0,0,0,0,0,0,0,0,0,0,0
C3010,23,03,0000,District - Bhind  03,Urban,10,12898,7266,5632,11539,6617,4922,11539,6617,4922,0,0,0,0,0,0,0,0,0,0,0,0
C3010,23,03,0000,District - Bhind  03,Urban,11,6531,3579,2952,6058,3389,2669,6058,3389,2669,0,0,0,0,0,0,0,0,0,0,0,0
C3010,23,03,0000,District - Bhind  03,Urban,12,11344,6374,4970,10136,5802,4334,10136,5802,4334,0,0,0,0,0,0,0,0,0,0,0,0
C3010,23,03,0000,District - Bhind  03,Urban,13,7172,3841,3331,6368,3502,2866,6368,3502,2866,0,0,0,0,0,0,0,0,0,0,0,0
C3010,23,03,0000,District - Bhind  03,Urban,14,8677,4945,3732,7359,4317,3042,7359,4317,3042,0,0,0,0,0,0,0,0,0,0,0,0
C3010,23,03,0000,District - Bhind  03,Urban,15-19,35636,21378,14258,23616,15339,8277,21169,13825,7344,2368,1449,919,50,41,9,25,21,4,4,3,1
C3010,23,03,0000,District - Bhind  03,Urban,20-24,29693,16299,13394,6716,5097,1619,2385,1835,550,4247,3194,1053,58,52,6,16,13,3,10,3,7
C3010,23,03,0000,District - Bhind  03,Urban,25-29,25219,12896,12323,695,597,98,0,0,0,641,558,83,26,23,3,17,13,4,11,3,8
C3010,23,03,0000,District - Bhind  03,Urban,30-34,23667,11766,11901,142,110,32,0,0,0,106,84,22,13,10,3,8,5,3,15,11,4
C3010,23,03,0000,District - Bhind  03,Urban,35-59,72032,38074,33958,128,90,38,0,0,0,87,71,16,13,7,6,5,3,2,23,9,14
C3010,23,03,0000,District - Bhind  03,Urban,60+,22707,11941,10766,30,18,12,0,0,0,11,9,2,6,3,3,3,2,1,10,4,6
C3010,23,03,0000,District - Bhind  03,Urban,Age not stated,390,220,170,6,4,2,0,0,0,5,4,1,1,0,1,0,0,0,0,0,0
C3010,23,04,0000,District - Gwalior  04,Total,All ages,1632109,883317,748792,434768,256543,178225,395158,231447,163711,34527,21550,12977,3375,2324,1051,1337,1044,293,371,178,193
C3010,23,04,0000,District - Gwalior  04,Total,0-4,170809,92044,78765,6768,3696,3072,6768,3696,3072,0,0,0,0,0,0,0,0,0,0,0,0
C3010,23,04,0000,District - Gwalior  04,Total,5,42049,23110,18939,9673,5473,4200,9673,5473,4200,0,0,0,0,0,0,0,0,0,0,0,0
C3010,23,04,0000,District - Gwalior  04,Total,6,42218,22493,19725,16584,9102,7482,16584,9102,7482,0,0,0,0,0,0,0,0,0,0,0,0
C3010,23,04,0000,District - Gwalior  04,Total,7,36938,19612,17326,26964,14810,12154,26964,14810,12154,0,0,0,0,0,0,0,0,0,0,0,0
C3010,23,04,0000,District - Gwalior  04,Total,8,53163,28974,24189,42041,23642,18399,42041,23642,18399,0,0,0,0,0,0,0,0,0,0,0,0
C3010,23,04,0000,District - Gwalior  04,Total,9,33902,18023,15879,28885,15787,13098,28885,15787,13098,0,0,0,0,0,0,0,0,0,0,0,0
C3010,23,04,0000,District - Gwalior  04,Total,10,57968,32182,25786,48440,27867,20573,48440,27867,20573,0,0,0,0,0,0,0,0,0,0,0,0
C3010,23,04,0000,District - Gwalior  04,Total,11,31064,17106,13958,27183,15422,11761,27183,15422,11761,0,0,0,0,0,0,0,0,0,0,0,0
C3010,23,04,0000,District - Gwalior  04,Total,12,54156,30277,23879,44451,25987,18464,44451,25987,18464,0,0,0,0,0,0,0,0,0,0,0,0
C3010,23,04,0000,District - Gwalior  04,Total,13,33702,17881,15821,27209,15336,11873,27209,15336,11873,0,0,0,0,0,0,0,0,0,0,0,0
C3010,23,04,0000,District - Gwalior  04,Total,14,39241,21454,17787,29310,17231,12079,29310,17231,12079,0,0,0,0,0,0,0,0,0,0,0,0
C3010,23,04,0000,District - Gwalior  04,Total,15-19,169031,98545,70486,90918,57260,33658,79550,50931,28619,9900,5403,4497,1104,681,423,342,233,109,22,12,10
C3010,23,04,0000,District - Gwalior  04,Total,20-24,151950,84367,67583,30809,20829,9980,8100,6163,1937,21012,13413,7599,1268,916,352,374,308,66,55,29,26
C3010,23,04,0000,District - Gwalior  04,Total,25-29,133746,70875,62871,3721,2843,878,0,0,0,2626,2019,607,680,501,179,362,298,64,53,25,28
C3010,23,04,0000,District - Gwalior  04,Total,30-34,120022,62071,57951,796,567,229,0,0,0,460,342,118,137,101,36,132,102,30,67,22,45
C3010,23,04,0000,District - Gwalior  04,Total,35-59,354472,191163,163309,757,544,213,0,0,0,385,277,108,135,100,35,113,95,18,124,72,52
C3010,23,04,0000,District - Gwalior  04,Total,60+,104627,51481,53146,193,106,87,0,0,0,90,62,28,45,21,24,8,5,3,50,18,32
C3010,23,04,0000,District - Gwalior  04,Total,Age not stated,3051,1659,1392,66,41,25,0,0,0,54,34,20,6,4,2,6,3,3,0,0,0
C3010,23,04,0000,District - Gwalior  04,Rural,All ages,649101,354064,295037,142572,90707,51865,139498,88171,51327,2677,2306,371,153,100,53,73,52,21,171,78,93
C3010,23,04,0000,District - Gwalior  04,Rural,0-4,79276,42292,36984,685,389,296,685,389,296,0,0,0,0,0,0,0,0,0,0,0,0
C3010,23,04,0000,District - Gwalior  04,Rural,5,18945,10390,8555,1620,962,658,1620,962,658,0,0,0,0,0,0,0,0,0,0,0,0
C3010,23,04,0000,District - Gwalior  04,Rural,6,20131,10782,9349,5508,3217,2291,5508,3217,2291,0,0,0,0,0,0,0,0,0,0,0,0
C3010,23,04,0000,District - Gwalior  04,Rural,7,16410,8740,7670,9852,5600,4252,9852,5600,4252,0,0,0,0,0,0,0,0,0,0,0,0
C3010,23,04,0000,District - Gwalior  04,Rural,8,24775,13505,11270,17482,10095,7387,17482,10095,7387,0,0,0,0,0,0,0,0,0,0,0,0
C3010,23,04,0000,District - Gwalior  04,Rural,9,15140,8159,6981,11959,6783,5176,11959,6783,5176,0,0,0,0,0,0,0,0,0,0,0,0
C3010,23,04,0000,District - Gwalior  04,Rural,10,26335,14615,11720,20346,12008,8338,20346,12008,8338,0,0,0,0,0,0,0,0,0,0,0,0
C3010,23,04,0000,District - Gwalior  04,Rural,11,12377,6945,5432,10195,6089,4106,10195,6089,4106,0,0,0,0,0,0,0,0,0,0,0,0
C3010,23,04,0000,District - Gwalior  04,Rural,12,23848,13566,10282,17968,11206,6762,17968,11206,6762,0,0,0,0,0,0,0,0,0,0,0,0
C3010,23,04,0000,District - Gwalior  04,Rural,13,13411,7314,6097,9572,6025,3547,9572,6025,3547,0,0,0,0,0,0,0,0,0,0,0,0
C3010,23,04,0000,District - Gwalior  04,Rural,14,15933,9008,6925,10197,6848,3349,10197,6848,3349,0,0,0,0,0,0,0,0,0,0,0,0
C3010,23,04,0000,District - Gwalior  04,Rural,15-19,61339,37936,23403,22759,17698,5061,21883,16989,4894,795,654,141,36,27,9,33,22,11,12,6,6
C3010,23,04,0000,District - Gwalior  04,Rural,20-24,55071,29982,25089,3897,3394,503,2231,1960,271,1579,1377,202,38,29,9,20,16,4,29,12,17
C3010,23,04,0000,District - Gwalior  04,Rural,25-29,50169,27024,23145,295,249,46,0,0,0,239,220,19,27,17,10,7,5,2,22,7,15
C3010,23,04,0000,District - Gwalior  04,Rural,30-34,44825,23056,21769,84,46,38,0,0,0,35,30,5,14,6,8,4,2,2,31,8,23
C3010,23,04,0000,District - Gwalior  04,Rural,35-59,126922,68687,58235,107,76,31,0,0,0,23,20,3,23,14,9,6,4,2,55,38,17
C3010,23,04,0000,District - Gwalior  04,Rural,60+,43354,21613,21741,45,21,24,0,0,0,6,5,1,15,7,8,2,2,0,22,7,15
C3010,23,04,0000,District - Gwalior  04,Rural,Age not stated,840,450,390,1,1,0,0,0,0,0,0,0,0,0,0,1,1,0,0,0,0
C3010,23,04,0000,District - Gwalior  04,Urban,All ages,983008,529253,453755,292196,165836,126360,255660,143276,112384,31850,19244,12606,3222,2224,998,1264,992,272,200,100,100
C3010,23,04,0000,District - Gwalior  04,Urban,0-4,91533,49752,41781,6083,3307,2776,6083,3307,2776,0,0,0,0,0,0,0,0,0,0,0,0
C3010,23,04,0000,District - Gwalior  04,Urban,5,23104,12720,10384,8053,4511,3542,8053,4511,3542,0,0,0,0,0,0,0,0,0,0,0,0
C3010,23,04,0000,District - Gwalior  04,Urban,6,22087,11711,10376,11076,5885,5191,11076,5885,5191,0,0,0,0,0,0,0,0,0,0,0,0
C3010,23,04,0000,District - Gwalior  04,Urban,7,20528,10872,9656,17112,9210,7902,17112,9210,7902,0,0,0,0,0,0,0,0,0,0,0,0
C3010,23,04,0000,District - Gwalior  04,Urban,8,28388,15469,12919,24559,13547,11012,24559,13547,11012,0,0,0,0,0,0,0,0,0,0,0,0
C3010,23,04,0000,District - Gwalior  04,Urban,9,18762,9864,8898,16926,9004,7922,16926,9004,7922,0,0,0,0,0,0,0,0,0,0,0,0
C3010,23,04,0000,District - Gwalior  04,Urban,10,31633,17567,14066,28094,15859,12235,28094,15859,12235,0,0,0,0,0,0,0,0,0,0,0,0
C3010,23,04,0000,District - Gwalior  04,Urban,11,18687,10161,8526,16988,9333,7655,16988,9333,7655,0,0,0,0,0,0,0,0,0,0,0,0
C3010,23,04,0000,District - Gwalior  04,Urban,12,30308,16711,13597,26483,14781,11702,26483,14781,11702,0,0,0,0,0,0,0,0,0,0,0,0
C3010,23,04,0000,District - Gwalior  04,Urban,13,20291,10567,9724,17637,9311,8326,17637,9311,8326,0,0,0,0,0,0,0,0,0,0,0,0
C3010,23,04,0000,District - Gwalior  04,Urban,14,23308,12446,10862,19113,10383,8730,19113,10383,8730,0,0,0,0,0,0,0,0,0,0,0,0
C3010,23,04,0000,District - Gwalior  04,Urban,15-19,107692,60609,47083,68159,39562,28597,57667,33942,23725,9105,4749,4356,1068,654,414,309,211,98,10,6,4
C3010,23,04,0000,District - Gwalior  04,Urban,20-24,96879,54385,42494,26912,17435,9477,5869,4203,1666,19433,12036,7397,1230,887,343,354,292,62,26,17,9
C3010,23,04,0000,District - Gwalior  04,Urban,25-29,83577,43851,39726,3426,2594,832,0,0,0,2387,1799,588,653,484,169,355,293,62,31,18,13
C3010,23,04,0000,District - Gwalior  04,Urban,30-34,75197,39015,36182,712,521,191,0,0,0,425,312,113,123,95,28,128,100,28,36,14,22
C3010,23,04,0000,District - Gwalior  04,Urban,35-59,227550,122476,105074,650,468,182,0,0,0,362,257,105,112,86,26,107,91,16,69,34,35
C3010,23,04,0000,District - Gwalior  04,Urban,60+,61273,29868,31405,148,85,63,0,0,0,84,57,27,30,14,16,6,3,3,28,11,17
C3010,23,04,0000,District - Gwalior  04,Urban,Age not stated,2211,1209,1002,65,40,25,0,0,0,54,34,20,6,4,2,5,2,3,0,0,0
C3010,23,05,0000,District - Datia  05,Total,All ages,628240,338232,290008,160877,92106,68771,145137,86238,58899,4863,3494,1369,240,159,81,218,122,96,10419,2093,8326
C3010,23,05,0000,District - Datia  05,Total,0-4,74310,39326,34984,911,489,422,911,489,422,0,0,0,0,0,0,0,0,0,0,0,0
C3010,23,05,0000,District - Datia  05,Total,5,17569,9682,7887,1769,1049,720,1769,1049,720,0,0,0,0,0,0,0,0,0,0,0,0
C3010,23,05,0000,District - Datia  05,Total,6,16572,8848,7724,6249,3485,2764,6249,3485,2764,0,0,0,0,0,0,0,0,0,0,0,0
C3010,23,05,0000,District - Datia  05,Total,7,13731,7196,6535,10850,5862,4988,10850,5862,4988,0,0,0,0,0,0,0,0,0,0,0,0
C3010,23,05,0000,District - Datia  05,Total,8,20861,11239,9622,18047,9948,8099,18047,9948,8099,0,0,0,0,0,0,0,0,0,0,0,0
C3010,23,05,0000,District - Datia  05,Total,9,13423,7070,6353,12379,6635,5744,12379,6635,5744,0,0,0,0,0,0,0,0,0,0,0,0
C3010,23,05,0000,District - Datia  05,Total,10,22769,12455,10314,20461,11461,9000,20461,11461,9000,0,0,0,0,0,0,0,0,0,0,0,0
C3010,23,05,0000,District - Datia  05,Total,11,11771,6545,5226,10869,6169,4700,10869,6169,4700,0,0,0,0,0,0,0,0,0,0,0,0
C3010,23,05,0000,District - Datia  05,Total,12,19988,11024,8964,17350,10037,7313,17350,10037,7313,0,0,0,0,0,0,0,0,0,0,0,0
C3010,23,05,0000,District - Datia  05,Total,13,12999,7096,5903,10819,6305,4514,10819,6305,4514,0,0,0,0,0,0,0,0,0,0,0,0
C3010,23,05,0000,District - Datia  05,Total,14,14003,7889,6114,10301,6461,3840,10301,6461,3840,0,0,0,0,0,0,0,0,0,0,0,0
C3010,23,05,0000,District - Datia  05,Total,15-19,56128,34288,21840,24860,17595,7265,22936,16561,6375,1448,873,575,61,41,20,76,51,25,339,69,270
C3010,23,05,0000,District - Datia  05,Total,20-24,55456,29763,25693,6894,4322,2572,2196,1776,420,2935,2196,739,67,49,18,41,27,14,1655,274,1381
C3010,23,05,0000,District - Datia  05,Total,25-29,49803,26516,23287,2408,745,1663,0,0,0,374,335,39,47,38,9,44,26,18,1943,346,1597
C3010,23,05,0000,District - Datia  05,Total,30-34,45804,23534,22270,2205,403,1802,0,0,0,41,39,2,12,2,10,18,8,10,2134,354,1780
C3010,23,05,0000,District - Datia  05,Total,35-59,130838,70360,60478,4239,1039,3200,0,0,0,41,31,10,39,22,17,38,9,29,4121,977,3144
C3010,23,05,0000,District - Datia  05,Total,60+,46461,22248,24213,169,70,99,0,0,0,5,4,1,10,4,6,1,1,0,153,61,92
C3010,23,05,0000,District - Datia  05,Total,Age not stated,5754,3153,2601,97,31,66,0,0,0,19,16,3,4,3,1,0,0,0,74,12,62
C3010,23,05,0000,District - Datia  05,Rural,All ages,490691,264670,226021,120893,69308,51585,108701,65624,43077,1694,1495,199,116,67,49,139,71,68,10243,2051,8192
C3010,23,05,0000,District - Datia  05,Rural,0-4,59564,31559,28005,448,243,205,448,243,205,0,0,0,0,0,0,0,0,0,0,0,0
C3010,23,05,0000,District - Datia  05,Rural,5,14100,7709,6391,852,504,348,852,504,348,0,0,0,0,0,0,0,0,0,0,0,0
C3010,23,05,0000,District - Datia  05,Rural,6,13194,7036,6158,4713,2638,2075,4713,2638,2075,0,0,0,0,0,0,0,0,0,0,0,0
C3010,23,05,0000,District - Datia  05,Rural,7,10549,5445,5104,8212,4381,3831,8212,4381,3831,0,0,0,0,0,0,0,0,0,0,0,0
C3010,23,05,0000,District - Datia  05,Rural,8,16398,8821,7577,14173,7826,6347,14173,7826,6347,0,0,0,0,0,0,0,0,0,0,0,0
C3010,23,05,0000,District - Datia  05,Rural,9,10609,5589,5020,9791,5259,4532,9791,5259,4532,0,0,0,0,0,0,0,0,0,0,0,0
C3010,23,05,0000,District - Datia  05,Rural,10,17826,9740,8086,16078,9027,7051,16078,9027,7051,0,0,0,0,0,0,0,0,0,0,0,0
C3010,23,05,0000,District - Datia  05,Rural,11,9093,5065,4028,8399,4786,3613,8399,4786,3613,0,0,0,0,0,0,0,0,0,0,0,0
C3010,23,05,0000,District - Datia  05,Rural,12,15437,8533,6904,13357,7806,5551,13357,7806,5551,0,0,0,0,0,0,0,0,0,0,0,0
C3010,23,05,0000,District - Datia  05,Rural,13,9937,5478,4459,8171,4877,3294,8171,4877,3294,0,0,0,0,0,0,0,0,0,0,0,0
C3010,23,05,0000,District - Datia  05,Rural,14,10668,6063,4605,7622,4941,2681,7622,4941,2681,0,0,0,0,0,0,0,0,0,0,0,0
C3010,23,05,0000,District - Datia  05,Rural,15-19,41723,26070,15653,16259,12561,3698,15402,12080,3322,468,371,97,19,15,4,34,26,8,336,69,267
C3010,23,05,0000,District - Datia  05,Rural,20-24,42744,22713,20031,4167,2468,1699,1483,1256,227,1003,912,91,26,16,10,25,17,8,1630,267,1363
C3010,23,05,0000,District - Datia  05,Rural,25-29,38994,20833,18161,2128,524,1604,0,0,0,165,158,7,15,10,5,32,17,15,1916,339,1577
C3010,23,05,0000,District - Datia  05,Rural,30-34,35655,18434,17221,2158,377,1781,0,0,0,20,20,0,12,2,10,15,5,10,2111,350,1761
C3010,23,05,0000,District - Datia  05,Rural,35-59,101386,54517,46869,4119,1000,3119,0,0,0,23,20,3,30,17,13,32,5,27,4034,958,3076
C3010,23,05,0000,District - Datia  05,Rural,60+,37508,18150,19358,154,62,92,0,0,0,1,1,0,10,4,6,1,1,0,142,56,86
C3010,23,05,0000,District - Datia  05,Rural,Age not stated,5306,2915,2391,92,28,64,0,0,0,14,13,1,4,3,1,0,0,0,74,12,62
C3010,23,05,0000,District - Datia  05,Urban,All ages,137549,73562,63987,39984,22798,17186,36436,20614,15822,3169,1999,1170,124,92,32,79,51,28,176,42,134
C3010,23,05,0000,District - Datia  05,Urban,0-4,14746,7767,6979,463,246,217,463,246,217,0,0,0,0,0,0,0,0,0,0,0,0
C3010,23,05,0000,District - Datia  05,Urban,5,3469,1973,1496,917,545,372,917,545,372,0,0,0,0,0,0,0,0,0,0,0,0
C3010,23,05,0000,District - Datia  05,Urban,6,3378,1812,1566,1536,847,689,1536,847,689,0,0,0,0,0,0,0,0,0,0,0,0
C3010,23,05,0000,District - Datia  05,Urban,7,3182,1751,1431,2638,1481,1157,2638,1481,1157,0,0,0,0,0,0,0,0,0,0,0,0
C3010,23,05,0000,District - Datia  05,Urban,8,4463,2418,2045,3874,2122,1752,3874,2122,1752,0,0,0,0,0,0,0,0,0,0,0,0
C3010,23,05,0000,District - Datia  05,Urban,9,2814,1481,1333,2588,1376,1212,2588,1376,1212,0,0,0,0,0,0,0,0,0,0,0,0
C3010,23,05,0000,District - Datia  05,Urban,10,4943,2715,2228,4383,2434,1949,4383,2434,1949,0,0,0,0,0,0,0,0,0,0,0,0
C3010,23,05,0000,District - Datia  05,Urban,11,2678,1480,1198,2470,1383,1087,2470,1383,1087,0,0,0,0,0,0,0,0,0,0,0,0
C3010,23,05,0000,District - Datia  05,Urban,12,4551,2491,2060,3993,2231,1762,3993,2231,1762,0,0,0,0,0,0,0,0,0,0,0,0
C3010,23,05,0000,District - Datia  05,Urban,13,3062,1618,1444,2648,1428,1220,2648,1428,1220,0,0,0,0,0,0,0,0,0,0,0,0
C3010,23,05,0000,District - Datia  05,Urban,14,3335,1826,1509,2679,1520,1159,2679,1520,1159,0,0,0,0,0,0,0,0,0,0,0,0
C3010,23,05,0000,District - Datia  05,Urban,15-19,14405,8218,6187,8601,5034,3567,7534,4481,3053,980,502,478,42,26,16,42,25,17,3,0,3
C3010,23,05,0000,District - Datia  05,Urban,20-24,12712,7050,5662,2727,1854,873,713,520,193,1932,1284,648,41,33,8,16,10,6,25,7,18
C3010,23,05,0000,District - Datia  05,Urban,25-29,10809,5683,5126,280,221,59,0,0,0,209,177,32,32,28,4,12,9,3,27,7,20
C3010,23,05,0000,District - Datia  05,Urban,30-34,10149,5100,5049,47,26,21,0,0,0,21,19,2,0,0,0,3,3,0,23,4,19
C3010,23,05,0000,District - Datia  05,Urban,35-59,29452,15843,13609,120,39,81,0,0,0,18,11,7,9,5,4,6,4,2,87,19,68
C3010,23,05,0000,District - Datia  05,Urban,60+,8953,4098,4855,15,8,7,0,0,0,4,3,1,0,0,0,0,0,0,11,5,6
C3010,23,05,0000,District - Datia  05,Urban,Age not stated,448,238,210,5,3,2,0,0,0,5,3,2,0,0,0,0,0,0,0,0,0
C3010,23,06,0000,District - Shivpuri  06,Total,All ages,1441950,776190,665760,313395,195139,118256,293406,184684,108722,8485,5899,2586,476,305,171,441,302,139,10587,3949,6638
C3010,23,06,0000,District - Shivpuri  06,Total,0-4,191761,100172,91589,2608,1412,1196,2608,1412,1196,0,0,0,0,0,0,0,0,0,0,0,0
C3010,23,06,0000,District - Shivpuri  06,Total,5,43856,23538,20318,4381,2507,1874,4381,2507,1874,0,0,0,0,0,0,0,0,0,0,0,0
C3010,23,06,0000,District - Shivpuri  06,Total,6,46636,24366,22270,14209,8092,6117,14209,8092,6117,0,0,0,0,0,0,0,0,0,0,0,0
C3010,23,06,0000,District - Shivpuri  06,Total,7,37213,19399,17814,24023,13491,10532,24023,13491,10532,0,0,0,0,0,0,0,0,0,0,0,0
C3010,23,06,0000,District - Shivpuri  06,Total,8,55525,29504,26021,39658,22831,16827,39658,22831,16827,0,0,0,0,0,0,0,0,0,0,0,0
C3010,23,06,0000,District - Shivpuri  06,Total,9,30808,16406,14402,24743,14084,10659,24743,14084,10659,0,0,0,0,0,0,0,0,0,0,0,0
C3010,23,06,0000,District - Shivpuri  06,Total,10,56969,31015,25954,43197,25731,17466,43197,25731,17466,0,0,0,0,0,0,0,0,0,0,0,0
C3010,23,06,0000,District - Shivpuri  06,Total,11,23619,13176,10443,19367,11681,7686,19367,11681,7686,0,0,0,0,0,0,0,0,0,0,0,0
C3010,23,06,0000,District - Shivpuri  06,Total,12,51293,28944,22349,36709,23629,13080,36709,23629,13080,0,0,0,0,0,0,0,0,0,0,0,0
C3010,23,06,0000,District - Shivpuri  06,Total,13,26096,14636,11460,18263,11974,6289,18263,11974,6289,0,0,0,0,0,0,0,0,0,0,0,0
C3010,23,06,0000,District - Shivpuri  06,Total,14,30037,17049,12988,18340,12677,5663,18340,12677,5663,0,0,0,0,0,0,0,0,0,0,0,0
C3010,23,06,0000,District - Shivpuri  06,Total,15-19,128163,75168,52995,46235,34267,11968,42816,32331,10485,2547,1526,1021,121,85,36,200,134,66,551,191,360
C3010,23,06,0000,District - Shivpuri  06,Total,20-24,125023,66201,58822,12267,8550,3717,5092,4244,848,4994,3561,1433,125,93,32,105,75,30,1951,577,1374
C3010,23,06,0000,District - Shivpuri  06,Total,25-29,111094,58872,52222,2914,1413,1501,0,0,0,671,596,75,77,50,27,41,26,15,2125,741,1384
C3010,23,06,0000,District - Shivpuri  06,Total,30-34,98505,51929,46576,1989,736,1253,0,0,0,120,92,28,35,18,17,14,7,7,1820,619,1201
C3010,23,06,0000,District - Shivpuri  06,Total,35-59,287546,155911,131635,4103,1814,2289,0,0,0,91,77,14,94,51,43,58,42,16,3860,1644,2216
C3010,23,06,0000,District - Shivpuri  06,Total,60+,91641,46609,45032,314,205,109,0,0,0,22,18,4,21,6,15,18,14,4,253,167,86
C3010,23,06,0000,District - Shivpuri  06,Total,Age not stated,6165,3295,2870,75,45,30,0,0,0,40,29,11,3,2,1,5,4,1,27,10,17
C3010,23,06,0000,District - Shivpuri  06,Rural,All ages,1202277,648319,553958,245020,156185,88835,231251,149628,81623,2750,2293,457,277,154,123,223,185,38,10519,3925,6594
C3010,23,06,0000,District - Shivpuri  06,Rural,0-4,165372,86319,79053,1386,765,621,1386,765,621,0,0,0,0,0,0,0,0,0,0,0,0
C3010,23,06,0000,District - Shivpuri  06,Rural,5,37573,20190,17383,2519,1520,999,2519,1520,999,0,0,0,0,0,0,0,0,0,0,0,0
C3010,23,06,0000,District - Shivpuri  06,Rural,6,40437,21116,19321,11289,6516,4773,11289,6516,4773,0,0,0,0,0,0,0,0,0,0,0,0
C3010,23,06,0000,District - Shivpuri  06,Rural,7,31393,16407,14986,19525,11115,8410,19525,11115,8410,0,0,0,0,0,0,0,0,0,0,0,0
C3010,23,06,0000,District - Shivpuri  06,Rural,8,47733,25384,22349,33361,19387,13974,33361,19387,13974,0,0,0,0,0,0,0,0,0,0,0,0
C3010,23,06,0000,District - Shivpuri  06,Rural,9,26043,13833,12210,20572,11779,8793,20572,11779,8793,0,0,0,0,0,0,0,0,0,0,0,0
C3010,23,06,0000,District - Shivpuri  06,Rural,10,48628,26527,22101,36191,21885,14306,36191,21885,14306,0,0,0,0,0,0,0,0,0,0,0,0
C3010,23,06,0000,District - Shivpuri  06,Rural,11,19059,10735,8324,15308,9462,5846,15308,9462,5846,0,0,0,0,0,0,0,0,0,0,0,0
C3010,23,06,0000,District - Shivpuri  06,Rural,12,43104,24463,18641,29991,19866,10125,29991,19866,10125,0,0,0,0,0,0,0,0,0,0,0,0
C3010,23,06,0000,District - Shivpuri  06,Rural,13,20967,11946,9021,13977,9635,4342,13977,9635,4342,0,0,0,0,0,0,0,0,0,0,0,0
C3010,23,06,0000,District - Shivpuri  06,Rural,14,24139,13900,10239,13799,10140,3659,13799,10140,3659,0,0,0,0,0,0,0,0,0,0,0,0
C3010,23,06,0000,District - Shivpuri  06,Rural,15-19,101898,60364,41534,30979,25116,5863,29529,24253,5276,758,566,192,51,32,19,91,74,17,550,191,359
C3010,23,06,0000,District - Shivpuri  06,Rural,20-24,102638,53907,48731,7454,5322,2132,3804,3305,499,1605,1365,240,54,37,17,48,41,7,1943,574,1369
C3010,23,06,0000,District - Shivpuri  06,Rural,25-29,92120,49081,43039,2447,1037,1410,0,0,0,275,263,12,48,25,23,13,12,1,2111,737,1374
C3010,23,06,0000,District - Shivpuri  06,Rural,30-34,81319,42983,38336,1890,677,1213,0,0,0,48,44,4,26,13,13,7,5,2,1809,615,1194
C3010,23,06,0000,District - Shivpuri  06,Rural,35-59,236681,128445,108236,3996,1752,2244,0,0,0,43,40,3,78,41,37,47,39,8,3828,1632,2196
C3010,23,06,0000,District - Shivpuri  06,Rural,60+,78159,40062,38097,297,192,105,0,0,0,11,8,3,19,5,14,16,13,3,251,166,85
C3010,23,06,0000,District - Shivpuri  06,Rural,Age not stated,5014,2657,2357,39,19,20,0,0,0,10,7,3,1,1,0,1,1,0,27,10,17
C3010,23,06,0000,District - Shivpuri  06,Urban,All ages,239673,127871,111802,68375,38954,29421,62155,35056,27099,5735,3606,2129,199,151,48,218,117,101,68,24,44
C3010,23,06,0000,District - Shivpuri  06,Urban,0-4,26389,13853,12536,1222,647,575,1222,647,575,0,0,0,0,0,0,0,0,0,0,0,0
C3010,23,06,0000,District - Shivpuri  06,Urban,5,6283,3348,2935,1862,987,875,1862,987,875,0,0,0,0,0,0,0,0,0,0,0,0
C3010,23,06,0000,District - Shivpuri  06,Urban,6,6199,3250,2949,2920,1576,1344,2920,1576,1344,0,0,0,0,0,0,0,0,0,0,0,0
C3010,23,06,0000,District - Shivpuri  06,Urban,7,5820,2992,2828,4498,2376,2122,4498,2376,2122,0,0,0,0,0,0,0,0,0,0,0,0
C3010,23,06,0000,District - Shivpuri  06,Urban,8,7792,4120,3672,6297,3444,2853,6297,3444,2853,0,0,0,0,0,0,0,0,0,0,0,0
C3010,23,06,0000,District - Shivpuri  06,Urban,9,4765,2573,2192,4171,2305,1866,4171,2305,1866,0,0,0,0,0,0,0,0,0,0,0,0
C3010,23,06,0000,District - Shivpuri  06,Urban,10,8341,4488,3853,7006,3846,3160,7006,3846,3160,0,0,0,0,0,0,0,0,0,0,0,0
C3010,23,06,0000,District - Shivpuri  06,Urban,11,4560,2441,2119,4059,2219,1840,4059,2219,1840,0,0,0,0,0,0,0,0,0,0,0,0
C3010,23,06,0000,District - Shivpuri  06,Urban,12,8189,4481,3708,6718,3763,2955,6718,3763,2955,0,0,0,0,0,0,0,0,0,0,0,0
C3010,23,06,0000,District - Shivpuri  06,Urban,13,5129,2690,2439,4286,2339,1947,4286,2339,1947,0,0,0,0,0,0,0,0,0,0,0,0
C3010,23,06,0000,District - Shivpuri  06,Urban,14,5898,3149,2749,4541,2537,2004,4541,2537,2004,0,0,0,0,0,0,0,0,0,0,0,0
C3010,23,06,0000,District - Shivpuri  06,Urban,15-19,26265,14804,11461,15256,9151,6105,13287,8078,5209,1789,960,829,70,53,17,109,60,49,1,0,1
C3010,23,06,0000,District - Shivpuri  06,Urban,20-24,22385,12294,10091,4813,3228,1585,1288,939,349,3389,2196,1193,71,56,15,57,34,23,8,3,5
C3010,23,06,0000,District - Shivpuri  06,Urban,25-29,18974,9791,9183,467,376,91,0,0,0,396,333,63,29,25,4,28,14,14,14,4,10
C3010,23,06,0000,District - Shivpuri  06,Urban,30-34,17186,8946,8240,99,59,40,0,0,0,72,48,24,9,5,4,7,2,5,11,4,7
C3010,23,06,0000,District - Shivpuri  06,Urban,35-59,50865,27466,23399,107,62,45,0,0,0,48,37,11,16,10,6,11,3,8,32,12,20
C3010,23,06,0000,District - Shivpuri  06,Urban,60+,13482,6547,6935,17,13,4,0,0,0,11,10,1,2,1,1,2,1,1,2,1,1
C3010,23,06,0000,District - Shivpuri  06,Urban,Age not stated,1151,638,513,36,26,10,0,0,0,30,22,8,2,1,1,4,3,1,0,0,0
C3010,23,07,0000,District - Guna  07,Total,All ages,1666767,884020,782747,344930,212685,132245,326091,201610,124481,9906,6804,3102,453,320,133,540,401,139,7940,3550,4390
C3010,23,07,0000,District - Guna  07,Total,0-4,220799,113841,106958,2280,1231,1049,2280,1231,1049,0,0,0,0,0,0,0,0,0,0,0,0
C3010,23,07,0000,District - Guna  07,Total,5,51075,26935,24140,4357,2514,1843,4357,2514,1843,0,0,0,0,0,0,0,0,0,0,0,0
C3010,23,07,0000,District - Guna  07,Total,6,54810,28429,26381,15701,9102,6599,15701,9102,6599,0,0,0,0,0,0,0,0,0,0,0,0
C3010,23,07,0000,District - Guna  07,Total,7,42071,21811,20260,27102,15190,11912,27102,15190,11912,0,0,0,0,0,0,0,0,0,0,0,0
C3010,23,07,0000,District - Guna  07,Total,8,65768,34652,31116,45015,25644,19371,45015,25644,19371,0,0,0,0,0,0,0,0,0,0,0,0
C3010,23,07,0000,District - Guna  07,Total,9,34245,17688,16557,27055,14921,12134,27055,14921,12134,0,0,0,0,0,0,0,0,0,0,0,0
C3010,23,07,0000,District - Guna  07,Total,10,65960,35400,30560,48084,28272,19812,48084,28272,19812,0,0,0,0,0,0,0,0,0,0,0,0
C3010,23,07,0000,District - Guna  07,Total,11,26064,14325,11739,21145,12626,8519,21145,12626,8519,0,0,0,0,0,0,0,0,0,0,0,0
C3010,23,07,0000,District - Guna  07,Total,12,58403,32318,26085,40626,25540,15086,40626,25540,15086,0,0,0,0,0,0,0,0,0,0,0,0
C3010,23,07,0000,District - Guna  07,Total,13,28848,15621,13227,19772,12447,7325,19772,12447,7325,0,0,0,0,0,0,0,0,0,0,0,0
C3010,23,07,0000,District - Guna  07,Total,14,35894,19843,16051,21467,14383,7084,21467,14383,7084,0,0,0,0,0,0,0,0,0,0,0,0
C3010,23,07,0000,District - Guna  07,Total,15-19,147272,83247,64025,51526,37242,14284,47789,35016,12773,2963,1736,1227,150,119,31,271,200,71,353,171,182
C3010,23,07,0000,District - Guna  07,Total,20-24,138942,71772,67170,13258,9669,3589,5698,4724,974,5994,4245,1749,122,89,33,139,104,35,1305,507,798
C3010,23,07,0000,District - Guna  07,Total,25-29,128007,66032,61975,2367,1362,1005,0,0,0,722,640,82,58,41,17,53,41,12,1534,640,894
C3010,23,07,0000,District - Guna  07,Total,30-34,119270,60874,58396,1647,732,915,0,0,0,112,91,21,30,19,11,16,13,3,1489,609,880
C3010,23,07,0000,District - Guna  07,Total,35-59,330664,179424,151240,3195,1596,1599,0,0,0,85,67,18,60,35,25,43,26,17,3007,1468,1539
C3010,23,07,0000,District - Guna  07,Total,60+,112616,58609,54007,289,186,103,0,0,0,18,14,4,29,15,14,10,10,0,232,147,85
C3010,23,07,0000,District - Guna  07,Total,Age not stated,6059,3199,2860,44,28,16,0,0,0,12,11,1,4,2,2,8,7,1,20,8,12
C3010,23,07,0000,District - Guna  07,Rural,All ages,1311954,697035,614919,249098,158372,90726,237831,152013,85818,2868,2454,414,219,142,77,349,269,80,7831,3494,4337
C3010,23,07,0000,District - Guna  07,Rural,0-4,179921,92683,87238,1293,711,582,1293,711,582,0,0,0,0,0,0,0,0,0,0,0,0
C3010,23,07,0000,District - Guna  07,Rural,5,41361,21736,19625,2451,1479,972,2451,1479,972,0,0,0,0,0,0,0,0,0,0,0,0
C3010,23,07,0000,District - Guna  07,Rural,6,45442,23497,21945,12024,7100,4924,12024,7100,4924,0,0,0,0,0,0,0,0,0,0,0,0
C3010,23,07,0000,District - Guna  07,Rural,7,32899,17079,15820,20089,11457,8632,20089,11457,8632,0,0,0,0,0,0,0,0,0,0,0,0
C3010,23,07,0000,District - Guna  07,Rural,8,53553,28150,25403,35136,20254,14882,35136,20254,14882,0,0,0,0,0,0,0,0,0,0,0,0
C3010,23,07,0000,District - Guna  07,Rural,9,27208,14088,13120,20905,11694,9211,20905,11694,9211,0,0,0,0,0,0,0,0,0,0,0,0
C3010,23,07,0000,District - Guna  07,Rural,10,53195,28390,24805,37328,22225,15103,37328,22225,15103,0,0,0,0,0,0,0,0,0,0,0,0
C3010,23,07,0000,District - Guna  07,Rural,11,19662,10993,8669,15472,9563,5909,15472,9563,5909,0,0,0,0,0,0,0,0,0,0,0,0
C3010,23,07,0000,District - Guna  07,Rural,12,46259,25633,20626,30559,19787,10772,30559,19787,10772,0,0,0,0,0,0,0,0,0,0,0,0
C3010,23,07,0000,District - Guna  07,Rural,13,21834,12072,9762,13995,9420,4575,13995,9420,4575,0,0,0,0,0,0,0,0,0,0,0,0
C3010,23,07,0000,District - Guna  07,Rural,14,27534,15436,12098,15027,10789,4238,15027,10789,4238,0,0,0,0,0,0,0,0,0,0,0,0
C3010,23,07,0000,District - Guna  07,Rural,15-19,110515,63122,47393,31025,25101,5924,29701,24168,5533,762,597,165,43,35,8,173,134,39,346,167,179
C3010,23,07,0000,District - Guna  07,Rural,20-24,107673,55287,52386,7009,5471,1538,3851,3366,485,1741,1510,231,47,35,12,74,59,15,1296,501,795
C3010,23,07,0000,District - Guna  07,Rural,25-29,99969,52022,47947,1854,939,915,0,0,0,279,269,10,26,15,11,32,25,7,1517,630,887
C3010,23,07,0000,District - Guna  07,Rural,30-34,92554,47474,45080,1545,664,881,0,0,0,45,42,3,26,15,11,14,11,3,1460,596,864
C3010,23,07,0000,District - Guna  07,Rural,35-59,255082,138138,116944,3081,1525,1556,0,0,0,30,26,4,48,28,20,38,23,15,2965,1448,1517
C3010,23,07,0000,District - Guna  07,Rural,60+,91871,48387,43484,267,170,97,0,0,0,5,4,1,25,12,13,10,10,0,227,144,83
C3010,23,07,0000,District - Guna  07,Rural,Age not stated,5422,2848,2574,38,23,15,0,0,0,6,6,0,4,2,2,8,7,1,20,8,12
C3010,23,07,0000,District - Guna  07,Urban,All ages,354813,186985,167828,95832,54313,41519,88260,49597,38663,7038,4350,2688,234,178,56,191,132,59,109,56,53
C3010,23,07,0000,District - Guna  07,Urban,0-4,40878,21158,19720,987,520,467,987,520,467,0,0,0,0,0,0,0,0,0,0,0,0
C3010,23,07,0000,District - Guna  07,Urban,5,9714,5199,4515,1906,1035,871,1906,1035,871,0,0,0,0,0,0,0,0,0,0,0,0
C3010,23,07,0000,District - Guna  07,Urban,6,9368,4932,4436,3677,2002,1675,3677,2002,1675,0,0,0,0,0,0,0,0,0,0,0,0
C3010,23,07,0000,District - Guna  07,Urban,7,9172,4732,4440,7013,3733,3280,7013,3733,3280,0,0,0,0,0,0,0,0,0,0,0,0
C3010,23,07,0000,District - Guna  07,Urban,8,12215,6502,5713,9879,5390,4489,9879,5390,4489,0,0,0,0,0,0,0,0,0,0,0,0
C3010,23,07,0000,District - Guna  07,Urban,9,7037,3600,3437,6150,3227,2923,6150,3227,2923,0,0,0,0,0,0,0,0,0,0,0,0
C3010,23,07,0000,District - Guna  07,Urban,10,12765,7010,5755,10756,6047,4709,10756,6047,4709,0,0,0,0,0,0,0,0,0,0,0,0
C3010,23,07,0000,District - Guna  07,Urban,11,6402,3332,3070,5673,3063,2610,5673,3063,2610,0,0,0,0,0,0,0,0,0,0,0,0
C3010,23,07,0000,District - Guna  07,Urban,12,12144,6685,5459,10067,5753,4314,10067,5753,4314,0,0,0,0,0,0,0,0,0,0,0,0
C3010,23,07,0000,District - Guna  07,Urban,13,7014,3549,3465,5777,3027,2750,5777,3027,2750,0,0,0,0,0,0,0,0,0,0,0,0
C3010,23,07,0000,District - Guna  07,Urban,14,8360,4407,3953,6440,3594,2846,6440,3594,2846,0,0,0,0,0,0,0,0,0,0,0,0
C3010,23,07,0000,District - Guna  07,Urban,15-19,36757,20125,16632,20501,12141,8360,18088,10848,7240,2201,1139,1062,107,84,23,98,66,32,7,4,3
C3010,23,07,0000,District - Guna  07,Urban,20-24,31269,16485,14784,6249,4198,2051,1847,1358,489,4253,2735,1518,75,54,21,65,45,20,9,6,3
C3010,23,07,0000,District - Guna  07,Urban,25-29,28038,14010,14028,513,423,90,0,0,0,443,371,72,32,26,6,21,16,5,17,10,7
C3010,23,07,0000,District - Guna  07,Urban,30-34,26716,13400,13316,102,68,34,0,0,0,67,49,18,4,4,0,2,2,0,29,13,16
C3010,23,07,0000,District - Guna  07,Urban,35-59,75582,41286,34296,114,71,43,0,0,0,55,41,14,12,7,5,5,3,2,42,20,22
C3010,23,07,0000,District - Guna  07,Urban,60+,20745,10222,10523,22,16,6,0,0,0,13,10,3,4,3,1,0,0,0,5,3,2
C3010,23,07,0000,District - Guna  07,Urban,Age not stated,637,351,286,6,5,1,0,0,0,6,5,1,0,0,0,0,0,0,0,0,0
C3010,23,08,0000,District - Tikamgarh  08,Total,All ages,1202998,637913,565085,270572,160590,109982,252690,151696,100994,5928,4097,1831,475,326,149,183,138,45,11296,4333,6963
C3010,23,08,0000,District - Tikamgarh  08,Total,0-4,157126,81550,75576,1060,555,505,1060,555,505,0,0,0,0,0,0,0,0,0,0,0,0
C3010,23,08,0000,District - Tikamgarh  08,Total,5,36014,19298,16716,1896,1072,824,1896,1072,824,0,0,0,0,0,0,0,0,0,0,0,0
C3010,23,08,0000,District - Tikamgarh  08,Total,6,36353,18954,17399,10196,5630,4566,10196,5630,4566,0,0,0,0,0,0,0,0,0,0,0,0
C3010,23,08,0000,District - Tikamgarh  08,Total,7,25159,13150,12009,16717,9056,7661,16717,9056,7661,0,0,0,0,0,0,0,0,0,0,0,0
C3010,23,08,0000,District - Tikamgarh  08,Total,8,44463,23252,21211,33206,18239,14967,33206,18239,14967,0,0,0,0,0,0,0,0,0,0,0,0
C3010,23,08,0000,District - Tikamgarh  08,Total,9,26205,13635,12570,22148,11987,10161,22148,11987,10161,0,0,0,0,0,0,0,0,0,0,0,0
C3010,23,08,0000,District - Tikamgarh  08,Total,10,44698,24082,20616,36437,20582,15855,36437,20582,15855,0,0,0,0,0,0,0,0,0,0,0,0
C3010,23,08,0000,District - Tikamgarh  08,Total,11,22726,12450,10276,19793,11361,8432,19793,11361,8432,0,0,0,0,0,0,0,0,0,0,0,0
C3010,23,08,0000,District - Tikamgarh  08,Total,12,38037,20959,17078,29804,17708,12096,29804,17708,12096,0,0,0,0,0,0,0,0,0,0,0,0
C3010,23,08,0000,District - Tikamgarh  08,Total,13,24778,13339,11439,18472,11159,7313,18472,11159,7313,0,0,0,0,0,0,0,0,0,0,0,0
C3010,23,08,0000,District - Tikamgarh  08,Total,14,27349,14994,12355,18291,11598,6693,18291,11598,6693,0,0,0,0,0,0,0,0,0,0,0,0
C3010,23,08,0000,District - Tikamgarh  08,Total,15-19,111377,62653,48724,42755,30474,12281,40223,29058,11165,1746,1043,703,144,94,50,81,64,17,561,215,346
C3010,23,08,0000,District - Tikamgarh  08,Total,20-24,105010,54105,50905,10246,7028,3218,4447,3691,756,3594,2548,1046,155,125,30,42,33,9,2008,631,1377
C3010,23,08,0000,District - Tikamgarh  08,Total,25-29,94078,49306,44772,2800,1255,1545,0,0,0,473,412,61,80,63,17,33,22,11,2214,758,1456
C3010,23,08,0000,District - Tikamgarh  08,Total,30-34,84539,43195,41344,2317,880,1437,0,0,0,66,55,11,25,12,13,6,6,0,2220,807,1413
C3010,23,08,0000,District - Tikamgarh  08,Total,35-59,241191,129677,111514,4202,1857,2345,0,0,0,36,30,6,57,26,31,15,10,5,4094,1791,2303
C3010,23,08,0000,District - Tikamgarh  08,Total,60+,82674,42621,40053,221,144,77,0,0,0,7,5,2,13,6,7,6,3,3,195,130,65
C3010,23,08,0000,District - Tikamgarh  08,Total,Age not stated,1221,693,528,11,5,6,0,0,0,6,4,2,1,0,1,0,0,0,4,1,3
C3010,23,08,0000,District - Tikamgarh  08,Rural,All ages,990265,525864,464401,216007,129489,86518,202428,123259,79169,2151,1761,390,239,148,91,98,73,25,11091,4248,6843
C3010,23,08,0000,District - Tikamgarh  08,Rural,0-4,131779,68457,63322,608,314,294,608,314,294,0,0,0,0,0,0,0,0,0,0,0,0
C3010,23,08,0000,District - Tikamgarh  08,Rural,5,30299,16227,14072,1048,595,453,1048,595,453,0,0,0,0,0,0,0,0,0,0,0,0
C3010,23,08,0000,District - Tikamgarh  08,Rural,6,30531,15980,14551,8127,4496,3631,8127,4496,3631,0,0,0,0,0,0,0,0,0,0,0,0
C3010,23,08,0000,District - Tikamgarh  08,Rural,7,20623,10771,9852,13419,7293,6126,13419,7293,6126,0,0,0,0,0,0,0,0,0,0,0,0
C3010,23,08,0000,District - Tikamgarh  08,Rural,8,37041,19360,17681,27428,15100,12328,27428,15100,12328,0,0,0,0,0,0,0,0,0,0,0,0
C3010,23,08,0000,District - Tikamgarh  08,Rural,9,21915,11396,10519,18445,10005,8440,18445,10005,8440,0,0,0,0,0,0,0,0,0,0,0,0
C3010,23,08,0000,District - Tikamgarh  08,Rural,10,37436,20122,17314,30430,17199,13231,30430,17199,13231,0,0,0,0,0,0,0,0,0,0,0,0
C3010,23,08,0000,District - Tikamgarh  08,Rural,11,18673,10329,8344,16223,9422,6801,16223,9422,6801,0,0,0,0,0,0,0,0,0,0,0,0
C3010,23,08,0000,District - Tikamgarh  08,Rural,12,31307,17272,14035,24311,14595,9716,24311,14595,9716,0,0,0,0,0,0,0,0,0,0,0,0
C3010,23,08,0000,District - Tikamgarh  08,Rural,13,20073,10875,9198,14727,9095,5632,14727,9095,5632,0,0,0,0,0,0,0,0,0,0,0,0
C3010,23,08,0000,District - Tikamgarh  08,Rural,14,22166,12290,9876,14462,9494,4968,14462,9494,4968,0,0,0,0,0,0,0,0,0,0,0,0
C3010,23,08,0000,District - Tikamgarh  08,Rural,15-19,89006,50412,38594,30980,23401,7579,29768,22703,7065,570,427,143,48,30,18,41,33,8,553,208,345
C3010,23,08,0000,District - Tikamgarh  08,Rural,20-24,85238,43517,41721,6818,4729,2089,3432,2948,484,1323,1097,226,70,51,19,20,16,4,1973,617,1356
C3010,23,08,0000,District - Tikamgarh  08,Rural,25-29,77230,40553,36677,2432,965,1467,0,0,0,189,176,13,44,33,11,19,12,7,2180,744,1436
C3010,23,08,0000,District - Tikamgarh  08,Rural,30-34,69138,35318,33820,2243,831,1412,0,0,0,35,31,4,21,9,12,3,3,0,2184,788,1396
C3010,23,08,0000,District - Tikamgarh  08,Rural,35-59,198094,106554,91540,4094,1812,2282,0,0,0,28,24,4,48,20,28,12,7,5,4006,1761,2245
C3010,23,08,0000,District - Tikamgarh  08,Rural,60+,68761,35885,32876,207,141,66,0,0,0,5,5,0,8,5,3,3,2,1,191,129,62
C3010,23,08,0000,District - Tikamgarh  08,Rural,Age not stated,955,546,409,5,2,3,0,0,0,1,1,0,0,0,0,0,0,0,4,1,3
C3010,23,08,0000,District - Tikamgarh  08,Urban,All ages,212733,112049,100684,54565,31101,23464,50262,28437,21825,3777,2336,1441,236,178,58,85,65,20,205,85,120
C3010,23,08,0000,District - Tikamgarh  08,Urban,0-4,25347,13093,12254,452,241,211,452,241,211,0,0,0,0,0,0,0,0,0,0,0,0
C3010,23,08,0000,District - Tikamgarh  08,Urban,5,5715,3071,2644,848,477,371,848,477,371,0,0,0,0,0,0,0,0,0,0,0,0
C3010,23,08,0000,District - Tikamgarh  08,Urban,6,5822,2974,2848,2069,1134,935,2069,1134,935,0,0,0,0,0,0,0,0,0,0,0,0
C3010,23,08,0000,District - Tikamgarh  08,Urban,7,4536,2379,2157,3298,1763,1535,3298,1763,1535,0,0,0,0,0,0,0,0,0,0,0,0
C3010,23,08,0000,District - Tikamgarh  08,Urban,8,7422,3892,3530,5778,3139,2639,5778,3139,2639,0,0,0,0,0,0,0,0,0,0,0,0
C3010,23,08,0000,District - Tikamgarh  08,Urban,9,4290,2239,2051,3703,1982,1721,3703,1982,1721,0,0,0,0,0,0,0,0,0,0,0,0
C3010,23,08,0000,District - Tikamgarh  08,Urban,10,7262,3960,3302,6007,3383,2624,6007,3383,2624,0,0,0,0,0,0,0,0,0,0,0,0
C3010,23,08,0000,District - Tikamgarh  08,Urban,11,4053,2121,1932,3570,1939,1631,3570,1939,1631,0,0,0,0,0,0,0,0,0,0,0,0
C3010,23,08,0000,District - Tikamgarh  08,Urban,12,6730,3687,3043,5493,3113,2380,5493,3113,2380,0,0,0,0,0,0,0,0,0,0,0,0
C3010,23,08,0000,District - Tikamgarh  08,Urban,13,4705,2464,2241,3745,2064,1681,3745,2064,1681,0,0,0,0,0,0,0,0,0,0,0,0
C3010,23,08,0000,District - Tikamgarh  08,Urban,14,5183,2704,2479,3829,2104,1725,3829,2104,1725,0,0,0,0,0,0,0,0,0,0,0,0
C3010,23,08,0000,District - Tikamgarh  08,Urban,15-19,22371,12241,10130,11775,7073,4702,10455,6355,4100,1176,616,560,96,64,32,40,31,9,8,7,1
C3010,23,08,0000,District - Tikamgarh  08,Urban,20-24,19772,10588,9184,3428,2299,1129,1015,743,272,2271,1451,820,85,74,11,22,17,5,35,14,21
C3010,23,08,0000,District - Tikamgarh  08,Urban,25-29,16848,8753,8095,368,290,78,0,0,0,284,236,48,36,30,6,14,10,4,34,14,20
C3010,23,08,0000,District - Tikamgarh  08,Urban,30-34,15401,7877,7524,74,49,25,0,0,0,31,24,7,4,3,1,3,3,0,36,19,17
C3010,23,08,0000,District - Tikamgarh  08,Urban,35-59,43097,23123,19974,108,45,63,0,0,0,8,6,2,9,6,3,3,3,0,88,30,58
C3010,23,08,0000,District - Tikamgarh  08,Urban,60+,13913,6736,7177,14,3,11,0,0,0,2,0,2,5,1,4,3,1,2,4,1,3
C3010,23,08,0000,District - Tikamgarh  08,Urban,Age not stated,266,147,119,6,3,3,0,0,0,5,3,2,1,0,1,0,0,0,0,0,0
C3010,23,09,0000,District - Chhatarpur  09,Total,All ages,1474723,788933,685790,320928,192390,128538,307966,183710,124256,9549,6526,3023,653,468,185,386,274,112,2374,1412,962
C3010,23,09,0000,District - Chhatarpur  09,Total,0-4,197553,102699,94854,2035,1062,973,2035,1062,973,0,0,0,0,0,0,0,0,0,0,0,0
C3010,23,09,0000,District - Chhatarpur  09,Total,5,45984,24562,21422,3937,2203,1734,3937,2203,1734,0,0,0,0,0,0,0,0,0,0,0,0
C3010,23,09,0000,District - Chhatarpur  09,Total,6,45808,23708,22100,13871,7553,6318,13871,7553,6318,0,0,0,0,0,0,0,0,0,0,0,0
C3010,23,09,0000,District - Chhatarpur  09,Total,7,32500,16856,15644,20502,11102,9400,20502,11102,9400,0,0,0,0,0,0,0,0,0,0,0,0
C3010,23,09,0000,District - Chhatarpur  09,Total,8,55748,29154,26594,39575,21662,17913,39575,21662,17913,0,0,0,0,0,0,0,0,0,0,0,0
C3010,23,09,0000,District - Chhatarpur  09,Total,9,33330,17319,16011,27236,14769,12467,27236,14769,12467,0,0,0,0,0,0,0,0,0,0,0,0
C3010,23,09,0000,District - Chhatarpur  09,Total,10,57617,30924,26693,45401,25615,19786,45401,25615,19786,0,0,0,0,0,0,0,0,0,0,0,0
C3010,23,09,0000,District - Chhatarpur  09,Total,11,27757,15295,12462,23616,13661,9955,23616,13661,9955,0,0,0,0,0,0,0,0,0,0,0,0
C3010,23,09,0000,District - Chhatarpur  09,Total,12,49516,27452,22064,37342,22316,15026,37342,22316,15026,0,0,0,0,0,0,0,0,0,0,0,0
C3010,23,09,0000,District - Chhatarpur  09,Total,13,30820,16828,13992,22284,13526,8758,22284,13526,8758,0,0,0,0,0,0,0,0,0,0,0,0
C3010,23,09,0000,District - Chhatarpur  09,Total,14,33411,18763,14648,21123,13645,7478,21123,13645,7478,0,0,0,0,0,0,0,0,0,0,0,0
C3010,23,09,0000,District - Chhatarpur  09,Total,15-19,133341,77521,55820,49495,34704,14791,46238,32709,13529,2737,1637,1100,225,160,65,183,126,57,112,72,40
C3010,23,09,0000,District - Chhatarpur  09,Total,20-24,123044,65420,57624,11381,8467,2914,4806,3887,919,5919,4154,1765,215,164,51,93,73,20,348,189,159
C3010,23,09,0000,District - Chhatarpur  09,Total,25-29,108470,56985,51485,1256,934,322,0,0,0,700,588,112,93,71,22,52,36,16,411,239,172
C3010,23,09,0000,District - Chhatarpur  09,Total,30-34,97614,50020,47594,590,345,245,0,0,0,108,82,26,34,21,13,10,6,4,438,236,202
C3010,23,09,0000,District - Chhatarpur  09,Total,35-59,293085,156978,136107,1150,736,414,0,0,0,72,56,16,62,37,25,38,26,12,978,617,361
C3010,23,09,0000,District - Chhatarpur  09,Total,60+,107396,57525,49871,127,87,40,0,0,0,7,6,1,24,15,9,9,7,2,87,59,28
C3010,23,09,0000,District - Chhatarpur  09,Total,Age not stated,1729,924,805,7,3,4,0,0,0,6,3,3,0,0,0,1,0,1,0,0,0
C3010,23,09,0000,District - Chhatarpur  09,Rural,All ages,1150428,615842,534586,230430,141194,89236,225142,137330,87812,2584,2217,367,215,144,71,219,157,62,2270,1346,924
C3010,23,09,0000,District - Chhatarpur  09,Rural,0-4,160629,83370,77259,967,510,457,967,510,457,0,0,0,0,0,0,0,0,0,0,0,0
C3010,23,09,0000,District - Chhatarpur  09,Rural,5,37304,19863,17441,1874,1059,815,1874,1059,815,0,0,0,0,0,0,0,0,0,0,0,0
C3010,23,09,0000,District - Chhatarpur  09,Rural,6,37125,19183,17942,10249,5611,4638,10249,5611,4638,0,0,0,0,0,0,0,0,0,0,0,0
C3010,23,09,0000,District - Chhatarpur  09,Rural,7,25435,13206,12229,15041,8232,6809,15041,8232,6809,0,0,0,0,0,0,0,0,0,0,0,0
C3010,23,09,0000,District - Chhatarpur  09,Rural,8,44616,23333,21283,30618,16906,13712,30618,16906,13712,0,0,0,0,0,0,0,0,0,0,0,0
C3010,23,09,0000,District - Chhatarpur  09,Rural,9,26848,13950,12898,21496,11735,9761,21496,11735,9761,0,0,0,0,0,0,0,0,0,0,0,0
C3010,23,09,0000,District - Chhatarpur  09,Rural,10,46163,24689,21474,35751,20267,15484,35751,20267,15484,0,0,0,0,0,0,0,0,0,0,0,0
C3010,23,09,0000,District - Chhatarpur  09,Rural,11,21462,11856,9606,17963,10512,7451,17963,10512,7451,0,0,0,0,0,0,0,0,0,0,0,0
C3010,23,09,0000,District - Chhatarpur  09,Rural,12,39026,21632,17394,28507,17337,11170,28507,17337,11170,0,0,0,0,0,0,0,0,0,0,0,0
C3010,23,09,0000,District - Chhatarpur  09,Rural,13,23316,12885,10431,16077,10159,5918,16077,10159,5918,0,0,0,0,0,0,0,0,0,0,0,0
C3010,23,09,0000,District - Chhatarpur  09,Rural,14,25481,14437,11044,14980,10188,4792,14980,10188,4792,0,0,0,0,0,0,0,0,0,0,0,0
C3010,23,09,0000,District - Chhatarpur  09,Rural,15-19,98373,57792,40581,29475,22845,6630,28543,22154,6389,680,525,155,39,28,11,108,70,38,105,68,37
C3010,23,09,0000,District - Chhatarpur  09,Rural,20-24,93436,49160,44276,5102,4325,777,3076,2660,416,1594,1406,188,53,42,11,44,36,8,335,181,154
C3010,23,09,0000,District - Chhatarpur  09,Rural,25-29,82744,43597,39147,697,495,202,0,0,0,248,227,21,35,22,13,18,14,4,396,232,164
C3010,23,09,0000,District - Chhatarpur  09,Rural,30-34,74284,38082,36202,494,280,214,0,0,0,39,36,3,22,13,9,7,5,2,426,226,200
C3010,23,09,0000,District - Chhatarpur  09,Rural,35-59,226060,120911,105149,1034,660,374,0,0,0,20,20,0,49,28,21,32,25,7,933,587,346
C3010,23,09,0000,District - Chhatarpur  09,Rural,60+,86605,47084,39521,103,72,31,0,0,0,2,2,0,17,11,6,9,7,2,75,52,23
C3010,23,09,0000,District - Chhatarpur  09,Rural,Age not stated,1521,812,709,2,1,1,0,0,0,1,1,0,0,0,0,1,0,1,0,0,0
C3010,23,09,0000,District - Chhatarpur  09,Urban,All ages,324295,173091,151204,90498,51196,39302,82824,46380,36444,6965,4309,2656,438,324,114,167,117,50,104,66,38
C3010,23,09,0000,District - Chhatarpur  09,Urban,0-4,36924,19329,17595,1068,552,516,1068,552,516,0,0,0,0,0,0,0,0,0,0,0,0
C3010,23,09,0000,District - Chhatarpur  09,Urban,5,8680,4699,3981,2063,1144,919,2063,1144,919,0,0,0,0,0,0,0,0,0,0,0,0
C3010,23,09,0000,District - Chhatarpur  09,Urban,6,8683,4525,4158,3622,1942,1680,3622,1942,1680,0,0,0,0,0,0,0,0,0,0,0,0
C3010,23,09,0000,District - Chhatarpur  09,Urban,7,7065,3650,3415,5461,2870,2591,5461,2870,2591,0,0,0,0,0,0,0,0,0,0,0,0
C3010,23,09,0000,District - Chhatarpur  09,Urban,8,11132,5821,5311,8957,4756,4201,8957,4756,4201,0,0,0,0,0,0,0,0,0,0,0,0
C3010,23,09,0000,District - Chhatarpur  09,Urban,9,6482,3369,3113,5740,3034,2706,5740,3034,2706,0,0,0,0,0,0,0,0,0,0,0,0
C3010,23,09,0000,District - Chhatarpur  09,Urban,10,11454,6235,5219,9650,5348,4302,9650,5348,4302,0,0,0,0,0,0,0,0,0,0,0,0
C3010,23,09,0000,District - Chhatarpur  09,Urban,11,6295,3439,2856,5653,3149,2504,5653,3149,2504,0,0,0,0,0,0,0,0,0,0,0,0
C3010,23,09,0000,District - Chhatarpur  09,Urban,12,10490,5820,4670,8835,4979,3856,8835,4979,3856,0,0,0,0,0,0,0,0,0,0,0,0
C3010,23,09,0000,District - Chhatarpur  09,Urban,13,7504,3943,3561,6207,3367,2840,6207,3367,2840,0,0,0,0,0,0,0,0,0,0,0,0
C3010,23,09,0000,District - Chhatarpur  09,Urban,14,7930,4326,3604,6143,3457,2686,6143,3457,2686,0,0,0,0,0,0,0,0,0,0,0,0
C3010,23,09,0000,District - Chhatarpur  09,Urban,15-19,34968,19729,15239,20020,11859,8161,17695,10555,7140,2057,1112,945,186,132,54,75,56,19,7,4,3
C3010,23,09,0000,District - Chhatarpur  09,Urban,20-24,29608,16260,13348,6279,4142,2137,1730,1227,503,4325,2748,1577,162,122,40,49,37,12,13,8,5
C3010,23,09,0000,District - Chhatarpur  09,Urban,25-29,25726,13388,12338,559,439,120,0,0,0,452,361,91,58,49,9,34,22,12,15,7,8
C3010,23,09,0000,District - Chhatarpur  09,Urban,30-34,23330,11938,11392,96,65,31,0,0,0,69,46,23,12,8,4,3,1,2,12,10,2
C3010,23,09,0000,District - Chhatarpur  09,Urban,35-59,67025,36067,30958,116,76,40,0,0,0,52,36,16,13,9,4,6,1,5,45,30,15
C3010,23,09,0000,District - Chhatarpur  09,Urban,60+,20791,10441,10350,24,15,9,0,0,0,5,4,1,7,4,3,0,0,0,12,7,5
C3010,23,09,0000,District - Chhatarpur  09,Urban,Age not stated,208,112,96,5,2,3,0,0,0,5,2,3,0,0,0,0,0,0,0,0,0
C3010,23,10,0000,District - Panna  10,Total,All ages,856558,450549,406009,188139,110039,78100,173433,102004,71429,4735,3427,1308,344,228,116,231,181,50,9396,4199,5197
C3010,23,10,0000,District - Panna  10,Total,0-4,117405,60703,56702,1173,611,562,1173,611,562,0,0,0,0,0,0,0,0,0,0,0,0
C3010,23,10,0000,District - Panna  10,Total,5,27524,14497,13027,2738,1530,1208,2738,1530,1208,0,0,0,0,0,0,0,0,0,0,0,0
C3010,23,10,0000,District - Panna  10,Total,6,26131,13344,12787,8492,4561,3931,8492,4561,3931,0,0,0,0,0,0,0,0,0,0,0,0
C3010,23,10,0000,District - Panna  10,Total,7,19831,10265,9566,12875,6964,5911,12875,6964,5911,0,0,0,0,0,0,0,0,0,0,0,0
C3010,23,10,0000,District - Panna  10,Total,8,30257,15548,14709,21645,11765,9880,21645,11765,9880,0,0,0,0,0,0,0,0,0,0,0,0
C3010,23,10,0000,District - Panna  10,Total,9,18329,9398,8931,14961,7997,6964,14961,7997,6964,0,0,0,0,0,0,0,0,0,0,0,0
C3010,23,10,0000,District - Panna  10,Total,10,31641,16633,15008,24053,13486,10567,24053,13486,10567,0,0,0,0,0,0,0,0,0,0,0,0
C3010,23,10,0000,District - Panna  10,Total,11,14771,7948,6823,12407,7018,5389,12407,7018,5389,0,0,0,0,0,0,0,0,0,0,0,0
C3010,23,10,0000,District - Panna  10,Total,12,27670,14821,12849,20351,11768,8583,20351,11768,8583,0,0,0,0,0,0,0,0,0,0,0,0
C3010,23,10,0000,District - Panna  10,Total,13,17019,9017,8002,12191,7191,5000,12191,7191,5000,0,0,0,0,0,0,0,0,0,0,0,0
C3010,23,10,0000,District - Panna  10,Total,14,18744,10145,8599,12002,7476,4526,12002,7476,4526,0,0,0,0,0,0,0,0,0,0,0,0
C3010,23,10,0000,District - Panna  10,Total,15-19,76118,43612,32506,29429,20411,9018,27476,19236,8240,1355,864,491,101,64,37,118,92,26,379,155,224
C3010,23,10,0000,District - Panna  10,Total,20-24,69989,36190,33799,7500,5164,2336,3069,2401,668,2820,2106,714,66,49,17,57,47,10,1488,561,927
C3010,23,10,0000,District - Panna  10,Total,25-29,66367,34287,32080,2355,1182,1173,0,0,0,411,340,71,63,53,10,20,16,4,1861,773,1088
C3010,23,10,0000,District - Panna  10,Total,30-34,60352,30561,29791,1953,826,1127,0,0,0,67,58,9,25,11,14,3,2,1,1858,755,1103
C3010,23,10,0000,District - Panna  10,Total,35-59,174931,92830,82101,3756,1914,1842,0,0,0,64,49,15,67,39,28,21,16,5,3604,1810,1794
C3010,23,10,0000,District - Panna  10,Total,60+,58062,29987,28075,236,166,70,0,0,0,12,8,4,22,12,10,12,8,4,190,138,52
C3010,23,10,0000,District - Panna  10,Total,Age not stated,1417,763,654,22,9,13,0,0,0,6,2,4,0,0,0,0,0,0,16,7,9
C3010,23,10,0000,District - Panna  10,Rural,All ages,748374,393209,355165,157159,92905,64254,145196,86570,58626,2213,1870,343,237,151,86,174,141,33,9339,4173,5166
C3010,23,10,0000,District - Panna  10,Rural,0-4,105412,54349,51063,707,372,335,707,372,335,0,0,0,0,0,0,0,0,0,0,0,0
C3010,23,10,0000,District - Panna  10,Rural,5,24505,12858,11647,1776,979,797,1776,979,797,0,0,0,0,0,0,0,0,0,0,0,0
C3010,23,10,0000,District - Panna  10,Rural,6,23401,11887,11514,7152,3850,3302,7152,3850,3302,0,0,0,0,0,0,0,0,0,0,0,0
C3010,23,10,0000,District - Panna  10,Rural,7,17315,9018,8297,10854,5958,4896,10854,5958,4896,0,0,0,0,0,0,0,0,0,0,0,0
C3010,23,10,0000,District - Panna  10,Rural,8,26800,13748,13052,18758,10231,8527,18758,10231,8527,0,0,0,0,0,0,0,0,0,0,0,0
C3010,23,10,0000,District - Panna  10,Rural,9,16149,8280,7869,13006,6992,6014,13006,6992,6014,0,0,0,0,0,0,0,0,0,0,0,0
C3010,23,10,0000,District - Panna  10,Rural,10,28007,14704,13303,20979,11839,9140,20979,11839,9140,0,0,0,0,0,0,0,0,0,0,0,0
C3010,23,10,0000,District - Panna  10,Rural,11,12658,6804,5854,10487,5960,4527,10487,5960,4527,0,0,0,0,0,0,0,0,0,0,0,0
C3010,23,10,0000,District - Panna  10,Rural,12,24274,13052,11222,17483,10244,7239,17483,10244,7239,0,0,0,0,0,0,0,0,0,0,0,0
C3010,23,10,0000,District - Panna  10,Rural,13,14589,7765,6824,10153,6114,4039,10153,6114,4039,0,0,0,0,0,0,0,0,0,0,0,0
C3010,23,10,0000,District - Panna  10,Rural,14,16121,8721,7400,9905,6312,3593,9905,6312,3593,0,0,0,0,0,0,0,0,0,0,0,0
C3010,23,10,0000,District - Panna  10,Rural,15-19,64539,37191,27348,22623,16489,6134,21524,15769,5755,580,457,123,51,32,19,92,77,15,376,154,222
C3010,23,10,0000,District - Panna  10,Rural,20-24,60506,30959,29547,5293,3708,1585,2412,1950,462,1323,1144,179,39,28,11,36,28,8,1483,558,925
C3010,23,10,0000,District - Panna  10,Rural,25-29,57907,30005,27902,2124,1006,1118,0,0,0,214,189,25,43,35,8,14,13,1,1853,769,1084
C3010,23,10,0000,District - Panna  10,Rural,30-34,52349,26472,25877,1910,797,1113,0,0,0,45,39,6,24,11,13,1,1,0,1840,746,1094
C3010,23,10,0000,District - Panna  10,Rural,35-59,151299,80066,71233,3711,1892,1819,0,0,0,44,37,7,61,35,26,20,15,5,3586,1805,1781
C3010,23,10,0000,District - Panna  10,Rural,60+,51240,26629,24611,219,154,65,0,0,0,4,3,1,19,10,9,11,7,4,185,134,51
C3010,23,10,0000,District - Panna  10,Rural,Age not stated,1303,701,602,19,8,11,0,0,0,3,1,2,0,0,0,0,0,0,16,7,9
C3010,23,10,0000,District - Panna  10,Urban,All ages,108184,57340,50844,30980,17134,13846,28237,15434,12803,2522,1557,965,107,77,30,57,40,17,57,26,31
C3010,23,10,0000,District - Panna  10,Urban,0-4,11993,6354,5639,466,239,227,466,239,227,0,0,0,0,0,0,0,0,0,0,0,0
C3010,23,10,0000,District - Panna  10,Urban,5,3019,1639,1380,962,551,411,962,551,411,0,0,0,0,0,0,0,0,0,0,0,0
C3010,23,10,0000,District - Panna  10,Urban,6,2730,1457,1273,1340,711,629,1340,711,629,0,0,0,0,0,0,0,0,0,0,0,0
C3010,23,10,0000,District - Panna  10,Urban,7,2516,1247,1269,2021,1006,1015,2021,1006,1015,0,0,0,0,0,0,0,0,0,0,0,0
C3010,23,10,0000,District - Panna  10,Urban,8,3457,1800,1657,2887,1534,1353,2887,1534,1353,0,0,0,0,0,0,0,0,0,0,0,0
C3010,23,10,0000,District - Panna  10,Urban,9,2180,1118,1062,1955,1005,950,1955,1005,950,0,0,0,0,0,0,0,0,0,0,0,0
C3010,23,10,0000,District - Panna  10,Urban,10,3634,1929,1705,3074,1647,1427,3074,1647,1427,0,0,0,0,0,0,0,0,0,0,0,0
C3010,23,10,0000,District - Panna  10,Urban,11,2113,1144,969,1920,1058,862,1920,1058,862,0,0,0,0,0,0,0,0,0,0,0,0
C3010,23,10,0000,District - Panna  10,Urban,12,3396,1769,1627,2868,1524,1344,2868,1524,1344,0,0,0,0,0,0,0,0,0,0,0,0
C3010,23,10,0000,District - Panna  10,Urban,13,2430,1252,1178,2038,1077,961,2038,1077,961,0,0,0,0,0,0,0,0,0,0,0,0
C3010,23,10,0000,District - Panna  10,Urban,14,2623,1424,1199,2097,1164,933,2097,1164,933,0,0,0,0,0,0,0,0,0,0,0,0
C3010,23,10,0000,District - Panna  10,Urban,15-19,11579,6421,5158,6806,3922,2884,5952,3467,2485,775,407,368,50,32,18,26,15,11,3,1,2
C3010,23,10,0000,District - Panna  10,Urban,20-24,9483,5231,4252,2207,1456,751,657,451,206,1497,962,535,27,21,6,21,19,2,5,3,2
C3010,23,10,0000,District - Panna  10,Urban,25-29,8460,4282,4178,231,176,55,0,0,0,197,151,46,20,18,2,6,3,3,8,4,4
C3010,23,10,0000,District - Panna  10,Urban,30-34,8003,4089,3914,43,29,14,0,0,0,22,19,3,1,0,1,2,1,1,18,9,9
C3010,23,10,0000,District - Panna  10,Urban,35-59,23632,12764,10868,45,22,23,0,0,0,20,12,8,6,4,2,1,1,0,18,5,13
C3010,23,10,0000,District - Panna  10,Urban,60+,6822,3358,3464,17,12,5,0,0,0,8,5,3,3,2,1,1,1,0,5,4,1
C3010,23,10,0000,District - Panna  10,Urban,Age not stated,114,62,52,3,1,2,0,0,0,3,1,2,0,0,0,0,0,0,0,0,0
C3010,23,11,0000,District - Sagar  11,Total,All ages,2021987,1073205,948782,470159,271006,199153,442341,254081,188260,22236,14374,7862,965,627,338,616,455,161,4001,1469,2532
C3010,23,11,0000,District - Sagar  11,Total,0-4,256474,132536,123938,2458,1268,1190,2458,1268,1190,0,0,0,0,0,0,0,0,0,0,0,0
C3010,23,11,0000,District - Sagar  11,Total,5,55898,29371,26527,5082,2684,2398,5082,2684,2398,0,0,0,0,0,0,0,0,0,0,0,0
C3010,23,11,0000,District - Sagar  11,Total,6,57432,29570,27862,22185,11858,10327,22185,11858,10327,0,0,0,0,0,0,0,0,0,0,0,0
C3010,23,11,0000,District - Sagar  11,Total,7,42960,22087,20873,31567,16602,14965,31567,16602,14965,0,0,0,0,0,0,0,0,0,0,0,0
C3010,23,11,0000,District - Sagar  11,Total,8,64009,33211,30798,51411,27349,24062,51411,27349,24062,0,0,0,0,0,0,0,0,0,0,0,0
C3010,23,11,0000,District - Sagar  11,Total,9,44358,22637,21721,39374,20497,18877,39374,20497,18877,0,0,0,0,0,0,0,0,0,0,0,0
C3010,23,11,0000,District - Sagar  11,Total,10,69784,37150,32634,59149,32442,26707,59149,32442,26707,0,0,0,0,0,0,0,0,0,0,0,0
C3010,23,11,0000,District - Sagar  11,Total,11,43188,22824,20364,38403,20901,17502,38403,20901,17502,0,0,0,0,0,0,0,0,0,0,0,0
C3010,23,11,0000,District - Sagar  11,Total,12,62438,33386,29052,49262,27875,21387,49262,27875,21387,0,0,0,0,0,0,0,0,0,0,0,0
C3010,23,11,0000,District - Sagar  11,Total,13,43841,22944,20897,33031,18870,14161,33031,18870,14161,0,0,0,0,0,0,0,0,0,0,0,0
C3010,23,11,0000,District - Sagar  11,Total,14,48362,26563,21799,31813,19651,12162,31813,19651,12162,0,0,0,0,0,0,0,0,0,0,0,0
C3010,23,11,0000,District - Sagar  11,Total,15-19,196964,116777,80187,78860,52795,26065,72060,48986,23074,6093,3352,2741,284,171,113,267,198,69,156,88,68
C3010,23,11,0000,District - Sagar  11,Total,20-24,181950,98567,83383,21570,14996,6574,6546,5098,1448,14031,9372,4659,294,213,81,129,99,30,570,214,356
C3010,23,11,0000,District - Sagar  11,Total,25-29,155013,81898,73115,2654,1782,872,0,0,0,1669,1333,336,172,108,64,148,116,32,665,225,440
C3010,23,11,0000,District - Sagar  11,Total,30-34,142716,72816,69900,1171,512,659,0,0,0,246,180,66,72,48,24,25,13,12,828,271,557
C3010,23,11,0000,District - Sagar  11,Total,35-59,408485,219093,189392,1942,804,1138,0,0,0,139,104,35,96,59,37,33,20,13,1674,621,1053
C3010,23,11,0000,District - Sagar  11,Total,60+,144264,69651,74613,195,105,90,0,0,0,35,25,10,44,26,18,12,8,4,104,46,58
C3010,23,11,0000,District - Sagar  11,Total,Age not stated,3851,2124,1727,32,15,17,0,0,0,23,8,15,3,2,1,2,1,1,4,4,0
C3010,23,11,0000,District - Sagar  11,Rural,All ages,1431080,761243,669837,303328,179706,123622,293511,173623,119888,5354,4247,1107,309,213,96,239,181,58,3915,1442,2473
C3010,23,11,0000,District - Sagar  11,Rural,0-4,194104,100198,93906,1081,558,523,1081,558,523,0,0,0,0,0,0,0,0,0,0,0,0
C3010,23,11,0000,District - Sagar  11,Rural,5,42021,22093,19928,2226,1222,1004,2226,1222,1004,0,0,0,0,0,0,0,0,0,0,0,0
C3010,23,11,0000,District - Sagar  11,Rural,6,43209,22280,20929,15714,8519,7195,15714,8519,7195,0,0,0,0,0,0,0,0,0,0,0,0
C3010,23,11,0000,District - Sagar  11,Rural,7,30543,15683,14860,21231,11232,9999,21231,11232,9999,0,0,0,0,0,0,0,0,0,0,0,0
C3010,23,11,0000,District - Sagar  11,Rural,8,46975,24241,22734,36399,19408,16991,36399,19408,16991,0,0,0,0,0,0,0,0,0,0,0,0
C3010,23,11,0000,District - Sagar  11,Rural,9,32743,16769,15974,28578,14982,13596,28578,14982,13596,0,0,0,0,0,0,0,0,0,0,0,0
C3010,23,11,0000,District - Sagar  11,Rural,10,51181,27215,23966,42366,23402,18964,42366,23402,18964,0,0,0,0,0,0,0,0,0,0,0,0
C3010,23,11,0000,District - Sagar  11,Rural,11,30539,16189,14350,26665,14687,11978,26665,14687,11978,0,0,0,0,0,0,0,0,0,0,0,0
C3010,23,11,0000,District - Sagar  11,Rural,12,44566,23894,20672,33713,19524,14189,33713,19524,14189,0,0,0,0,0,0,0,0,0,0,0,0
C3010,23,11,0000,District - Sagar  11,Rural,13,30650,16259,14391,21725,13057,8668,21725,13057,8668,0,0,0,0,0,0,0,0,0,0,0,0
C3010,23,11,0000,District - Sagar  11,Rural,14,33839,18934,14905,20391,13521,6870,20391,13521,6870,0,0,0,0,0,0,0,0,0,0,0,0
C3010,23,11,0000,District - Sagar  11,Rural,15-19,132380,80948,51432,41639,31738,9901,39914,30545,9369,1378,956,422,76,49,27,120,101,19,151,87,64
C3010,23,11,0000,District - Sagar  11,Rural,20-24,124512,66800,57712,7658,6121,1537,3508,2966,542,3461,2839,622,66,54,12,62,51,11,561,211,350
C3010,23,11,0000,District - Sagar  11,Rural,25-29,107499,56977,50522,1122,621,501,0,0,0,404,359,45,39,28,11,25,13,12,654,221,433
C3010,23,11,0000,District - Sagar  11,Rural,30-34,99332,50522,48810,942,358,584,0,0,0,75,63,12,40,23,17,9,3,6,818,269,549
C3010,23,11,0000,District - Sagar  11,Rural,35-59,280097,149623,130474,1726,673,1053,0,0,0,25,22,3,52,36,16,15,7,8,1634,608,1026
C3010,23,11,0000,District - Sagar  11,Rural,60+,104065,51059,53006,144,76,68,0,0,0,8,6,2,35,22,13,8,6,2,93,42,51
C3010,23,11,0000,District - Sagar  11,Rural,Age not stated,2825,1559,1266,8,7,1,0,0,0,3,2,1,1,1,0,0,0,0,4,4,0
C3010,23,11,0000,District - Sagar  11,Urban,All ages,590907,311962,278945,166831,91300,75531,148830,80458,68372,16882,10127,6755,656,414,242,377,274,103,86,27,59
C3010,23,11,0000,District - Sagar  11,Urban,0-4,62370,32338,30032,1377,710,667,1377,710,667,0,0,0,0,0,0,0,0,0,0,0,0
C3010,23,11,0000,District - Sagar  11,Urban,5,13877,7278,6599,2856,1462,1394,2856,1462,1394,0,0,0,0,0,0,0,0,0,0,0,0
C3010,23,11,0000,District - Sagar  11,Urban,6,14223,7290,6933,6471,3339,3132,6471,3339,3132,0,0,0,0,0,0,0,0,0,0,0,0
C3010,23,11,0000,District - Sagar  11,Urban,7,12417,6404,6013,10336,5370,4966,10336,5370,4966,0,0,0,0,0,0,0,0,0,0,0,0
C3010,23,11,0000,District - Sagar  11,Urban,8,17034,8970,8064,15012,7941,7071,15012,7941,7071,0,0,0,0,0,0,0,0,0,0,0,0
C3010,23,11,0000,District - Sagar  11,Urban,9,11615,5868,5747,10796,5515,5281,10796,5515,5281,0,0,0,0,0,0,0,0,0,0,0,0
C3010,23,11,0000,District - Sagar  11,Urban,10,18603,9935,8668,16783,9040,7743,16783,9040,7743,0,0,0,0,0,0,0,0,0,0,0,0
C3010,23,11,0000,District - Sagar  11,Urban,11,12649,6635,6014,11738,6214,5524,11738,6214,5524,0,0,0,0,0,0,0,0,0,0,0,0
C3010,23,11,0000,District - Sagar  11,Urban,12,17872,9492,8380,15549,8351,7198,15549,8351,7198,0,0,0,0,0,0,0,0,0,0,0,0
C3010,23,11,0000,District - Sagar  11,Urban,13,13191,6685,6506,11306,5813,5493,11306,5813,5493,0,0,0,0,0,0,0,0,0,0,0,0
C3010,23,11,0000,District - Sagar  11,Urban,14,14523,7629,6894,11422,6130,5292,11422,6130,5292,0,0,0,0,0,0,0,0,0,0,0,0
C3010,23,11,0000,District - Sagar  11,Urban,15-19,64584,35829,28755,37221,21057,16164,32146,18441,13705,4715,2396,2319,208,122,86,147,97,50,5,1,4
C3010,23,11,0000,District - Sagar  11,Urban,20-24,57438,31767,25671,13912,8875,5037,3038,2132,906,10570,6533,4037,228,159,69,67,48,19,9,3,6
C3010,23,11,0000,District - Sagar  11,Urban,25-29,47514,24921,22593,1532,1161,371,0,0,0,1265,974,291,133,80,53,123,103,20,11,4,7
C3010,23,11,0000,District - Sagar  11,Urban,30-34,43384,22294,21090,229,154,75,0,0,0,171,117,54,32,25,7,16,10,6,10,2,8
C3010,23,11,0000,District - Sagar  11,Urban,35-59,128388,69470,58918,216,131,85,0,0,0,114,82,32,44,23,21,18,13,5,40,13,27
C3010,23,11,0000,District - Sagar  11,Urban,60+,40199,18592,21607,51,29,22,0,0,0,27,19,8,9,4,5,4,2,2,11,4,7
C3010,23,11,0000,District - Sagar  11,Urban,Age not stated,1026,565,461,24,8,16,0,0,0,20,6,14,2,1,1,2,1,1,0,0,0
C3010,23,12,0000,District - Damoh  12,Total,All ages,1083949,570229,513720,237881,138129,99752,227415,131809,95606,7049,4713,2336,388,289,99,275,210,65,2754,1108,1646
C3010,23,12,0000,District - Damoh  12,Total,0-4,136028,70217,65811,1399,731,668,1399,731,668,0,0,0,0,0,0,0,0,0,0,0,0
C3010,23,12,0000,District - Damoh  12,Total,5,29642,15622,14020,2641,1436,1205,2641,1436,1205,0,0,0,0,0,0,0,0,0,0,0,0
C3010,23,12,0000,District - Damoh  12,Total,6,30314,15442,14872,12298,6575,5723,12298,6575,5723,0,0,0,0,0,0,0,0,0,0,0,0
C3010,23,12,0000,District - Damoh  12,Total,7,22899,11605,11294,17512,9122,8390,17512,9122,8390,0,0,0,0,0,0,0,0,0,0,0,0
C3010,23,12,0000,District - Damoh  12,Total,8,35802,18529,17273,28865,15346,13519,28865,15346,13519,0,0,0,0,0,0,0,0,0,0,0,0
C3010,23,12,0000,District - Damoh  12,Total,9,23609,11887,11722,20980,10834,10146,20980,10834,10146,0,0,0,0,0,0,0,0,0,0,0,0
C3010,23,12,0000,District - Damoh  12,Total,10,38139,20096,18043,32165,17516,14649,32165,17516,14649,0,0,0,0,0,0,0,0,0,0,0,0
C3010,23,12,0000,District - Damoh  12,Total,11,21535,11560,9975,18993,10552,8441,18993,10552,8441,0,0,0,0,0,0,0,0,0,0,0,0
C3010,23,12,0000,District - Damoh  12,Total,12,33539,18225,15314,25559,14936,10623,25559,14936,10623,0,0,0,0,0,0,0,0,0,0,0,0
C3010,23,12,0000,District - Damoh  12,Total,13,22372,11942,10430,16497,9741,6756,16497,9741,6756,0,0,0,0,0,0,0,0,0,0,0,0
C3010,23,12,0000,District - Damoh  12,Total,14,24642,13629,11013,15477,9851,5626,15477,9851,5626,0,0,0,0,0,0,0,0,0,0,0,0
C3010,23,12,0000,District - Damoh  12,Total,15-19,97493,58204,39289,34480,24249,10231,32142,22891,9251,2025,1150,875,111,88,23,97,61,36,105,59,46
C3010,23,12,0000,District - Damoh  12,Total,20-24,95144,50304,44840,7939,5707,2232,2887,2278,609,4423,3093,1330,113,87,26,101,90,11,415,159,256
C3010,23,12,0000,District - Damoh  12,Total,25-29,86648,45078,41570,1050,633,417,0,0,0,423,348,75,54,43,11,47,39,8,526,203,323
C3010,23,12,0000,District - Damoh  12,Total,30-34,80550,40806,39744,685,268,417,0,0,0,76,49,27,24,15,9,9,7,2,576,197,379
C3010,23,12,0000,District - Damoh  12,Total,35-59,226344,119503,106841,1219,558,661,0,0,0,73,53,20,65,43,22,13,8,5,1068,454,614
C3010,23,12,0000,District - Damoh  12,Total,60+,77146,36435,40711,105,67,38,0,0,0,22,17,5,18,11,7,5,4,1,60,35,25
C3010,23,12,0000,District - Damoh  12,Total,Age not stated,2103,1145,958,17,7,10,0,0,0,7,3,4,3,2,1,3,1,2,4,1,3
C3010,23,12,0000,District - Damoh  12,Rural,All ages,879598,462648,416950,181178,107085,74093,175663,103759,71904,2519,2048,471,168,110,58,124,84,40,2704,1084,1620
C3010,23,12,0000,District - Damoh  12,Rural,0-4,115250,59414,55836,830,437,393,830,437,393,0,0,0,0,0,0,0,0,0,0,0,0
C3010,23,12,0000,District - Damoh  12,Rural,5,24962,13121,11841,1600,863,737,1600,863,737,0,0,0,0,0,0,0,0,0,0,0,0
C3010,23,12,0000,District - Damoh  12,Rural,6,25421,12959,12462,10013,5410,4603,10013,5410,4603,0,0,0,0,0,0,0,0,0,0,0,0
C3010,23,12,0000,District - Damoh  12,Rural,7,18701,9523,9178,13989,7376,6613,13989,7376,6613,0,0,0,0,0,0,0,0,0,0,0,0
C3010,23,12,0000,District - Damoh  12,Rural,8,29708,15341,14367,23416,12469,10947,23416,12469,10947,0,0,0,0,0,0,0,0,0,0,0,0
C3010,23,12,0000,District - Damoh  12,Rural,9,19907,10028,9879,17543,9110,8433,17543,9110,8433,0,0,0,0,0,0,0,0,0,0,0,0
C3010,23,12,0000,District - Damoh  12,Rural,10,31529,16566,14963,26239,14308,11931,26239,14308,11931,0,0,0,0,0,0,0,0,0,0,0,0
C3010,23,12,0000,District - Damoh  12,Rural,11,17408,9396,8012,15157,8534,6623,15157,8534,6623,0,0,0,0,0,0,0,0,0,0,0,0
C3010,23,12,0000,District - Damoh  12,Rural,12,27088,14818,12270,19982,11965,8017,19982,11965,8017,0,0,0,0,0,0,0,0,0,0,0,0
C3010,23,12,0000,District - Damoh  12,Rural,13,17678,9551,8127,12462,7641,4821,12462,7641,4821,0,0,0,0,0,0,0,0,0,0,0,0
C3010,23,12,0000,District - Damoh  12,Rural,14,19414,10908,8506,11446,7691,3755,11446,7691,3755,0,0,0,0,0,0,0,0,0,0,0,0
C3010,23,12,0000,District - Damoh  12,Rural,15-19,74968,45527,29441,21895,16943,4952,21038,16332,4706,666,492,174,33,24,9,60,39,21,98,56,42
C3010,23,12,0000,District - Damoh  12,Rural,20-24,75647,39455,36192,4059,3191,868,1948,1623,325,1635,1364,271,40,29,11,30,23,7,406,152,254
C3010,23,12,0000,District - Damoh  12,Rural,25-29,70504,36708,33796,713,366,347,0,0,0,157,142,15,18,13,5,18,12,6,520,199,321
C3010,23,12,0000,District - Damoh  12,Rural,30-34,65530,33134,32396,619,228,391,0,0,0,25,19,6,19,11,8,4,3,1,571,195,376
C3010,23,12,0000,District - Damoh  12,Rural,35-59,181477,95453,86024,1131,505,626,0,0,0,30,27,3,45,26,19,8,5,3,1048,447,601
C3010,23,12,0000,District - Damoh  12,Rural,60+,62774,29842,32932,73,44,29,0,0,0,4,3,1,11,6,5,1,1,0,57,34,23
C3010,23,12,0000,District - Damoh  12,Rural,Age not stated,1632,904,728,11,4,7,0,0,0,2,1,1,2,1,1,3,1,2,4,1,3
C3010,23,12,0000,District - Damoh  12,Urban,All ages,204351,107581,96770,56703,31044,25659,51752,28050,23702,4530,2665,1865,220,179,41,151,126,25,50,24,26
C3010,23,12,0000,District - Damoh  12,Urban,0-4,20778,10803,9975,569,294,275,569,294,275,0,0,0,0,0,0,0,0,0,0,0,0
C3010,23,12,0000,District - Damoh  12,Urban,5,4680,2501,2179,1041,573,468,1041,573,468,0,0,0,0,0,0,0,0,0,0,0,0
C3010,23,12,0000,District - Damoh  12,Urban,6,4893,2483,2410,2285,1165,1120,2285,1165,1120,0,0,0,0,0,0,0,0,0,0,0,0
C3010,23,12,0000,District - Damoh  12,Urban,7,4198,2082,2116,3523,1746,1777,3523,1746,1777,0,0,0,0,0,0,0,0,0,0,0,0
C3010,23,12,0000,District - Damoh  12,Urban,8,6094,3188,2906,5449,2877,2572,5449,2877,2572,0,0,0,0,0,0,0,0,0,0,0,0
C3010,23,12,0000,District - Damoh  12,Urban,9,3702,1859,1843,3437,1724,1713,3437,1724,1713,0,0,0,0,0,0,0,0,0,0,0,0
C3010,23,12,0000,District - Damoh  12,Urban,10,6610,3530,3080,5926,3208,2718,5926,3208,2718,0,0,0,0,0,0,0,0,0,0,0,0
C3010,23,12,0000,District - Damoh  12,Urban,11,4127,2164,1963,3836,2018,1818,3836,2018,1818,0,0,0,0,0,0,0,0,0,0,0,0
C3010,23,12,0000,District - Damoh  12,Urban,12,6451,3407,3044,5577,2971,2606,5577,2971,2606,0,0,0,0,0,0,0,0,0,0,0,0
C3010,23,12,0000,District - Damoh  12,Urban,13,4694,2391,2303,4035,2100,1935,4035,2100,1935,0,0,0,0,0,0,0,0,0,0,0,0
C3010,23,12,0000,District - Damoh  12,Urban,14,5228,2721,2507,4031,2160,1871,4031,2160,1871,0,0,0,0,0,0,0,0,0,0,0,0
C3010,23,12,0000,District - Damoh  12,Urban,15-19,22525,12677,9848,12585,7306,5279,11104,6559,4545,1359,658,701,78,64,14,37,22,15,7,3,4
C3010,23,12,0000,District - Damoh  12,Urban,20-24,19497,10849,8648,3880,2516,1364,939,655,284,2788,1729,1059,73,58,15,71,67,4,9,7,2
C3010,23,12,0000,District - Damoh  12,Urban,25-29,16144,8370,7774,337,267,70,0,0,0,266,206,60,36,30,6,29,27,2,6,4,2
C3010,23,12,0000,District - Damoh  12,Urban,30-34,15020,7672,7348,66,40,26,0,0,0,51,30,21,5,4,1,5,4,1,5,2,3
C3010,23,12,0000,District - Damoh  12,Urban,35-59,44867,24050,20817,88,53,35,0,0,0,43,26,17,20,17,3,5,3,2,20,7,13
C3010,23,12,0000,District - Damoh  12,Urban,60+,14372,6593,7779,32,23,9,0,0,0,18,14,4,7,5,2,4,3,1,3,1,2
C3010,23,12,0000,District - Damoh  12,Urban,Age not stated,471,241,230,6,3,3,0,0,0,5,2,3,1,1,0,0,0,0,0,0,0
C3010,23,13,0000,District - Satna  13,Total,All ages,1870104,971396,898708,479829,275821,204008,451525,257656,193869,19081,14282,4799,1118,836,282,593,402,191,7512,2645,4867
C3010,23,13,0000,District - Satna  13,Total,0-4,238135,122816,115319,2695,1476,1219,2695,1476,1219,0,0,0,0,0,0,0,0,0,0,0,0
C3010,23,13,0000,District - Satna  13,Total,5,57563,30461,27102,6430,3514,2916,6430,3514,2916,0,0,0,0,0,0,0,0,0,0,0,0
C3010,23,13,0000,District - Satna  13,Total,6,50115,25825,24290,19309,10343,8966,19309,10343,8966,0,0,0,0,0,0,0,0,0,0,0,0
C3010,23,13,0000,District - Satna  13,Total,7,40758,20814,19944,30238,15937,14301,30238,15937,14301,0,0,0,0,0,0,0,0,0,0,0,0
C3010,23,13,0000,District - Satna  13,Total,8,58391,30096,28295,48170,25537,22633,48170,25537,22633,0,0,0,0,0,0,0,0,0,0,0,0
C3010,23,13,0000,District - Satna  13,Total,9,44798,22800,21998,40213,20918,19295,40213,20918,19295,0,0,0,0,0,0,0,0,0,0,0,0
C3010,23,13,0000,District - Satna  13,Total,10,66369,34880,31489,57476,31161,26315,57476,31161,26315,0,0,0,0,0,0,0,0,0,0,0,0
C3010,23,13,0000,District - Satna  13,Total,11,38824,20604,18220,35460,19296,16164,35460,19296,16164,0,0,0,0,0,0,0,0,0,0,0,0
C3010,23,13,0000,District - Satna  13,Total,12,58087,30762,27325,48562,27106,21456,48562,27106,21456,0,0,0,0,0,0,0,0,0,0,0,0
C3010,23,13,0000,District - Satna  13,Total,13,42675,22101,20574,35256,19500,15756,35256,19500,15756,0,0,0,0,0,0,0,0,0,0,0,0
C3010,23,13,0000,District - Satna  13,Total,14,44176,23495,20681,33492,19608,13884,33492,19608,13884,0,0,0,0,0,0,0,0,0,0,0,0
C3010,23,13,0000,District - Satna  13,Total,15-19,175534,97090,78444,90755,59882,30873,84509,55845,28664,5348,3518,1830,375,278,97,246,150,96,277,91,186
C3010,23,13,0000,District - Satna  13,Total,20-24,152992,77994,74998,22774,16977,5797,9715,7415,2300,11503,8891,2612,338,271,67,155,111,44,1063,289,774
C3010,23,13,0000,District - Satna  13,Total,25-29,143756,72414,71342,3314,2039,1275,0,0,0,1611,1370,241,193,162,31,92,66,26,1418,441,977
C3010,23,13,0000,District - Satna  13,Total,30-34,133749,66271,67478,1965,832,1133,0,0,0,318,255,63,62,46,16,33,23,10,1552,508,1044
C3010,23,13,0000,District - Satna  13,Total,35-59,382230,200124,182106,3413,1505,1908,0,0,0,214,179,35,118,70,48,49,39,10,3032,1217,1815
C3010,23,13,0000,District - Satna  13,Total,60+,137835,70578,67257,256,153,103,0,0,0,46,36,10,30,7,23,17,12,5,163,98,65
C3010,23,13,0000,District - Satna  13,Total,Age not stated,4117,2271,1846,51,37,14,0,0,0,41,33,8,2,2,0,1,1,0,7,1,6
C3010,23,13,0000,District - Satna  13,Rural,All ages,1484551,766510,718041,368811,213664,155147,350793,202238,148555,9668,8104,1564,568,427,141,391,293,98,7391,2602,4789
C3010,23,13,0000,District - Satna  13,Rural,0-4,196694,101285,95409,1526,819,707,1526,819,707,0,0,0,0,0,0,0,0,0,0,0,0
C3010,23,13,0000,District - Satna  13,Rural,5,46914,24809,22105,3779,2070,1709,3779,2070,1709,0,0,0,0,0,0,0,0,0,0,0,0
C3010,23,13,0000,District - Satna  13,Rural,6,40887,20967,19920,14992,8033,6959,14992,8033,6959,0,0,0,0,0,0,0,0,0,0,0,0
C3010,23,13,0000,District - Satna  13,Rural,7,32071,16294,15777,23100,12176,10924,23100,12176,10924,0,0,0,0,0,0,0,0,0,0,0,0
C3010,23,13,0000,District - Satna  13,Rural,8,46573,23945,22628,37771,20062,17709,37771,20062,17709,0,0,0,0,0,0,0,0,0,0,0,0
C3010,23,13,0000,District - Satna  13,Rural,9,36518,18504,18014,32541,16927,15614,32541,16927,15614,0,0,0,0,0,0,0,0,0,0,0,0
C3010,23,13,0000,District - Satna  13,Rural,10,53478,27927,25551,46021,24903,21118,46021,24903,21118,0,0,0,0,0,0,0,0,0,0,0,0
C3010,23,13,0000,District - Satna  13,Rural,11,31092,16517,14575,28324,15493,12831,28324,15493,12831,0,0,0,0,0,0,0,0,0,0,0,0
C3010,23,13,0000,District - Satna  13,Rural,12,46291,24404,21887,38282,21468,16814,38282,21468,16814,0,0,0,0,0,0,0,0,0,0,0,0
C3010,23,13,0000,District - Satna  13,Rural,13,33723,17407,16316,27563,15386,12177,27563,15386,12177,0,0,0,0,0,0,0,0,0,0,0,0
C3010,23,13,0000,District - Satna  13,Rural,14,34829,18567,16262,25948,15511,10437,25948,15511,10437,0,0,0,0,0,0,0,0,0,0,0,0
C3010,23,13,0000,District - Satna  13,Rural,15-19,134939,74598,60341,66061,45450,20611,63079,43274,19805,2393,1841,552,161,135,26,153,109,44,275,91,184
C3010,23,13,0000,District - Satna  13,Rural,20-24,118920,59376,59544,15050,11641,3409,7867,6116,1751,5894,5043,851,145,120,25,95,79,16,1049,283,766
C3010,23,13,0000,District - Satna  13,Rural,25-29,112854,56541,56313,2546,1445,1101,0,0,0,1001,891,110,92,78,14,56,40,16,1397,436,961
C3010,23,13,0000,District - Satna  13,Rural,30-34,104722,51326,53396,1810,727,1083,0,0,0,214,178,36,39,28,11,30,21,9,1527,500,1027
C3010,23,13,0000,District - Satna  13,Rural,35-59,296341,153499,142842,3245,1397,1848,0,0,0,120,108,12,104,60,44,41,33,8,2980,1196,1784
C3010,23,13,0000,District - Satna  13,Rural,60+,114230,58645,55585,222,134,88,0,0,0,26,25,1,25,4,21,15,10,5,156,95,61
C3010,23,13,0000,District - Satna  13,Rural,Age not stated,3475,1899,1576,30,22,8,0,0,0,20,18,2,2,2,0,1,1,0,7,1,6
C3010,23,13,0000,District - Satna  13,Urban,All ages,385553,204886,180667,111018,62157,48861,100732,55418,45314,9413,6178,3235,550,409,141,202,109,93,121,43,78
C3010,23,13,0000,District - Satna  13,Urban,0-4,41441,21531,19910,1169,657,512,1169,657,512,0,0,0,0,0,0,0,0,0,0,0,0
C3010,23,13,0000,District - Satna  13,Urban,5,10649,5652,4997,2651,1444,1207,2651,1444,1207,0,0,0,0,0,0,0,0,0,0,0,0
C3010,23,13,0000,District - Satna  13,Urban,6,9228,4858,4370,4317,2310,2007,4317,2310,2007,0,0,0,0,0,0,0,0,0,0,0,0
C3010,23,13,0000,District - Satna  13,Urban,7,8687,4520,4167,7138,3761,3377,7138,3761,3377,0,0,0,0,0,0,0,0,0,0,0,0
C3010,23,13,0000,District - Satna  13,Urban,8,11818,6151,5667,10399,5475,4924,10399,5475,4924,0,0,0,0,0,0,0,0,0,0,0,0
C3010,23,13,0000,District - Satna  13,Urban,9,8280,4296,3984,7672,3991,3681,7672,3991,3681,0,0,0,0,0,0,0,0,0,0,0,0
C3010,23,13,0000,District - Satna  13,Urban,10,12891,6953,5938,11455,6258,5197,11455,6258,5197,0,0,0,0,0,0,0,0,0,0,0,0
C3010,23,13,0000,District - Satna  13,Urban,11,7732,4087,3645,7136,3803,3333,7136,3803,3333,0,0,0,0,0,0,0,0,0,0,0,0
C3010,23,13,0000,District - Satna  13,Urban,12,11796,6358,5438,10280,5638,4642,10280,5638,4642,0,0,0,0,0,0,0,0,0,0,0,0
C3010,23,13,0000,District - Satna  13,Urban,13,8952,4694,4258,7693,4114,3579,7693,4114,3579,0,0,0,0,0,0,0,0,0,0,0,0
C3010,23,13,0000,District - Satna  13,Urban,14,9347,4928,4419,7544,4097,3447,7544,4097,3447,0,0,0,0,0,0,0,0,0,0,0,0
C3010,23,13,0000,District - Satna  13,Urban,15-19,40595,22492,18103,24694,14432,10262,21430,12571,8859,2955,1677,1278,214,143,71,93,41,52,2,0,2
C3010,23,13,0000,District - Satna  13,Urban,20-24,34072,18618,15454,7724,5336,2388,1848,1299,549,5609,3848,1761,193,151,42,60,32,28,14,6,8
C3010,23,13,0000,District - Satna  13,Urban,25-29,30902,15873,15029,768,594,174,0,0,0,610,479,131,101,84,17,36,26,10,21,5,16
C3010,23,13,0000,District - Satna  13,Urban,30-34,29027,14945,14082,155,105,50,0,0,0,104,77,27,23,18,5,3,2,1,25,8,17
C3010,23,13,0000,District - Satna  13,Urban,35-59,85889,46625,39264,168,108,60,0,0,0,94,71,23,14,10,4,8,6,2,52,21,31
C3010,23,13,0000,District - Satna  13,Urban,60+,23605,11933,11672,34,19,15,0,0,0,20,11,9,5,3,2,2,2,0,7,3,4
C3010,23,13,0000,District - Satna  13,Urban,Age not stated,642,372,270,21,15,6,0,0,0,21,15,6,0,0,0,0,0,0,0,0,0
C3010,23,14,0000,District - Rewa  14,Total,All ages,1973306,1016687,956619,539424,315105,224319,505591,290082,215509,29999,22719,7280,1809,1386,423,456,311,145,1569,607,962
C3010,23,14,0000,District - Rewa  14,Total,0-4,254674,131590,123084,2659,1421,1238,2659,1421,1238,0,0,0,0,0,0,0,0,0,0,0,0
C3010,23,14,0000,District - Rewa  14,Total,5,61563,33014,28549,5982,3374,2608,5982,3374,2608,0,0,0,0,0,0,0,0,0,0,0,0
C3010,23,14,0000,District - Rewa  14,Total,6,58400,29879,28521,20697,11096,9601,20697,11096,9601,0,0,0,0,0,0,0,0,0,0,0,0
C3010,23,14,0000,District - Rewa  14,Total,7,41934,21320,20614,29896,15812,14084,29896,15812,14084,0,0,0,0,0,0,0,0,0,0,0,0
C3010,23,14,0000,District - Rewa  14,Total,8,65720,33742,31978,52432,28012,24420,52432,28012,24420,0,0,0,0,0,0,0,0,0,0,0,0
C3010,23,14,0000,District - Rewa  14,Total,9,46362,23493,22869,41166,21498,19668,41166,21498,19668,0,0,0,0,0,0,0,0,0,0,0,0
C3010,23,14,0000,District - Rewa  14,Total,10,75612,39441,36171,64802,35428,29374,64802,35428,29374,0,0,0,0,0,0,0,0,0,0,0,0
C3010,23,14,0000,District - Rewa  14,Total,11,40962,22100,18862,37765,20961,16804,37765,20961,16804,0,0,0,0,0,0,0,0,0,0,0,0
C3010,23,14,0000,District - Rewa  14,Total,12,63599,33638,29961,53441,30139,23302,53441,30139,23302,0,0,0,0,0,0,0,0,0,0,0,0
C3010,23,14,0000,District - Rewa  14,Total,13,44446,23293,21153,37992,21278,16714,37992,21278,16714,0,0,0,0,0,0,0,0,0,0,0,0
C3010,23,14,0000,District - Rewa  14,Total,14,48450,25676,22774,38793,22502,16291,38793,22502,16291,0,0,0,0,0,0,0,0,0,0,0,0
C3010,23,14,0000,District - Rewa  14,Total,15-19,189536,104694,84842,113704,73899,39805,105697,68447,37250,7372,5032,2340,411,295,116,166,105,61,58,20,38
C3010,23,14,0000,District - Rewa  14,Total,20-24,164231,82574,81657,33218,24680,8538,14269,10114,4155,17905,13853,4052,741,579,162,98,68,30,205,66,139
C3010,23,14,0000,District - Rewa  14,Total,25-29,143021,71371,71650,4254,3338,916,0,0,0,3470,2844,626,423,354,69,94,70,24,267,70,197
C3010,23,14,0000,District - Rewa  14,Total,30-34,128024,61683,66341,1138,751,387,0,0,0,699,548,151,94,69,25,37,25,12,308,109,199
C3010,23,14,0000,District - Rewa  14,Total,35-59,384642,195473,189169,1259,752,507,0,0,0,458,363,95,108,72,36,46,34,12,647,283,364
C3010,23,14,0000,District - Rewa  14,Total,60+,159128,82007,77121,205,150,55,0,0,0,76,66,10,32,17,15,14,8,6,83,59,24
C3010,23,14,0000,District - Rewa  14,Total,Age not stated,3002,1699,1303,21,14,7,0,0,0,19,13,6,0,0,0,1,1,0,1,0,1
C3010,23,14,0000,District - Rewa  14,Rural,All ages,1652743,845993,806750,438411,256685,181726,417800,240682,177118,18106,14664,3442,744,590,154,262,173,89,1499,576,923
C3010,23,14,0000,District - Rewa  14,Rural,0-4,221368,114273,107095,1692,909,783,1692,909,783,0,0,0,0,0,0,0,0,0,0,0,0
C3010,23,14,0000,District - Rewa  14,Rural,5,52923,28272,24651,4129,2276,1853,4129,2276,1853,0,0,0,0,0,0,0,0,0,0,0,0
C3010,23,14,0000,District - Rewa  14,Rural,6,50599,25820,24779,17350,9319,8031,17350,9319,8031,0,0,0,0,0,0,0,0,0,0,0,0
C3010,23,14,0000,District - Rewa  14,Rural,7,35030,17696,17334,24445,12893,11552,24445,12893,11552,0,0,0,0,0,0,0,0,0,0,0,0
C3010,23,14,0000,District - Rewa  14,Rural,8,55846,28610,27236,44057,23573,20484,44057,23573,20484,0,0,0,0,0,0,0,0,0,0,0,0
C3010,23,14,0000,District - Rewa  14,Rural,9,39669,19991,19678,35088,18253,16835,35088,18253,16835,0,0,0,0,0,0,0,0,0,0,0,0
C3010,23,14,0000,District - Rewa  14,Rural,10,64310,33395,30915,54960,30011,24949,54960,30011,24949,0,0,0,0,0,0,0,0,0,0,0,0
C3010,23,14,0000,District - Rewa  14,Rural,11,34427,18504,15923,31725,17603,14122,31725,17603,14122,0,0,0,0,0,0,0,0,0,0,0,0
C3010,23,14,0000,District - Rewa  14,Rural,12,53590,28214,25376,44679,25258,19421,44679,25258,19421,0,0,0,0,0,0,0,0,0,0,0,0
C3010,23,14,0000,District - Rewa  14,Rural,13,36917,19269,17648,31301,17632,13669,31301,17632,13669,0,0,0,0,0,0,0,0,0,0,0,0
C3010,23,14,0000,District - Rewa  14,Rural,14,40452,21275,19177,32058,18663,13395,32058,18663,13395,0,0,0,0,0,0,0,0,0,0,0,0
C3010,23,14,0000,District - Rewa  14,Rural,15-19,153815,84495,69320,89059,59201,29858,84336,55728,28608,4371,3239,1132,199,158,41,101,58,43,52,18,34
C3010,23,14,0000,District - Rewa  14,Rural,20-24,134484,66162,68322,23288,17849,5439,11980,8564,3416,10798,8958,1840,265,229,36,54,41,13,191,57,134
C3010,23,14,0000,District - Rewa  14,Rural,25-29,117996,58254,59742,2604,2036,568,0,0,0,2158,1809,349,138,122,16,49,38,11,259,67,192
C3010,23,14,0000,District - Rewa  14,Rural,30-34,104928,50148,54780,822,528,294,0,0,0,457,381,76,43,26,17,25,15,10,297,106,191
C3010,23,14,0000,District - Rewa  14,Rural,35-59,315888,158724,157164,988,564,424,0,0,0,271,233,38,75,43,32,21,15,6,621,273,348
C3010,23,14,0000,District - Rewa  14,Rural,60+,138218,71647,66571,154,109,45,0,0,0,41,37,4,24,12,12,11,5,6,78,55,23
C3010,23,14,0000,District - Rewa  14,Rural,Age not stated,2283,1244,1039,12,8,4,0,0,0,10,7,3,0,0,0,1,1,0,1,0,1
C3010,23,14,0000,District - Rewa  14,Urban,All ages,320563,170694,149869,101013,58420,42593,87791,49400,38391,11893,8055,3838,1065,796,269,194,138,56,70,31,39
C3010,23,14,0000,District - Rewa  14,Urban,0-4,33306,17317,15989,967,512,455,967,512,455,0,0,0,0,0,0,0,0,0,0,0,0
C3010,23,14,0000,District - Rewa  14,Urban,5,8640,4742,3898,1853,1098,755,1853,1098,755,0,0,0,0,0,0,0,0,0,0,0,0
C3010,23,14,0000,District - Rewa  14,Urban,6,7801,4059,3742,3347,1777,1570,3347,1777,1570,0,0,0,0,0,0,0,0,0,0,0,0
C3010,23,14,0000,District - Rewa  14,Urban,7,6904,3624,3280,5451,2919,2532,5451,2919,2532,0,0,0,0,0,0,0,0,0,0,0,0
C3010,23,14,0000,District - Rewa  14,Urban,8,9874,5132,4742,8375,4439,3936,8375,4439,3936,0,0,0,0,0,0,0,0,0,0,0,0
C3010,23,14,0000,District - Rewa  14,Urban,9,6693,3502,3191,6078,3245,2833,6078,3245,2833,0,0,0,0,0,0,0,0,0,0,0,0
C3010,23,14,0000,District - Rewa  14,Urban,10,11302,6046,5256,9842,5417,4425,9842,5417,4425,0,0,0,0,0,0,0,0,0,0,0,0
C3010,23,14,0000,District - Rewa  14,Urban,11,6535,3596,2939,6040,3358,2682,6040,3358,2682,0,0,0,0,0,0,0,0,0,0,0,0
C3010,23,14,0000,District - Rewa  14,Urban,12,10009,5424,4585,8762,4881,3881,8762,4881,3881,0,0,0,0,0,0,0,0,0,0,0,0
C3010,23,14,0000,District - Rewa  14,Urban,13,7529,4024,3505,6691,3646,3045,6691,3646,3045,0,0,0,0,0,0,0,0,0,0,0,0
C3010,23,14,0000,District - Rewa  14,Urban,14,7998,4401,3597,6735,3839,2896,6735,3839,2896,0,0,0,0,0,0,0,0,0,0,0,0
C3010,23,14,0000,District - Rewa  14,Urban,15-19,35721,20199,15522,24645,14698,9947,21361,12719,8642,3001,1793,1208,212,137,75,65,47,18,6,2,4
C3010,23,14,0000,District - Rewa  14,Urban,20-24,29747,16412,13335,9930,6831,3099,2289,1550,739,7107,4895,2212,476,350,126,44,27,17,14,9,5
C3010,23,14,0000,District - Rewa  14,Urban,25-29,25025,13117,11908,1650,1302,348,0,0,0,1312,1035,277,285,232,53,45,32,13,8,3,5
C3010,23,14,0000,District - Rewa  14,Urban,30-34,23096,11535,11561,316,223,93,0,0,0,242,167,75,51,43,8,12,10,2,11,3,8
C3010,23,14,0000,District - Rewa  14,Urban,35-59,68754,36749,32005,271,188,83,0,0,0,187,130,57,33,29,4,25,19,6,26,10,16
C3010,23,14,0000,District - Rewa  14,Urban,60+,20910,10360,10550,51,41,10,0,0,0,35,29,6,8,5,3,3,3,0,5,4,1
C3010,23,14,0000,District - Rewa  14,Urban,Age not stated,719,455,264,9,6,3,0,0,0,9,6,3,0,0,0,0,0,0,0,0,0
C3010,23,15,0000,District - Umaria *  15,Total,All ages,515963,265128,250835,121229,68276,52953,109270,62871,46399,2949,2152,797,207,147,60,144,100,44,8659,3006,5653
C3010,23,15,0000,District - Umaria *  15,Total,0-4,67146,34192,32954,764,403,361,764,403,361,0,0,0,0,0,0,0,0,0,0,0,0
C3010,23,15,0000,District - Umaria *  15,Total,5,16138,8424,7714,1251,701,550,1251,701,550,0,0,0,0,0,0,0,0,0,0,0,0
C3010,23,15,0000,District - Umaria *  15,Total,6,14445,7267,7178,5973,3178,2795,5973,3178,2795,0,0,0,0,0,0,0,0,0,0,0,0
C3010,23,15,0000,District - Umaria *  15,Total,7,10466,5213,5253,7356,3840,3516,7356,3840,3516,0,0,0,0,0,0,0,0,0,0,0,0
C3010,23,15,0000,District - Umaria *  15,Total,8,14648,7467,7181,11164,5935,5229,11164,5935,5229,0,0,0,0,0,0,0,0,0,0,0,0
C3010,23,15,0000,District - Umaria *  15,Total,9,12094,6075,6019,10262,5378,4884,10262,5378,4884,0,0,0,0,0,0,0,0,0,0,0,0
C3010,23,15,0000,District - Umaria *  15,Total,10,17706,9142,8564,14279,7769,6510,14279,7769,6510,0,0,0,0,0,0,0,0,0,0,0,0
C3010,23,15,0000,District - Umaria *  15,Total,11,10360,5460,4900,8897,4876,4021,8897,4876,4021,0,0,0,0,0,0,0,0,0,0,0,0
C3010,23,15,0000,District - Umaria *  15,Total,12,16292,8521,7771,12004,6884,5120,12004,6884,5120,0,0,0,0,0,0,0,0,0,0,0,0
C3010,23,15,0000,District - Umaria *  15,Total,13,11428,5899,5529,8325,4747,3578,8325,4747,3578,0,0,0,0,0,0,0,0,0,0,0,0
C3010,23,15,0000,District - Umaria *  15,Total,14,12334,6586,5748,8252,4985,3267,8252,4985,3267,0,0,0,0,0,0,0,0,0,0,0,0
C3010,23,15,0000,District - Umaria *  15,Total,15-19,48052,25707,22345,19999,13269,6730,18677,12586,6091,866,503,363,50,39,11,61,39,22,345,102,243
C3010,23,15,0000,District - Umaria *  15,Total,20-24,42049,20880,21169,5421,3493,1928,2066,1589,477,1774,1379,395,74,63,11,35,28,7,1472,434,1038
C3010,23,15,0000,District - Umaria *  15,Total,25-29,40856,20634,20222,2104,775,1329,0,0,0,225,201,24,36,21,15,16,12,4,1827,541,1286
C3010,23,15,0000,District - Umaria *  15,Total,30-34,38202,18700,19502,1901,631,1270,0,0,0,44,36,8,8,5,3,15,9,6,1834,581,1253
C3010,23,15,0000,District - Umaria *  15,Total,35-59,109093,57687,51406,3143,1338,1805,0,0,0,31,27,4,34,17,17,12,8,4,3066,1286,1780
C3010,23,15,0000,District - Umaria *  15,Total,60+,33850,16809,17041,126,71,55,0,0,0,3,3,0,5,2,3,5,4,1,113,62,51
C3010,23,15,0000,District - Umaria *  15,Total,Age not stated,804,465,339,8,3,5,0,0,0,6,3,3,0,0,0,0,0,0,2,0,2
C3010,23,15,0000,District - Umaria *  15,Rural,All ages,432830,221749,211081,99089,56009,43080,88599,51553,37046,1589,1278,311,142,99,43,111,76,35,8648,3003,5645
C3010,23,15,0000,District - Umaria *  15,Rural,0-4,58368,29713,28655,496,258,238,496,258,238,0,0,0,0,0,0,0,0,0,0,0,0
C3010,23,15,0000,District - Umaria *  15,Rural,5,14036,7271,6765,792,444,348,792,444,348,0,0,0,0,0,0,0,0,0,0,0,0
C3010,23,15,0000,District - Umaria *  15,Rural,6,12450,6254,6196,4986,2657,2329,4986,2657,2329,0,0,0,0,0,0,0,0,0,0,0,0
C3010,23,15,0000,District - Umaria *  15,Rural,7,8743,4357,4386,6023,3174,2849,6023,3174,2849,0,0,0,0,0,0,0,0,0,0,0,0
C3010,23,15,0000,District - Umaria *  15,Rural,8,12263,6262,6001,9174,4923,4251,9174,4923,4251,0,0,0,0,0,0,0,0,0,0,0,0
C3010,23,15,0000,District - Umaria *  15,Rural,9,10428,5221,5207,8802,4610,4192,8802,4610,4192,0,0,0,0,0,0,0,0,0,0,0,0
C3010,23,15,0000,District - Umaria *  15,Rural,10,14957,7708,7249,11958,6531,5427,11958,6531,5427,0,0,0,0,0,0,0,0,0,0,0,0
C3010,23,15,0000,District - Umaria *  15,Rural,11,8746,4610,4136,7460,4109,3351,7460,4109,3351,0,0,0,0,0,0,0,0,0,0,0,0
C3010,23,15,0000,District - Umaria *  15,Rural,12,13715,7188,6527,9921,5750,4171,9921,5750,4171,0,0,0,0,0,0,0,0,0,0,0,0
C3010,23,15,0000,District - Umaria *  15,Rural,13,9476,4951,4525,6723,3929,2794,6723,3929,2794,0,0,0,0,0,0,0,0,0,0,0,0
C3010,23,15,0000,District - Umaria *  15,Rural,14,10186,5519,4667,6608,4127,2481,6608,4127,2481,0,0,0,0,0,0,0,0,0,0,0,0
C3010,23,15,0000,District - Umaria *  15,Rural,15-19,38727,20591,18136,14812,10159,4653,13990,9731,4259,408,279,129,24,18,6,45,29,16,345,102,243
C3010,23,15,0000,District - Umaria *  15,Rural,20-24,34737,16939,17798,4178,2612,1566,1666,1310,356,972,812,160,46,40,6,23,17,6,1471,433,1038
C3010,23,15,0000,District - Umaria *  15,Rural,25-29,34009,17164,16845,2013,703,1310,0,0,0,145,134,11,31,19,12,12,9,3,1825,541,1284
C3010,23,15,0000,District - Umaria *  15,Rural,30-34,31741,15446,16295,1892,625,1267,0,0,0,37,31,6,7,4,3,15,9,6,1833,581,1252
C3010,23,15,0000,District - Umaria *  15,Rural,35-59,90483,47621,42862,3124,1329,1795,0,0,0,24,21,3,30,16,14,11,8,3,3059,1284,1775
C3010,23,15,0000,District - Umaria *  15,Rural,60+,29116,14565,14551,123,69,54,0,0,0,1,1,0,4,2,2,5,4,1,113,62,51
C3010,23,15,0000,District - Umaria *  15,Rural,Age not stated,649,369,280,4,0,4,0,0,0,2,0,2,0,0,0,0,0,0,2,0,2
C3010,23,15,0000,District - Umaria *  15,Urban,All ages,83133,43379,39754,22140,12267,9873,20671,11318,9353,1360,874,486,65,48,17,33,24,9,11,3,8
C3010,23,15,0000,District - Umaria *  15,Urban,0-4,8778,4479,4299,268,145,123,268,145,123,0,0,0,0,0,0,0,0,0,0,0,0
C3010,23,15,0000,District - Umaria *  15,Urban,5,2102,1153,949,459,257,202,459,257,202,0,0,0,0,0,0,0,0,0,0,0,0
C3010,23,15,0000,District - Umaria *  15,Urban,6,1995,1013,982,987,521,466,987,521,466,0,0,0,0,0,0,0,0,0,0,0,0
C3010,23,15,0000,District - Umaria *  15,Urban,7,1723,856,867,1333,666,667,1333,666,667,0,0,0,0,0,0,0,0,0,0,0,0
C3010,23,15,0000,District - Umaria *  15,Urban,8,2385,1205,1180,1990,1012,978,1990,1012,978,0,0,0,0,0,0,0,0,0,0,0,0
C3010,23,15,0000,District - Umaria *  15,Urban,9,1666,854,812,1460,768,692,1460,768,692,0,0,0,0,0,0,0,0,0,0,0,0
C3010,23,15,0000,District - Umaria *  15,Urban,10,2749,1434,1315,2321,1238,1083,2321,1238,1083,0,0,0,0,0,0,0,0,0,0,0,0
C3010,23,15,0000,District - Umaria *  15,Urban,11,1614,850,764,1437,767,670,1437,767,670,0,0,0,0,0,0,0,0,0,0,0,0
C3010,23,15,0000,District - Umaria *  15,Urban,12,2577,1333,1244,2083,1134,949,2083,1134,949,0,0,0,0,0,0,0,0,0,0,0,0
C3010,23,15,0000,District - Umaria *  15,Urban,13,1952,948,1004,1602,818,784,1602,818,784,0,0,0,0,0,0,0,0,0,0,0,0
C3010,23,15,0000,District - Umaria *  15,Urban,14,2148,1067,1081,1644,858,786,1644,858,786,0,0,0,0,0,0,0,0,0,0,0,0
C3010,23,15,0000,District - Umaria *  15,Urban,15-19,9325,5116,4209,5187,3110,2077,4687,2855,1832,458,224,234,26,21,5,16,10,6,0,0,0
C3010,23,15,0000,District - Umaria *  15,Urban,20-24,7312,3941,3371,1243,881,362,400,279,121,802,567,235,28,23,5,12,11,1,1,1,0
C3010,23,15,0000,District - Umaria *  15,Urban,25-29,6847,3470,3377,91,72,19,0,0,0,80,67,13,5,2,3,4,3,1,2,0,2
C3010,23,15,0000,District - Umaria *  15,Urban,30-34,6461,3254,3207,9,6,3,0,0,0,7,5,2,1,1,0,0,0,0,1,0,1
C3010,23,15,0000,District - Umaria *  15,Urban,35-59,18610,10066,8544,19,9,10,0,0,0,7,6,1,4,1,3,1,0,1,7,2,5
C3010,23,15,0000,District - Umaria *  15,Urban,60+,4734,2244,2490,3,2,1,0,0,0,2,2,0,1,0,1,0,0,0,0,0,0
C3010,23,15,0000,District - Umaria *  15,Urban,Age not stated,155,96,59,4,3,1,0,0,0,4,3,1,0,0,0,0,0,0,0,0,0
C3010,23,16,0000,District - Shahdol  16,Total,All ages,1575303,804988,770315,375062,208973,166089,342775,191634,151141,13597,9577,4020,869,646,223,366,265,101,17455,6851,10604
C3010,23,16,0000,District - Shahdol  16,Total,0-4,182108,92300,89808,3013,1554,1459,3013,1554,1459,0,0,0,0,0,0,0,0,0,0,0,0
C3010,23,16,0000,District - Shahdol  16,Total,5,44142,22573,21569,5685,3039,2646,5685,3039,2646,0,0,0,0,0,0,0,0,0,0,0,0
C3010,23,16,0000,District - Shahdol  16,Total,6,41631,20956,20675,17063,8935,8128,17063,8935,8128,0,0,0,0,0,0,0,0,0,0,0,0
C3010,23,16,0000,District - Shahdol  16,Total,7,31416,15897,15519,22166,11718,10448,22166,11718,10448,0,0,0,0,0,0,0,0,0,0,0,0
C3010,23,16,0000,District - Shahdol  16,Total,8,43471,21953,21518,33799,17741,16058,33799,17741,16058,0,0,0,0,0,0,0,0,0,0,0,0
C3010,23,16,0000,District - Shahdol  16,Total,9,34103,16950,17153,28998,14938,14060,28998,14938,14060,0,0,0,0,0,0,0,0,0,0,0,0
C3010,23,16,0000,District - Shahdol  16,Total,10,52409,26618,25791,41930,22200,19730,41930,22200,19730,0,0,0,0,0,0,0,0,0,0,0,0
C3010,23,16,0000,District - Shahdol  16,Total,11,31921,16439,15482,27744,14789,12955,27744,14789,12955,0,0,0,0,0,0,0,0,0,0,0,0
C3010,23,16,0000,District - Shahdol  16,Total,12,49099,25618,23481,37383,20698,16685,37383,20698,16685,0,0,0,0,0,0,0,0,0,0,0,0
C3010,23,16,0000,District - Shahdol  16,Total,13,36125,18416,17709,27687,15146,12541,27687,15146,12541,0,0,0,0,0,0,0,0,0,0,0,0
C3010,23,16,0000,District - Shahdol  16,Total,14,37806,20040,17766,26471,15289,11182,26471,15289,11182,0,0,0,0,0,0,0,0,0,0,0,0
C3010,23,16,0000,District - Shahdol  16,Total,15-19,150412,80112,70300,69682,43725,25957,64484,40807,23677,3988,2326,1662,283,213,70,156,115,41,771,264,507
C3010,23,16,0000,District - Shahdol  16,Total,20-24,129042,63908,65134,17642,11923,5719,6352,4780,1572,8134,5995,2139,305,242,63,80,54,26,2771,852,1919
C3010,23,16,0000,District - Shahdol  16,Total,25-29,125069,63100,61969,5105,2526,2579,0,0,0,1198,1015,183,140,109,31,58,46,12,3709,1356,2353
C3010,23,16,0000,District - Shahdol  16,Total,30-34,116669,57293,59376,4107,1574,2533,0,0,0,166,148,18,47,29,18,25,17,8,3869,1380,2489
C3010,23,16,0000,District - Shahdol  16,Total,35-59,365316,191592,173724,6327,3023,3304,0,0,0,94,77,17,79,50,29,34,24,10,6120,2872,3248
C3010,23,16,0000,District - Shahdol  16,Total,60+,102589,50191,52398,245,148,97,0,0,0,13,13,0,14,3,11,11,8,3,207,124,83
C3010,23,16,0000,District - Shahdol  16,Total,Age not stated,1975,1032,943,15,7,8,0,0,0,4,3,1,1,0,1,2,1,1,8,3,5
C3010,23,16,0000,District - Shahdol  16,Rural,All ages,1177149,595089,582060,250146,140187,109959,228311,129592,98719,4132,3521,611,280,188,92,211,154,57,17212,6732,10480
C3010,23,16,0000,District - Shahdol  16,Rural,0-4,144695,73010,71685,1818,938,880,1818,938,880,0,0,0,0,0,0,0,0,0,0,0,0
C3010,23,16,0000,District - Shahdol  16,Rural,5,34475,17379,17096,3118,1645,1473,3118,1645,1473,0,0,0,0,0,0,0,0,0,0,0,0
C3010,23,16,0000,District - Shahdol  16,Rural,6,32289,16146,16143,12648,6649,5999,12648,6649,5999,0,0,0,0,0,0,0,0,0,0,0,0
C3010,23,16,0000,District - Shahdol  16,Rural,7,22881,11542,11339,15319,8183,7136,15319,8183,7136,0,0,0,0,0,0,0,0,0,0,0,0
C3010,23,16,0000,District - Shahdol  16,Rural,8,31796,15963,15833,23434,12356,11078,23434,12356,11078,0,0,0,0,0,0,0,0,0,0,0,0
C3010,23,16,0000,District - Shahdol  16,Rural,9,25466,12572,12894,20966,10830,10136,20966,10830,10136,0,0,0,0,0,0,0,0,0,0,0,0
C3010,23,16,0000,District - Shahdol  16,Rural,10,38747,19477,19270,29606,15666,13940,29606,15666,13940,0,0,0,0,0,0,0,0,0,0,0,0
C3010,23,16,0000,District - Shahdol  16,Rural,11,23106,11820,11286,19481,10410,9071,19481,10410,9071,0,0,0,0,0,0,0,0,0,0,0,0
C3010,23,16,0000,District - Shahdol  16,Rural,12,36070,18660,17410,25733,14377,11356,25733,14377,11356,0,0,0,0,0,0,0,0,0,0,0,0
C3010,23,16,0000,District - Shahdol  16,Rural,13,25871,13241,12630,18479,10380,8099,18479,10380,8099,0,0,0,0,0,0,0,0,0,0,0,0
C3010,23,16,0000,District - Shahdol  16,Rural,14,26739,14241,12498,17035,10197,6838,17035,10197,6838,0,0,0,0,0,0,0,0,0,0,0,0
C3010,23,16,0000,District - Shahdol  16,Rural,15-19,103399,54608,48791,38499,25861,12638,36653,24793,11860,948,711,237,50,35,15,80,60,20,768,262,506
C3010,23,16,0000,District - Shahdol  16,Rural,20-24,95413,45685,49728,9400,6304,3096,4021,3168,853,2515,2200,315,79,64,15,43,28,15,2742,844,1898
C3010,23,16,0000,District - Shahdol  16,Rural,25-29,95339,47992,47347,4293,1891,2402,0,0,0,543,490,53,48,35,13,33,27,6,3669,1339,2330
C3010,23,16,0000,District - Shahdol  16,Rural,30-34,87493,42840,44653,3945,1463,2482,0,0,0,79,77,2,28,15,13,14,10,4,3824,1361,2463
C3010,23,16,0000,District - Shahdol  16,Rural,35-59,267050,137799,129251,6131,2898,3233,0,0,0,43,39,4,60,36,24,28,20,8,6000,2803,3197
C3010,23,16,0000,District - Shahdol  16,Rural,60+,84610,41220,43390,228,133,95,0,0,0,2,2,0,14,3,11,11,8,3,201,120,81
C3010,23,16,0000,District - Shahdol  16,Rural,Age not stated,1710,894,816,13,6,7,0,0,0,2,2,0,1,0,1,2,1,1,8,3,5
C3010,23,16,0000,District - Shahdol  16,Urban,All ages,398154,209899,188255,124916,68786,56130,114464,62042,52422,9465,6056,3409,589,458,131,155,111,44,243,119,124
C3010,23,16,0000,District - Shahdol  16,Urban,0-4,37413,19290,18123,1195,616,579,1195,616,579,0,0,0,0,0,0,0,0,0,0,0,0
C3010,23,16,0000,District - Shahdol  16,Urban,5,9667,5194,4473,2567,1394,1173,2567,1394,1173,0,0,0,0,0,0,0,0,0,0,0,0
C3010,23,16,0000,District - Shahdol  16,Urban,6,9342,4810,4532,4415,2286,2129,4415,2286,2129,0,0,0,0,0,0,0,0,0,0,0,0
C3010,23,16,0000,District - Shahdol  16,Urban,7,8535,4355,4180,6847,3535,3312,6847,3535,3312,0,0,0,0,0,0,0,0,0,0,0,0
C3010,23,16,0000,District - Shahdol  16,Urban,8,11675,5990,5685,10365,5385,4980,10365,5385,4980,0,0,0,0,0,0,0,0,0,0,0,0
C3010,23,16,0000,District - Shahdol  16,Urban,9,8637,4378,4259,8032,4108,3924,8032,4108,3924,0,0,0,0,0,0,0,0,0,0,0,0
C3010,23,16,0000,District - Shahdol  16,Urban,10,13662,7141,6521,12324,6534,5790,12324,6534,5790,0,0,0,0,0,0,0,0,0,0,0,0
C3010,23,16,0000,District - Shahdol  16,Urban,11,8815,4619,4196,8263,4379,3884,8263,4379,3884,0,0,0,0,0,0,0,0,0,0,0,0
C3010,23,16,0000,District - Shahdol  16,Urban,12,13029,6958,6071,11650,6321,5329,11650,6321,5329,0,0,0,0,0,0,0,0,0,0,0,0
C3010,23,16,0000,District - Shahdol  16,Urban,13,10254,5175,5079,9208,4766,4442,9208,4766,4442,0,0,0,0,0,0,0,0,0,0,0,0
C3010,23,16,0000,District - Shahdol  16,Urban,14,11067,5799,5268,9436,5092,4344,9436,5092,4344,0,0,0,0,0,0,0,0,0,0,0,0
C3010,23,16,0000,District - Shahdol  16,Urban,15-19,47013,25504,21509,31183,17864,13319,27831,16014,11817,3040,1615,1425,233,178,55,76,55,21,3,2,1
C3010,23,16,0000,District - Shahdol  16,Urban,20-24,33629,18223,15406,8242,5619,2623,2331,1612,719,5619,3795,1824,226,178,48,37,26,11,29,8,21
C3010,23,16,0000,District - Shahdol  16,Urban,25-29,29730,15108,14622,812,635,177,0,0,0,655,525,130,92,74,18,25,19,6,40,17,23
C3010,23,16,0000,District - Shahdol  16,Urban,30-34,29176,14453,14723,162,111,51,0,0,0,87,71,16,19,14,5,11,7,4,45,19,26
C3010,23,16,0000,District - Shahdol  16,Urban,35-59,98266,53793,44473,196,125,71,0,0,0,51,38,13,19,14,5,6,4,2,120,69,51
C3010,23,16,0000,District - Shahdol  16,Urban,60+,17979,8971,9008,17,15,2,0,0,0,11,11,0,0,0,0,0,0,0,6,4,2
C3010,23,16,0000,District - Shahdol  16,Urban,Age not stated,265,138,127,2,1,1,0,0,0,2,1,1,0,0,0,0,0,0,0,0,0
C3010,23,17,0000,District - Sidhi  17,Total,All ages,1831152,947830,883322,419825,254881,164944,391579,238351,153228,10422,8253,2169,742,562,180,425,266,159,16657,7449,9208
C3010,23,17,0000,District - Sidhi  17,Total,0-4,255392,130100,125292,1658,892,766,1658,892,766,0,0,0,0,0,0,0,0,0,0,0,0
C3010,23,17,0000,District - Sidhi  17,Total,5,58704,30822,27882,4123,2296,1827,4123,2296,1827,0,0,0,0,0,0,0,0,0,0,0,0
C3010,23,17,0000,District - Sidhi  17,Total,6,63265,32232,31033,17820,9843,7977,17820,9843,7977,0,0,0,0,0,0,0,0,0,0,0,0
C3010,23,17,0000,District - Sidhi  17,Total,7,44950,22513,22437,26315,14313,12002,26315,14313,12002,0,0,0,0,0,0,0,0,0,0,0,0
C3010,23,17,0000,District - Sidhi  17,Total,8,69341,35041,34300,46953,26020,20933,46953,26020,20933,0,0,0,0,0,0,0,0,0,0,0,0
C3010,23,17,0000,District - Sidhi  17,Total,9,47927,24311,23616,37120,20407,16713,37120,20407,16713,0,0,0,0,0,0,0,0,0,0,0,0
C3010,23,17,0000,District - Sidhi  17,Total,10,77704,40428,37276,56960,33011,23949,56960,33011,23949,0,0,0,0,0,0,0,0,0,0,0,0
C3010,23,17,0000,District - Sidhi  17,Total,11,35446,19301,16145,29257,17380,11877,29257,17380,11877,0,0,0,0,0,0,0,0,0,0,0,0
C3010,23,17,0000,District - Sidhi  17,Total,12,64070,33744,30326,44790,27341,17449,44790,27341,17449,0,0,0,0,0,0,0,0,0,0,0,0
C3010,23,17,0000,District - Sidhi  17,Total,13,37362,19907,17455,27074,16725,10349,27074,16725,10349,0,0,0,0,0,0,0,0,0,0,0,0
C3010,23,17,0000,District - Sidhi  17,Total,14,41450,22361,19089,26987,17330,9657,26987,17330,9657,0,0,0,0,0,0,0,0,0,0,0,0
C3010,23,17,0000,District - Sidhi  17,Total,15-19,151754,84448,67306,68172,48403,19769,64458,46094,18364,2515,1714,801,236,181,55,128,88,40,835,326,509
C3010,23,17,0000,District - Sidhi  17,Total,20-24,140254,68738,71516,17354,12965,4389,8064,6699,1365,6227,5072,1155,243,199,44,90,63,27,2730,932,1798
C3010,23,17,0000,District - Sidhi  17,Total,25-29,135397,67934,67463,4726,2513,2213,0,0,0,1226,1085,141,110,91,19,67,46,21,3323,1291,2032
C3010,23,17,0000,District - Sidhi  17,Total,30-34,128524,62914,65610,3628,1707,1921,0,0,0,262,219,43,39,26,13,44,25,19,3283,1437,1846
C3010,23,17,0000,District - Sidhi  17,Total,35-59,358397,190430,167967,6441,3447,2994,0,0,0,166,142,24,80,45,35,69,31,38,6126,3229,2897
C3010,23,17,0000,District - Sidhi  17,Total,60+,118998,61399,57599,419,269,150,0,0,0,12,9,3,34,20,14,26,12,14,347,228,119
C3010,23,17,0000,District - Sidhi  17,Total,Age not stated,2217,1207,1010,28,19,9,0,0,0,14,12,2,0,0,0,1,1,0,13,6,7
C3010,23,17,0000,District - Sidhi  17,Rural,All ages,1570121,806699,763422,340830,208794,132036,318418,196383,122035,5259,4575,684,342,250,92,337,194,143,16474,7392,9082
C3010,23,17,0000,District - Sidhi  17,Rural,0-4,226367,115041,111326,1058,552,506,1058,552,506,0,0,0,0,0,0,0,0,0,0,0,0
C3010,23,17,0000,District - Sidhi  17,Rural,5,51376,26911,24465,2728,1516,1212,2728,1516,1212,0,0,0,0,0,0,0,0,0,0,0,0
C3010,23,17,0000,District - Sidhi  17,Rural,6,55646,28289,27357,15129,8399,6730,15129,8399,6730,0,0,0,0,0,0,0,0,0,0,0,0
C3010,23,17,0000,District - Sidhi  17,Rural,7,38334,19123,19211,21247,11624,9623,21247,11624,9623,0,0,0,0,0,0,0,0,0,0,0,0
C3010,23,17,0000,District - Sidhi  17,Rural,8,59424,29902,29522,39039,21670,17369,39039,21670,17369,0,0,0,0,0,0,0,0,0,0,0,0
C3010,23,17,0000,District - Sidhi  17,Rural,9,41605,21070,20535,31550,17442,14108,31550,17442,14108,0,0,0,0,0,0,0,0,0,0,0,0
C3010,23,17,0000,District - Sidhi  17,Rural,10,66957,34660,32297,47890,27883,20007,47890,27883,20007,0,0,0,0,0,0,0,0,0,0,0,0
C3010,23,17,0000,District - Sidhi  17,Rural,11,29730,16234,13496,23995,14476,9519,23995,14476,9519,0,0,0,0,0,0,0,0,0,0,0,0
C3010,23,17,0000,District - Sidhi  17,Rural,12,54796,28792,26004,37001,22920,14081,37001,22920,14081,0,0,0,0,0,0,0,0,0,0,0,0
C3010,23,17,0000,District - Sidhi  17,Rural,13,31157,16681,14476,21663,13777,7886,21663,13777,7886,0,0,0,0,0,0,0,0,0,0,0,0
C3010,23,17,0000,District - Sidhi  17,Rural,14,34632,18645,15987,21381,14100,7281,21381,14100,7281,0,0,0,0,0,0,0,0,0,0,0,0
C3010,23,17,0000,District - Sidhi  17,Rural,15-19,125388,69173,56215,50932,37524,13408,48978,36332,12646,969,758,211,70,55,15,90,54,36,825,325,500
C3010,23,17,0000,District - Sidhi  17,Rural,20-24,120404,57816,62588,12852,9595,3257,6759,5692,1067,3235,2860,375,99,77,22,62,41,21,2697,925,1772
C3010,23,17,0000,District - Sidhi  17,Rural,25-29,116146,58146,58000,4179,2077,2102,0,0,0,779,715,64,54,45,9,54,37,17,3292,1280,2012
C3010,23,17,0000,District - Sidhi  17,Rural,30-34,108199,52877,55322,3481,1621,1860,0,0,0,172,152,20,29,18,11,40,22,18,3240,1429,1811
C3010,23,17,0000,District - Sidhi  17,Rural,35-59,299521,156398,143123,6291,3353,2938,0,0,0,96,82,14,64,40,24,66,29,37,6065,3202,2863
C3010,23,17,0000,District - Sidhi  17,Rural,60+,108722,56024,52698,397,255,142,0,0,0,4,4,0,26,15,11,25,11,14,342,225,117
C3010,23,17,0000,District - Sidhi  17,Rural,Age not stated,1717,917,800,17,10,7,0,0,0,4,4,0,0,0,0,0,0,0,13,6,7
C3010,23,17,0000,District - Sidhi  17,Urban,All ages,261031,141131,119900,78995,46087,32908,73161,41968,31193,5163,3678,1485,400,312,88,88,72,16,183,57,126
C3010,23,17,0000,District - Sidhi  17,Urban,0-4,29025,15059,13966,600,340,260,600,340,260,0,0,0,0,0,0,0,0,0,0,0,0
C3010,23,17,0000,District - Sidhi  17,Urban,5,7328,3911,3417,1395,780,615,1395,780,615,0,0,0,0,0,0,0,0,0,0,0,0
C3010,23,17,0000,District - Sidhi  17,Urban,6,7619,3943,3676,2691,1444,1247,2691,1444,1247,0,0,0,0,0,0,0,0,0,0,0,0
C3010,23,17,0000,District - Sidhi  17,Urban,7,6616,3390,3226,5068,2689,2379,5068,2689,2379,0,0,0,0,0,0,0,0,0,0,0,0
C3010,23,17,0000,District - Sidhi  17,Urban,8,9917,5139,4778,7914,4350,3564,7914,4350,3564,0,0,0,0,0,0,0,0,0,0,0,0
C3010,23,17,0000,District - Sidhi  17,Urban,9,6322,3241,3081,5570,2965,2605,5570,2965,2605,0,0,0,0,0,0,0,0,0,0,0,0
C3010,23,17,0000,District - Sidhi  17,Urban,10,10747,5768,4979,9070,5128,3942,9070,5128,3942,0,0,0,0,0,0,0,0,0,0,0,0
C3010,23,17,0000,District - Sidhi  17,Urban,11,5716,3067,2649,5262,2904,2358,5262,2904,2358,0,0,0,0,0,0,0,0,0,0,0,0
C3010,23,17,0000,District - Sidhi  17,Urban,12,9274,4952,4322,7789,4421,3368,7789,4421,3368,0,0,0,0,0,0,0,0,0,0,0,0
C3010,23,17,0000,District - Sidhi  17,Urban,13,6205,3226,2979,5411,2948,2463,5411,2948,2463,0,0,0,0,0,0,0,0,0,0,0,0
C3010,23,17,0000,District - Sidhi  17,Urban,14,6818,3716,3102,5606,3230,2376,5606,3230,2376,0,0,0,0,0,0,0,0,0,0,0,0
C3010,23,17,0000,District - Sidhi  17,Urban,15-19,26366,15275,11091,17240,10879,6361,15480,9762,5718,1546,956,590,166,126,40,38,34,4,10,1,9
C3010,23,17,0000,District - Sidhi  17,Urban,20-24,19850,10922,8928,4502,3370,1132,1305,1007,298,2992,2212,780,144,122,22,28,22,6,33,7,26
C3010,23,17,0000,District - Sidhi  17,Urban,25-29,19251,9788,9463,547,436,111,0,0,0,447,370,77,56,46,10,13,9,4,31,11,20
C3010,23,17,0000,District - Sidhi  17,Urban,30-34,20325,10037,10288,147,86,61,0,0,0,90,67,23,10,8,2,4,3,1,43,8,35
C3010,23,17,0000,District - Sidhi  17,Urban,35-59,58876,34032,24844,150,94,56,0,0,0,70,60,10,16,5,11,3,2,1,61,27,34
C3010,23,17,0000,District - Sidhi  17,Urban,60+,10276,5375,4901,22,14,8,0,0,0,8,5,3,8,5,3,1,1,0,5,3,2
C3010,23,17,0000,District - Sidhi  17,Urban,Age not stated,500,290,210,11,9,2,0,0,0,10,8,2,0,0,0,1,1,0,0,0,0
C3010,23,18,0000,District - Neemuch *  18,Total,All ages,726070,372419,353651,151393,88663,62730,143078,83689,59389,6246,4167,2079,414,316,98,165,107,58,1490,384,1106
C3010,23,18,0000,District - Neemuch *  18,Total,0-4,80083,41374,38709,2156,1162,994,2156,1162,994,0,0,0,0,0,0,0,0,0,0,0,0
C3010,23,18,0000,District - Neemuch *  18,Total,5,19552,10321,9231,4005,2165,1840,4005,2165,1840,0,0,0,0,0,0,0,0,0,0,0,0
C3010,23,18,0000,District - Neemuch *  18,Total,6,16771,8580,8191,8029,4336,3693,8029,4336,3693,0,0,0,0,0,0,0,0,0,0,0,0
C3010,23,18,0000,District - Neemuch *  18,Total,7,17075,8762,8313,13253,7124,6129,13253,7124,6129,0,0,0,0,0,0,0,0,0,0,0,0
C3010,23,18,0000,District - Neemuch *  18,Total,8,21159,10836,10323,17046,9213,7833,17046,9213,7833,0,0,0,0,0,0,0,0,0,0,0,0
C3010,23,18,0000,District - Neemuch *  18,Total,9,14415,7321,7094,12397,6633,5764,12397,6633,5764,0,0,0,0,0,0,0,0,0,0,0,0
C3010,23,18,0000,District - Neemuch *  18,Total,10,22523,11824,10699,18023,10235,7788,18023,10235,7788,0,0,0,0,0,0,0,0,0,0,0,0
C3010,23,18,0000,District - Neemuch *  18,Total,11,12845,6853,5992,10893,6240,4653,10893,6240,4653,0,0,0,0,0,0,0,0,0,0,0,0
C3010,23,18,0000,District - Neemuch *  18,Total,12,20156,10602,9554,14613,8662,5951,14613,8662,5951,0,0,0,0,0,0,0,0,0,0,0,0
C3010,23,18,0000,District - Neemuch *  18,Total,13,14498,7515,6983,9880,6005,3875,9880,6005,3875,0,0,0,0,0,0,0,0,0,0,0,0
C3010,23,18,0000,District - Neemuch *  18,Total,14,14713,7524,7189,8912,5491,3421,8912,5491,3421,0,0,0,0,0,0,0,0,0,0,0,0
C3010,23,18,0000,District - Neemuch *  18,Total,15-19,71790,36956,34834,24451,16413,8038,22078,14999,7079,2036,1213,823,155,122,33,82,48,34,100,31,69
C3010,23,18,0000,District - Neemuch *  18,Total,20-24,68653,34961,33692,6073,4308,1765,1793,1424,369,3818,2651,1167,153,129,24,50,41,9,259,63,196
C3010,23,18,0000,District - Neemuch *  18,Total,25-29,58907,29604,29303,681,364,317,0,0,0,317,253,64,44,33,11,15,9,6,305,69,236
C3010,23,18,0000,District - Neemuch *  18,Total,30-34,54105,27333,26772,330,105,225,0,0,0,33,20,13,13,7,6,6,3,3,278,75,203
C3010,23,18,0000,District - Neemuch *  18,Total,35-59,163402,85391,78011,603,182,421,0,0,0,33,23,10,40,22,18,7,3,4,523,134,389
C3010,23,18,0000,District - Neemuch *  18,Total,60+,54672,26226,28446,43,21,22,0,0,0,5,4,1,8,2,6,5,3,2,25,12,13
C3010,23,18,0000,District - Neemuch *  18,Total,Age not stated,751,436,315,5,4,1,0,0,0,4,3,1,1,1,0,0,0,0,0,0,0
C3010,23,18,0000,District - Neemuch *  18,Rural,All ages,523100,267006,256094,99149,59824,39325,95321,57519,37802,2126,1754,372,168,121,47,86,59,27,1448,371,1077
C3010,23,18,0000,District - Neemuch *  18,Rural,0-4,59920,30953,28967,875,494,381,875,494,381,0,0,0,0,0,0,0,0,0,0,0,0
C3010,23,18,0000,District - Neemuch *  18,Rural,5,14676,7694,6982,2083,1162,921,2083,1162,921,0,0,0,0,0,0,0,0,0,0,0,0
C3010,23,18,0000,District - Neemuch *  18,Rural,6,12557,6401,6156,5585,3039,2546,5585,3039,2546,0,0,0,0,0,0,0,0,0,0,0,0
C3010,23,18,0000,District - Neemuch *  18,Rural,7,12522,6457,6065,9417,5155,4262,9417,5155,4262,0,0,0,0,0,0,0,0,0,0,0,0
C3010,23,18,0000,District - Neemuch *  18,Rural,8,15715,8008,7707,12322,6713,5609,12322,6713,5609,0,0,0,0,0,0,0,0,0,0,0,0
C3010,23,18,0000,District - Neemuch *  18,Rural,9,10670,5391,5279,9012,4868,4144,9012,4868,4144,0,0,0,0,0,0,0,0,0,0,0,0
C3010,23,18,0000,District - Neemuch *  18,Rural,10,16609,8638,7971,12901,7425,5476,12901,7425,5476,0,0,0,0,0,0,0,0,0,0,0,0
C3010,23,18,0000,District - Neemuch *  18,Rural,11,9077,4823,4254,7470,4361,3109,7470,4361,3109,0,0,0,0,0,0,0,0,0,0,0,0
C3010,23,18,0000,District - Neemuch *  18,Rural,12,14578,7598,6980,9930,6057,3873,9930,6057,3873,0,0,0,0,0,0,0,0,0,0,0,0
C3010,23,18,0000,District - Neemuch *  18,Rural,13,10427,5410,5017,6551,4196,2355,6551,4196,2355,0,0,0,0,0,0,0,0,0,0,0,0
C3010,23,18,0000,District - Neemuch *  18,Rural,14,10291,5267,5024,5505,3677,1828,5505,3677,1828,0,0,0,0,0,0,0,0,0,0,0,0
C3010,23,18,0000,District - Neemuch *  18,Rural,15-19,50699,25909,24790,13427,10055,3372,12580,9458,3122,664,502,162,54,44,10,38,23,15,91,28,63
C3010,23,18,0000,District - Neemuch *  18,Rural,20-24,48739,24430,24309,2751,2175,576,1090,914,176,1327,1129,198,54,45,9,28,25,3,252,62,190
C3010,23,18,0000,District - Neemuch *  18,Rural,25-29,42044,21243,20801,430,183,247,0,0,0,108,100,8,17,12,5,6,3,3,299,68,231
C3010,23,18,0000,District - Neemuch *  18,Rural,30-34,38677,19440,19237,293,85,208,0,0,0,10,10,0,8,2,6,3,2,1,272,71,201
C3010,23,18,0000,District - Neemuch *  18,Rural,35-59,115405,59807,55598,558,160,398,0,0,0,12,10,2,29,17,12,6,3,3,511,130,381
C3010,23,18,0000,District - Neemuch *  18,Rural,60+,39917,19209,20708,36,17,19,0,0,0,2,1,1,6,1,5,5,3,2,23,12,11
C3010,23,18,0000,District - Neemuch *  18,Rural,Age not stated,577,328,249,3,2,1,0,0,0,3,2,1,0,0,0,0,0,0,0,0,0
C3010,23,18,0000,District - Neemuch *  18,Urban,All ages,202970,105413,97557,52244,28839,23405,47757,26170,21587,4120,2413,1707,246,195,51,79,48,31,42,13,29
C3010,23,18,0000,District - Neemuch *  18,Urban,0-4,20163,10421,9742,1281,668,613,1281,668,613,0,0,0,0,0,0,0,0,0,0,0,0
C3010,23,18,0000,District - Neemuch *  18,Urban,5,4876,2627,2249,1922,1003,919,1922,1003,919,0,0,0,0,0,0,0,0,0,0,0,0
C3010,23,18,0000,District - Neemuch *  18,Urban,6,4214,2179,2035,2444,1297,1147,2444,1297,1147,0,0,0,0,0,0,0,0,0,0,0,0
C3010,23,18,0000,District - Neemuch *  18,Urban,7,4553,2305,2248,3836,1969,1867,3836,1969,1867,0,0,0,0,0,0,0,0,0,0,0,0
C3010,23,18,0000,District - Neemuch *  18,Urban,8,5444,2828,2616,4724,2500,2224,4724,2500,2224,0,0,0,0,0,0,0,0,0,0,0,0
C3010,23,18,0000,District - Neemuch *  18,Urban,9,3745,1930,1815,3385,1765,1620,3385,1765,1620,0,0,0,0,0,0,0,0,0,0,0,0
C3010,23,18,0000,District - Neemuch *  18,Urban,10,5914,3186,2728,5122,2810,2312,5122,2810,2312,0,0,0,0,0,0,0,0,0,0,0,0
C3010,23,18,0000,District - Neemuch *  18,Urban,11,3768,2030,1738,3423,1879,1544,3423,1879,1544,0,0,0,0,0,0,0,0,0,0,0,0
C3010,23,18,0000,District - Neemuch *  18,Urban,12,5578,3004,2574,4683,2605,2078,4683,2605,2078,0,0,0,0,0,0,0,0,0,0,0,0
C3010,23,18,0000,District - Neemuch *  18,Urban,13,4071,2105,1966,3329,1809,1520,3329,1809,1520,0,0,0,0,0,0,0,0,0,0,0,0
C3010,23,18,0000,District - Neemuch *  18,Urban,14,4422,2257,2165,3407,1814,1593,3407,1814,1593,0,0,0,0,0,0,0,0,0,0,0,0
C3010,23,18,0000,District - Neemuch *  18,Urban,15-19,21091,11047,10044,11024,6358,4666,9498,5541,3957,1372,711,661,101,78,23,44,25,19,9,3,6
C3010,23,18,0000,District - Neemuch *  18,Urban,20-24,19914,10531,9383,3322,2133,1189,703,510,193,2491,1522,969,99,84,15,22,16,6,7,1,6
C3010,23,18,0000,District - Neemuch *  18,Urban,25-29,16863,8361,8502,251,181,70,0,0,0,209,153,56,27,21,6,9,6,3,6,1,5
C3010,23,18,0000,District - Neemuch *  18,Urban,30-34,15428,7893,7535,37,20,17,0,0,0,23,10,13,5,5,0,3,1,2,6,4,2
C3010,23,18,0000,District - Neemuch *  18,Urban,35-59,47997,25584,22413,45,22,23,0,0,0,21,13,8,11,5,6,1,0,1,12,4,8
C3010,23,18,0000,District - Neemuch *  18,Urban,60+,14755,7017,7738,7,4,3,0,0,0,3,3,0,2,1,1,0,0,0,2,0,2
C3010,23,18,0000,District - Neemuch *  18,Urban,Age not stated,174,108,66,2,2,0,0,0,0,1,1,0,1,1,0,0,0,0,0,0,0
C3010,23,19,0000,District - Mandsaur  19,Total,All ages,1183724,605119,578605,244681,143380,101301,233111,136490,96621,7494,5233,2261,877,650,227,251,165,86,2948,842,2106
C3010,23,19,0000,District - Mandsaur  19,Total,0-4,134713,68908,65805,2190,1112,1078,2190,1112,1078,0,0,0,0,0,0,0,0,0,0,0,0
C3010,23,19,0000,District - Mandsaur  19,Total,5,33562,17741,15821,4428,2525,1903,4428,2525,1903,0,0,0,0,0,0,0,0,0,0,0,0
C3010,23,19,0000,District - Mandsaur  19,Total,6,28363,14424,13939,11492,6296,5196,11492,6296,5196,0,0,0,0,0,0,0,0,0,0,0,0
C3010,23,19,0000,District - Mandsaur  19,Total,7,27818,14055,13763,22496,11955,10541,22496,11955,10541,0,0,0,0,0,0,0,0,0,0,0,0
C3010,23,19,0000,District - Mandsaur  19,Total,8,35890,18173,17717,30175,16071,14104,30175,16071,14104,0,0,0,0,0,0,0,0,0,0,0,0
C3010,23,19,0000,District - Mandsaur  19,Total,9,23681,12000,11681,21108,11147,9961,21108,11147,9961,0,0,0,0,0,0,0,0,0,0,0,0
C3010,23,19,0000,District - Mandsaur  19,Total,10,38208,19590,18618,31961,17523,14438,31961,17523,14438,0,0,0,0,0,0,0,0,0,0,0,0
C3010,23,19,0000,District - Mandsaur  19,Total,11,20707,10854,9853,17935,10083,7852,17935,10083,7852,0,0,0,0,0,0,0,0,0,0,0,0
C3010,23,19,0000,District - Mandsaur  19,Total,12,34272,18307,15965,25606,15400,10206,25606,15400,10206,0,0,0,0,0,0,0,0,0,0,0,0
C3010,23,19,0000,District - Mandsaur  19,Total,13,23183,12039,11144,15911,9735,6176,15911,9735,6176,0,0,0,0,0,0,0,0,0,0,0,0
C3010,23,19,0000,District - Mandsaur  19,Total,14,24041,12555,11486,14225,9183,5042,14225,9183,5042,0,0,0,0,0,0,0,0,0,0,0,0
C3010,23,19,0000,District - Mandsaur  19,Total,15-19,114689,60019,54670,35717,24925,10792,32688,23106,9582,2459,1467,992,345,250,95,105,68,37,120,34,86
C3010,23,19,0000,District - Mandsaur  19,Total,20-24,109956,56090,53866,8266,6133,2133,2896,2354,542,4522,3332,1190,352,290,62,78,51,27,418,106,312
C3010,23,19,0000,District - Mandsaur  19,Total,25-29,92871,46523,46348,994,533,461,0,0,0,379,334,45,61,47,14,33,26,7,521,126,395
C3010,23,19,0000,District - Mandsaur  19,Total,30-34,86322,43027,43295,614,180,434,0,0,0,55,39,16,26,10,16,9,4,5,524,127,397
C3010,23,19,0000,District - Mandsaur  19,Total,35-59,261780,136358,125422,1438,504,934,0,0,0,50,37,13,65,36,29,16,8,8,1307,423,884
C3010,23,19,0000,District - Mandsaur  19,Total,60+,91983,43583,48400,106,59,47,0,0,0,18,15,3,24,13,11,9,7,2,55,24,31
C3010,23,19,0000,District - Mandsaur  19,Total,Age not stated,1685,873,812,19,16,3,0,0,0,11,9,2,4,4,0,1,1,0,3,2,1
C3010,23,19,0000,District - Mandsaur  19,Rural,All ages,963020,491421,471599,188972,112949,76023,182426,109187,73239,3235,2629,606,279,195,84,160,114,46,2872,824,2048
C3010,23,19,0000,District - Mandsaur  19,Rural,0-4,113150,57910,55240,1192,611,581,1192,611,581,0,0,0,0,0,0,0,0,0,0,0,0
C3010,23,19,0000,District - Mandsaur  19,Rural,5,28463,14990,13473,2905,1678,1227,2905,1678,1227,0,0,0,0,0,0,0,0,0,0,0,0
C3010,23,19,0000,District - Mandsaur  19,Rural,6,23775,12103,11672,9358,5205,4153,9358,5205,4153,0,0,0,0,0,0,0,0,0,0,0,0
C3010,23,19,0000,District - Mandsaur  19,Rural,7,22881,11526,11355,18222,9721,8501,18222,9721,8501,0,0,0,0,0,0,0,0,0,0,0,0
C3010,23,19,0000,District - Mandsaur  19,Rural,8,29788,15063,14725,24794,13301,11493,24794,13301,11493,0,0,0,0,0,0,0,0,0,0,0,0
C3010,23,19,0000,District - Mandsaur  19,Rural,9,19674,9921,9753,17416,9205,8211,17416,9205,8211,0,0,0,0,0,0,0,0,0,0,0,0
C3010,23,19,0000,District - Mandsaur  19,Rural,10,31716,16248,15468,26218,14509,11709,26218,14509,11709,0,0,0,0,0,0,0,0,0,0,0,0
C3010,23,19,0000,District - Mandsaur  19,Rural,11,16742,8834,7908,14288,8195,6093,14288,8195,6093,0,0,0,0,0,0,0,0,0,0,0,0
C3010,23,19,0000,District - Mandsaur  19,Rural,12,28260,15086,13174,20530,12636,7894,20530,12636,7894,0,0,0,0,0,0,0,0,0,0,0,0
C3010,23,19,0000,District - Mandsaur  19,Rural,13,18736,9786,8950,12224,7816,4408,12224,7816,4408,0,0,0,0,0,0,0,0,0,0,0,0
C3010,23,19,0000,District - Mandsaur  19,Rural,14,19427,10204,9223,10723,7313,3410,10723,7313,3410,0,0,0,0,0,0,0,0,0,0,0,0
C3010,23,19,0000,District - Mandsaur  19,Rural,15-19,91594,47822,43772,23614,18003,5611,22392,17172,5220,978,705,273,72,55,17,59,42,17,113,29,84
C3010,23,19,0000,District - Mandsaur  19,Rural,20-24,88463,44725,43738,4694,3711,983,2164,1825,339,1982,1669,313,90,73,17,53,41,12,405,103,302
C3010,23,19,0000,District - Mandsaur  19,Rural,25-29,75047,37635,37412,784,369,415,0,0,0,220,206,14,31,24,7,22,16,6,511,123,388
C3010,23,19,0000,District - Mandsaur  19,Rural,30-34,69601,34652,34949,561,154,407,0,0,0,27,23,4,14,4,10,5,2,3,515,125,390
C3010,23,19,0000,District - Mandsaur  19,Rural,35-59,208940,108550,100390,1362,471,891,0,0,0,20,18,2,51,27,24,13,7,6,1278,419,859
C3010,23,19,0000,District - Mandsaur  19,Rural,60+,75388,35653,39735,79,44,35,0,0,0,5,5,0,20,11,9,7,5,2,47,23,24
C3010,23,19,0000,District - Mandsaur  19,Rural,Age not stated,1375,713,662,8,7,1,0,0,0,3,3,0,1,1,0,1,1,0,3,2,1
C3010,23,19,0000,District - Mandsaur  19,Urban,All ages,220704,113698,107006,55709,30431,25278,50685,27303,23382,4259,2604,1655,598,455,143,91,51,40,76,18,58
C3010,23,19,0000,District - Mandsaur  19,Urban,0-4,21563,10998,10565,998,501,497,998,501,497,0,0,0,0,0,0,0,0,0,0,0,0
C3010,23,19,0000,District - Mandsaur  19,Urban,5,5099,2751,2348,1523,847,676,1523,847,676,0,0,0,0,0,0,0,0,0,0,0,0
C3010,23,19,0000,District - Mandsaur  19,Urban,6,4588,2321,2267,2134,1091,1043,2134,1091,1043,0,0,0,0,0,0,0,0,0,0,0,0
C3010,23,19,0000,District - Mandsaur  19,Urban,7,4937,2529,2408,4274,2234,2040,4274,2234,2040,0,0,0,0,0,0,0,0,0,0,0,0
C3010,23,19,0000,District - Mandsaur  19,Urban,8,6102,3110,2992,5381,2770,2611,5381,2770,2611,0,0,0,0,0,0,0,0,0,0,0,0
C3010,23,19,0000,District - Mandsaur  19,Urban,9,4007,2079,1928,3692,1942,1750,3692,1942,1750,0,0,0,0,0,0,0,0,0,0,0,0
C3010,23,19,0000,District - Mandsaur  19,Urban,10,6492,3342,3150,5743,3014,2729,5743,3014,2729,0,0,0,0,0,0,0,0,0,0,0,0
C3010,23,19,0000,District - Mandsaur  19,Urban,11,3965,2020,1945,3647,1888,1759,3647,1888,1759,0,0,0,0,0,0,0,0,0,0,0,0
C3010,23,19,0000,District - Mandsaur  19,Urban,12,6012,3221,2791,5076,2764,2312,5076,2764,2312,0,0,0,0,0,0,0,0,0,0,0,0
C3010,23,19,0000,District - Mandsaur  19,Urban,13,4447,2253,2194,3687,1919,1768,3687,1919,1768,0,0,0,0,0,0,0,0,0,0,0,0
C3010,23,19,0000,District - Mandsaur  19,Urban,14,4614,2351,2263,3502,1870,1632,3502,1870,1632,0,0,0,0,0,0,0,0,0,0,0,0
C3010,23,19,0000,District - Mandsaur  19,Urban,15-19,23095,12197,10898,12103,6922,5181,10296,5934,4362,1481,762,719,273,195,78,46,26,20,7,5,2
C3010,23,19,0000,District - Mandsaur  19,Urban,20-24,21493,11365,10128,3572,2422,1150,732,529,203,2540,1663,877,262,217,45,25,10,15,13,3,10
C3010,23,19,0000,District - Mandsaur  19,Urban,25-29,17824,8888,8936,210,164,46,0,0,0,159,128,31,30,23,7,11,10,1,10,3,7
C3010,23,19,0000,District - Mandsaur  19,Urban,30-34,16721,8375,8346,53,26,27,0,0,0,28,16,12,12,6,6,4,2,2,9,2,7
C3010,23,19,0000,District - Mandsaur  19,Urban,35-59,52840,27808,25032,76,33,43,0,0,0,30,19,11,14,9,5,3,1,2,29,4,25
C3010,23,19,0000,District - Mandsaur  19,Urban,60+,16595,7930,8665,27,15,12,0,0,0,13,10,3,4,2,2,2,2,0,8,1,7
C3010,23,19,0000,District - Mandsaur  19,Urban,Age not stated,310,160,150,11,9,2,0,0,0,8,6,2,3,3,0,0,0,0,0,0,0
C3010,23,20,0000,District - Ratlam  20,Total,All ages,1215393,620862,594531,244000,143045,100955,230003,134993,95010,9423,5944,3479,716,463,253,473,302,171,3385,1343,2042
C3010,23,20,0000,District - Ratlam  20,Total,0-4,145317,74047,71270,3498,1819,1679,3498,1819,1679,0,0,0,0,0,0,0,0,0,0,0,0
C3010,23,20,0000,District - Ratlam  20,Total,5,34401,18067,16334,5492,3013,2479,5492,3013,2479,0,0,0,0,0,0,0,0,0,0,0,0
C3010,23,20,0000,District - Ratlam  20,Total,6,34151,17161,16990,12144,6580,5564,12144,6580,5564,0,0,0,0,0,0,0,0,0,0,0,0
C3010,23,20,0000,District - Ratlam  20,Total,7,29987,15314,14673,21548,11690,9858,21548,11690,9858,0,0,0,0,0,0,0,0,0,0,0,0
C3010,23,20,0000,District - Ratlam  20,Total,8,41337,21097,20240,30156,16495,13661,30156,16495,13661,0,0,0,0,0,0,0,0,0,0,0,0
C3010,23,20,0000,District - Ratlam  20,Total,9,24072,12492,11580,19417,10658,8759,19417,10658,8759,0,0,0,0,0,0,0,0,0,0,0,0
C3010,23,20,0000,District - Ratlam  20,Total,10,42667,22132,20535,30920,17559,13361,30920,17559,13361,0,0,0,0,0,0,0,0,0,0,0,0
C3010,23,20,0000,District - Ratlam  20,Total,11,19303,10275,9028,15712,8903,6809,15712,8903,6809,0,0,0,0,0,0,0,0,0,0,0,0
C3010,23,20,0000,District - Ratlam  20,Total,12,37331,19872,17459,24588,14841,9747,24588,14841,9747,0,0,0,0,0,0,0,0,0,0,0,0
C3010,23,20,0000,District - Ratlam  20,Total,13,22278,11464,10814,14850,8869,5981,14850,8869,5981,0,0,0,0,0,0,0,0,0,0,0,0
C3010,23,20,0000,District - Ratlam  20,Total,14,23898,12638,11260,13642,8636,5006,13642,8636,5006,0,0,0,0,0,0,0,0,0,0,0,0
C3010,23,20,0000,District - Ratlam  20,Total,15-19,114812,60230,54582,38394,25391,13003,34649,23327,11322,3132,1718,1414,239,151,88,210,131,79,164,64,100
C3010,23,20,0000,District - Ratlam  20,Total,20-24,106321,54254,52067,9811,6741,3070,3387,2603,784,5523,3673,1850,211,162,49,174,118,56,516,185,331
C3010,23,20,0000,District - Ratlam  20,Total,25-29,93085,45953,47132,1242,691,551,0,0,0,497,383,114,109,73,36,57,43,14,579,192,387
C3010,23,20,0000,District - Ratlam  20,Total,30-34,89038,44564,44474,759,327,432,0,0,0,111,62,49,34,20,14,11,5,6,603,240,363
C3010,23,20,0000,District - Ratlam  20,Total,35-59,270829,141134,129695,1681,755,926,0,0,0,133,86,47,87,45,42,15,3,12,1446,621,825
C3010,23,20,0000,District - Ratlam  20,Total,60+,84287,38904,45383,132,72,60,0,0,0,20,18,2,34,12,22,6,2,4,72,40,32
C3010,23,20,0000,District - Ratlam  20,Total,Age not stated,2279,1264,1015,14,5,9,0,0,0,7,4,3,2,0,2,0,0,0,5,1,4
C3010,23,20,0000,District - Ratlam  20,Rural,All ages,846959,431230,415729,148205,91279,56926,142947,88353,54594,1566,1362,204,209,106,103,208,153,55,3275,1305,1970
C3010,23,20,0000,District - Ratlam  20,Rural,0-4,110538,56140,54398,1234,680,554,1234,680,554,0,0,0,0,0,0,0,0,0,0,0,0
C3010,23,20,0000,District - Ratlam  20,Rural,5,25729,13448,12281,2476,1400,1076,2476,1400,1076,0,0,0,0,0,0,0,0,0,0,0,0
C3010,23,20,0000,District - Ratlam  20,Rural,6,26417,13182,13235,8113,4494,3619,8113,4494,3619,0,0,0,0,0,0,0,0,0,0,0,0
C3010,23,20,0000,District - Ratlam  20,Rural,7,21785,11152,10633,14661,8164,6497,14661,8164,6497,0,0,0,0,0,0,0,0,0,0,0,0
C3010,23,20,0000,District - Ratlam  20,Rural,8,31173,15839,15334,21328,11867,9461,21328,11867,9461,0,0,0,0,0,0,0,0,0,0,0,0
C3010,23,20,0000,District - Ratlam  20,Rural,9,17452,9030,8422,13395,7482,5913,13395,7482,5913,0,0,0,0,0,0,0,0,0,0,0,0
C3010,23,20,0000,District - Ratlam  20,Rural,10,31664,16426,15238,21247,12475,8772,21247,12475,8772,0,0,0,0,0,0,0,0,0,0,0,0
C3010,23,20,0000,District - Ratlam  20,Rural,11,12546,6755,5791,9563,5677,3886,9563,5677,3886,0,0,0,0,0,0,0,0,0,0,0,0
C3010,23,20,0000,District - Ratlam  20,Rural,12,27174,14461,12713,15939,10168,5771,15939,10168,5771,0,0,0,0,0,0,0,0,0,0,0,0
C3010,23,20,0000,District - Ratlam  20,Rural,13,14856,7717,7139,8705,5681,3024,8705,5681,3024,0,0,0,0,0,0,0,0,0,0,0,0
C3010,23,20,0000,District - Ratlam  20,Rural,14,16126,8529,7597,7645,5380,2265,7645,5380,2265,0,0,0,0,0,0,0,0,0,0,0,0
C3010,23,20,0000,District - Ratlam  20,Rural,15-19,76279,39905,36374,17496,13777,3719,16783,13301,3482,416,323,93,48,25,23,92,66,26,157,62,95
C3010,23,20,0000,District - Ratlam  20,Rural,20-24,71936,36318,35618,3461,2739,722,1858,1584,274,981,886,95,45,28,17,76,60,16,501,181,320
C3010,23,20,0000,District - Ratlam  20,Rural,25-29,63726,31477,32249,750,336,414,0,0,0,125,113,12,32,15,17,23,20,3,570,188,382
C3010,23,20,0000,District - Ratlam  20,Rural,30-34,61263,30851,30412,637,276,361,0,0,0,27,25,2,16,10,6,5,3,2,589,238,351
C3010,23,20,0000,District - Ratlam  20,Rural,35-59,179169,93015,86154,1461,635,826,0,0,0,13,11,2,48,22,26,8,3,5,1392,599,793
C3010,23,20,0000,District - Ratlam  20,Rural,60+,57538,26104,31434,88,46,42,0,0,0,3,3,0,20,6,14,4,1,3,61,36,25
C3010,23,20,0000,District - Ratlam  20,Rural,Age not stated,1588,881,707,6,2,4,0,0,0,1,1,0,0,0,0,0,0,0,5,1,4
C3010,23,20,0000,District - Ratlam  20,Urban,All ages,368434,189632,178802,95795,51766,44029,87056,46640,40416,7857,4582,3275,507,357,150,265,149,116,110,38,72
C3010,23,20,0000,District - Ratlam  20,Urban,0-4,34779,17907,16872,2264,1139,1125,2264,1139,1125,0,0,0,0,0,0,0,0,0,0,0,0
C3010,23,20,0000,District - Ratlam  20,Urban,5,8672,4619,4053,3016,1613,1403,3016,1613,1403,0,0,0,0,0,0,0,0,0,0,0,0
C3010,23,20,0000,District - Ratlam  20,Urban,6,7734,3979,3755,4031,2086,1945,4031,2086,1945,0,0,0,0,0,0,0,0,0,0,0,0
C3010,23,20,0000,District - Ratlam  20,Urban,7,8202,4162,4040,6887,3526,3361,6887,3526,3361,0,0,0,0,0,0,0,0,0,0,0,0
C3010,23,20,0000,District - Ratlam  20,Urban,8,10164,5258,4906,8828,4628,4200,8828,4628,4200,0,0,0,0,0,0,0,0,0,0,0,0
C3010,23,20,0000,District - Ratlam  20,Urban,9,6620,3462,3158,6022,3176,2846,6022,3176,2846,0,0,0,0,0,0,0,0,0,0,0,0
C3010,23,20,0000,District - Ratlam  20,Urban,10,11003,5706,5297,9673,5084,4589,9673,5084,4589,0,0,0,0,0,0,0,0,0,0,0,0
C3010,23,20,0000,District - Ratlam  20,Urban,11,6757,3520,3237,6149,3226,2923,6149,3226,2923,0,0,0,0,0,0,0,0,0,0,0,0
C3010,23,20,0000,District - Ratlam  20,Urban,12,10157,5411,4746,8649,4673,3976,8649,4673,3976,0,0,0,0,0,0,0,0,0,0,0,0
C3010,23,20,0000,District - Ratlam  20,Urban,13,7422,3747,3675,6145,3188,2957,6145,3188,2957,0,0,0,0,0,0,0,0,0,0,0,0
C3010,23,20,0000,District - Ratlam  20,Urban,14,7772,4109,3663,5997,3256,2741,5997,3256,2741,0,0,0,0,0,0,0,0,0,0,0,0
C3010,23,20,0000,District - Ratlam  20,Urban,15-19,38533,20325,18208,20898,11614,9284,17866,10026,7840,2716,1395,1321,191,126,65,118,65,53,7,2,5
C3010,23,20,0000,District - Ratlam  20,Urban,20-24,34385,17936,16449,6350,4002,2348,1529,1019,510,4542,2787,1755,166,134,32,98,58,40,15,4,11
C3010,23,20,0000,District - Ratlam  20,Urban,25-29,29359,14476,14883,492,355,137,0,0,0,372,270,102,77,58,19,34,23,11,9,4,5
C3010,23,20,0000,District - Ratlam  20,Urban,30-34,27775,13713,14062,122,51,71,0,0,0,84,37,47,18,10,8,6,2,4,14,2,12
C3010,23,20,0000,District - Ratlam  20,Urban,35-59,91660,48119,43541,220,120,100,0,0,0,120,75,45,39,23,16,7,0,7,54,22,32
C3010,23,20,0000,District - Ratlam  20,Urban,60+,26749,12800,13949,44,26,18,0,0,0,17,15,2,14,6,8,2,1,1,11,4,7
C3010,23,20,0000,District - Ratlam  20,Urban,Age not stated,691,383,308,8,3,5,0,0,0,6,3,3,2,0,2,0,0,0,0,0,0
C3010,23,21,0000,District - Ujjain  21,Total,All ages,1710982,882871,828111,362338,213474,148864,338679,199307,139372,19039,12115,6924,1268,827,441,678,420,258,2674,805,1869
C3010,23,21,0000,District - Ujjain  21,Total,0-4,189458,97712,91746,5229,2794,2435,5229,2794,2435,0,0,0,0,0,0,0,0,0,0,0,0
C3010,23,21,0000,District - Ujjain  21,Total,5,45247,23735,21512,7881,4386,3495,7881,4386,3495,0,0,0,0,0,0,0,0,0,0,0,0
C3010,23,21,0000,District - Ujjain  21,Total,6,44082,22415,21667,16710,9224,7486,16710,9224,7486,0,0,0,0,0,0,0,0,0,0,0,0
C3010,23,21,0000,District - Ujjain  21,Total,7,39504,20169,19335,29135,15812,13323,29135,15812,13323,0,0,0,0,0,0,0,0,0,0,0,0
C3010,23,21,0000,District - Ujjain  21,Total,8,53604,27660,25944,41925,23150,18775,41925,23150,18775,0,0,0,0,0,0,0,0,0,0,0,0
C3010,23,21,0000,District - Ujjain  21,Total,9,33761,17328,16433,28597,15514,13083,28597,15514,13083,0,0,0,0,0,0,0,0,0,0,0,0
C3010,23,21,0000,District - Ujjain  21,Total,10,56853,29595,27258,45007,25315,19692,45007,25315,19692,0,0,0,0,0,0,0,0,0,0,0,0
C3010,23,21,0000,District - Ujjain  21,Total,11,29129,15636,13493,24524,14014,10510,24524,14014,10510,0,0,0,0,0,0,0,0,0,0,0,0
C3010,23,21,0000,District - Ujjain  21,Total,12,51456,27838,23618,37332,22564,14768,37332,22564,14768,0,0,0,0,0,0,0,0,0,0,0,0
C3010,23,21,0000,District - Ujjain  21,Total,13,30596,15785,14811,21353,12642,8711,21353,12642,8711,0,0,0,0,0,0,0,0,0,0,0,0
C3010,23,21,0000,District - Ujjain  21,Total,14,34832,18342,16490,21293,13309,7984,21293,13309,7984,0,0,0,0,0,0,0,0,0,0,0,0
C3010,23,21,0000,District - Ujjain  21,Total,15-19,162130,87377,74753,60081,39541,20540,53956,36159,17797,5366,2947,2419,379,239,140,251,151,100,129,45,84
C3010,23,21,0000,District - Ujjain  21,Total,20-24,152613,79308,73305,18190,12488,5702,5737,4424,1313,11512,7561,3951,377,269,108,172,116,56,392,118,274
C3010,23,21,0000,District - Ujjain  21,Total,25-29,130909,65362,65547,2211,1470,741,0,0,0,1387,1074,313,251,180,71,140,100,40,433,116,317
C3010,23,21,0000,District - Ujjain  21,Total,30-34,123990,62243,61747,847,360,487,0,0,0,262,189,73,59,27,32,41,19,22,485,125,360
C3010,23,21,0000,District - Ujjain  21,Total,35-59,381974,200457,181517,1642,671,971,0,0,0,298,208,90,138,77,61,51,21,30,1155,365,790
C3010,23,21,0000,District - Ujjain  21,Total,60+,131343,61603,69740,172,94,78,0,0,0,60,42,18,40,17,23,8,4,4,64,31,33
C3010,23,21,0000,District - Ujjain  21,Total,Age not stated,19501,10306,9195,209,126,83,0,0,0,154,94,60,24,18,6,15,9,6,16,5,11
C3010,23,21,0000,District - Ujjain  21,Rural,All ages,1048195,538586,509609,186340,116618,69722,180998,113454,67544,2293,2065,228,265,161,104,221,177,44,2563,761,1802
C3010,23,21,0000,District - Ujjain  21,Rural,0-4,127041,65226,61815,1050,595,455,1050,595,455,0,0,0,0,0,0,0,0,0,0,0,0
C3010,23,21,0000,District - Ujjain  21,Rural,5,30354,15822,14532,2230,1323,907,2230,1323,907,0,0,0,0,0,0,0,0,0,0,0,0
C3010,23,21,0000,District - Ujjain  21,Rural,6,30414,15287,15127,9208,5273,3935,9208,5273,3935,0,0,0,0,0,0,0,0,0,0,0,0
C3010,23,21,0000,District - Ujjain  21,Rural,7,25017,12744,12273,16917,9490,7427,16917,9490,7427,0,0,0,0,0,0,0,0,0,0,0,0
C3010,23,21,0000,District - Ujjain  21,Rural,8,36077,18428,17649,26629,14970,11659,26629,14970,11659,0,0,0,0,0,0,0,0,0,0,0,0
C3010,23,21,0000,District - Ujjain  21,Rural,9,21650,11106,10544,17532,9778,7754,17532,9778,7754,0,0,0,0,0,0,0,0,0,0,0,0
C3010,23,21,0000,District - Ujjain  21,Rural,10,38008,19561,18447,28402,16326,12076,28402,16326,12076,0,0,0,0,0,0,0,0,0,0,0,0
C3010,23,21,0000,District - Ujjain  21,Rural,11,16967,9212,7755,13450,8103,5347,13450,8103,5347,0,0,0,0,0,0,0,0,0,0,0,0
C3010,23,21,0000,District - Ujjain  21,Rural,12,33548,18079,15469,22020,14088,7932,22020,14088,7932,0,0,0,0,0,0,0,0,0,0,0,0
C3010,23,21,0000,District - Ujjain  21,Rural,13,17974,9366,8608,10717,7103,3614,10717,7103,3614,0,0,0,0,0,0,0,0,0,0,0,0
C3010,23,21,0000,District - Ujjain  21,Rural,14,20744,11093,9651,10229,7447,2782,10229,7447,2782,0,0,0,0,0,0,0,0,0,0,0,0
C3010,23,21,0000,District - Ujjain  21,Rural,15-19,93316,50617,42699,21092,17500,3592,20289,16903,3386,548,451,97,68,53,15,68,52,16,119,41,78
C3010,23,21,0000,District - Ujjain  21,Rural,20-24,89205,45709,43496,4203,3530,673,2325,2055,270,1404,1288,116,46,32,14,52,47,5,376,108,268
C3010,23,21,0000,District - Ujjain  21,Rural,25-29,77524,38913,38611,751,423,328,0,0,0,242,233,9,33,21,12,58,57,1,418,112,306
C3010,23,21,0000,District - Ujjain  21,Rural,30-34,74344,37372,36972,545,177,368,0,0,0,42,42,0,20,6,14,14,9,5,469,120,349
C3010,23,21,0000,District - Ujjain  21,Rural,35-59,221296,115603,105693,1236,421,815,0,0,0,33,29,4,69,38,31,22,7,15,1112,347,765
C3010,23,21,0000,District - Ujjain  21,Rural,60+,83277,38470,44807,83,42,41,0,0,0,3,3,0,24,9,15,3,2,1,53,28,25
C3010,23,21,0000,District - Ujjain  21,Rural,Age not stated,11439,5978,5461,46,29,17,0,0,0,21,19,2,5,2,3,4,3,1,16,5,11
C3010,23,21,0000,District - Ujjain  21,Urban,All ages,662787,344285,318502,175998,96856,79142,157681,85853,71828,16746,10050,6696,1003,666,337,457,243,214,111,44,67
C3010,23,21,0000,District - Ujjain  21,Urban,0-4,62417,32486,29931,4179,2199,1980,4179,2199,1980,0,0,0,0,0,0,0,0,0,0,0,0
C3010,23,21,0000,District - Ujjain  21,Urban,5,14893,7913,6980,5651,3063,2588,5651,3063,2588,0,0,0,0,0,0,0,0,0,0,0,0
C3010,23,21,0000,District - Ujjain  21,Urban,6,13668,7128,6540,7502,3951,3551,7502,3951,3551,0,0,0,0,0,0,0,0,0,0,0,0
C3010,23,21,0000,District - Ujjain  21,Urban,7,14487,7425,7062,12218,6322,5896,12218,6322,5896,0,0,0,0,0,0,0,0,0,0,0,0
C3010,23,21,0000,District - Ujjain  21,Urban,8,17527,9232,8295,15296,8180,7116,15296,8180,7116,0,0,0,0,0,0,0,0,0,0,0,0
C3010,23,21,0000,District - Ujjain  21,Urban,9,12111,6222,5889,11065,5736,5329,11065,5736,5329,0,0,0,0,0,0,0,0,0,0,0,0
C3010,23,21,0000,District - Ujjain  21,Urban,10,18845,10034,8811,16605,8989,7616,16605,8989,7616,0,0,0,0,0,0,0,0,0,0,0,0
C3010,23,21,0000,District - Ujjain  21,Urban,11,12162,6424,5738,11074,5911,5163,11074,5911,5163,0,0,0,0,0,0,0,0,0,0,0,0
C3010,23,21,0000,District - Ujjain  21,Urban,12,17908,9759,8149,15312,8476,6836,15312,8476,6836,0,0,0,0,0,0,0,0,0,0,0,0
C3010,23,21,0000,District - Ujjain  21,Urban,13,12622,6419,6203,10636,5539,5097,10636,5539,5097,0,0,0,0,0,0,0,0,0,0,0,0
C3010,23,21,0000,District - Ujjain  21,Urban,14,14088,7249,6839,11064,5862,5202,11064,5862,5202,0,0,0,0,0,0,0,0,0,0,0,0
C3010,23,21,0000,District - Ujjain  21,Urban,15-19,68814,36760,32054,38989,22041,16948,33667,19256,14411,4818,2496,2322,311,186,125,183,99,84,10,4,6
C3010,23,21,0000,District - Ujjain  21,Urban,20-24,63408,33599,29809,13987,8958,5029,3412,2369,1043,10108,6273,3835,331,237,94,120,69,51,16,10,6
C3010,23,21,0000,District - Ujjain  21,Urban,25-29,53385,26449,26936,1460,1047,413,0,0,0,1145,841,304,218,159,59,82,43,39,15,4,11
C3010,23,21,0000,District - Ujjain  21,Urban,30-34,49646,24871,24775,302,183,119,0,0,0,220,147,73,39,21,18,27,10,17,16,5,11
C3010,23,21,0000,District - Ujjain  21,Urban,35-59,160678,84854,75824,406,250,156,0,0,0,265,179,86,69,39,30,29,14,15,43,18,25
C3010,23,21,0000,District - Ujjain  21,Urban,60+,48066,23133,24933,89,52,37,0,0,0,57,39,18,16,8,8,5,2,3,11,3,8
C3010,23,21,0000,District - Ujjain  21,Urban,Age not stated,8062,4328,3734,163,97,66,0,0,0,133,75,58,19,16,3,11,6,5,0,0,0
C3010,23,22,0000,District - Shajapur  22,Total,All ages,1290685,669852,620833,299904,172784,127120,267267,160564,106703,5986,4528,1458,487,362,125,382,271,111,25782,7059,18723
C3010,23,22,0000,District - Shajapur  22,Total,0-4,159993,82483,77510,4354,2303,2051,4354,2303,2051,0,0,0,0,0,0,0,0,0,0,0,0
C3010,23,22,0000,District - Shajapur  22,Total,5,38255,20254,18001,6532,3776,2756,6532,3776,2756,0,0,0,0,0,0,0,0,0,0,0,0
C3010,23,22,0000,District - Shajapur  22,Total,6,36328,18458,17870,15413,8534,6879,15413,8534,6879,0,0,0,0,0,0,0,0,0,0,0,0
C3010,23,22,0000,District - Shajapur  22,Total,7,30228,15454,14774,24235,13029,11206,24235,13029,11206,0,0,0,0,0,0,0,0,0,0,0,0
C3010,23,22,0000,District - Shajapur  22,Total,8,43129,22413,20716,36706,20034,16672,36706,20034,16672,0,0,0,0,0,0,0,0,0,0,0,0
C3010,23,22,0000,District - Shajapur  22,Total,9,28615,14648,13967,25710,13698,12012,25710,13698,12012,0,0,0,0,0,0,0,0,0,0,0,0
C3010,23,22,0000,District - Shajapur  22,Total,10,44338,23296,21042,37662,21054,16608,37662,21054,16608,0,0,0,0,0,0,0,0,0,0,0,0
C3010,23,22,0000,District - Shajapur  22,Total,11,22490,12088,10402,19693,11235,8458,19693,11235,8458,0,0,0,0,0,0,0,0,0,0,0,0
C3010,23,22,0000,District - Shajapur  22,Total,12,39803,21764,18039,29716,18397,11319,29716,18397,11319,0,0,0,0,0,0,0,0,0,0,0,0
C3010,23,22,0000,District - Shajapur  22,Total,13,23339,12509,10830,16059,10283,5776,16059,10283,5776,0,0,0,0,0,0,0,0,0,0,0,0
C3010,23,22,0000,District - Shajapur  22,Total,14,25150,13813,11337,14717,10156,4561,14717,10156,4561,0,0,0,0,0,0,0,0,0,0,0,0
C3010,23,22,0000,District - Shajapur  22,Total,15-19,116880,63811,53069,36367,26939,9428,33179,25184,7995,1701,1054,647,226,202,24,232,165,67,1029,334,695
C3010,23,22,0000,District - Shajapur  22,Total,20-24,111564,57823,53741,10891,6959,3932,3291,2881,410,3751,2994,757,96,69,27,82,62,20,3671,953,2718
C3010,23,22,0000,District - Shajapur  22,Total,25-29,96574,48620,47954,5347,1666,3681,0,0,0,431,395,36,58,37,21,19,17,2,4839,1217,3622
C3010,23,22,0000,District - Shajapur  22,Total,30-34,92073,46311,45762,5624,1407,4217,0,0,0,63,54,9,28,16,12,14,8,6,5519,1329,4190
C3010,23,22,0000,District - Shajapur  22,Total,35-59,272835,142974,129861,10542,3171,7371,0,0,0,31,26,5,61,31,30,17,9,8,10433,3105,7328
C3010,23,22,0000,District - Shajapur  22,Total,60+,107658,52366,55292,319,139,180,0,0,0,6,4,2,18,7,11,14,7,7,281,121,160
C3010,23,22,0000,District - Shajapur  22,Total,Age not stated,1433,767,666,17,4,13,0,0,0,3,1,2,0,0,0,4,3,1,10,0,10
C3010,23,22,0000,District - Shajapur  22,Rural,All ages,1051455,545254,506201,236330,137044,99286,207811,127223,80588,2611,2344,267,358,265,93,320,237,83,25230,6975,18255
C3010,23,22,0000,District - Shajapur  22,Rural,0-4,133190,68699,64491,3079,1613,1466,3079,1613,1466,0,0,0,0,0,0,0,0,0,0,0,0
C3010,23,22,0000,District - Shajapur  22,Rural,5,31982,16879,15103,4246,2468,1778,4246,2468,1778,0,0,0,0,0,0,0,0,0,0,0,0
C3010,23,22,0000,District - Shajapur  22,Rural,6,30504,15419,15085,12126,6721,5405,12126,6721,5405,0,0,0,0,0,0,0,0,0,0,0,0
C3010,23,22,0000,District - Shajapur  22,Rural,7,24288,12393,11895,19179,10354,8825,19179,10354,8825,0,0,0,0,0,0,0,0,0,0,0,0
C3010,23,22,0000,District - Shajapur  22,Rural,8,35613,18453,17160,30033,16469,13564,30033,16469,13564,0,0,0,0,0,0,0,0,0,0,0,0
C3010,23,22,0000,District - Shajapur  22,Rural,9,23625,12060,11565,21116,11270,9846,21116,11270,9846,0,0,0,0,0,0,0,0,0,0,0,0
C3010,23,22,0000,District - Shajapur  22,Rural,10,36753,19315,17438,30907,17416,13491,30907,17416,13491,0,0,0,0,0,0,0,0,0,0,0,0
C3010,23,22,0000,District - Shajapur  22,Rural,11,17913,9649,8264,15498,8945,6553,15498,8945,6553,0,0,0,0,0,0,0,0,0,0,0,0
C3010,23,22,0000,District - Shajapur  22,Rural,12,32661,17913,14748,23679,14998,8681,23679,14998,8681,0,0,0,0,0,0,0,0,0,0,0,0
C3010,23,22,0000,District - Shajapur  22,Rural,13,18530,10036,8494,12082,8117,3965,12082,8117,3965,0,0,0,0,0,0,0,0,0,0,0,0
C3010,23,22,0000,District - Shajapur  22,Rural,14,19918,11085,8833,10827,7967,2860,10827,7967,2860,0,0,0,0,0,0,0,0,0,0,0,0
C3010,23,22,0000,District - Shajapur  22,Rural,15-19,92433,50531,41902,24601,19796,4805,22645,18692,3953,568,452,116,187,174,13,200,148,52,1001,330,671
C3010,23,22,0000,District - Shajapur  22,Rural,20-24,89764,46194,43570,7845,4806,3039,2394,2193,201,1733,1592,141,46,30,16,61,51,10,3611,940,2671
C3010,23,22,0000,District - Shajapur  22,Rural,25-29,77771,39360,38411,5063,1490,3573,0,0,0,260,251,9,37,18,19,15,13,2,4751,1208,3543
C3010,23,22,0000,District - Shajapur  22,Rural,30-34,74467,37412,37055,5472,1368,4104,0,0,0,34,33,1,25,14,11,12,7,5,5401,1314,4087
C3010,23,22,0000,District - Shajapur  22,Rural,35-59,220331,115088,105243,10274,3114,7160,0,0,0,14,14,0,49,25,24,15,8,7,10196,3067,7129
C3010,23,22,0000,District - Shajapur  22,Rural,60+,90816,44288,46528,289,129,160,0,0,0,2,2,0,14,4,10,13,7,6,260,116,144
C3010,23,22,0000,District - Shajapur  22,Rural,Age not stated,896,480,416,14,3,11,0,0,0,0,0,0,0,0,0,4,3,1,10,0,10
C3010,23,22,0000,District - Shajapur  22,Urban,All ages,239230,124598,114632,63574,35740,27834,59456,33341,26115,3375,2184,1191,129,97,32,62,34,28,552,84,468
C3010,23,22,0000,District - Shajapur  22,Urban,0-4,26803,13784,13019,1275,690,585,1275,690,585,0,0,0,0,0,0,0,0,0,0,0,0
C3010,23,22,0000,District - Shajapur  22,Urban,5,6273,3375,2898,2286,1308,978,2286,1308,978,0,0,0,0,0,0,0,0,0,0,0,0
C3010,23,22,0000,District - Shajapur  22,Urban,6,5824,3039,2785,3287,1813,1474,3287,1813,1474,0,0,0,0,0,0,0,0,0,0,0,0
C3010,23,22,0000,District - Shajapur  22,Urban,7,5940,3061,2879,5056,2675,2381,5056,2675,2381,0,0,0,0,0,0,0,0,0,0,0,0
C3010,23,22,0000,District - Shajapur  22,Urban,8,7516,3960,3556,6673,3565,3108,6673,3565,3108,0,0,0,0,0,0,0,0,0,0,0,0
C3010,23,22,0000,District - Shajapur  22,Urban,9,4990,2588,2402,4594,2428,2166,4594,2428,2166,0,0,0,0,0,0,0,0,0,0,0,0
C3010,23,22,0000,District - Shajapur  22,Urban,10,7585,3981,3604,6755,3638,3117,6755,3638,3117,0,0,0,0,0,0,0,0,0,0,0,0
C3010,23,22,0000,District - Shajapur  22,Urban,11,4577,2439,2138,4195,2290,1905,4195,2290,1905,0,0,0,0,0,0,0,0,0,0,0,0
C3010,23,22,0000,District - Shajapur  22,Urban,12,7142,3851,3291,6037,3399,2638,6037,3399,2638,0,0,0,0,0,0,0,0,0,0,0,0
C3010,23,22,0000,District - Shajapur  22,Urban,13,4809,2473,2336,3977,2166,1811,3977,2166,1811,0,0,0,0,0,0,0,0,0,0,0,0
C3010,23,22,0000,District - Shajapur  22,Urban,14,5232,2728,2504,3890,2189,1701,3890,2189,1701,0,0,0,0,0,0,0,0,0,0,0,0
C3010,23,22,0000,District - Shajapur  22,Urban,15-19,24447,13280,11167,11766,7143,4623,10534,6492,4042,1133,602,531,39,28,11,32,17,15,28,4,24
C3010,23,22,0000,District - Shajapur  22,Urban,20-24,21800,11629,10171,3046,2153,893,897,688,209,2018,1402,616,50,39,11,21,11,10,60,13,47
C3010,23,22,0000,District - Shajapur  22,Urban,25-29,18803,9260,9543,284,176,108,0,0,0,171,144,27,21,19,2,4,4,0,88,9,79
C3010,23,22,0000,District - Shajapur  22,Urban,30-34,17606,8899,8707,152,39,113,0,0,0,29,21,8,3,2,1,2,1,1,118,15,103
C3010,23,22,0000,District - Shajapur  22,Urban,35-59,52504,27886,24618,268,57,211,0,0,0,17,12,5,12,6,6,2,1,1,237,38,199
C3010,23,22,0000,District - Shajapur  22,Urban,60+,16842,8078,8764,30,10,20,0,0,0,4,2,2,4,3,1,1,0,1,21,5,16
C3010,23,22,0000,District - Shajapur  22,Urban,Age not stated,537,287,250,3,1,2,0,0,0,3,1,2,0,0,0,0,0,0,0,0,0
C3010,23,23,0000,District - Dewas  23,Total,All ages,1308223,677866,630357,284562,170452,114110,272917,162937,109980,9071,6226,2845,539,383,156,379,251,128,1656,655,1001
C3010,23,23,0000,District - Dewas  23,Total,0-4,157265,81290,75975,3489,1913,1576,3489,1913,1576,0,0,0,0,0,0,0,0,0,0,0,0
C3010,23,23,0000,District - Dewas  23,Total,5,35882,19062,16820,5491,3082,2409,5491,3082,2409,0,0,0,0,0,0,0,0,0,0,0,0
C3010,23,23,0000,District - Dewas  23,Total,6,38048,19428,18620,13589,7488,6101,13589,7488,6101,0,0,0,0,0,0,0,0,0,0,0,0
C3010,23,23,0000,District - Dewas  23,Total,7,31634,16087,15547,22347,12091,10256,22347,12091,10256,0,0,0,0,0,0,0,0,0,0,0,0
C3010,23,23,0000,District - Dewas  23,Total,8,46091,23711,22380,34209,18699,15510,34209,18699,15510,0,0,0,0,0,0,0,0,0,0,0,0
C3010,23,23,0000,District - Dewas  23,Total,9,27814,14269,13545,23120,12445,10675,23120,12445,10675,0,0,0,0,0,0,0,0,0,0,0,0
C3010,23,23,0000,District - Dewas  23,Total,10,48152,25305,22847,37552,21061,16491,37552,21061,16491,0,0,0,0,0,0,0,0,0,0,0,0
C3010,23,23,0000,District - Dewas  23,Total,11,23317,12443,10874,19507,11067,8440,19507,11067,8440,0,0,0,0,0,0,0,0,0,0,0,0
C3010,23,23,0000,District - Dewas  23,Total,12,41470,22180,19290,30245,17987,12258,30245,17987,12258,0,0,0,0,0,0,0,0,0,0,0,0
C3010,23,23,0000,District - Dewas  23,Total,13,24936,12994,11942,17670,10539,7131,17670,10539,7131,0,0,0,0,0,0,0,0,0,0,0,0
C3010,23,23,0000,District - Dewas  23,Total,14,28959,15433,13526,17921,11462,6459,17921,11462,6459,0,0,0,0,0,0,0,0,0,0,0,0
C3010,23,23,0000,District - Dewas  23,Total,15-19,121478,67367,54111,46017,32884,13133,42979,31107,11872,2652,1529,1123,142,107,35,171,105,66,73,36,37
C3010,23,23,0000,District - Dewas  23,Total,20-24,112480,58297,54183,10779,8223,2556,4798,3996,802,5462,3912,1550,165,128,37,129,97,32,225,90,135
C3010,23,23,0000,District - Dewas  23,Total,25-29,98730,48672,50058,1052,718,334,0,0,0,638,529,109,95,69,26,39,21,18,280,99,181
C3010,23,23,0000,District - Dewas  23,Total,30-34,95665,47983,47682,485,227,258,0,0,0,114,88,26,33,21,12,11,8,3,327,110,217
C3010,23,23,0000,District - Dewas  23,Total,35-59,272389,144155,128234,933,469,464,0,0,0,151,124,27,73,42,31,21,15,6,688,288,400
C3010,23,23,0000,District - Dewas  23,Total,60+,96337,45056,51281,105,62,43,0,0,0,20,19,1,23,10,13,5,4,1,57,29,28
C3010,23,23,0000,District - Dewas  23,Total,Age not stated,7576,4134,3442,51,35,16,0,0,0,34,25,9,8,6,2,3,1,2,6,3,3
C3010,23,23,0000,District - Dewas  23,Rural,All ages,949876,491053,458823,184236,114180,70056,179951,111240,68711,2323,2049,274,212,137,75,170,128,42,1580,626,954
C3010,23,23,0000,District - Dewas  23,Rural,0-4,119597,61574,58023,1098,619,479,1098,619,479,0,0,0,0,0,0,0,0,0,0,0,0
C3010,23,23,0000,District - Dewas  23,Rural,5,26812,14149,12663,2345,1325,1020,2345,1325,1020,0,0,0,0,0,0,0,0,0,0,0,0
C3010,23,23,0000,District - Dewas  23,Rural,6,29490,14999,14491,9082,5102,3980,9082,5102,3980,0,0,0,0,0,0,0,0,0,0,0,0
C3010,23,23,0000,District - Dewas  23,Rural,7,22802,11589,11213,15040,8276,6764,15040,8276,6764,0,0,0,0,0,0,0,0,0,0,0,0
C3010,23,23,0000,District - Dewas  23,Rural,8,34837,17835,17002,24545,13512,11033,24545,13512,11033,0,0,0,0,0,0,0,0,0,0,0,0
C3010,23,23,0000,District - Dewas  23,Rural,9,20487,10488,9999,16488,8983,7505,16488,8983,7505,0,0,0,0,0,0,0,0,0,0,0,0
C3010,23,23,0000,District - Dewas  23,Rural,10,36208,18971,17237,27038,15354,11684,27038,15354,11684,0,0,0,0,0,0,0,0,0,0,0,0
C3010,23,23,0000,District - Dewas  23,Rural,11,16389,8838,7551,13204,7707,5497,13204,7707,5497,0,0,0,0,0,0,0,0,0,0,0,0
C3010,23,23,0000,District - Dewas  23,Rural,12,30640,16283,14357,20945,12782,8163,20945,12782,8163,0,0,0,0,0,0,0,0,0,0,0,0
C3010,23,23,0000,District - Dewas  23,Rural,13,17516,9282,8234,11397,7264,4133,11397,7264,4133,0,0,0,0,0,0,0,0,0,0,0,0
C3010,23,23,0000,District - Dewas  23,Rural,14,20774,11138,9636,11443,7863,3580,11443,7863,3580,0,0,0,0,0,0,0,0,0,0,0,0
C3010,23,23,0000,District - Dewas  23,Rural,15-19,85063,47599,37464,25215,20511,4704,24440,19914,4526,595,478,117,33,30,3,78,54,24,69,35,34
C3010,23,23,0000,District - Dewas  23,Rural,20-24,80226,41542,38684,4641,3996,645,2886,2539,347,1426,1281,145,57,40,17,56,48,8,216,88,128
C3010,23,23,0000,District - Dewas  23,Rural,25-29,69745,34680,35065,537,335,202,0,0,0,217,209,8,37,22,15,14,11,3,269,93,176
C3010,23,23,0000,District - Dewas  23,Rural,30-34,67555,33873,33682,365,148,217,0,0,0,33,31,2,16,9,7,5,3,2,311,105,206
C3010,23,23,0000,District - Dewas  23,Rural,35-59,191897,100461,91436,760,353,407,0,0,0,41,39,2,48,27,21,12,9,3,659,278,381
C3010,23,23,0000,District - Dewas  23,Rural,60+,74456,34825,39631,78,41,37,0,0,0,6,6,0,18,8,10,4,3,1,50,24,26
C3010,23,23,0000,District - Dewas  23,Rural,Age not stated,5382,2927,2455,15,9,6,0,0,0,5,5,0,3,1,2,1,0,1,6,3,3
C3010,23,23,0000,District - Dewas  23,Urban,All ages,358347,186813,171534,100326,56272,44054,92966,51697,41269,6748,4177,2571,327,246,81,209,123,86,76,29,47
C3010,23,23,0000,District - Dewas  23,Urban,0-4,37668,19716,17952,2391,1294,1097,2391,1294,1097,0,0,0,0,0,0,0,0,0,0,0,0
C3010,23,23,0000,District - Dewas  23,Urban,5,9070,4913,4157,3146,1757,1389,3146,1757,1389,0,0,0,0,0,0,0,0,0,0,0,0
C3010,23,23,0000,District - Dewas  23,Urban,6,8558,4429,4129,4507,2386,2121,4507,2386,2121,0,0,0,0,0,0,0,0,0,0,0,0
C3010,23,23,0000,District - Dewas  23,Urban,7,8832,4498,4334,7307,3815,3492,7307,3815,3492,0,0,0,0,0,0,0,0,0,0,0,0
C3010,23,23,0000,District - Dewas  23,Urban,8,11254,5876,5378,9664,5187,4477,9664,5187,4477,0,0,0,0,0,0,0,0,0,0,0,0
C3010,23,23,0000,District - Dewas  23,Urban,9,7327,3781,3546,6632,3462,3170,6632,3462,3170,0,0,0,0,0,0,0,0,0,0,0,0
C3010,23,23,0000,District - Dewas  23,Urban,10,11944,6334,5610,10514,5707,4807,10514,5707,4807,0,0,0,0,0,0,0,0,0,0,0,0
C3010,23,23,0000,District - Dewas  23,Urban,11,6928,3605,3323,6303,3360,2943,6303,3360,2943,0,0,0,0,0,0,0,0,0,0,0,0
C3010,23,23,0000,District - Dewas  23,Urban,12,10830,5897,4933,9300,5205,4095,9300,5205,4095,0,0,0,0,0,0,0,0,0,0,0,0
C3010,23,23,0000,District - Dewas  23,Urban,13,7420,3712,3708,6273,3275,2998,6273,3275,2998,0,0,0,0,0,0,0,0,0,0,0,0
C3010,23,23,0000,District - Dewas  23,Urban,14,8185,4295,3890,6478,3599,2879,6478,3599,2879,0,0,0,0,0,0,0,0,0,0,0,0
C3010,23,23,0000,District - Dewas  23,Urban,15-19,36415,19768,16647,20802,12373,8429,18539,11193,7346,2057,1051,1006,109,77,32,93,51,42,4,1,3
C3010,23,23,0000,District - Dewas  23,Urban,20-24,32254,16755,15499,6138,4227,1911,1912,1457,455,4036,2631,1405,108,88,20,73,49,24,9,2,7
C3010,23,23,0000,District - Dewas  23,Urban,25-29,28985,13992,14993,515,383,132,0,0,0,421,320,101,58,47,11,25,10,15,11,6,5
C3010,23,23,0000,District - Dewas  23,Urban,30-34,28110,14110,14000,120,79,41,0,0,0,81,57,24,17,12,5,6,5,1,16,5,11
C3010,23,23,0000,District - Dewas  23,Urban,35-59,80492,43694,36798,173,116,57,0,0,0,110,85,25,25,15,10,9,6,3,29,10,19
C3010,23,23,0000,District - Dewas  23,Urban,60+,21881,10231,11650,27,21,6,0,0,0,14,13,1,5,2,3,1,1,0,7,5,2
C3010,23,23,0000,District - Dewas  23,Urban,Age not stated,2194,1207,987,36,26,10,0,0,0,29,20,9,5,5,0,2,1,1,0,0,0
C3010,23,24,0000,District - Jhabua  24,Total,All ages,1394561,702053,692508,191116,120249,70867,181494,113647,67847,5525,3939,1586,334,223,111,303,226,77,3460,2214,1246
C3010,23,24,0000,District - Jhabua  24,Total,0-4,221657,111925,109732,1631,914,717,1631,914,717,0,0,0,0,0,0,0,0,0,0,0,0
C3010,23,24,0000,District - Jhabua  24,Total,5,44105,22557,21548,3139,1821,1318,3139,1821,1318,0,0,0,0,0,0,0,0,0,0,0,0
C3010,23,24,0000,District - Jhabua  24,Total,6,53839,27427,26412,10914,6363,4551,10914,6363,4551,0,0,0,0,0,0,0,0,0,0,0,0
C3010,23,24,0000,District - Jhabua  24,Total,7,38816,19882,18934,16463,9697,6766,16463,9697,6766,0,0,0,0,0,0,0,0,0,0,0,0
C3010,23,24,0000,District - Jhabua  24,Total,8,61565,31803,29762,27363,16405,10958,27363,16405,10958,0,0,0,0,0,0,0,0,0,0,0,0
C3010,23,24,0000,District - Jhabua  24,Total,9,32373,16615,15758,17382,10212,7170,17382,10212,7170,0,0,0,0,0,0,0,0,0,0,0,0
C3010,23,24,0000,District - Jhabua  24,Total,10,59377,30730,28647,26163,16179,9984,26163,16179,9984,0,0,0,0,0,0,0,0,0,0,0,0
C3010,23,24,0000,District - Jhabua  24,Total,11,20981,10983,9998,11351,6991,4360,11351,6991,4360,0,0,0,0,0,0,0,0,0,0,0,0
C3010,23,24,0000,District - Jhabua  24,Total,12,49954,26165,23789,19089,12319,6770,19089,12319,6770,0,0,0,0,0,0,0,0,0,0,0,0
C3010,23,24,0000,District - Jhabua  24,Total,13,24017,12371,11646,9969,6383,3586,9969,6383,3586,0,0,0,0,0,0,0,0,0,0,0,0
C3010,23,24,0000,District - Jhabua  24,Total,14,32769,16861,15908,10763,7095,3668,10763,7095,3668,0,0,0,0,0,0,0,0,0,0,0,0
C3010,23,24,0000,District - Jhabua  24,Total,15-19,123425,61203,62222,26107,17841,8266,24210,16729,7481,1502,867,635,83,61,22,116,81,35,196,103,93
C3010,23,24,0000,District - Jhabua  24,Total,20-24,103302,50311,52991,7276,5562,1714,3057,2539,518,3387,2522,865,135,89,46,119,95,24,578,317,261
C3010,23,24,0000,District - Jhabua  24,Total,25-29,92597,45529,47068,1241,898,343,0,0,0,522,459,63,50,35,15,35,29,6,634,375,259
C3010,23,24,0000,District - Jhabua  24,Total,30-34,87900,43238,44662,694,461,233,0,0,0,66,54,12,16,9,7,11,6,5,601,392,209
C3010,23,24,0000,District - Jhabua  24,Total,35-59,274760,140592,134168,1479,1044,435,0,0,0,40,30,10,37,22,15,20,15,5,1382,977,405
C3010,23,24,0000,District - Jhabua  24,Total,60+,72212,33395,38817,82,57,25,0,0,0,2,1,1,12,7,5,2,0,2,66,49,17
C3010,23,24,0000,District - Jhabua  24,Total,Age not stated,912,466,446,10,7,3,0,0,0,6,6,0,1,0,1,0,0,0,3,1,2
C3010,23,24,0000,District - Jhabua  24,Rural,All ages,1273530,639252,634278,156127,100708,55419,149979,96281,53698,2405,2011,394,138,94,44,161,113,48,3444,2209,1235
C3010,23,24,0000,District - Jhabua  24,Rural,0-4,208658,105161,103497,959,535,424,959,535,424,0,0,0,0,0,0,0,0,0,0,0,0
C3010,23,24,0000,District - Jhabua  24,Rural,5,41085,20998,20087,1969,1211,758,1969,1211,758,0,0,0,0,0,0,0,0,0,0,0,0
C3010,23,24,0000,District - Jhabua  24,Rural,6,50888,25933,24955,9173,5473,3700,9173,5473,3700,0,0,0,0,0,0,0,0,0,0,0,0
C3010,23,24,0000,District - Jhabua  24,Rural,7,35916,18387,17529,14062,8411,5651,14062,8411,5651,0,0,0,0,0,0,0,0,0,0,0,0
C3010,23,24,0000,District - Jhabua  24,Rural,8,57901,29912,27989,24291,14781,9510,24291,14781,9510,0,0,0,0,0,0,0,0,0,0,0,0
C3010,23,24,0000,District - Jhabua  24,Rural,9,29825,15335,14490,15110,9053,6057,15110,9053,6057,0,0,0,0,0,0,0,0,0,0,0,0
C3010,23,24,0000,District - Jhabua  24,Rural,10,55537,28694,26843,22947,14413,8534,22947,14413,8534,0,0,0,0,0,0,0,0,0,0,0,0
C3010,23,24,0000,District - Jhabua  24,Rural,11,18558,9657,8901,9175,5779,3396,9175,5779,3396,0,0,0,0,0,0,0,0,0,0,0,0
C3010,23,24,0000,District - Jhabua  24,Rural,12,46364,24241,22123,16181,10700,5481,16181,10700,5481,0,0,0,0,0,0,0,0,0,0,0,0
C3010,23,24,0000,District - Jhabua  24,Rural,13,21449,11012,10437,7818,5221,2597,7818,5221,2597,0,0,0,0,0,0,0,0,0,0,0,0
C3010,23,24,0000,District - Jhabua  24,Rural,14,29853,15308,14545,8462,5827,2635,8462,5827,2635,0,0,0,0,0,0,0,0,0,0,0,0
C3010,23,24,0000,District - Jhabua  24,Rural,15-19,110258,54037,56221,18151,13253,4898,17361,12733,4628,515,370,145,14,8,6,65,39,26,196,103,93
C3010,23,24,0000,District - Jhabua  24,Rural,20-24,92016,44364,47652,4651,3813,838,2471,2144,327,1498,1270,228,46,36,10,62,49,13,574,314,260
C3010,23,24,0000,District - Jhabua  24,Rural,25-29,82955,40718,42237,998,718,280,0,0,0,329,315,14,25,18,7,13,11,2,631,374,257
C3010,23,24,0000,District - Jhabua  24,Rural,30-34,78718,38601,40117,656,438,218,0,0,0,38,36,2,11,7,4,6,3,3,601,392,209
C3010,23,24,0000,District - Jhabua  24,Rural,35-59,247267,126134,121133,1441,1024,417,0,0,0,22,18,4,29,18,11,13,11,2,1377,977,400
C3010,23,24,0000,District - Jhabua  24,Rural,60+,65403,30316,35087,78,56,22,0,0,0,2,1,1,12,7,5,2,0,2,62,48,14
C3010,23,24,0000,District - Jhabua  24,Rural,Age not stated,879,444,435,5,2,3,0,0,0,1,1,0,1,0,1,0,0,0,3,1,2
C3010,23,24,0000,District - Jhabua  24,Urban,All ages,121031,62801,58230,34989,19541,15448,31515,17366,14149,3120,1928,1192,196,129,67,142,113,29,16,5,11
C3010,23,24,0000,District - Jhabua  24,Urban,0-4,12999,6764,6235,672,379,293,672,379,293,0,0,0,0,0,0,0,0,0,0,0,0
C3010,23,24,0000,District - Jhabua  24,Urban,5,3020,1559,1461,1170,610,560,1170,610,560,0,0,0,0,0,0,0,0,0,0,0,0
C3010,23,24,0000,District - Jhabua  24,Urban,6,2951,1494,1457,1741,890,851,1741,890,851,0,0,0,0,0,0,0,0,0,0,0,0
C3010,23,24,0000,District - Jhabua  24,Urban,7,2900,1495,1405,2401,1286,1115,2401,1286,1115,0,0,0,0,0,0,0,0,0,0,0,0
C3010,23,24,0000,District - Jhabua  24,Urban,8,3664,1891,1773,3072,1624,1448,3072,1624,1448,0,0,0,0,0,0,0,0,0,0,0,0
C3010,23,24,0000,District - Jhabua  24,Urban,9,2548,1280,1268,2272,1159,1113,2272,1159,1113,0,0,0,0,0,0,0,0,0,0,0,0
C3010,23,24,0000,District - Jhabua  24,Urban,10,3840,2036,1804,3216,1766,1450,3216,1766,1450,0,0,0,0,0,0,0,0,0,0,0,0
C3010,23,24,0000,District - Jhabua  24,Urban,11,2423,1326,1097,2176,1212,964,2176,1212,964,0,0,0,0,0,0,0,0,0,0,0,0
C3010,23,24,0000,District - Jhabua  24,Urban,12,3590,1924,1666,2908,1619,1289,2908,1619,1289,0,0,0,0,0,0,0,0,0,0,0,0
C3010,23,24,0000,District - Jhabua  24,Urban,13,2568,1359,1209,2151,1162,989,2151,1162,989,0,0,0,0,0,0,0,0,0,0,0,0
C3010,23,24,0000,District - Jhabua  24,Urban,14,2916,1553,1363,2301,1268,1033,2301,1268,1033,0,0,0,0,0,0,0,0,0,0,0,0
C3010,23,24,0000,District - Jhabua  24,Urban,15-19,13167,7166,6001,7956,4588,3368,6849,3996,2853,987,497,490,69,53,16,51,42,9,0,0,0
C3010,23,24,0000,District - Jhabua  24,Urban,20-24,11286,5947,5339,2625,1749,876,586,395,191,1889,1252,637,89,53,36,57,46,11,4,3,1
C3010,23,24,0000,District - Jhabua  24,Urban,25-29,9642,4811,4831,243,180,63,0,0,0,193,144,49,25,17,8,22,18,4,3,1,2
C3010,23,24,0000,District - Jhabua  24,Urban,30-34,9182,4637,4545,38,23,15,0,0,0,28,18,10,5,2,3,5,3,2,0,0,0
C3010,23,24,0000,District - Jhabua  24,Urban,35-59,27493,14458,13035,38,20,18,0,0,0,18,12,6,8,4,4,7,4,3,5,0,5
C3010,23,24,0000,District - Jhabua  24,Urban,60+,6809,3079,3730,4,1,3,0,0,0,0,0,0,0,0,0,0,0,0,4,1,3
C3010,23,24,0000,District - Jhabua  24,Urban,Age not stated,33,22,11,5,5,0,0,0,0,5,5,0,0,0,0,0,0,0,0,0,0
C3010,23,25,0000,District - Dhar  25,Total,All ages,1740329,890416,849913,312622,186566,126056,294447,175228,119219,9268,6532,2736,729,409,320,413,288,125,7765,4109,3656
C3010,23,25,0000,District - Dhar  25,Total,0-4,232371,119307,113064,3660,1968,1692,3660,1968,1692,0,0,0,0,0,0,0,0,0,0,0,0
C3010,23,25,0000,District - Dhar  25,Total,5,50155,26251,23904,6250,3518,2732,6250,3518,2732,0,0,0,0,0,0,0,0,0,0,0,0
C3010,23,25,0000,District - Dhar  25,Total,6,56097,28683,27414,16030,9096,6934,16030,9096,6934,0,0,0,0,0,0,0,0,0,0,0,0
C3010,23,25,0000,District - Dhar  25,Total,7,45247,23099,22148,26344,14663,11681,26344,14663,11681,0,0,0,0,0,0,0,0,0,0,0,0
C3010,23,25,0000,District - Dhar  25,Total,8,65523,33353,32170,39352,22116,17236,39352,22116,17236,0,0,0,0,0,0,0,0,0,0,0,0
C3010,23,25,0000,District - Dhar  25,Total,9,38086,19395,18691,26931,14853,12078,26931,14853,12078,0,0,0,0,0,0,0,0,0,0,0,0
C3010,23,25,0000,District - Dhar  25,Total,10,65337,34102,31235,40379,23498,16881,40379,23498,16881,0,0,0,0,0,0,0,0,0,0,0,0
C3010,23,25,0000,District - Dhar  25,Total,11,28250,14846,13404,20454,11810,8644,20454,11810,8644,0,0,0,0,0,0,0,0,0,0,0,0
C3010,23,25,0000,District - Dhar  25,Total,12,55442,29118,26324,31454,19112,12342,31454,19112,12342,0,0,0,0,0,0,0,0,0,0,0,0
C3010,23,25,0000,District - Dhar  25,Total,13,30231,15509,14722,17717,10599,7118,17717,10599,7118,0,0,0,0,0,0,0,0,0,0,0,0
C3010,23,25,0000,District - Dhar  25,Total,14,36862,19167,17695,17885,11148,6737,17885,11148,6737,0,0,0,0,0,0,0,0,0,0,0,0
C3010,23,25,0000,District - Dhar  25,Total,15-19,153230,80916,72314,46560,31000,15560,43217,29102,14115,2636,1525,1111,156,87,69,144,98,46,407,188,219
C3010,23,25,0000,District - Dhar  25,Total,20-24,146591,74634,71957,11844,8601,3243,4774,3745,1029,5490,4036,1454,241,142,99,107,77,30,1232,601,631
C3010,23,25,0000,District - Dhar  25,Total,25-29,136884,68404,68480,2587,1642,945,0,0,0,883,756,127,147,96,51,67,49,18,1490,741,749
C3010,23,25,0000,District - Dhar  25,Total,30-34,129247,65285,63962,1726,900,826,0,0,0,146,125,21,53,23,30,21,16,5,1506,736,770
C3010,23,25,0000,District - Dhar  25,Total,35-59,358097,186641,171456,3199,1875,1324,0,0,0,78,62,16,107,52,55,62,39,23,2952,1722,1230
C3010,23,25,0000,District - Dhar  25,Total,60+,108460,49380,59080,200,132,68,0,0,0,18,13,5,19,5,14,9,6,3,154,108,46
C3010,23,25,0000,District - Dhar  25,Total,Age not stated,4219,2326,1893,50,35,15,0,0,0,17,15,2,6,4,2,3,3,0,24,13,11
C3010,23,25,0000,District - Dhar  25,Rural,All ages,1452145,736710,715435,244514,148539,95975,231512,140336,91176,4785,3760,1025,287,154,133,274,210,64,7656,4079,3577
C3010,23,25,0000,District - Dhar  25,Rural,0-4,199709,102127,97582,2240,1206,1034,2240,1206,1034,0,0,0,0,0,0,0,0,0,0,0,0
C3010,23,25,0000,District - Dhar  25,Rural,5,42524,22166,20358,4171,2374,1797,4171,2374,1797,0,0,0,0,0,0,0,0,0,0,0,0
C3010,23,25,0000,District - Dhar  25,Rural,6,48920,24980,23940,13076,7511,5565,13076,7511,5565,0,0,0,0,0,0,0,0,0,0,0,0
C3010,23,25,0000,District - Dhar  25,Rural,7,38188,19494,18694,20952,11830,9122,20952,11830,9122,0,0,0,0,0,0,0,0,0,0,0,0
C3010,23,25,0000,District - Dhar  25,Rural,8,56617,28819,27798,32386,18422,13964,32386,18422,13964,0,0,0,0,0,0,0,0,0,0,0,0
C3010,23,25,0000,District - Dhar  25,Rural,9,32373,16421,15952,22100,12259,9841,22100,12259,9841,0,0,0,0,0,0,0,0,0,0,0,0
C3010,23,25,0000,District - Dhar  25,Rural,10,56386,29374,27012,33244,19602,13642,33244,19602,13642,0,0,0,0,0,0,0,0,0,0,0,0
C3010,23,25,0000,District - Dhar  25,Rural,11,23205,12180,11025,16093,9433,6660,16093,9433,6660,0,0,0,0,0,0,0,0,0,0,0,0
C3010,23,25,0000,District - Dhar  25,Rural,12,47414,24768,22646,25255,15607,9648,25255,15607,9648,0,0,0,0,0,0,0,0,0,0,0,0
C3010,23,25,0000,District - Dhar  25,Rural,13,24953,12846,12107,13620,8426,5194,13620,8426,5194,0,0,0,0,0,0,0,0,0,0,0,0
C3010,23,25,0000,District - Dhar  25,Rural,14,30963,16036,14927,13694,8819,4875,13694,8819,4875,0,0,0,0,0,0,0,0,0,0,0,0
C3010,23,25,0000,District - Dhar  25,Rural,15-19,124988,65333,59655,32866,23032,9834,31085,21935,9150,1237,823,414,55,24,31,89,63,26,400,187,213
C3010,23,25,0000,District - Dhar  25,Rural,20-24,116444,57781,58663,7775,5880,1895,3596,2912,684,2819,2277,542,66,38,28,76,56,20,1218,597,621
C3010,23,25,0000,District - Dhar  25,Rural,25-29,109310,53807,55503,2143,1334,809,0,0,0,580,530,50,47,32,15,45,39,6,1471,733,738
C3010,23,25,0000,District - Dhar  25,Rural,30-34,105812,52595,53217,1628,844,784,0,0,0,96,87,9,32,17,15,13,10,3,1487,730,757
C3010,23,25,0000,District - Dhar  25,Rural,35-59,297464,153605,143859,3052,1811,1241,0,0,0,32,25,7,69,38,31,43,36,7,2908,1712,1196
C3010,23,25,0000,District - Dhar  25,Rural,60+,93202,42386,50816,181,122,59,0,0,0,12,9,3,13,1,12,7,5,2,149,107,42
C3010,23,25,0000,District - Dhar  25,Rural,Age not stated,3673,1992,1681,38,27,11,0,0,0,9,9,0,5,4,1,1,1,0,23,13,10
C3010,23,25,0000,District - Dhar  25,Urban,All ages,288184,153706,134478,68108,38027,30081,62935,34892,28043,4483,2772,1711,442,255,187,139,78,61,109,30,79
C3010,23,25,0000,District - Dhar  25,Urban,0-4,32662,17180,15482,1420,762,658,1420,762,658,0,0,0,0,0,0,0,0,0,0,0,0
C3010,23,25,0000,District - Dhar  25,Urban,5,7631,4085,3546,2079,1144,935,2079,1144,935,0,0,0,0,0,0,0,0,0,0,0,0
C3010,23,25,0000,District - Dhar  25,Urban,6,7177,3703,3474,2954,1585,1369,2954,1585,1369,0,0,0,0,0,0,0,0,0,0,0,0
C3010,23,25,0000,District - Dhar  25,Urban,7,7059,3605,3454,5392,2833,2559,5392,2833,2559,0,0,0,0,0,0,0,0,0,0,0,0
C3010,23,25,0000,District - Dhar  25,Urban,8,8906,4534,4372,6966,3694,3272,6966,3694,3272,0,0,0,0,0,0,0,0,0,0,0,0
C3010,23,25,0000,District - Dhar  25,Urban,9,5713,2974,2739,4831,2594,2237,4831,2594,2237,0,0,0,0,0,0,0,0,0,0,0,0
C3010,23,25,0000,District - Dhar  25,Urban,10,8951,4728,4223,7135,3896,3239,7135,3896,3239,0,0,0,0,0,0,0,0,0,0,0,0
C3010,23,25,0000,District - Dhar  25,Urban,11,5045,2666,2379,4361,2377,1984,4361,2377,1984,0,0,0,0,0,0,0,0,0,0,0,0
C3010,23,25,0000,District - Dhar  25,Urban,12,8028,4350,3678,6199,3505,2694,6199,3505,2694,0,0,0,0,0,0,0,0,0,0,0,0
C3010,23,25,0000,District - Dhar  25,Urban,13,5278,2663,2615,4097,2173,1924,4097,2173,1924,0,0,0,0,0,0,0,0,0,0,0,0
C3010,23,25,0000,District - Dhar  25,Urban,14,5899,3131,2768,4191,2329,1862,4191,2329,1862,0,0,0,0,0,0,0,0,0,0,0,0
C3010,23,25,0000,District - Dhar  25,Urban,15-19,28242,15583,12659,13694,7968,5726,12132,7167,4965,1399,702,697,101,63,38,55,35,20,7,1,6
C3010,23,25,0000,District - Dhar  25,Urban,20-24,30147,16853,13294,4069,2721,1348,1178,833,345,2671,1759,912,175,104,71,31,21,10,14,4,10
C3010,23,25,0000,District - Dhar  25,Urban,25-29,27574,14597,12977,444,308,136,0,0,0,303,226,77,100,64,36,22,10,12,19,8,11
C3010,23,25,0000,District - Dhar  25,Urban,30-34,23435,12690,10745,98,56,42,0,0,0,50,38,12,21,6,15,8,6,2,19,6,13
C3010,23,25,0000,District - Dhar  25,Urban,35-59,60633,33036,27597,147,64,83,0,0,0,46,37,9,38,14,24,19,3,16,44,10,34
C3010,23,25,0000,District - Dhar  25,Urban,60+,15258,6994,8264,19,10,9,0,0,0,6,4,2,6,4,2,2,1,1,5,1,4
C3010,23,25,0000,District - Dhar  25,Urban,Age not stated,546,334,212,12,8,4,0,0,0,8,6,2,1,0,1,2,2,0,1,0,1
C3010,23,26,0000,District - Indore  26,Total,All ages,2465827,1289352,1176475,622637,348570,274067,560801,310520,250281,54961,33496,21465,4845,3268,1577,1549,1055,494,481,231,250
C3010,23,26,0000,District - Indore  26,Total,0-4,253263,132520,120743,18112,9466,8646,18112,9466,8646,0,0,0,0,0,0,0,0,0,0,0,0
C3010,23,26,0000,District - Indore  26,Total,5,58759,31497,27262,20269,11053,9216,20269,11053,9216,0,0,0,0,0,0,0,0,0,0,0,0
C3010,23,26,0000,District - Indore  26,Total,6,57524,29636,27888,29467,15605,13862,29467,15605,13862,0,0,0,0,0,0,0,0,0,0,0,0
C3010,23,26,0000,District - Indore  26,Total,7,54021,27567,26454,42229,22155,20074,42229,22155,20074,0,0,0,0,0,0,0,0,0,0,0,0
C3010,23,26,0000,District - Indore  26,Total,8,70781,36914,33867,57705,30866,26839,57705,30866,26839,0,0,0,0,0,0,0,0,0,0,0,0
C3010,23,26,0000,District - Indore  26,Total,9,44595,22784,21811,38944,20368,18576,38944,20368,18576,0,0,0,0,0,0,0,0,0,0,0,0
C3010,23,26,0000,District - Indore  26,Total,10,75291,39694,35597,63366,34437,28929,63366,34437,28929,0,0,0,0,0,0,0,0,0,0,0,0
C3010,23,26,0000,District - Indore  26,Total,11,42996,22633,20363,38023,20528,17495,38023,20528,17495,0,0,0,0,0,0,0,0,0,0,0,0
C3010,23,26,0000,District - Indore  26,Total,12,67430,36122,31308,55156,30770,24386,55156,30770,24386,0,0,0,0,0,0,0,0,0,0,0,0
C3010,23,26,0000,District - Indore  26,Total,13,45883,23455,22428,37202,19977,17225,37202,19977,17225,0,0,0,0,0,0,0,0,0,0,0,0
C3010,23,26,0000,District - Indore  26,Total,14,50072,26184,23888,37602,20990,16612,37602,20990,16612,0,0,0,0,0,0,0,0,0,0,0,0
C3010,23,26,0000,District - Indore  26,Total,15-19,242444,131850,110594,128347,75490,52857,110397,65876,44521,15688,8213,7475,1597,952,645,637,436,201,28,13,15
C3010,23,26,0000,District - Indore  26,Total,20-24,243874,128726,115148,47509,30882,16627,12329,8429,3900,33016,21024,11992,1627,1069,558,460,317,143,77,43,34
C3010,23,26,0000,District - Indore  26,Total,25-29,217074,108605,108469,5095,3698,1397,0,0,0,3738,2663,1075,1007,807,200,283,201,82,67,27,40
C3010,23,26,0000,District - Indore  26,Total,30-34,196654,101518,95136,1203,768,435,0,0,0,842,529,313,228,165,63,63,38,25,70,36,34
C3010,23,26,0000,District - Indore  26,Total,35-59,569741,304663,265078,1883,1187,696,0,0,0,1320,836,484,295,215,80,83,48,35,185,88,97
C3010,23,26,0000,District - Indore  26,Total,60+,167746,80946,86800,344,225,119,0,0,0,209,152,57,67,39,28,15,11,4,53,23,30
C3010,23,26,0000,District - Indore  26,Total,Age not stated,7679,4038,3641,181,105,76,0,0,0,148,79,69,24,21,3,8,4,4,1,1,0
C3010,23,26,0000,District - Indore  26,Rural,All ages,735464,379624,355840,152711,92273,60438,148392,89168,59224,3728,2723,1005,269,175,94,189,138,51,133,69,64
C3010,23,26,0000,District - Indore  26,Rural,0-4,88245,45634,42611,1851,1004,847,1851,1004,847,0,0,0,0,0,0,0,0,0,0,0,0
C3010,23,26,0000,District - Indore  26,Rural,5,20339,10862,9477,3173,1840,1333,3173,1840,1333,0,0,0,0,0,0,0,0,0,0,0,0
C3010,23,26,0000,District - Indore  26,Rural,6,21113,10726,10387,8234,4518,3716,8234,4518,3716,0,0,0,0,0,0,0,0,0,0,0,0
C3010,23,26,0000,District - Indore  26,Rural,7,18435,9342,9093,12669,6839,5830,12669,6839,5830,0,0,0,0,0,0,0,0,0,0,0,0
C3010,23,26,0000,District - Indore  26,Rural,8,25208,13046,12162,18667,10203,8464,18667,10203,8464,0,0,0,0,0,0,0,0,0,0,0,0
C3010,23,26,0000,District - Indore  26,Rural,9,15091,7605,7486,12434,6614,5820,12434,6614,5820,0,0,0,0,0,0,0,0,0,0,0,0
C3010,23,26,0000,District - Indore  26,Rural,10,25841,13460,12381,20105,11276,8829,20105,11276,8829,0,0,0,0,0,0,0,0,0,0,0,0
C3010,23,26,0000,District - Indore  26,Rural,11,13327,6966,6361,11092,6186,4906,11092,6186,4906,0,0,0,0,0,0,0,0,0,0,0,0
C3010,23,26,0000,District - Indore  26,Rural,12,22582,11983,10599,16449,9824,6625,16449,9824,6625,0,0,0,0,0,0,0,0,0,0,0,0
C3010,23,26,0000,District - Indore  26,Rural,13,14188,7321,6867,9970,6000,3970,9970,6000,3970,0,0,0,0,0,0,0,0,0,0,0,0
C3010,23,26,0000,District - Indore  26,Rural,14,15598,8450,7148,9617,6362,3255,9617,6362,3255,0,0,0,0,0,0,0,0,0,0,0,0
C3010,23,26,0000,District - Indore  26,Rural,15-19,67480,37229,30251,23057,17326,5731,21819,16561,5258,1068,655,413,98,73,25,63,36,27,9,1,8
C3010,23,26,0000,District - Indore  26,Rural,20-24,64925,33290,31635,4675,3723,952,2312,1941,371,2224,1689,535,79,49,30,46,39,7,14,5,9
C3010,23,26,0000,District - Indore  26,Rural,25-29,58491,29014,29477,418,351,67,0,0,0,314,276,38,45,29,16,47,40,7,12,6,6
C3010,23,26,0000,District - Indore  26,Rural,30-34,55041,27594,27447,98,69,29,0,0,0,53,39,14,14,8,6,13,10,3,18,12,6
C3010,23,26,0000,District - Indore  26,Rural,35-59,155519,81924,73595,154,109,45,0,0,0,56,51,5,21,11,10,16,11,5,61,36,25
C3010,23,26,0000,District - Indore  26,Rural,60+,52501,24399,28102,45,26,19,0,0,0,11,11,0,11,4,7,4,2,2,19,9,10
C3010,23,26,0000,District - Indore  26,Rural,Age not stated,1540,779,761,3,3,0,0,0,0,2,2,0,1,1,0,0,0,0,0,0,0
C3010,23,26,0000,District - Indore  26,Urban,All ages,1730363,909728,820635,469926,256297,213629,412409,221352,191057,51233,30773,20460,4576,3093,1483,1360,917,443,348,162,186
C3010,23,26,0000,District - Indore  26,Urban,0-4,165018,86886,78132,16261,8462,7799,16261,8462,7799,0,0,0,0,0,0,0,0,0,0,0,0
C3010,23,26,0000,District - Indore  26,Urban,5,38420,20635,17785,17096,9213,7883,17096,9213,7883,0,0,0,0,0,0,0,0,0,0,0,0
C3010,23,26,0000,District - Indore  26,Urban,6,36411,18910,17501,21233,11087,10146,21233,11087,10146,0,0,0,0,0,0,0,0,0,0,0,0
C3010,23,26,0000,District - Indore  26,Urban,7,35586,18225,17361,29560,15316,14244,29560,15316,14244,0,0,0,0,0,0,0,0,0,0,0,0
C3010,23,26,0000,District - Indore  26,Urban,8,45573,23868,21705,39038,20663,18375,39038,20663,18375,0,0,0,0,0,0,0,0,0,0,0,0
C3010,23,26,0000,District - Indore  26,Urban,9,29504,15179,14325,26510,13754,12756,26510,13754,12756,0,0,0,0,0,0,0,0,0,0,0,0
C3010,23,26,0000,District - Indore  26,Urban,10,49450,26234,23216,43261,23161,20100,43261,23161,20100,0,0,0,0,0,0,0,0,0,0,0,0
C3010,23,26,0000,District - Indore  26,Urban,11,29669,15667,14002,26931,14342,12589,26931,14342,12589,0,0,0,0,0,0,0,0,0,0,0,0
C3010,23,26,0000,District - Indore  26,Urban,12,44848,24139,20709,38707,20946,17761,38707,20946,17761,0,0,0,0,0,0,0,0,0,0,0,0
C3010,23,26,0000,District - Indore  26,Urban,13,31695,16134,15561,27232,13977,13255,27232,13977,13255,0,0,0,0,0,0,0,0,0,0,0,0
C3010,23,26,0000,District - Indore  26,Urban,14,34474,17734,16740,27985,14628,13357,27985,14628,13357,0,0,0,0,0,0,0,0,0,0,0,0
C3010,23,26,0000,District - Indore  26,Urban,15-19,174964,94621,80343,105290,58164,47126,88578,49315,39263,14620,7558,7062,1499,879,620,574,400,174,19,12,7
C3010,23,26,0000,District - Indore  26,Urban,20-24,178949,95436,83513,42834,27159,15675,10017,6488,3529,30792,19335,11457,1548,1020,528,414,278,136,63,38,25
C3010,23,26,0000,District - Indore  26,Urban,25-29,158583,79591,78992,4677,3347,1330,0,0,0,3424,2387,1037,962,778,184,236,161,75,55,21,34
C3010,23,26,0000,District - Indore  26,Urban,30-34,141613,73924,67689,1105,699,406,0,0,0,789,490,299,214,157,57,50,28,22,52,24,28
C3010,23,26,0000,District - Indore  26,Urban,35-59,414222,222739,191483,1729,1078,651,0,0,0,1264,785,479,274,204,70,67,37,30,124,52,72
C3010,23,26,0000,District - Indore  26,Urban,60+,115245,56547,58698,299,199,100,0,0,0,198,141,57,56,35,21,11,9,2,34,14,20
C3010,23,26,0000,District - Indore  26,Urban,Age not stated,6139,3259,2880,178,102,76,0,0,0,146,77,69,23,20,3,8,4,4,1,1,0
C3010,23,27,0000,District - West Nimar  27,Total,All ages,1529562,784604,744958,300625,170533,130092,276272,158605,117667,8747,6054,2693,892,587,305,335,237,98,14379,5050,9329
C3010,23,27,0000,District - West Nimar  27,Total,0-4,201134,102060,99074,2150,1170,980,2150,1170,980,0,0,0,0,0,0,0,0,0,0,0,0
C3010,23,27,0000,District - West Nimar  27,Total,5,42165,22073,20092,3701,2066,1635,3701,2066,1635,0,0,0,0,0,0,0,0,0,0,0,0
C3010,23,27,0000,District - West Nimar  27,Total,6,47838,24248,23590,13598,7452,6146,13598,7452,6146,0,0,0,0,0,0,0,0,0,0,0,0
C3010,23,27,0000,District - West Nimar  27,Total,7,36592,18640,17952,24358,13116,11242,24358,13116,11242,0,0,0,0,0,0,0,0,0,0,0,0
C3010,23,27,0000,District - West Nimar  27,Total,8,54796,27943,26853,37210,20014,17196,37210,20014,17196,0,0,0,0,0,0,0,0,0,0,0,0
C3010,23,27,0000,District - West Nimar  27,Total,9,33397,16821,16576,26048,13664,12384,26048,13664,12384,0,0,0,0,0,0,0,0,0,0,0,0
C3010,23,27,0000,District - West Nimar  27,Total,10,55897,29058,26839,38869,21371,17498,38869,21371,17498,0,0,0,0,0,0,0,0,0,0,0,0
C3010,23,27,0000,District - West Nimar  27,Total,11,28162,14678,13484,21785,12046,9739,21785,12046,9739,0,0,0,0,0,0,0,0,0,0,0,0
C3010,23,27,0000,District - West Nimar  27,Total,12,48452,25655,22797,29993,17455,12538,29993,17455,12538,0,0,0,0,0,0,0,0,0,0,0,0
C3010,23,27,0000,District - West Nimar  27,Total,13,28560,14890,13670,17851,10402,7449,17851,10402,7449,0,0,0,0,0,0,0,0,0,0,0,0
C3010,23,27,0000,District - West Nimar  27,Total,14,35492,18648,16844,17717,10679,7038,17717,10679,7038,0,0,0,0,0,0,0,0,0,0,0,0
C3010,23,27,0000,District - West Nimar  27,Total,15-19,142164,77178,64986,43566,28723,14843,39715,26579,13136,2650,1523,1127,385,220,165,178,130,48,638,271,367
C3010,23,27,0000,District - West Nimar  27,Total,20-24,128202,67159,61043,11189,7552,3637,3277,2591,686,5401,3944,1457,323,253,70,83,59,24,2105,705,1400
C3010,23,27,0000,District - West Nimar  27,Total,25-29,112666,56051,56615,3168,1400,1768,0,0,0,554,482,72,74,54,20,34,25,9,2506,839,1667
C3010,23,27,0000,District - West Nimar  27,Total,30-34,110777,55292,55485,2818,945,1873,0,0,0,84,59,25,32,17,15,11,7,4,2691,862,1829
C3010,23,27,0000,District - West Nimar  27,Total,35-59,315950,165075,150875,6345,2343,4002,0,0,0,44,33,11,61,33,28,21,9,12,6219,2268,3951
C3010,23,27,0000,District - West Nimar  27,Total,60+,105943,48385,57558,247,129,118,0,0,0,10,9,1,17,10,7,6,5,1,214,105,109
C3010,23,27,0000,District - West Nimar  27,Total,Age not stated,1375,750,625,12,6,6,0,0,0,4,4,0,0,0,0,2,2,0,6,0,6
C3010,23,27,0000,District - West Nimar  27,Rural,All ages,1294103,662407,631696,240456,137226,103230,221894,128767,93127,3855,3087,768,278,190,88,233,171,62,14196,5011,9185
C3010,23,27,0000,District - West Nimar  27,Rural,0-4,176473,89316,87157,1172,637,535,1172,637,535,0,0,0,0,0,0,0,0,0,0,0,0
C3010,23,27,0000,District - West Nimar  27,Rural,5,36517,19050,17467,2189,1231,958,2189,1231,958,0,0,0,0,0,0,0,0,0,0,0,0
C3010,23,27,0000,District - West Nimar  27,Rural,6,42070,21208,20862,11126,6105,5021,11126,6105,5021,0,0,0,0,0,0,0,0,0,0,0,0
C3010,23,27,0000,District - West Nimar  27,Rural,7,31246,15919,15327,20120,10894,9226,20120,10894,9226,0,0,0,0,0,0,0,0,0,0,0,0
C3010,23,27,0000,District - West Nimar  27,Rural,8,47622,24219,23403,31306,16883,14423,31306,16883,14423,0,0,0,0,0,0,0,0,0,0,0,0
C3010,23,27,0000,District - West Nimar  27,Rural,9,28771,14422,14349,22017,11532,10485,22017,11532,10485,0,0,0,0,0,0,0,0,0,0,0,0
C3010,23,27,0000,District - West Nimar  27,Rural,10,48222,24965,23257,32462,17886,14576,32462,17886,14576,0,0,0,0,0,0,0,0,0,0,0,0
C3010,23,27,0000,District - West Nimar  27,Rural,11,23643,12261,11382,17822,9888,7934,17822,9888,7934,0,0,0,0,0,0,0,0,0,0,0,0
C3010,23,27,0000,District - West Nimar  27,Rural,12,41502,21937,19565,24587,14491,10096,24587,14491,10096,0,0,0,0,0,0,0,0,0,0,0,0
C3010,23,27,0000,District - West Nimar  27,Rural,13,23788,12464,11324,14154,8436,5718,14154,8436,5718,0,0,0,0,0,0,0,0,0,0,0,0
C3010,23,27,0000,District - West Nimar  27,Rural,14,30047,15888,14159,13940,8671,5269,13940,8671,5269,0,0,0,0,0,0,0,0,0,0,0,0
C3010,23,27,0000,District - West Nimar  27,Rural,15-19,116862,63410,53452,30365,21229,9136,28509,20086,8423,1031,730,301,71,53,18,127,93,34,627,267,360
C3010,23,27,0000,District - West Nimar  27,Rural,20-24,106518,55524,50994,7149,4848,2301,2490,2027,463,2443,2015,428,81,68,13,54,41,13,2081,697,1384
C3010,23,27,0000,District - West Nimar  27,Rural,25-29,94555,47149,47406,2844,1153,1691,0,0,0,299,271,28,40,27,13,25,19,6,2480,836,1644
C3010,23,27,0000,District - West Nimar  27,Rural,30-34,92831,46357,46474,2732,912,1820,0,0,0,45,38,7,24,10,14,7,6,1,2656,858,1798
C3010,23,27,0000,District - West Nimar  27,Rural,35-59,261618,136260,125358,6227,2302,3925,0,0,0,29,25,4,46,23,23,13,6,7,6139,2248,3891
C3010,23,27,0000,District - West Nimar  27,Rural,60+,90584,41378,49206,233,123,110,0,0,0,4,4,0,16,9,7,6,5,1,207,105,102
C3010,23,27,0000,District - West Nimar  27,Rural,Age not stated,1234,680,554,11,5,6,0,0,0,4,4,0,0,0,0,1,1,0,6,0,6
C3010,23,27,0000,District - West Nimar  27,Urban,All ages,235459,122197,113262,60169,33307,26862,54378,29838,24540,4892,2967,1925,614,397,217,102,66,36,183,39,144
C3010,23,27,0000,District - West Nimar  27,Urban,0-4,24661,12744,11917,978,533,445,978,533,445,0,0,0,0,0,0,0,0,0,0,0,0
C3010,23,27,0000,District - West Nimar  27,Urban,5,5648,3023,2625,1512,835,677,1512,835,677,0,0,0,0,0,0,0,0,0,0,0,0
C3010,23,27,0000,District - West Nimar  27,Urban,6,5768,3040,2728,2472,1347,1125,2472,1347,1125,0,0,0,0,0,0,0,0,0,0,0,0
C3010,23,27,0000,District - West Nimar  27,Urban,7,5346,2721,2625,4238,2222,2016,4238,2222,2016,0,0,0,0,0,0,0,0,0,0,0,0
C3010,23,27,0000,District - West Nimar  27,Urban,8,7174,3724,3450,5904,3131,2773,5904,3131,2773,0,0,0,0,0,0,0,0,0,0,0,0
C3010,23,27,0000,District - West Nimar  27,Urban,9,4626,2399,2227,4031,2132,1899,4031,2132,1899,0,0,0,0,0,0,0,0,0,0,0,0
C3010,23,27,0000,District - West Nimar  27,Urban,10,7675,4093,3582,6407,3485,2922,6407,3485,2922,0,0,0,0,0,0,0,0,0,0,0,0
C3010,23,27,0000,District - West Nimar  27,Urban,11,4519,2417,2102,3963,2158,1805,3963,2158,1805,0,0,0,0,0,0,0,0,0,0,0,0
C3010,23,27,0000,District - West Nimar  27,Urban,12,6950,3718,3232,5406,2964,2442,5406,2964,2442,0,0,0,0,0,0,0,0,0,0,0,0
C3010,23,27,0000,District - West Nimar  27,Urban,13,4772,2426,2346,3697,1966,1731,3697,1966,1731,0,0,0,0,0,0,0,0,0,0,0,0
C3010,23,27,0000,District - West Nimar  27,Urban,14,5445,2760,2685,3777,2008,1769,3777,2008,1769,0,0,0,0,0,0,0,0,0,0,0,0
C3010,23,27,0000,District - West Nimar  27,Urban,15-19,25302,13768,11534,13201,7494,5707,11206,6493,4713,1619,793,826,314,167,147,51,37,14,11,4,7
C3010,23,27,0000,District - West Nimar  27,Urban,20-24,21684,11635,10049,4040,2704,1336,787,564,223,2958,1929,1029,242,185,57,29,18,11,24,8,16
C3010,23,27,0000,District - West Nimar  27,Urban,25-29,18111,8902,9209,324,247,77,0,0,0,255,211,44,34,27,7,9,6,3,26,3,23
C3010,23,27,0000,District - West Nimar  27,Urban,30-34,17946,8935,9011,86,33,53,0,0,0,39,21,18,8,7,1,4,1,3,35,4,31
C3010,23,27,0000,District - West Nimar  27,Urban,35-59,54332,28815,25517,118,41,77,0,0,0,15,8,7,15,10,5,8,3,5,80,20,60
C3010,23,27,0000,District - West Nimar  27,Urban,60+,15359,7007,8352,14,6,8,0,0,0,6,5,1,1,1,0,0,0,0,7,0,7
C3010,23,27,0000,District - West Nimar  27,Urban,Age not stated,141,70,71,1,1,0,0,0,0,0,0,0,0,0,0,1,1,0,0,0,0
C3010,23,28,0000,District - Barwani *  28,Total,All ages,1081441,548609,532832,156619,90027,66592,145939,83452,62487,4467,3042,1425,342,213,129,158,98,60,5713,3222,2491
C3010,23,28,0000,District - Barwani *  28,Total,0-4,165669,83769,81900,1144,592,552,1144,592,552,0,0,0,0,0,0,0,0,0,0,0,0
C3010,23,28,0000,District - Barwani *  28,Total,5,32825,16824,16001,1979,1073,906,1979,1073,906,0,0,0,0,0,0,0,0,0,0,0,0
C3010,23,28,0000,District - Barwani *  28,Total,6,39277,20093,19184,7551,4192,3359,7551,4192,3359,0,0,0,0,0,0,0,0,0,0,0,0
C3010,23,28,0000,District - Barwani *  28,Total,7,29968,15134,14834,13700,7403,6297,13700,7403,6297,0,0,0,0,0,0,0,0,0,0,0,0
C3010,23,28,0000,District - Barwani *  28,Total,8,44607,22521,22086,20922,11304,9618,20922,11304,9618,0,0,0,0,0,0,0,0,0,0,0,0
C3010,23,28,0000,District - Barwani *  28,Total,9,25062,12586,12476,15064,8051,7013,15064,8051,7013,0,0,0,0,0,0,0,0,0,0,0,0
C3010,23,28,0000,District - Barwani *  28,Total,10,43041,22133,20908,21002,11727,9275,21002,11727,9275,0,0,0,0,0,0,0,0,0,0,0,0
C3010,23,28,0000,District - Barwani *  28,Total,11,18479,9628,8851,11216,6344,4872,11216,6344,4872,0,0,0,0,0,0,0,0,0,0,0,0
C3010,23,28,0000,District - Barwani *  28,Total,12,34595,18016,16579,15362,8923,6439,15362,8923,6439,0,0,0,0,0,0,0,0,0,0,0,0
C3010,23,28,0000,District - Barwani *  28,Total,13,19051,9822,9229,8837,5160,3677,8837,5160,3677,0,0,0,0,0,0,0,0,0,0,0,0
C3010,23,28,0000,District - Barwani *  28,Total,14,23971,12572,11399,8794,5329,3465,8794,5329,3465,0,0,0,0,0,0,0,0,0,0,0,0
C3010,23,28,0000,District - Barwani *  28,Total,15-19,91143,47076,44067,20434,13087,7347,18657,12038,6619,1362,778,584,80,48,32,68,42,26,267,181,86
C3010,23,28,0000,District - Barwani *  28,Total,20-24,85847,42824,43023,5460,3829,1631,1711,1316,395,2672,1900,772,106,78,28,49,30,19,922,505,417
C3010,23,28,0000,District - Barwani *  28,Total,25-29,79846,39331,40515,1535,956,579,0,0,0,308,271,37,46,31,15,18,10,8,1163,644,519
C3010,23,28,0000,District - Barwani *  28,Total,30-34,74063,37896,36167,1237,685,552,0,0,0,39,29,10,23,11,12,4,2,2,1171,643,528
C3010,23,28,0000,District - Barwani *  28,Total,35-59,201087,103767,97320,2173,1258,915,0,0,0,43,34,9,67,35,32,13,9,4,2050,1180,870
C3010,23,28,0000,District - Barwani *  28,Total,60+,58572,27360,31212,102,59,43,0,0,0,13,9,4,17,8,9,3,2,1,69,40,29
C3010,23,28,0000,District - Barwani *  28,Total,Age not stated,14338,7257,7081,107,55,52,0,0,0,30,21,9,3,2,1,3,3,0,71,29,42
C3010,23,28,0000,District - Barwani *  28,Rural,All ages,923466,467159,456307,120087,69866,50221,112207,64967,47240,1884,1488,396,203,122,81,102,72,30,5691,3217,2474
C3010,23,28,0000,District - Barwani *  28,Rural,0-4,148122,74664,73458,678,356,322,678,356,322,0,0,0,0,0,0,0,0,0,0,0,0
C3010,23,28,0000,District - Barwani *  28,Rural,5,28856,14749,14107,1188,657,531,1188,657,531,0,0,0,0,0,0,0,0,0,0,0,0
C3010,23,28,0000,District - Barwani *  28,Rural,6,35429,18150,17279,6079,3422,2657,6079,3422,2657,0,0,0,0,0,0,0,0,0,0,0,0
C3010,23,28,0000,District - Barwani *  28,Rural,7,26107,13173,12934,10723,5840,4883,10723,5840,4883,0,0,0,0,0,0,0,0,0,0,0,0
C3010,23,28,0000,District - Barwani *  28,Rural,8,39871,20102,19769,17198,9347,7851,17198,9347,7851,0,0,0,0,0,0,0,0,0,0,0,0
C3010,23,28,0000,District - Barwani *  28,Rural,9,21856,10915,10941,12353,6601,5752,12353,6601,5752,0,0,0,0,0,0,0,0,0,0,0,0
C3010,23,28,0000,District - Barwani *  28,Rural,10,38131,19545,18586,17130,9653,7477,17130,9653,7477,0,0,0,0,0,0,0,0,0,0,0,0
C3010,23,28,0000,District - Barwani *  28,Rural,11,15495,8055,7440,8691,4976,3715,8691,4976,3715,0,0,0,0,0,0,0,0,0,0,0,0
C3010,23,28,0000,District - Barwani *  28,Rural,12,30157,15650,14507,12080,7118,4962,12080,7118,4962,0,0,0,0,0,0,0,0,0,0,0,0
C3010,23,28,0000,District - Barwani *  28,Rural,13,15890,8208,7682,6480,3893,2587,6480,3893,2587,0,0,0,0,0,0,0,0,0,0,0,0
C3010,23,28,0000,District - Barwani *  28,Rural,14,20350,10654,9696,6412,4001,2411,6412,4001,2411,0,0,0,0,0,0,0,0,0,0,0,0
C3010,23,28,0000,District - Barwani *  28,Rural,15-19,74778,38190,36588,12797,8689,4108,11959,8122,3837,492,338,154,40,23,17,40,26,14,266,180,86
C3010,23,28,0000,District - Barwani *  28,Rural,20-24,71343,35202,36141,3355,2450,905,1236,981,255,1127,910,217,43,33,10,31,22,9,918,504,414
C3010,23,28,0000,District - Barwani *  28,Rural,25-29,67476,33259,34217,1388,850,538,0,0,0,195,181,14,24,16,8,11,9,2,1158,644,514
C3010,23,28,0000,District - Barwani *  28,Rural,30-34,62327,31944,30383,1218,675,543,0,0,0,24,19,5,21,11,10,3,2,1,1170,643,527
C3010,23,28,0000,District - Barwani *  28,Rural,35-59,166209,85524,80685,2139,1241,898,0,0,0,30,25,5,57,30,27,12,9,3,2040,1177,863
C3010,23,28,0000,District - Barwani *  28,Rural,60+,48443,22812,25631,91,53,38,0,0,0,5,4,1,15,7,8,3,2,1,68,40,28
C3010,23,28,0000,District - Barwani *  28,Rural,Age not stated,12626,6363,6263,87,44,43,0,0,0,11,11,0,3,2,1,2,2,0,71,29,42
C3010,23,28,0000,District - Barwani *  28,Urban,All ages,157975,81450,76525,36532,20161,16371,33732,18485,15247,2583,1554,1029,139,91,48,56,26,30,22,5,17
C3010,23,28,0000,District - Barwani *  28,Urban,0-4,17547,9105,8442,466,236,230,466,236,230,0,0,0,0,0,0,0,0,0,0,0,0
C3010,23,28,0000,District - Barwani *  28,Urban,5,3969,2075,1894,791,416,375,791,416,375,0,0,0,0,0,0,0,0,0,0,0,0
C3010,23,28,0000,District - Barwani *  28,Urban,6,3848,1943,1905,1472,770,702,1472,770,702,0,0,0,0,0,0,0,0,0,0,0,0
C3010,23,28,0000,District - Barwani *  28,Urban,7,3861,1961,1900,2977,1563,1414,2977,1563,1414,0,0,0,0,0,0,0,0,0,0,0,0
C3010,23,28,0000,District - Barwani *  28,Urban,8,4736,2419,2317,3724,1957,1767,3724,1957,1767,0,0,0,0,0,0,0,0,0,0,0,0
C3010,23,28,0000,District - Barwani *  28,Urban,9,3206,1671,1535,2711,1450,1261,2711,1450,1261,0,0,0,0,0,0,0,0,0,0,0,0
C3010,23,28,0000,District - Barwani *  28,Urban,10,4910,2588,2322,3872,2074,1798,3872,2074,1798,0,0,0,0,0,0,0,0,0,0,0,0
C3010,23,28,0000,District - Barwani *  28,Urban,11,2984,1573,1411,2525,1368,1157,2525,1368,1157,0,0,0,0,0,0,0,0,0,0,0,0
C3010,23,28,0000,District - Barwani *  28,Urban,12,4438,2366,2072,3282,1805,1477,3282,1805,1477,0,0,0,0,0,0,0,0,0,0,0,0
C3010,23,28,0000,District - Barwani *  28,Urban,13,3161,1614,1547,2357,1267,1090,2357,1267,1090,0,0,0,0,0,0,0,0,0,0,0,0
C3010,23,28,0000,District - Barwani *  28,Urban,14,3621,1918,1703,2382,1328,1054,2382,1328,1054,0,0,0,0,0,0,0,0,0,0,0,0
C3010,23,28,0000,District - Barwani *  28,Urban,15-19,16365,8886,7479,7637,4398,3239,6698,3916,2782,870,440,430,40,25,15,28,16,12,1,1,0
C3010,23,28,0000,District - Barwani *  28,Urban,20-24,14504,7622,6882,2105,1379,726,475,335,140,1545,990,555,63,45,18,18,8,10,4,1,3
C3010,23,28,0000,District - Barwani *  28,Urban,25-29,12370,6072,6298,147,106,41,0,0,0,113,90,23,22,15,7,7,1,6,5,0,5
C3010,23,28,0000,District - Barwani *  28,Urban,30-34,11736,5952,5784,19,10,9,0,0,0,15,10,5,2,0,2,1,0,1,1,0,1
C3010,23,28,0000,District - Barwani *  28,Urban,35-59,34878,18243,16635,34,17,17,0,0,0,13,9,4,10,5,5,1,0,1,10,3,7
C3010,23,28,0000,District - Barwani *  28,Urban,60+,10129,4548,5581,11,6,5,0,0,0,8,5,3,2,1,1,0,0,0,1,0,1
C3010,23,28,0000,District - Barwani *  28,Urban,Age not stated,1712,894,818,20,11,9,0,0,0,19,10,9,0,0,0,1,1,0,0,0,0
C3010,23,29,0000,District - East Nimar  29,Total,All ages,1713134,884966,828168,335837,192424,143413,318891,182395,136496,11321,7322,3999,1071,726,345,556,387,169,3998,1594,2404
C3010,23,29,0000,District - East Nimar  29,Total,0-4,213954,109852,104102,4885,2530,2355,4885,2530,2355,0,0,0,0,0,0,0,0,0,0,0,0
C3010,23,29,0000,District - East Nimar  29,Total,5,46486,24554,21932,5946,3180,2766,5946,3180,2766,0,0,0,0,0,0,0,0,0,0,0,0
C3010,23,29,0000,District - East Nimar  29,Total,6,49071,25025,24046,17459,9390,8069,17459,9390,8069,0,0,0,0,0,0,0,0,0,0,0,0
C3010,23,29,0000,District - East Nimar  29,Total,7,39662,20217,19445,26439,14194,12245,26439,14194,12245,0,0,0,0,0,0,0,0,0,0,0,0
C3010,23,29,0000,District - East Nimar  29,Total,8,56442,28945,27497,38810,21077,17733,38810,21077,17733,0,0,0,0,0,0,0,0,0,0,0,0
C3010,23,29,0000,District - East Nimar  29,Total,9,38016,19566,18450,30111,16202,13909,30111,16202,13909,0,0,0,0,0,0,0,0,0,0,0,0
C3010,23,29,0000,District - East Nimar  29,Total,10,62122,32521,29601,43702,24392,19310,43702,24392,19310,0,0,0,0,0,0,0,0,0,0,0,0
C3010,23,29,0000,District - East Nimar  29,Total,11,32940,17357,15583,25965,14418,11547,25965,14418,11547,0,0,0,0,0,0,0,0,0,0,0,0
C3010,23,29,0000,District - East Nimar  29,Total,12,55137,29497,25640,34889,20370,14519,34889,20370,14519,0,0,0,0,0,0,0,0,0,0,0,0
C3010,23,29,0000,District - East Nimar  29,Total,13,32985,17177,15808,20916,12082,8834,20916,12082,8834,0,0,0,0,0,0,0,0,0,0,0,0
C3010,23,29,0000,District - East Nimar  29,Total,14,40244,21303,18941,20523,12403,8120,20523,12403,8120,0,0,0,0,0,0,0,0,0,0,0,0
C3010,23,29,0000,District - East Nimar  29,Total,15-19,161508,89894,71614,49525,31508,18017,45369,29184,16185,3324,1778,1546,349,224,125,310,224,86,173,98,75
C3010,23,29,0000,District - East Nimar  29,Total,20-24,142758,75504,67254,12091,8477,3614,3877,2973,904,7102,4850,2252,405,297,108,139,103,36,568,254,314
C3010,23,29,0000,District - East Nimar  29,Total,25-29,125140,61710,63430,1569,938,631,0,0,0,631,511,120,150,107,43,54,37,17,734,283,451
C3010,23,29,0000,District - East Nimar  29,Total,30-34,122974,60815,62159,974,416,558,0,0,0,96,71,25,39,27,12,13,5,8,826,313,513
C3010,23,29,0000,District - East Nimar  29,Total,35-59,370238,193304,176934,1779,728,1051,0,0,0,124,83,41,96,50,46,24,12,12,1535,583,952
C3010,23,29,0000,District - East Nimar  29,Total,60+,121168,56452,64716,235,107,128,0,0,0,33,21,12,28,18,10,13,6,7,161,62,99
C3010,23,29,0000,District - East Nimar  29,Total,Age not stated,2289,1273,1016,19,12,7,0,0,0,11,8,3,4,3,1,3,0,3,1,1,0
C3010,23,29,0000,District - East Nimar  29,Rural,All ages,1253213,647364,605849,218831,129594,89237,211652,125507,86145,2669,2090,579,358,275,83,215,152,63,3937,1570,2367
C3010,23,29,0000,District - East Nimar  29,Rural,0-4,167934,86150,81784,2748,1415,1333,2748,1415,1333,0,0,0,0,0,0,0,0,0,0,0,0
C3010,23,29,0000,District - East Nimar  29,Rural,5,35854,18838,17016,3188,1720,1468,3188,1720,1468,0,0,0,0,0,0,0,0,0,0,0,0
C3010,23,29,0000,District - East Nimar  29,Rural,6,38490,19588,18902,12538,6882,5656,12538,6882,5656,0,0,0,0,0,0,0,0,0,0,0,0
C3010,23,29,0000,District - East Nimar  29,Rural,7,29726,15165,14561,18625,10221,8404,18625,10221,8404,0,0,0,0,0,0,0,0,0,0,0,0
C3010,23,29,0000,District - East Nimar  29,Rural,8,43450,22246,21204,28143,15523,12620,28143,15523,12620,0,0,0,0,0,0,0,0,0,0,0,0
C3010,23,29,0000,District - East Nimar  29,Rural,9,28727,14833,13894,21882,12011,9871,21882,12011,9871,0,0,0,0,0,0,0,0,0,0,0,0
C3010,23,29,0000,District - East Nimar  29,Rural,10,47159,24599,22560,31226,17747,13479,31226,17747,13479,0,0,0,0,0,0,0,0,0,0,0,0
C3010,23,29,0000,District - East Nimar  29,Rural,11,23645,12568,11077,17785,10188,7597,17785,10188,7597,0,0,0,0,0,0,0,0,0,0,0,0
C3010,23,29,0000,District - East Nimar  29,Rural,12,40878,21779,19099,23638,14231,9407,23638,14231,9407,0,0,0,0,0,0,0,0,0,0,0,0
C3010,23,29,0000,District - East Nimar  29,Rural,13,23445,12353,11092,13426,8234,5192,13426,8234,5192,0,0,0,0,0,0,0,0,0,0,0,0
C3010,23,29,0000,District - East Nimar  29,Rural,14,29199,15590,13609,12825,8332,4493,12825,8332,4493,0,0,0,0,0,0,0,0,0,0,0,0
C3010,23,29,0000,District - East Nimar  29,Rural,15-19,111281,62936,48345,24669,18012,6657,23572,17276,6296,729,489,240,104,85,19,99,67,32,165,95,70
C3010,23,29,0000,District - East Nimar  29,Rural,20-24,100759,52799,47960,4532,3547,985,2056,1727,329,1725,1404,321,124,110,14,65,55,10,562,251,311
C3010,23,29,0000,District - East Nimar  29,Rural,25-29,90989,44893,46096,954,482,472,0,0,0,159,151,8,47,34,13,23,17,6,725,280,445
C3010,23,29,0000,District - East Nimar  29,Rural,30-34,89784,44628,45156,866,349,517,0,0,0,28,25,3,12,10,2,4,2,2,822,312,510
C3010,23,29,0000,District - East Nimar  29,Rural,35-59,262375,136794,125581,1596,623,973,0,0,0,22,18,4,53,26,27,14,8,6,1507,571,936
C3010,23,29,0000,District - East Nimar  29,Rural,60+,87853,40679,47174,184,74,110,0,0,0,5,3,2,16,8,8,8,3,5,155,60,95
C3010,23,29,0000,District - East Nimar  29,Rural,Age not stated,1665,926,739,6,3,3,0,0,0,1,0,1,2,2,0,2,0,2,1,1,0
C3010,23,29,0000,District - East Nimar  29,Urban,All ages,459921,237602,222319,117006,62830,54176,107239,56888,50351,8652,5232,3420,713,451,262,341,235,106,61,24,37
C3010,23,29,0000,District - East Nimar  29,Urban,0-4,46020,23702,22318,2137,1115,1022,2137,1115,1022,0,0,0,0,0,0,0,0,0,0,0,0
C3010,23,29,0000,District - East Nimar  29,Urban,5,10632,5716,4916,2758,1460,1298,2758,1460,1298,0,0,0,0,0,0,0,0,0,0,0,0
C3010,23,29,0000,District - East Nimar  29,Urban,6,10581,5437,5144,4921,2508,2413,4921,2508,2413,0,0,0,0,0,0,0,0,0,0,0,0
C3010,23,29,0000,District - East Nimar  29,Urban,7,9936,5052,4884,7814,3973,3841,7814,3973,3841,0,0,0,0,0,0,0,0,0,0,0,0
C3010,23,29,0000,District - East Nimar  29,Urban,8,12992,6699,6293,10667,5554,5113,10667,5554,5113,0,0,0,0,0,0,0,0,0,0,0,0
C3010,23,29,0000,District - East Nimar  29,Urban,9,9289,4733,4556,8229,4191,4038,8229,4191,4038,0,0,0,0,0,0,0,0,0,0,0,0
C3010,23,29,0000,District - East Nimar  29,Urban,10,14963,7922,7041,12476,6645,5831,12476,6645,5831,0,0,0,0,0,0,0,0,0,0,0,0
C3010,23,29,0000,District - East Nimar  29,Urban,11,9295,4789,4506,8180,4230,3950,8180,4230,3950,0,0,0,0,0,0,0,0,0,0,0,0
C3010,23,29,0000,District - East Nimar  29,Urban,12,14259,7718,6541,11251,6139,5112,11251,6139,5112,0,0,0,0,0,0,0,0,0,0,0,0
C3010,23,29,0000,District - East Nimar  29,Urban,13,9540,4824,4716,7490,3848,3642,7490,3848,3642,0,0,0,0,0,0,0,0,0,0,0,0
C3010,23,29,0000,District - East Nimar  29,Urban,14,11045,5713,5332,7698,4071,3627,7698,4071,3627,0,0,0,0,0,0,0,0,0,0,0,0
C3010,23,29,0000,District - East Nimar  29,Urban,15-19,50227,26958,23269,24856,13496,11360,21797,11908,9889,2595,1289,1306,245,139,106,211,157,54,8,3,5
C3010,23,29,0000,District - East Nimar  29,Urban,20-24,41999,22705,19294,7559,4930,2629,1821,1246,575,5377,3446,1931,281,187,94,74,48,26,6,3,3
C3010,23,29,0000,District - East Nimar  29,Urban,25-29,34151,16817,17334,615,456,159,0,0,0,472,360,112,103,73,30,31,20,11,9,3,6
C3010,23,29,0000,District - East Nimar  29,Urban,30-34,33190,16187,17003,108,67,41,0,0,0,68,46,22,27,17,10,9,3,6,4,1,3
C3010,23,29,0000,District - East Nimar  29,Urban,35-59,107863,56510,51353,183,105,78,0,0,0,102,65,37,43,24,19,10,4,6,28,12,16
C3010,23,29,0000,District - East Nimar  29,Urban,60+,33315,15773,17542,51,33,18,0,0,0,28,18,10,12,10,2,5,3,2,6,2,4
C3010,23,29,0000,District - East Nimar  29,Urban,Age not stated,624,347,277,13,9,4,0,0,0,10,8,2,2,1,1,1,0,1,0,0,0
C3010,23,30,0000,District - Rajgarh  30,Total,All ages,1254085,649106,604979,251196,156512,94684,238959,148497,90462,6989,5342,1647,273,194,79,555,403,152,4420,2076,2344
C3010,23,30,0000,District - Rajgarh  30,Total,0-4,157745,81065,76680,1752,950,802,1752,950,802,0,0,0,0,0,0,0,0,0,0,0,0
C3010,23,30,0000,District - Rajgarh  30,Total,5,37337,19754,17583,3428,1911,1517,3428,1911,1517,0,0,0,0,0,0,0,0,0,0,0,0
C3010,23,30,0000,District - Rajgarh  30,Total,6,37247,19079,18168,11646,6564,5082,11646,6564,5082,0,0,0,0,0,0,0,0,0,0,0,0
C3010,23,30,0000,District - Rajgarh  30,Total,7,30309,15298,15011,20366,11188,9178,20366,11188,9178,0,0,0,0,0,0,0,0,0,0,0,0
C3010,23,30,0000,District - Rajgarh  30,Total,8,44154,22316,21838,32282,17834,14448,32282,17834,14448,0,0,0,0,0,0,0,0,0,0,0,0
C3010,23,30,0000,District - Rajgarh  30,Total,9,25760,13337,12423,21021,11695,9326,21021,11695,9326,0,0,0,0,0,0,0,0,0,0,0,0
C3010,23,30,0000,District - Rajgarh  30,Total,10,46382,24143,22239,34911,20209,14702,34911,20209,14702,0,0,0,0,0,0,0,0,0,0,0,0
C3010,23,30,0000,District - Rajgarh  30,Total,11,19650,11012,8638,16342,9997,6345,16342,9997,6345,0,0,0,0,0,0,0,0,0,0,0,0
C3010,23,30,0000,District - Rajgarh  30,Total,12,41234,22185,19049,28421,17883,10538,28421,17883,10538,0,0,0,0,0,0,0,0,0,0,0,0
C3010,23,30,0000,District - Rajgarh  30,Total,13,21409,11640,9769,14370,9467,4903,14370,9467,4903,0,0,0,0,0,0,0,0,0,0,0,0
C3010,23,30,0000,District - Rajgarh  30,Total,14,24432,13321,11111,14324,9865,4459,14324,9865,4459,0,0,0,0,0,0,0,0,0,0,0,0
C3010,23,30,0000,District - Rajgarh  30,Total,15-19,112010,59880,52130,37747,28469,9278,35449,27002,8447,1758,1126,632,84,59,25,240,180,60,216,102,114
C3010,23,30,0000,District - Rajgarh  30,Total,20-24,103541,52394,51147,9912,7802,2110,4647,3932,715,4340,3423,917,80,66,14,129,92,37,716,289,427
C3010,23,30,0000,District - Rajgarh  30,Total,25-29,91908,45973,45935,1575,1061,514,0,0,0,699,629,70,35,31,4,61,40,21,780,361,419
C3010,23,30,0000,District - Rajgarh  30,Total,30-34,90059,44792,45267,1038,483,555,0,0,0,106,89,17,16,11,5,33,19,14,883,364,519
C3010,23,30,0000,District - Rajgarh  30,Total,35-59,263012,139147,123865,1861,1007,854,0,0,0,68,61,7,29,15,14,67,50,17,1697,881,816
C3010,23,30,0000,District - Rajgarh  30,Total,60+,104844,52133,52711,179,113,66,0,0,0,13,9,4,28,11,17,23,20,3,115,73,42
C3010,23,30,0000,District - Rajgarh  30,Total,Age not stated,3052,1637,1415,21,14,7,0,0,0,5,5,0,1,1,0,2,2,0,13,6,7
C3010,23,30,0000,District - Rajgarh  30,Rural,All ages,1036763,535615,501148,192931,123480,69451,185020,118271,66749,2985,2739,246,166,113,53,374,295,79,4386,2062,2324
C3010,23,30,0000,District - Rajgarh  30,Rural,0-4,132936,68164,64772,848,460,388,848,460,388,0,0,0,0,0,0,0,0,0,0,0,0
C3010,23,30,0000,District - Rajgarh  30,Rural,5,31461,16587,14874,1785,1023,762,1785,1023,762,0,0,0,0,0,0,0,0,0,0,0,0
C3010,23,30,0000,District - Rajgarh  30,Rural,6,31598,16191,15407,8989,5127,3862,8989,5127,3862,0,0,0,0,0,0,0,0,0,0,0,0
C3010,23,30,0000,District - Rajgarh  30,Rural,7,24747,12451,12296,15894,8840,7054,15894,8840,7054,0,0,0,0,0,0,0,0,0,0,0,0
C3010,23,30,0000,District - Rajgarh  30,Rural,8,36845,18597,18248,26182,14590,11592,26182,14590,11592,0,0,0,0,0,0,0,0,0,0,0,0
C3010,23,30,0000,District - Rajgarh  30,Rural,9,21320,11011,10309,17077,9582,7495,17077,9582,7495,0,0,0,0,0,0,0,0,0,0,0,0
C3010,23,30,0000,District - Rajgarh  30,Rural,10,39021,20227,18794,28658,16772,11886,28658,16772,11886,0,0,0,0,0,0,0,0,0,0,0,0
C3010,23,30,0000,District - Rajgarh  30,Rural,11,15799,8925,6874,12854,8065,4789,12854,8065,4789,0,0,0,0,0,0,0,0,0,0,0,0
C3010,23,30,0000,District - Rajgarh  30,Rural,12,34383,18539,15844,22806,14743,8063,22806,14743,8063,0,0,0,0,0,0,0,0,0,0,0,0
C3010,23,30,0000,District - Rajgarh  30,Rural,13,17033,9354,7679,10777,7488,3289,10777,7488,3289,0,0,0,0,0,0,0,0,0,0,0,0
C3010,23,30,0000,District - Rajgarh  30,Rural,14,19573,10746,8827,10642,7817,2825,10642,7817,2825,0,0,0,0,0,0,0,0,0,0,0,0
C3010,23,30,0000,District - Rajgarh  30,Rural,15-19,89977,47880,42097,25927,21344,4583,24934,20602,4332,576,483,93,45,33,12,157,125,32,215,101,114
C3010,23,30,0000,District - Rajgarh  30,Rural,20-24,83823,41927,41896,6309,5315,994,3574,3162,412,1911,1775,136,36,27,9,78,62,16,710,289,421
C3010,23,30,0000,District - Rajgarh  30,Rural,25-29,75014,37434,37580,1221,786,435,0,0,0,387,377,10,23,21,2,36,29,7,775,359,416
C3010,23,30,0000,District - Rajgarh  30,Rural,30-34,74142,36825,37317,976,443,533,0,0,0,64,60,4,12,8,4,24,15,9,876,360,516
C3010,23,30,0000,District - Rajgarh  30,Rural,35-59,215919,113921,101998,1803,966,837,0,0,0,38,35,3,25,14,11,55,42,13,1685,875,810
C3010,23,30,0000,District - Rajgarh  30,Rural,60+,90382,45329,45053,163,106,57,0,0,0,5,5,0,24,9,15,22,20,2,112,72,40
C3010,23,30,0000,District - Rajgarh  30,Rural,Age not stated,2790,1507,1283,20,13,7,0,0,0,4,4,0,1,1,0,2,2,0,13,6,7
C3010,23,30,0000,District - Rajgarh  30,Urban,All ages,217322,113491,103831,58265,33032,25233,53939,30226,23713,4004,2603,1401,107,81,26,181,108,73,34,14,20
C3010,23,30,0000,District - Rajgarh  30,Urban,0-4,24809,12901,11908,904,490,414,904,490,414,0,0,0,0,0,0,0,0,0,0,0,0
C3010,23,30,0000,District - Rajgarh  30,Urban,5,5876,3167,2709,1643,888,755,1643,888,755,0,0,0,0,0,0,0,0,0,0,0,0
C3010,23,30,0000,District - Rajgarh  30,Urban,6,5649,2888,2761,2657,1437,1220,2657,1437,1220,0,0,0,0,0,0,0,0,0,0,0,0
C3010,23,30,0000,District - Rajgarh  30,Urban,7,5562,2847,2715,4472,2348,2124,4472,2348,2124,0,0,0,0,0,0,0,0,0,0,0,0
C3010,23,30,0000,District - Rajgarh  30,Urban,8,7309,3719,3590,6100,3244,2856,6100,3244,2856,0,0,0,0,0,0,0,0,0,0,0,0
C3010,23,30,0000,District - Rajgarh  30,Urban,9,4440,2326,2114,3944,2113,1831,3944,2113,1831,0,0,0,0,0,0,0,0,0,0,0,0
C3010,23,30,0000,District - Rajgarh  30,Urban,10,7361,3916,3445,6253,3437,2816,6253,3437,2816,0,0,0,0,0,0,0,0,0,0,0,0
C3010,23,30,0000,District - Rajgarh  30,Urban,11,3851,2087,1764,3488,1932,1556,3488,1932,1556,0,0,0,0,0,0,0,0,0,0,0,0
C3010,23,30,0000,District - Rajgarh  30,Urban,12,6851,3646,3205,5615,3140,2475,5615,3140,2475,0,0,0,0,0,0,0,0,0,0,0,0
C3010,23,30,0000,District - Rajgarh  30,Urban,13,4376,2286,2090,3593,1979,1614,3593,1979,1614,0,0,0,0,0,0,0,0,0,0,0,0
C3010,23,30,0000,District - Rajgarh  30,Urban,14,4859,2575,2284,3682,2048,1634,3682,2048,1634,0,0,0,0,0,0,0,0,0,0,0,0
C3010,23,30,0000,District - Rajgarh  30,Urban,15-19,22033,12000,10033,11820,7125,4695,10515,6400,4115,1182,643,539,39,26,13,83,55,28,1,1,0
C3010,23,30,0000,District - Rajgarh  30,Urban,20-24,19718,10467,9251,3603,2487,1116,1073,770,303,2429,1648,781,44,39,5,51,30,21,6,0,6
C3010,23,30,0000,District - Rajgarh  30,Urban,25-29,16894,8539,8355,354,275,79,0,0,0,312,252,60,12,10,2,25,11,14,5,2,3
C3010,23,30,0000,District - Rajgarh  30,Urban,30-34,15917,7967,7950,62,40,22,0,0,0,42,29,13,4,3,1,9,4,5,7,4,3
C3010,23,30,0000,District - Rajgarh  30,Urban,35-59,47093,25226,21867,58,41,17,0,0,0,30,26,4,4,1,3,12,8,4,12,6,6
C3010,23,30,0000,District - Rajgarh  30,Urban,60+,14462,6804,7658,16,7,9,0,0,0,8,4,4,4,2,2,1,0,1,3,1,2
C3010,23,30,0000,District - Rajgarh  30,Urban,Age not stated,262,130,132,1,1,0,0,0,0,1,1,0,0,0,0,0,0,0,0,0,0
C3010,23,31,0000,District - Vidisha  31,Total,All ages,1214857,647838,567019,274364,161905,112459,262027,153464,108563,10289,7112,3177,690,525,165,528,413,115,830,391,439
C3010,23,31,0000,District - Vidisha  31,Total,0-4,158677,81287,77390,1898,992,906,1898,992,906,0,0,0,0,0,0,0,0,0,0,0,0
C3010,23,31,0000,District - Vidisha  31,Total,5,36782,19201,17581,3349,1778,1571,3349,1778,1571,0,0,0,0,0,0,0,0,0,0,0,0
C3010,23,31,0000,District - Vidisha  31,Total,6,35889,18570,17319,11702,6447,5255,11702,6447,5255,0,0,0,0,0,0,0,0,0,0,0,0
C3010,23,31,0000,District - Vidisha  31,Total,7,29362,15154,14208,20945,11223,9722,20945,11223,9722,0,0,0,0,0,0,0,0,0,0,0,0
C3010,23,31,0000,District - Vidisha  31,Total,8,44066,23008,21058,33942,18321,15621,33942,18321,15621,0,0,0,0,0,0,0,0,0,0,0,0
C3010,23,31,0000,District - Vidisha  31,Total,9,25828,13194,12634,22365,11746,10619,22365,11746,10619,0,0,0,0,0,0,0,0,0,0,0,0
C3010,23,31,0000,District - Vidisha  31,Total,10,46067,24221,21846,37571,20449,17122,37571,20449,17122,0,0,0,0,0,0,0,0,0,0,0,0
C3010,23,31,0000,District - Vidisha  31,Total,11,22491,12117,10374,19874,11050,8824,19874,11050,8824,0,0,0,0,0,0,0,0,0,0,0,0
C3010,23,31,0000,District - Vidisha  31,Total,12,42490,23195,19295,33043,19222,13821,33043,19222,13821,0,0,0,0,0,0,0,0,0,0,0,0
C3010,23,31,0000,District - Vidisha  31,Total,13,21700,11776,9924,16468,9778,6690,16468,9778,6690,0,0,0,0,0,0,0,0,0,0,0,0
C3010,23,31,0000,District - Vidisha  31,Total,14,27416,15075,12341,17709,11139,6570,17709,11139,6570,0,0,0,0,0,0,0,0,0,0,0,0
C3010,23,31,0000,District - Vidisha  31,Total,15-19,108776,65826,42950,42419,30015,12404,39048,27953,11095,2786,1618,1168,245,183,62,310,243,67,30,18,12
C3010,23,31,0000,District - Vidisha  31,Total,20-24,103962,56010,47952,10997,8339,2658,4113,3366,747,6445,4644,1801,222,185,37,106,88,18,111,56,55
C3010,23,31,0000,District - Vidisha  31,Total,25-29,91814,47622,44192,1077,819,258,0,0,0,774,644,130,96,74,22,31,27,4,176,74,102
C3010,23,31,0000,District - Vidisha  31,Total,30-34,83705,42978,40727,366,213,153,0,0,0,112,86,26,33,22,11,18,12,6,203,93,110
C3010,23,31,0000,District - Vidisha  31,Total,35-59,238841,128968,109873,485,277,208,0,0,0,114,81,33,52,36,16,43,30,13,276,130,146
C3010,23,31,0000,District - Vidisha  31,Total,60+,90671,46273,44398,84,48,36,0,0,0,18,14,4,23,8,15,11,8,3,32,18,14
C3010,23,31,0000,District - Vidisha  31,Total,Age not stated,6320,3363,2957,70,49,21,0,0,0,40,25,15,19,17,2,9,5,4,2,2,0
C3010,23,31,0000,District - Vidisha  31,Rural,All ages,954490,509861,444629,200835,120852,79983,196252,117331,78921,3243,2748,495,194,128,66,339,268,71,807,377,430
C3010,23,31,0000,District - Vidisha  31,Rural,0-4,130238,66616,63622,882,459,423,882,459,423,0,0,0,0,0,0,0,0,0,0,0,0
C3010,23,31,0000,District - Vidisha  31,Rural,5,30121,15726,14395,1587,859,728,1587,859,728,0,0,0,0,0,0,0,0,0,0,0,0
C3010,23,31,0000,District - Vidisha  31,Rural,6,29317,15108,14209,8772,4875,3897,8772,4875,3897,0,0,0,0,0,0,0,0,0,0,0,0
C3010,23,31,0000,District - Vidisha  31,Rural,7,23098,11919,11179,15805,8514,7291,15805,8514,7291,0,0,0,0,0,0,0,0,0,0,0,0
C3010,23,31,0000,District - Vidisha  31,Rural,8,35581,18481,17100,26689,14421,12268,26689,14421,12268,0,0,0,0,0,0,0,0,0,0,0,0
C3010,23,31,0000,District - Vidisha  31,Rural,9,20895,10633,10262,17900,9406,8494,17900,9406,8494,0,0,0,0,0,0,0,0,0,0,0,0
C3010,23,31,0000,District - Vidisha  31,Rural,10,37284,19561,17723,29983,16380,13603,29983,16380,13603,0,0,0,0,0,0,0,0,0,0,0,0
C3010,23,31,0000,District - Vidisha  31,Rural,11,17659,9540,8119,15451,8669,6782,15451,8669,6782,0,0,0,0,0,0,0,0,0,0,0,0
C3010,23,31,0000,District - Vidisha  31,Rural,12,34014,18559,15455,25839,15242,10597,25839,15242,10597,0,0,0,0,0,0,0,0,0,0,0,0
C3010,23,31,0000,District - Vidisha  31,Rural,13,16660,9123,7537,12211,7520,4691,12211,7520,4691,0,0,0,0,0,0,0,0,0,0,0,0
C3010,23,31,0000,District - Vidisha  31,Rural,14,21287,11879,9408,12940,8608,4332,12940,8608,4332,0,0,0,0,0,0,0,0,0,0,0,0
C3010,23,31,0000,District - Vidisha  31,Rural,15-19,81491,50482,31009,26510,20776,5734,25456,19983,5473,792,598,194,42,30,12,191,148,43,29,17,12
C3010,23,31,0000,District - Vidisha  31,Rural,20-24,79124,42426,36698,5028,4352,676,2737,2395,342,2080,1815,265,37,30,7,66,59,7,108,53,55
C3010,23,31,0000,District - Vidisha  31,Rural,25-29,70783,36955,33828,521,383,138,0,0,0,298,269,29,37,26,11,18,18,0,168,70,98
C3010,23,31,0000,District - Vidisha  31,Rural,30-34,64568,33283,31285,264,142,122,0,0,0,31,30,1,21,12,9,10,7,3,202,93,109
C3010,23,31,0000,District - Vidisha  31,Rural,35-59,183264,98751,84513,367,196,171,0,0,0,28,25,3,33,20,13,36,25,11,270,126,144
C3010,23,31,0000,District - Vidisha  31,Rural,60+,74159,38172,35987,65,35,30,0,0,0,5,4,1,21,7,14,10,7,3,29,17,12
C3010,23,31,0000,District - Vidisha  31,Rural,Age not stated,4947,2647,2300,21,15,6,0,0,0,9,7,2,3,3,0,8,4,4,1,1,0
C3010,23,31,0000,District - Vidisha  31,Urban,All ages,260367,137977,122390,73529,41053,32476,65775,36133,29642,7046,4364,2682,496,397,99,189,145,44,23,14,9
C3010,23,31,0000,District - Vidisha  31,Urban,0-4,28439,14671,13768,1016,533,483,1016,533,483,0,0,0,0,0,0,0,0,0,0,0,0
C3010,23,31,0000,District - Vidisha  31,Urban,5,6661,3475,3186,1762,919,843,1762,919,843,0,0,0,0,0,0,0,0,0,0,0,0
C3010,23,31,0000,District - Vidisha  31,Urban,6,6572,3462,3110,2930,1572,1358,2930,1572,1358,0,0,0,0,0,0,0,0,0,0,0,0
C3010,23,31,0000,District - Vidisha  31,Urban,7,6264,3235,3029,5140,2709,2431,5140,2709,2431,0,0,0,0,0,0,0,0,0,0,0,0
C3010,23,31,0000,District - Vidisha  31,Urban,8,8485,4527,3958,7253,3900,3353,7253,3900,3353,0,0,0,0,0,0,0,0,0,0,0,0
C3010,23,31,0000,District - Vidisha  31,Urban,9,4933,2561,2372,4465,2340,2125,4465,2340,2125,0,0,0,0,0,0,0,0,0,0,0,0
C3010,23,31,0000,District - Vidisha  31,Urban,10,8783,4660,4123,7588,4069,3519,7588,4069,3519,0,0,0,0,0,0,0,0,0,0,0,0
C3010,23,31,0000,District - Vidisha  31,Urban,11,4832,2577,2255,4423,2381,2042,4423,2381,2042,0,0,0,0,0,0,0,0,0,0,0,0
C3010,23,31,0000,District - Vidisha  31,Urban,12,8476,4636,3840,7204,3980,3224,7204,3980,3224,0,0,0,0,0,0,0,0,0,0,0,0
C3010,23,31,0000,District - Vidisha  31,Urban,13,5040,2653,2387,4257,2258,1999,4257,2258,1999,0,0,0,0,0,0,0,0,0,0,0,0
C3010,23,31,0000,District - Vidisha  31,Urban,14,6129,3196,2933,4769,2531,2238,4769,2531,2238,0,0,0,0,0,0,0,0,0,0,0,0
C3010,23,31,0000,District - Vidisha  31,Urban,15-19,27285,15344,11941,15909,9239,6670,13592,7970,5622,1994,1020,974,203,153,50,119,95,24,1,1,0
C3010,23,31,0000,District - Vidisha  31,Urban,20-24,24838,13584,11254,5969,3987,1982,1376,971,405,4365,2829,1536,185,155,30,40,29,11,3,3,0
C3010,23,31,0000,District - Vidisha  31,Urban,25-29,21031,10667,10364,556,436,120,0,0,0,476,375,101,59,48,11,13,9,4,8,4,4
C3010,23,31,0000,District - Vidisha  31,Urban,30-34,19137,9695,9442,102,71,31,0,0,0,81,56,25,12,10,2,8,5,3,1,0,1
C3010,23,31,0000,District - Vidisha  31,Urban,35-59,55577,30217,25360,118,81,37,0,0,0,86,56,30,19,16,3,7,5,2,6,4,2
C3010,23,31,0000,District - Vidisha  31,Urban,60+,16512,8101,8411,19,13,6,0,0,0,13,10,3,2,1,1,1,1,0,3,1,2
C3010,23,31,0000,District - Vidisha  31,Urban,Age not stated,1373,716,657,49,34,15,0,0,0,31,18,13,16,14,2,1,1,0,1,1,0
C3010,23,32,0000,District - Bhopal  32,Total,All ages,1843510,972649,870861,501294,275709,225585,441604,239841,201763,52905,31208,21697,4422,3142,1280,1913,1263,650,450,255,195
C3010,23,32,0000,District - Bhopal  32,Total,0-4,196839,102047,94792,10222,5249,4973,10222,5249,4973,0,0,0,0,0,0,0,0,0,0,0,0
C3010,23,32,0000,District - Bhopal  32,Total,5,45406,24103,21303,12987,6985,6002,12987,6985,6002,0,0,0,0,0,0,0,0,0,0,0,0
C3010,23,32,0000,District - Bhopal  32,Total,6,46671,23948,22723,20942,10953,9989,20942,10953,9989,0,0,0,0,0,0,0,0,0,0,0,0
C3010,23,32,0000,District - Bhopal  32,Total,7,42646,21907,20739,32657,17008,15649,32657,17008,15649,0,0,0,0,0,0,0,0,0,0,0,0
C3010,23,32,0000,District - Bhopal  32,Total,8,55826,29232,26594,45227,24148,21079,45227,24148,21079,0,0,0,0,0,0,0,0,0,0,0,0
C3010,23,32,0000,District - Bhopal  32,Total,9,35017,18070,16947,30762,16075,14687,30762,16075,14687,0,0,0,0,0,0,0,0,0,0,0,0
C3010,23,32,0000,District - Bhopal  32,Total,10,58702,31351,27351,49295,26775,22520,49295,26775,22520,0,0,0,0,0,0,0,0,0,0,0,0
C3010,23,32,0000,District - Bhopal  32,Total,11,33446,17751,15695,30010,16032,13978,30010,16032,13978,0,0,0,0,0,0,0,0,0,0,0,0
C3010,23,32,0000,District - Bhopal  32,Total,12,52843,28533,24310,43628,24095,19533,43628,24095,19533,0,0,0,0,0,0,0,0,0,0,0,0
C3010,23,32,0000,District - Bhopal  32,Total,13,34057,17490,16567,28469,14884,13585,28469,14884,13585,0,0,0,0,0,0,0,0,0,0,0,0
C3010,23,32,0000,District - Bhopal  32,Total,14,38582,20193,18389,29998,16142,13856,29998,16142,13856,0,0,0,0,0,0,0,0,0,0,0,0
C3010,23,32,0000,District - Bhopal  32,Total,15-19,193584,106044,87540,111741,62002,49739,96504,54095,42409,13130,6541,6589,1294,839,455,773,509,264,40,18,22
C3010,23,32,0000,District - Bhopal  32,Total,20-24,183315,97226,86089,46461,29115,17346,10903,7400,3503,33495,20266,13229,1575,1135,440,426,283,143,62,31,31
C3010,23,32,0000,District - Bhopal  32,Total,25-29,162201,81575,80626,6358,4593,1765,0,0,0,4767,3436,1331,1114,860,254,401,259,142,76,38,38
C3010,23,32,0000,District - Bhopal  32,Total,30-34,141241,74237,67004,1131,748,383,0,0,0,728,464,264,202,147,55,133,92,41,68,45,23
C3010,23,32,0000,District - Bhopal  32,Total,35-59,404705,218752,185953,1087,715,372,0,0,0,576,380,196,192,131,61,150,102,48,169,102,67
C3010,23,32,0000,District - Bhopal  32,Total,60+,113657,57606,56051,226,148,78,0,0,0,133,89,44,34,22,12,26,17,9,33,20,13
C3010,23,32,0000,District - Bhopal  32,Total,Age not stated,4772,2584,2188,93,42,51,0,0,0,76,32,44,11,8,3,4,1,3,2,1,1
C3010,23,32,0000,District - Bhopal  32,Rural,All ages,360792,191367,169425,78216,48216,30000,75989,46380,29609,1699,1483,216,102,60,42,153,115,38,273,178,95
C3010,23,32,0000,District - Bhopal  32,Rural,0-4,49392,25724,23668,602,334,268,602,334,268,0,0,0,0,0,0,0,0,0,0,0,0
C3010,23,32,0000,District - Bhopal  32,Rural,5,10906,5797,5109,1128,680,448,1128,680,448,0,0,0,0,0,0,0,0,0,0,0,0
C3010,23,32,0000,District - Bhopal  32,Rural,6,12469,6448,6021,3969,2216,1753,3969,2216,1753,0,0,0,0,0,0,0,0,0,0,0,0
C3010,23,32,0000,District - Bhopal  32,Rural,7,9769,5028,4741,6084,3312,2772,6084,3312,2772,0,0,0,0,0,0,0,0,0,0,0,0
C3010,23,32,0000,District - Bhopal  32,Rural,8,14502,7502,7000,10218,5567,4651,10218,5567,4651,0,0,0,0,0,0,0,0,0,0,0,0
C3010,23,32,0000,District - Bhopal  32,Rural,9,7656,3988,3668,6166,3376,2790,6166,3376,2790,0,0,0,0,0,0,0,0,0,0,0,0
C3010,23,32,0000,District - Bhopal  32,Rural,10,14453,7698,6755,10895,6202,4693,10895,6202,4693,0,0,0,0,0,0,0,0,0,0,0,0
C3010,23,32,0000,District - Bhopal  32,Rural,11,6101,3327,2774,5123,2942,2181,5123,2942,2181,0,0,0,0,0,0,0,0,0,0,0,0
C3010,23,32,0000,District - Bhopal  32,Rural,12,12773,7013,5760,9165,5576,3589,9165,5576,3589,0,0,0,0,0,0,0,0,0,0,0,0
C3010,23,32,0000,District - Bhopal  32,Rural,13,6561,3534,3027,4658,2834,1824,4658,2834,1824,0,0,0,0,0,0,0,0,0,0,0,0
C3010,23,32,0000,District - Bhopal  32,Rural,14,8218,4546,3672,5146,3391,1755,5146,3391,1755,0,0,0,0,0,0,0,0,0,0,0,0
C3010,23,32,0000,District - Bhopal  32,Rural,15-19,32978,19451,13527,11940,9163,2777,11425,8758,2667,403,330,73,25,15,10,74,53,21,13,7,6
C3010,23,32,0000,District - Bhopal  32,Rural,20-24,29452,15629,13823,2584,2210,374,1410,1192,218,1066,945,121,27,18,9,47,37,10,34,18,16
C3010,23,32,0000,District - Bhopal  32,Rural,25-29,26142,13208,12934,269,225,44,0,0,0,187,172,15,21,14,7,17,15,2,44,24,20
C3010,23,32,0000,District - Bhopal  32,Rural,30-34,23886,12292,11594,92,72,20,0,0,0,32,27,5,6,3,3,6,6,0,48,36,12
C3010,23,32,0000,District - Bhopal  32,Rural,35-59,66732,35538,31194,146,95,51,0,0,0,9,7,2,18,8,10,5,2,3,114,78,36
C3010,23,32,0000,District - Bhopal  32,Rural,60+,28097,14251,13846,30,20,10,0,0,0,2,2,0,5,2,3,4,2,2,19,14,5
C3010,23,32,0000,District - Bhopal  32,Rural,Age not stated,705,393,312,1,1,0,0,0,0,0,0,0,0,0,0,0,0,0,1,1,0
C3010,23,32,0000,District - Bhopal  32,Urban,All ages,1482718,781282,701436,423078,227493,195585,365615,193461,172154,51206,29725,21481,4320,3082,1238,1760,1148,612,177,77,100
C3010,23,32,0000,District - Bhopal  32,Urban,0-4,147447,76323,71124,9620,4915,4705,9620,4915,4705,0,0,0,0,0,0,0,0,0,0,0,0
C3010,23,32,0000,District - Bhopal  32,Urban,5,34500,18306,16194,11859,6305,5554,11859,6305,5554,0,0,0,0,0,0,0,0,0,0,0,0
C3010,23,32,0000,District - Bhopal  32,Urban,6,34202,17500,16702,16973,8737,8236,16973,8737,8236,0,0,0,0,0,0,0,0,0,0,0,0
C3010,23,32,0000,District - Bhopal  32,Urban,7,32877,16879,15998,26573,13696,12877,26573,13696,12877,0,0,0,0,0,0,0,0,0,0,0,0
C3010,23,32,0000,District - Bhopal  32,Urban,8,41324,21730,19594,35009,18581,16428,35009,18581,16428,0,0,0,0,0,0,0,0,0,0,0,0
C3010,23,32,0000,District - Bhopal  32,Urban,9,27361,14082,13279,24596,12699,11897,24596,12699,11897,0,0,0,0,0,0,0,0,0,0,0,0
C3010,23,32,0000,District - Bhopal  32,Urban,10,44249,23653,20596,38400,20573,17827,38400,20573,17827,0,0,0,0,0,0,0,0,0,0,0,0
C3010,23,32,0000,District - Bhopal  32,Urban,11,27345,14424,12921,24887,13090,11797,24887,13090,11797,0,0,0,0,0,0,0,0,0,0,0,0
C3010,23,32,0000,District - Bhopal  32,Urban,12,40070,21520,18550,34463,18519,15944,34463,18519,15944,0,0,0,0,0,0,0,0,0,0,0,0
C3010,23,32,0000,District - Bhopal  32,Urban,13,27496,13956,13540,23811,12050,11761,23811,12050,11761,0,0,0,0,0,0,0,0,0,0,0,0
C3010,23,32,0000,District - Bhopal  32,Urban,14,30364,15647,14717,24852,12751,12101,24852,12751,12101,0,0,0,0,0,0,0,0,0,0,0,0
C3010,23,32,0000,District - Bhopal  32,Urban,15-19,160606,86593,74013,99801,52839,46962,85079,45337,39742,12727,6211,6516,1269,824,445,699,456,243,27,11,16
C3010,23,32,0000,District - Bhopal  32,Urban,20-24,153863,81597,72266,43877,26905,16972,9493,6208,3285,32429,19321,13108,1548,1117,431,379,246,133,28,13,15
C3010,23,32,0000,District - Bhopal  32,Urban,25-29,136059,68367,67692,6089,4368,1721,0,0,0,4580,3264,1316,1093,846,247,384,244,140,32,14,18
C3010,23,32,0000,District - Bhopal  32,Urban,30-34,117355,61945,55410,1039,676,363,0,0,0,696,437,259,196,144,52,127,86,41,20,9,11
C3010,23,32,0000,District - Bhopal  32,Urban,35-59,337973,183214,154759,941,620,321,0,0,0,567,373,194,174,123,51,145,100,45,55,24,31
C3010,23,32,0000,District - Bhopal  32,Urban,60+,85560,43355,42205,196,128,68,0,0,0,131,87,44,29,20,9,22,15,7,14,6,8
C3010,23,32,0000,District - Bhopal  32,Urban,Age not stated,4067,2191,1876,92,41,51,0,0,0,76,32,44,11,8,3,4,1,3,1,0,1
C3010,23,33,0000,District - Sehore  33,Total,All ages,1078912,565137,513775,266276,157151,109125,246837,146918,99919,8633,6600,2033,387,239,148,1001,812,189,9418,2582,6836
C3010,23,33,0000,District - Sehore  33,Total,0-4,138982,71880,67102,2057,1132,925,2057,1132,925,0,0,0,0,0,0,0,0,0,0,0,0
C3010,23,33,0000,District - Sehore  33,Total,5,32623,17367,15256,4031,2261,1770,4031,2261,1770,0,0,0,0,0,0,0,0,0,0,0,0
C3010,23,33,0000,District - Sehore  33,Total,6,33696,17278,16418,13032,7171,5861,13032,7171,5861,0,0,0,0,0,0,0,0,0,0,0,0
C3010,23,33,0000,District - Sehore  33,Total,7,26880,13827,13053,19895,10687,9208,19895,10687,9208,0,0,0,0,0,0,0,0,0,0,0,0
C3010,23,33,0000,District - Sehore  33,Total,8,38188,19843,18345,30286,16537,13749,30286,16537,13749,0,0,0,0,0,0,0,0,0,0,0,0
C3010,23,33,0000,District - Sehore  33,Total,9,23291,11852,11439,20381,10726,9655,20381,10726,9655,0,0,0,0,0,0,0,0,0,0,0,0
C3010,23,33,0000,District - Sehore  33,Total,10,39669,20943,18726,32988,18249,14739,32988,18249,14739,0,0,0,0,0,0,0,0,0,0,0,0
C3010,23,33,0000,District - Sehore  33,Total,11,20582,11107,9475,18353,10293,8060,18353,10293,8060,0,0,0,0,0,0,0,0,0,0,0,0
C3010,23,33,0000,District - Sehore  33,Total,12,35634,19208,16426,28038,16456,11582,28038,16456,11582,0,0,0,0,0,0,0,0,0,0,0,0
C3010,23,33,0000,District - Sehore  33,Total,13,20937,11280,9657,16140,9656,6484,16140,9656,6484,0,0,0,0,0,0,0,0,0,0,0,0
C3010,23,33,0000,District - Sehore  33,Total,14,24977,13595,11382,16941,10764,6177,16941,10764,6177,0,0,0,0,0,0,0,0,0,0,0,0
C3010,23,33,0000,District - Sehore  33,Total,15-19,100441,57069,43372,43078,30998,12080,39924,28941,10983,2086,1308,778,88,56,32,706,599,107,274,94,180
C3010,23,33,0000,District - Sehore  33,Total,20-24,89525,47311,42214,11796,8885,2911,4771,4045,726,5441,4315,1126,105,69,36,174,138,36,1305,318,987
C3010,23,33,0000,District - Sehore  33,Total,25-29,77930,38934,38996,2832,1312,1520,0,0,0,890,806,84,71,46,25,61,44,17,1810,416,1394
C3010,23,33,0000,District - Sehore  33,Total,30-34,74975,37564,37411,2159,625,1534,0,0,0,119,97,22,37,19,18,23,9,14,1980,500,1480
C3010,23,33,0000,District - Sehore  33,Total,35-59,212293,112385,99908,4102,1314,2788,0,0,0,83,61,22,66,38,28,30,18,12,3923,1197,2726
C3010,23,33,0000,District - Sehore  33,Total,60+,86695,42780,43915,150,78,72,0,0,0,8,7,1,20,11,9,7,4,3,115,56,59
C3010,23,33,0000,District - Sehore  33,Total,Age not stated,1594,914,680,17,7,10,0,0,0,6,6,0,0,0,0,0,0,0,11,1,10
C3010,23,33,0000,District - Sehore  33,Rural,All ages,885172,463139,422033,206715,124122,82593,192990,117640,75350,3825,3449,376,182,110,72,503,414,89,9215,2509,6706
C3010,23,33,0000,District - Sehore  33,Rural,0-4,118646,61362,57284,1131,647,484,1131,647,484,0,0,0,0,0,0,0,0,0,0,0,0
C3010,23,33,0000,District - Sehore  33,Rural,5,27666,14724,12942,2480,1422,1058,2480,1422,1058,0,0,0,0,0,0,0,0,0,0,0,0
C3010,23,33,0000,District - Sehore  33,Rural,6,28578,14642,13936,10364,5782,4582,10364,5782,4582,0,0,0,0,0,0,0,0,0,0,0,0
C3010,23,33,0000,District - Sehore  33,Rural,7,22121,11401,10720,15818,8595,7223,15818,8595,7223,0,0,0,0,0,0,0,0,0,0,0,0
C3010,23,33,0000,District - Sehore  33,Rural,8,31856,16506,15350,24712,13580,11132,24712,13580,11132,0,0,0,0,0,0,0,0,0,0,0,0
C3010,23,33,0000,District - Sehore  33,Rural,9,19339,9826,9513,16738,8841,7897,16738,8841,7897,0,0,0,0,0,0,0,0,0,0,0,0
C3010,23,33,0000,District - Sehore  33,Rural,10,33071,17401,15670,27062,15049,12013,27062,15049,12013,0,0,0,0,0,0,0,0,0,0,0,0
C3010,23,33,0000,District - Sehore  33,Rural,11,16799,9128,7671,14804,8435,6369,14804,8435,6369,0,0,0,0,0,0,0,0,0,0,0,0
C3010,23,33,0000,District - Sehore  33,Rural,12,29325,15805,13520,22480,13439,9041,22480,13439,9041,0,0,0,0,0,0,0,0,0,0,0,0
C3010,23,33,0000,District - Sehore  33,Rural,13,16596,8984,7612,12322,7632,4690,12322,7632,4690,0,0,0,0,0,0,0,0,0,0,0,0
C3010,23,33,0000,District - Sehore  33,Rural,14,20032,10975,9057,12866,8576,4290,12866,8576,4290,0,0,0,0,0,0,0,0,0,0,0,0
C3010,23,33,0000,District - Sehore  33,Rural,15-19,78677,45058,33619,29948,23419,6529,28594,22432,6162,752,626,126,25,15,10,312,258,54,265,88,177
C3010,23,33,0000,District - Sehore  33,Rural,20-24,71621,37437,34184,7514,5881,1633,3619,3210,409,2447,2232,215,47,28,19,125,106,19,1276,305,971
C3010,23,33,0000,District - Sehore  33,Rural,25-29,62836,31564,31272,2345,951,1394,0,0,0,510,495,15,34,26,8,35,27,8,1766,403,1363
C3010,23,33,0000,District - Sehore  33,Rural,30-34,60820,30422,30398,2057,569,1488,0,0,0,69,58,11,22,11,11,8,7,1,1958,493,1465
C3010,23,33,0000,District - Sehore  33,Rural,35-59,171449,90310,81139,3924,1232,2692,0,0,0,41,32,9,40,24,16,16,12,4,3827,1164,2663
C3010,23,33,0000,District - Sehore  33,Rural,60+,74536,36921,37615,138,70,68,0,0,0,5,5,0,14,6,8,7,4,3,112,55,57
C3010,23,33,0000,District - Sehore  33,Rural,Age not stated,1204,673,531,12,2,10,0,0,0,1,1,0,0,0,0,0,0,0,11,1,10
C3010,23,33,0000,District - Sehore  33,Urban,All ages,193740,101998,91742,59561,33029,26532,53847,29278,24569,4808,3151,1657,205,129,76,498,398,100,203,73,130
C3010,23,33,0000,District - Sehore  33,Urban,0-4,20336,10518,9818,926,485,441,926,485,441,0,0,0,0,0,0,0,0,0,0,0,0
C3010,23,33,0000,District - Sehore  33,Urban,5,4957,2643,2314,1551,839,712,1551,839,712,0,0,0,0,0,0,0,0,0,0,0,0
C3010,23,33,0000,District - Sehore  33,Urban,6,5118,2636,2482,2668,1389,1279,2668,1389,1279,0,0,0,0,0,0,0,0,0,0,0,0
C3010,23,33,0000,District - Sehore  33,Urban,7,4759,2426,2333,4077,2092,1985,4077,2092,1985,0,0,0,0,0,0,0,0,0,0,0,0
C3010,23,33,0000,District - Sehore  33,Urban,8,6332,3337,2995,5574,2957,2617,5574,2957,2617,0,0,0,0,0,0,0,0,0,0,0,0
C3010,23,33,0000,District - Sehore  33,Urban,9,3952,2026,1926,3643,1885,1758,3643,1885,1758,0,0,0,0,0,0,0,0,0,0,0,0
C3010,23,33,0000,District - Sehore  33,Urban,10,6598,3542,3056,5926,3200,2726,5926,3200,2726,0,0,0,0,0,0,0,0,0,0,0,0
C3010,23,33,0000,District - Sehore  33,Urban,11,3783,1979,1804,3549,1858,1691,3549,1858,1691,0,0,0,0,0,0,0,0,0,0,0,0
C3010,23,33,0000,District - Sehore  33,Urban,12,6309,3403,2906,5558,3017,2541,5558,3017,2541,0,0,0,0,0,0,0,0,0,0,0,0
C3010,23,33,0000,District - Sehore  33,Urban,13,4341,2296,2045,3818,2024,1794,3818,2024,1794,0,0,0,0,0,0,0,0,0,0,0,0
C3010,23,33,0000,District - Sehore  33,Urban,14,4945,2620,2325,4075,2188,1887,4075,2188,1887,0,0,0,0,0,0,0,0,0,0,0,0
C3010,23,33,0000,District - Sehore  33,Urban,15-19,21764,12011,9753,13130,7579,5551,11330,6509,4821,1334,682,652,63,41,22,394,341,53,9,6,3
C3010,23,33,0000,District - Sehore  33,Urban,20-24,17904,9874,8030,4282,3004,1278,1152,835,317,2994,2083,911,58,41,17,49,32,17,29,13,16
C3010,23,33,0000,District - Sehore  33,Urban,25-29,15094,7370,7724,487,361,126,0,0,0,380,311,69,37,20,17,26,17,9,44,13,31
C3010,23,33,0000,District - Sehore  33,Urban,30-34,14155,7142,7013,102,56,46,0,0,0,50,39,11,15,8,7,15,2,13,22,7,15
C3010,23,33,0000,District - Sehore  33,Urban,35-59,40844,22075,18769,178,82,96,0,0,0,42,29,13,26,14,12,14,6,8,96,33,63
C3010,23,33,0000,District - Sehore  33,Urban,60+,12159,5859,6300,12,8,4,0,0,0,3,2,1,6,5,1,0,0,0,3,1,2
C3010,23,33,0000,District - Sehore  33,Urban,Age not stated,390,241,149,5,5,0,0,0,0,5,5,0,0,0,0,0,0,0,0,0,0
C3010,23,34,0000,District - Raisen  34,Total,All ages,1125154,598247,526907,277177,159974,117203,259563,149898,109665,8221,6049,2172,340,259,81,457,333,124,8596,3435,5161
C3010,23,34,0000,District - Raisen  34,Total,0-4,146773,75575,71198,1847,953,894,1847,953,894,0,0,0,0,0,0,0,0,0,0,0,0
C3010,23,34,0000,District - Raisen  34,Total,5,32202,16895,15307,3272,1741,1531,3272,1741,1531,0,0,0,0,0,0,0,0,0,0,0,0
C3010,23,34,0000,District - Raisen  34,Total,6,33304,17167,16137,12182,6491,5691,12182,6491,5691,0,0,0,0,0,0,0,0,0,0,0,0
C3010,23,34,0000,District - Raisen  34,Total,7,26983,13838,13145,20700,10911,9789,20700,10911,9789,0,0,0,0,0,0,0,0,0,0,0,0
C3010,23,34,0000,District - Raisen  34,Total,8,39034,20340,18694,31749,16975,14774,31749,16975,14774,0,0,0,0,0,0,0,0,0,0,0,0
C3010,23,34,0000,District - Raisen  34,Total,9,23691,12036,11655,21192,10969,10223,21192,10969,10223,0,0,0,0,0,0,0,0,0,0,0,0
C3010,23,34,0000,District - Raisen  34,Total,10,40966,21609,19357,34897,18923,15974,34897,18923,15974,0,0,0,0,0,0,0,0,0,0,0,0
C3010,23,34,0000,District - Raisen  34,Total,11,20735,10997,9738,18693,10148,8545,18693,10148,8545,0,0,0,0,0,0,0,0,0,0,0,0
C3010,23,34,0000,District - Raisen  34,Total,12,38128,20522,17606,30790,17429,13361,30790,17429,13361,0,0,0,0,0,0,0,0,0,0,0,0
C3010,23,34,0000,District - Raisen  34,Total,13,22280,11802,10478,17648,10040,7608,17648,10040,7608,0,0,0,0,0,0,0,0,0,0,0,0
C3010,23,34,0000,District - Raisen  34,Total,14,27291,14932,12359,18974,11602,7372,18974,11602,7372,0,0,0,0,0,0,0,0,0,0,0,0
C3010,23,34,0000,District - Raisen  34,Total,15-19,104781,62584,42197,45745,31624,14121,43034,29941,13093,2087,1269,818,89,71,18,296,220,76,239,123,116
C3010,23,34,0000,District - Raisen  34,Total,20-24,95423,52151,43272,11158,8436,2722,4585,3775,810,5325,4081,1244,118,102,16,92,70,22,1038,408,630
C3010,23,34,0000,District - Raisen  34,Total,25-29,85201,43976,41225,2196,1181,1015,0,0,0,671,594,77,44,36,8,39,27,12,1442,524,918
C3010,23,34,0000,District - Raisen  34,Total,30-34,79645,40723,38922,1779,676,1103,0,0,0,86,72,14,20,13,7,6,3,3,1667,588,1079
C3010,23,34,0000,District - Raisen  34,Total,35-59,225433,120773,104660,4075,1698,2377,0,0,0,43,27,16,55,26,29,18,10,8,3959,1635,2324
C3010,23,34,0000,District - Raisen  34,Total,60+,81940,41576,40364,274,174,100,0,0,0,7,4,3,14,11,3,6,3,3,247,156,91
C3010,23,34,0000,District - Raisen  34,Total,Age not stated,1344,751,593,6,3,3,0,0,0,2,2,0,0,0,0,0,0,0,4,1,3
C3010,23,34,0000,District - Raisen  34,Rural,All ages,918354,487410,430944,217979,127088,90891,204801,119889,84912,4144,3422,722,179,133,46,308,225,83,8547,3419,5128
C3010,23,34,0000,District - Raisen  34,Rural,0-4,123026,63280,59746,949,499,450,949,499,450,0,0,0,0,0,0,0,0,0,0,0,0
C3010,23,34,0000,District - Raisen  34,Rural,5,26918,14105,12813,1812,951,861,1812,951,861,0,0,0,0,0,0,0,0,0,0,0,0
C3010,23,34,0000,District - Raisen  34,Rural,6,27975,14395,13580,9512,5104,4408,9512,5104,4408,0,0,0,0,0,0,0,0,0,0,0,0
C3010,23,34,0000,District - Raisen  34,Rural,7,21826,11110,10716,16388,8616,7772,16388,8616,7772,0,0,0,0,0,0,0,0,0,0,0,0
C3010,23,34,0000,District - Raisen  34,Rural,8,32249,16772,15477,25908,13867,12041,25908,13867,12041,0,0,0,0,0,0,0,0,0,0,0,0
C3010,23,34,0000,District - Raisen  34,Rural,9,19587,9977,9610,17457,9088,8369,17457,9088,8369,0,0,0,0,0,0,0,0,0,0,0,0
C3010,23,34,0000,District - Raisen  34,Rural,10,33884,17727,16157,28649,15462,13187,28649,15462,13187,0,0,0,0,0,0,0,0,0,0,0,0
C3010,23,34,0000,District - Raisen  34,Rural,11,16911,8954,7957,15167,8262,6905,15167,8262,6905,0,0,0,0,0,0,0,0,0,0,0,0
C3010,23,34,0000,District - Raisen  34,Rural,12,31384,16818,14566,25039,14238,10801,25039,14238,10801,0,0,0,0,0,0,0,0,0,0,0,0
C3010,23,34,0000,District - Raisen  34,Rural,13,17946,9563,8383,13906,8099,5807,13906,8099,5807,0,0,0,0,0,0,0,0,0,0,0,0
C3010,23,34,0000,District - Raisen  34,Rural,14,22269,12230,10039,14992,9422,5570,14992,9422,5570,0,0,0,0,0,0,0,0,0,0,0,0
C3010,23,34,0000,District - Raisen  34,Rural,15-19,82655,50068,32587,32958,24264,8694,31573,23318,8255,914,648,266,37,30,7,199,145,54,235,123,112
C3010,23,34,0000,District - Raisen  34,Rural,20-24,75565,40979,34586,7374,5831,1543,3449,2963,486,2781,2368,413,47,41,6,66,54,12,1031,405,626
C3010,23,34,0000,District - Raisen  34,Rural,25-29,67795,34853,32942,1855,901,954,0,0,0,369,340,29,25,20,5,25,18,7,1436,523,913
C3010,23,34,0000,District - Raisen  34,Rural,30-34,63835,32492,31343,1726,640,1086,0,0,0,50,43,7,14,9,5,3,1,2,1659,587,1072
C3010,23,34,0000,District - Raisen  34,Rural,35-59,183244,97583,85661,4017,1672,2345,0,0,0,24,19,5,43,22,21,12,5,7,3938,1626,2312
C3010,23,34,0000,District - Raisen  34,Rural,60+,70245,35931,34314,265,170,95,0,0,0,5,3,2,13,11,2,3,2,1,244,154,90
C3010,23,34,0000,District - Raisen  34,Rural,Age not stated,1040,573,467,5,2,3,0,0,0,1,1,0,0,0,0,0,0,0,4,1,3
C3010,23,34,0000,District - Raisen  34,Urban,All ages,206800,110837,95963,59198,32886,26312,54762,30009,24753,4077,2627,1450,161,126,35,149,108,41,49,16,33
C3010,23,34,0000,District - Raisen  34,Urban,0-4,23747,12295,11452,898,454,444,898,454,444,0,0,0,0,0,0,0,0,0,0,0,0
C3010,23,34,0000,District - Raisen  34,Urban,5,5284,2790,2494,1460,790,670,1460,790,670,0,0,0,0,0,0,0,0,0,0,0,0
C3010,23,34,0000,District - Raisen  34,Urban,6,5329,2772,2557,2670,1387,1283,2670,1387,1283,0,0,0,0,0,0,0,0,0,0,0,0
C3010,23,34,0000,District - Raisen  34,Urban,7,5157,2728,2429,4312,2295,2017,4312,2295,2017,0,0,0,0,0,0,0,0,0,0,0,0
C3010,23,34,0000,District - Raisen  34,Urban,8,6785,3568,3217,5841,3108,2733,5841,3108,2733,0,0,0,0,0,0,0,0,0,0,0,0
C3010,23,34,0000,District - Raisen  34,Urban,9,4104,2059,2045,3735,1881,1854,3735,1881,1854,0,0,0,0,0,0,0,0,0,0,0,0
C3010,23,34,0000,District - Raisen  34,Urban,10,7082,3882,3200,6248,3461,2787,6248,3461,2787,0,0,0,0,0,0,0,0,0,0,0,0
C3010,23,34,0000,District - Raisen  34,Urban,11,3824,2043,1781,3526,1886,1640,3526,1886,1640,0,0,0,0,0,0,0,0,0,0,0,0
C3010,23,34,0000,District - Raisen  34,Urban,12,6744,3704,3040,5751,3191,2560,5751,3191,2560,0,0,0,0,0,0,0,0,0,0,0,0
C3010,23,34,0000,District - Raisen  34,Urban,13,4334,2239,2095,3742,1941,1801,3742,1941,1801,0,0,0,0,0,0,0,0,0,0,0,0
C3010,23,34,0000,District - Raisen  34,Urban,14,5022,2702,2320,3982,2180,1802,3982,2180,1802,0,0,0,0,0,0,0,0,0,0,0,0
C3010,23,34,0000,District - Raisen  34,Urban,15-19,22126,12516,9610,12787,7360,5427,11461,6623,4838,1173,621,552,52,41,11,97,75,22,4,0,4
C3010,23,34,0000,District - Raisen  34,Urban,20-24,19858,11172,8686,3784,2605,1179,1136,812,324,2544,1713,831,71,61,10,26,16,10,7,3,4
C3010,23,34,0000,District - Raisen  34,Urban,25-29,17406,9123,8283,341,280,61,0,0,0,302,254,48,19,16,3,14,9,5,6,1,5
C3010,23,34,0000,District - Raisen  34,Urban,30-34,15810,8231,7579,53,36,17,0,0,0,36,29,7,6,4,2,3,2,1,8,1,7
C3010,23,34,0000,District - Raisen  34,Urban,35-59,42189,23190,18999,58,26,32,0,0,0,19,8,11,12,4,8,6,5,1,21,9,12
C3010,23,34,0000,District - Raisen  34,Urban,60+,11695,5645,6050,9,4,5,0,0,0,2,1,1,1,0,1,3,1,2,3,2,1
C3010,23,34,0000,District - Raisen  34,Urban,Age not stated,304,178,126,1,1,0,0,0,0,1,1,0,0,0,0,0,0,0,0,0,0
C3010,23,35,0000,District - Betul  35,Total,All ages,1395175,709956,685219,356058,191426,164632,321971,174023,147948,14179,9030,5149,656,451,205,506,364,142,18746,7558,11188
C3010,23,35,0000,District - Betul  35,Total,0-4,160589,81457,79132,2984,1545,1439,2984,1545,1439,0,0,0,0,0,0,0,0,0,0,0,0
C3010,23,35,0000,District - Betul  35,Total,5,38330,19669,18661,4199,2170,2029,4199,2170,2029,0,0,0,0,0,0,0,0,0,0,0,0
C3010,23,35,0000,District - Betul  35,Total,6,35966,18152,17814,16423,8636,7787,16423,8636,7787,0,0,0,0,0,0,0,0,0,0,0,0
C3010,23,35,0000,District - Betul  35,Total,7,31538,16097,15441,24809,13099,11710,24809,13099,11710,0,0,0,0,0,0,0,0,0,0,0,0
C3010,23,35,0000,District - Betul  35,Total,8,41203,20836,20367,33168,17482,15686,33168,17482,15686,0,0,0,0,0,0,0,0,0,0,0,0
C3010,23,35,0000,District - Betul  35,Total,9,32980,16693,16287,28772,14939,13833,28772,14939,13833,0,0,0,0,0,0,0,0,0,0,0,0
C3010,23,35,0000,District - Betul  35,Total,10,48494,24842,23652,39357,20871,18486,39357,20871,18486,0,0,0,0,0,0,0,0,0,0,0,0
C3010,23,35,0000,District - Betul  35,Total,11,29558,15308,14250,25723,13673,12050,25723,13673,12050,0,0,0,0,0,0,0,0,0,0,0,0
C3010,23,35,0000,District - Betul  35,Total,12,45979,23482,22497,34372,18448,15924,34372,18448,15924,0,0,0,0,0,0,0,0,0,0,0,0
C3010,23,35,0000,District - Betul  35,Total,13,30469,15295,15174,23422,12244,11178,23422,12244,11178,0,0,0,0,0,0,0,0,0,0,0,0
C3010,23,35,0000,District - Betul  35,Total,14,37832,19241,18591,25018,13540,11478,25018,13540,11478,0,0,0,0,0,0,0,0,0,0,0,0
C3010,23,35,0000,District - Betul  35,Total,15-19,145303,74616,70687,63921,36190,27731,58589,33593,24996,3981,1975,2006,193,129,64,176,116,60,982,377,605
C3010,23,35,0000,District - Betul  35,Total,20-24,111081,57807,53274,16958,10968,5990,5135,3783,1352,8794,5877,2917,219,170,49,172,129,43,2638,1009,1629
C3010,23,35,0000,District - Betul  35,Total,25-29,99454,49756,49698,4816,2552,2264,0,0,0,1153,983,170,111,90,21,81,67,14,3471,1412,2059
C3010,23,35,0000,District - Betul  35,Total,30-34,96425,47334,49091,4279,1665,2614,0,0,0,131,105,26,33,16,17,25,20,5,4090,1524,2566
C3010,23,35,0000,District - Betul  35,Total,35-59,301862,156734,145128,7574,3254,4320,0,0,0,94,68,26,77,34,43,32,23,9,7371,3129,4242
C3010,23,35,0000,District - Betul  35,Total,60+,106603,51774,54829,231,130,101,0,0,0,15,13,2,22,11,11,15,8,7,179,98,81
C3010,23,35,0000,District - Betul  35,Total,Age not stated,1509,863,646,32,20,12,0,0,0,11,9,2,1,1,0,5,1,4,15,9,6
C3010,23,35,0000,District - Betul  35,Rural,All ages,1136056,574704,561352,271537,146523,125014,246561,134572,111989,5664,3996,1668,343,228,115,280,192,88,18689,7535,11154
C3010,23,35,0000,District - Betul  35,Rural,0-4,138767,70140,68627,2257,1156,1101,2257,1156,1101,0,0,0,0,0,0,0,0,0,0,0,0
C3010,23,35,0000,District - Betul  35,Rural,5,33025,16855,16170,2848,1471,1377,2848,1471,1377,0,0,0,0,0,0,0,0,0,0,0,0
C3010,23,35,0000,District - Betul  35,Rural,6,30768,15467,15301,13613,7177,6436,13613,7177,6436,0,0,0,0,0,0,0,0,0,0,0,0
C3010,23,35,0000,District - Betul  35,Rural,7,26103,13330,12773,19965,10613,9352,19965,10613,9352,0,0,0,0,0,0,0,0,0,0,0,0
C3010,23,35,0000,District - Betul  35,Rural,8,34621,17398,17223,27043,14275,12768,27043,14275,12768,0,0,0,0,0,0,0,0,0,0,0,0
C3010,23,35,0000,District - Betul  35,Rural,9,27579,13925,13654,23607,12284,11323,23607,12284,11323,0,0,0,0,0,0,0,0,0,0,0,0
C3010,23,35,0000,District - Betul  35,Rural,10,40416,20557,19859,31803,16850,14953,31803,16850,14953,0,0,0,0,0,0,0,0,0,0,0,0
C3010,23,35,0000,District - Betul  35,Rural,11,23466,12156,11310,19890,10652,9238,19890,10652,9238,0,0,0,0,0,0,0,0,0,0,0,0
C3010,23,35,0000,District - Betul  35,Rural,12,37706,19129,18577,26769,14432,12337,26769,14432,12337,0,0,0,0,0,0,0,0,0,0,0,0
C3010,23,35,0000,District - Betul  35,Rural,13,23846,12038,11808,17303,9258,8045,17303,9258,8045,0,0,0,0,0,0,0,0,0,0,0,0
C3010,23,35,0000,District - Betul  35,Rural,14,30649,15620,15029,18731,10394,8337,18731,10394,8337,0,0,0,0,0,0,0,0,0,0,0,0
C3010,23,35,0000,District - Betul  35,Rural,15-19,113778,58121,55657,41884,24673,17211,39314,23394,15920,1420,791,629,74,54,20,96,59,37,980,375,605
C3010,23,35,0000,District - Betul  35,Rural,20-24,87608,44892,42716,9841,6399,3442,3418,2616,802,3600,2632,968,100,79,21,87,63,24,2636,1009,1627
C3010,23,35,0000,District - Betul  35,Rural,25-29,80029,39824,40205,4096,1968,2128,0,0,0,528,475,53,60,45,15,40,36,4,3468,1412,2056
C3010,23,35,0000,District - Betul  35,Rural,30-34,77817,38331,39486,4194,1600,2594,0,0,0,72,61,11,23,9,14,11,8,3,4088,1522,2566
C3010,23,35,0000,District - Betul  35,Rural,35-59,237065,121544,115521,7461,3190,4271,0,0,0,32,27,5,69,31,38,27,18,9,7333,3114,4219
C3010,23,35,0000,District - Betul  35,Rural,60+,91668,44745,46923,206,116,90,0,0,0,7,6,1,16,9,7,14,7,7,169,94,75
C3010,23,35,0000,District - Betul  35,Rural,Age not stated,1145,632,513,26,15,11,0,0,0,5,4,1,1,1,0,5,1,4,15,9,6
C3010,23,35,0000,District - Betul  35,Urban,All ages,259119,135252,123867,84521,44903,39618,75410,39451,35959,8515,5034,3481,313,223,90,226,172,54,57,23,34
C3010,23,35,0000,District - Betul  35,Urban,0-4,21822,11317,10505,727,389,338,727,389,338,0,0,0,0,0,0,0,0,0,0,0,0
C3010,23,35,0000,District - Betul  35,Urban,5,5305,2814,2491,1351,699,652,1351,699,652,0,0,0,0,0,0,0,0,0,0,0,0
C3010,23,35,0000,District - Betul  35,Urban,6,5198,2685,2513,2810,1459,1351,2810,1459,1351,0,0,0,0,0,0,0,0,0,0,0,0
C3010,23,35,0000,District - Betul  35,Urban,7,5435,2767,2668,4844,2486,2358,4844,2486,2358,0,0,0,0,0,0,0,0,0,0,0,0
C3010,23,35,0000,District - Betul  35,Urban,8,6582,3438,3144,6125,3207,2918,6125,3207,2918,0,0,0,0,0,0,0,0,0,0,0,0
C3010,23,35,0000,District - Betul  35,Urban,9,5401,2768,2633,5165,2655,2510,5165,2655,2510,0,0,0,0,0,0,0,0,0,0,0,0
C3010,23,35,0000,District - Betul  35,Urban,10,8078,4285,3793,7554,4021,3533,7554,4021,3533,0,0,0,0,0,0,0,0,0,0,0,0
C3010,23,35,0000,District - Betul  35,Urban,11,6092,3152,2940,5833,3021,2812,5833,3021,2812,0,0,0,0,0,0,0,0,0,0,0,0
C3010,23,35,0000,District - Betul  35,Urban,12,8273,4353,3920,7603,4016,3587,7603,4016,3587,0,0,0,0,0,0,0,0,0,0,0,0
C3010,23,35,0000,District - Betul  35,Urban,13,6623,3257,3366,6119,2986,3133,6119,2986,3133,0,0,0,0,0,0,0,0,0,0,0,0
C3010,23,35,0000,District - Betul  35,Urban,14,7183,3621,3562,6287,3146,3141,6287,3146,3141,0,0,0,0,0,0,0,0,0,0,0,0
C3010,23,35,0000,District - Betul  35,Urban,15-19,31525,16495,15030,22037,11517,10520,19275,10199,9076,2561,1184,1377,119,75,44,80,57,23,2,2,0
C3010,23,35,0000,District - Betul  35,Urban,20-24,23473,12915,10558,7117,4569,2548,1717,1167,550,5194,3245,1949,119,91,28,85,66,19,2,0,2
C3010,23,35,0000,District - Betul  35,Urban,25-29,19425,9932,9493,720,584,136,0,0,0,625,508,117,51,45,6,41,31,10,3,0,3
C3010,23,35,0000,District - Betul  35,Urban,30-34,18608,9003,9605,85,65,20,0,0,0,59,44,15,10,7,3,14,12,2,2,2,0
C3010,23,35,0000,District - Betul  35,Urban,35-59,64797,35190,29607,113,64,49,0,0,0,62,41,21,8,3,5,5,5,0,38,15,23
C3010,23,35,0000,District - Betul  35,Urban,60+,14935,7029,7906,25,14,11,0,0,0,8,7,1,6,2,4,1,1,0,10,4,6
C3010,23,35,0000,District - Betul  35,Urban,Age not stated,364,231,133,6,5,1,0,0,0,6,5,1,0,0,0,0,0,0,0,0,0
C3010,23,36,0000,District - Harda *  36,Total,All ages,474416,247226,227190,102289,59437,42852,95418,55419,39999,3453,2472,981,218,170,48,96,74,22,3104,1302,1802
C3010,23,36,0000,District - Harda *  36,Total,0-4,60308,31265,29043,899,489,410,899,489,410,0,0,0,0,0,0,0,0,0,0,0,0
C3010,23,36,0000,District - Harda *  36,Total,5,13061,6988,6073,1339,753,586,1339,753,586,0,0,0,0,0,0,0,0,0,0,0,0
C3010,23,36,0000,District - Harda *  36,Total,6,13621,6931,6690,4643,2530,2113,4643,2530,2113,0,0,0,0,0,0,0,0,0,0,0,0
C3010,23,36,0000,District - Harda *  36,Total,7,11256,5814,5442,7859,4272,3587,7859,4272,3587,0,0,0,0,0,0,0,0,0,0,0,0
C3010,23,36,0000,District - Harda *  36,Total,8,15735,7969,7766,11628,6220,5408,11628,6220,5408,0,0,0,0,0,0,0,0,0,0,0,0
C3010,23,36,0000,District - Harda *  36,Total,9,10586,5500,5086,8846,4715,4131,8846,4715,4131,0,0,0,0,0,0,0,0,0,0,0,0
C3010,23,36,0000,District - Harda *  36,Total,10,16707,8855,7852,13021,7342,5679,13021,7342,5679,0,0,0,0,0,0,0,0,0,0,0,0
C3010,23,36,0000,District - Harda *  36,Total,11,9597,5119,4478,8102,4498,3604,8102,4498,3604,0,0,0,0,0,0,0,0,0,0,0,0
C3010,23,36,0000,District - Harda *  36,Total,12,14986,7915,7071,10639,6095,4544,10639,6095,4544,0,0,0,0,0,0,0,0,0,0,0,0
C3010,23,36,0000,District - Harda *  36,Total,13,9315,4822,4493,6549,3749,2800,6549,3749,2800,0,0,0,0,0,0,0,0,0,0,0,0
C3010,23,36,0000,District - Harda *  36,Total,14,11416,6013,5403,6633,4130,2503,6633,4130,2503,0,0,0,0,0,0,0,0,0,0,0,0
C3010,23,36,0000,District - Harda *  36,Total,15-19,43594,24520,19074,15341,10439,4902,14158,9752,4406,888,505,383,88,65,23,59,48,11,148,69,79
C3010,23,36,0000,District - Harda *  36,Total,20-24,38929,20492,18437,4023,2906,1117,1102,874,228,2288,1726,562,75,68,7,23,18,5,535,220,315
C3010,23,36,0000,District - Harda *  36,Total,25-29,34627,17214,17413,830,448,382,0,0,0,202,179,23,35,27,8,5,3,2,588,239,349
C3010,23,36,0000,District - Harda *  36,Total,30-34,33897,16956,16941,692,290,402,0,0,0,28,21,7,5,3,2,1,0,1,658,266,392
C3010,23,36,0000,District - Harda *  36,Total,35-59,99321,52682,46639,1178,533,645,0,0,0,36,31,5,13,7,6,6,4,2,1123,491,632
C3010,23,36,0000,District - Harda *  36,Total,60+,36343,17534,18809,48,17,31,0,0,0,4,4,0,2,0,2,1,0,1,41,13,28
C3010,23,36,0000,District - Harda *  36,Total,Age not stated,1117,637,480,19,11,8,0,0,0,7,6,1,0,0,0,1,1,0,11,4,7
C3010,23,36,0000,District - Harda *  36,Rural,All ages,373249,194117,179132,72831,42903,29928,68598,40608,27990,1071,931,140,65,44,21,47,33,14,3050,1287,1763
C3010,23,36,0000,District - Harda *  36,Rural,0-4,50244,26125,24119,473,262,211,473,262,211,0,0,0,0,0,0,0,0,0,0,0,0
C3010,23,36,0000,District - Harda *  36,Rural,5,10727,5700,5027,676,371,305,676,371,305,0,0,0,0,0,0,0,0,0,0,0,0
C3010,23,36,0000,District - Harda *  36,Rural,6,11261,5708,5553,3517,1939,1578,3517,1939,1578,0,0,0,0,0,0,0,0,0,0,0,0
C3010,23,36,0000,District - Harda *  36,Rural,7,9016,4673,4343,6027,3327,2700,6027,3327,2700,0,0,0,0,0,0,0,0,0,0,0,0
C3010,23,36,0000,District - Harda *  36,Rural,8,12816,6434,6382,9068,4864,4204,9068,4864,4204,0,0,0,0,0,0,0,0,0,0,0,0
C3010,23,36,0000,District - Harda *  36,Rural,9,8495,4394,4101,6902,3688,3214,6902,3688,3214,0,0,0,0,0,0,0,0,0,0,0,0
C3010,23,36,0000,District - Harda *  36,Rural,10,13506,7148,6358,10055,5741,4314,10055,5741,4314,0,0,0,0,0,0,0,0,0,0,0,0
C3010,23,36,0000,District - Harda *  36,Rural,11,7436,3973,3463,6079,3410,2669,6079,3410,2669,0,0,0,0,0,0,0,0,0,0,0,0
C3010,23,36,0000,District - Harda *  36,Rural,12,11975,6297,5678,7950,4629,3321,7950,4629,3321,0,0,0,0,0,0,0,0,0,0,0,0
C3010,23,36,0000,District - Harda *  36,Rural,13,7005,3626,3379,4507,2673,1834,4507,2673,1834,0,0,0,0,0,0,0,0,0,0,0,0
C3010,23,36,0000,District - Harda *  36,Rural,14,8871,4706,4165,4584,3040,1544,4584,3040,1544,0,0,0,0,0,0,0,0,0,0,0,0
C3010,23,36,0000,District - Harda *  36,Rural,15-19,32313,18181,14132,8539,6413,2126,8097,6116,1981,248,193,55,18,12,6,30,24,6,146,68,78
C3010,23,36,0000,District - Harda *  36,Rural,20-24,29514,15369,14145,1961,1450,511,663,548,115,740,659,81,20,18,2,10,7,3,528,218,310
C3010,23,36,0000,District - Harda *  36,Rural,25-29,26829,13284,13545,659,304,355,0,0,0,65,62,3,13,7,6,2,0,2,579,235,344
C3010,23,36,0000,District - Harda *  36,Rural,30-34,26578,13300,13278,660,271,389,0,0,0,5,5,0,3,1,2,1,0,1,651,265,386
C3010,23,36,0000,District - Harda *  36,Rural,35-59,76870,40655,36215,1126,503,623,0,0,0,9,8,1,9,6,3,4,2,2,1104,487,617
C3010,23,36,0000,District - Harda *  36,Rural,60+,28853,14009,14844,33,10,23,0,0,0,0,0,0,2,0,2,0,0,0,31,10,21
C3010,23,36,0000,District - Harda *  36,Rural,Age not stated,940,535,405,15,8,7,0,0,0,4,4,0,0,0,0,0,0,0,11,4,7
C3010,23,36,0000,District - Harda *  36,Urban,All ages,101167,53109,48058,29458,16534,12924,26820,14811,12009,2382,1541,841,153,126,27,49,41,8,54,15,39
C3010,23,36,0000,District - Harda *  36,Urban,0-4,10064,5140,4924,426,227,199,426,227,199,0,0,0,0,0,0,0,0,0,0,0,0
C3010,23,36,0000,District - Harda *  36,Urban,5,2334,1288,1046,663,382,281,663,382,281,0,0,0,0,0,0,0,0,0,0,0,0
C3010,23,36,0000,District - Harda *  36,Urban,6,2360,1223,1137,1126,591,535,1126,591,535,0,0,0,0,0,0,0,0,0,0,0,0
C3010,23,36,0000,District - Harda *  36,Urban,7,2240,1141,1099,1832,945,887,1832,945,887,0,0,0,0,0,0,0,0,0,0,0,0
C3010,23,36,0000,District - Harda *  36,Urban,8,2919,1535,1384,2560,1356,1204,2560,1356,1204,0,0,0,0,0,0,0,0,0,0,0,0
C3010,23,36,0000,District - Harda *  36,Urban,9,2091,1106,985,1944,1027,917,1944,1027,917,0,0,0,0,0,0,0,0,0,0,0,0
C3010,23,36,0000,District - Harda *  36,Urban,10,3201,1707,1494,2966,1601,1365,2966,1601,1365,0,0,0,0,0,0,0,0,0,0,0,0
C3010,23,36,0000,District - Harda *  36,Urban,11,2161,1146,1015,2023,1088,935,2023,1088,935,0,0,0,0,0,0,0,0,0,0,0,0
C3010,23,36,0000,District - Harda *  36,Urban,12,3011,1618,1393,2689,1466,1223,2689,1466,1223,0,0,0,0,0,0,0,0,0,0,0,0
C3010,23,36,0000,District - Harda *  36,Urban,13,2310,1196,1114,2042,1076,966,2042,1076,966,0,0,0,0,0,0,0,0,0,0,0,0
C3010,23,36,0000,District - Harda *  36,Urban,14,2545,1307,1238,2049,1090,959,2049,1090,959,0,0,0,0,0,0,0,0,0,0,0,0
C3010,23,36,0000,District - Harda *  36,Urban,15-19,11281,6339,4942,6802,4026,2776,6061,3636,2425,640,312,328,70,53,17,29,24,5,2,1,1
C3010,23,36,0000,District - Harda *  36,Urban,20-24,9415,5123,4292,2062,1456,606,439,326,113,1548,1067,481,55,50,5,13,11,2,7,2,5
C3010,23,36,0000,District - Harda *  36,Urban,25-29,7798,3930,3868,171,144,27,0,0,0,137,117,20,22,20,2,3,3,0,9,4,5
C3010,23,36,0000,District - Harda *  36,Urban,30-34,7319,3656,3663,32,19,13,0,0,0,23,16,7,2,2,0,0,0,0,7,1,6
C3010,23,36,0000,District - Harda *  36,Urban,35-59,22451,12027,10424,52,30,22,0,0,0,27,23,4,4,1,3,2,2,0,19,4,15
C3010,23,36,0000,District - Harda *  36,Urban,60+,7490,3525,3965,15,7,8,0,0,0,4,4,0,0,0,0,1,0,1,10,3,7
C3010,23,36,0000,District - Harda *  36,Urban,Age not stated,177,102,75,4,3,1,0,0,0,3,2,1,0,0,0,1,1,0,0,0,0
C3010,23,37,0000,District - Hoshangabad  37,Total,All ages,1084265,571774,512491,278907,159290,119617,252534,144156,108378,16760,10993,5767,588,440,148,1346,1008,338,7679,2693,4986
C3010,23,37,0000,District - Hoshangabad  37,Total,0-4,121086,62624,58462,2406,1298,1108,2406,1298,1108,0,0,0,0,0,0,0,0,0,0,0,0
C3010,23,37,0000,District - Hoshangabad  37,Total,5,27226,14470,12756,3706,2041,1665,3706,2041,1665,0,0,0,0,0,0,0,0,0,0,0,0
C3010,23,37,0000,District - Hoshangabad  37,Total,6,27570,14200,13370,11083,5949,5134,11083,5949,5134,0,0,0,0,0,0,0,0,0,0,0,0
C3010,23,37,0000,District - Hoshangabad  37,Total,7,24248,12406,11842,18612,9855,8757,18612,9855,8757,0,0,0,0,0,0,0,0,0,0,0,0
C3010,23,37,0000,District - Hoshangabad  37,Total,8,32758,17199,15559,27437,14857,12580,27437,14857,12580,0,0,0,0,0,0,0,0,0,0,0,0
C3010,23,37,0000,District - Hoshangabad  37,Total,9,22871,11453,11418,20614,10540,10074,20614,10540,10074,0,0,0,0,0,0,0,0,0,0,0,0
C3010,23,37,0000,District - Hoshangabad  37,Total,10,36414,19041,17373,31444,17016,14428,31444,17016,14428,0,0,0,0,0,0,0,0,0,0,0,0
C3010,23,37,0000,District - Hoshangabad  37,Total,11,21012,11267,9745,19123,10525,8598,19123,10525,8598,0,0,0,0,0,0,0,0,0,0,0,0
C3010,23,37,0000,District - Hoshangabad  37,Total,12,34018,18111,15907,27952,15697,12255,27952,15697,12255,0,0,0,0,0,0,0,0,0,0,0,0
C3010,23,37,0000,District - Hoshangabad  37,Total,13,22226,11709,10517,17922,10085,7837,17922,10085,7837,0,0,0,0,0,0,0,0,0,0,0,0
C3010,23,37,0000,District - Hoshangabad  37,Total,14,26786,14196,12590,19326,11407,7919,19326,11407,7919,0,0,0,0,0,0,0,0,0,0,0,0
C3010,23,37,0000,District - Hoshangabad  37,Total,15-19,108766,62287,46479,53549,34066,19483,48279,31231,17048,4613,2438,2175,187,140,47,242,150,92,228,107,121
C3010,23,37,0000,District - Hoshangabad  37,Total,20-24,94552,52142,42410,16706,11582,5124,4630,3655,975,10532,7234,3298,174,147,27,392,246,146,978,300,678
C3010,23,37,0000,District - Hoshangabad  37,Total,25-29,83155,42632,40523,3139,1861,1278,0,0,0,1285,1067,218,112,88,24,313,257,56,1429,449,980
C3010,23,37,0000,District - Hoshangabad  37,Total,30-34,77397,39502,37895,2081,874,1207,0,0,0,157,119,38,34,19,15,218,201,17,1672,535,1137
C3010,23,37,0000,District - Hoshangabad  37,Total,35-59,238786,126823,111963,3576,1489,2087,0,0,0,124,94,30,56,31,25,168,146,22,3228,1218,2010
C3010,23,37,0000,District - Hoshangabad  37,Total,60+,82060,39834,42226,177,112,65,0,0,0,21,20,1,22,12,10,10,5,5,124,75,49
C3010,23,37,0000,District - Hoshangabad  37,Total,Age not stated,3334,1878,1456,54,36,18,0,0,0,28,21,7,3,3,0,3,3,0,20,9,11
C3010,23,37,0000,District - Hoshangabad  37,Rural,All ages,749871,395290,354581,175228,102761,72467,161910,95529,66381,5281,4267,1014,212,145,67,225,147,78,7600,2673,4927
C3010,23,37,0000,District - Hoshangabad  37,Rural,0-4,91494,47145,44349,1026,573,453,1026,573,453,0,0,0,0,0,0,0,0,0,0,0,0
C3010,23,37,0000,District - Hoshangabad  37,Rural,5,20279,10798,9481,1466,843,623,1466,843,623,0,0,0,0,0,0,0,0,0,0,0,0
C3010,23,37,0000,District - Hoshangabad  37,Rural,6,20735,10641,10094,7469,4039,3430,7469,4039,3430,0,0,0,0,0,0,0,0,0,0,0,0
C3010,23,37,0000,District - Hoshangabad  37,Rural,7,17357,8848,8509,12579,6715,5864,12579,6715,5864,0,0,0,0,0,0,0,0,0,0,0,0
C3010,23,37,0000,District - Hoshangabad  37,Rural,8,23974,12499,11475,19263,10463,8800,19263,10463,8800,0,0,0,0,0,0,0,0,0,0,0,0
C3010,23,37,0000,District - Hoshangabad  37,Rural,9,16604,8298,8306,14625,7509,7116,14625,7509,7116,0,0,0,0,0,0,0,0,0,0,0,0
C3010,23,37,0000,District - Hoshangabad  37,Rural,10,26411,13756,12655,22048,12029,10019,22048,12029,10019,0,0,0,0,0,0,0,0,0,0,0,0
C3010,23,37,0000,District - Hoshangabad  37,Rural,11,14239,7682,6557,12619,7072,5547,12619,7072,5547,0,0,0,0,0,0,0,0,0,0,0,0
C3010,23,37,0000,District - Hoshangabad  37,Rural,12,24097,12808,11289,18731,10745,7986,18731,10745,7986,0,0,0,0,0,0,0,0,0,0,0,0
C3010,23,37,0000,District - Hoshangabad  37,Rural,13,14871,7900,6971,11189,6606,4583,11189,6606,4583,0,0,0,0,0,0,0,0,0,0,0,0
C3010,23,37,0000,District - Hoshangabad  37,Rural,14,18515,9887,8628,12103,7601,4502,12103,7601,4502,0,0,0,0,0,0,0,0,0,0,0,0
C3010,23,37,0000,District - Hoshangabad  37,Rural,15-19,70630,41788,28842,27736,20122,7614,26110,19053,7057,1255,859,396,44,27,17,102,77,25,225,106,119
C3010,23,37,0000,District - Hoshangabad  37,Rural,20-24,62336,34372,27964,7252,5566,1686,2682,2281,401,3486,2910,576,43,36,7,71,39,32,970,300,670
C3010,23,37,0000,District - Hoshangabad  37,Rural,25-29,55799,28496,27303,1916,898,1018,0,0,0,439,405,34,41,32,9,22,16,6,1414,445,969
C3010,23,37,0000,District - Hoshangabad  37,Rural,30-34,52416,26599,25817,1744,597,1147,0,0,0,51,48,3,17,10,7,13,9,4,1663,530,1133
C3010,23,37,0000,District - Hoshangabad  37,Rural,35-59,157670,82916,74754,3289,1275,2014,0,0,0,39,34,5,45,26,19,12,4,8,3193,1211,1982
C3010,23,37,0000,District - Hoshangabad  37,Rural,60+,60149,29567,30582,144,90,54,0,0,0,5,5,0,20,12,8,4,1,3,115,72,43
C3010,23,37,0000,District - Hoshangabad  37,Rural,Age not stated,2295,1290,1005,29,18,11,0,0,0,6,6,0,2,2,0,1,1,0,20,9,11
C3010,23,37,0000,District - Hoshangabad  37,Urban,All ages,334394,176484,157910,103679,56529,47150,90624,48627,41997,11479,6726,4753,376,295,81,1121,861,260,79,20,59
C3010,23,37,0000,District - Hoshangabad  37,Urban,0-4,29592,15479,14113,1380,725,655,1380,725,655,0,0,0,0,0,0,0,0,0,0,0,0
C3010,23,37,0000,District - Hoshangabad  37,Urban,5,6947,3672,3275,2240,1198,1042,2240,1198,1042,0,0,0,0,0,0,0,0,0,0,0,0
C3010,23,37,0000,District - Hoshangabad  37,Urban,6,6835,3559,3276,3614,1910,1704,3614,1910,1704,0,0,0,0,0,0,0,0,0,0,0,0
C3010,23,37,0000,District - Hoshangabad  37,Urban,7,6891,3558,3333,6033,3140,2893,6033,3140,2893,0,0,0,0,0,0,0,0,0,0,0,0
C3010,23,37,0000,District - Hoshangabad  37,Urban,8,8784,4700,4084,8174,4394,3780,8174,4394,3780,0,0,0,0,0,0,0,0,0,0,0,0
C3010,23,37,0000,District - Hoshangabad  37,Urban,9,6267,3155,3112,5989,3031,2958,5989,3031,2958,0,0,0,0,0,0,0,0,0,0,0,0
C3010,23,37,0000,District - Hoshangabad  37,Urban,10,10003,5285,4718,9396,4987,4409,9396,4987,4409,0,0,0,0,0,0,0,0,0,0,0,0
C3010,23,37,0000,District - Hoshangabad  37,Urban,11,6773,3585,3188,6504,3453,3051,6504,3453,3051,0,0,0,0,0,0,0,0,0,0,0,0
C3010,23,37,0000,District - Hoshangabad  37,Urban,12,9921,5303,4618,9221,4952,4269,9221,4952,4269,0,0,0,0,0,0,0,0,0,0,0,0
C3010,23,37,0000,District - Hoshangabad  37,Urban,13,7355,3809,3546,6733,3479,3254,6733,3479,3254,0,0,0,0,0,0,0,0,0,0,0,0
C3010,23,37,0000,District - Hoshangabad  37,Urban,14,8271,4309,3962,7223,3806,3417,7223,3806,3417,0,0,0,0,0,0,0,0,0,0,0,0
C3010,23,37,0000,District - Hoshangabad  37,Urban,15-19,38136,20499,17637,25813,13944,11869,22169,12178,9991,3358,1579,1779,143,113,30,140,73,67,3,1,2
C3010,23,37,0000,District - Hoshangabad  37,Urban,20-24,32216,17770,14446,9454,6016,3438,1948,1374,574,7046,4324,2722,131,111,20,321,207,114,8,0,8
C3010,23,37,0000,District - Hoshangabad  37,Urban,25-29,27356,14136,13220,1223,963,260,0,0,0,846,662,184,71,56,15,291,241,50,15,4,11
C3010,23,37,0000,District - Hoshangabad  37,Urban,30-34,24981,12903,12078,337,277,60,0,0,0,106,71,35,17,9,8,205,192,13,9,5,4
C3010,23,37,0000,District - Hoshangabad  37,Urban,35-59,81116,43907,37209,287,214,73,0,0,0,85,60,25,11,5,6,156,142,14,35,7,28
C3010,23,37,0000,District - Hoshangabad  37,Urban,60+,21911,10267,11644,33,22,11,0,0,0,16,15,1,2,0,2,6,4,2,9,3,6
C3010,23,37,0000,District - Hoshangabad  37,Urban,Age not stated,1039,588,451,25,18,7,0,0,0,22,15,7,1,1,0,2,2,0,0,0,0
C3010,23,38,0000,District - Katni *  38,Total,All ages,1064167,548368,515799,227744,131421,96323,216669,124769,91900,7772,4931,2841,723,608,115,270,181,89,2310,932,1378
C3010,23,38,0000,District - Katni *  38,Total,0-4,131249,66969,64280,1787,892,895,1787,892,895,0,0,0,0,0,0,0,0,0,0,0,0
C3010,23,38,0000,District - Katni *  38,Total,5,30893,16192,14701,3058,1671,1387,3058,1671,1387,0,0,0,0,0,0,0,0,0,0,0,0
C3010,23,38,0000,District - Katni *  38,Total,6,28575,14563,14012,11281,6077,5204,11281,6077,5204,0,0,0,0,0,0,0,0,0,0,0,0
C3010,23,38,0000,District - Katni *  38,Total,7,21702,11040,10662,15309,8085,7224,15309,8085,7224,0,0,0,0,0,0,0,0,0,0,0,0
C3010,23,38,0000,District - Katni *  38,Total,8,30779,15834,14945,23811,12688,11123,23811,12688,11123,0,0,0,0,0,0,0,0,0,0,0,0
C3010,23,38,0000,District - Katni *  38,Total,9,23304,11814,11490,20086,10524,9562,20086,10524,9562,0,0,0,0,0,0,0,0,0,0,0,0
C3010,23,38,0000,District - Katni *  38,Total,10,35187,18234,16953,28604,15585,13019,28604,15585,13019,0,0,0,0,0,0,0,0,0,0,0,0
C3010,23,38,0000,District - Katni *  38,Total,11,21180,11429,9751,18546,10389,8157,18546,10389,8157,0,0,0,0,0,0,0,0,0,0,0,0
C3010,23,38,0000,District - Katni *  38,Total,12,30698,16427,14271,23214,13494,9720,23214,13494,9720,0,0,0,0,0,0,0,0,0,0,0,0
C3010,23,38,0000,District - Katni *  38,Total,13,21313,10929,10384,15713,8991,6722,15713,8991,6722,0,0,0,0,0,0,0,0,0,0,0,0
C3010,23,38,0000,District - Katni *  38,Total,14,23423,12315,11108,15393,9355,6038,15393,9355,6038,0,0,0,0,0,0,0,0,0,0,0,0
C3010,23,38,0000,District - Katni *  38,Total,15-19,99486,53344,46142,39000,25734,13266,36423,24317,12106,2148,1109,1039,238,204,34,108,62,46,83,42,41
C3010,23,38,0000,District - Katni *  38,Total,20-24,90489,45736,44753,8996,6348,2648,3444,2701,743,4878,3225,1653,287,259,28,76,58,18,311,105,206
C3010,23,38,0000,District - Katni *  38,Total,25-29,86121,43440,42681,1125,720,405,0,0,0,575,464,111,107,91,16,42,30,12,401,135,266
C3010,23,38,0000,District - Katni *  38,Total,30-34,80059,40077,39982,545,257,288,0,0,0,80,63,17,28,20,8,15,11,4,422,163,259
C3010,23,38,0000,District - Katni *  38,Total,35-59,234319,123293,111026,1139,535,604,0,0,0,71,57,14,51,30,21,19,12,7,998,436,562
C3010,23,38,0000,District - Katni *  38,Total,60+,72842,35338,37504,117,65,52,0,0,0,13,10,3,11,4,7,7,5,2,86,46,40
C3010,23,38,0000,District - Katni *  38,Total,Age not stated,2548,1394,1154,20,11,9,0,0,0,7,3,4,1,0,1,3,3,0,9,5,4
C3010,23,38,0000,District - Katni *  38,Rural,All ages,838906,430308,408598,168447,99442,69005,163245,96227,67018,2523,2021,502,207,142,65,174,125,49,2298,927,1371
C3010,23,38,0000,District - Katni *  38,Rural,0-4,109771,55779,53992,1059,530,529,1059,530,529,0,0,0,0,0,0,0,0,0,0,0,0
C3010,23,38,0000,District - Katni *  38,Rural,5,25857,13494,12363,1880,1022,858,1880,1022,858,0,0,0,0,0,0,0,0,0,0,0,0
C3010,23,38,0000,District - Katni *  38,Rural,6,23679,11990,11689,9120,4910,4210,9120,4910,4210,0,0,0,0,0,0,0,0,0,0,0,0
C3010,23,38,0000,District - Katni *  38,Rural,7,17306,8752,8554,11818,6250,5568,11818,6250,5568,0,0,0,0,0,0,0,0,0,0,0,0
C3010,23,38,0000,District - Katni *  38,Rural,8,24929,12811,12118,18811,10081,8730,18811,10081,8730,0,0,0,0,0,0,0,0,0,0,0,0
C3010,23,38,0000,District - Katni *  38,Rural,9,19231,9754,9477,16357,8628,7729,16357,8628,7729,0,0,0,0,0,0,0,0,0,0,0,0
C3010,23,38,0000,District - Katni *  38,Rural,10,28607,14767,13840,22818,12507,10311,22818,12507,10311,0,0,0,0,0,0,0,0,0,0,0,0
C3010,23,38,0000,District - Katni *  38,Rural,11,16731,9119,7612,14430,8242,6188,14430,8242,6188,0,0,0,0,0,0,0,0,0,0,0,0
C3010,23,38,0000,District - Katni *  38,Rural,12,24460,13120,11340,17815,10613,7202,17815,10613,7202,0,0,0,0,0,0,0,0,0,0,0,0
C3010,23,38,0000,District - Katni *  38,Rural,13,16544,8571,7973,11589,6919,4670,11589,6919,4670,0,0,0,0,0,0,0,0,0,0,0,0
C3010,23,38,0000,District - Katni *  38,Rural,14,18233,9629,8604,11218,7153,4065,11218,7153,4065,0,0,0,0,0,0,0,0,0,0,0,0
C3010,23,38,0000,District - Katni *  38,Rural,15-19,75046,40316,34730,24691,17919,6772,23918,17412,6506,583,394,189,39,26,13,69,46,23,82,41,41
C3010,23,38,0000,District - Katni *  38,Rural,20-24,68873,34144,34729,4430,3478,952,2412,1960,452,1610,1336,274,52,41,11,46,37,9,310,104,206
C3010,23,38,0000,District - Katni *  38,Rural,25-29,66844,33582,33262,700,395,305,0,0,0,232,208,24,45,36,9,23,16,7,400,135,265
C3010,23,38,0000,District - Katni *  38,Rural,30-34,62679,31199,31480,498,223,275,0,0,0,49,40,9,17,12,5,11,8,3,421,163,258
C3010,23,38,0000,District - Katni *  38,Rural,35-59,179007,93473,85534,1092,504,588,0,0,0,40,35,5,44,25,19,17,11,6,991,433,558
C3010,23,38,0000,District - Katni *  38,Rural,60+,58773,28518,30255,106,58,48,0,0,0,7,6,1,9,2,7,5,4,1,85,46,39
C3010,23,38,0000,District - Katni *  38,Rural,Age not stated,2336,1290,1046,15,10,5,0,0,0,2,2,0,1,0,1,3,3,0,9,5,4
C3010,23,38,0000,District - Katni *  38,Urban,All ages,225261,118060,107201,59297,31979,27318,53424,28542,24882,5249,2910,2339,516,466,50,96,56,40,12,5,7
C3010,23,38,0000,District - Katni *  38,Urban,0-4,21478,11190,10288,728,362,366,728,362,366,0,0,0,0,0,0,0,0,0,0,0,0
C3010,23,38,0000,District - Katni *  38,Urban,5,5036,2698,2338,1178,649,529,1178,649,529,0,0,0,0,0,0,0,0,0,0,0,0
C3010,23,38,0000,District - Katni *  38,Urban,6,4896,2573,2323,2161,1167,994,2161,1167,994,0,0,0,0,0,0,0,0,0,0,0,0
C3010,23,38,0000,District - Katni *  38,Urban,7,4396,2288,2108,3491,1835,1656,3491,1835,1656,0,0,0,0,0,0,0,0,0,0,0,0
C3010,23,38,0000,District - Katni *  38,Urban,8,5850,3023,2827,5000,2607,2393,5000,2607,2393,0,0,0,0,0,0,0,0,0,0,0,0
C3010,23,38,0000,District - Katni *  38,Urban,9,4073,2060,2013,3729,1896,1833,3729,1896,1833,0,0,0,0,0,0,0,0,0,0,0,0
C3010,23,38,0000,District - Katni *  38,Urban,10,6580,3467,3113,5786,3078,2708,5786,3078,2708,0,0,0,0,0,0,0,0,0,0,0,0
C3010,23,38,0000,District - Katni *  38,Urban,11,4449,2310,2139,4116,2147,1969,4116,2147,1969,0,0,0,0,0,0,0,0,0,0,0,0
C3010,23,38,0000,District - Katni *  38,Urban,12,6238,3307,2931,5399,2881,2518,5399,2881,2518,0,0,0,0,0,0,0,0,0,0,0,0
C3010,23,38,0000,District - Katni *  38,Urban,13,4769,2358,2411,4124,2072,2052,4124,2072,2052,0,0,0,0,0,0,0,0,0,0,0,0
C3010,23,38,0000,District - Katni *  38,Urban,14,5190,2686,2504,4175,2202,1973,4175,2202,1973,0,0,0,0,0,0,0,0,0,0,0,0
C3010,23,38,0000,District - Katni *  38,Urban,15-19,24440,13028,11412,14309,7815,6494,12505,6905,5600,1565,715,850,199,178,21,39,16,23,1,1,0
C3010,23,38,0000,District - Katni *  38,Urban,20-24,21616,11592,10024,4566,2870,1696,1032,741,291,3268,1889,1379,235,218,17,30,21,9,1,1,0
C3010,23,38,0000,District - Katni *  38,Urban,25-29,19277,9858,9419,425,325,100,0,0,0,343,256,87,62,55,7,19,14,5,1,0,1
C3010,23,38,0000,District - Katni *  38,Urban,30-34,17380,8878,8502,47,34,13,0,0,0,31,23,8,11,8,3,4,3,1,1,0,1
C3010,23,38,0000,District - Katni *  38,Urban,35-59,55312,29820,25492,47,31,16,0,0,0,31,22,9,7,5,2,2,1,1,7,3,4
C3010,23,38,0000,District - Katni *  38,Urban,60+,14069,6820,7249,11,7,4,0,0,0,6,4,2,2,2,0,2,1,1,1,0,1
C3010,23,38,0000,District - Katni *  38,Urban,Age not stated,212,104,108,5,1,4,0,0,0,5,1,4,0,0,0,0,0,0,0,0,0
C3010,23,39,0000,District - Jabalpur  39,Total,All ages,2151203,1127304,1023899,530034,291022,239012,478992,261364,217628,42669,23947,18722,3053,2250,803,2695,2364,331,2625,1097,1528
C3010,23,39,0000,District - Jabalpur  39,Total,0-4,209539,108581,100958,5289,2818,2471,5289,2818,2471,0,0,0,0,0,0,0,0,0,0,0,0
C3010,23,39,0000,District - Jabalpur  39,Total,5,48704,25587,23117,8787,4800,3987,8787,4800,3987,0,0,0,0,0,0,0,0,0,0,0,0
C3010,23,39,0000,District - Jabalpur  39,Total,6,48413,24676,23737,21452,11061,10391,21452,11061,10391,0,0,0,0,0,0,0,0,0,0,0,0
C3010,23,39,0000,District - Jabalpur  39,Total,7,41641,21430,20211,33197,17286,15911,33197,17286,15911,0,0,0,0,0,0,0,0,0,0,0,0
C3010,23,39,0000,District - Jabalpur  39,Total,8,57213,29688,27525,48086,25352,22734,48086,25352,22734,0,0,0,0,0,0,0,0,0,0,0,0
C3010,23,39,0000,District - Jabalpur  39,Total,9,41687,21408,20279,37574,19529,18045,37574,19529,18045,0,0,0,0,0,0,0,0,0,0,0,0
C3010,23,39,0000,District - Jabalpur  39,Total,10,66180,34630,31550,56864,30188,26676,56864,30188,26676,0,0,0,0,0,0,0,0,0,0,0,0
C3010,23,39,0000,District - Jabalpur  39,Total,11,41014,21360,19654,37019,19591,17428,37019,19591,17428,0,0,0,0,0,0,0,0,0,0,0,0
C3010,23,39,0000,District - Jabalpur  39,Total,12,60652,32116,28536,49741,26995,22746,49741,26995,22746,0,0,0,0,0,0,0,0,0,0,0,0
C3010,23,39,0000,District - Jabalpur  39,Total,13,44275,22256,22019,35840,18654,17186,35840,18654,17186,0,0,0,0,0,0,0,0,0,0,0,0
C3010,23,39,0000,District - Jabalpur  39,Total,14,50260,25963,24297,36860,20135,16725,36860,20135,16725,0,0,0,0,0,0,0,0,0,0,0,0
C3010,23,39,0000,District - Jabalpur  39,Total,15-19,223931,124380,99551,112512,65637,46875,98367,57860,40507,11608,5573,6035,720,508,212,1744,1654,90,73,42,31
C3010,23,39,0000,District - Jabalpur  39,Total,20-24,206116,112426,93690,38549,23887,14662,9916,7095,2821,26733,15396,11337,1117,874,243,494,402,92,289,120,169
C3010,23,39,0000,District - Jabalpur  39,Total,25-29,183843,94842,89001,4671,3190,1481,0,0,0,3194,2232,962,758,589,169,259,187,72,460,182,278
C3010,23,39,0000,District - Jabalpur  39,Total,30-34,166267,85097,81170,1222,644,578,0,0,0,446,302,144,147,94,53,83,49,34,546,199,347
C3010,23,39,0000,District - Jabalpur  39,Total,35-59,508431,269707,238724,1992,1013,979,0,0,0,498,327,171,239,132,107,92,53,39,1163,501,662
C3010,23,39,0000,District - Jabalpur  39,Total,60+,149994,71447,78547,260,150,110,0,0,0,114,66,48,36,18,18,18,15,3,92,51,41
C3010,23,39,0000,District - Jabalpur  39,Total,Age not stated,3043,1710,1333,119,92,27,0,0,0,76,51,25,36,35,1,5,4,1,2,2,0
C3010,23,39,0000,District - Jabalpur  39,Rural,All ages,923863,479621,444242,203062,117064,85998,194938,111260,83678,3526,2699,827,209,151,58,1941,1909,32,2448,1045,1403
C3010,23,39,0000,District - Jabalpur  39,Rural,0-4,106705,54835,51870,1123,610,513,1123,610,513,0,0,0,0,0,0,0,0,0,0,0,0
C3010,23,39,0000,District - Jabalpur  39,Rural,5,24427,12717,11710,2164,1217,947,2164,1217,947,0,0,0,0,0,0,0,0,0,0,0,0
C3010,23,39,0000,District - Jabalpur  39,Rural,6,24469,12440,12029,10220,5392,4828,10220,5392,4828,0,0,0,0,0,0,0,0,0,0,0,0
C3010,23,39,0000,District - Jabalpur  39,Rural,7,19222,9853,9369,14573,7649,6924,14573,7649,6924,0,0,0,0,0,0,0,0,0,0,0,0
C3010,23,39,0000,District - Jabalpur  39,Rural,8,26789,13646,13143,21655,11385,10270,21655,11385,10270,0,0,0,0,0,0,0,0,0,0,0,0
C3010,23,39,0000,District - Jabalpur  39,Rural,9,20585,10514,10071,18348,9600,8748,18348,9600,8748,0,0,0,0,0,0,0,0,0,0,0,0
C3010,23,39,0000,District - Jabalpur  39,Rural,10,30521,15675,14846,25662,13611,12051,25662,13611,12051,0,0,0,0,0,0,0,0,0,0,0,0
C3010,23,39,0000,District - Jabalpur  39,Rural,11,18433,9689,8744,16393,8891,7502,16393,8891,7502,0,0,0,0,0,0,0,0,0,0,0,0
C3010,23,39,0000,District - Jabalpur  39,Rural,12,27132,14307,12825,21122,11881,9241,21122,11881,9241,0,0,0,0,0,0,0,0,0,0,0,0
C3010,23,39,0000,District - Jabalpur  39,Rural,13,19480,9917,9563,14782,8179,6603,14782,8179,6603,0,0,0,0,0,0,0,0,0,0,0,0
C3010,23,39,0000,District - Jabalpur  39,Rural,14,21885,11447,10438,14585,8700,5885,14585,8700,5885,0,0,0,0,0,0,0,0,0,0,0,0
C3010,23,39,0000,District - Jabalpur  39,Rural,15-19,88013,50991,37022,33626,23750,9876,31080,21542,9538,895,603,292,44,33,11,1542,1535,7,65,37,28
C3010,23,39,0000,District - Jabalpur  39,Rural,20-24,78592,41843,36749,6060,4802,1258,3231,2603,628,2214,1750,464,61,45,16,302,295,7,252,109,143
C3010,23,39,0000,District - Jabalpur  39,Rural,25-29,76300,38475,37825,785,473,312,0,0,0,274,228,46,37,32,5,42,38,4,432,175,257
C3010,23,39,0000,District - Jabalpur  39,Rural,30-34,71619,35783,35836,616,271,345,0,0,0,65,56,9,17,13,4,14,9,5,520,193,327
C3010,23,39,0000,District - Jabalpur  39,Rural,35-59,198193,104080,94113,1230,581,649,0,0,0,70,56,14,36,22,14,25,18,7,1099,485,614
C3010,23,39,0000,District - Jabalpur  39,Rural,60+,69995,32559,37436,112,67,45,0,0,0,7,5,2,13,5,8,14,13,1,78,44,34
C3010,23,39,0000,District - Jabalpur  39,Rural,Age not stated,1503,850,653,6,5,1,0,0,0,1,1,0,1,1,0,2,1,1,2,2,0
C3010,23,39,0000,District - Jabalpur  39,Urban,All ages,1227340,647683,579657,326972,173958,153014,284054,150104,133950,39143,21248,17895,2844,2099,745,754,455,299,177,52,125
C3010,23,39,0000,District - Jabalpur  39,Urban,0-4,102834,53746,49088,4166,2208,1958,4166,2208,1958,0,0,0,0,0,0,0,0,0,0,0,0
C3010,23,39,0000,District - Jabalpur  39,Urban,5,24277,12870,11407,6623,3583,3040,6623,3583,3040,0,0,0,0,0,0,0,0,0,0,0,0
C3010,23,39,0000,District - Jabalpur  39,Urban,6,23944,12236,11708,11232,5669,5563,11232,5669,5563,0,0,0,0,0,0,0,0,0,0,0,0
C3010,23,39,0000,District - Jabalpur  39,Urban,7,22419,11577,10842,18624,9637,8987,18624,9637,8987,0,0,0,0,0,0,0,0,0,0,0,0
C3010,23,39,0000,District - Jabalpur  39,Urban,8,30424,16042,14382,26431,13967,12464,26431,13967,12464,0,0,0,0,0,0,0,0,0,0,0,0
C3010,23,39,0000,District - Jabalpur  39,Urban,9,21102,10894,10208,19226,9929,9297,19226,9929,9297,0,0,0,0,0,0,0,0,0,0,0,0
C3010,23,39,0000,District - Jabalpur  39,Urban,10,35659,18955,16704,31202,16577,14625,31202,16577,14625,0,0,0,0,0,0,0,0,0,0,0,0
C3010,23,39,0000,District - Jabalpur  39,Urban,11,22581,11671,10910,20626,10700,9926,20626,10700,9926,0,0,0,0,0,0,0,0,0,0,0,0
C3010,23,39,0000,District - Jabalpur  39,Urban,12,33520,17809,15711,28619,15114,13505,28619,15114,13505,0,0,0,0,0,0,0,0,0,0,0,0
C3010,23,39,0000,District - Jabalpur  39,Urban,13,24795,12339,12456,21058,10475,10583,21058,10475,10583,0,0,0,0,0,0,0,0,0,0,0,0
C3010,23,39,0000,District - Jabalpur  39,Urban,14,28375,14516,13859,22275,11435,10840,22275,11435,10840,0,0,0,0,0,0,0,0,0,0,0,0
C3010,23,39,0000,District - Jabalpur  39,Urban,15-19,135918,73389,62529,78886,41887,36999,67287,36318,30969,10713,4970,5743,676,475,201,202,119,83,8,5,3
C3010,23,39,0000,District - Jabalpur  39,Urban,20-24,127524,70583,56941,32489,19085,13404,6685,4492,2193,24519,13646,10873,1056,829,227,192,107,85,37,11,26
C3010,23,39,0000,District - Jabalpur  39,Urban,25-29,107543,56367,51176,3886,2717,1169,0,0,0,2920,2004,916,721,557,164,217,149,68,28,7,21
C3010,23,39,0000,District - Jabalpur  39,Urban,30-34,94648,49314,45334,606,373,233,0,0,0,381,246,135,130,81,49,69,40,29,26,6,20
C3010,23,39,0000,District - Jabalpur  39,Urban,35-59,310238,165627,144611,762,432,330,0,0,0,428,271,157,203,110,93,67,35,32,64,16,48
C3010,23,39,0000,District - Jabalpur  39,Urban,60+,79999,38888,41111,148,83,65,0,0,0,107,61,46,23,13,10,4,2,2,14,7,7
C3010,23,39,0000,District - Jabalpur  39,Urban,Age not stated,1540,860,680,113,87,26,0,0,0,75,50,25,35,34,1,3,3,0,0,0,0
C3010,23,40,0000,District - Narsimhapur  40,Total,All ages,957646,501645,456001,230278,129670,100608,209230,119381,89849,7818,5285,2533,338,220,118,525,349,176,12367,4435,7932
C3010,23,40,0000,District - Narsimhapur  40,Total,0-4,106524,55561,50963,1371,712,659,1371,712,659,0,0,0,0,0,0,0,0,0,0,0,0
C3010,23,40,0000,District - Narsimhapur  40,Total,5,24580,13003,11577,2743,1532,1211,2743,1532,1211,0,0,0,0,0,0,0,0,0,0,0,0
C3010,23,40,0000,District - Narsimhapur  40,Total,6,22717,11672,11045,10527,5625,4902,10527,5625,4902,0,0,0,0,0,0,0,0,0,0,0,0
C3010,23,40,0000,District - Narsimhapur  40,Total,7,20356,10361,9995,17074,8893,8181,17074,8893,8181,0,0,0,0,0,0,0,0,0,0,0,0
C3010,23,40,0000,District - Narsimhapur  40,Total,8,26977,14077,12900,23951,12685,11266,23951,12685,11266,0,0,0,0,0,0,0,0,0,0,0,0
C3010,23,40,0000,District - Narsimhapur  40,Total,9,20467,10356,10111,19102,9787,9315,19102,9787,9315,0,0,0,0,0,0,0,0,0,0,0,0
C3010,23,40,0000,District - Narsimhapur  40,Total,10,29889,15795,14094,26703,14415,12288,26703,14415,12288,0,0,0,0,0,0,0,0,0,0,0,0
C3010,23,40,0000,District - Narsimhapur  40,Total,11,18398,9677,8721,16842,9058,7784,16842,9058,7784,0,0,0,0,0,0,0,0,0,0,0,0
C3010,23,40,0000,District - Narsimhapur  40,Total,12,26995,14358,12637,21975,12349,9626,21975,12349,9626,0,0,0,0,0,0,0,0,0,0,0,0
C3010,23,40,0000,District - Narsimhapur  40,Total,13,19199,9923,9276,14979,8386,6593,14979,8386,6593,0,0,0,0,0,0,0,0,0,0,0,0
C3010,23,40,0000,District - Narsimhapur  40,Total,14,22369,11774,10595,14921,8937,5984,14921,8937,5984,0,0,0,0,0,0,0,0,0,0,0,0
C3010,23,40,0000,District - Narsimhapur  40,Total,15-19,89454,51799,37655,38267,25805,12462,35620,24301,11319,2119,1191,928,77,46,31,162,128,34,289,139,150
C3010,23,40,0000,District - Narsimhapur  40,Total,20-24,83287,44439,38848,9925,6783,3142,3422,2701,721,4948,3475,1473,108,85,23,120,97,23,1327,425,902
C3010,23,40,0000,District - Narsimhapur  40,Total,25-29,76916,38982,37934,2724,1224,1500,0,0,0,531,446,85,59,41,18,54,35,19,2080,702,1378
C3010,23,40,0000,District - Narsimhapur  40,Total,30-34,73544,36861,36683,2889,1025,1864,0,0,0,98,69,29,18,13,5,42,16,26,2731,927,1804
C3010,23,40,0000,District - Narsimhapur  40,Total,35-59,217214,114885,102329,5913,2287,3626,0,0,0,101,87,14,56,29,27,113,55,58,5643,2116,3527
C3010,23,40,0000,District - Narsimhapur  40,Total,60+,77779,37572,40207,358,162,196,0,0,0,15,14,1,20,6,14,33,18,15,290,124,166
C3010,23,40,0000,District - Narsimhapur  40,Total,Age not stated,981,550,431,14,5,9,0,0,0,6,3,3,0,0,0,1,0,1,7,2,5
C3010,23,40,0000,District - Narsimhapur  40,Rural,All ages,804536,421247,383289,188149,107011,81138,171538,99209,72329,3909,3018,891,231,144,87,380,239,141,12091,4401,7690
C3010,23,40,0000,District - Narsimhapur  40,Rural,0-4,92258,48008,44250,963,497,466,963,497,466,0,0,0,0,0,0,0,0,0,0,0,0
C3010,23,40,0000,District - Narsimhapur  40,Rural,5,21240,11193,10047,1852,1044,808,1852,1044,808,0,0,0,0,0,0,0,0,0,0,0,0
C3010,23,40,0000,District - Narsimhapur  40,Rural,6,19528,10011,9517,9062,4858,4204,9062,4858,4204,0,0,0,0,0,0,0,0,0,0,0,0
C3010,23,40,0000,District - Narsimhapur  40,Rural,7,17142,8774,8368,14307,7518,6789,14307,7518,6789,0,0,0,0,0,0,0,0,0,0,0,0
C3010,23,40,0000,District - Narsimhapur  40,Rural,8,22937,11943,10994,20299,10749,9550,20299,10749,9550,0,0,0,0,0,0,0,0,0,0,0,0
C3010,23,40,0000,District - Narsimhapur  40,Rural,9,17638,8917,8721,16446,8435,8011,16446,8435,8011,0,0,0,0,0,0,0,0,0,0,0,0
C3010,23,40,0000,District - Narsimhapur  40,Rural,10,25433,13386,12047,22629,12197,10432,22629,12197,10432,0,0,0,0,0,0,0,0,0,0,0,0
C3010,23,40,0000,District - Narsimhapur  40,Rural,11,15440,8145,7295,14069,7626,6443,14069,7626,6443,0,0,0,0,0,0,0,0,0,0,0,0
C3010,23,40,0000,District - Narsimhapur  40,Rural,12,22817,12098,10719,18286,10344,7942,18286,10344,7942,0,0,0,0,0,0,0,0,0,0,0,0
C3010,23,40,0000,District - Narsimhapur  40,Rural,13,16007,8289,7718,12195,6945,5250,12195,6945,5250,0,0,0,0,0,0,0,0,0,0,0,0
C3010,23,40,0000,District - Narsimhapur  40,Rural,14,18817,9938,8879,12015,7415,4600,12015,7415,4600,0,0,0,0,0,0,0,0,0,0,0,0
C3010,23,40,0000,District - Narsimhapur  40,Rural,15-19,73506,43120,30386,28272,20380,7892,26849,19480,7369,988,648,340,45,28,17,103,85,18,287,139,148
C3010,23,40,0000,District - Narsimhapur  40,Rural,20-24,68836,36558,32278,6510,4624,1886,2566,2101,465,2507,2001,506,68,51,17,62,49,13,1307,422,885
C3010,23,40,0000,District - Narsimhapur  40,Rural,25-29,63916,32476,31440,2402,1004,1398,0,0,0,285,258,27,40,27,13,39,24,15,2038,695,1343
C3010,23,40,0000,District - Narsimhapur  40,Rural,30-34,61385,30613,30772,2786,986,1800,0,0,0,57,47,10,13,9,4,34,11,23,2682,919,1763
C3010,23,40,0000,District - Narsimhapur  40,Rural,35-59,180060,94902,85158,5714,2233,3481,0,0,0,59,54,5,48,23,25,108,52,56,5499,2104,3395
C3010,23,40,0000,District - Narsimhapur  40,Rural,60+,66738,32395,34343,331,153,178,0,0,0,10,9,1,17,6,11,33,18,15,271,120,151
C3010,23,40,0000,District - Narsimhapur  40,Rural,Age not stated,838,481,357,11,3,8,0,0,0,3,1,2,0,0,0,1,0,1,7,2,5
C3010,23,40,0000,District - Narsimhapur  40,Urban,All ages,153110,80398,72712,42129,22659,19470,37692,20172,17520,3909,2267,1642,107,76,31,145,110,35,276,34,242
C3010,23,40,0000,District - Narsimhapur  40,Urban,0-4,14266,7553,6713,408,215,193,408,215,193,0,0,0,0,0,0,0,0,0,0,0,0
C3010,23,40,0000,District - Narsimhapur  40,Urban,5,3340,1810,1530,891,488,403,891,488,403,0,0,0,0,0,0,0,0,0,0,0,0
C3010,23,40,0000,District - Narsimhapur  40,Urban,6,3189,1661,1528,1465,767,698,1465,767,698,0,0,0,0,0,0,0,0,0,0,0,0
C3010,23,40,0000,District - Narsimhapur  40,Urban,7,3214,1587,1627,2767,1375,1392,2767,1375,1392,0,0,0,0,0,0,0,0,0,0,0,0
C3010,23,40,0000,District - Narsimhapur  40,Urban,8,4040,2134,1906,3652,1936,1716,3652,1936,1716,0,0,0,0,0,0,0,0,0,0,0,0
C3010,23,40,0000,District - Narsimhapur  40,Urban,9,2829,1439,1390,2656,1352,1304,2656,1352,1304,0,0,0,0,0,0,0,0,0,0,0,0
C3010,23,40,0000,District - Narsimhapur  40,Urban,10,4456,2409,2047,4074,2218,1856,4074,2218,1856,0,0,0,0,0,0,0,0,0,0,0,0
C3010,23,40,0000,District - Narsimhapur  40,Urban,11,2958,1532,1426,2773,1432,1341,2773,1432,1341,0,0,0,0,0,0,0,0,0,0,0,0
C3010,23,40,0000,District - Narsimhapur  40,Urban,12,4178,2260,1918,3689,2005,1684,3689,2005,1684,0,0,0,0,0,0,0,0,0,0,0,0
C3010,23,40,0000,District - Narsimhapur  40,Urban,13,3192,1634,1558,2784,1441,1343,2784,1441,1343,0,0,0,0,0,0,0,0,0,0,0,0
C3010,23,40,0000,District - Narsimhapur  40,Urban,14,3552,1836,1716,2906,1522,1384,2906,1522,1384,0,0,0,0,0,0,0,0,0,0,0,0
C3010,23,40,0000,District - Narsimhapur  40,Urban,15-19,15948,8679,7269,9995,5425,4570,8771,4821,3950,1131,543,588,32,18,14,59,43,16,2,0,2
C3010,23,40,0000,District - Narsimhapur  40,Urban,20-24,14451,7881,6570,3415,2159,1256,856,600,256,2441,1474,967,40,34,6,58,48,10,20,3,17
C3010,23,40,0000,District - Narsimhapur  40,Urban,25-29,13000,6506,6494,322,220,102,0,0,0,246,188,58,19,14,5,15,11,4,42,7,35
C3010,23,40,0000,District - Narsimhapur  40,Urban,30-34,12159,6248,5911,103,39,64,0,0,0,41,22,19,5,4,1,8,5,3,49,8,41
C3010,23,40,0000,District - Narsimhapur  40,Urban,35-59,37154,19983,17171,199,54,145,0,0,0,42,33,9,8,6,2,5,3,2,144,12,132
C3010,23,40,0000,District - Narsimhapur  40,Urban,60+,11041,5177,5864,27,9,18,0,0,0,5,5,0,3,0,3,0,0,0,19,4,15
C3010,23,40,0000,District - Narsimhapur  40,Urban,Age not stated,143,69,74,3,2,1,0,0,0,3,2,1,0,0,0,0,0,0,0,0,0
C3010,23,41,0000,District - Dindori *  41,Total,All ages,580730,291716,289014,109292,62307,46985,102433,58974,43459,1771,1322,449,154,115,39,102,65,37,4832,1831,3001
C3010,23,41,0000,District - Dindori *  41,Total,0-4,64591,32518,32073,832,422,410,832,422,410,0,0,0,0,0,0,0,0,0,0,0,0
C3010,23,41,0000,District - Dindori *  41,Total,5,15860,8121,7739,1074,573,501,1074,573,501,0,0,0,0,0,0,0,0,0,0,0,0
C3010,23,41,0000,District - Dindori *  41,Total,6,17055,8370,8685,5720,3030,2690,5720,3030,2690,0,0,0,0,0,0,0,0,0,0,0,0
C3010,23,41,0000,District - Dindori *  41,Total,7,11653,5785,5868,7196,3839,3357,7196,3839,3357,0,0,0,0,0,0,0,0,0,0,0,0
C3010,23,41,0000,District - Dindori *  41,Total,8,16418,8216,8202,11234,6022,5212,11234,6022,5212,0,0,0,0,0,0,0,0,0,0,0,0
C3010,23,41,0000,District - Dindori *  41,Total,9,13197,6496,6701,10152,5258,4894,10152,5258,4894,0,0,0,0,0,0,0,0,0,0,0,0
C3010,23,41,0000,District - Dindori *  41,Total,10,19484,9843,9641,14041,7651,6390,14041,7651,6390,0,0,0,0,0,0,0,0,0,0,0,0
C3010,23,41,0000,District - Dindori *  41,Total,11,10845,5675,5170,8563,4793,3770,8563,4793,3770,0,0,0,0,0,0,0,0,0,0,0,0
C3010,23,41,0000,District - Dindori *  41,Total,12,18262,9423,8839,11623,6722,4901,11623,6722,4901,0,0,0,0,0,0,0,0,0,0,0,0
C3010,23,41,0000,District - Dindori *  41,Total,13,11480,5998,5482,7309,4313,2996,7309,4313,2996,0,0,0,0,0,0,0,0,0,0,0,0
C3010,23,41,0000,District - Dindori *  41,Total,14,13225,6980,6245,7368,4548,2820,7368,4548,2820,0,0,0,0,0,0,0,0,0,0,0,0
C3010,23,41,0000,District - Dindori *  41,Total,15-19,51837,27533,24304,16417,10938,5479,15819,10618,5201,382,220,162,15,13,2,29,16,13,172,71,101
C3010,23,41,0000,District - Dindori *  41,Total,20-24,45272,21239,24033,3355,2312,1043,1502,1185,317,1117,864,253,36,28,8,34,25,9,666,210,456
C3010,23,41,0000,District - Dindori *  41,Total,25-29,48640,24093,24547,1233,573,660,0,0,0,229,206,23,41,31,10,16,10,6,947,326,621
C3010,23,41,0000,District - Dindori *  41,Total,30-34,44767,21934,22833,1055,390,665,0,0,0,32,23,9,20,17,3,11,5,6,992,345,647
C3010,23,41,0000,District - Dindori *  41,Total,35-59,134496,69109,65387,2011,859,1152,0,0,0,8,7,1,35,21,14,8,6,2,1960,825,1135
C3010,23,41,0000,District - Dindori *  41,Total,60+,42887,19950,22937,106,63,43,0,0,0,1,1,0,7,5,2,4,3,1,94,54,40
C3010,23,41,0000,District - Dindori *  41,Total,Age not stated,761,433,328,3,1,2,0,0,0,2,1,1,0,0,0,0,0,0,1,0,1
C3010,23,41,0000,District - Dindori *  41,Rural,All ages,553860,277902,275958,101882,58476,43406,95695,55545,40150,1146,951,195,128,92,36,83,58,25,4830,1830,3000
C3010,23,41,0000,District - Dindori *  41,Rural,0-4,62064,31220,30844,725,367,358,725,367,358,0,0,0,0,0,0,0,0,0,0,0,0
C3010,23,41,0000,District - Dindori *  41,Rural,5,15236,7794,7442,920,488,432,920,488,432,0,0,0,0,0,0,0,0,0,0,0,0
C3010,23,41,0000,District - Dindori *  41,Rural,6,16519,8116,8403,5455,2908,2547,5455,2908,2547,0,0,0,0,0,0,0,0,0,0,0,0
C3010,23,41,0000,District - Dindori *  41,Rural,7,11160,5543,5617,6783,3628,3155,6783,3628,3155,0,0,0,0,0,0,0,0,0,0,0,0
C3010,23,41,0000,District - Dindori *  41,Rural,8,15717,7880,7837,10633,5721,4912,10633,5721,4912,0,0,0,0,0,0,0,0,0,0,0,0
C3010,23,41,0000,District - Dindori *  41,Rural,9,12648,6240,6408,9651,5013,4638,9651,5013,4638,0,0,0,0,0,0,0,0,0,0,0,0
C3010,23,41,0000,District - Dindori *  41,Rural,10,18647,9418,9229,13308,7273,6035,13308,7273,6035,0,0,0,0,0,0,0,0,0,0,0,0
C3010,23,41,0000,District - Dindori *  41,Rural,11,10281,5409,4872,8044,4542,3502,8044,4542,3502,0,0,0,0,0,0,0,0,0,0,0,0
C3010,23,41,0000,District - Dindori *  41,Rural,12,17463,9040,8423,10943,6390,4553,10943,6390,4553,0,0,0,0,0,0,0,0,0,0,0,0
C3010,23,41,0000,District - Dindori *  41,Rural,13,10863,5700,5163,6780,4057,2723,6780,4057,2723,0,0,0,0,0,0,0,0,0,0,0,0
C3010,23,41,0000,District - Dindori *  41,Rural,14,12538,6660,5878,6826,4293,2533,6826,4293,2533,0,0,0,0,0,0,0,0,0,0,0,0
C3010,23,41,0000,District - Dindori *  41,Rural,15-19,48885,25947,22938,14672,10000,4672,14257,9765,4492,212,144,68,9,7,2,22,13,9,172,71,101
C3010,23,41,0000,District - Dindori *  41,Rural,20-24,42757,19899,22858,2796,1951,845,1370,1100,270,707,600,107,25,18,7,29,23,6,665,210,455
C3010,23,41,0000,District - Dindori *  41,Rural,25-29,46370,22976,23394,1189,541,648,0,0,0,193,178,15,38,29,9,11,8,3,947,326,621
C3010,23,41,0000,District - Dindori *  41,Rural,30-34,42602,20798,21804,1040,383,657,0,0,0,24,21,3,15,12,3,9,5,4,992,345,647
C3010,23,41,0000,District - Dindori *  41,Rural,35-59,128212,65681,62531,2009,858,1151,0,0,0,8,7,1,34,21,13,8,6,2,1959,824,1135
C3010,23,41,0000,District - Dindori *  41,Rural,60+,41244,19205,22039,105,62,43,0,0,0,0,0,0,7,5,2,4,3,1,94,54,40
C3010,23,41,0000,District - Dindori *  41,Rural,Age not stated,654,376,278,3,1,2,0,0,0,2,1,1,0,0,0,0,0,0,1,0,1
C3010,23,41,0000,District - Dindori *  41,Urban,All ages,26870,13814,13056,7410,3831,3579,6738,3429,3309,625,371,254,26,23,3,19,7,12,2,1,1
C3010,23,41,0000,District - Dindori *  41,Urban,0-4,2527,1298,1229,107,55,52,107,55,52,0,0,0,0,0,0,0,0,0,0,0,0
C3010,23,41,0000,District - Dindori *  41,Urban,5,624,327,297,154,85,69,154,85,69,0,0,0,0,0,0,0,0,0,0,0,0
C3010,23,41,0000,District - Dindori *  41,Urban,6,536,254,282,265,122,143,265,122,143,0,0,0,0,0,0,0,0,0,0,0,0
C3010,23,41,0000,District - Dindori *  41,Urban,7,493,242,251,413,211,202,413,211,202,0,0,0,0,0,0,0,0,0,0,0,0
C3010,23,41,0000,District - Dindori *  41,Urban,8,701,336,365,601,301,300,601,301,300,0,0,0,0,0,0,0,0,0,0,0,0
C3010,23,41,0000,District - Dindori *  41,Urban,9,549,256,293,501,245,256,501,245,256,0,0,0,0,0,0,0,0,0,0,0,0
C3010,23,41,0000,District - Dindori *  41,Urban,10,837,425,412,733,378,355,733,378,355,0,0,0,0,0,0,0,0,0,0,0,0
C3010,23,41,0000,District - Dindori *  41,Urban,11,564,266,298,519,251,268,519,251,268,0,0,0,0,0,0,0,0,0,0,0,0
C3010,23,41,0000,District - Dindori *  41,Urban,12,799,383,416,680,332,348,680,332,348,0,0,0,0,0,0,0,0,0,0,0,0
C3010,23,41,0000,District - Dindori *  41,Urban,13,617,298,319,529,256,273,529,256,273,0,0,0,0,0,0,0,0,0,0,0,0
C3010,23,41,0000,District - Dindori *  41,Urban,14,687,320,367,542,255,287,542,255,287,0,0,0,0,0,0,0,0,0,0,0,0
C3010,23,41,0000,District - Dindori *  41,Urban,15-19,2952,1586,1366,1745,938,807,1562,853,709,170,76,94,6,6,0,7,3,4,0,0,0
C3010,23,41,0000,District - Dindori *  41,Urban,20-24,2515,1340,1175,559,361,198,132,85,47,410,264,146,11,10,1,5,2,3,1,0,1
C3010,23,41,0000,District - Dindori *  41,Urban,25-29,2270,1117,1153,44,32,12,0,0,0,36,28,8,3,2,1,5,2,3,0,0,0
C3010,23,41,0000,District - Dindori *  41,Urban,30-34,2165,1136,1029,15,7,8,0,0,0,8,2,6,5,5,0,2,0,2,0,0,0
C3010,23,41,0000,District - Dindori *  41,Urban,35-59,6284,3428,2856,2,1,1,0,0,0,0,0,0,1,0,1,0,0,0,1,1,0
C3010,23,41,0000,District - Dindori *  41,Urban,60+,1643,745,898,1,1,0,0,0,0,1,1,0,0,0,0,0,0,0,0,0,0
C3010,23,41,0000,District - Dindori *  41,Urban,Age not stated,107,57,50,0,0,0,0,0,0,0,0,0,0,0,0,0,0,0,0,0,0
C3010,23,42,0000,District - Mandla  42,Total,All ages,894236,447956,446280,191209,107274,83935,180492,101460,79032,5335,3518,1817,480,305,175,283,201,82,4619,1790,2829
C3010,23,42,0000,District - Mandla  42,Total,0-4,96354,48730,47624,2093,1045,1048,2093,1045,1048,0,0,0,0,0,0,0,0,0,0,0,0
C3010,23,42,0000,District - Mandla  42,Total,5,23481,11917,11564,2969,1556,1413,2969,1556,1413,0,0,0,0,0,0,0,0,0,0,0,0
C3010,23,42,0000,District - Mandla  42,Total,6,24560,12243,12317,11035,5795,5240,11035,5795,5240,0,0,0,0,0,0,0,0,0,0,0,0
C3010,23,42,0000,District - Mandla  42,Total,7,18574,9273,9301,13364,6925,6439,13364,6925,6439,0,0,0,0,0,0,0,0,0,0,0,0
C3010,23,42,0000,District - Mandla  42,Total,8,25985,13063,12922,20054,10552,9502,20054,10552,9502,0,0,0,0,0,0,0,0,0,0,0,0
C3010,23,42,0000,District - Mandla  42,Total,9,20526,10329,10197,17474,9150,8324,17474,9150,8324,0,0,0,0,0,0,0,0,0,0,0,0
C3010,23,42,0000,District - Mandla  42,Total,10,30727,15715,15012,24322,13189,11133,24322,13189,11133,0,0,0,0,0,0,0,0,0,0,0,0
C3010,23,42,0000,District - Mandla  42,Total,11,16974,8929,8045,14379,7977,6402,14379,7977,6402,0,0,0,0,0,0,0,0,0,0,0,0
C3010,23,42,0000,District - Mandla  42,Total,12,27397,14086,13311,19553,10939,8614,19553,10939,8614,0,0,0,0,0,0,0,0,0,0,0,0
C3010,23,42,0000,District - Mandla  42,Total,13,17070,8620,8450,11946,6679,5267,11946,6679,5267,0,0,0,0,0,0,0,0,0,0,0,0
C3010,23,42,0000,District - Mandla  42,Total,14,20177,10544,9633,12392,7401,4991,12392,7401,4991,0,0,0,0,0,0,0,0,0,0,0,0
C3010,23,42,0000,District - Mandla  42,Total,15-19,79382,41858,37524,29737,18963,10774,28021,18053,9968,1360,721,639,77,46,31,91,58,33,188,85,103
C3010,23,42,0000,District - Mandla  42,Total,20-24,68761,33287,35474,7127,4892,2235,2890,2199,691,3320,2254,1066,228,157,71,114,93,21,575,189,386
C3010,23,42,0000,District - Mandla  42,Total,25-29,71884,34932,36952,1413,780,633,0,0,0,481,408,73,87,56,31,34,29,5,811,287,524
C3010,23,42,0000,District - Mandla  42,Total,30-34,70834,34585,36249,1064,414,650,0,0,0,75,55,20,24,17,7,12,8,4,953,334,619
C3010,23,42,0000,District - Mandla  42,Total,35-59,208201,106331,101870,2108,928,1180,0,0,0,66,57,9,49,21,28,16,9,7,1977,841,1136
C3010,23,42,0000,District - Mandla  42,Total,60+,64184,28708,35476,119,58,61,0,0,0,10,7,3,12,6,6,7,2,5,90,43,47
C3010,23,42,0000,District - Mandla  42,Total,Age not stated,9165,4806,4359,60,31,29,0,0,0,23,16,7,3,2,1,9,2,7,25,11,14
C3010,23,42,0000,District - Mandla  42,Rural,All ages,802322,400731,401591,164217,93127,71090,156363,88890,67473,2750,2108,642,329,238,91,166,104,62,4609,1787,2822
C3010,23,42,0000,District - Mandla  42,Rural,0-4,88577,44660,43917,1629,798,831,1629,798,831,0,0,0,0,0,0,0,0,0,0,0,0
C3010,23,42,0000,District - Mandla  42,Rural,5,21670,10937,10733,2253,1159,1094,2253,1159,1094,0,0,0,0,0,0,0,0,0,0,0,0
C3010,23,42,0000,District - Mandla  42,Rural,6,22752,11318,11434,9848,5199,4649,9848,5199,4649,0,0,0,0,0,0,0,0,0,0,0,0
C3010,23,42,0000,District - Mandla  42,Rural,7,16791,8413,8378,11777,6157,5620,11777,6157,5620,0,0,0,0,0,0,0,0,0,0,0,0
C3010,23,42,0000,District - Mandla  42,Rural,8,23789,11938,11851,18031,9507,8524,18031,9507,8524,0,0,0,0,0,0,0,0,0,0,0,0
C3010,23,42,0000,District - Mandla  42,Rural,9,18783,9437,9346,15812,8299,7513,15812,8299,7513,0,0,0,0,0,0,0,0,0,0,0,0
C3010,23,42,0000,District - Mandla  42,Rural,10,28024,14282,13742,21833,11864,9969,21833,11864,9969,0,0,0,0,0,0,0,0,0,0,0,0
C3010,23,42,0000,District - Mandla  42,Rural,11,15137,7988,7149,12650,7087,5563,12650,7087,5563,0,0,0,0,0,0,0,0,0,0,0,0
C3010,23,42,0000,District - Mandla  42,Rural,12,24875,12801,12074,17274,9770,7504,17274,9770,7504,0,0,0,0,0,0,0,0,0,0,0,0
C3010,23,42,0000,District - Mandla  42,Rural,13,15107,7652,7455,10200,5802,4398,10200,5802,4398,0,0,0,0,0,0,0,0,0,0,0,0
C3010,23,42,0000,District - Mandla  42,Rural,14,17941,9409,8532,10503,6432,4071,10503,6432,4071,0,0,0,0,0,0,0,0,0,0,0,0
C3010,23,42,0000,District - Mandla  42,Rural,15-19,69190,36519,32671,23058,15462,7596,22201,14964,7237,574,359,215,47,28,19,48,26,22,188,85,103
C3010,23,42,0000,District - Mandla  42,Rural,20-24,59850,28628,31222,4871,3584,1287,2352,1852,500,1739,1371,368,143,124,19,64,49,15,573,188,385
C3010,23,42,0000,District - Mandla  42,Rural,25-29,64126,30999,33127,1204,628,576,0,0,0,316,282,34,60,45,15,17,14,3,811,287,524
C3010,23,42,0000,District - Mandla  42,Rural,30-34,63338,30802,32536,1033,391,642,0,0,0,50,37,13,22,16,6,8,4,4,953,334,619
C3010,23,42,0000,District - Mandla  42,Rural,35-59,185955,94698,91257,2082,912,1170,0,0,0,53,46,7,44,19,25,14,7,7,1971,840,1131
C3010,23,42,0000,District - Mandla  42,Rural,60+,57817,25748,32069,112,54,58,0,0,0,6,5,1,11,5,6,7,2,5,88,42,46
C3010,23,42,0000,District - Mandla  42,Rural,Age not stated,8600,4502,4098,47,22,25,0,0,0,12,8,4,2,1,1,8,2,6,25,11,14
C3010,23,42,0000,District - Mandla  42,Urban,All ages,91914,47225,44689,26992,14147,12845,24129,12570,11559,2585,1410,1175,151,67,84,117,97,20,10,3,7
C3010,23,42,0000,District - Mandla  42,Urban,0-4,7777,4070,3707,464,247,217,464,247,217,0,0,0,0,0,0,0,0,0,0,0,0
C3010,23,42,0000,District - Mandla  42,Urban,5,1811,980,831,716,397,319,716,397,319,0,0,0,0,0,0,0,0,0,0,0,0
C3010,23,42,0000,District - Mandla  42,Urban,6,1808,925,883,1187,596,591,1187,596,591,0,0,0,0,0,0,0,0,0,0,0,0
C3010,23,42,0000,District - Mandla  42,Urban,7,1783,860,923,1587,768,819,1587,768,819,0,0,0,0,0,0,0,0,0,0,0,0
C3010,23,42,0000,District - Mandla  42,Urban,8,2196,1125,1071,2023,1045,978,2023,1045,978,0,0,0,0,0,0,0,0,0,0,0,0
C3010,23,42,0000,District - Mandla  42,Urban,9,1743,892,851,1662,851,811,1662,851,811,0,0,0,0,0,0,0,0,0,0,0,0
C3010,23,42,0000,District - Mandla  42,Urban,10,2703,1433,1270,2489,1325,1164,2489,1325,1164,0,0,0,0,0,0,0,0,0,0,0,0
C3010,23,42,0000,District - Mandla  42,Urban,11,1837,941,896,1729,890,839,1729,890,839,0,0,0,0,0,0,0,0,0,0,0,0
C3010,23,42,0000,District - Mandla  42,Urban,12,2522,1285,1237,2279,1169,1110,2279,1169,1110,0,0,0,0,0,0,0,0,0,0,0,0
C3010,23,42,0000,District - Mandla  42,Urban,13,1963,968,995,1746,877,869,1746,877,869,0,0,0,0,0,0,0,0,0,0,0,0
C3010,23,42,0000,District - Mandla  42,Urban,14,2236,1135,1101,1889,969,920,1889,969,920,0,0,0,0,0,0,0,0,0,0,0,0
C3010,23,42,0000,District - Mandla  42,Urban,15-19,10192,5339,4853,6679,3501,3178,5820,3089,2731,786,362,424,30,18,12,43,32,11,0,0,0
C3010,23,42,0000,District - Mandla  42,Urban,20-24,8911,4659,4252,2256,1308,948,538,347,191,1581,883,698,85,33,52,50,44,6,2,1,1
C3010,23,42,0000,District - Mandla  42,Urban,25-29,7758,3933,3825,209,152,57,0,0,0,165,126,39,27,11,16,17,15,2,0,0,0
C3010,23,42,0000,District - Mandla  42,Urban,30-34,7496,3783,3713,31,23,8,0,0,0,25,18,7,2,1,1,4,4,0,0,0,0
C3010,23,42,0000,District - Mandla  42,Urban,35-59,22246,11633,10613,26,16,10,0,0,0,13,11,2,5,2,3,2,2,0,6,1,5
C3010,23,42,0000,District - Mandla  42,Urban,60+,6367,2960,3407,7,4,3,0,0,0,4,2,2,1,1,0,0,0,0,2,1,1
C3010,23,42,0000,District - Mandla  42,Urban,Age not stated,565,304,261,13,9,4,0,0,0,11,8,3,1,1,0,1,0,1,0,0,0
C3010,23,43,0000,District - Chhindwara  43,Total,All ages,1849283,947337,901946,447020,247220,199800,409943,226678,183265,18813,12308,6505,1072,714,358,879,577,302,16313,6943,9370
C3010,23,43,0000,District - Chhindwara  43,Total,0-4,204124,104034,100090,2951,1541,1410,2951,1541,1410,0,0,0,0,0,0,0,0,0,0,0,0
C3010,23,43,0000,District - Chhindwara  43,Total,5,47574,24645,22929,4607,2466,2141,4607,2466,2141,0,0,0,0,0,0,0,0,0,0,0,0
C3010,23,43,0000,District - Chhindwara  43,Total,6,46786,23730,23056,18175,9530,8645,18175,9530,8645,0,0,0,0,0,0,0,0,0,0,0,0
C3010,23,43,0000,District - Chhindwara  43,Total,7,42533,21624,20909,31044,16402,14642,31044,16402,14642,0,0,0,0,0,0,0,0,0,0,0,0
C3010,23,43,0000,District - Chhindwara  43,Total,8,55284,28356,26928,43667,23350,20317,43667,23350,20317,0,0,0,0,0,0,0,0,0,0,0,0
C3010,23,43,0000,District - Chhindwara  43,Total,9,43636,21974,21662,37794,19613,18181,37794,19613,18181,0,0,0,0,0,0,0,0,0,0,0,0
C3010,23,43,0000,District - Chhindwara  43,Total,10,66093,34133,31960,54069,29049,25020,54069,29049,25020,0,0,0,0,0,0,0,0,0,0,0,0
C3010,23,43,0000,District - Chhindwara  43,Total,11,38737,20414,18323,33553,18272,15281,33553,18272,15281,0,0,0,0,0,0,0,0,0,0,0,0
C3010,23,43,0000,District - Chhindwara  43,Total,12,60367,31271,29096,45198,24787,20411,45198,24787,20411,0,0,0,0,0,0,0,0,0,0,0,0
C3010,23,43,0000,District - Chhindwara  43,Total,13,37204,18970,18234,28164,15190,12974,28164,15190,12974,0,0,0,0,0,0,0,0,0,0,0,0
C3010,23,43,0000,District - Chhindwara  43,Total,14,47605,24481,23124,31104,17432,13672,31104,17432,13672,0,0,0,0,0,0,0,0,0,0,0,0
C3010,23,43,0000,District - Chhindwara  43,Total,15-19,182070,96786,85284,78799,46930,31869,72481,43623,28858,4881,2543,2338,345,196,149,376,235,141,716,333,383
C3010,23,43,0000,District - Chhindwara  43,Total,20-24,151514,80427,71087,22162,15100,7062,7136,5423,1713,12141,8299,3842,388,301,87,296,207,89,2201,870,1331
C3010,23,43,0000,District - Chhindwara  43,Total,25-29,141665,70986,70679,4932,2658,2274,0,0,0,1495,1244,251,168,126,42,120,83,37,3149,1205,1944
C3010,23,43,0000,District - Chhindwara  43,Total,30-34,135088,67585,67503,3771,1588,2183,0,0,0,164,134,30,41,24,17,29,13,16,3537,1417,2120
C3010,23,43,0000,District - Chhindwara  43,Total,35-59,402024,209423,192601,6744,3137,3607,0,0,0,91,63,28,105,53,52,43,28,15,6505,2993,3512
C3010,23,43,0000,District - Chhindwara  43,Total,60+,144529,67145,77384,250,150,100,0,0,0,24,12,12,23,12,11,14,10,4,189,116,73
C3010,23,43,0000,District - Chhindwara  43,Total,Age not stated,2450,1353,1097,36,25,11,0,0,0,17,13,4,2,2,0,1,1,0,16,9,7
C3010,23,43,0000,District - Chhindwara  43,Rural,All ages,1397080,712421,684659,315727,177036,138691,291862,164344,127518,6859,5217,1642,427,277,150,450,304,146,16129,6894,9235
C3010,23,43,0000,District - Chhindwara  43,Rural,0-4,164506,83606,80900,1480,751,729,1480,751,729,0,0,0,0,0,0,0,0,0,0,0,0
C3010,23,43,0000,District - Chhindwara  43,Rural,5,38510,19829,18681,2384,1294,1090,2384,1294,1090,0,0,0,0,0,0,0,0,0,0,0,0
C3010,23,43,0000,District - Chhindwara  43,Rural,6,37850,19150,18700,13683,7227,6456,13683,7227,6456,0,0,0,0,0,0,0,0,0,0,0,0
C3010,23,43,0000,District - Chhindwara  43,Rural,7,33442,16979,16463,23346,12479,10867,23346,12479,10867,0,0,0,0,0,0,0,0,0,0,0,0
C3010,23,43,0000,District - Chhindwara  43,Rural,8,43818,22392,21426,33257,17894,15363,33257,17894,15363,0,0,0,0,0,0,0,0,0,0,0,0
C3010,23,43,0000,District - Chhindwara  43,Rural,9,34899,17633,17266,29573,15520,14053,29573,15520,14053,0,0,0,0,0,0,0,0,0,0,0,0
C3010,23,43,0000,District - Chhindwara  43,Rural,10,52391,27089,25302,41369,22500,18869,41369,22500,18869,0,0,0,0,0,0,0,0,0,0,0,0
C3010,23,43,0000,District - Chhindwara  43,Rural,11,29341,15488,13853,24713,13642,11071,24713,13642,11071,0,0,0,0,0,0,0,0,0,0,0,0
C3010,23,43,0000,District - Chhindwara  43,Rural,12,46931,24219,22712,33181,18478,14703,33181,18478,14703,0,0,0,0,0,0,0,0,0,0,0,0
C3010,23,43,0000,District - Chhindwara  43,Rural,13,27284,13939,13345,19350,10718,8632,19350,10718,8632,0,0,0,0,0,0,0,0,0,0,0,0
C3010,23,43,0000,District - Chhindwara  43,Rural,14,35793,18404,17389,21310,12368,8942,21310,12368,8942,0,0,0,0,0,0,0,0,0,0,0,0
C3010,23,43,0000,District - Chhindwara  43,Rural,15-19,129998,69091,60907,46388,29410,16978,43890,27968,15922,1533,948,585,80,54,26,181,115,66,704,325,379
C3010,23,43,0000,District - Chhindwara  43,Rural,20-24,108221,56637,51584,11365,8163,3202,4326,3505,821,4551,3569,982,140,109,31,157,114,43,2191,866,1325
C3010,23,43,0000,District - Chhindwara  43,Rural,25-29,104746,52007,52739,3916,1885,2031,0,0,0,650,595,55,77,50,27,52,36,16,3137,1204,1933
C3010,23,43,0000,District - Chhindwara  43,Rural,30-34,101599,50505,51094,3625,1500,2125,0,0,0,70,67,3,22,11,11,17,9,8,3516,1413,2103
C3010,23,43,0000,District - Chhindwara  43,Rural,35-59,293075,151789,141286,6556,3063,3493,0,0,0,45,32,13,89,42,47,33,22,11,6389,2967,3422
C3010,23,43,0000,District - Chhindwara  43,Rural,60+,112651,52550,60101,208,130,78,0,0,0,6,4,2,17,9,8,9,7,2,176,110,66
C3010,23,43,0000,District - Chhindwara  43,Rural,Age not stated,2025,1114,911,23,14,9,0,0,0,4,2,2,2,2,0,1,1,0,16,9,7
C3010,23,43,0000,District - Chhindwara  43,Urban,All ages,452203,234916,217287,131293,70184,61109,118081,62334,55747,11954,7091,4863,645,437,208,429,273,156,184,49,135
C3010,23,43,0000,District - Chhindwara  43,Urban,0-4,39618,20428,19190,1471,790,681,1471,790,681,0,0,0,0,0,0,0,0,0,0,0,0
C3010,23,43,0000,District - Chhindwara  43,Urban,5,9064,4816,4248,2223,1172,1051,2223,1172,1051,0,0,0,0,0,0,0,0,0,0,0,0
C3010,23,43,0000,District - Chhindwara  43,Urban,6,8936,4580,4356,4492,2303,2189,4492,2303,2189,0,0,0,0,0,0,0,0,0,0,0,0
C3010,23,43,0000,District - Chhindwara  43,Urban,7,9091,4645,4446,7698,3923,3775,7698,3923,3775,0,0,0,0,0,0,0,0,0,0,0,0
C3010,23,43,0000,District - Chhindwara  43,Urban,8,11466,5964,5502,10410,5456,4954,10410,5456,4954,0,0,0,0,0,0,0,0,0,0,0,0
C3010,23,43,0000,District - Chhindwara  43,Urban,9,8737,4341,4396,8221,4093,4128,8221,4093,4128,0,0,0,0,0,0,0,0,0,0,0,0
C3010,23,43,0000,District - Chhindwara  43,Urban,10,13702,7044,6658,12700,6549,6151,12700,6549,6151,0,0,0,0,0,0,0,0,0,0,0,0
C3010,23,43,0000,District - Chhindwara  43,Urban,11,9396,4926,4470,8840,4630,4210,8840,4630,4210,0,0,0,0,0,0,0,0,0,0,0,0
C3010,23,43,0000,District - Chhindwara  43,Urban,12,13436,7052,6384,12017,6309,5708,12017,6309,5708,0,0,0,0,0,0,0,0,0,0,0,0
C3010,23,43,0000,District - Chhindwara  43,Urban,13,9920,5031,4889,8814,4472,4342,8814,4472,4342,0,0,0,0,0,0,0,0,0,0,0,0
C3010,23,43,0000,District - Chhindwara  43,Urban,14,11812,6077,5735,9794,5064,4730,9794,5064,4730,0,0,0,0,0,0,0,0,0,0,0,0
C3010,23,43,0000,District - Chhindwara  43,Urban,15-19,52072,27695,24377,32411,17520,14891,28591,15655,12936,3348,1595,1753,265,142,123,195,120,75,12,8,4
C3010,23,43,0000,District - Chhindwara  43,Urban,20-24,43293,23790,19503,10797,6937,3860,2810,1918,892,7590,4730,2860,248,192,56,139,93,46,10,4,6
C3010,23,43,0000,District - Chhindwara  43,Urban,25-29,36919,18979,17940,1016,773,243,0,0,0,845,649,196,91,76,15,68,47,21,12,1,11
C3010,23,43,0000,District - Chhindwara  43,Urban,30-34,33489,17080,16409,146,88,58,0,0,0,94,67,27,19,13,6,12,4,8,21,4,17
C3010,23,43,0000,District - Chhindwara  43,Urban,35-59,108949,57634,51315,188,74,114,0,0,0,46,31,15,16,11,5,10,6,4,116,26,90
C3010,23,43,0000,District - Chhindwara  43,Urban,60+,31878,14595,17283,42,20,22,0,0,0,18,8,10,6,3,3,5,3,2,13,6,7
C3010,23,43,0000,District - Chhindwara  43,Urban,Age not stated,425,239,186,13,11,2,0,0,0,13,11,2,0,0,0,0,0,0,0,0,0
C3010,23,44,0000,District - Seoni  44,Total,All ages,1166608,588750,577858,272618,148956,123662,259451,141313,118138,7689,5419,2270,402,261,141,309,207,102,4767,1756,3011
C3010,23,44,0000,District - Seoni  44,Total,0-4,135251,68248,67003,2688,1319,1369,2688,1319,1369,0,0,0,0,0,0,0,0,0,0,0,0
C3010,23,44,0000,District - Seoni  44,Total,5,31461,16136,15325,3644,1829,1815,3644,1829,1815,0,0,0,0,0,0,0,0,0,0,0,0
C3010,23,44,0000,District - Seoni  44,Total,6,30157,15177,14980,13829,7254,6575,13829,7254,6575,0,0,0,0,0,0,0,0,0,0,0,0
C3010,23,44,0000,District - Seoni  44,Total,7,26422,13352,13070,21324,11116,10208,21324,11116,10208,0,0,0,0,0,0,0,0,0,0,0,0
C3010,23,44,0000,District - Seoni  44,Total,8,33588,16988,16600,29188,15071,14117,29188,15071,14117,0,0,0,0,0,0,0,0,0,0,0,0
C3010,23,44,0000,District - Seoni  44,Total,9,28155,13813,14342,25732,12847,12885,25732,12847,12885,0,0,0,0,0,0,0,0,0,0,0,0
C3010,23,44,0000,District - Seoni  44,Total,10,38627,19820,18807,33858,17754,16104,33858,17754,16104,0,0,0,0,0,0,0,0,0,0,0,0
C3010,23,44,0000,District - Seoni  44,Total,11,24912,12966,11946,22306,11880,10426,22306,11880,10426,0,0,0,0,0,0,0,0,0,0,0,0
C3010,23,44,0000,District - Seoni  44,Total,12,35369,18219,17150,27571,14809,12762,27571,14809,12762,0,0,0,0,0,0,0,0,0,0,0,0
C3010,23,44,0000,District - Seoni  44,Total,13,24416,12375,12041,18351,9857,8494,18351,9857,8494,0,0,0,0,0,0,0,0,0,0,0,0
C3010,23,44,0000,District - Seoni  44,Total,14,28964,14766,14198,18420,10342,8078,18420,10342,8078,0,0,0,0,0,0,0,0,0,0,0,0
C3010,23,44,0000,District - Seoni  44,Total,15-19,112022,59613,52409,41672,25985,15687,39163,24571,14592,2100,1199,901,125,69,56,139,76,63,145,70,75
C3010,23,44,0000,District - Seoni  44,Total,20-24,93007,47519,45488,9041,6609,2432,3377,2664,713,4851,3583,1268,143,106,37,98,72,26,572,184,388
C3010,23,44,0000,District - Seoni  44,Total,25-29,89618,44113,45505,1555,922,633,0,0,0,619,544,75,60,48,12,42,36,6,834,294,540
C3010,23,44,0000,District - Seoni  44,Total,30-34,87838,42598,45240,1135,394,741,0,0,0,65,48,17,19,8,11,8,6,2,1043,332,711
C3010,23,44,0000,District - Seoni  44,Total,35-59,261866,134148,127718,2212,915,1297,0,0,0,40,33,7,48,27,21,10,9,1,2114,846,1268
C3010,23,44,0000,District - Seoni  44,Total,60+,83639,38203,45436,77,42,35,0,0,0,9,7,2,6,3,3,8,5,3,54,27,27
C3010,23,44,0000,District - Seoni  44,Total,Age not stated,1296,696,600,15,11,4,0,0,0,5,5,0,1,0,1,4,3,1,5,3,2
C3010,23,44,0000,District - Seoni  44,Rural,All ages,1045921,526328,519593,236547,129860,106687,227200,124517,102683,4144,3280,864,244,166,78,210,148,62,4749,1749,3000
C3010,23,44,0000,District - Seoni  44,Rural,0-4,124509,62596,61913,2142,1058,1084,2142,1058,1084,0,0,0,0,0,0,0,0,0,0,0,0
C3010,23,44,0000,District - Seoni  44,Rural,5,28966,14813,14153,2765,1376,1389,2765,1376,1389,0,0,0,0,0,0,0,0,0,0,0,0
C3010,23,44,0000,District - Seoni  44,Rural,6,27673,13856,13817,12319,6432,5887,12319,6432,5887,0,0,0,0,0,0,0,0,0,0,0,0
C3010,23,44,0000,District - Seoni  44,Rural,7,23947,12029,11918,19062,9900,9162,19062,9900,9162,0,0,0,0,0,0,0,0,0,0,0,0
C3010,23,44,0000,District - Seoni  44,Rural,8,30631,15430,15201,26395,13604,12791,26395,13604,12791,0,0,0,0,0,0,0,0,0,0,0,0
C3010,23,44,0000,District - Seoni  44,Rural,9,25825,12617,13208,23479,11690,11789,23479,11690,11789,0,0,0,0,0,0,0,0,0,0,0,0
C3010,23,44,0000,District - Seoni  44,Rural,10,35153,18052,17101,30581,16092,14489,30581,16092,14489,0,0,0,0,0,0,0,0,0,0,0,0
C3010,23,44,0000,District - Seoni  44,Rural,11,22442,11708,10734,19938,10671,9267,19938,10671,9267,0,0,0,0,0,0,0,0,0,0,0,0
C3010,23,44,0000,District - Seoni  44,Rural,12,31836,16345,15491,24342,13113,11229,24342,13113,11229,0,0,0,0,0,0,0,0,0,0,0,0
C3010,23,44,0000,District - Seoni  44,Rural,13,21814,11099,10715,16024,8733,7291,16024,8733,7291,0,0,0,0,0,0,0,0,0,0,0,0
C3010,23,44,0000,District - Seoni  44,Rural,14,26005,13298,12707,15917,9107,6810,15917,9107,6810,0,0,0,0,0,0,0,0,0,0,0,0
C3010,23,44,0000,District - Seoni  44,Rural,15-19,98320,52362,45958,32829,21328,11501,31552,20526,11026,991,651,340,59,33,26,86,50,36,141,68,73
C3010,23,44,0000,District - Seoni  44,Rural,20-24,81226,41255,39971,6107,4741,1366,2684,2215,469,2700,2218,482,85,72,13,68,53,15,570,183,387
C3010,23,44,0000,District - Seoni  44,Rural,25-29,79581,39030,40551,1292,709,583,0,0,0,393,361,32,38,31,7,29,24,5,832,293,539
C3010,23,44,0000,District - Seoni  44,Rural,30-34,78386,37833,40553,1094,367,727,0,0,0,34,26,8,16,6,10,6,5,1,1038,330,708
C3010,23,44,0000,District - Seoni  44,Rural,35-59,232640,118881,113759,2176,890,1286,0,0,0,17,15,2,40,21,19,9,8,1,2110,846,1264
C3010,23,44,0000,District - Seoni  44,Rural,60+,75845,34526,41319,74,41,33,0,0,0,6,6,0,6,3,3,8,5,3,54,27,27
C3010,23,44,0000,District - Seoni  44,Rural,Age not stated,1122,598,524,11,8,3,0,0,0,3,3,0,0,0,0,4,3,1,4,2,2
C3010,23,44,0000,District - Seoni  44,Urban,All ages,120687,62422,58265,36071,19096,16975,32251,16796,15455,3545,2139,1406,158,95,63,99,59,40,18,7,11
C3010,23,44,0000,District - Seoni  44,Urban,0-4,10742,5652,5090,546,261,285,546,261,285,0,0,0,0,0,0,0,0,0,0,0,0
C3010,23,44,0000,District - Seoni  44,Urban,5,2495,1323,1172,879,453,426,879,453,426,0,0,0,0,0,0,0,0,0,0,0,0
C3010,23,44,0000,District - Seoni  44,Urban,6,2484,1321,1163,1510,822,688,1510,822,688,0,0,0,0,0,0,0,0,0,0,0,0
C3010,23,44,0000,District - Seoni  44,Urban,7,2475,1323,1152,2262,1216,1046,2262,1216,1046,0,0,0,0,0,0,0,0,0,0,0,0
C3010,23,44,0000,District - Seoni  44,Urban,8,2957,1558,1399,2793,1467,1326,2793,1467,1326,0,0,0,0,0,0,0,0,0,0,0,0
C3010,23,44,0000,District - Seoni  44,Urban,9,2330,1196,1134,2253,1157,1096,2253,1157,1096,0,0,0,0,0,0,0,0,0,0,0,0
C3010,23,44,0000,District - Seoni  44,Urban,10,3474,1768,1706,3277,1662,1615,3277,1662,1615,0,0,0,0,0,0,0,0,0,0,0,0
C3010,23,44,0000,District - Seoni  44,Urban,11,2470,1258,1212,2368,1209,1159,2368,1209,1159,0,0,0,0,0,0,0,0,0,0,0,0
C3010,23,44,0000,District - Seoni  44,Urban,12,3533,1874,1659,3229,1696,1533,3229,1696,1533,0,0,0,0,0,0,0,0,0,0,0,0
C3010,23,44,0000,District - Seoni  44,Urban,13,2602,1276,1326,2327,1124,1203,2327,1124,1203,0,0,0,0,0,0,0,0,0,0,0,0
C3010,23,44,0000,District - Seoni  44,Urban,14,2959,1468,1491,2503,1235,1268,2503,1235,1268,0,0,0,0,0,0,0,0,0,0,0,0
C3010,23,44,0000,District - Seoni  44,Urban,15-19,13702,7251,6451,8843,4657,4186,7611,4045,3566,1109,548,561,66,36,30,53,26,27,4,2,2
C3010,23,44,0000,District - Seoni  44,Urban,20-24,11781,6264,5517,2934,1868,1066,693,449,244,2151,1365,786,58,34,24,30,19,11,2,1,1
C3010,23,44,0000,District - Seoni  44,Urban,25-29,10037,5083,4954,263,213,50,0,0,0,226,183,43,22,17,5,13,12,1,2,1,1
C3010,23,44,0000,District - Seoni  44,Urban,30-34,9452,4765,4687,41,27,14,0,0,0,31,22,9,3,2,1,2,1,1,5,2,3
C3010,23,44,0000,District - Seoni  44,Urban,35-59,29226,15267,13959,36,25,11,0,0,0,23,18,5,8,6,2,1,1,0,4,0,4
C3010,23,44,0000,District - Seoni  44,Urban,60+,7794,3677,4117,3,1,2,0,0,0,3,1,2,0,0,0,0,0,0,0,0,0
C3010,23,44,0000,District - Seoni  44,Urban,Age not stated,174,98,76,4,3,1,0,0,0,2,2,0,1,0,1,0,0,0,1,1,0
C3010,23,45,0000,District - Balaghat  45,Total,All ages,1497968,740749,757219,355801,187805,167996,339239,177944,161295,12482,7942,4540,996,761,235,437,271,166,2647,887,1760
C3010,23,45,0000,District - Balaghat  45,Total,0-4,158709,80646,78063,3827,1862,1965,3827,1862,1965,0,0,0,0,0,0,0,0,0,0,0,0
C3010,23,45,0000,District - Balaghat  45,Total,5,36600,18946,17654,5599,2905,2694,5599,2905,2694,0,0,0,0,0,0,0,0,0,0,0,0
C3010,23,45,0000,District - Balaghat  45,Total,6,35599,17762,17837,18177,9271,8906,18177,9271,8906,0,0,0,0,0,0,0,0,0,0,0,0
C3010,23,45,0000,District - Balaghat  45,Total,7,33666,16882,16784,27189,13877,13312,27189,13877,13312,0,0,0,0,0,0,0,0,0,0,0,0
C3010,23,45,0000,District - Balaghat  45,Total,8,38861,19675,19186,33807,17411,16396,33807,17411,16396,0,0,0,0,0,0,0,0,0,0,0,0
C3010,23,45,0000,District - Balaghat  45,Total,9,33865,16721,17144,31213,15566,15647,31213,15566,15647,0,0,0,0,0,0,0,0,0,0,0,0
C3010,23,45,0000,District - Balaghat  45,Total,10,47056,23923,23133,41635,21480,20155,41635,21480,20155,0,0,0,0,0,0,0,0,0,0,0,0
C3010,23,45,0000,District - Balaghat  45,Total,11,31008,15851,15157,28523,14764,13759,28523,14764,13759,0,0,0,0,0,0,0,0,0,0,0,0
C3010,23,45,0000,District - Balaghat  45,Total,12,42912,21875,21037,35175,18420,16755,35175,18420,16755,0,0,0,0,0,0,0,0,0,0,0,0
C3010,23,45,0000,District - Balaghat  45,Total,13,30018,14599,15419,23995,12057,11938,23995,12057,11938,0,0,0,0,0,0,0,0,0,0,0,0
C3010,23,45,0000,District - Balaghat  45,Total,14,34110,16878,17232,24131,12466,11665,24131,12466,11665,0,0,0,0,0,0,0,0,0,0,0,0
C3010,23,45,0000,District - Balaghat  45,Total,15-19,152778,75775,77003,64530,35862,28668,60848,34070,26778,3123,1479,1644,288,191,97,167,84,83,104,38,66
C3010,23,45,0000,District - Balaghat  45,Total,20-24,119468,59394,60074,14039,9730,4309,5120,3795,1325,8056,5368,2688,446,361,85,144,103,41,273,103,170
C3010,23,45,0000,District - Balaghat  45,Total,25-29,114064,55125,58939,1754,1255,499,0,0,0,1087,920,167,173,146,27,75,57,18,419,132,287
C3010,23,45,0000,District - Balaghat  45,Total,30-34,111656,53836,57820,694,326,368,0,0,0,123,100,23,38,30,8,17,8,9,516,188,328
C3010,23,45,0000,District - Balaghat  45,Total,35-59,360342,179669,180673,1388,493,895,0,0,0,72,63,9,40,27,13,22,13,9,1254,390,864
C3010,23,45,0000,District - Balaghat  45,Total,60+,115762,52396,63366,114,55,59,0,0,0,11,8,3,11,6,5,11,5,6,81,36,45
C3010,23,45,0000,District - Balaghat  45,Total,Age not stated,1494,796,698,11,5,6,0,0,0,10,4,6,0,0,0,1,1,0,0,0,0
C3010,23,45,0000,District - Balaghat  45,Rural,All ages,1303996,642285,661711,299544,158372,141172,289467,152196,137271,6728,4711,2017,524,428,96,257,166,91,2568,871,1697
C3010,23,45,0000,District - Balaghat  45,Rural,0-4,141566,71796,69770,2884,1418,1466,2884,1418,1466,0,0,0,0,0,0,0,0,0,0,0,0
C3010,23,45,0000,District - Balaghat  45,Rural,5,32370,16709,15661,4295,2226,2069,4295,2226,2069,0,0,0,0,0,0,0,0,0,0,0,0
C3010,23,45,0000,District - Balaghat  45,Rural,6,31781,15873,15908,16062,8213,7849,16062,8213,7849,0,0,0,0,0,0,0,0,0,0,0,0
C3010,23,45,0000,District - Balaghat  45,Rural,7,29513,14825,14688,23631,12109,11522,23631,12109,11522,0,0,0,0,0,0,0,0,0,0,0,0
C3010,23,45,0000,District - Balaghat  45,Rural,8,34194,17303,16891,29624,15278,14346,29624,15278,14346,0,0,0,0,0,0,0,0,0,0,0,0
C3010,23,45,0000,District - Balaghat  45,Rural,9,30115,14850,15265,27696,13814,13882,27696,13814,13882,0,0,0,0,0,0,0,0,0,0,0,0
C3010,23,45,0000,District - Balaghat  45,Rural,10,41420,21014,20406,36540,18841,17699,36540,18841,17699,0,0,0,0,0,0,0,0,0,0,0,0
C3010,23,45,0000,District - Balaghat  45,Rural,11,27114,13828,13286,24854,12850,12004,24854,12850,12004,0,0,0,0,0,0,0,0,0,0,0,0
C3010,23,45,0000,District - Balaghat  45,Rural,12,37568,19063,18505,30525,15975,14550,30525,15975,14550,0,0,0,0,0,0,0,0,0,0,0,0
C3010,23,45,0000,District - Balaghat  45,Rural,13,25896,12601,13295,20334,10277,10057,20334,10277,10057,0,0,0,0,0,0,0,0,0,0,0,0
C3010,23,45,0000,District - Balaghat  45,Rural,14,29520,14591,14929,20332,10565,9767,20332,10565,9767,0,0,0,0,0,0,0,0,0,0,0,0
C3010,23,45,0000,District - Balaghat  45,Rural,15-19,130759,64344,66415,50472,28470,22002,48635,27533,21102,1514,765,749,133,89,44,90,45,45,100,38,62
C3010,23,45,0000,District - Balaghat  45,Rural,20-24,100969,49817,51152,8978,6648,2330,4055,3097,958,4364,3193,1171,209,191,18,88,68,20,262,99,163
C3010,23,45,0000,District - Balaghat  45,Rural,25-29,98061,47200,50861,1292,907,385,0,0,0,722,641,81,115,100,15,42,34,8,413,132,281
C3010,23,45,0000,District - Balaghat  45,Rural,30-34,96731,46488,50243,615,279,336,0,0,0,77,67,10,27,23,4,10,5,5,501,184,317
C3010,23,45,0000,District - Balaghat  45,Rural,35-59,311644,154394,157250,1306,453,853,0,0,0,41,40,1,31,20,11,16,9,7,1218,384,834
C3010,23,45,0000,District - Balaghat  45,Rural,60+,103413,46859,56554,98,45,53,0,0,0,5,2,3,9,5,4,10,4,6,74,34,40
C3010,23,45,0000,District - Balaghat  45,Rural,Age not stated,1362,730,632,6,4,2,0,0,0,5,3,2,0,0,0,1,1,0,0,0,0
C3010,23,45,0000,District - Balaghat  45,Urban,All ages,193972,98464,95508,56257,29433,26824,49772,25748,24024,5754,3231,2523,472,333,139,180,105,75,79,16,63
C3010,23,45,0000,District - Balaghat  45,Urban,0-4,17143,8850,8293,943,444,499,943,444,499,0,0,0,0,0,0,0,0,0,0,0,0
C3010,23,45,0000,District - Balaghat  45,Urban,5,4230,2237,1993,1304,679,625,1304,679,625,0,0,0,0,0,0,0,0,0,0,0,0
C3010,23,45,0000,District - Balaghat  45,Urban,6,3818,1889,1929,2115,1058,1057,2115,1058,1057,0,0,0,0,0,0,0,0,0,0,0,0
C3010,23,45,0000,District - Balaghat  45,Urban,7,4153,2057,2096,3558,1768,1790,3558,1768,1790,0,0,0,0,0,0,0,0,0,0,0,0
C3010,23,45,0000,District - Balaghat  45,Urban,8,4667,2372,2295,4183,2133,2050,4183,2133,2050,0,0,0,0,0,0,0,0,0,0,0,0
C3010,23,45,0000,District - Balaghat  45,Urban,9,3750,1871,1879,3517,1752,1765,3517,1752,1765,0,0,0,0,0,0,0,0,0,0,0,0
C3010,23,45,0000,District - Balaghat  45,Urban,10,5636,2909,2727,5095,2639,2456,5095,2639,2456,0,0,0,0,0,0,0,0,0,0,0,0
C3010,23,45,0000,District - Balaghat  45,Urban,11,3894,2023,1871,3669,1914,1755,3669,1914,1755,0,0,0,0,0,0,0,0,0,0,0,0
C3010,23,45,0000,District - Balaghat  45,Urban,12,5344,2812,2532,4650,2445,2205,4650,2445,2205,0,0,0,0,0,0,0,0,0,0,0,0
C3010,23,45,0000,District - Balaghat  45,Urban,13,4122,1998,2124,3661,1780,1881,3661,1780,1881,0,0,0,0,0,0,0,0,0,0,0,0
C3010,23,45,0000,District - Balaghat  45,Urban,14,4590,2287,2303,3799,1901,1898,3799,1901,1898,0,0,0,0,0,0,0,0,0,0,0,0
C3010,23,45,0000,District - Balaghat  45,Urban,15-19,22019,11431,10588,14058,7392,6666,12213,6537,5676,1609,714,895,155,102,53,77,39,38,4,0,4
C3010,23,45,0000,District - Balaghat  45,Urban,20-24,18499,9577,8922,5061,3082,1979,1065,698,367,3692,2175,1517,237,170,67,56,35,21,11,4,7
C3010,23,45,0000,District - Balaghat  45,Urban,25-29,16003,7925,8078,462,348,114,0,0,0,365,279,86,58,46,12,33,23,10,6,0,6
C3010,23,45,0000,District - Balaghat  45,Urban,30-34,14925,7348,7577,79,47,32,0,0,0,46,33,13,11,7,4,7,3,4,15,4,11
C3010,23,45,0000,District - Balaghat  45,Urban,35-59,48698,25275,23423,82,40,42,0,0,0,31,23,8,9,7,2,6,4,2,36,6,30
C3010,23,45,0000,District - Balaghat  45,Urban,60+,12349,5537,6812,16,10,6,0,0,0,6,6,0,2,1,1,1,1,0,7,2,5
C3010,23,45,0000,District - Balaghat  45,Urban,Age not stated,132,66,66,5,1,4,0,0,0,5,1,4,0,0,0,0,0,0,0,0,0
