Table Name,State Code,District Code,Tehsil Code,Area Name,Total/ Rural/ Urban,Age-group,Total population - Persons,Total population - Males,Total population - Females,Population attending educational institutions - Persons,Population attending educational institutions - Males,Population attending educational institutions - Females,Type of educational institution - School - Persons,Type of educational institution - School - Males,Type of educational institution - School - Females,Type of educational institution - College - Persons,Type of educational institution - College - Males,Type of educational institution - College - Females,Type of educational institution - Vocational institute - Persons,Type of educational institution - Vocational institute - Males,Type of educational institution - Vocational institute - Females,Type of educational institution - Other institute - Persons,Type of educational institution - Other institute - Males,Type of educational institution - Other institute - Females,Type of educational institution - Literacy centre - Persons,Type of educational institution - Literacy centre - Males,Type of educational institution - Literacy centre - Females
C3010,27,00,0000,State - MAHARASHTRA  27,Total,All ages,96878627,50400596,46478031,24438205,13468362,10969843,21973501,11911641,10061860,1963600,1273517,690083,246992,176602,70390,52362,35663,16699,201750,70939,130811
C3010,27,00,0000,State - MAHARASHTRA  27,Total,0-4,9532843,4983885,4548958,313330,163545,149785,313330,163545,149785,0,0,0,0,0,0,0,0,0,0,0,0
C3010,27,00,0000,State - MAHARASHTRA  27,Total,5,2228695,1174869,1053826,422498,222721,199777,422498,222721,199777,0,0,0,0,0,0,0,0,0,0,0,0
C3010,27,00,0000,State - MAHARASHTRA  27,Total,6,1909588,987678,921910,1034580,540075,494505,1034580,540075,494505,0,0,0,0,0,0,0,0,0,0,0,0
C3010,27,00,0000,State - MAHARASHTRA  27,Total,7,1907819,983187,924632,1670898,869391,801507,1670898,869391,801507,0,0,0,0,0,0,0,0,0,0,0,0
C3010,27,00,0000,State - MAHARASHTRA  27,Total,8,2175403,1129590,1045813,1995317,1045354,949963,1995317,1045354,949963,0,0,0,0,0,0,0,0,0,0,0,0
C3010,27,00,0000,State - MAHARASHTRA  27,Total,9,2008585,1027209,981376,1891386,973981,917405,1891386,973981,917405,0,0,0,0,0,0,0,0,0,0,0,0
C3010,27,00,0000,State - MAHARASHTRA  27,Total,10,2647985,1380917,1267068,2425080,1277092,1147988,2425080,1277092,1147988,0,0,0,0,0,0,0,0,0,0,0,0
C3010,27,00,0000,State - MAHARASHTRA  27,Total,11,2058976,1076838,982138,1931897,1020291,911606,1931897,1020291,911606,0,0,0,0,0,0,0,0,0,0,0,0
C3010,27,00,0000,State - MAHARASHTRA  27,Total,12,2563025,1354063,1208962,2264021,1216777,1047244,2264021,1216777,1047244,0,0,0,0,0,0,0,0,0,0,0,0
C3010,27,00,0000,State - MAHARASHTRA  27,Total,13,1998529,1039517,959012,1753694,933376,820318,1753694,933376,820318,0,0,0,0,0,0,0,0,0,0,0,0
C3010,27,00,0000,State - MAHARASHTRA  27,Total,14,2068927,1094582,974345,1682728,921660,761068,1682728,921660,761068,0,0,0,0,0,0,0,0,0,0,0,0
C3010,27,00,0000,State - MAHARASHTRA  27,Total,15-19,9570648,5262931,4307717,5189633,3050080,2139553,4272659,2496624,1776035,778182,460719,317463,104661,72748,31913,23866,16113,7753,10265,3876,6389
C3010,27,00,0000,State - MAHARASHTRA  27,Total,20-24,8856660,4781322,4075338,1478606,1010848,467758,315413,230754,84659,1032715,696813,335902,86176,63533,22643,12307,8545,3762,31995,11203,20792
C3010,27,00,0000,State - MAHARASHTRA  27,Total,25-29,8218364,4187247,4031117,205025,139796,65229,0,0,0,119122,93033,26089,35024,26389,8635,8336,5810,2526,42543,14564,27979
C3010,27,00,0000,State - MAHARASHTRA  27,Total,30-34,7392720,3800551,3592169,76390,35977,40413,0,0,0,16574,11898,4676,8430,5830,2600,3089,2068,1021,48297,16181,32116
C3010,27,00,0000,State - MAHARASHTRA  27,Total,35-59,23167117,12138304,11028813,89758,39775,49983,0,0,0,12924,8389,4535,10278,6760,3518,4036,2689,1347,62520,21937,40583
C3010,27,00,0000,State - MAHARASHTRA  27,Total,60+,8454660,3932201,4522459,11775,6493,5282,0,0,0,3000,1904,1096,2137,1106,1031,636,363,273,6002,3120,2882
C3010,27,00,0000,State - MAHARASHTRA  27,Total,Age not stated,118083,65705,52378,1589,1130,459,0,0,0,1083,761,322,286,236,50,92,75,17,128,58,70
C3010,27,00,0000,State - MAHARASHTRA  27,Rural,All ages,55777647,28458677,27318970,13713504,7624766,6088738,12706327,6950971,5755356,718378,534532,183846,73274,56190,17084,19915,14651,5264,195610,68422,127188
C3010,27,00,0000,State - MAHARASHTRA  27,Rural,0-4,5873107,3068305,2804802,141948,72973,68975,141948,72973,68975,0,0,0,0,0,0,0,0,0,0,0,0
C3010,27,00,0000,State - MAHARASHTRA  27,Rural,5,1378985,723826,655159,179967,94192,85775,179967,94192,85775,0,0,0,0,0,0,0,0,0,0,0,0
C3010,27,00,0000,State - MAHARASHTRA  27,Rural,6,1176736,606952,569784,615925,322729,293196,615925,322729,293196,0,0,0,0,0,0,0,0,0,0,0,0
C3010,27,00,0000,State - MAHARASHTRA  27,Rural,7,1114050,574613,539437,961827,502645,459182,961827,502645,459182,0,0,0,0,0,0,0,0,0,0,0,0
C3010,27,00,0000,State - MAHARASHTRA  27,Rural,8,1289033,663994,625039,1173783,611705,562078,1173783,611705,562078,0,0,0,0,0,0,0,0,0,0,0,0
C3010,27,00,0000,State - MAHARASHTRA  27,Rural,9,1269969,646513,623456,1190569,611725,578844,1190569,611725,578844,0,0,0,0,0,0,0,0,0,0,0,0
C3010,27,00,0000,State - MAHARASHTRA  27,Rural,10,1592903,823955,768948,1443228,757183,686045,1443228,757183,686045,0,0,0,0,0,0,0,0,0,0,0,0
C3010,27,00,0000,State - MAHARASHTRA  27,Rural,11,1276443,666028,610415,1189480,629157,560323,1189480,629157,560323,0,0,0,0,0,0,0,0,0,0,0,0
C3010,27,00,0000,State - MAHARASHTRA  27,Rural,12,1547652,811042,736610,1343509,722611,620898,1343509,722611,620898,0,0,0,0,0,0,0,0,0,0,0,0
C3010,27,00,0000,State - MAHARASHTRA  27,Rural,13,1208889,630127,578762,1040432,560822,479610,1040432,560822,479610,0,0,0,0,0,0,0,0,0,0,0,0
C3010,27,00,0000,State - MAHARASHTRA  27,Rural,14,1244679,660059,584620,982659,549000,433659,982659,549000,433659,0,0,0,0,0,0,0,0,0,0,0,0
C3010,27,00,0000,State - MAHARASHTRA  27,Rural,15-19,5370972,2940496,2430476,2655813,1643184,1012629,2287653,1394662,892991,311531,209821,101710,34687,26345,8342,12103,8709,3394,9839,3647,6192
C3010,27,00,0000,State - MAHARASHTRA  27,Rural,20-24,4574262,2401727,2172535,567011,432392,134619,155347,121567,33780,353267,278326,74941,24077,19294,4783,3140,2395,745,31180,10810,20370
C3010,27,00,0000,State - MAHARASHTRA  27,Rural,25-29,4239973,2082403,2157570,95177,60617,34560,0,0,0,43929,38622,5307,7504,6133,1371,2141,1671,470,41603,14191,27412
C3010,27,00,0000,State - MAHARASHTRA  27,Rural,30-34,3944147,1944710,1999437,55644,22487,33157,0,0,0,5292,4460,832,2128,1503,625,892,670,222,47332,15854,31478
C3010,27,00,0000,State - MAHARASHTRA  27,Rural,35-59,12886569,6542398,6344171,68054,26626,41428,0,0,0,3042,2387,655,3596,2255,1341,1294,984,310,60122,21000,39122
C3010,27,00,0000,State - MAHARASHTRA  27,Rural,60+,5709130,2627443,3081687,7701,4157,3544,0,0,0,845,569,276,1155,551,604,284,168,116,5417,2869,2548
C3010,27,00,0000,State - MAHARASHTRA  27,Rural,Age not stated,80148,44086,36062,777,561,216,0,0,0,472,347,125,127,109,18,61,54,7,117,51,66
C3010,27,00,0000,State - MAHARASHTRA  27,Urban,All ages,41100980,21941919,19159061,10724701,5843596,4881105,9267174,4960670,4306504,1245222,738985,506237,173718,120412,53306,32447,21012,11435,6140,2517,3623
C3010,27,00,0000,State - MAHARASHTRA  27,Urban,0-4,3659736,1915580,1744156,171382,90572,80810,171382,90572,80810,0,0,0,0,0,0,0,0,0,0,0,0
C3010,27,00,0000,State - MAHARASHTRA  27,Urban,5,849710,451043,398667,242531,128529,114002,242531,128529,114002,0,0,0,0,0,0,0,0,0,0,0,0
C3010,27,00,0000,State - MAHARASHTRA  27,Urban,6,732852,380726,352126,418655,217346,201309,418655,217346,201309,0,0,0,0,0,0,0,0,0,0,0,0
C3010,27,00,0000,State - MAHARASHTRA  27,Urban,7,793769,408574,385195,709071,366746,342325,709071,366746,342325,0,0,0,0,0,0,0,0,0,0,0,0
C3010,27,00,0000,State - MAHARASHTRA  27,Urban,8,886370,465596,420774,821534,433649,387885,821534,433649,387885,0,0,0,0,0,0,0,0,0,0,0,0
C3010,27,00,0000,State - MAHARASHTRA  27,Urban,9,738616,380696,357920,700817,362256,338561,700817,362256,338561,0,0,0,0,0,0,0,0,0,0,0,0
C3010,27,00,0000,State - MAHARASHTRA  27,Urban,10,1055082,556962,498120,981852,519909,461943,981852,519909,461943,0,0,0,0,0,0,0,0,0,0,0,0
C3010,27,00,0000,State - MAHARASHTRA  27,Urban,11,782533,410810,371723,742417,391134,351283,742417,391134,351283,0,0,0,0,0,0,0,0,0,0,0,0
C3010,27,00,0000,State - MAHARASHTRA  27,Urban,12,1015373,543021,472352,920512,494166,426346,920512,494166,426346,0,0,0,0,0,0,0,0,0,0,0,0
C3010,27,00,0000,State - MAHARASHTRA  27,Urban,13,789640,409390,380250,713262,372554,340708,713262,372554,340708,0,0,0,0,0,0,0,0,0,0,0,0
C3010,27,00,0000,State - MAHARASHTRA  27,Urban,14,824248,434523,389725,700069,372660,327409,700069,372660,327409,0,0,0,0,0,0,0,0,0,0,0,0
C3010,27,00,0000,State - MAHARASHTRA  27,Urban,15-19,4199676,2322435,1877241,2533820,1406896,1126924,1985006,1101962,883044,466651,250898,215753,69974,46403,23571,11763,7404,4359,426,229,197
C3010,27,00,0000,State - MAHARASHTRA  27,Urban,20-24,4282398,2379595,1902803,911595,578456,333139,160066,109187,50879,679448,418487,260961,62099,44239,17860,9167,6150,3017,815,393,422
C3010,27,00,0000,State - MAHARASHTRA  27,Urban,25-29,3978391,2104844,1873547,109848,79179,30669,0,0,0,75193,54411,20782,27520,20256,7264,6195,4139,2056,940,373,567
C3010,27,00,0000,State - MAHARASHTRA  27,Urban,30-34,3448573,1855841,1592732,20746,13490,7256,0,0,0,11282,7438,3844,6302,4327,1975,2197,1398,799,965,327,638
C3010,27,00,0000,State - MAHARASHTRA  27,Urban,35-59,10280548,5595906,4684642,21704,13149,8555,0,0,0,9882,6002,3880,6682,4505,2177,2742,1705,1037,2398,937,1461
C3010,27,00,0000,State - MAHARASHTRA  27,Urban,60+,2745530,1304758,1440772,4074,2336,1738,0,0,0,2155,1335,820,982,555,427,352,195,157,585,251,334
C3010,27,00,0000,State - MAHARASHTRA  27,Urban,Age not stated,37935,21619,16316,812,569,243,0,0,0,611,414,197,159,127,32,31,21,10,11,7,4
C3010,27,01,0000,District - Nandurbar *  01,Total,All ages,1311709,663511,648198,352164,191608,160556,270781,151235,119546,16863,12459,4404,1704,1305,399,1638,1483,155,61178,25126,36052
C3010,27,01,0000,District - Nandurbar *  01,Total,0-4,160258,81559,78699,2178,1110,1068,2178,1110,1068,0,0,0,0,0,0,0,0,0,0,0,0
C3010,27,01,0000,District - Nandurbar *  01,Total,5,35749,18406,17343,2686,1389,1297,2686,1389,1297,0,0,0,0,0,0,0,0,0,0,0,0
C3010,27,01,0000,District - Nandurbar *  01,Total,6,34206,17421,16785,12001,6346,5655,12001,6346,5655,0,0,0,0,0,0,0,0,0,0,0,0
C3010,27,01,0000,District - Nandurbar *  01,Total,7,33673,17276,16397,23992,12746,11246,23992,12746,11246,0,0,0,0,0,0,0,0,0,0,0,0
C3010,27,01,0000,District - Nandurbar *  01,Total,8,36923,18983,17940,28116,14980,13136,28116,14980,13136,0,0,0,0,0,0,0,0,0,0,0,0
C3010,27,01,0000,District - Nandurbar *  01,Total,9,32688,16732,15956,26415,13881,12534,26415,13881,12534,0,0,0,0,0,0,0,0,0,0,0,0
C3010,27,01,0000,District - Nandurbar *  01,Total,10,41005,21216,19789,30513,16419,14094,30513,16419,14094,0,0,0,0,0,0,0,0,0,0,0,0
C3010,27,01,0000,District - Nandurbar *  01,Total,11,30667,16413,14254,24212,13528,10684,24212,13528,10684,0,0,0,0,0,0,0,0,0,0,0,0
C3010,27,01,0000,District - Nandurbar *  01,Total,12,38552,20430,18122,26605,15092,11513,26605,15092,11513,0,0,0,0,0,0,0,0,0,0,0,0
C3010,27,01,0000,District - Nandurbar *  01,Total,13,29799,15593,14206,20217,11438,8779,20217,11438,8779,0,0,0,0,0,0,0,0,0,0,0,0
C3010,27,01,0000,District - Nandurbar *  01,Total,14,31596,16581,15015,19267,11222,8045,19267,11222,8045,0,0,0,0,0,0,0,0,0,0,0,0
C3010,27,01,0000,District - Nandurbar *  01,Total,15-19,126838,66537,60301,65457,38771,26686,50959,30309,20650,6887,4570,2317,786,627,159,1363,1253,110,5462,2012,3450
C3010,27,01,0000,District - Nandurbar *  01,Total,20-24,105524,52328,53196,27938,15701,12237,3620,2775,845,8592,6716,1876,555,430,125,171,156,15,15000,5624,9376
C3010,27,01,0000,District - Nandurbar *  01,Total,25-29,98060,47778,50282,18392,8023,10369,0,0,0,1143,985,158,174,129,45,50,34,16,17025,6875,10150
C3010,27,01,0000,District - Nandurbar *  01,Total,30-34,92368,44942,47426,16215,6817,9398,0,0,0,150,120,30,82,46,36,14,9,5,15969,6642,9327
C3010,27,01,0000,District - Nandurbar *  01,Total,35-59,287556,148244,139312,7622,3972,3650,0,0,0,76,58,18,97,67,30,25,18,7,7424,3829,3595
C3010,27,01,0000,District - Nandurbar *  01,Total,60+,94983,42382,52601,294,148,146,0,0,0,9,7,2,10,6,4,5,4,1,270,131,139
C3010,27,01,0000,District - Nandurbar *  01,Total,Age not stated,1264,690,574,44,25,19,0,0,0,6,3,3,0,0,0,10,9,1,28,13,15
C3010,27,01,0000,District - Nandurbar *  01,Rural,All ages,1109036,558513,550523,294934,159541,135393,220176,123568,96608,10944,8541,2403,1325,1012,313,1466,1337,129,61023,25083,35940
C3010,27,01,0000,District - Nandurbar *  01,Rural,0-4,140990,71405,69585,1906,976,930,1906,976,930,0,0,0,0,0,0,0,0,0,0,0,0
C3010,27,01,0000,District - Nandurbar *  01,Rural,5,31200,15952,15248,2079,1073,1006,2079,1073,1006,0,0,0,0,0,0,0,0,0,0,0,0
C3010,27,01,0000,District - Nandurbar *  01,Rural,6,29955,15215,14740,10149,5358,4791,10149,5358,4791,0,0,0,0,0,0,0,0,0,0,0,0
C3010,27,01,0000,District - Nandurbar *  01,Rural,7,29269,15016,14253,20401,10870,9531,20401,10870,9531,0,0,0,0,0,0,0,0,0,0,0,0
C3010,27,01,0000,District - Nandurbar *  01,Rural,8,31723,16286,15437,23580,12609,10971,23580,12609,10971,0,0,0,0,0,0,0,0,0,0,0,0
C3010,27,01,0000,District - Nandurbar *  01,Rural,9,28397,14513,13884,22532,11873,10659,22532,11873,10659,0,0,0,0,0,0,0,0,0,0,0,0
C3010,27,01,0000,District - Nandurbar *  01,Rural,10,35131,18122,17009,25331,13644,11687,25331,13644,11687,0,0,0,0,0,0,0,0,0,0,0,0
C3010,27,01,0000,District - Nandurbar *  01,Rural,11,26066,13901,12165,19980,11191,8789,19980,11191,8789,0,0,0,0,0,0,0,0,0,0,0,0
C3010,27,01,0000,District - Nandurbar *  01,Rural,12,32455,17137,15318,21313,12172,9141,21313,12172,9141,0,0,0,0,0,0,0,0,0,0,0,0
C3010,27,01,0000,District - Nandurbar *  01,Rural,13,25172,13227,11945,16185,9326,6859,16185,9326,6859,0,0,0,0,0,0,0,0,0,0,0,0
C3010,27,01,0000,District - Nandurbar *  01,Rural,14,26499,13836,12663,15027,8856,6171,15027,8856,6171,0,0,0,0,0,0,0,0,0,0,0,0
C3010,27,01,0000,District - Nandurbar *  01,Rural,15-19,103968,54363,49605,51012,30544,20468,39101,23607,15494,4582,3248,1334,594,486,108,1294,1195,99,5441,2008,3433
C3010,27,01,0000,District - Nandurbar *  01,Rural,20-24,86222,41964,44258,23557,12561,10996,2592,2013,579,5469,4515,954,440,336,104,98,88,10,14958,5609,9349
C3010,27,01,0000,District - Nandurbar *  01,Rural,25-29,81804,39877,41927,17886,7624,10262,0,0,0,738,649,89,130,91,39,27,19,8,16991,6865,10126
C3010,27,01,0000,District - Nandurbar *  01,Rural,30-34,77456,37419,40037,16119,6767,9352,0,0,0,99,85,14,76,42,34,10,6,4,15934,6634,9300
C3010,27,01,0000,District - Nandurbar *  01,Rural,35-59,240984,123652,117332,7548,3926,3622,0,0,0,43,35,8,77,51,26,22,16,6,7406,3824,3582
C3010,27,01,0000,District - Nandurbar *  01,Rural,60+,80668,36034,44634,285,146,139,0,0,0,7,6,1,8,6,2,5,4,1,265,130,135
C3010,27,01,0000,District - Nandurbar *  01,Rural,Age not stated,1077,594,483,44,25,19,0,0,0,6,3,3,0,0,0,10,9,1,28,13,15
C3010,27,01,0000,District - Nandurbar *  01,Urban,All ages,202673,104998,97675,57230,32067,25163,50605,27667,22938,5919,3918,2001,379,293,86,172,146,26,155,43,112
C3010,27,01,0000,District - Nandurbar *  01,Urban,0-4,19268,10154,9114,272,134,138,272,134,138,0,0,0,0,0,0,0,0,0,0,0,0
C3010,27,01,0000,District - Nandurbar *  01,Urban,5,4549,2454,2095,607,316,291,607,316,291,0,0,0,0,0,0,0,0,0,0,0,0
C3010,27,01,0000,District - Nandurbar *  01,Urban,6,4251,2206,2045,1852,988,864,1852,988,864,0,0,0,0,0,0,0,0,0,0,0,0
C3010,27,01,0000,District - Nandurbar *  01,Urban,7,4404,2260,2144,3591,1876,1715,3591,1876,1715,0,0,0,0,0,0,0,0,0,0,0,0
C3010,27,01,0000,District - Nandurbar *  01,Urban,8,5200,2697,2503,4536,2371,2165,4536,2371,2165,0,0,0,0,0,0,0,0,0,0,0,0
C3010,27,01,0000,District - Nandurbar *  01,Urban,9,4291,2219,2072,3883,2008,1875,3883,2008,1875,0,0,0,0,0,0,0,0,0,0,0,0
C3010,27,01,0000,District - Nandurbar *  01,Urban,10,5874,3094,2780,5182,2775,2407,5182,2775,2407,0,0,0,0,0,0,0,0,0,0,0,0
C3010,27,01,0000,District - Nandurbar *  01,Urban,11,4601,2512,2089,4232,2337,1895,4232,2337,1895,0,0,0,0,0,0,0,0,0,0,0,0
C3010,27,01,0000,District - Nandurbar *  01,Urban,12,6097,3293,2804,5292,2920,2372,5292,2920,2372,0,0,0,0,0,0,0,0,0,0,0,0
C3010,27,01,0000,District - Nandurbar *  01,Urban,13,4627,2366,2261,4032,2112,1920,4032,2112,1920,0,0,0,0,0,0,0,0,0,0,0,0
C3010,27,01,0000,District - Nandurbar *  01,Urban,14,5097,2745,2352,4240,2366,1874,4240,2366,1874,0,0,0,0,0,0,0,0,0,0,0,0
C3010,27,01,0000,District - Nandurbar *  01,Urban,15-19,22870,12174,10696,14445,8227,6218,11858,6702,5156,2305,1322,983,192,141,51,69,58,11,21,4,17
C3010,27,01,0000,District - Nandurbar *  01,Urban,20-24,19302,10364,8938,4381,3140,1241,1028,762,266,3123,2201,922,115,94,21,73,68,5,42,15,27
C3010,27,01,0000,District - Nandurbar *  01,Urban,25-29,16256,7901,8355,506,399,107,0,0,0,405,336,69,44,38,6,23,15,8,34,10,24
C3010,27,01,0000,District - Nandurbar *  01,Urban,30-34,14912,7523,7389,96,50,46,0,0,0,51,35,16,6,4,2,4,3,1,35,8,27
C3010,27,01,0000,District - Nandurbar *  01,Urban,35-59,46572,24592,21980,74,46,28,0,0,0,33,23,10,20,16,4,3,2,1,18,5,13
C3010,27,01,0000,District - Nandurbar *  01,Urban,60+,14315,6348,7967,9,2,7,0,0,0,2,1,1,2,0,2,0,0,0,5,1,4
C3010,27,01,0000,District - Nandurbar *  01,Urban,Age not stated,187,96,91,0,0,0,0,0,0,0,0,0,0,0,0,0,0,0,0,0,0
C3010,27,02,0000,District - Dhule  02,Total,All ages,1707947,878372,829575,460849,254375,206474,392922,216507,176415,31522,22152,9370,4347,3204,1143,695,529,166,31363,11983,19380
C3010,27,02,0000,District - Dhule  02,Total,0-4,178467,93724,84743,3460,1775,1685,3460,1775,1685,0,0,0,0,0,0,0,0,0,0,0,0
C3010,27,02,0000,District - Dhule  02,Total,5,39627,20894,18733,4934,2616,2318,4934,2616,2318,0,0,0,0,0,0,0,0,0,0,0,0
C3010,27,02,0000,District - Dhule  02,Total,6,37137,19243,17894,15354,8123,7231,15354,8123,7231,0,0,0,0,0,0,0,0,0,0,0,0
C3010,27,02,0000,District - Dhule  02,Total,7,38122,19817,18305,30907,16256,14651,30907,16256,14651,0,0,0,0,0,0,0,0,0,0,0,0
C3010,27,02,0000,District - Dhule  02,Total,8,43450,22578,20872,37541,19729,17812,37541,19729,17812,0,0,0,0,0,0,0,0,0,0,0,0
C3010,27,02,0000,District - Dhule  02,Total,9,37555,19177,18378,33972,17486,16486,33972,17486,16486,0,0,0,0,0,0,0,0,0,0,0,0
C3010,27,02,0000,District - Dhule  02,Total,10,51097,26585,24512,43846,23170,20676,43846,23170,20676,0,0,0,0,0,0,0,0,0,0,0,0
C3010,27,02,0000,District - Dhule  02,Total,11,37078,19699,17379,33565,18100,15465,33565,18100,15465,0,0,0,0,0,0,0,0,0,0,0,0
C3010,27,02,0000,District - Dhule  02,Total,12,49143,26188,22955,40723,22157,18566,40723,22157,18566,0,0,0,0,0,0,0,0,0,0,0,0
C3010,27,02,0000,District - Dhule  02,Total,13,35973,19010,16963,29847,16273,13574,29847,16273,13574,0,0,0,0,0,0,0,0,0,0,0,0
C3010,27,02,0000,District - Dhule  02,Total,14,39396,20867,18529,29821,16551,13270,29821,16551,13270,0,0,0,0,0,0,0,0,0,0,0,0
C3010,27,02,0000,District - Dhule  02,Total,15-19,174196,96883,77313,99200,59312,39888,82289,49072,33217,12260,7594,4666,1950,1439,511,446,342,104,2255,865,1390
C3010,27,02,0000,District - Dhule  02,Total,20-24,150393,81892,68501,32978,22053,10925,6663,5199,1464,17076,12840,4236,1622,1226,396,95,75,20,7522,2713,4809
C3010,27,02,0000,District - Dhule  02,Total,25-29,126100,62119,63981,10559,4855,5704,0,0,0,1730,1396,334,423,319,104,66,46,20,8340,3094,5246
C3010,27,02,0000,District - Dhule  02,Total,30-34,118045,57955,60090,8553,3343,5210,0,0,0,244,179,65,135,89,46,28,22,6,8146,3053,5093
C3010,27,02,0000,District - Dhule  02,Total,35-59,391623,201713,189910,5316,2445,2871,0,0,0,144,101,43,175,110,65,54,39,15,4943,2195,2748
C3010,27,02,0000,District - Dhule  02,Total,60+,158756,69047,89709,221,95,126,0,0,0,40,21,19,31,14,17,5,4,1,145,56,89
C3010,27,02,0000,District - Dhule  02,Total,Age not stated,1789,981,808,52,36,16,0,0,0,28,21,7,11,7,4,1,1,0,12,7,5
C3010,27,02,0000,District - Dhule  02,Rural,All ages,1262062,646364,615698,327520,180076,147444,278289,154451,123838,16241,12343,3898,1484,1059,425,441,339,102,31065,11884,19181
C3010,27,02,0000,District - Dhule  02,Rural,0-4,134855,70473,64382,1791,910,881,1791,910,881,0,0,0,0,0,0,0,0,0,0,0,0
C3010,27,02,0000,District - Dhule  02,Rural,5,29865,15593,14272,2153,1159,994,2153,1159,994,0,0,0,0,0,0,0,0,0,0,0,0
C3010,27,02,0000,District - Dhule  02,Rural,6,28115,14523,13592,9948,5300,4648,9948,5300,4648,0,0,0,0,0,0,0,0,0,0,0,0
C3010,27,02,0000,District - Dhule  02,Rural,7,28477,14797,13680,22333,11765,10568,22333,11765,10568,0,0,0,0,0,0,0,0,0,0,0,0
C3010,27,02,0000,District - Dhule  02,Rural,8,32081,16584,15497,27018,14180,12838,27018,14180,12838,0,0,0,0,0,0,0,0,0,0,0,0
C3010,27,02,0000,District - Dhule  02,Rural,9,28479,14528,13951,25317,13040,12277,25317,13040,12277,0,0,0,0,0,0,0,0,0,0,0,0
C3010,27,02,0000,District - Dhule  02,Rural,10,37770,19563,18207,31431,16608,14823,31431,16608,14823,0,0,0,0,0,0,0,0,0,0,0,0
C3010,27,02,0000,District - Dhule  02,Rural,11,27344,14512,12832,24319,13154,11165,24319,13154,11165,0,0,0,0,0,0,0,0,0,0,0,0
C3010,27,02,0000,District - Dhule  02,Rural,12,36541,19410,17131,29374,16025,13349,29374,16025,13349,0,0,0,0,0,0,0,0,0,0,0,0
C3010,27,02,0000,District - Dhule  02,Rural,13,26420,13944,12476,21356,11734,9622,21356,11734,9622,0,0,0,0,0,0,0,0,0,0,0,0
C3010,27,02,0000,District - Dhule  02,Rural,14,29076,15468,13608,21294,11986,9308,21294,11986,9308,0,0,0,0,0,0,0,0,0,0,0,0
C3010,27,02,0000,District - Dhule  02,Rural,15-19,123918,69548,54370,67127,40897,26230,57274,34865,22409,6734,4521,2213,606,445,161,285,218,67,2228,848,1380
C3010,27,02,0000,District - Dhule  02,Rural,20-24,106072,57651,48421,21124,13720,7404,4681,3725,956,8458,6919,1539,464,337,127,53,44,9,7468,2695,4773
C3010,27,02,0000,District - Dhule  02,Rural,25-29,90517,44827,45690,9334,3965,5369,0,0,0,821,717,104,189,142,47,36,27,9,8288,3079,5209
C3010,27,02,0000,District - Dhule  02,Rural,30-34,85612,41541,44071,8317,3208,5109,0,0,0,124,104,20,85,53,32,21,17,4,8087,3034,5053
C3010,27,02,0000,District - Dhule  02,Rural,35-59,290610,148494,142116,5079,2332,2747,0,0,0,72,61,11,114,72,42,42,30,12,4851,2169,2682
C3010,27,02,0000,District - Dhule  02,Rural,60+,125110,54255,70855,186,79,107,0,0,0,25,15,10,26,10,16,3,2,1,132,52,80
C3010,27,02,0000,District - Dhule  02,Rural,Age not stated,1200,653,547,19,14,5,0,0,0,7,6,1,0,0,0,1,1,0,11,7,4
C3010,27,02,0000,District - Dhule  02,Urban,All ages,445885,232008,213877,133329,74299,59030,114633,62056,52577,15281,9809,5472,2863,2145,718,254,190,64,298,99,199
C3010,27,02,0000,District - Dhule  02,Urban,0-4,43612,23251,20361,1669,865,804,1669,865,804,0,0,0,0,0,0,0,0,0,0,0,0
C3010,27,02,0000,District - Dhule  02,Urban,5,9762,5301,4461,2781,1457,1324,2781,1457,1324,0,0,0,0,0,0,0,0,0,0,0,0
C3010,27,02,0000,District - Dhule  02,Urban,6,9022,4720,4302,5406,2823,2583,5406,2823,2583,0,0,0,0,0,0,0,0,0,0,0,0
C3010,27,02,0000,District - Dhule  02,Urban,7,9645,5020,4625,8574,4491,4083,8574,4491,4083,0,0,0,0,0,0,0,0,0,0,0,0
C3010,27,02,0000,District - Dhule  02,Urban,8,11369,5994,5375,10523,5549,4974,10523,5549,4974,0,0,0,0,0,0,0,0,0,0,0,0
C3010,27,02,0000,District - Dhule  02,Urban,9,9076,4649,4427,8655,4446,4209,8655,4446,4209,0,0,0,0,0,0,0,0,0,0,0,0
C3010,27,02,0000,District - Dhule  02,Urban,10,13327,7022,6305,12415,6562,5853,12415,6562,5853,0,0,0,0,0,0,0,0,0,0,0,0
C3010,27,02,0000,District - Dhule  02,Urban,11,9734,5187,4547,9246,4946,4300,9246,4946,4300,0,0,0,0,0,0,0,0,0,0,0,0
C3010,27,02,0000,District - Dhule  02,Urban,12,12602,6778,5824,11349,6132,5217,11349,6132,5217,0,0,0,0,0,0,0,0,0,0,0,0
C3010,27,02,0000,District - Dhule  02,Urban,13,9553,5066,4487,8491,4539,3952,8491,4539,3952,0,0,0,0,0,0,0,0,0,0,0,0
C3010,27,02,0000,District - Dhule  02,Urban,14,10320,5399,4921,8527,4565,3962,8527,4565,3962,0,0,0,0,0,0,0,0,0,0,0,0
C3010,27,02,0000,District - Dhule  02,Urban,15-19,50278,27335,22943,32073,18415,13658,25015,14207,10808,5526,3073,2453,1344,994,350,161,124,37,27,17,10
C3010,27,02,0000,District - Dhule  02,Urban,20-24,44321,24241,20080,11854,8333,3521,1982,1474,508,8618,5921,2697,1158,889,269,42,31,11,54,18,36
C3010,27,02,0000,District - Dhule  02,Urban,25-29,35583,17292,18291,1225,890,335,0,0,0,909,679,230,234,177,57,30,19,11,52,15,37
C3010,27,02,0000,District - Dhule  02,Urban,30-34,32433,16414,16019,236,135,101,0,0,0,120,75,45,50,36,14,7,5,2,59,19,40
C3010,27,02,0000,District - Dhule  02,Urban,35-59,101013,53219,47794,237,113,124,0,0,0,72,40,32,61,38,23,12,9,3,92,26,66
C3010,27,02,0000,District - Dhule  02,Urban,60+,33646,14792,18854,35,16,19,0,0,0,15,6,9,5,4,1,2,2,0,13,4,9
C3010,27,02,0000,District - Dhule  02,Urban,Age not stated,589,328,261,33,22,11,0,0,0,21,15,6,11,7,4,0,0,0,1,0,1
C3010,27,03,0000,District - Jalgaon  03,Total,All ages,3682690,1905493,1777197,916665,521491,395174,838844,466701,372143,66675,47041,19634,7291,5852,1439,1572,1134,438,2283,763,1520
C3010,27,03,0000,District - Jalgaon  03,Total,0-4,362067,192736,169331,4693,2431,2262,4693,2431,2262,0,0,0,0,0,0,0,0,0,0,0,0
C3010,27,03,0000,District - Jalgaon  03,Total,5,85851,46202,39649,7689,4231,3458,7689,4231,3458,0,0,0,0,0,0,0,0,0,0,0,0
C3010,27,03,0000,District - Jalgaon  03,Total,6,77750,40613,37137,33821,17968,15853,33821,17968,15853,0,0,0,0,0,0,0,0,0,0,0,0
C3010,27,03,0000,District - Jalgaon  03,Total,7,73494,38656,34838,60936,32627,28309,60936,32627,28309,0,0,0,0,0,0,0,0,0,0,0,0
C3010,27,03,0000,District - Jalgaon  03,Total,8,87210,45692,41518,77190,40972,36218,77190,40972,36218,0,0,0,0,0,0,0,0,0,0,0,0
C3010,27,03,0000,District - Jalgaon  03,Total,9,77895,40077,37818,72047,37444,34603,72047,37444,34603,0,0,0,0,0,0,0,0,0,0,0,0
C3010,27,03,0000,District - Jalgaon  03,Total,10,108433,57109,51324,96693,51589,45104,96693,51589,45104,0,0,0,0,0,0,0,0,0,0,0,0
C3010,27,03,0000,District - Jalgaon  03,Total,11,79992,42422,37570,73950,39695,34255,73950,39695,34255,0,0,0,0,0,0,0,0,0,0,0,0
C3010,27,03,0000,District - Jalgaon  03,Total,12,103806,55592,48214,89144,48754,40390,89144,48754,40390,0,0,0,0,0,0,0,0,0,0,0,0
C3010,27,03,0000,District - Jalgaon  03,Total,13,77116,40492,36624,65896,35681,30215,65896,35681,30215,0,0,0,0,0,0,0,0,0,0,0,0
C3010,27,03,0000,District - Jalgaon  03,Total,14,83977,44944,39033,66126,37046,29080,66126,37046,29080,0,0,0,0,0,0,0,0,0,0,0,0
C3010,27,03,0000,District - Jalgaon  03,Total,15-19,383557,213467,170090,206248,126565,79683,174439,105630,68809,27458,17571,9887,3320,2680,640,924,640,284,107,44,63
C3010,27,03,0000,District - Jalgaon  03,Total,20-24,328583,178262,150321,54090,40860,13230,16220,12633,3587,34554,25691,8863,2609,2169,440,330,259,71,377,108,269
C3010,27,03,0000,District - Jalgaon  03,Total,25-29,278899,138165,140734,5016,3952,1064,0,0,0,3709,3112,597,673,568,105,152,121,31,482,151,331
C3010,27,03,0000,District - Jalgaon  03,Total,30-34,258985,127649,131336,1240,648,592,0,0,0,466,333,133,195,132,63,53,36,17,526,147,379
C3010,27,03,0000,District - Jalgaon  03,Total,35-59,853395,443759,409636,1517,837,680,0,0,0,385,263,122,367,241,126,92,63,29,673,270,403
C3010,27,03,0000,District - Jalgaon  03,Total,60+,357971,157606,200365,334,165,169,0,0,0,82,58,24,116,52,64,18,12,6,118,43,75
C3010,27,03,0000,District - Jalgaon  03,Total,Age not stated,3709,2050,1659,35,26,9,0,0,0,21,13,8,11,10,1,3,3,0,0,0,0
C3010,27,03,0000,District - Jalgaon  03,Rural,All ages,2629896,1357031,1272865,624860,359209,265651,584528,329092,255436,33686,25767,7919,3480,2893,587,1011,749,262,2155,708,1447
C3010,27,03,0000,District - Jalgaon  03,Rural,0-4,265701,140987,124714,2575,1299,1276,2575,1299,1276,0,0,0,0,0,0,0,0,0,0,0,0
C3010,27,03,0000,District - Jalgaon  03,Rural,5,63020,33750,29270,3505,1908,1597,3505,1908,1597,0,0,0,0,0,0,0,0,0,0,0,0
C3010,27,03,0000,District - Jalgaon  03,Rural,6,57357,30027,27330,23151,12425,10726,23151,12425,10726,0,0,0,0,0,0,0,0,0,0,0,0
C3010,27,03,0000,District - Jalgaon  03,Rural,7,52698,27738,24960,42757,23028,19729,42757,23028,19729,0,0,0,0,0,0,0,0,0,0,0,0
C3010,27,03,0000,District - Jalgaon  03,Rural,8,62266,32626,29640,54270,28935,25335,54270,28935,25335,0,0,0,0,0,0,0,0,0,0,0,0
C3010,27,03,0000,District - Jalgaon  03,Rural,9,57922,29797,28125,53129,27678,25451,53129,27678,25451,0,0,0,0,0,0,0,0,0,0,0,0
C3010,27,03,0000,District - Jalgaon  03,Rural,10,77885,41109,36776,68366,36716,31650,68366,36716,31650,0,0,0,0,0,0,0,0,0,0,0,0
C3010,27,03,0000,District - Jalgaon  03,Rural,11,58513,31037,27476,53614,28883,24731,53614,28883,24731,0,0,0,0,0,0,0,0,0,0,0,0
C3010,27,03,0000,District - Jalgaon  03,Rural,12,74465,39788,34677,62668,34418,28250,62668,34418,28250,0,0,0,0,0,0,0,0,0,0,0,0
C3010,27,03,0000,District - Jalgaon  03,Rural,13,55328,29294,26034,46341,25470,20871,46341,25470,20871,0,0,0,0,0,0,0,0,0,0,0,0
C3010,27,03,0000,District - Jalgaon  03,Rural,14,60553,32622,27931,46476,26483,19993,46476,26483,19993,0,0,0,0,0,0,0,0,0,0,0,0
C3010,27,03,0000,District - Jalgaon  03,Rural,15-19,269722,151842,117880,134339,85408,48931,117478,73446,44032,14530,10106,4424,1554,1332,222,683,483,200,94,41,53
C3010,27,03,0000,District - Jalgaon  03,Rural,20-24,227246,124181,103065,28954,23511,5443,10198,8403,1795,17043,13834,3209,1192,1041,151,158,133,25,363,100,263
C3010,27,03,0000,District - Jalgaon  03,Rural,25-29,191845,95096,96749,2529,1947,582,0,0,0,1688,1492,196,292,242,50,80,67,13,469,146,323
C3010,27,03,0000,District - Jalgaon  03,Rural,30-34,179633,87509,92124,851,406,445,0,0,0,198,165,33,116,81,35,28,21,7,509,139,370
C3010,27,03,0000,District - Jalgaon  03,Rural,35-59,600353,309675,290678,1074,565,509,0,0,0,167,130,37,242,160,82,46,32,14,619,243,376
C3010,27,03,0000,District - Jalgaon  03,Rural,60+,272524,118366,154158,246,119,127,0,0,0,48,33,15,82,35,47,15,12,3,101,39,62
C3010,27,03,0000,District - Jalgaon  03,Rural,Age not stated,2865,1587,1278,15,10,5,0,0,0,12,7,5,2,2,0,1,1,0,0,0,0
C3010,27,03,0000,District - Jalgaon  03,Urban,All ages,1052794,548462,504332,291805,162282,129523,254316,137609,116707,32989,21274,11715,3811,2959,852,561,385,176,128,55,73
C3010,27,03,0000,District - Jalgaon  03,Urban,0-4,96366,51749,44617,2118,1132,986,2118,1132,986,0,0,0,0,0,0,0,0,0,0,0,0
C3010,27,03,0000,District - Jalgaon  03,Urban,5,22831,12452,10379,4184,2323,1861,4184,2323,1861,0,0,0,0,0,0,0,0,0,0,0,0
C3010,27,03,0000,District - Jalgaon  03,Urban,6,20393,10586,9807,10670,5543,5127,10670,5543,5127,0,0,0,0,0,0,0,0,0,0,0,0
C3010,27,03,0000,District - Jalgaon  03,Urban,7,20796,10918,9878,18179,9599,8580,18179,9599,8580,0,0,0,0,0,0,0,0,0,0,0,0
C3010,27,03,0000,District - Jalgaon  03,Urban,8,24944,13066,11878,22920,12037,10883,22920,12037,10883,0,0,0,0,0,0,0,0,0,0,0,0
C3010,27,03,0000,District - Jalgaon  03,Urban,9,19973,10280,9693,18918,9766,9152,18918,9766,9152,0,0,0,0,0,0,0,0,0,0,0,0
C3010,27,03,0000,District - Jalgaon  03,Urban,10,30548,16000,14548,28327,14873,13454,28327,14873,13454,0,0,0,0,0,0,0,0,0,0,0,0
C3010,27,03,0000,District - Jalgaon  03,Urban,11,21479,11385,10094,20336,10812,9524,20336,10812,9524,0,0,0,0,0,0,0,0,0,0,0,0
C3010,27,03,0000,District - Jalgaon  03,Urban,12,29341,15804,13537,26476,14336,12140,26476,14336,12140,0,0,0,0,0,0,0,0,0,0,0,0
C3010,27,03,0000,District - Jalgaon  03,Urban,13,21788,11198,10590,19555,10211,9344,19555,10211,9344,0,0,0,0,0,0,0,0,0,0,0,0
C3010,27,03,0000,District - Jalgaon  03,Urban,14,23424,12322,11102,19650,10563,9087,19650,10563,9087,0,0,0,0,0,0,0,0,0,0,0,0
C3010,27,03,0000,District - Jalgaon  03,Urban,15-19,113835,61625,52210,71909,41157,30752,56961,32184,24777,12928,7465,5463,1766,1348,418,241,157,84,13,3,10
C3010,27,03,0000,District - Jalgaon  03,Urban,20-24,101337,54081,47256,25136,17349,7787,6022,4230,1792,17511,11857,5654,1417,1128,289,172,126,46,14,8,6
C3010,27,03,0000,District - Jalgaon  03,Urban,25-29,87054,43069,43985,2487,2005,482,0,0,0,2021,1620,401,381,326,55,72,54,18,13,5,8
C3010,27,03,0000,District - Jalgaon  03,Urban,30-34,79352,40140,39212,389,242,147,0,0,0,268,168,100,79,51,28,25,15,10,17,8,9
C3010,27,03,0000,District - Jalgaon  03,Urban,35-59,253042,134084,118958,443,272,171,0,0,0,218,133,85,125,81,44,46,31,15,54,27,27
C3010,27,03,0000,District - Jalgaon  03,Urban,60+,85447,39240,46207,88,46,42,0,0,0,34,25,9,34,17,17,3,0,3,17,4,13
C3010,27,03,0000,District - Jalgaon  03,Urban,Age not stated,844,463,381,20,16,4,0,0,0,9,6,3,9,8,1,2,2,0,0,0,0
C3010,27,04,0000,District - Buldana  04,Total,All ages,2232480,1147403,1085077,556605,312815,243790,519757,287051,232706,29615,21988,7627,3118,2439,679,745,534,211,3370,803,2567
C3010,27,04,0000,District - Buldana  04,Total,0-4,235068,123428,111640,2377,1277,1100,2377,1277,1100,0,0,0,0,0,0,0,0,0,0,0,0
C3010,27,04,0000,District - Buldana  04,Total,5,55815,29367,26448,3974,2051,1923,3974,2051,1923,0,0,0,0,0,0,0,0,0,0,0,0
C3010,27,04,0000,District - Buldana  04,Total,6,49411,25537,23874,24362,12702,11660,24362,12702,11660,0,0,0,0,0,0,0,0,0,0,0,0
C3010,27,04,0000,District - Buldana  04,Total,7,42092,21964,20128,36841,19418,17423,36841,19418,17423,0,0,0,0,0,0,0,0,0,0,0,0
C3010,27,04,0000,District - Buldana  04,Total,8,51510,26635,24875,47744,24944,22800,47744,24944,22800,0,0,0,0,0,0,0,0,0,0,0,0
C3010,27,04,0000,District - Buldana  04,Total,9,52241,26622,25619,49677,25523,24154,49677,25523,24154,0,0,0,0,0,0,0,0,0,0,0,0
C3010,27,04,0000,District - Buldana  04,Total,10,65756,34059,31697,60837,31864,28973,60837,31864,28973,0,0,0,0,0,0,0,0,0,0,0,0
C3010,27,04,0000,District - Buldana  04,Total,11,55794,28942,26852,52271,27528,24743,52271,27528,24743,0,0,0,0,0,0,0,0,0,0,0,0
C3010,27,04,0000,District - Buldana  04,Total,12,63661,33197,30464,55691,29878,25813,55691,29878,25813,0,0,0,0,0,0,0,0,0,0,0,0
C3010,27,04,0000,District - Buldana  04,Total,13,51179,26405,24774,43442,23415,20027,43442,23415,20027,0,0,0,0,0,0,0,0,0,0,0,0
C3010,27,04,0000,District - Buldana  04,Total,14,53695,28530,25165,41199,23589,17610,41199,23589,17610,0,0,0,0,0,0,0,0,0,0,0,0
C3010,27,04,0000,District - Buldana  04,Total,15-19,230487,126349,104138,109566,69726,39840,95386,59985,35401,12218,8288,3930,1496,1147,349,418,281,137,48,25,23
C3010,27,04,0000,District - Buldana  04,Total,20-24,186250,100220,86030,22944,17987,4957,5956,4877,1079,15454,12011,3443,1138,925,213,124,98,26,272,76,196
C3010,27,04,0000,District - Buldana  04,Total,25-29,161902,79618,82284,2609,1866,743,0,0,0,1642,1454,188,283,240,43,100,76,24,584,96,488
C3010,27,04,0000,District - Buldana  04,Total,30-34,152546,75303,77243,1138,403,735,0,0,0,164,132,32,81,55,26,42,35,7,851,181,670
C3010,27,04,0000,District - Buldana  04,Total,35-59,502094,258842,243252,1749,532,1217,0,0,0,93,66,27,83,51,32,49,37,12,1524,378,1146
C3010,27,04,0000,District - Buldana  04,Total,60+,221095,101361,119734,152,84,68,0,0,0,22,18,4,29,13,16,12,7,5,89,46,43
C3010,27,04,0000,District - Buldana  04,Total,Age not stated,1884,1024,860,32,28,4,0,0,0,22,19,3,8,8,0,0,0,0,2,1,1
C3010,27,04,0000,District - Buldana  04,Rural,All ages,1759097,902445,856652,426636,241124,185512,402920,223813,179107,18063,14643,3420,1846,1490,356,503,401,102,3304,777,2527
C3010,27,04,0000,District - Buldana  04,Rural,0-4,187862,98393,89469,1746,931,815,1746,931,815,0,0,0,0,0,0,0,0,0,0,0,0
C3010,27,04,0000,District - Buldana  04,Rural,5,44873,23486,21387,2778,1405,1373,2778,1405,1373,0,0,0,0,0,0,0,0,0,0,0,0
C3010,27,04,0000,District - Buldana  04,Rural,6,39476,20366,19110,19221,10077,9144,19221,10077,9144,0,0,0,0,0,0,0,0,0,0,0,0
C3010,27,04,0000,District - Buldana  04,Rural,7,32946,17222,15724,28906,15268,13638,28906,15268,13638,0,0,0,0,0,0,0,0,0,0,0,0
C3010,27,04,0000,District - Buldana  04,Rural,8,40047,20633,19414,37178,19377,17801,37178,19377,17801,0,0,0,0,0,0,0,0,0,0,0,0
C3010,27,04,0000,District - Buldana  04,Rural,9,41788,21206,20582,39729,20345,19384,39729,20345,19384,0,0,0,0,0,0,0,0,0,0,0,0
C3010,27,04,0000,District - Buldana  04,Rural,10,51718,26561,25157,47740,24860,22880,47740,24860,22880,0,0,0,0,0,0,0,0,0,0,0,0
C3010,27,04,0000,District - Buldana  04,Rural,11,44766,23182,21584,41852,22044,19808,41852,22044,19808,0,0,0,0,0,0,0,0,0,0,0,0
C3010,27,04,0000,District - Buldana  04,Rural,12,50324,26173,24151,43791,23546,20245,43791,23546,20245,0,0,0,0,0,0,0,0,0,0,0,0
C3010,27,04,0000,District - Buldana  04,Rural,13,40548,20978,19570,34072,18578,15494,34072,18578,15494,0,0,0,0,0,0,0,0,0,0,0,0
C3010,27,04,0000,District - Buldana  04,Rural,14,42093,22401,19692,31751,18476,13275,31751,18476,13275,0,0,0,0,0,0,0,0,0,0,0,0
C3010,27,04,0000,District - Buldana  04,Rural,15-19,179170,98524,80646,79353,52378,26975,70244,45545,24699,7882,5858,2024,894,725,169,289,226,63,44,24,20
C3010,27,04,0000,District - Buldana  04,Rural,20-24,143654,77769,65885,13989,11830,2159,3912,3361,551,9074,7786,1288,655,540,115,82,70,12,266,73,193
C3010,27,04,0000,District - Buldana  04,Rural,25-29,124315,61139,63176,1727,1135,592,0,0,0,941,861,80,152,132,20,62,50,12,572,92,480
C3010,27,04,0000,District - Buldana  04,Rural,30-34,118117,57839,60278,1004,310,694,0,0,0,83,71,12,50,35,15,28,24,4,843,180,663
C3010,27,04,0000,District - Buldana  04,Rural,35-59,392916,201664,191252,1642,471,1171,0,0,0,50,40,10,65,41,24,31,25,6,1496,365,1131
C3010,27,04,0000,District - Buldana  04,Rural,60+,182818,84019,98799,131,71,60,0,0,0,14,11,3,25,12,13,11,6,5,81,42,39
C3010,27,04,0000,District - Buldana  04,Rural,Age not stated,1666,890,776,26,22,4,0,0,0,19,16,3,5,5,0,0,0,0,2,1,1
C3010,27,04,0000,District - Buldana  04,Urban,All ages,473383,244958,228425,129969,71691,58278,116837,63238,53599,11552,7345,4207,1272,949,323,242,133,109,66,26,40
C3010,27,04,0000,District - Buldana  04,Urban,0-4,47206,25035,22171,631,346,285,631,346,285,0,0,0,0,0,0,0,0,0,0,0,0
C3010,27,04,0000,District - Buldana  04,Urban,5,10942,5881,5061,1196,646,550,1196,646,550,0,0,0,0,0,0,0,0,0,0,0,0
C3010,27,04,0000,District - Buldana  04,Urban,6,9935,5171,4764,5141,2625,2516,5141,2625,2516,0,0,0,0,0,0,0,0,0,0,0,0
C3010,27,04,0000,District - Buldana  04,Urban,7,9146,4742,4404,7935,4150,3785,7935,4150,3785,0,0,0,0,0,0,0,0,0,0,0,0
C3010,27,04,0000,District - Buldana  04,Urban,8,11463,6002,5461,10566,5567,4999,10566,5567,4999,0,0,0,0,0,0,0,0,0,0,0,0
C3010,27,04,0000,District - Buldana  04,Urban,9,10453,5416,5037,9948,5178,4770,9948,5178,4770,0,0,0,0,0,0,0,0,0,0,0,0
C3010,27,04,0000,District - Buldana  04,Urban,10,14038,7498,6540,13097,7004,6093,13097,7004,6093,0,0,0,0,0,0,0,0,0,0,0,0
C3010,27,04,0000,District - Buldana  04,Urban,11,11028,5760,5268,10419,5484,4935,10419,5484,4935,0,0,0,0,0,0,0,0,0,0,0,0
C3010,27,04,0000,District - Buldana  04,Urban,12,13337,7024,6313,11900,6332,5568,11900,6332,5568,0,0,0,0,0,0,0,0,0,0,0,0
C3010,27,04,0000,District - Buldana  04,Urban,13,10631,5427,5204,9370,4837,4533,9370,4837,4533,0,0,0,0,0,0,0,0,0,0,0,0
C3010,27,04,0000,District - Buldana  04,Urban,14,11602,6129,5473,9448,5113,4335,9448,5113,4335,0,0,0,0,0,0,0,0,0,0,0,0
C3010,27,04,0000,District - Buldana  04,Urban,15-19,51317,27825,23492,30213,17348,12865,25142,14440,10702,4336,2430,1906,602,422,180,129,55,74,4,1,3
C3010,27,04,0000,District - Buldana  04,Urban,20-24,42596,22451,20145,8955,6157,2798,2044,1516,528,6380,4225,2155,483,385,98,42,28,14,6,3,3
C3010,27,04,0000,District - Buldana  04,Urban,25-29,37587,18479,19108,882,731,151,0,0,0,701,593,108,131,108,23,38,26,12,12,4,8
C3010,27,04,0000,District - Buldana  04,Urban,30-34,34429,17464,16965,134,93,41,0,0,0,81,61,20,31,20,11,14,11,3,8,1,7
C3010,27,04,0000,District - Buldana  04,Urban,35-59,109178,57178,52000,107,61,46,0,0,0,43,26,17,18,10,8,18,12,6,28,13,15
C3010,27,04,0000,District - Buldana  04,Urban,60+,38277,17342,20935,21,13,8,0,0,0,8,7,1,4,1,3,1,1,0,8,4,4
C3010,27,04,0000,District - Buldana  04,Urban,Age not stated,218,134,84,6,6,0,0,0,0,3,3,0,3,3,0,0,0,0,0,0,0
C3010,27,05,0000,District - Akola  05,Total,All ages,1630239,841253,788986,445158,241840,203318,406212,216475,189737,34625,22456,12169,2896,2099,797,893,629,264,532,181,351
C3010,27,05,0000,District - Akola  05,Total,0-4,165797,85584,80213,7668,3880,3788,7668,3880,3788,0,0,0,0,0,0,0,0,0,0,0,0
C3010,27,05,0000,District - Akola  05,Total,5,37237,19508,17729,8619,4440,4179,8619,4440,4179,0,0,0,0,0,0,0,0,0,0,0,0
C3010,27,05,0000,District - Akola  05,Total,6,32801,16912,15889,20319,10369,9950,20319,10369,9950,0,0,0,0,0,0,0,0,0,0,0,0
C3010,27,05,0000,District - Akola  05,Total,7,29224,14956,14268,26286,13514,12772,26286,13514,12772,0,0,0,0,0,0,0,0,0,0,0,0
C3010,27,05,0000,District - Akola  05,Total,8,36476,18972,17504,34392,17965,16427,34392,17965,16427,0,0,0,0,0,0,0,0,0,0,0,0
C3010,27,05,0000,District - Akola  05,Total,9,35139,17926,17213,33918,17321,16597,33918,17321,16597,0,0,0,0,0,0,0,0,0,0,0,0
C3010,27,05,0000,District - Akola  05,Total,10,48064,25108,22956,45457,23757,21700,45457,23757,21700,0,0,0,0,0,0,0,0,0,0,0,0
C3010,27,05,0000,District - Akola  05,Total,11,35833,18527,17306,34255,17782,16473,34255,17782,16473,0,0,0,0,0,0,0,0,0,0,0,0
C3010,27,05,0000,District - Akola  05,Total,12,45258,23975,21283,41105,21854,19251,41105,21854,19251,0,0,0,0,0,0,0,0,0,0,0,0
C3010,27,05,0000,District - Akola  05,Total,13,35176,17956,17220,31534,16257,15277,31534,16257,15277,0,0,0,0,0,0,0,0,0,0,0,0
C3010,27,05,0000,District - Akola  05,Total,14,39185,20280,18905,32308,17118,15190,32308,17118,15190,0,0,0,0,0,0,0,0,0,0,0,0
C3010,27,05,0000,District - Akola  05,Total,15-19,170765,91066,79699,96612,54283,42329,82749,46413,36336,12205,6733,5472,1175,810,365,466,320,146,17,7,10
C3010,27,05,0000,District - Akola  05,Total,20-24,143335,78600,64735,28036,19793,8243,7602,5805,1797,19099,13011,6088,1077,818,259,196,142,54,62,17,45
C3010,27,05,0000,District - Akola  05,Total,25-29,128364,63885,64479,3529,2818,711,0,0,0,2847,2360,487,446,341,105,121,89,32,115,28,87
C3010,27,05,0000,District - Akola  05,Total,30-34,116930,58684,58246,555,349,206,0,0,0,284,214,70,76,56,20,51,34,17,144,45,99
C3010,27,05,0000,District - Akola  05,Total,35-59,376163,196765,179398,465,283,182,0,0,0,155,117,38,97,64,33,49,35,14,164,67,97
C3010,27,05,0000,District - Akola  05,Total,60+,153042,71742,81300,84,48,36,0,0,0,22,14,8,24,10,14,10,9,1,28,15,13
C3010,27,05,0000,District - Akola  05,Total,Age not stated,1450,807,643,16,9,7,0,0,0,13,7,6,1,0,1,0,0,0,2,2,0
C3010,27,05,0000,District - Akola  05,Rural,All ages,1002742,517465,485277,272734,149074,123660,255315,136750,118565,15391,10988,4403,1137,908,229,405,267,138,486,161,325
C3010,27,05,0000,District - Akola  05,Rural,0-4,105368,54245,51123,6113,3079,3034,6113,3079,3034,0,0,0,0,0,0,0,0,0,0,0,0
C3010,27,05,0000,District - Akola  05,Rural,5,23774,12408,11366,6196,3150,3046,6196,3150,3046,0,0,0,0,0,0,0,0,0,0,0,0
C3010,27,05,0000,District - Akola  05,Rural,6,20700,10692,10008,13837,7103,6734,13837,7103,6734,0,0,0,0,0,0,0,0,0,0,0,0
C3010,27,05,0000,District - Akola  05,Rural,7,17036,8718,8318,15545,8033,7512,15545,8033,7512,0,0,0,0,0,0,0,0,0,0,0,0
C3010,27,05,0000,District - Akola  05,Rural,8,21797,11320,10477,20710,10812,9898,20710,10812,9898,0,0,0,0,0,0,0,0,0,0,0,0
C3010,27,05,0000,District - Akola  05,Rural,9,22647,11541,11106,21966,11241,10725,21966,11241,10725,0,0,0,0,0,0,0,0,0,0,0,0
C3010,27,05,0000,District - Akola  05,Rural,10,29603,15423,14180,28284,14794,13490,28284,14794,13490,0,0,0,0,0,0,0,0,0,0,0,0
C3010,27,05,0000,District - Akola  05,Rural,11,22800,11816,10984,21981,11456,10525,21981,11456,10525,0,0,0,0,0,0,0,0,0,0,0,0
C3010,27,05,0000,District - Akola  05,Rural,12,27822,14620,13202,25744,13656,12088,25744,13656,12088,0,0,0,0,0,0,0,0,0,0,0,0
C3010,27,05,0000,District - Akola  05,Rural,13,21895,11193,10702,20007,10363,9644,20007,10363,9644,0,0,0,0,0,0,0,0,0,0,0,0
C3010,27,05,0000,District - Akola  05,Rural,14,24047,12466,11581,20428,10897,9531,20428,10897,9531,0,0,0,0,0,0,0,0,0,0,0,0
C3010,27,05,0000,District - Akola  05,Rural,15-19,103607,55637,47970,57325,33001,24324,50361,28795,21566,6203,3682,2521,530,399,131,218,121,97,13,4,9
C3010,27,05,0000,District - Akola  05,Rural,20-24,84052,47059,36993,12554,9913,2641,4143,3371,772,7873,6130,1743,383,323,60,95,73,22,60,16,44
C3010,27,05,0000,District - Akola  05,Rural,25-29,76422,38294,38128,1461,1244,217,0,0,0,1154,1041,113,148,134,14,49,42,7,110,27,83
C3010,27,05,0000,District - Akola  05,Rural,30-34,69967,34841,35126,277,158,119,0,0,0,102,85,17,22,18,4,19,14,5,134,41,93
C3010,27,05,0000,District - Akola  05,Rural,35-59,227550,118432,109118,256,144,112,0,0,0,48,42,6,44,31,13,18,12,6,146,59,87
C3010,27,05,0000,District - Akola  05,Rural,60+,102965,48380,54585,43,24,19,0,0,0,6,4,2,10,3,7,6,5,1,21,12,9
C3010,27,05,0000,District - Akola  05,Rural,Age not stated,690,380,310,7,6,1,0,0,0,5,4,1,0,0,0,0,0,0,2,2,0
C3010,27,05,0000,District - Akola  05,Urban,All ages,627497,323788,303709,172424,92766,79658,150897,79725,71172,19234,11468,7766,1759,1191,568,488,362,126,46,20,26
C3010,27,05,0000,District - Akola  05,Urban,0-4,60429,31339,29090,1555,801,754,1555,801,754,0,0,0,0,0,0,0,0,0,0,0,0
C3010,27,05,0000,District - Akola  05,Urban,5,13463,7100,6363,2423,1290,1133,2423,1290,1133,0,0,0,0,0,0,0,0,0,0,0,0
C3010,27,05,0000,District - Akola  05,Urban,6,12101,6220,5881,6482,3266,3216,6482,3266,3216,0,0,0,0,0,0,0,0,0,0,0,0
C3010,27,05,0000,District - Akola  05,Urban,7,12188,6238,5950,10741,5481,5260,10741,5481,5260,0,0,0,0,0,0,0,0,0,0,0,0
C3010,27,05,0000,District - Akola  05,Urban,8,14679,7652,7027,13682,7153,6529,13682,7153,6529,0,0,0,0,0,0,0,0,0,0,0,0
C3010,27,05,0000,District - Akola  05,Urban,9,12492,6385,6107,11952,6080,5872,11952,6080,5872,0,0,0,0,0,0,0,0,0,0,0,0
C3010,27,05,0000,District - Akola  05,Urban,10,18461,9685,8776,17173,8963,8210,17173,8963,8210,0,0,0,0,0,0,0,0,0,0,0,0
C3010,27,05,0000,District - Akola  05,Urban,11,13033,6711,6322,12274,6326,5948,12274,6326,5948,0,0,0,0,0,0,0,0,0,0,0,0
C3010,27,05,0000,District - Akola  05,Urban,12,17436,9355,8081,15361,8198,7163,15361,8198,7163,0,0,0,0,0,0,0,0,0,0,0,0
C3010,27,05,0000,District - Akola  05,Urban,13,13281,6763,6518,11527,5894,5633,11527,5894,5633,0,0,0,0,0,0,0,0,0,0,0,0
C3010,27,05,0000,District - Akola  05,Urban,14,15138,7814,7324,11880,6221,5659,11880,6221,5659,0,0,0,0,0,0,0,0,0,0,0,0
C3010,27,05,0000,District - Akola  05,Urban,15-19,67158,35429,31729,39287,21282,18005,32388,17618,14770,6002,3051,2951,645,411,234,248,199,49,4,3,1
C3010,27,05,0000,District - Akola  05,Urban,20-24,59283,31541,27742,15482,9880,5602,3459,2434,1025,11226,6881,4345,694,495,199,101,69,32,2,1,1
C3010,27,05,0000,District - Akola  05,Urban,25-29,51942,25591,26351,2068,1574,494,0,0,0,1693,1319,374,298,207,91,72,47,25,5,1,4
C3010,27,05,0000,District - Akola  05,Urban,30-34,46963,23843,23120,278,191,87,0,0,0,182,129,53,54,38,16,32,20,12,10,4,6
C3010,27,05,0000,District - Akola  05,Urban,35-59,148613,78333,70280,209,139,70,0,0,0,107,75,32,53,33,20,31,23,8,18,8,10
C3010,27,05,0000,District - Akola  05,Urban,60+,50077,23362,26715,41,24,17,0,0,0,16,10,6,14,7,7,4,4,0,7,3,4
C3010,27,05,0000,District - Akola  05,Urban,Age not stated,760,427,333,9,3,6,0,0,0,8,3,5,1,0,1,0,0,0,0,0,0
C3010,27,06,0000,District - Washim *  06,Total,All ages,1020216,526094,494122,266524,151873,114651,248506,138248,110258,16178,12237,3941,1364,1101,263,348,242,106,128,45,83
C3010,27,06,0000,District - Washim *  06,Total,0-4,111972,58422,53550,2252,1146,1106,2252,1146,1106,0,0,0,0,0,0,0,0,0,0,0,0
C3010,27,06,0000,District - Washim *  06,Total,5,26169,13823,12346,3050,1645,1405,3050,1645,1405,0,0,0,0,0,0,0,0,0,0,0,0
C3010,27,06,0000,District - Washim *  06,Total,6,22345,11443,10902,12039,6314,5725,12039,6314,5725,0,0,0,0,0,0,0,0,0,0,0,0
C3010,27,06,0000,District - Washim *  06,Total,7,19507,10087,9420,17119,8929,8190,17119,8929,8190,0,0,0,0,0,0,0,0,0,0,0,0
C3010,27,06,0000,District - Washim *  06,Total,8,24337,12747,11590,22765,12000,10765,22765,12000,10765,0,0,0,0,0,0,0,0,0,0,0,0
C3010,27,06,0000,District - Washim *  06,Total,9,24227,12315,11912,23183,11845,11338,23183,11845,11338,0,0,0,0,0,0,0,0,0,0,0,0
C3010,27,06,0000,District - Washim *  06,Total,10,32160,16801,15359,30109,15899,14210,30109,15899,14210,0,0,0,0,0,0,0,0,0,0,0,0
C3010,27,06,0000,District - Washim *  06,Total,11,24950,13241,11709,23586,12704,10882,23586,12704,10882,0,0,0,0,0,0,0,0,0,0,0,0
C3010,27,06,0000,District - Washim *  06,Total,12,29611,15654,13957,26312,14319,11993,26312,14319,11993,0,0,0,0,0,0,0,0,0,0,0,0
C3010,27,06,0000,District - Washim *  06,Total,13,22892,12024,10868,19894,10867,9027,19894,10867,9027,0,0,0,0,0,0,0,0,0,0,0,0
C3010,27,06,0000,District - Washim *  06,Total,14,23721,12683,11038,18758,10687,8071,18758,10687,8071,0,0,0,0,0,0,0,0,0,0,0,0
C3010,27,06,0000,District - Washim *  06,Total,15-19,101261,55828,45433,52740,33517,19223,45729,28789,16940,6253,4141,2112,595,478,117,158,107,51,5,2,3
C3010,27,06,0000,District - Washim *  06,Total,20-24,84182,45268,38914,12648,10274,2374,3710,3104,606,8396,6747,1649,471,381,90,60,39,21,11,3,8
C3010,27,06,0000,District - Washim *  06,Total,25-29,77272,38091,39181,1603,1402,201,0,0,0,1328,1182,146,186,164,22,65,50,15,24,6,18
C3010,27,06,0000,District - Washim *  06,Total,30-34,71869,35771,36098,218,175,43,0,0,0,137,120,17,39,32,7,26,19,7,16,4,12
C3010,27,06,0000,District - Washim *  06,Total,35-59,222056,115032,107024,187,121,66,0,0,0,52,41,11,56,36,20,34,24,10,45,20,25
C3010,27,06,0000,District - Washim *  06,Total,60+,100577,46227,54350,53,24,29,0,0,0,6,2,4,16,9,7,4,3,1,27,10,17
C3010,27,06,0000,District - Washim *  06,Total,Age not stated,1108,637,471,8,5,3,0,0,0,6,4,2,1,1,0,1,0,1,0,0,0
C3010,27,06,0000,District - Washim *  06,Rural,All ages,841771,433766,408005,217171,124323,92848,204768,114398,90370,11304,9083,2221,753,641,112,225,158,67,121,43,78
C3010,27,06,0000,District - Washim *  06,Rural,0-4,93435,48943,44492,2018,1026,992,2018,1026,992,0,0,0,0,0,0,0,0,0,0,0,0
C3010,27,06,0000,District - Washim *  06,Rural,5,21843,11481,10362,2626,1394,1232,2626,1394,1232,0,0,0,0,0,0,0,0,0,0,0,0
C3010,27,06,0000,District - Washim *  06,Rural,6,18463,9499,8964,10326,5429,4897,10326,5429,4897,0,0,0,0,0,0,0,0,0,0,0,0
C3010,27,06,0000,District - Washim *  06,Rural,7,15959,8230,7729,14169,7376,6793,14169,7376,6793,0,0,0,0,0,0,0,0,0,0,0,0
C3010,27,06,0000,District - Washim *  06,Rural,8,19790,10362,9428,18652,9833,8819,18652,9833,8819,0,0,0,0,0,0,0,0,0,0,0,0
C3010,27,06,0000,District - Washim *  06,Rural,9,20334,10309,10025,19515,9960,9555,19515,9960,9555,0,0,0,0,0,0,0,0,0,0,0,0
C3010,27,06,0000,District - Washim *  06,Rural,10,26495,13800,12695,24924,13137,11787,24924,13137,11787,0,0,0,0,0,0,0,0,0,0,0,0
C3010,27,06,0000,District - Washim *  06,Rural,11,20938,11114,9824,19812,10706,9106,19812,10706,9106,0,0,0,0,0,0,0,0,0,0,0,0
C3010,27,06,0000,District - Washim *  06,Rural,12,24154,12682,11472,21572,11682,9890,21572,11682,9890,0,0,0,0,0,0,0,0,0,0,0,0
C3010,27,06,0000,District - Washim *  06,Rural,13,18781,9870,8911,16346,8978,7368,16346,8978,7368,0,0,0,0,0,0,0,0,0,0,0,0
C3010,27,06,0000,District - Washim *  06,Rural,14,19344,10384,8960,15289,8814,6475,15289,8814,6475,0,0,0,0,0,0,0,0,0,0,0,0
C3010,27,06,0000,District - Washim *  06,Rural,15-19,82142,45570,36572,41569,27116,14453,36630,23584,13046,4522,3208,1314,314,259,55,98,63,35,5,2,3
C3010,27,06,0000,District - Washim *  06,Rural,20-24,68249,36698,31551,8892,7629,1263,2889,2479,410,5730,4917,813,229,206,23,34,25,9,10,2,8
C3010,27,06,0000,District - Washim *  06,Rural,25-29,63262,31205,32057,1122,1012,110,0,0,0,929,854,75,122,113,9,49,39,10,22,6,16
C3010,27,06,0000,District - Washim *  06,Rural,30-34,58865,29211,29654,156,130,26,0,0,0,88,80,8,32,28,4,22,18,4,14,4,10
C3010,27,06,0000,District - Washim *  06,Rural,35-59,182617,94136,88481,131,79,52,0,0,0,26,21,5,42,27,15,19,12,7,44,19,25
C3010,27,06,0000,District - Washim *  06,Rural,60+,86050,39670,46380,46,19,27,0,0,0,5,1,4,13,7,6,2,1,1,26,10,16
C3010,27,06,0000,District - Washim *  06,Rural,Age not stated,1050,602,448,6,3,3,0,0,0,4,2,2,1,1,0,1,0,1,0,0,0
C3010,27,06,0000,District - Washim *  06,Urban,All ages,178445,92328,86117,49353,27550,21803,43738,23850,19888,4874,3154,1720,611,460,151,123,84,39,7,2,5
C3010,27,06,0000,District - Washim *  06,Urban,0-4,18537,9479,9058,234,120,114,234,120,114,0,0,0,0,0,0,0,0,0,0,0,0
C3010,27,06,0000,District - Washim *  06,Urban,5,4326,2342,1984,424,251,173,424,251,173,0,0,0,0,0,0,0,0,0,0,0,0
C3010,27,06,0000,District - Washim *  06,Urban,6,3882,1944,1938,1713,885,828,1713,885,828,0,0,0,0,0,0,0,0,0,0,0,0
C3010,27,06,0000,District - Washim *  06,Urban,7,3548,1857,1691,2950,1553,1397,2950,1553,1397,0,0,0,0,0,0,0,0,0,0,0,0
C3010,27,06,0000,District - Washim *  06,Urban,8,4547,2385,2162,4113,2167,1946,4113,2167,1946,0,0,0,0,0,0,0,0,0,0,0,0
C3010,27,06,0000,District - Washim *  06,Urban,9,3893,2006,1887,3668,1885,1783,3668,1885,1783,0,0,0,0,0,0,0,0,0,0,0,0
C3010,27,06,0000,District - Washim *  06,Urban,10,5665,3001,2664,5185,2762,2423,5185,2762,2423,0,0,0,0,0,0,0,0,0,0,0,0
C3010,27,06,0000,District - Washim *  06,Urban,11,4012,2127,1885,3774,1998,1776,3774,1998,1776,0,0,0,0,0,0,0,0,0,0,0,0
C3010,27,06,0000,District - Washim *  06,Urban,12,5457,2972,2485,4740,2637,2103,4740,2637,2103,0,0,0,0,0,0,0,0,0,0,0,0
C3010,27,06,0000,District - Washim *  06,Urban,13,4111,2154,1957,3548,1889,1659,3548,1889,1659,0,0,0,0,0,0,0,0,0,0,0,0
C3010,27,06,0000,District - Washim *  06,Urban,14,4377,2299,2078,3469,1873,1596,3469,1873,1596,0,0,0,0,0,0,0,0,0,0,0,0
C3010,27,06,0000,District - Washim *  06,Urban,15-19,19119,10258,8861,11171,6401,4770,9099,5205,3894,1731,933,798,281,219,62,60,44,16,0,0,0
C3010,27,06,0000,District - Washim *  06,Urban,20-24,15933,8570,7363,3756,2645,1111,821,625,196,2666,1830,836,242,175,67,26,14,12,1,1,0
C3010,27,06,0000,District - Washim *  06,Urban,25-29,14010,6886,7124,481,390,91,0,0,0,399,328,71,64,51,13,16,11,5,2,0,2
C3010,27,06,0000,District - Washim *  06,Urban,30-34,13004,6560,6444,62,45,17,0,0,0,49,40,9,7,4,3,4,1,3,2,0,2
C3010,27,06,0000,District - Washim *  06,Urban,35-59,39439,20896,18543,56,42,14,0,0,0,26,20,6,14,9,5,15,12,3,1,1,0
C3010,27,06,0000,District - Washim *  06,Urban,60+,14527,6557,7970,7,5,2,0,0,0,1,1,0,3,2,1,2,2,0,1,0,1
C3010,27,06,0000,District - Washim *  06,Urban,Age not stated,58,35,23,2,2,0,0,0,0,2,2,0,0,0,0,0,0,0,0,0,0
C3010,27,07,0000,District - Amravati  07,Total,All ages,2607160,1345614,1261546,701872,371554,330318,628788,328698,300090,62102,36295,25807,6410,4540,1870,1194,736,458,3378,1285,2093
C3010,27,07,0000,District - Amravati  07,Total,0-4,252428,129620,122808,8025,3980,4045,8025,3980,4045,0,0,0,0,0,0,0,0,0,0,0,0
C3010,27,07,0000,District - Amravati  07,Total,5,55710,29029,26681,11042,5675,5367,11042,5675,5367,0,0,0,0,0,0,0,0,0,0,0,0
C3010,27,07,0000,District - Amravati  07,Total,6,49696,25680,24016,32492,16900,15592,32492,16900,15592,0,0,0,0,0,0,0,0,0,0,0,0
C3010,27,07,0000,District - Amravati  07,Total,7,46356,23806,22550,42453,21890,20563,42453,21890,20563,0,0,0,0,0,0,0,0,0,0,0,0
C3010,27,07,0000,District - Amravati  07,Total,8,56311,28957,27354,53113,27454,25659,53113,27454,25659,0,0,0,0,0,0,0,0,0,0,0,0
C3010,27,07,0000,District - Amravati  07,Total,9,54847,27909,26938,52639,26880,25759,52639,26880,25759,0,0,0,0,0,0,0,0,0,0,0,0
C3010,27,07,0000,District - Amravati  07,Total,10,72432,37533,34899,68305,35563,32742,68305,35563,32742,0,0,0,0,0,0,0,0,0,0,0,0
C3010,27,07,0000,District - Amravati  07,Total,11,57350,29640,27710,54732,28361,26371,54732,28361,26371,0,0,0,0,0,0,0,0,0,0,0,0
C3010,27,07,0000,District - Amravati  07,Total,12,69001,35891,33110,63123,32943,30180,63123,32943,30180,0,0,0,0,0,0,0,0,0,0,0,0
C3010,27,07,0000,District - Amravati  07,Total,13,54500,27611,26889,49375,25144,24231,49375,25144,24231,0,0,0,0,0,0,0,0,0,0,0,0
C3010,27,07,0000,District - Amravati  07,Total,14,59547,30576,28971,50467,26137,24330,50467,26137,24330,0,0,0,0,0,0,0,0,0,0,0,0
C3010,27,07,0000,District - Amravati  07,Total,15-19,266123,137767,128356,154850,81497,73353,130574,68953,61621,21059,10458,10601,2580,1715,865,562,347,215,75,24,51
C3010,27,07,0000,District - Amravati  07,Total,20-24,234721,126484,108237,50164,31845,18319,12448,8818,3630,34756,21019,13737,2415,1763,652,275,163,112,270,82,188
C3010,27,07,0000,District - Amravati  07,Total,25-29,210940,106405,104535,6800,5057,1743,0,0,0,5273,4085,1188,891,728,163,194,121,73,442,123,319
C3010,27,07,0000,District - Amravati  07,Total,30-34,191636,97194,94442,1430,827,603,0,0,0,562,425,137,192,130,62,66,44,22,610,228,382
C3010,27,07,0000,District - Amravati  07,Total,35-59,609697,321533,288164,2261,1063,1198,0,0,0,304,219,85,253,168,85,66,36,30,1638,640,998
C3010,27,07,0000,District - Amravati  07,Total,60+,260732,127021,133711,541,299,242,0,0,0,110,66,44,75,34,41,19,14,5,337,185,152
C3010,27,07,0000,District - Amravati  07,Total,Age not stated,5133,2958,2175,60,39,21,0,0,0,38,23,15,4,2,2,12,11,1,6,3,3
C3010,27,07,0000,District - Amravati  07,Rural,All ages,1707581,880387,827194,442709,235057,207652,409668,214989,194679,27017,16800,10217,2107,1577,530,683,464,219,3234,1227,2007
C3010,27,07,0000,District - Amravati  07,Rural,0-4,173573,88958,84615,5249,2556,2693,5249,2556,2693,0,0,0,0,0,0,0,0,0,0,0,0
C3010,27,07,0000,District - Amravati  07,Rural,5,38032,19698,18334,6783,3512,3271,6783,3512,3271,0,0,0,0,0,0,0,0,0,0,0,0
C3010,27,07,0000,District - Amravati  07,Rural,6,34047,17596,16451,22918,11975,10943,22918,11975,10943,0,0,0,0,0,0,0,0,0,0,0,0
C3010,27,07,0000,District - Amravati  07,Rural,7,30130,15512,14618,27542,14275,13267,27542,14275,13267,0,0,0,0,0,0,0,0,0,0,0,0
C3010,27,07,0000,District - Amravati  07,Rural,8,37095,18939,18156,34773,17899,16874,34773,17899,16874,0,0,0,0,0,0,0,0,0,0,0,0
C3010,27,07,0000,District - Amravati  07,Rural,9,37947,19285,18662,36314,18568,17746,36314,18568,17746,0,0,0,0,0,0,0,0,0,0,0,0
C3010,27,07,0000,District - Amravati  07,Rural,10,48013,24931,23082,45004,23568,21436,45004,23568,21436,0,0,0,0,0,0,0,0,0,0,0,0
C3010,27,07,0000,District - Amravati  07,Rural,11,38800,19997,18803,36899,19125,17774,36899,19125,17774,0,0,0,0,0,0,0,0,0,0,0,0
C3010,27,07,0000,District - Amravati  07,Rural,12,45157,23385,21772,41117,21483,19634,41117,21483,19634,0,0,0,0,0,0,0,0,0,0,0,0
C3010,27,07,0000,District - Amravati  07,Rural,13,35759,18062,17697,32203,16444,15759,32203,16444,15759,0,0,0,0,0,0,0,0,0,0,0,0
C3010,27,07,0000,District - Amravati  07,Rural,14,38883,19934,18949,32763,17081,15682,32763,17081,15682,0,0,0,0,0,0,0,0,0,0,0,0
C3010,27,07,0000,District - Amravati  07,Rural,15-19,169434,87614,81820,92696,49494,43202,80846,43171,37675,10514,5429,5085,909,641,268,364,235,129,63,18,45
C3010,27,07,0000,District - Amravati  07,Rural,20-24,145824,79493,66331,22316,15344,6972,7257,5332,1925,13940,9248,4692,731,589,142,134,100,34,254,75,179
C3010,27,07,0000,District - Amravati  07,Rural,25-29,133701,67829,65872,2943,2230,713,0,0,0,2175,1821,354,255,230,25,88,61,27,425,118,307
C3010,27,07,0000,District - Amravati  07,Rural,30-34,122449,61819,60630,898,468,430,0,0,0,218,184,34,59,41,18,33,24,9,588,219,369
C3010,27,07,0000,District - Amravati  07,Rural,35-59,390337,205047,185290,1831,780,1051,0,0,0,105,82,23,96,50,46,40,25,15,1590,623,967
C3010,27,07,0000,District - Amravati  07,Rural,60+,184650,90095,94555,426,230,196,0,0,0,49,26,23,55,25,30,13,8,5,309,171,138
C3010,27,07,0000,District - Amravati  07,Rural,Age not stated,3750,2193,1557,34,25,9,0,0,0,16,10,6,2,1,1,11,11,0,5,3,2
C3010,27,07,0000,District - Amravati  07,Urban,All ages,899579,465227,434352,259163,136497,122666,219120,113709,105411,35085,19495,15590,4303,2963,1340,511,272,239,144,58,86
C3010,27,07,0000,District - Amravati  07,Urban,0-4,78855,40662,38193,2776,1424,1352,2776,1424,1352,0,0,0,0,0,0,0,0,0,0,0,0
C3010,27,07,0000,District - Amravati  07,Urban,5,17678,9331,8347,4259,2163,2096,4259,2163,2096,0,0,0,0,0,0,0,0,0,0,0,0
C3010,27,07,0000,District - Amravati  07,Urban,6,15649,8084,7565,9574,4925,4649,9574,4925,4649,0,0,0,0,0,0,0,0,0,0,0,0
C3010,27,07,0000,District - Amravati  07,Urban,7,16226,8294,7932,14911,7615,7296,14911,7615,7296,0,0,0,0,0,0,0,0,0,0,0,0
C3010,27,07,0000,District - Amravati  07,Urban,8,19216,10018,9198,18340,9555,8785,18340,9555,8785,0,0,0,0,0,0,0,0,0,0,0,0
C3010,27,07,0000,District - Amravati  07,Urban,9,16900,8624,8276,16325,8312,8013,16325,8312,8013,0,0,0,0,0,0,0,0,0,0,0,0
C3010,27,07,0000,District - Amravati  07,Urban,10,24419,12602,11817,23301,11995,11306,23301,11995,11306,0,0,0,0,0,0,0,0,0,0,0,0
C3010,27,07,0000,District - Amravati  07,Urban,11,18550,9643,8907,17833,9236,8597,17833,9236,8597,0,0,0,0,0,0,0,0,0,0,0,0
C3010,27,07,0000,District - Amravati  07,Urban,12,23844,12506,11338,22006,11460,10546,22006,11460,10546,0,0,0,0,0,0,0,0,0,0,0,0
C3010,27,07,0000,District - Amravati  07,Urban,13,18741,9549,9192,17172,8700,8472,17172,8700,8472,0,0,0,0,0,0,0,0,0,0,0,0
C3010,27,07,0000,District - Amravati  07,Urban,14,20664,10642,10022,17704,9056,8648,17704,9056,8648,0,0,0,0,0,0,0,0,0,0,0,0
C3010,27,07,0000,District - Amravati  07,Urban,15-19,96689,50153,46536,62154,32003,30151,49728,25782,23946,10545,5029,5516,1671,1074,597,198,112,86,12,6,6
C3010,27,07,0000,District - Amravati  07,Urban,20-24,88897,46991,41906,27848,16501,11347,5191,3486,1705,20816,11771,9045,1684,1174,510,141,63,78,16,7,9
C3010,27,07,0000,District - Amravati  07,Urban,25-29,77239,38576,38663,3857,2827,1030,0,0,0,3098,2264,834,636,498,138,106,60,46,17,5,12
C3010,27,07,0000,District - Amravati  07,Urban,30-34,69187,35375,33812,532,359,173,0,0,0,344,241,103,133,89,44,33,20,13,22,9,13
C3010,27,07,0000,District - Amravati  07,Urban,35-59,219360,116486,102874,430,283,147,0,0,0,199,137,62,157,118,39,26,11,15,48,17,31
C3010,27,07,0000,District - Amravati  07,Urban,60+,76082,36926,39156,115,69,46,0,0,0,61,40,21,20,9,11,6,6,0,28,14,14
C3010,27,07,0000,District - Amravati  07,Urban,Age not stated,1383,765,618,26,14,12,0,0,0,22,13,9,2,1,1,1,0,1,1,0,1
C3010,27,08,0000,District - Wardha  08,Total,All ages,1236736,638990,597746,318515,167784,150731,280665,144972,135693,32866,19594,13272,4125,2744,1381,531,301,230,328,173,155
C3010,27,08,0000,District - Wardha  08,Total,0-4,109409,56593,52816,4021,2055,1966,4021,2055,1966,0,0,0,0,0,0,0,0,0,0,0,0
C3010,27,08,0000,District - Wardha  08,Total,5,25334,13356,11978,4539,2385,2154,4539,2385,2154,0,0,0,0,0,0,0,0,0,0,0,0
C3010,27,08,0000,District - Wardha  08,Total,6,20869,10755,10114,10445,5414,5031,10445,5414,5031,0,0,0,0,0,0,0,0,0,0,0,0
C3010,27,08,0000,District - Wardha  08,Total,7,21874,11177,10697,19630,10082,9548,19630,10082,9548,0,0,0,0,0,0,0,0,0,0,0,0
C3010,27,08,0000,District - Wardha  08,Total,8,23318,12134,11184,21953,11453,10500,21953,11453,10500,0,0,0,0,0,0,0,0,0,0,0,0
C3010,27,08,0000,District - Wardha  08,Total,9,22997,11625,11372,22163,11209,10954,22163,11209,10954,0,0,0,0,0,0,0,0,0,0,0,0
C3010,27,08,0000,District - Wardha  08,Total,10,30146,15678,14468,28541,14890,13651,28541,14890,13651,0,0,0,0,0,0,0,0,0,0,0,0
C3010,27,08,0000,District - Wardha  08,Total,11,24208,12402,11806,23411,11991,11420,23411,11991,11420,0,0,0,0,0,0,0,0,0,0,0,0
C3010,27,08,0000,District - Wardha  08,Total,12,29837,15340,14497,27888,14317,13571,27888,14317,13571,0,0,0,0,0,0,0,0,0,0,0,0
C3010,27,08,0000,District - Wardha  08,Total,13,24602,12350,12252,23002,11526,11476,23002,11526,11476,0,0,0,0,0,0,0,0,0,0,0,0
C3010,27,08,0000,District - Wardha  08,Total,14,26759,13487,13272,23925,11972,11953,23925,11972,11953,0,0,0,0,0,0,0,0,0,0,0,0
C3010,27,08,0000,District - Wardha  08,Total,15-19,127041,65781,61260,78824,40709,38115,65473,33713,31760,11659,5963,5696,1466,937,529,215,92,123,11,4,7
C3010,27,08,0000,District - Wardha  08,Total,20-24,113211,61077,52134,25705,16469,9236,5674,3965,1709,18117,11239,6878,1754,1175,579,130,75,55,30,15,15
C3010,27,08,0000,District - Wardha  08,Total,25-29,104311,52976,51335,3499,2669,830,0,0,0,2660,2088,572,687,474,213,112,81,31,40,26,14
C3010,27,08,0000,District - Wardha  08,Total,30-34,93973,48752,45221,466,324,142,0,0,0,277,209,68,91,67,24,27,21,6,71,27,44
C3010,27,08,0000,District - Wardha  08,Total,35-59,302350,159317,143033,367,230,137,0,0,0,109,68,41,87,61,26,40,28,12,131,73,58
C3010,27,08,0000,District - Wardha  08,Total,60+,135153,65455,69698,101,62,39,0,0,0,27,18,9,22,12,10,7,4,3,45,28,17
C3010,27,08,0000,District - Wardha  08,Total,Age not stated,1344,735,609,35,27,8,0,0,0,17,9,8,18,18,0,0,0,0,0,0,0
C3010,27,08,0000,District - Wardha  08,Rural,All ages,911695,470610,441085,226779,119354,107425,204916,105796,99120,18763,11710,7053,2429,1491,938,378,207,171,293,150,143
C3010,27,08,0000,District - Wardha  08,Rural,0-4,83216,42788,40428,3002,1502,1500,3002,1502,1500,0,0,0,0,0,0,0,0,0,0,0,0
C3010,27,08,0000,District - Wardha  08,Rural,5,19332,10129,9203,3117,1647,1470,3117,1647,1470,0,0,0,0,0,0,0,0,0,0,0,0
C3010,27,08,0000,District - Wardha  08,Rural,6,15891,8189,7702,7840,4054,3786,7840,4054,3786,0,0,0,0,0,0,0,0,0,0,0,0
C3010,27,08,0000,District - Wardha  08,Rural,7,16329,8337,7992,14514,7447,7067,14514,7447,7067,0,0,0,0,0,0,0,0,0,0,0,0
C3010,27,08,0000,District - Wardha  08,Rural,8,17465,9021,8444,16387,8477,7910,16387,8477,7910,0,0,0,0,0,0,0,0,0,0,0,0
C3010,27,08,0000,District - Wardha  08,Rural,9,17590,8890,8700,16928,8568,8360,16928,8568,8360,0,0,0,0,0,0,0,0,0,0,0,0
C3010,27,08,0000,District - Wardha  08,Rural,10,22477,11687,10790,21169,11050,10119,21169,11050,10119,0,0,0,0,0,0,0,0,0,0,0,0
C3010,27,08,0000,District - Wardha  08,Rural,11,18096,9261,8835,17472,8943,8529,17472,8943,8529,0,0,0,0,0,0,0,0,0,0,0,0
C3010,27,08,0000,District - Wardha  08,Rural,12,22082,11350,10732,20543,10555,9988,20543,10555,9988,0,0,0,0,0,0,0,0,0,0,0,0
C3010,27,08,0000,District - Wardha  08,Rural,13,18259,9157,9102,16999,8525,8474,16999,8525,8474,0,0,0,0,0,0,0,0,0,0,0,0
C3010,27,08,0000,District - Wardha  08,Rural,14,19881,9939,9942,17603,8733,8870,17603,8733,8870,0,0,0,0,0,0,0,0,0,0,0,0
C3010,27,08,0000,District - Wardha  08,Rural,15-19,92263,47829,44434,54151,28155,25996,45865,23732,22133,7230,3818,3412,866,530,336,179,71,108,11,4,7
C3010,27,08,0000,District - Wardha  08,Rural,20-24,80684,44064,36620,14541,9824,4717,3477,2563,914,9908,6565,3343,1052,642,410,80,44,36,24,10,14
C3010,27,08,0000,District - Wardha  08,Rural,25-29,75011,38075,36936,1871,1459,412,0,0,0,1397,1162,235,375,223,152,62,50,12,37,24,13
C3010,27,08,0000,District - Wardha  08,Rural,30-34,67943,35168,32775,273,181,92,0,0,0,142,110,32,47,33,14,22,17,5,62,21,41
C3010,27,08,0000,District - Wardha  08,Rural,35-59,218750,114798,103952,260,159,101,0,0,0,57,35,22,53,37,16,30,22,8,120,65,55
C3010,27,08,0000,District - Wardha  08,Rural,60+,105271,51302,53969,81,52,29,0,0,0,16,12,4,21,11,10,5,3,2,39,26,13
C3010,27,08,0000,District - Wardha  08,Rural,Age not stated,1155,626,529,28,23,5,0,0,0,13,8,5,15,15,0,0,0,0,0,0,0
C3010,27,08,0000,District - Wardha  08,Urban,All ages,325041,168380,156661,91736,48430,43306,75749,39176,36573,14103,7884,6219,1696,1253,443,153,94,59,35,23,12
C3010,27,08,0000,District - Wardha  08,Urban,0-4,26193,13805,12388,1019,553,466,1019,553,466,0,0,0,0,0,0,0,0,0,0,0,0
C3010,27,08,0000,District - Wardha  08,Urban,5,6002,3227,2775,1422,738,684,1422,738,684,0,0,0,0,0,0,0,0,0,0,0,0
C3010,27,08,0000,District - Wardha  08,Urban,6,4978,2566,2412,2605,1360,1245,2605,1360,1245,0,0,0,0,0,0,0,0,0,0,0,0
C3010,27,08,0000,District - Wardha  08,Urban,7,5545,2840,2705,5116,2635,2481,5116,2635,2481,0,0,0,0,0,0,0,0,0,0,0,0
C3010,27,08,0000,District - Wardha  08,Urban,8,5853,3113,2740,5566,2976,2590,5566,2976,2590,0,0,0,0,0,0,0,0,0,0,0,0
C3010,27,08,0000,District - Wardha  08,Urban,9,5407,2735,2672,5235,2641,2594,5235,2641,2594,0,0,0,0,0,0,0,0,0,0,0,0
C3010,27,08,0000,District - Wardha  08,Urban,10,7669,3991,3678,7372,3840,3532,7372,3840,3532,0,0,0,0,0,0,0,0,0,0,0,0
C3010,27,08,0000,District - Wardha  08,Urban,11,6112,3141,2971,5939,3048,2891,5939,3048,2891,0,0,0,0,0,0,0,0,0,0,0,0
C3010,27,08,0000,District - Wardha  08,Urban,12,7755,3990,3765,7345,3762,3583,7345,3762,3583,0,0,0,0,0,0,0,0,0,0,0,0
C3010,27,08,0000,District - Wardha  08,Urban,13,6343,3193,3150,6003,3001,3002,6003,3001,3002,0,0,0,0,0,0,0,0,0,0,0,0
C3010,27,08,0000,District - Wardha  08,Urban,14,6878,3548,3330,6322,3239,3083,6322,3239,3083,0,0,0,0,0,0,0,0,0,0,0,0
C3010,27,08,0000,District - Wardha  08,Urban,15-19,34778,17952,16826,24673,12554,12119,19608,9981,9627,4429,2145,2284,600,407,193,36,21,15,0,0,0
C3010,27,08,0000,District - Wardha  08,Urban,20-24,32527,17013,15514,11164,6645,4519,2197,1402,795,8209,4674,3535,702,533,169,50,31,19,6,5,1
C3010,27,08,0000,District - Wardha  08,Urban,25-29,29300,14901,14399,1628,1210,418,0,0,0,1263,926,337,312,251,61,50,31,19,3,2,1
C3010,27,08,0000,District - Wardha  08,Urban,30-34,26030,13584,12446,193,143,50,0,0,0,135,99,36,44,34,10,5,4,1,9,6,3
C3010,27,08,0000,District - Wardha  08,Urban,35-59,83600,44519,39081,107,71,36,0,0,0,52,33,19,34,24,10,10,6,4,11,8,3
C3010,27,08,0000,District - Wardha  08,Urban,60+,29882,14153,15729,20,10,10,0,0,0,11,6,5,1,1,0,2,1,1,6,2,4
C3010,27,08,0000,District - Wardha  08,Urban,Age not stated,189,109,80,7,4,3,0,0,0,4,1,3,3,3,0,0,0,0,0,0,0
C3010,27,09,0000,District - Nagpur  09,Total,All ages,4067637,2105314,1962323,1128838,591782,537056,963162,498935,464227,128542,73201,55341,19273,13052,6221,2467,1452,1015,15394,5142,10252
C3010,27,09,0000,District - Nagpur  09,Total,0-4,370859,190454,180405,18328,9311,9017,18328,9311,9017,0,0,0,0,0,0,0,0,0,0,0,0
C3010,27,09,0000,District - Nagpur  09,Total,5,85004,44613,40391,23116,12130,10986,23116,12130,10986,0,0,0,0,0,0,0,0,0,0,0,0
C3010,27,09,0000,District - Nagpur  09,Total,6,69987,35756,34231,40607,20708,19899,40607,20708,19899,0,0,0,0,0,0,0,0,0,0,0,0
C3010,27,09,0000,District - Nagpur  09,Total,7,77024,39184,37840,69824,35678,34146,69824,35678,34146,0,0,0,0,0,0,0,0,0,0,0,0
C3010,27,09,0000,District - Nagpur  09,Total,8,84037,43487,40550,79399,41193,38206,79399,41193,38206,0,0,0,0,0,0,0,0,0,0,0,0
C3010,27,09,0000,District - Nagpur  09,Total,9,74585,37829,36756,71805,36462,35343,71805,36462,35343,0,0,0,0,0,0,0,0,0,0,0,0
C3010,27,09,0000,District - Nagpur  09,Total,10,106534,55294,51240,101052,52595,48457,101052,52595,48457,0,0,0,0,0,0,0,0,0,0,0,0
C3010,27,09,0000,District - Nagpur  09,Total,11,79201,41115,38086,76544,39735,36809,76544,39735,36809,0,0,0,0,0,0,0,0,0,0,0,0
C3010,27,09,0000,District - Nagpur  09,Total,12,103508,54048,49460,96694,50385,46309,96694,50385,46309,0,0,0,0,0,0,0,0,0,0,0,0
C3010,27,09,0000,District - Nagpur  09,Total,13,81974,41222,40752,76152,38217,37935,76152,38217,37935,0,0,0,0,0,0,0,0,0,0,0,0
C3010,27,09,0000,District - Nagpur  09,Total,14,87738,44922,42816,77441,39368,38073,77441,39368,38073,0,0,0,0,0,0,0,0,0,0,0,0
C3010,27,09,0000,District - Nagpur  09,Total,15-19,416361,217017,199344,263309,136427,126882,213277,110460,102817,42130,21155,20975,6954,4328,2626,768,399,369,180,85,95
C3010,27,09,0000,District - Nagpur  09,Total,20-24,400847,211683,189164,101752,61782,39970,18923,12693,6230,73531,42850,30681,7865,5530,2335,623,358,265,810,351,459
C3010,27,09,0000,District - Nagpur  09,Total,25-29,370307,189475,180832,16200,11080,5120,0,0,0,10635,7692,2943,3186,2395,791,629,428,201,1750,565,1185
C3010,27,09,0000,District - Nagpur  09,Total,30-34,327439,171043,156396,5009,2285,2724,0,0,0,1237,863,374,592,384,208,199,124,75,2981,914,2067
C3010,27,09,0000,District - Nagpur  09,Total,35-59,989717,525183,464534,10621,3908,6713,0,0,0,765,485,280,581,358,223,217,130,87,9058,2935,6123
C3010,27,09,0000,District - Nagpur  09,Total,60+,338049,160457,177592,874,442,432,0,0,0,148,87,61,88,55,33,29,11,18,609,289,320
C3010,27,09,0000,District - Nagpur  09,Total,Age not stated,4466,2532,1934,111,76,35,0,0,0,96,69,27,7,2,5,2,2,0,6,3,3
C3010,27,09,0000,District - Nagpur  09,Rural,All ages,1453886,751516,702370,382067,198728,183339,342457,177691,164766,21149,13753,7396,3130,2051,1079,415,240,175,14916,4993,9923
C3010,27,09,0000,District - Nagpur  09,Rural,0-4,142583,72845,69738,7080,3544,3536,7080,3544,3536,0,0,0,0,0,0,0,0,0,0,0,0
C3010,27,09,0000,District - Nagpur  09,Rural,5,32300,16689,15611,7105,3679,3426,7105,3679,3426,0,0,0,0,0,0,0,0,0,0,0,0
C3010,27,09,0000,District - Nagpur  09,Rural,6,27304,13880,13424,15636,7992,7644,15636,7992,7644,0,0,0,0,0,0,0,0,0,0,0,0
C3010,27,09,0000,District - Nagpur  09,Rural,7,28101,14289,13812,24711,12665,12046,24711,12665,12046,0,0,0,0,0,0,0,0,0,0,0,0
C3010,27,09,0000,District - Nagpur  09,Rural,8,30305,15448,14857,27991,14347,13644,27991,14347,13644,0,0,0,0,0,0,0,0,0,0,0,0
C3010,27,09,0000,District - Nagpur  09,Rural,9,29414,14876,14538,28048,14231,13817,28048,14231,13817,0,0,0,0,0,0,0,0,0,0,0,0
C3010,27,09,0000,District - Nagpur  09,Rural,10,38029,19411,18618,35330,18149,17181,35330,18149,17181,0,0,0,0,0,0,0,0,0,0,0,0
C3010,27,09,0000,District - Nagpur  09,Rural,11,29895,15490,14405,28714,14914,13800,28714,14914,13800,0,0,0,0,0,0,0,0,0,0,0,0
C3010,27,09,0000,District - Nagpur  09,Rural,12,37358,19306,18052,34245,17756,16489,34245,17756,16489,0,0,0,0,0,0,0,0,0,0,0,0
C3010,27,09,0000,District - Nagpur  09,Rural,13,30709,15374,15335,28144,14151,13993,28144,14151,13993,0,0,0,0,0,0,0,0,0,0,0,0
C3010,27,09,0000,District - Nagpur  09,Rural,14,32646,16649,15997,28329,14415,13914,28329,14415,13914,0,0,0,0,0,0,0,0,0,0,0,0
C3010,27,09,0000,District - Nagpur  09,Rural,15-19,147393,76055,71338,81088,42892,38196,71475,37624,33851,8040,4396,3644,1243,725,518,165,72,93,165,75,90
C3010,27,09,0000,District - Nagpur  09,Rural,20-24,131370,71582,59788,19167,13363,5804,5649,4224,1425,11340,7840,3500,1284,885,399,122,78,44,772,336,436
C3010,27,09,0000,District - Nagpur  09,Rural,25-29,122850,64594,58256,3645,2224,1421,0,0,0,1508,1316,192,360,301,59,79,60,19,1698,547,1151
C3010,27,09,0000,District - Nagpur  09,Rural,30-34,109449,57045,52404,3173,1092,2081,0,0,0,158,132,26,81,49,32,21,13,8,2913,898,2015
C3010,27,09,0000,District - Nagpur  09,Rural,35-59,338468,177911,160557,9019,2995,6024,0,0,0,65,45,20,132,72,60,19,12,7,8803,2866,5937
C3010,27,09,0000,District - Nagpur  09,Rural,60+,143492,68792,74700,620,304,316,0,0,0,23,12,11,29,19,10,8,4,4,560,269,291
C3010,27,09,0000,District - Nagpur  09,Rural,Age not stated,2220,1280,940,22,15,7,0,0,0,15,12,3,1,0,1,1,1,0,5,2,3
C3010,27,09,0000,District - Nagpur  09,Urban,All ages,2613751,1353798,1259953,746771,393054,353717,620705,321244,299461,107393,59448,47945,16143,11001,5142,2052,1212,840,478,149,329
C3010,27,09,0000,District - Nagpur  09,Urban,0-4,228276,117609,110667,11248,5767,5481,11248,5767,5481,0,0,0,0,0,0,0,0,0,0,0,0
C3010,27,09,0000,District - Nagpur  09,Urban,5,52704,27924,24780,16011,8451,7560,16011,8451,7560,0,0,0,0,0,0,0,0,0,0,0,0
C3010,27,09,0000,District - Nagpur  09,Urban,6,42683,21876,20807,24971,12716,12255,24971,12716,12255,0,0,0,0,0,0,0,0,0,0,0,0
C3010,27,09,0000,District - Nagpur  09,Urban,7,48923,24895,24028,45113,23013,22100,45113,23013,22100,0,0,0,0,0,0,0,0,0,0,0,0
C3010,27,09,0000,District - Nagpur  09,Urban,8,53732,28039,25693,51408,26846,24562,51408,26846,24562,0,0,0,0,0,0,0,0,0,0,0,0
C3010,27,09,0000,District - Nagpur  09,Urban,9,45171,22953,22218,43757,22231,21526,43757,22231,21526,0,0,0,0,0,0,0,0,0,0,0,0
C3010,27,09,0000,District - Nagpur  09,Urban,10,68505,35883,32622,65722,34446,31276,65722,34446,31276,0,0,0,0,0,0,0,0,0,0,0,0
C3010,27,09,0000,District - Nagpur  09,Urban,11,49306,25625,23681,47830,24821,23009,47830,24821,23009,0,0,0,0,0,0,0,0,0,0,0,0
C3010,27,09,0000,District - Nagpur  09,Urban,12,66150,34742,31408,62449,32629,29820,62449,32629,29820,0,0,0,0,0,0,0,0,0,0,0,0
C3010,27,09,0000,District - Nagpur  09,Urban,13,51265,25848,25417,48008,24066,23942,48008,24066,23942,0,0,0,0,0,0,0,0,0,0,0,0
C3010,27,09,0000,District - Nagpur  09,Urban,14,55092,28273,26819,49112,24953,24159,49112,24953,24159,0,0,0,0,0,0,0,0,0,0,0,0
C3010,27,09,0000,District - Nagpur  09,Urban,15-19,268968,140962,128006,182221,93535,88686,141802,72836,68966,34090,16759,17331,5711,3603,2108,603,327,276,15,10,5
C3010,27,09,0000,District - Nagpur  09,Urban,20-24,269477,140101,129376,82585,48419,34166,13274,8469,4805,62191,35010,27181,6581,4645,1936,501,280,221,38,15,23
C3010,27,09,0000,District - Nagpur  09,Urban,25-29,247457,124881,122576,12555,8856,3699,0,0,0,9127,6376,2751,2826,2094,732,550,368,182,52,18,34
C3010,27,09,0000,District - Nagpur  09,Urban,30-34,217990,113998,103992,1836,1193,643,0,0,0,1079,731,348,511,335,176,178,111,67,68,16,52
C3010,27,09,0000,District - Nagpur  09,Urban,35-59,651249,347272,303977,1602,913,689,0,0,0,700,440,260,449,286,163,198,118,80,255,69,186
C3010,27,09,0000,District - Nagpur  09,Urban,60+,194557,91665,102892,254,138,116,0,0,0,125,75,50,59,36,23,21,7,14,49,20,29
C3010,27,09,0000,District - Nagpur  09,Urban,Age not stated,2246,1252,994,89,61,28,0,0,0,81,57,24,6,2,4,1,1,0,1,1,0
C3010,27,10,0000,District - Bhandara  10,Total,All ages,1136146,573445,562701,313809,163226,150583,283796,145462,138334,22950,14530,8420,2330,1722,608,412,305,107,4321,1207,3114
C3010,27,10,0000,District - Bhandara  10,Total,0-4,108444,55320,53124,7187,3593,3594,7187,3593,3594,0,0,0,0,0,0,0,0,0,0,0,0
C3010,27,10,0000,District - Bhandara  10,Total,5,24264,12622,11642,7165,3729,3436,7165,3729,3436,0,0,0,0,0,0,0,0,0,0,0,0
C3010,27,10,0000,District - Bhandara  10,Total,6,21343,10807,10536,13912,7157,6755,13912,7157,6755,0,0,0,0,0,0,0,0,0,0,0,0
C3010,27,10,0000,District - Bhandara  10,Total,7,20611,10416,10195,19344,9790,9554,19344,9790,9554,0,0,0,0,0,0,0,0,0,0,0,0
C3010,27,10,0000,District - Bhandara  10,Total,8,22347,11513,10834,21710,11177,10533,21710,11177,10533,0,0,0,0,0,0,0,0,0,0,0,0
C3010,27,10,0000,District - Bhandara  10,Total,9,21739,11041,10698,21275,10800,10475,21275,10800,10475,0,0,0,0,0,0,0,0,0,0,0,0
C3010,27,10,0000,District - Bhandara  10,Total,10,27012,14030,12982,26268,13606,12662,26268,13606,12662,0,0,0,0,0,0,0,0,0,0,0,0
C3010,27,10,0000,District - Bhandara  10,Total,11,23857,12156,11701,23344,11862,11482,23344,11862,11482,0,0,0,0,0,0,0,0,0,0,0,0
C3010,27,10,0000,District - Bhandara  10,Total,12,28359,14561,13798,27204,13875,13329,27204,13875,13329,0,0,0,0,0,0,0,0,0,0,0,0
C3010,27,10,0000,District - Bhandara  10,Total,13,24537,12247,12290,23382,11572,11810,23382,11572,11810,0,0,0,0,0,0,0,0,0,0,0,0
C3010,27,10,0000,District - Bhandara  10,Total,14,25268,12718,12550,23049,11458,11591,23049,11458,11591,0,0,0,0,0,0,0,0,0,0,0,0
C3010,27,10,0000,District - Bhandara  10,Total,15-19,118205,60083,58122,72491,37244,35247,64229,32772,31457,7227,3820,3407,819,540,279,115,71,44,101,41,60
C3010,27,10,0000,District - Bhandara  10,Total,20-24,101237,53331,47906,20255,13572,6683,5727,4071,1656,13128,8592,4536,925,712,213,77,56,21,398,141,257
C3010,27,10,0000,District - Bhandara  10,Total,25-29,91039,46852,44187,3642,2515,1127,0,0,0,2237,1848,389,431,360,71,96,77,19,878,230,648
C3010,27,10,0000,District - Bhandara  10,Total,30-34,83457,42608,40849,1651,622,1029,0,0,0,239,194,45,71,55,16,40,31,9,1301,342,959
C3010,27,10,0000,District - Bhandara  10,Total,35-59,294248,148459,145789,1848,610,1238,0,0,0,108,69,39,63,44,19,79,66,13,1598,431,1167
C3010,27,10,0000,District - Bhandara  10,Total,60+,99820,44482,55338,77,41,36,0,0,0,10,7,3,18,8,10,5,4,1,44,22,22
C3010,27,10,0000,District - Bhandara  10,Total,Age not stated,359,199,160,5,3,2,0,0,0,1,0,1,3,3,0,0,0,0,1,0,1
C3010,27,10,0000,District - Bhandara  10,Rural,All ages,960418,483768,476650,259440,134627,124813,238012,121630,116382,15319,10416,4903,1498,1139,359,323,244,79,4288,1198,3090
C3010,27,10,0000,District - Bhandara  10,Rural,0-4,94244,48003,46241,6514,3248,3266,6514,3248,3266,0,0,0,0,0,0,0,0,0,0,0,0
C3010,27,10,0000,District - Bhandara  10,Rural,5,20964,10871,10093,6090,3169,2921,6090,3169,2921,0,0,0,0,0,0,0,0,0,0,0,0
C3010,27,10,0000,District - Bhandara  10,Rural,6,18495,9396,9099,12089,6226,5863,12089,6226,5863,0,0,0,0,0,0,0,0,0,0,0,0
C3010,27,10,0000,District - Bhandara  10,Rural,7,17462,8801,8661,16374,8281,8093,16374,8281,8093,0,0,0,0,0,0,0,0,0,0,0,0
C3010,27,10,0000,District - Bhandara  10,Rural,8,18825,9638,9187,18295,9357,8938,18295,9357,8938,0,0,0,0,0,0,0,0,0,0,0,0
C3010,27,10,0000,District - Bhandara  10,Rural,9,18719,9513,9206,18308,9297,9011,18308,9297,9011,0,0,0,0,0,0,0,0,0,0,0,0
C3010,27,10,0000,District - Bhandara  10,Rural,10,22466,11617,10849,21831,11255,10576,21831,11255,10576,0,0,0,0,0,0,0,0,0,0,0,0
C3010,27,10,0000,District - Bhandara  10,Rural,11,20352,10319,10033,19896,10064,9832,19896,10064,9832,0,0,0,0,0,0,0,0,0,0,0,0
C3010,27,10,0000,District - Bhandara  10,Rural,12,23877,12228,11649,22888,11645,11243,22888,11645,11243,0,0,0,0,0,0,0,0,0,0,0,0
C3010,27,10,0000,District - Bhandara  10,Rural,13,20738,10327,10411,19726,9734,9992,19726,9734,9992,0,0,0,0,0,0,0,0,0,0,0,0
C3010,27,10,0000,District - Bhandara  10,Rural,14,21259,10630,10629,19265,9510,9755,19265,9510,9755,0,0,0,0,0,0,0,0,0,0,0,0
C3010,27,10,0000,District - Bhandara  10,Rural,15-19,99151,50341,48810,58289,30047,28242,52423,26703,25720,5159,2899,2260,516,351,165,90,53,37,101,41,60
C3010,27,10,0000,District - Bhandara  10,Rural,20-24,83523,44187,39336,13797,9797,4000,4313,3141,1172,8448,6012,2436,594,467,127,52,38,14,390,139,251
C3010,27,10,0000,District - Bhandara  10,Rural,25-29,75638,39061,36577,2702,1852,850,0,0,0,1499,1333,166,265,232,33,67,58,9,871,229,642
C3010,27,10,0000,District - Bhandara  10,Rural,30-34,69794,35565,34229,1534,542,992,0,0,0,147,129,18,54,43,11,37,29,8,1296,341,955
C3010,27,10,0000,District - Bhandara  10,Rural,35-59,248139,124506,123633,1774,569,1205,0,0,0,63,41,22,51,37,14,72,62,10,1588,429,1159
C3010,27,10,0000,District - Bhandara  10,Rural,60+,86496,38611,47885,65,32,33,0,0,0,3,2,1,16,7,9,5,4,1,41,19,22
C3010,27,10,0000,District - Bhandara  10,Rural,Age not stated,276,154,122,3,2,1,0,0,0,0,0,0,2,2,0,0,0,0,1,0,1
C3010,27,10,0000,District - Bhandara  10,Urban,All ages,175728,89677,86051,54369,28599,25770,45784,23832,21952,7631,4114,3517,832,583,249,89,61,28,33,9,24
C3010,27,10,0000,District - Bhandara  10,Urban,0-4,14200,7317,6883,673,345,328,673,345,328,0,0,0,0,0,0,0,0,0,0,0,0
C3010,27,10,0000,District - Bhandara  10,Urban,5,3300,1751,1549,1075,560,515,1075,560,515,0,0,0,0,0,0,0,0,0,0,0,0
C3010,27,10,0000,District - Bhandara  10,Urban,6,2848,1411,1437,1823,931,892,1823,931,892,0,0,0,0,0,0,0,0,0,0,0,0
C3010,27,10,0000,District - Bhandara  10,Urban,7,3149,1615,1534,2970,1509,1461,2970,1509,1461,0,0,0,0,0,0,0,0,0,0,0,0
C3010,27,10,0000,District - Bhandara  10,Urban,8,3522,1875,1647,3415,1820,1595,3415,1820,1595,0,0,0,0,0,0,0,0,0,0,0,0
C3010,27,10,0000,District - Bhandara  10,Urban,9,3020,1528,1492,2967,1503,1464,2967,1503,1464,0,0,0,0,0,0,0,0,0,0,0,0
C3010,27,10,0000,District - Bhandara  10,Urban,10,4546,2413,2133,4437,2351,2086,4437,2351,2086,0,0,0,0,0,0,0,0,0,0,0,0
C3010,27,10,0000,District - Bhandara  10,Urban,11,3505,1837,1668,3448,1798,1650,3448,1798,1650,0,0,0,0,0,0,0,0,0,0,0,0
C3010,27,10,0000,District - Bhandara  10,Urban,12,4482,2333,2149,4316,2230,2086,4316,2230,2086,0,0,0,0,0,0,0,0,0,0,0,0
C3010,27,10,0000,District - Bhandara  10,Urban,13,3799,1920,1879,3656,1838,1818,3656,1838,1818,0,0,0,0,0,0,0,0,0,0,0,0
C3010,27,10,0000,District - Bhandara  10,Urban,14,4009,2088,1921,3784,1948,1836,3784,1948,1836,0,0,0,0,0,0,0,0,0,0,0,0
C3010,27,10,0000,District - Bhandara  10,Urban,15-19,19054,9742,9312,14202,7197,7005,11806,6069,5737,2068,921,1147,303,189,114,25,18,7,0,0,0
C3010,27,10,0000,District - Bhandara  10,Urban,20-24,17714,9144,8570,6458,3775,2683,1414,930,484,4680,2580,2100,331,245,86,25,18,7,8,2,6
C3010,27,10,0000,District - Bhandara  10,Urban,25-29,15401,7791,7610,940,663,277,0,0,0,738,515,223,166,128,38,29,19,10,7,1,6
C3010,27,10,0000,District - Bhandara  10,Urban,30-34,13663,7043,6620,117,80,37,0,0,0,92,65,27,17,12,5,3,2,1,5,1,4
C3010,27,10,0000,District - Bhandara  10,Urban,35-59,46109,23953,22156,74,41,33,0,0,0,45,28,17,12,7,5,7,4,3,10,2,8
C3010,27,10,0000,District - Bhandara  10,Urban,60+,13324,5871,7453,12,9,3,0,0,0,7,5,2,2,1,1,0,0,0,3,3,0
C3010,27,10,0000,District - Bhandara  10,Urban,Age not stated,83,45,38,2,1,1,0,0,0,1,0,1,1,1,0,0,0,0,0,0,0
C3010,27,11,0000,District - Gondiya *  11,Total,All ages,1200707,598834,601873,327784,169983,157801,297605,152972,144633,19397,13038,6359,2686,2083,603,261,165,96,7835,1725,6110
C3010,27,11,0000,District - Gondiya *  11,Total,0-4,119040,60767,58273,5700,2848,2852,5700,2848,2852,0,0,0,0,0,0,0,0,0,0,0,0
C3010,27,11,0000,District - Gondiya *  11,Total,5,27657,14188,13469,5971,3031,2940,5971,3031,2940,0,0,0,0,0,0,0,0,0,0,0,0
C3010,27,11,0000,District - Gondiya *  11,Total,6,24494,12472,12022,14837,7653,7184,14837,7653,7184,0,0,0,0,0,0,0,0,0,0,0,0
C3010,27,11,0000,District - Gondiya *  11,Total,7,23106,11684,11422,21632,10949,10683,21632,10949,10683,0,0,0,0,0,0,0,0,0,0,0,0
C3010,27,11,0000,District - Gondiya *  11,Total,8,24834,12704,12130,24182,12395,11787,24182,12395,11787,0,0,0,0,0,0,0,0,0,0,0,0
C3010,27,11,0000,District - Gondiya *  11,Total,9,23927,11963,11964,23490,11754,11736,23490,11754,11736,0,0,0,0,0,0,0,0,0,0,0,0
C3010,27,11,0000,District - Gondiya *  11,Total,10,29958,15346,14612,29189,14938,14251,29189,14938,14251,0,0,0,0,0,0,0,0,0,0,0,0
C3010,27,11,0000,District - Gondiya *  11,Total,11,26878,13647,13231,26295,13356,12939,26295,13356,12939,0,0,0,0,0,0,0,0,0,0,0,0
C3010,27,11,0000,District - Gondiya *  11,Total,12,30764,15592,15172,29502,14947,14555,29502,14947,14555,0,0,0,0,0,0,0,0,0,0,0,0
C3010,27,11,0000,District - Gondiya *  11,Total,13,26100,12967,13133,24670,12306,12364,24670,12306,12364,0,0,0,0,0,0,0,0,0,0,0,0
C3010,27,11,0000,District - Gondiya *  11,Total,14,26826,13406,13420,24288,12170,12118,24288,12170,12118,0,0,0,0,0,0,0,0,0,0,0,0
C3010,27,11,0000,District - Gondiya *  11,Total,15-19,121620,60591,61029,71282,37963,33319,62693,32896,29797,7168,4139,3029,1123,830,293,93,38,55,205,60,145
C3010,27,11,0000,District - Gondiya *  11,Total,20-24,102477,52380,50097,17580,12228,5352,5156,3729,1427,10446,7349,3097,1144,916,228,68,46,22,766,188,578
C3010,27,11,0000,District - Gondiya *  11,Total,25-29,94147,47008,47139,3615,2054,1561,0,0,0,1584,1385,199,318,269,49,64,55,9,1649,345,1304
C3010,27,11,0000,District - Gondiya *  11,Total,30-34,90516,44678,45838,2674,653,2021,0,0,0,139,122,17,46,33,13,16,12,4,2473,486,1987
C3010,27,11,0000,District - Gondiya *  11,Total,35-59,309723,155060,154663,2778,689,2089,0,0,0,46,35,11,34,25,9,14,9,5,2684,620,2064
C3010,27,11,0000,District - Gondiya *  11,Total,60+,98183,44140,54043,87,42,45,0,0,0,8,4,4,16,7,9,6,5,1,57,26,31
C3010,27,11,0000,District - Gondiya *  11,Total,Age not stated,457,241,216,12,7,5,0,0,0,6,4,2,5,3,2,0,0,0,1,0,1
C3010,27,11,0000,District - Gondiya *  11,Rural,All ages,1057276,526022,531254,285946,147911,138035,261685,134263,127422,14378,10215,4163,1903,1603,300,197,122,75,7783,1708,6075
C3010,27,11,0000,District - Gondiya *  11,Rural,0-4,107083,54612,52471,5163,2568,2595,5163,2568,2595,0,0,0,0,0,0,0,0,0,0,0,0
C3010,27,11,0000,District - Gondiya *  11,Rural,5,24800,12684,12116,5000,2540,2460,5000,2540,2460,0,0,0,0,0,0,0,0,0,0,0,0
C3010,27,11,0000,District - Gondiya *  11,Rural,6,22025,11208,10817,13237,6848,6389,13237,6848,6389,0,0,0,0,0,0,0,0,0,0,0,0
C3010,27,11,0000,District - Gondiya *  11,Rural,7,20661,10483,10178,19337,9819,9518,19337,9819,9518,0,0,0,0,0,0,0,0,0,0,0,0
C3010,27,11,0000,District - Gondiya *  11,Rural,8,21981,11160,10821,21404,10896,10508,21404,10896,10508,0,0,0,0,0,0,0,0,0,0,0,0
C3010,27,11,0000,District - Gondiya *  11,Rural,9,21542,10753,10789,21152,10564,10588,21152,10564,10588,0,0,0,0,0,0,0,0,0,0,0,0
C3010,27,11,0000,District - Gondiya *  11,Rural,10,26492,13555,12937,25796,13186,12610,25796,13186,12610,0,0,0,0,0,0,0,0,0,0,0,0
C3010,27,11,0000,District - Gondiya *  11,Rural,11,24160,12247,11913,23635,11984,11651,23635,11984,11651,0,0,0,0,0,0,0,0,0,0,0,0
C3010,27,11,0000,District - Gondiya *  11,Rural,12,27213,13726,13487,26066,13144,12922,26066,13144,12922,0,0,0,0,0,0,0,0,0,0,0,0
C3010,27,11,0000,District - Gondiya *  11,Rural,13,23397,11590,11807,22087,10987,11100,22087,10987,11100,0,0,0,0,0,0,0,0,0,0,0,0
C3010,27,11,0000,District - Gondiya *  11,Rural,14,23760,11797,11963,21446,10682,10764,21446,10682,10764,0,0,0,0,0,0,0,0,0,0,0,0
C3010,27,11,0000,District - Gondiya *  11,Rural,15-19,106389,52795,53594,60279,32309,27970,53525,28169,25356,5644,3383,2261,834,670,164,74,30,44,202,57,145
C3010,27,11,0000,District - Gondiya *  11,Rural,20-24,87811,44796,43015,12877,9442,3435,3837,2876,961,7445,5650,1795,786,697,89,48,34,14,761,185,576
C3010,27,11,0000,District - Gondiya *  11,Rural,25-29,81503,40570,40933,3047,1631,1416,0,0,0,1154,1064,90,209,189,20,45,37,8,1639,341,1298
C3010,27,11,0000,District - Gondiya *  11,Rural,30-34,79103,38801,40302,2603,601,2002,0,0,0,100,90,10,28,19,9,11,7,4,2464,485,1979
C3010,27,11,0000,District - Gondiya *  11,Rural,35-59,272082,135918,136164,2727,666,2061,0,0,0,24,21,3,29,21,8,13,9,4,2661,615,2046
C3010,27,11,0000,District - Gondiya *  11,Rural,60+,86866,39116,47750,80,39,41,0,0,0,6,4,2,13,5,8,6,5,1,55,25,30
C3010,27,11,0000,District - Gondiya *  11,Rural,Age not stated,408,211,197,10,5,5,0,0,0,5,3,2,4,2,2,0,0,0,1,0,1
C3010,27,11,0000,District - Gondiya *  11,Urban,All ages,143431,72812,70619,41838,22072,19766,35920,18709,17211,5019,2823,2196,783,480,303,64,43,21,52,17,35
C3010,27,11,0000,District - Gondiya *  11,Urban,0-4,11957,6155,5802,537,280,257,537,280,257,0,0,0,0,0,0,0,0,0,0,0,0
C3010,27,11,0000,District - Gondiya *  11,Urban,5,2857,1504,1353,971,491,480,971,491,480,0,0,0,0,0,0,0,0,0,0,0,0
C3010,27,11,0000,District - Gondiya *  11,Urban,6,2469,1264,1205,1600,805,795,1600,805,795,0,0,0,0,0,0,0,0,0,0,0,0
C3010,27,11,0000,District - Gondiya *  11,Urban,7,2445,1201,1244,2295,1130,1165,2295,1130,1165,0,0,0,0,0,0,0,0,0,0,0,0
C3010,27,11,0000,District - Gondiya *  11,Urban,8,2853,1544,1309,2778,1499,1279,2778,1499,1279,0,0,0,0,0,0,0,0,0,0,0,0
C3010,27,11,0000,District - Gondiya *  11,Urban,9,2385,1210,1175,2338,1190,1148,2338,1190,1148,0,0,0,0,0,0,0,0,0,0,0,0
C3010,27,11,0000,District - Gondiya *  11,Urban,10,3466,1791,1675,3393,1752,1641,3393,1752,1641,0,0,0,0,0,0,0,0,0,0,0,0
C3010,27,11,0000,District - Gondiya *  11,Urban,11,2718,1400,1318,2660,1372,1288,2660,1372,1288,0,0,0,0,0,0,0,0,0,0,0,0
C3010,27,11,0000,District - Gondiya *  11,Urban,12,3551,1866,1685,3436,1803,1633,3436,1803,1633,0,0,0,0,0,0,0,0,0,0,0,0
C3010,27,11,0000,District - Gondiya *  11,Urban,13,2703,1377,1326,2583,1319,1264,2583,1319,1264,0,0,0,0,0,0,0,0,0,0,0,0
C3010,27,11,0000,District - Gondiya *  11,Urban,14,3066,1609,1457,2842,1488,1354,2842,1488,1354,0,0,0,0,0,0,0,0,0,0,0,0
C3010,27,11,0000,District - Gondiya *  11,Urban,15-19,15231,7796,7435,11003,5654,5349,9168,4727,4441,1524,756,768,289,160,129,19,8,11,3,3,0
C3010,27,11,0000,District - Gondiya *  11,Urban,20-24,14666,7584,7082,4703,2786,1917,1319,853,466,3001,1699,1302,358,219,139,20,12,8,5,3,2
C3010,27,11,0000,District - Gondiya *  11,Urban,25-29,12644,6438,6206,568,423,145,0,0,0,430,321,109,109,80,29,19,18,1,10,4,6
C3010,27,11,0000,District - Gondiya *  11,Urban,30-34,11413,5877,5536,71,52,19,0,0,0,39,32,7,18,14,4,5,5,0,9,1,8
C3010,27,11,0000,District - Gondiya *  11,Urban,35-59,37641,19142,18499,51,23,28,0,0,0,22,14,8,5,4,1,1,0,1,23,5,18
C3010,27,11,0000,District - Gondiya *  11,Urban,60+,11317,5024,6293,7,3,4,0,0,0,2,0,2,3,2,1,0,0,0,2,1,1
C3010,27,11,0000,District - Gondiya *  11,Urban,Age not stated,49,30,19,2,2,0,0,0,0,1,1,0,1,1,0,0,0,0,0,0,0
C3010,27,12,0000,District - Gadchiroli  12,Total,All ages,970294,491101,479193,243539,132540,110999,229680,122919,106761,11081,7731,3350,1858,1408,450,266,161,105,654,321,333
C3010,27,12,0000,District - Gadchiroli  12,Total,0-4,106047,53835,52212,7535,3772,3763,7535,3772,3763,0,0,0,0,0,0,0,0,0,0,0,0
C3010,27,12,0000,District - Gadchiroli  12,Total,5,24905,12690,12215,5741,2923,2818,5741,2923,2818,0,0,0,0,0,0,0,0,0,0,0,0
C3010,27,12,0000,District - Gadchiroli  12,Total,6,23792,12199,11593,11900,6166,5734,11900,6166,5734,0,0,0,0,0,0,0,0,0,0,0,0
C3010,27,12,0000,District - Gadchiroli  12,Total,7,21253,10792,10461,18052,9256,8796,18052,9256,8796,0,0,0,0,0,0,0,0,0,0,0,0
C3010,27,12,0000,District - Gadchiroli  12,Total,8,22830,11667,11163,20614,10664,9950,20614,10664,9950,0,0,0,0,0,0,0,0,0,0,0,0
C3010,27,12,0000,District - Gadchiroli  12,Total,9,21793,10974,10819,20160,10271,9889,20160,10271,9889,0,0,0,0,0,0,0,0,0,0,0,0
C3010,27,12,0000,District - Gadchiroli  12,Total,10,26186,13532,12654,23222,12282,10940,23222,12282,10940,0,0,0,0,0,0,0,0,0,0,0,0
C3010,27,12,0000,District - Gadchiroli  12,Total,11,21931,11290,10641,20028,10460,9568,20028,10460,9568,0,0,0,0,0,0,0,0,0,0,0,0
C3010,27,12,0000,District - Gadchiroli  12,Total,12,25541,13027,12514,21517,11331,10186,21517,11331,10186,0,0,0,0,0,0,0,0,0,0,0,0
C3010,27,12,0000,District - Gadchiroli  12,Total,13,21463,10903,10560,18015,9413,8602,18015,9413,8602,0,0,0,0,0,0,0,0,0,0,0,0
C3010,27,12,0000,District - Gadchiroli  12,Total,14,22100,11424,10676,17164,9223,7941,17164,9223,7941,0,0,0,0,0,0,0,0,0,0,0,0
C3010,27,12,0000,District - Gadchiroli  12,Total,15-19,94208,48904,45304,47311,27548,19763,42136,24367,17769,4299,2650,1649,705,446,259,131,70,61,40,15,25
C3010,27,12,0000,District - Gadchiroli  12,Total,20-24,79342,39188,40154,10395,7805,2590,3596,2791,805,5791,4239,1552,812,677,135,57,41,16,139,57,82
C3010,27,12,0000,District - Gadchiroli  12,Total,25-29,81619,39964,41655,1294,1026,268,0,0,0,840,718,122,232,201,31,36,23,13,186,84,102
C3010,27,12,0000,District - Gadchiroli  12,Total,30-34,74874,37584,37290,309,216,93,0,0,0,101,86,15,54,44,10,20,14,6,134,72,62
C3010,27,12,0000,District - Gadchiroli  12,Total,35-59,228254,118912,109342,243,160,83,0,0,0,40,33,7,48,36,12,16,11,5,139,80,59
C3010,27,12,0000,District - Gadchiroli  12,Total,60+,67777,30936,36841,30,18,12,0,0,0,6,2,4,6,3,3,6,2,4,12,11,1
C3010,27,12,0000,District - Gadchiroli  12,Total,Age not stated,6379,3280,3099,9,6,3,0,0,0,4,3,1,1,1,0,0,0,0,4,2,2
C3010,27,12,0000,District - Gadchiroli  12,Rural,All ages,903033,456647,446386,223038,121764,101274,211875,113800,98075,8914,6451,2463,1365,1050,315,237,145,92,647,318,329
C3010,27,12,0000,District - Gadchiroli  12,Rural,0-4,99678,50548,49130,7086,3528,3558,7086,3528,3558,0,0,0,0,0,0,0,0,0,0,0,0
C3010,27,12,0000,District - Gadchiroli  12,Rural,5,23388,11901,11487,5237,2661,2576,5237,2661,2576,0,0,0,0,0,0,0,0,0,0,0,0
C3010,27,12,0000,District - Gadchiroli  12,Rural,6,22505,11542,10963,11152,5814,5338,11152,5814,5338,0,0,0,0,0,0,0,0,0,0,0,0
C3010,27,12,0000,District - Gadchiroli  12,Rural,7,19977,10153,9824,16884,8674,8210,16884,8674,8210,0,0,0,0,0,0,0,0,0,0,0,0
C3010,27,12,0000,District - Gadchiroli  12,Rural,8,21303,10877,10426,19140,9898,9242,19140,9898,9242,0,0,0,0,0,0,0,0,0,0,0,0
C3010,27,12,0000,District - Gadchiroli  12,Rural,9,20433,10294,10139,18843,9617,9226,18843,9617,9226,0,0,0,0,0,0,0,0,0,0,0,0
C3010,27,12,0000,District - Gadchiroli  12,Rural,10,24440,12644,11796,21535,11420,10115,21535,11420,10115,0,0,0,0,0,0,0,0,0,0,0,0
C3010,27,12,0000,District - Gadchiroli  12,Rural,11,20608,10590,10018,18743,9782,8961,18743,9782,8961,0,0,0,0,0,0,0,0,0,0,0,0
C3010,27,12,0000,District - Gadchiroli  12,Rural,12,23817,12132,11685,19859,10473,9386,19859,10473,9386,0,0,0,0,0,0,0,0,0,0,0,0
C3010,27,12,0000,District - Gadchiroli  12,Rural,13,19953,10165,9788,16575,8713,7862,16575,8713,7862,0,0,0,0,0,0,0,0,0,0,0,0
C3010,27,12,0000,District - Gadchiroli  12,Rural,14,20670,10729,9941,15842,8576,7266,15842,8576,7266,0,0,0,0,0,0,0,0,0,0,0,0
C3010,27,12,0000,District - Gadchiroli  12,Rural,15-19,86871,45108,41763,42180,24895,17285,37862,22157,15705,3645,2322,1323,510,335,175,123,66,57,40,15,25
C3010,27,12,0000,District - Gadchiroli  12,Rural,20-24,72739,35812,36927,8388,6530,1858,3117,2487,630,4474,3442,1032,609,508,101,49,36,13,139,57,82
C3010,27,12,0000,District - Gadchiroli  12,Rural,25-29,75513,36982,38531,1027,813,214,0,0,0,664,580,84,151,133,18,27,17,10,185,83,102
C3010,27,12,0000,District - Gadchiroli  12,Rural,30-34,69016,34601,34415,274,190,84,0,0,0,84,72,12,41,34,7,17,13,4,132,71,61
C3010,27,12,0000,District - Gadchiroli  12,Rural,35-59,212103,110136,101967,236,156,80,0,0,0,37,30,7,48,36,12,15,11,4,136,79,57
C3010,27,12,0000,District - Gadchiroli  12,Rural,60+,63677,29173,34504,28,18,10,0,0,0,6,2,4,5,3,2,6,2,4,11,11,0
C3010,27,12,0000,District - Gadchiroli  12,Rural,Age not stated,6342,3260,3082,9,6,3,0,0,0,4,3,1,1,1,0,0,0,0,4,2,2
C3010,27,12,0000,District - Gadchiroli  12,Urban,All ages,67261,34454,32807,20501,10776,9725,17805,9119,8686,2167,1280,887,493,358,135,29,16,13,7,3,4
C3010,27,12,0000,District - Gadchiroli  12,Urban,0-4,6369,3287,3082,449,244,205,449,244,205,0,0,0,0,0,0,0,0,0,0,0,0
C3010,27,12,0000,District - Gadchiroli  12,Urban,5,1517,789,728,504,262,242,504,262,242,0,0,0,0,0,0,0,0,0,0,0,0
C3010,27,12,0000,District - Gadchiroli  12,Urban,6,1287,657,630,748,352,396,748,352,396,0,0,0,0,0,0,0,0,0,0,0,0
C3010,27,12,0000,District - Gadchiroli  12,Urban,7,1276,639,637,1168,582,586,1168,582,586,0,0,0,0,0,0,0,0,0,0,0,0
C3010,27,12,0000,District - Gadchiroli  12,Urban,8,1527,790,737,1474,766,708,1474,766,708,0,0,0,0,0,0,0,0,0,0,0,0
C3010,27,12,0000,District - Gadchiroli  12,Urban,9,1360,680,680,1317,654,663,1317,654,663,0,0,0,0,0,0,0,0,0,0,0,0
C3010,27,12,0000,District - Gadchiroli  12,Urban,10,1746,888,858,1687,862,825,1687,862,825,0,0,0,0,0,0,0,0,0,0,0,0
C3010,27,12,0000,District - Gadchiroli  12,Urban,11,1323,700,623,1285,678,607,1285,678,607,0,0,0,0,0,0,0,0,0,0,0,0
C3010,27,12,0000,District - Gadchiroli  12,Urban,12,1724,895,829,1658,858,800,1658,858,800,0,0,0,0,0,0,0,0,0,0,0,0
C3010,27,12,0000,District - Gadchiroli  12,Urban,13,1510,738,772,1440,700,740,1440,700,740,0,0,0,0,0,0,0,0,0,0,0,0
C3010,27,12,0000,District - Gadchiroli  12,Urban,14,1430,695,735,1322,647,675,1322,647,675,0,0,0,0,0,0,0,0,0,0,0,0
C3010,27,12,0000,District - Gadchiroli  12,Urban,15-19,7337,3796,3541,5131,2653,2478,4274,2210,2064,654,328,326,195,111,84,8,4,4,0,0,0
C3010,27,12,0000,District - Gadchiroli  12,Urban,20-24,6603,3376,3227,2007,1275,732,479,304,175,1317,797,520,203,169,34,8,5,3,0,0,0
C3010,27,12,0000,District - Gadchiroli  12,Urban,25-29,6106,2982,3124,267,213,54,0,0,0,176,138,38,81,68,13,9,6,3,1,1,0
C3010,27,12,0000,District - Gadchiroli  12,Urban,30-34,5858,2983,2875,35,26,9,0,0,0,17,14,3,13,10,3,3,1,2,2,1,1
C3010,27,12,0000,District - Gadchiroli  12,Urban,35-59,16151,8776,7375,7,4,3,0,0,0,3,3,0,0,0,0,1,0,1,3,1,2
C3010,27,12,0000,District - Gadchiroli  12,Urban,60+,4100,1763,2337,2,0,2,0,0,0,0,0,0,1,0,1,0,0,0,1,0,1
C3010,27,12,0000,District - Gadchiroli  12,Urban,Age not stated,37,20,17,0,0,0,0,0,0,0,0,0,0,0,0,0,0,0,0,0,0
C3010,27,13,0000,District - Chandrapur  13,Total,All ages,2071101,1062993,1008108,555824,297628,258196,501931,261673,240258,46737,30784,15953,5253,4079,1174,1004,700,304,899,392,507
C3010,27,13,0000,District - Chandrapur  13,Total,0-4,193930,100101,93829,11485,5831,5654,11485,5831,5654,0,0,0,0,0,0,0,0,0,0,0,0
C3010,27,13,0000,District - Chandrapur  13,Total,5,46484,24055,22429,10846,5703,5143,10846,5703,5143,0,0,0,0,0,0,0,0,0,0,0,0
C3010,27,13,0000,District - Chandrapur  13,Total,6,39076,19961,19115,21041,10830,10211,21041,10830,10211,0,0,0,0,0,0,0,0,0,0,0,0
C3010,27,13,0000,District - Chandrapur  13,Total,7,39877,20493,19384,35853,18504,17349,35853,18504,17349,0,0,0,0,0,0,0,0,0,0,0,0
C3010,27,13,0000,District - Chandrapur  13,Total,8,42557,21679,20878,40242,20599,19643,40242,20599,19643,0,0,0,0,0,0,0,0,0,0,0,0
C3010,27,13,0000,District - Chandrapur  13,Total,9,41358,21033,20325,39805,20277,19528,39805,20277,19528,0,0,0,0,0,0,0,0,0,0,0,0
C3010,27,13,0000,District - Chandrapur  13,Total,10,53907,28024,25883,51137,26624,24513,51137,26624,24513,0,0,0,0,0,0,0,0,0,0,0,0
C3010,27,13,0000,District - Chandrapur  13,Total,11,44910,22946,21964,43216,22123,21093,43216,22123,21093,0,0,0,0,0,0,0,0,0,0,0,0
C3010,27,13,0000,District - Chandrapur  13,Total,12,53484,27318,26166,49693,25414,24279,49693,25414,24279,0,0,0,0,0,0,0,0,0,0,0,0
C3010,27,13,0000,District - Chandrapur  13,Total,13,44404,22264,22140,40895,20517,20378,40895,20517,20378,0,0,0,0,0,0,0,0,0,0,0,0
C3010,27,13,0000,District - Chandrapur  13,Total,14,46254,23291,22963,40548,20503,20045,40548,20503,20045,0,0,0,0,0,0,0,0,0,0,0,0
C3010,27,13,0000,District - Chandrapur  13,Total,15-19,210155,108924,101231,125219,67874,57345,107396,57520,49876,15768,8956,6812,1723,1207,516,300,178,122,32,13,19
C3010,27,13,0000,District - Chandrapur  13,Total,20-24,188478,99826,88652,38262,26993,11269,9774,7228,2546,25750,17598,8152,2340,1925,415,268,191,77,130,51,79
C3010,27,13,0000,District - Chandrapur  13,Total,25-29,181088,91563,89525,5746,4609,1137,0,0,0,4451,3643,808,869,707,162,229,175,54,197,84,113
C3010,27,13,0000,District - Chandrapur  13,Total,30-34,160693,82764,77929,951,673,278,0,0,0,485,390,95,165,123,42,102,76,26,199,84,115
C3010,27,13,0000,District - Chandrapur  13,Total,35-59,509259,267530,241729,755,483,272,0,0,0,235,171,64,135,100,35,93,75,18,292,137,155
C3010,27,13,0000,District - Chandrapur  13,Total,60+,173532,80295,93237,111,57,54,0,0,0,34,15,19,17,15,2,11,4,7,49,23,26
C3010,27,13,0000,District - Chandrapur  13,Total,Age not stated,1655,926,729,19,14,5,0,0,0,14,11,3,4,2,2,1,1,0,0,0,0
C3010,27,13,0000,District - Chandrapur  13,Rural,All ages,1406034,716461,689573,353924,188939,164985,331239,172357,158882,19323,14254,5069,2043,1612,431,487,353,134,832,363,469
C3010,27,13,0000,District - Chandrapur  13,Rural,0-4,135462,69236,66226,8536,4287,4249,8536,4287,4249,0,0,0,0,0,0,0,0,0,0,0,0
C3010,27,13,0000,District - Chandrapur  13,Rural,5,32611,16698,15913,6984,3609,3375,6984,3609,3375,0,0,0,0,0,0,0,0,0,0,0,0
C3010,27,13,0000,District - Chandrapur  13,Rural,6,27268,13883,13385,14543,7473,7070,14543,7473,7070,0,0,0,0,0,0,0,0,0,0,0,0
C3010,27,13,0000,District - Chandrapur  13,Rural,7,26940,13784,13156,24236,12461,11775,24236,12461,11775,0,0,0,0,0,0,0,0,0,0,0,0
C3010,27,13,0000,District - Chandrapur  13,Rural,8,28257,14328,13929,26741,13638,13103,26741,13638,13103,0,0,0,0,0,0,0,0,0,0,0,0
C3010,27,13,0000,District - Chandrapur  13,Rural,9,28791,14576,14215,27702,14044,13658,27702,14044,13658,0,0,0,0,0,0,0,0,0,0,0,0
C3010,27,13,0000,District - Chandrapur  13,Rural,10,35955,18589,17366,33994,17610,16384,33994,17610,16384,0,0,0,0,0,0,0,0,0,0,0,0
C3010,27,13,0000,District - Chandrapur  13,Rural,11,31097,15875,15222,29849,15258,14591,29849,15258,14591,0,0,0,0,0,0,0,0,0,0,0,0
C3010,27,13,0000,District - Chandrapur  13,Rural,12,36077,18276,17801,33229,16865,16364,33229,16865,16364,0,0,0,0,0,0,0,0,0,0,0,0
C3010,27,13,0000,District - Chandrapur  13,Rural,13,30446,15292,15154,27757,13950,13807,27757,13950,13807,0,0,0,0,0,0,0,0,0,0,0,0
C3010,27,13,0000,District - Chandrapur  13,Rural,14,31261,15718,15543,26826,13524,13302,26826,13524,13302,0,0,0,0,0,0,0,0,0,0,0,0
C3010,27,13,0000,District - Chandrapur  13,Rural,15-19,137719,71362,66357,73559,40541,33018,65663,35545,30118,7046,4421,2625,661,465,196,161,99,62,28,11,17
C3010,27,13,0000,District - Chandrapur  13,Rural,20-24,120866,64159,56707,16395,12848,3547,5179,4093,1086,10126,7907,2219,869,725,144,100,74,26,121,49,72
C3010,27,13,0000,District - Chandrapur  13,Rural,25-29,118878,60510,58368,2483,2124,359,0,0,0,1843,1663,180,345,294,51,109,89,20,186,78,108
C3010,27,13,0000,District - Chandrapur  13,Rural,30-34,106656,54790,51866,535,376,159,0,0,0,221,199,22,72,55,17,55,42,13,187,80,107
C3010,27,13,0000,District - Chandrapur  13,Rural,35-59,342733,176437,166296,476,288,188,0,0,0,72,56,16,82,61,21,52,45,7,270,126,144
C3010,27,13,0000,District - Chandrapur  13,Rural,60+,133876,62317,71559,71,38,33,0,0,0,11,5,6,11,11,0,9,3,6,40,19,21
C3010,27,13,0000,District - Chandrapur  13,Rural,Age not stated,1141,631,510,8,5,3,0,0,0,4,3,1,3,1,2,1,1,0,0,0,0
C3010,27,13,0000,District - Chandrapur  13,Urban,All ages,665067,346532,318535,201900,108689,93211,170692,89316,81376,27414,16530,10884,3210,2467,743,517,347,170,67,29,38
C3010,27,13,0000,District - Chandrapur  13,Urban,0-4,58468,30865,27603,2949,1544,1405,2949,1544,1405,0,0,0,0,0,0,0,0,0,0,0,0
C3010,27,13,0000,District - Chandrapur  13,Urban,5,13873,7357,6516,3862,2094,1768,3862,2094,1768,0,0,0,0,0,0,0,0,0,0,0,0
C3010,27,13,0000,District - Chandrapur  13,Urban,6,11808,6078,5730,6498,3357,3141,6498,3357,3141,0,0,0,0,0,0,0,0,0,0,0,0
C3010,27,13,0000,District - Chandrapur  13,Urban,7,12937,6709,6228,11617,6043,5574,11617,6043,5574,0,0,0,0,0,0,0,0,0,0,0,0
C3010,27,13,0000,District - Chandrapur  13,Urban,8,14300,7351,6949,13501,6961,6540,13501,6961,6540,0,0,0,0,0,0,0,0,0,0,0,0
C3010,27,13,0000,District - Chandrapur  13,Urban,9,12567,6457,6110,12103,6233,5870,12103,6233,5870,0,0,0,0,0,0,0,0,0,0,0,0
C3010,27,13,0000,District - Chandrapur  13,Urban,10,17952,9435,8517,17143,9014,8129,17143,9014,8129,0,0,0,0,0,0,0,0,0,0,0,0
C3010,27,13,0000,District - Chandrapur  13,Urban,11,13813,7071,6742,13367,6865,6502,13367,6865,6502,0,0,0,0,0,0,0,0,0,0,0,0
C3010,27,13,0000,District - Chandrapur  13,Urban,12,17407,9042,8365,16464,8549,7915,16464,8549,7915,0,0,0,0,0,0,0,0,0,0,0,0
C3010,27,13,0000,District - Chandrapur  13,Urban,13,13958,6972,6986,13138,6567,6571,13138,6567,6571,0,0,0,0,0,0,0,0,0,0,0,0
C3010,27,13,0000,District - Chandrapur  13,Urban,14,14993,7573,7420,13722,6979,6743,13722,6979,6743,0,0,0,0,0,0,0,0,0,0,0,0
C3010,27,13,0000,District - Chandrapur  13,Urban,15-19,72436,37562,34874,51660,27333,24327,41733,21975,19758,8722,4535,4187,1062,742,320,139,79,60,4,2,2
C3010,27,13,0000,District - Chandrapur  13,Urban,20-24,67612,35667,31945,21867,14145,7722,4595,3135,1460,15624,9691,5933,1471,1200,271,168,117,51,9,2,7
C3010,27,13,0000,District - Chandrapur  13,Urban,25-29,62210,31053,31157,3263,2485,778,0,0,0,2608,1980,628,524,413,111,120,86,34,11,6,5
C3010,27,13,0000,District - Chandrapur  13,Urban,30-34,54037,27974,26063,416,297,119,0,0,0,264,191,73,93,68,25,47,34,13,12,4,8
C3010,27,13,0000,District - Chandrapur  13,Urban,35-59,166526,91093,75433,279,195,84,0,0,0,163,115,48,53,39,14,41,30,11,22,11,11
C3010,27,13,0000,District - Chandrapur  13,Urban,60+,39656,17978,21678,40,19,21,0,0,0,23,10,13,6,4,2,2,1,1,9,4,5
C3010,27,13,0000,District - Chandrapur  13,Urban,Age not stated,514,295,219,11,9,2,0,0,0,10,8,2,1,1,0,0,0,0,0,0,0
C3010,27,14,0000,District - Yavatmal  14,Total,All ages,2458271,1265681,1192590,614224,337472,276752,563961,304738,259223,40401,27259,13142,4776,3261,1515,936,684,252,4150,1530,2620
C3010,27,14,0000,District - Yavatmal  14,Total,0-4,256042,132675,123367,5085,2652,2433,5085,2652,2433,0,0,0,0,0,0,0,0,0,0,0,0
C3010,27,14,0000,District - Yavatmal  14,Total,5,59230,30640,28590,6714,3465,3249,6714,3465,3249,0,0,0,0,0,0,0,0,0,0,0,0
C3010,27,14,0000,District - Yavatmal  14,Total,6,54130,27820,26310,27940,14425,13515,27940,14425,13515,0,0,0,0,0,0,0,0,0,0,0,0
C3010,27,14,0000,District - Yavatmal  14,Total,7,49455,25648,23807,42697,22379,20318,42697,22379,20318,0,0,0,0,0,0,0,0,0,0,0,0
C3010,27,14,0000,District - Yavatmal  14,Total,8,55733,28764,26969,51468,26843,24625,51468,26843,24625,0,0,0,0,0,0,0,0,0,0,0,0
C3010,27,14,0000,District - Yavatmal  14,Total,9,54728,27944,26784,51715,26583,25132,51715,26583,25132,0,0,0,0,0,0,0,0,0,0,0,0
C3010,27,14,0000,District - Yavatmal  14,Total,10,71758,37184,34574,65974,34587,31387,65974,34587,31387,0,0,0,0,0,0,0,0,0,0,0,0
C3010,27,14,0000,District - Yavatmal  14,Total,11,55243,28801,26442,51455,27154,24301,51455,27154,24301,0,0,0,0,0,0,0,0,0,0,0,0
C3010,27,14,0000,District - Yavatmal  14,Total,12,68126,35682,32444,59155,31696,27459,59155,31696,27459,0,0,0,0,0,0,0,0,0,0,0,0
C3010,27,14,0000,District - Yavatmal  14,Total,13,52040,26850,25190,44284,23521,20763,44284,23521,20763,0,0,0,0,0,0,0,0,0,0,0,0
C3010,27,14,0000,District - Yavatmal  14,Total,14,56114,29383,26731,43425,23723,19702,43425,23723,19702,0,0,0,0,0,0,0,0,0,0,0,0
C3010,27,14,0000,District - Yavatmal  14,Total,15-19,251090,135028,116062,123405,71793,51612,105844,61311,44533,15101,8979,6122,1953,1174,779,443,304,139,64,25,39
C3010,27,14,0000,District - Yavatmal  14,Total,20-24,214009,114769,99240,32014,23110,8904,8205,6399,1806,21376,15007,6369,1925,1467,458,185,140,45,323,97,226
C3010,27,14,0000,District - Yavatmal  14,Total,25-29,197570,98874,98696,4732,3639,1093,0,0,0,3417,2884,533,589,451,138,175,134,41,551,170,381
C3010,27,14,0000,District - Yavatmal  14,Total,30-34,179608,90657,88951,1307,630,677,0,0,0,322,265,57,114,69,45,57,43,14,814,253,561
C3010,27,14,0000,District - Yavatmal  14,Total,35-59,554836,288364,266472,2368,1004,1364,0,0,0,122,83,39,144,79,65,66,56,10,2036,786,1250
C3010,27,14,0000,District - Yavatmal  14,Total,60+,225261,104802,120459,457,245,212,0,0,0,43,26,17,46,16,30,9,6,3,359,197,162
C3010,27,14,0000,District - Yavatmal  14,Total,Age not stated,3298,1796,1502,29,23,6,0,0,0,20,15,5,5,5,0,1,1,0,3,2,1
C3010,27,14,0000,District - Yavatmal  14,Rural,All ages,2001060,1029540,971520,483502,267212,216290,452294,245743,206551,23723,17393,6330,2733,2054,679,668,518,150,4084,1504,2580
C3010,27,14,0000,District - Yavatmal  14,Rural,0-4,213835,110542,103293,3978,2080,1898,3978,2080,1898,0,0,0,0,0,0,0,0,0,0,0,0
C3010,27,14,0000,District - Yavatmal  14,Rural,5,49590,25650,23940,4909,2560,2349,4909,2560,2349,0,0,0,0,0,0,0,0,0,0,0,0
C3010,27,14,0000,District - Yavatmal  14,Rural,6,45900,23513,22387,23233,11968,11265,23233,11968,11265,0,0,0,0,0,0,0,0,0,0,0,0
C3010,27,14,0000,District - Yavatmal  14,Rural,7,40507,21049,19458,34684,18276,16408,34684,18276,16408,0,0,0,0,0,0,0,0,0,0,0,0
C3010,27,14,0000,District - Yavatmal  14,Rural,8,45987,23673,22314,42304,22041,20263,42304,22041,20263,0,0,0,0,0,0,0,0,0,0,0,0
C3010,27,14,0000,District - Yavatmal  14,Rural,9,45950,23503,22447,43330,22338,20992,43330,22338,20992,0,0,0,0,0,0,0,0,0,0,0,0
C3010,27,14,0000,District - Yavatmal  14,Rural,10,59221,30628,28593,54153,28407,25746,54153,28407,25746,0,0,0,0,0,0,0,0,0,0,0,0
C3010,27,14,0000,District - Yavatmal  14,Rural,11,45774,23879,21895,42385,22436,19949,42385,22436,19949,0,0,0,0,0,0,0,0,0,0,0,0
C3010,27,14,0000,District - Yavatmal  14,Rural,12,55950,29201,26749,47920,25696,22224,47920,25696,22224,0,0,0,0,0,0,0,0,0,0,0,0
C3010,27,14,0000,District - Yavatmal  14,Rural,13,42538,21946,20592,35555,18992,16563,35555,18992,16563,0,0,0,0,0,0,0,0,0,0,0,0
C3010,27,14,0000,District - Yavatmal  14,Rural,14,45550,23815,21735,34249,18849,15400,34249,18849,15400,0,0,0,0,0,0,0,0,0,0,0,0
C3010,27,14,0000,District - Yavatmal  14,Rural,15-19,201946,109354,92592,90795,54438,36357,79889,47419,32470,9477,6035,3442,1011,701,310,354,258,96,64,25,39
C3010,27,14,0000,District - Yavatmal  14,Rural,20-24,169422,91654,77768,19249,15157,4092,5705,4681,1024,11916,9297,2619,1188,982,206,124,102,22,316,95,221
C3010,27,14,0000,District - Yavatmal  14,Rural,25-29,157364,78749,78615,3010,2351,659,0,0,0,2076,1858,218,295,245,50,100,81,19,539,167,372
C3010,27,14,0000,District - Yavatmal  14,Rural,30-34,143706,72199,71507,1091,472,619,0,0,0,179,150,29,77,44,33,36,30,6,799,248,551
C3010,27,14,0000,District - Yavatmal  14,Rural,35-59,444585,229817,214768,2224,915,1309,0,0,0,44,34,10,123,65,58,45,40,5,2012,776,1236
C3010,27,14,0000,District - Yavatmal  14,Rural,60+,190413,88856,101557,417,223,194,0,0,0,19,9,10,38,16,22,8,6,2,352,192,160
C3010,27,14,0000,District - Yavatmal  14,Rural,Age not stated,2822,1512,1310,16,13,3,0,0,0,12,10,2,1,1,0,1,1,0,2,1,1
C3010,27,14,0000,District - Yavatmal  14,Urban,All ages,457211,236141,221070,130722,70260,60462,111667,58995,52672,16678,9866,6812,2043,1207,836,268,166,102,66,26,40
C3010,27,14,0000,District - Yavatmal  14,Urban,0-4,42207,22133,20074,1107,572,535,1107,572,535,0,0,0,0,0,0,0,0,0,0,0,0
C3010,27,14,0000,District - Yavatmal  14,Urban,5,9640,4990,4650,1805,905,900,1805,905,900,0,0,0,0,0,0,0,0,0,0,0,0
C3010,27,14,0000,District - Yavatmal  14,Urban,6,8230,4307,3923,4707,2457,2250,4707,2457,2250,0,0,0,0,0,0,0,0,0,0,0,0
C3010,27,14,0000,District - Yavatmal  14,Urban,7,8948,4599,4349,8013,4103,3910,8013,4103,3910,0,0,0,0,0,0,0,0,0,0,0,0
C3010,27,14,0000,District - Yavatmal  14,Urban,8,9746,5091,4655,9164,4802,4362,9164,4802,4362,0,0,0,0,0,0,0,0,0,0,0,0
C3010,27,14,0000,District - Yavatmal  14,Urban,9,8778,4441,4337,8385,4245,4140,8385,4245,4140,0,0,0,0,0,0,0,0,0,0,0,0
C3010,27,14,0000,District - Yavatmal  14,Urban,10,12537,6556,5981,11821,6180,5641,11821,6180,5641,0,0,0,0,0,0,0,0,0,0,0,0
C3010,27,14,0000,District - Yavatmal  14,Urban,11,9469,4922,4547,9070,4718,4352,9070,4718,4352,0,0,0,0,0,0,0,0,0,0,0,0
C3010,27,14,0000,District - Yavatmal  14,Urban,12,12176,6481,5695,11235,6000,5235,11235,6000,5235,0,0,0,0,0,0,0,0,0,0,0,0
C3010,27,14,0000,District - Yavatmal  14,Urban,13,9502,4904,4598,8729,4529,4200,8729,4529,4200,0,0,0,0,0,0,0,0,0,0,0,0
C3010,27,14,0000,District - Yavatmal  14,Urban,14,10564,5568,4996,9176,4874,4302,9176,4874,4302,0,0,0,0,0,0,0,0,0,0,0,0
C3010,27,14,0000,District - Yavatmal  14,Urban,15-19,49144,25674,23470,32610,17355,15255,25955,13892,12063,5624,2944,2680,942,473,469,89,46,43,0,0,0
C3010,27,14,0000,District - Yavatmal  14,Urban,20-24,44587,23115,21472,12765,7953,4812,2500,1718,782,9460,5710,3750,737,485,252,61,38,23,7,2,5
C3010,27,14,0000,District - Yavatmal  14,Urban,25-29,40206,20125,20081,1722,1288,434,0,0,0,1341,1026,315,294,206,88,75,53,22,12,3,9
C3010,27,14,0000,District - Yavatmal  14,Urban,30-34,35902,18458,17444,216,158,58,0,0,0,143,115,28,37,25,12,21,13,8,15,5,10
C3010,27,14,0000,District - Yavatmal  14,Urban,35-59,110251,58547,51704,144,89,55,0,0,0,78,49,29,21,14,7,21,16,5,24,10,14
C3010,27,14,0000,District - Yavatmal  14,Urban,60+,34848,15946,18902,40,22,18,0,0,0,24,17,7,8,0,8,1,0,1,7,5,2
C3010,27,14,0000,District - Yavatmal  14,Urban,Age not stated,476,284,192,13,10,3,0,0,0,8,5,3,4,4,0,0,0,0,1,1,0
C3010,27,15,0000,District - Nanded  15,Total,All ages,2876259,1481358,1394901,778356,443529,334827,709500,391089,318411,61114,47032,14082,4061,3114,947,1023,773,250,2658,1521,1137
C3010,27,15,0000,District - Nanded  15,Total,0-4,322834,167031,155803,6077,3162,2915,6077,3162,2915,0,0,0,0,0,0,0,0,0,0,0,0
C3010,27,15,0000,District - Nanded  15,Total,5,80482,42174,38308,9668,4944,4724,9668,4944,4724,0,0,0,0,0,0,0,0,0,0,0,0
C3010,27,15,0000,District - Nanded  15,Total,6,73987,38263,35724,36191,18969,17222,36191,18969,17222,0,0,0,0,0,0,0,0,0,0,0,0
C3010,27,15,0000,District - Nanded  15,Total,7,69094,35514,33580,57529,30032,27497,57529,30032,27497,0,0,0,0,0,0,0,0,0,0,0,0
C3010,27,15,0000,District - Nanded  15,Total,8,85453,43619,41834,75876,39116,36760,75876,39116,36760,0,0,0,0,0,0,0,0,0,0,0,0
C3010,27,15,0000,District - Nanded  15,Total,9,73843,37237,36606,68256,34721,33535,68256,34721,33535,0,0,0,0,0,0,0,0,0,0,0,0
C3010,27,15,0000,District - Nanded  15,Total,10,104092,53674,50418,90962,47567,43395,90962,47567,43395,0,0,0,0,0,0,0,0,0,0,0,0
C3010,27,15,0000,District - Nanded  15,Total,11,64043,33384,30659,57862,30708,27154,57862,30708,27154,0,0,0,0,0,0,0,0,0,0,0,0
C3010,27,15,0000,District - Nanded  15,Total,12,96449,50935,45514,77539,42368,35171,77539,42368,35171,0,0,0,0,0,0,0,0,0,0,0,0
C3010,27,15,0000,District - Nanded  15,Total,13,62282,33181,29101,50750,28241,22509,50750,28241,22509,0,0,0,0,0,0,0,0,0,0,0,0
C3010,27,15,0000,District - Nanded  15,Total,14,65427,35048,30379,48040,27411,20629,48040,27411,20629,0,0,0,0,0,0,0,0,0,0,0,0
C3010,27,15,0000,District - Nanded  15,Total,15-19,279171,158771,120400,145663,93573,52090,119373,75195,44178,24045,16694,7351,1659,1254,405,528,400,128,58,30,28
C3010,27,15,0000,District - Nanded  15,Total,20-24,229289,121032,108257,42948,34117,8831,11377,8655,2722,30014,24265,5749,1273,1041,232,133,93,40,151,63,88
C3010,27,15,0000,District - Nanded  15,Total,25-29,215426,104582,110844,6656,5597,1059,0,0,0,5603,4870,733,601,482,119,148,118,30,304,127,177
C3010,27,15,0000,District - Nanded  15,Total,30-34,200453,100325,100128,1485,1120,365,0,0,0,827,711,116,195,142,53,79,63,16,384,204,180
C3010,27,15,0000,District - Nanded  15,Total,35-59,578712,301863,276849,2174,1425,749,0,0,0,474,374,100,264,163,101,112,85,27,1324,803,521
C3010,27,15,0000,District - Nanded  15,Total,60+,268085,120615,147470,585,384,201,0,0,0,79,59,20,63,29,34,18,9,9,425,287,138
C3010,27,15,0000,District - Nanded  15,Total,Age not stated,7137,4110,3027,95,74,21,0,0,0,72,59,13,6,3,3,5,5,0,12,7,5
C3010,27,15,0000,District - Nanded  15,Rural,All ages,2187195,1123468,1063727,564435,324327,240108,523908,291468,232440,35780,29583,6197,1618,1307,311,675,532,143,2454,1437,1017
C3010,27,15,0000,District - Nanded  15,Rural,0-4,250071,129298,120773,4243,2249,1994,4243,2249,1994,0,0,0,0,0,0,0,0,0,0,0,0
C3010,27,15,0000,District - Nanded  15,Rural,5,62611,32782,29829,5211,2694,2517,5211,2694,2517,0,0,0,0,0,0,0,0,0,0,0,0
C3010,27,15,0000,District - Nanded  15,Rural,6,56660,29358,27302,26403,13930,12473,26403,13930,12473,0,0,0,0,0,0,0,0,0,0,0,0
C3010,27,15,0000,District - Nanded  15,Rural,7,51835,26734,25101,42521,22388,20133,42521,22388,20133,0,0,0,0,0,0,0,0,0,0,0,0
C3010,27,15,0000,District - Nanded  15,Rural,8,65028,33035,31993,57480,29585,27895,57480,29585,27895,0,0,0,0,0,0,0,0,0,0,0,0
C3010,27,15,0000,District - Nanded  15,Rural,9,58629,29389,29240,54112,27414,26698,54112,27414,26698,0,0,0,0,0,0,0,0,0,0,0,0
C3010,27,15,0000,District - Nanded  15,Rural,10,80237,41194,39043,69701,36423,33278,69701,36423,33278,0,0,0,0,0,0,0,0,0,0,0,0
C3010,27,15,0000,District - Nanded  15,Rural,11,49286,25576,23710,44261,23463,20798,44261,23463,20798,0,0,0,0,0,0,0,0,0,0,0,0
C3010,27,15,0000,District - Nanded  15,Rural,12,73616,38841,34775,58076,31995,26081,58076,31995,26081,0,0,0,0,0,0,0,0,0,0,0,0
C3010,27,15,0000,District - Nanded  15,Rural,13,47334,25258,22076,37743,21263,16480,37743,21263,16480,0,0,0,0,0,0,0,0,0,0,0,0
C3010,27,15,0000,District - Nanded  15,Rural,14,49249,26580,22669,34987,20462,14525,34987,20462,14525,0,0,0,0,0,0,0,0,0,0,0,0
C3010,27,15,0000,District - Nanded  15,Rural,15-19,203089,117194,85895,97666,65766,31900,81677,53755,27922,15007,11236,3771,585,481,104,347,267,80,50,27,23
C3010,27,15,0000,District - Nanded  15,Rural,20-24,166763,87904,78859,24975,21097,3878,7493,5847,1646,16769,14708,2061,480,412,68,94,72,22,139,58,81
C3010,27,15,0000,District - Nanded  15,Rural,25-29,159525,77048,82477,3825,3333,492,0,0,0,3188,2915,273,272,221,51,89,78,11,276,119,157
C3010,27,15,0000,District - Nanded  15,Rural,30-34,151308,74806,76502,963,734,229,0,0,0,472,432,40,84,67,17,53,44,9,354,191,163
C3010,27,15,0000,District - Nanded  15,Rural,35-59,436719,226192,210527,1691,1138,553,0,0,0,242,209,33,149,104,45,78,64,14,1222,761,461
C3010,27,15,0000,District - Nanded  15,Rural,60+,219211,98777,120434,512,341,171,0,0,0,49,38,11,47,21,26,14,7,7,402,275,127
C3010,27,15,0000,District - Nanded  15,Rural,Age not stated,6024,3502,2522,65,52,13,0,0,0,53,45,8,1,1,0,0,0,0,11,6,5
C3010,27,15,0000,District - Nanded  15,Urban,All ages,689064,357890,331174,213921,119202,94719,185592,99621,85971,25334,17449,7885,2443,1807,636,348,241,107,204,84,120
C3010,27,15,0000,District - Nanded  15,Urban,0-4,72763,37733,35030,1834,913,921,1834,913,921,0,0,0,0,0,0,0,0,0,0,0,0
C3010,27,15,0000,District - Nanded  15,Urban,5,17871,9392,8479,4457,2250,2207,4457,2250,2207,0,0,0,0,0,0,0,0,0,0,0,0
C3010,27,15,0000,District - Nanded  15,Urban,6,17327,8905,8422,9788,5039,4749,9788,5039,4749,0,0,0,0,0,0,0,0,0,0,0,0
C3010,27,15,0000,District - Nanded  15,Urban,7,17259,8780,8479,15008,7644,7364,15008,7644,7364,0,0,0,0,0,0,0,0,0,0,0,0
C3010,27,15,0000,District - Nanded  15,Urban,8,20425,10584,9841,18396,9531,8865,18396,9531,8865,0,0,0,0,0,0,0,0,0,0,0,0
C3010,27,15,0000,District - Nanded  15,Urban,9,15214,7848,7366,14144,7307,6837,14144,7307,6837,0,0,0,0,0,0,0,0,0,0,0,0
C3010,27,15,0000,District - Nanded  15,Urban,10,23855,12480,11375,21261,11144,10117,21261,11144,10117,0,0,0,0,0,0,0,0,0,0,0,0
C3010,27,15,0000,District - Nanded  15,Urban,11,14757,7808,6949,13601,7245,6356,13601,7245,6356,0,0,0,0,0,0,0,0,0,0,0,0
C3010,27,15,0000,District - Nanded  15,Urban,12,22833,12094,10739,19463,10373,9090,19463,10373,9090,0,0,0,0,0,0,0,0,0,0,0,0
C3010,27,15,0000,District - Nanded  15,Urban,13,14948,7923,7025,13007,6978,6029,13007,6978,6029,0,0,0,0,0,0,0,0,0,0,0,0
C3010,27,15,0000,District - Nanded  15,Urban,14,16178,8468,7710,13053,6949,6104,13053,6949,6104,0,0,0,0,0,0,0,0,0,0,0,0
C3010,27,15,0000,District - Nanded  15,Urban,15-19,76082,41577,34505,47997,27807,20190,37696,21440,16256,9038,5458,3580,1074,773,301,181,133,48,8,3,5
C3010,27,15,0000,District - Nanded  15,Urban,20-24,62526,33128,29398,17973,13020,4953,3884,2808,1076,13245,9557,3688,793,629,164,39,21,18,12,5,7
C3010,27,15,0000,District - Nanded  15,Urban,25-29,55901,27534,28367,2831,2264,567,0,0,0,2415,1955,460,329,261,68,59,40,19,28,8,20
C3010,27,15,0000,District - Nanded  15,Urban,30-34,49145,25519,23626,522,386,136,0,0,0,355,279,76,111,75,36,26,19,7,30,13,17
C3010,27,15,0000,District - Nanded  15,Urban,35-59,141993,75671,66322,483,287,196,0,0,0,232,165,67,115,59,56,34,21,13,102,42,60
C3010,27,15,0000,District - Nanded  15,Urban,60+,48874,21838,27036,73,43,30,0,0,0,30,21,9,16,8,8,4,2,2,23,12,11
C3010,27,15,0000,District - Nanded  15,Urban,Age not stated,1113,608,505,30,22,8,0,0,0,19,14,5,5,2,3,5,5,0,1,1,0
C3010,27,16,0000,District - Hingoli *  16,Total,All ages,987160,505373,481787,243314,140479,102835,229764,129742,100022,11796,9635,2161,618,481,137,143,103,40,993,518,475
C3010,27,16,0000,District - Hingoli *  16,Total,0-4,114337,59450,54887,1966,1011,955,1966,1011,955,0,0,0,0,0,0,0,0,0,0,0,0
C3010,27,16,0000,District - Hingoli *  16,Total,5,28207,14799,13408,3381,1743,1638,3381,1743,1638,0,0,0,0,0,0,0,0,0,0,0,0
C3010,27,16,0000,District - Hingoli *  16,Total,6,24554,12468,12086,12082,6260,5822,12082,6260,5822,0,0,0,0,0,0,0,0,0,0,0,0
C3010,27,16,0000,District - Hingoli *  16,Total,7,21018,10704,10314,17346,8981,8365,17346,8981,8365,0,0,0,0,0,0,0,0,0,0,0,0
C3010,27,16,0000,District - Hingoli *  16,Total,8,27180,14001,13179,24419,12755,11664,24419,12755,11664,0,0,0,0,0,0,0,0,0,0,0,0
C3010,27,16,0000,District - Hingoli *  16,Total,9,25596,13024,12572,23924,12340,11584,23924,12340,11584,0,0,0,0,0,0,0,0,0,0,0,0
C3010,27,16,0000,District - Hingoli *  16,Total,10,34677,17912,16765,31099,16369,14730,31099,16369,14730,0,0,0,0,0,0,0,0,0,0,0,0
C3010,27,16,0000,District - Hingoli *  16,Total,11,23756,12454,11302,21672,11646,10026,21672,11646,10026,0,0,0,0,0,0,0,0,0,0,0,0
C3010,27,16,0000,District - Hingoli *  16,Total,12,30960,16468,14492,25120,14041,11079,25120,14041,11079,0,0,0,0,0,0,0,0,0,0,0,0
C3010,27,16,0000,District - Hingoli *  16,Total,13,22302,12026,10276,17599,10170,7429,17599,10170,7429,0,0,0,0,0,0,0,0,0,0,0,0
C3010,27,16,0000,District - Hingoli *  16,Total,14,22613,12446,10167,15669,9547,6122,15669,9547,6122,0,0,0,0,0,0,0,0,0,0,0,0
C3010,27,16,0000,District - Hingoli *  16,Total,15-19,90013,51183,38830,38271,26726,11545,33011,22802,10209,4939,3687,1252,237,182,55,59,42,17,25,13,12
C3010,27,16,0000,District - Hingoli *  16,Total,20-24,75504,38904,36600,8452,7168,1284,2476,2077,399,5709,4896,813,180,150,30,25,21,4,62,24,38
C3010,27,16,0000,District - Hingoli *  16,Total,25-29,72927,34922,38005,1226,1058,168,0,0,0,978,908,70,109,87,22,23,15,8,116,48,68
C3010,27,16,0000,District - Hingoli *  16,Total,30-34,69377,34548,34829,333,225,108,0,0,0,119,106,13,32,29,3,11,7,4,171,83,88
C3010,27,16,0000,District - Hingoli *  16,Total,35-59,199816,103444,96372,591,331,260,0,0,0,38,27,11,45,25,20,20,16,4,488,263,225
C3010,27,16,0000,District - Hingoli *  16,Total,60+,103642,46241,57401,154,103,51,0,0,0,6,6,0,15,8,7,5,2,3,128,87,41
C3010,27,16,0000,District - Hingoli *  16,Total,Age not stated,681,379,302,10,5,5,0,0,0,7,5,2,0,0,0,0,0,0,3,0,3
C3010,27,16,0000,District - Hingoli *  16,Rural,All ages,833130,425840,407290,197942,115271,82671,188844,107628,81216,7627,6739,888,410,319,91,109,79,30,952,506,446
C3010,27,16,0000,District - Hingoli *  16,Rural,0-4,97330,50603,46727,1588,816,772,1588,816,772,0,0,0,0,0,0,0,0,0,0,0,0
C3010,27,16,0000,District - Hingoli *  16,Rural,5,24265,12689,11576,2581,1341,1240,2581,1341,1240,0,0,0,0,0,0,0,0,0,0,0,0
C3010,27,16,0000,District - Hingoli *  16,Rural,6,20646,10440,10206,10120,5269,4851,10120,5269,4851,0,0,0,0,0,0,0,0,0,0,0,0
C3010,27,16,0000,District - Hingoli *  16,Rural,7,17237,8811,8426,14166,7392,6774,14166,7392,6774,0,0,0,0,0,0,0,0,0,0,0,0
C3010,27,16,0000,District - Hingoli *  16,Rural,8,22374,11527,10847,20159,10569,9590,20159,10569,9590,0,0,0,0,0,0,0,0,0,0,0,0
C3010,27,16,0000,District - Hingoli *  16,Rural,9,22011,11234,10777,20569,10657,9912,20569,10657,9912,0,0,0,0,0,0,0,0,0,0,0,0
C3010,27,16,0000,District - Hingoli *  16,Rural,10,28926,14865,14061,25950,13629,12321,25950,13629,12321,0,0,0,0,0,0,0,0,0,0,0,0
C3010,27,16,0000,District - Hingoli *  16,Rural,11,20308,10615,9693,18482,9920,8562,18482,9920,8562,0,0,0,0,0,0,0,0,0,0,0,0
C3010,27,16,0000,District - Hingoli *  16,Rural,12,25751,13743,12008,20702,11677,9025,20702,11677,9025,0,0,0,0,0,0,0,0,0,0,0,0
C3010,27,16,0000,District - Hingoli *  16,Rural,13,18784,10198,8586,14603,8579,6024,14603,8579,6024,0,0,0,0,0,0,0,0,0,0,0,0
C3010,27,16,0000,District - Hingoli *  16,Rural,14,18815,10459,8356,12653,7912,4741,12653,7912,4741,0,0,0,0,0,0,0,0,0,0,0,0
C3010,27,16,0000,District - Hingoli *  16,Rural,15-19,73998,42182,31816,28855,21051,7804,25473,18305,7168,3167,2590,577,145,110,35,45,33,12,25,13,12
C3010,27,16,0000,District - Hingoli *  16,Rural,20-24,62960,32343,30617,5670,5108,562,1798,1562,236,3684,3410,274,111,97,14,17,15,2,60,24,36
C3010,27,16,0000,District - Hingoli *  16,Rural,25-29,61056,29253,31803,877,759,118,0,0,0,673,645,28,76,58,18,16,10,6,112,46,66
C3010,27,16,0000,District - Hingoli *  16,Rural,30-34,58320,28924,29396,283,189,94,0,0,0,78,73,5,30,27,3,9,6,3,166,83,83
C3010,27,16,0000,District - Hingoli *  16,Rural,35-59,168448,86690,81758,535,304,231,0,0,0,19,16,3,36,20,16,17,13,4,463,255,208
C3010,27,16,0000,District - Hingoli *  16,Rural,60+,91317,40936,50381,143,97,46,0,0,0,3,3,0,12,7,5,5,2,3,123,85,38
C3010,27,16,0000,District - Hingoli *  16,Rural,Age not stated,584,328,256,6,2,4,0,0,0,3,2,1,0,0,0,0,0,0,3,0,3
C3010,27,16,0000,District - Hingoli *  16,Urban,All ages,154030,79533,74497,45372,25208,20164,40920,22114,18806,4169,2896,1273,208,162,46,34,24,10,41,12,29
C3010,27,16,0000,District - Hingoli *  16,Urban,0-4,17007,8847,8160,378,195,183,378,195,183,0,0,0,0,0,0,0,0,0,0,0,0
C3010,27,16,0000,District - Hingoli *  16,Urban,5,3942,2110,1832,800,402,398,800,402,398,0,0,0,0,0,0,0,0,0,0,0,0
C3010,27,16,0000,District - Hingoli *  16,Urban,6,3908,2028,1880,1962,991,971,1962,991,971,0,0,0,0,0,0,0,0,0,0,0,0
C3010,27,16,0000,District - Hingoli *  16,Urban,7,3781,1893,1888,3180,1589,1591,3180,1589,1591,0,0,0,0,0,0,0,0,0,0,0,0
C3010,27,16,0000,District - Hingoli *  16,Urban,8,4806,2474,2332,4260,2186,2074,4260,2186,2074,0,0,0,0,0,0,0,0,0,0,0,0
C3010,27,16,0000,District - Hingoli *  16,Urban,9,3585,1790,1795,3355,1683,1672,3355,1683,1672,0,0,0,0,0,0,0,0,0,0,0,0
C3010,27,16,0000,District - Hingoli *  16,Urban,10,5751,3047,2704,5149,2740,2409,5149,2740,2409,0,0,0,0,0,0,0,0,0,0,0,0
C3010,27,16,0000,District - Hingoli *  16,Urban,11,3448,1839,1609,3190,1726,1464,3190,1726,1464,0,0,0,0,0,0,0,0,0,0,0,0
C3010,27,16,0000,District - Hingoli *  16,Urban,12,5209,2725,2484,4418,2364,2054,4418,2364,2054,0,0,0,0,0,0,0,0,0,0,0,0
C3010,27,16,0000,District - Hingoli *  16,Urban,13,3518,1828,1690,2996,1591,1405,2996,1591,1405,0,0,0,0,0,0,0,0,0,0,0,0
C3010,27,16,0000,District - Hingoli *  16,Urban,14,3798,1987,1811,3016,1635,1381,3016,1635,1381,0,0,0,0,0,0,0,0,0,0,0,0
C3010,27,16,0000,District - Hingoli *  16,Urban,15-19,16015,9001,7014,9416,5675,3741,7538,4497,3041,1772,1097,675,92,72,20,14,9,5,0,0,0
C3010,27,16,0000,District - Hingoli *  16,Urban,20-24,12544,6561,5983,2782,2060,722,678,515,163,2025,1486,539,69,53,16,8,6,2,2,0,2
C3010,27,16,0000,District - Hingoli *  16,Urban,25-29,11871,5669,6202,349,299,50,0,0,0,305,263,42,33,29,4,7,5,2,4,2,2
C3010,27,16,0000,District - Hingoli *  16,Urban,30-34,11057,5624,5433,50,36,14,0,0,0,41,33,8,2,2,0,2,1,1,5,0,5
C3010,27,16,0000,District - Hingoli *  16,Urban,35-59,31368,16754,14614,56,27,29,0,0,0,19,11,8,9,5,4,3,3,0,25,8,17
C3010,27,16,0000,District - Hingoli *  16,Urban,60+,12325,5305,7020,11,6,5,0,0,0,3,3,0,3,1,2,0,0,0,5,2,3
C3010,27,16,0000,District - Hingoli *  16,Urban,Age not stated,97,51,46,4,3,1,0,0,0,4,3,1,0,0,0,0,0,0,0,0,0
C3010,27,17,0000,District - Parbhani  17,Total,All ages,1527715,780191,747524,401210,228235,172975,371464,205926,165538,26535,20029,6506,1336,1084,252,475,382,93,1400,814,586
C3010,27,17,0000,District - Parbhani  17,Total,0-4,171802,89102,82700,4219,2148,2071,4219,2148,2071,0,0,0,0,0,0,0,0,0,0,0,0
C3010,27,17,0000,District - Parbhani  17,Total,5,43155,22836,20319,7348,3803,3545,7348,3803,3545,0,0,0,0,0,0,0,0,0,0,0,0
C3010,27,17,0000,District - Parbhani  17,Total,6,37478,19338,18140,20067,10601,9466,20067,10601,9466,0,0,0,0,0,0,0,0,0,0,0,0
C3010,27,17,0000,District - Parbhani  17,Total,7,33445,17264,16181,28258,14733,13525,28258,14733,13525,0,0,0,0,0,0,0,0,0,0,0,0
C3010,27,17,0000,District - Parbhani  17,Total,8,45309,23232,22077,40654,21081,19573,40654,21081,19573,0,0,0,0,0,0,0,0,0,0,0,0
C3010,27,17,0000,District - Parbhani  17,Total,9,40053,20385,19668,37428,19186,18242,37428,19186,18242,0,0,0,0,0,0,0,0,0,0,0,0
C3010,27,17,0000,District - Parbhani  17,Total,10,55471,28901,26570,49642,26246,23396,49642,26246,23396,0,0,0,0,0,0,0,0,0,0,0,0
C3010,27,17,0000,District - Parbhani  17,Total,11,36313,19205,17108,33238,17922,15316,33238,17922,15316,0,0,0,0,0,0,0,0,0,0,0,0
C3010,27,17,0000,District - Parbhani  17,Total,12,49429,26126,23303,40236,22070,18166,40236,22070,18166,0,0,0,0,0,0,0,0,0,0,0,0
C3010,27,17,0000,District - Parbhani  17,Total,13,33533,17888,15645,26857,15069,11788,26857,15069,11788,0,0,0,0,0,0,0,0,0,0,0,0
C3010,27,17,0000,District - Parbhani  17,Total,14,34380,18902,15478,24634,14602,10032,24634,14602,10032,0,0,0,0,0,0,0,0,0,0,0,0
C3010,27,17,0000,District - Parbhani  17,Total,15-19,141514,79259,62255,65806,42759,23047,54710,35147,19563,10220,6907,3313,600,473,127,239,211,28,37,21,16
C3010,27,17,0000,District - Parbhani  17,Total,20-24,112920,58839,54081,18321,14498,3823,4173,3318,855,13541,10713,2828,424,358,66,80,58,22,103,51,52
C3010,27,17,0000,District - Parbhani  17,Total,25-29,106357,50755,55602,2742,2333,409,0,0,0,2292,2019,273,218,189,29,68,53,15,164,72,92
C3010,27,17,0000,District - Parbhani  17,Total,30-34,105615,51272,54343,606,428,178,0,0,0,318,267,51,37,29,8,33,21,12,218,111,107
C3010,27,17,0000,District - Parbhani  17,Total,35-59,319993,165287,154706,887,564,323,0,0,0,141,106,35,43,30,13,45,31,14,658,397,261
C3010,27,17,0000,District - Parbhani  17,Total,60+,160082,71132,88950,257,184,73,0,0,0,17,12,5,14,5,9,9,8,1,217,159,58
C3010,27,17,0000,District - Parbhani  17,Total,Age not stated,866,468,398,10,8,2,0,0,0,6,5,1,0,0,0,1,0,1,3,3,0
C3010,27,17,0000,District - Parbhani  17,Rural,All ages,1042529,529729,512800,253945,145985,107960,241647,135615,106032,10473,9094,1379,440,393,47,179,148,31,1206,735,471
C3010,27,17,0000,District - Parbhani  17,Rural,0-4,119991,62101,57890,3013,1536,1477,3013,1536,1477,0,0,0,0,0,0,0,0,0,0,0,0
C3010,27,17,0000,District - Parbhani  17,Rural,5,30628,16162,14466,4571,2344,2227,4571,2344,2227,0,0,0,0,0,0,0,0,0,0,0,0
C3010,27,17,0000,District - Parbhani  17,Rural,6,25785,13172,12613,13954,7396,6558,13954,7396,6558,0,0,0,0,0,0,0,0,0,0,0,0
C3010,27,17,0000,District - Parbhani  17,Rural,7,21561,11108,10453,18229,9528,8701,18229,9528,8701,0,0,0,0,0,0,0,0,0,0,0,0
C3010,27,17,0000,District - Parbhani  17,Rural,8,29914,15250,14664,27036,14006,13030,27036,14006,13030,0,0,0,0,0,0,0,0,0,0,0,0
C3010,27,17,0000,District - Parbhani  17,Rural,9,28887,14563,14324,27145,13819,13326,27145,13819,13326,0,0,0,0,0,0,0,0,0,0,0,0
C3010,27,17,0000,District - Parbhani  17,Rural,10,38055,19789,18266,34162,18122,16040,34162,18122,16040,0,0,0,0,0,0,0,0,0,0,0,0
C3010,27,17,0000,District - Parbhani  17,Rural,11,25464,13392,12072,23229,12531,10698,23229,12531,10698,0,0,0,0,0,0,0,0,0,0,0,0
C3010,27,17,0000,District - Parbhani  17,Rural,12,32992,17259,15733,26202,14417,11785,26202,14417,11785,0,0,0,0,0,0,0,0,0,0,0,0
C3010,27,17,0000,District - Parbhani  17,Rural,13,22442,12094,10348,17279,9985,7294,17279,9985,7294,0,0,0,0,0,0,0,0,0,0,0,0
C3010,27,17,0000,District - Parbhani  17,Rural,14,22589,12606,9983,15084,9415,5669,15084,9415,5669,0,0,0,0,0,0,0,0,0,0,0,0
C3010,27,17,0000,District - Parbhani  17,Rural,15-19,90321,51291,39030,34464,24590,9874,29769,20837,8932,4365,3475,890,194,177,17,101,81,20,35,20,15
C3010,27,17,0000,District - Parbhani  17,Rural,20-24,72858,37794,35064,7359,6574,785,1974,1679,295,5125,4694,431,143,130,13,29,26,3,88,45,43
C3010,27,17,0000,District - Parbhani  17,Rural,25-29,70450,33279,37171,1076,950,126,0,0,0,853,804,49,63,59,4,20,20,0,140,67,73
C3010,27,17,0000,District - Parbhani  17,Rural,30-34,71568,34446,37122,309,212,97,0,0,0,103,97,6,8,7,1,12,8,4,186,100,86
C3010,27,17,0000,District - Parbhani  17,Rural,35-59,216157,110540,105617,620,398,222,0,0,0,19,16,3,21,15,6,11,8,3,569,359,210
C3010,27,17,0000,District - Parbhani  17,Rural,60+,122340,54589,67751,205,155,50,0,0,0,4,4,0,11,5,6,5,5,0,185,141,44
C3010,27,17,0000,District - Parbhani  17,Rural,Age not stated,527,294,233,8,7,1,0,0,0,4,4,0,0,0,0,1,0,1,3,3,0
C3010,27,17,0000,District - Parbhani  17,Urban,All ages,485186,250462,234724,147265,82250,65015,129817,70311,59506,16062,10935,5127,896,691,205,296,234,62,194,79,115
C3010,27,17,0000,District - Parbhani  17,Urban,0-4,51811,27001,24810,1206,612,594,1206,612,594,0,0,0,0,0,0,0,0,0,0,0,0
C3010,27,17,0000,District - Parbhani  17,Urban,5,12527,6674,5853,2777,1459,1318,2777,1459,1318,0,0,0,0,0,0,0,0,0,0,0,0
C3010,27,17,0000,District - Parbhani  17,Urban,6,11693,6166,5527,6113,3205,2908,6113,3205,2908,0,0,0,0,0,0,0,0,0,0,0,0
C3010,27,17,0000,District - Parbhani  17,Urban,7,11884,6156,5728,10029,5205,4824,10029,5205,4824,0,0,0,0,0,0,0,0,0,0,0,0
C3010,27,17,0000,District - Parbhani  17,Urban,8,15395,7982,7413,13618,7075,6543,13618,7075,6543,0,0,0,0,0,0,0,0,0,0,0,0
C3010,27,17,0000,District - Parbhani  17,Urban,9,11166,5822,5344,10283,5367,4916,10283,5367,4916,0,0,0,0,0,0,0,0,0,0,0,0
C3010,27,17,0000,District - Parbhani  17,Urban,10,17416,9112,8304,15480,8124,7356,15480,8124,7356,0,0,0,0,0,0,0,0,0,0,0,0
C3010,27,17,0000,District - Parbhani  17,Urban,11,10849,5813,5036,10009,5391,4618,10009,5391,4618,0,0,0,0,0,0,0,0,0,0,0,0
C3010,27,17,0000,District - Parbhani  17,Urban,12,16437,8867,7570,14034,7653,6381,14034,7653,6381,0,0,0,0,0,0,0,0,0,0,0,0
C3010,27,17,0000,District - Parbhani  17,Urban,13,11091,5794,5297,9578,5084,4494,9578,5084,4494,0,0,0,0,0,0,0,0,0,0,0,0
C3010,27,17,0000,District - Parbhani  17,Urban,14,11791,6296,5495,9550,5187,4363,9550,5187,4363,0,0,0,0,0,0,0,0,0,0,0,0
C3010,27,17,0000,District - Parbhani  17,Urban,15-19,51193,27968,23225,31342,18169,13173,24941,14310,10631,5855,3432,2423,406,296,110,138,130,8,2,1,1
C3010,27,17,0000,District - Parbhani  17,Urban,20-24,40062,21045,19017,10962,7924,3038,2199,1639,560,8416,6019,2397,281,228,53,51,32,19,15,6,9
C3010,27,17,0000,District - Parbhani  17,Urban,25-29,35907,17476,18431,1666,1383,283,0,0,0,1439,1215,224,155,130,25,48,33,15,24,5,19
C3010,27,17,0000,District - Parbhani  17,Urban,30-34,34047,16826,17221,297,216,81,0,0,0,215,170,45,29,22,7,21,13,8,32,11,21
C3010,27,17,0000,District - Parbhani  17,Urban,35-59,103836,54747,49089,267,166,101,0,0,0,122,90,32,22,15,7,34,23,11,89,38,51
C3010,27,17,0000,District - Parbhani  17,Urban,60+,37742,16543,21199,52,29,23,0,0,0,13,8,5,3,0,3,4,3,1,32,18,14
C3010,27,17,0000,District - Parbhani  17,Urban,Age not stated,339,174,165,2,1,1,0,0,0,2,1,1,0,0,0,0,0,0,0,0,0
C3010,27,18,0000,District - Jalna  18,Total,All ages,1612980,826903,786077,398599,230548,168051,376985,213443,163542,18804,14899,3905,1643,1278,365,765,709,56,402,219,183
C3010,27,18,0000,District - Jalna  18,Total,0-4,178918,93984,84934,2142,1067,1075,2142,1067,1075,0,0,0,0,0,0,0,0,0,0,0,0
C3010,27,18,0000,District - Jalna  18,Total,5,43763,23263,20500,4268,2229,2039,4268,2229,2039,0,0,0,0,0,0,0,0,0,0,0,0
C3010,27,18,0000,District - Jalna  18,Total,6,38705,20098,18607,18724,9980,8744,18724,9980,8744,0,0,0,0,0,0,0,0,0,0,0,0
C3010,27,18,0000,District - Jalna  18,Total,7,36298,18851,17447,30182,16045,14137,30182,16045,14137,0,0,0,0,0,0,0,0,0,0,0,0
C3010,27,18,0000,District - Jalna  18,Total,8,43707,22588,21119,39115,20500,18615,39115,20500,18615,0,0,0,0,0,0,0,0,0,0,0,0
C3010,27,18,0000,District - Jalna  18,Total,9,42803,21571,21232,39747,20336,19411,39747,20336,19411,0,0,0,0,0,0,0,0,0,0,0,0
C3010,27,18,0000,District - Jalna  18,Total,10,57032,29406,27626,50341,26556,23785,50341,26556,23785,0,0,0,0,0,0,0,0,0,0,0,0
C3010,27,18,0000,District - Jalna  18,Total,11,40941,21843,19098,37221,20347,16874,37221,20347,16874,0,0,0,0,0,0,0,0,0,0,0,0
C3010,27,18,0000,District - Jalna  18,Total,12,51349,27556,23793,41417,23483,17934,41417,23483,17934,0,0,0,0,0,0,0,0,0,0,0,0
C3010,27,18,0000,District - Jalna  18,Total,13,36298,19569,16729,28392,16435,11957,28392,16435,11957,0,0,0,0,0,0,0,0,0,0,0,0
C3010,27,18,0000,District - Jalna  18,Total,14,36549,20061,16488,25043,15348,9695,25043,15348,9695,0,0,0,0,0,0,0,0,0,0,0,0
C3010,27,18,0000,District - Jalna  18,Total,15-19,151406,85092,66314,64550,43961,20589,55578,37286,18292,7822,5708,2114,666,509,157,464,447,17,20,11,9
C3010,27,18,0000,District - Jalna  18,Total,20-24,121445,63664,57781,14946,12251,2695,4815,3831,984,9467,7886,1581,475,380,95,140,130,10,49,24,25
C3010,27,18,0000,District - Jalna  18,Total,25-29,111899,53254,58645,1619,1402,217,0,0,0,1209,1068,141,295,257,38,64,53,11,51,24,27
C3010,27,18,0000,District - Jalna  18,Total,30-34,111785,53797,57988,305,212,93,0,0,0,146,110,36,71,48,23,24,21,3,64,33,31
C3010,27,18,0000,District - Jalna  18,Total,35-59,336193,174158,162035,413,281,132,0,0,0,110,85,25,98,66,32,59,48,11,146,82,64
C3010,27,18,0000,District - Jalna  18,Total,60+,170654,76247,94407,152,96,56,0,0,0,34,28,6,35,16,19,11,7,4,72,45,27
C3010,27,18,0000,District - Jalna  18,Total,Age not stated,3235,1901,1334,22,19,3,0,0,0,16,14,2,3,2,1,3,3,0,0,0,0
C3010,27,18,0000,District - Jalna  18,Rural,All ages,1305115,667441,637674,310034,181414,128620,296658,169982,126676,11665,10038,1627,723,596,127,636,603,33,352,195,157
C3010,27,18,0000,District - Jalna  18,Rural,0-4,145842,76691,69151,1296,640,656,1296,640,656,0,0,0,0,0,0,0,0,0,0,0,0
C3010,27,18,0000,District - Jalna  18,Rural,5,35622,18975,16647,2366,1258,1108,2366,1258,1108,0,0,0,0,0,0,0,0,0,0,0,0
C3010,27,18,0000,District - Jalna  18,Rural,6,31229,16170,15059,14406,7714,6692,14406,7714,6692,0,0,0,0,0,0,0,0,0,0,0,0
C3010,27,18,0000,District - Jalna  18,Rural,7,28875,14979,13896,23982,12775,11207,23982,12775,11207,0,0,0,0,0,0,0,0,0,0,0,0
C3010,27,18,0000,District - Jalna  18,Rural,8,34705,17851,16854,31098,16263,14835,31098,16263,14835,0,0,0,0,0,0,0,0,0,0,0,0
C3010,27,18,0000,District - Jalna  18,Rural,9,36048,18120,17928,33521,17125,16396,33521,17125,16396,0,0,0,0,0,0,0,0,0,0,0,0
C3010,27,18,0000,District - Jalna  18,Rural,10,46240,23807,22433,40822,21597,19225,40822,21597,19225,0,0,0,0,0,0,0,0,0,0,0,0
C3010,27,18,0000,District - Jalna  18,Rural,11,34302,18278,16024,31132,17063,14069,31132,17063,14069,0,0,0,0,0,0,0,0,0,0,0,0
C3010,27,18,0000,District - Jalna  18,Rural,12,41355,22231,19124,32978,18953,14025,32978,18953,14025,0,0,0,0,0,0,0,0,0,0,0,0
C3010,27,18,0000,District - Jalna  18,Rural,13,29468,16050,13418,22655,13434,9221,22655,13434,9221,0,0,0,0,0,0,0,0,0,0,0,0
C3010,27,18,0000,District - Jalna  18,Rural,14,29491,16388,13103,19445,12372,7073,19445,12372,7073,0,0,0,0,0,0,0,0,0,0,0,0
C3010,27,18,0000,District - Jalna  18,Rural,15-19,119405,67587,51818,46041,33175,12866,40141,28391,11750,5083,4044,1039,360,303,57,441,428,13,16,9,7
C3010,27,18,0000,District - Jalna  18,Rural,20-24,94520,49737,44783,8858,7867,991,2816,2397,419,5707,5182,525,181,160,21,111,106,5,43,22,21
C3010,27,18,0000,District - Jalna  18,Rural,25-29,86932,41215,45717,887,801,86,0,0,0,736,687,49,70,63,7,38,32,6,43,19,24
C3010,27,18,0000,District - Jalna  18,Rural,30-34,88592,42113,46479,168,124,44,0,0,0,72,65,7,28,20,8,13,12,1,55,27,28
C3010,27,18,0000,District - Jalna  18,Rural,35-59,271090,139135,131955,253,170,83,0,0,0,37,36,1,60,39,21,22,17,5,134,78,56
C3010,27,18,0000,District - Jalna  18,Rural,60+,148970,66669,82301,110,69,41,0,0,0,18,14,4,23,10,13,8,5,3,61,40,21
C3010,27,18,0000,District - Jalna  18,Rural,Age not stated,2429,1445,984,16,14,2,0,0,0,12,10,2,1,1,0,3,3,0,0,0,0
C3010,27,18,0000,District - Jalna  18,Urban,All ages,307865,159462,148403,88565,49134,39431,80327,43461,36866,7139,4861,2278,920,682,238,129,106,23,50,24,26
C3010,27,18,0000,District - Jalna  18,Urban,0-4,33076,17293,15783,846,427,419,846,427,419,0,0,0,0,0,0,0,0,0,0,0,0
C3010,27,18,0000,District - Jalna  18,Urban,5,8141,4288,3853,1902,971,931,1902,971,931,0,0,0,0,0,0,0,0,0,0,0,0
C3010,27,18,0000,District - Jalna  18,Urban,6,7476,3928,3548,4318,2266,2052,4318,2266,2052,0,0,0,0,0,0,0,0,0,0,0,0
C3010,27,18,0000,District - Jalna  18,Urban,7,7423,3872,3551,6200,3270,2930,6200,3270,2930,0,0,0,0,0,0,0,0,0,0,0,0
C3010,27,18,0000,District - Jalna  18,Urban,8,9002,4737,4265,8017,4237,3780,8017,4237,3780,0,0,0,0,0,0,0,0,0,0,0,0
C3010,27,18,0000,District - Jalna  18,Urban,9,6755,3451,3304,6226,3211,3015,6226,3211,3015,0,0,0,0,0,0,0,0,0,0,0,0
C3010,27,18,0000,District - Jalna  18,Urban,10,10792,5599,5193,9519,4959,4560,9519,4959,4560,0,0,0,0,0,0,0,0,0,0,0,0
C3010,27,18,0000,District - Jalna  18,Urban,11,6639,3565,3074,6089,3284,2805,6089,3284,2805,0,0,0,0,0,0,0,0,0,0,0,0
C3010,27,18,0000,District - Jalna  18,Urban,12,9994,5325,4669,8439,4530,3909,8439,4530,3909,0,0,0,0,0,0,0,0,0,0,0,0
C3010,27,18,0000,District - Jalna  18,Urban,13,6830,3519,3311,5737,3001,2736,5737,3001,2736,0,0,0,0,0,0,0,0,0,0,0,0
C3010,27,18,0000,District - Jalna  18,Urban,14,7058,3673,3385,5598,2976,2622,5598,2976,2622,0,0,0,0,0,0,0,0,0,0,0,0
C3010,27,18,0000,District - Jalna  18,Urban,15-19,32001,17505,14496,18509,10786,7723,15437,8895,6542,2739,1664,1075,306,206,100,23,19,4,4,2,2
C3010,27,18,0000,District - Jalna  18,Urban,20-24,26925,13927,12998,6088,4384,1704,1999,1434,565,3760,2704,1056,294,220,74,29,24,5,6,2,4
C3010,27,18,0000,District - Jalna  18,Urban,25-29,24967,12039,12928,732,601,131,0,0,0,473,381,92,225,194,31,26,21,5,8,5,3
C3010,27,18,0000,District - Jalna  18,Urban,30-34,23193,11684,11509,137,88,49,0,0,0,74,45,29,43,28,15,11,9,2,9,6,3
C3010,27,18,0000,District - Jalna  18,Urban,35-59,65103,35023,30080,160,111,49,0,0,0,73,49,24,38,27,11,37,31,6,12,4,8
C3010,27,18,0000,District - Jalna  18,Urban,60+,21684,9578,12106,42,27,15,0,0,0,16,14,2,12,6,6,3,2,1,11,5,6
C3010,27,18,0000,District - Jalna  18,Urban,Age not stated,806,456,350,6,5,1,0,0,0,4,4,0,2,1,1,0,0,0,0,0,0
C3010,27,19,0000,District - Aurangabad  19,Total,All ages,2897013,1505363,1391650,796635,450915,345720,726209,400606,325603,63176,45362,17814,5389,3759,1630,1168,817,351,693,371,322
C3010,27,19,0000,District - Aurangabad  19,Total,0-4,326108,172755,153353,6648,3512,3136,6648,3512,3136,0,0,0,0,0,0,0,0,0,0,0,0
C3010,27,19,0000,District - Aurangabad  19,Total,5,74626,39585,35041,11565,6066,5499,11565,6066,5499,0,0,0,0,0,0,0,0,0,0,0,0
C3010,27,19,0000,District - Aurangabad  19,Total,6,67200,35202,31998,37190,19686,17504,37190,19686,17504,0,0,0,0,0,0,0,0,0,0,0,0
C3010,27,19,0000,District - Aurangabad  19,Total,7,63362,32702,30660,55443,28887,26556,55443,28887,26556,0,0,0,0,0,0,0,0,0,0,0,0
C3010,27,19,0000,District - Aurangabad  19,Total,8,76131,39694,36437,70068,36896,33172,70068,36896,33172,0,0,0,0,0,0,0,0,0,0,0,0
C3010,27,19,0000,District - Aurangabad  19,Total,9,70873,36141,34732,66926,34392,32534,66926,34392,32534,0,0,0,0,0,0,0,0,0,0,0,0
C3010,27,19,0000,District - Aurangabad  19,Total,10,93737,48761,44976,86145,45264,40881,86145,45264,40881,0,0,0,0,0,0,0,0,0,0,0,0
C3010,27,19,0000,District - Aurangabad  19,Total,11,69280,36268,33012,64748,34313,30435,64748,34313,30435,0,0,0,0,0,0,0,0,0,0,0,0
C3010,27,19,0000,District - Aurangabad  19,Total,12,88199,46804,41395,77462,42142,35320,77462,42142,35320,0,0,0,0,0,0,0,0,0,0,0,0
C3010,27,19,0000,District - Aurangabad  19,Total,13,67874,35861,32013,58532,31975,26557,58532,31975,26557,0,0,0,0,0,0,0,0,0,0,0,0
C3010,27,19,0000,District - Aurangabad  19,Total,14,67148,36255,30893,53456,30311,23145,53456,30311,23145,0,0,0,0,0,0,0,0,0,0,0,0
C3010,27,19,0000,District - Aurangabad  19,Total,15-19,286788,162060,124728,152964,95853,57111,127366,78911,48455,22809,15003,7806,2240,1526,714,525,401,124,24,12,12
C3010,27,19,0000,District - Aurangabad  19,Total,20-24,251725,132672,119053,45735,34226,11509,10660,8251,2409,33168,24678,8490,1680,1165,515,167,103,64,60,29,31
C3010,27,19,0000,District - Aurangabad  19,Total,25-29,230310,113818,116492,6822,5399,1423,0,0,0,5713,4608,1105,814,611,203,226,157,69,69,23,46
C3010,27,19,0000,District - Aurangabad  19,Total,30-34,209904,106414,103490,1279,910,369,0,0,0,835,618,217,255,186,69,88,53,35,101,53,48
C3010,27,19,0000,District - Aurangabad  19,Total,35-59,590586,311496,279090,1276,836,440,0,0,0,524,362,162,307,223,84,142,93,49,303,158,145
C3010,27,19,0000,District - Aurangabad  19,Total,60+,258624,116286,142338,324,207,117,0,0,0,90,65,25,81,38,43,20,10,10,133,94,39
C3010,27,19,0000,District - Aurangabad  19,Total,Age not stated,4538,2589,1949,52,40,12,0,0,0,37,28,9,12,10,2,0,0,0,3,2,1
C3010,27,19,0000,District - Aurangabad  19,Rural,All ages,1809863,934813,875050,466412,266636,199776,443529,247810,195719,20801,17289,3512,1028,814,214,498,410,88,556,313,243
C3010,27,19,0000,District - Aurangabad  19,Rural,0-4,207860,109957,97903,2957,1559,1398,2957,1559,1398,0,0,0,0,0,0,0,0,0,0,0,0
C3010,27,19,0000,District - Aurangabad  19,Rural,5,48604,25783,22821,4863,2589,2274,4863,2589,2274,0,0,0,0,0,0,0,0,0,0,0,0
C3010,27,19,0000,District - Aurangabad  19,Rural,6,42676,22306,20370,23582,12538,11044,23582,12538,11044,0,0,0,0,0,0,0,0,0,0,0,0
C3010,27,19,0000,District - Aurangabad  19,Rural,7,38674,20038,18636,33602,17621,15981,33602,17621,15981,0,0,0,0,0,0,0,0,0,0,0,0
C3010,27,19,0000,District - Aurangabad  19,Rural,8,47236,24666,22570,43440,22992,20448,43440,22992,20448,0,0,0,0,0,0,0,0,0,0,0,0
C3010,27,19,0000,District - Aurangabad  19,Rural,9,48054,24411,23643,45299,23252,22047,45299,23252,22047,0,0,0,0,0,0,0,0,0,0,0,0
C3010,27,19,0000,District - Aurangabad  19,Rural,10,59773,30695,29078,54573,28425,26148,54573,28425,26148,0,0,0,0,0,0,0,0,0,0,0,0
C3010,27,19,0000,District - Aurangabad  19,Rural,11,46351,24293,22058,43103,22990,20113,43103,22990,20113,0,0,0,0,0,0,0,0,0,0,0,0
C3010,27,19,0000,District - Aurangabad  19,Rural,12,56005,29550,26455,48502,26536,21966,48502,26536,21966,0,0,0,0,0,0,0,0,0,0,0,0
C3010,27,19,0000,District - Aurangabad  19,Rural,13,44386,23582,20804,37429,20890,16539,37429,20890,16539,0,0,0,0,0,0,0,0,0,0,0,0
C3010,27,19,0000,District - Aurangabad  19,Rural,14,43189,23630,19559,33198,19572,13626,33198,19572,13626,0,0,0,0,0,0,0,0,0,0,0,0
C3010,27,19,0000,District - Aurangabad  19,Rural,15-19,172050,98962,73088,79167,53400,25767,68772,45342,23430,9622,7416,2206,449,373,76,309,263,46,15,6,9
C3010,27,19,0000,District - Aurangabad  19,Rural,20-24,142917,75720,67197,14157,12261,1896,4209,3504,705,9596,8487,1109,252,203,49,57,47,10,43,20,23
C3010,27,19,0000,District - Aurangabad  19,Rural,25-29,132591,65024,67567,1545,1323,222,0,0,0,1296,1146,150,125,102,23,69,55,14,55,20,35
C3010,27,19,0000,District - Aurangabad  19,Rural,30-34,124162,61527,62635,321,246,75,0,0,0,169,144,25,56,44,12,19,15,4,77,43,34
C3010,27,19,0000,District - Aurangabad  19,Rural,35-59,361054,187007,174047,454,294,160,0,0,0,81,66,15,90,65,25,37,28,9,246,135,111
C3010,27,19,0000,District - Aurangabad  19,Rural,60+,191369,86000,105369,204,137,67,0,0,0,25,21,4,55,27,28,7,2,5,117,87,30
C3010,27,19,0000,District - Aurangabad  19,Rural,Age not stated,2912,1662,1250,16,11,5,0,0,0,12,9,3,1,0,1,0,0,0,3,2,1
C3010,27,19,0000,District - Aurangabad  19,Urban,All ages,1087150,570550,516600,330223,184279,145944,282680,152796,129884,42375,28073,14302,4361,2945,1416,670,407,263,137,58,79
C3010,27,19,0000,District - Aurangabad  19,Urban,0-4,118248,62798,55450,3691,1953,1738,3691,1953,1738,0,0,0,0,0,0,0,0,0,0,0,0
C3010,27,19,0000,District - Aurangabad  19,Urban,5,26022,13802,12220,6702,3477,3225,6702,3477,3225,0,0,0,0,0,0,0,0,0,0,0,0
C3010,27,19,0000,District - Aurangabad  19,Urban,6,24524,12896,11628,13608,7148,6460,13608,7148,6460,0,0,0,0,0,0,0,0,0,0,0,0
C3010,27,19,0000,District - Aurangabad  19,Urban,7,24688,12664,12024,21841,11266,10575,21841,11266,10575,0,0,0,0,0,0,0,0,0,0,0,0
C3010,27,19,0000,District - Aurangabad  19,Urban,8,28895,15028,13867,26628,13904,12724,26628,13904,12724,0,0,0,0,0,0,0,0,0,0,0,0
C3010,27,19,0000,District - Aurangabad  19,Urban,9,22819,11730,11089,21627,11140,10487,21627,11140,10487,0,0,0,0,0,0,0,0,0,0,0,0
C3010,27,19,0000,District - Aurangabad  19,Urban,10,33964,18066,15898,31572,16839,14733,31572,16839,14733,0,0,0,0,0,0,0,0,0,0,0,0
C3010,27,19,0000,District - Aurangabad  19,Urban,11,22929,11975,10954,21645,11323,10322,21645,11323,10322,0,0,0,0,0,0,0,0,0,0,0,0
C3010,27,19,0000,District - Aurangabad  19,Urban,12,32194,17254,14940,28960,15606,13354,28960,15606,13354,0,0,0,0,0,0,0,0,0,0,0,0
C3010,27,19,0000,District - Aurangabad  19,Urban,13,23488,12279,11209,21103,11085,10018,21103,11085,10018,0,0,0,0,0,0,0,0,0,0,0,0
C3010,27,19,0000,District - Aurangabad  19,Urban,14,23959,12625,11334,20258,10739,9519,20258,10739,9519,0,0,0,0,0,0,0,0,0,0,0,0
C3010,27,19,0000,District - Aurangabad  19,Urban,15-19,114738,63098,51640,73797,42453,31344,58594,33569,25025,13187,7587,5600,1791,1153,638,216,138,78,9,6,3
C3010,27,19,0000,District - Aurangabad  19,Urban,20-24,108808,56952,51856,31578,21965,9613,6451,4747,1704,23572,16191,7381,1428,962,466,110,56,54,17,9,8
C3010,27,19,0000,District - Aurangabad  19,Urban,25-29,97719,48794,48925,5277,4076,1201,0,0,0,4417,3462,955,689,509,180,157,102,55,14,3,11
C3010,27,19,0000,District - Aurangabad  19,Urban,30-34,85742,44887,40855,958,664,294,0,0,0,666,474,192,199,142,57,69,38,31,24,10,14
C3010,27,19,0000,District - Aurangabad  19,Urban,35-59,229532,124489,105043,822,542,280,0,0,0,443,296,147,217,158,59,105,65,40,57,23,34
C3010,27,19,0000,District - Aurangabad  19,Urban,60+,67255,30286,36969,120,70,50,0,0,0,65,44,21,26,11,15,13,8,5,16,7,9
C3010,27,19,0000,District - Aurangabad  19,Urban,Age not stated,1626,927,699,36,29,7,0,0,0,25,19,6,11,10,1,0,0,0,0,0,0
C3010,27,20,0000,District - Nashik  20,Total,All ages,4993796,2590912,2402884,1234241,682734,551507,1124017,609441,514576,93154,62061,31093,12441,8902,3539,2955,1623,1332,1674,707,967
C3010,27,20,0000,District - Nashik  20,Total,0-4,555171,289333,265838,12793,6672,6121,12793,6672,6121,0,0,0,0,0,0,0,0,0,0,0,0
C3010,27,20,0000,District - Nashik  20,Total,5,124698,65430,59268,17510,9133,8377,17510,9133,8377,0,0,0,0,0,0,0,0,0,0,0,0
C3010,27,20,0000,District - Nashik  20,Total,6,109529,56298,53231,53317,27715,25602,53317,27715,25602,0,0,0,0,0,0,0,0,0,0,0,0
C3010,27,20,0000,District - Nashik  20,Total,7,106239,54594,51645,90026,46820,43206,90026,46820,43206,0,0,0,0,0,0,0,0,0,0,0,0
C3010,27,20,0000,District - Nashik  20,Total,8,118448,61459,56989,105471,55340,50131,105471,55340,50131,0,0,0,0,0,0,0,0,0,0,0,0
C3010,27,20,0000,District - Nashik  20,Total,9,110812,56624,54188,101697,52467,49230,101697,52467,49230,0,0,0,0,0,0,0,0,0,0,0,0
C3010,27,20,0000,District - Nashik  20,Total,10,142414,73862,68552,125664,66013,59651,125664,66013,59651,0,0,0,0,0,0,0,0,0,0,0,0
C3010,27,20,0000,District - Nashik  20,Total,11,111543,58373,53170,101582,53846,47736,101582,53846,47736,0,0,0,0,0,0,0,0,0,0,0,0
C3010,27,20,0000,District - Nashik  20,Total,12,136277,72164,64113,114757,61990,52767,114757,61990,52767,0,0,0,0,0,0,0,0,0,0,0,0
C3010,27,20,0000,District - Nashik  20,Total,13,107819,56187,51632,90554,48428,42126,90554,48428,42126,0,0,0,0,0,0,0,0,0,0,0,0
C3010,27,20,0000,District - Nashik  20,Total,14,114086,59965,54121,86196,47185,39011,86196,47185,39011,0,0,0,0,0,0,0,0,0,0,0,0
C3010,27,20,0000,District - Nashik  20,Total,15-19,517134,284360,232774,257175,152040,105135,210477,123270,87207,38796,23731,15065,5957,4164,1793,1857,833,1024,88,42,46
C3010,27,20,0000,District - Nashik  20,Total,20-24,464029,250327,213702,66723,47472,19251,13973,10562,3411,48382,33825,14557,3707,2715,992,445,301,144,216,69,147
C3010,27,20,0000,District - Nashik  20,Total,25-29,401766,203225,198541,6670,5033,1637,0,0,0,4621,3587,1034,1438,1080,358,310,245,65,301,121,180
C3010,27,20,0000,District - Nashik  20,Total,30-34,364165,185102,179063,1572,1035,537,0,0,0,632,440,192,508,381,127,125,93,32,307,121,186
C3010,27,20,0000,District - Nashik  20,Total,35-59,1122084,586511,535573,2075,1281,794,0,0,0,556,368,188,689,480,209,188,129,59,642,304,338
C3010,27,20,0000,District - Nashik  20,Total,60+,376144,171032,205112,372,205,167,0,0,0,110,75,35,120,63,57,23,18,5,119,49,70
C3010,27,20,0000,District - Nashik  20,Total,Age not stated,11438,6066,5372,87,59,28,0,0,0,57,35,22,22,19,3,7,4,3,1,1,0
C3010,27,20,0000,District - Nashik  20,Rural,All ages,3056240,1571221,1485019,704845,396212,308633,660465,363233,297232,38534,29044,9490,3475,2694,781,844,599,245,1527,642,885
C3010,27,20,0000,District - Nashik  20,Rural,0-4,354425,183756,170669,3711,1919,1792,3711,1919,1792,0,0,0,0,0,0,0,0,0,0,0,0
C3010,27,20,0000,District - Nashik  20,Rural,5,80692,42154,38538,5110,2658,2452,5110,2658,2452,0,0,0,0,0,0,0,0,0,0,0,0
C3010,27,20,0000,District - Nashik  20,Rural,6,70012,35872,34140,30073,15791,14282,30073,15791,14282,0,0,0,0,0,0,0,0,0,0,0,0
C3010,27,20,0000,District - Nashik  20,Rural,7,65263,33428,31835,53896,28128,25768,53896,28128,25768,0,0,0,0,0,0,0,0,0,0,0,0
C3010,27,20,0000,District - Nashik  20,Rural,8,72344,37476,34868,63334,33326,30008,63334,33326,30008,0,0,0,0,0,0,0,0,0,0,0,0
C3010,27,20,0000,District - Nashik  20,Rural,9,71931,36574,35357,65229,33619,31610,65229,33619,31610,0,0,0,0,0,0,0,0,0,0,0,0
C3010,27,20,0000,District - Nashik  20,Rural,10,87860,45388,42472,75852,39896,35956,75852,39896,35956,0,0,0,0,0,0,0,0,0,0,0,0
C3010,27,20,0000,District - Nashik  20,Rural,11,70317,36774,33543,63001,33562,29439,63001,33562,29439,0,0,0,0,0,0,0,0,0,0,0,0
C3010,27,20,0000,District - Nashik  20,Rural,12,84137,44423,39714,68664,37341,31323,68664,37341,31323,0,0,0,0,0,0,0,0,0,0,0,0
C3010,27,20,0000,District - Nashik  20,Rural,13,66656,34968,31688,54429,29668,24761,54429,29668,24761,0,0,0,0,0,0,0,0,0,0,0,0
C3010,27,20,0000,District - Nashik  20,Rural,14,70576,37449,33127,51313,28951,22362,51313,28951,22362,0,0,0,0,0,0,0,0,0,0,0,0
C3010,27,20,0000,District - Nashik  20,Rural,15-19,311416,171842,139574,139822,87406,52416,118572,72653,45919,18741,12875,5866,1861,1461,400,573,383,190,75,34,41
C3010,27,20,0000,District - Nashik  20,Rural,20-24,263914,141776,122138,26006,20847,5159,7281,5721,1560,17617,14316,3301,824,676,148,94,75,19,190,59,131
C3010,27,20,0000,District - Nashik  20,Rural,25-29,228097,114619,113478,2365,1905,460,0,0,0,1699,1476,223,306,251,55,81,68,13,279,110,169
C3010,27,20,0000,District - Nashik  20,Rural,30-34,209368,103680,105688,618,363,255,0,0,0,190,157,33,103,66,37,30,25,5,295,115,180
C3010,27,20,0000,District - Nashik  20,Rural,35-59,681262,348343,332919,1132,670,462,0,0,0,207,166,41,283,184,99,55,42,13,587,278,309
C3010,27,20,0000,District - Nashik  20,Rural,60+,257944,117419,140525,242,127,115,0,0,0,50,34,16,82,42,40,10,6,4,100,45,55
C3010,27,20,0000,District - Nashik  20,Rural,Age not stated,10026,5280,4746,48,35,13,0,0,0,30,20,10,16,14,2,1,0,1,1,1,0
C3010,27,20,0000,District - Nashik  20,Urban,All ages,1937556,1019691,917865,529396,286522,242874,463552,246208,217344,54620,33017,21603,8966,6208,2758,2111,1024,1087,147,65,82
C3010,27,20,0000,District - Nashik  20,Urban,0-4,200746,105577,95169,9082,4753,4329,9082,4753,4329,0,0,0,0,0,0,0,0,0,0,0,0
C3010,27,20,0000,District - Nashik  20,Urban,5,44006,23276,20730,12400,6475,5925,12400,6475,5925,0,0,0,0,0,0,0,0,0,0,0,0
C3010,27,20,0000,District - Nashik  20,Urban,6,39517,20426,19091,23244,11924,11320,23244,11924,11320,0,0,0,0,0,0,0,0,0,0,0,0
C3010,27,20,0000,District - Nashik  20,Urban,7,40976,21166,19810,36130,18692,17438,36130,18692,17438,0,0,0,0,0,0,0,0,0,0,0,0
C3010,27,20,0000,District - Nashik  20,Urban,8,46104,23983,22121,42137,22014,20123,42137,22014,20123,0,0,0,0,0,0,0,0,0,0,0,0
C3010,27,20,0000,District - Nashik  20,Urban,9,38881,20050,18831,36468,18848,17620,36468,18848,17620,0,0,0,0,0,0,0,0,0,0,0,0
C3010,27,20,0000,District - Nashik  20,Urban,10,54554,28474,26080,49812,26117,23695,49812,26117,23695,0,0,0,0,0,0,0,0,0,0,0,0
C3010,27,20,0000,District - Nashik  20,Urban,11,41226,21599,19627,38581,20284,18297,38581,20284,18297,0,0,0,0,0,0,0,0,0,0,0,0
C3010,27,20,0000,District - Nashik  20,Urban,12,52140,27741,24399,46093,24649,21444,46093,24649,21444,0,0,0,0,0,0,0,0,0,0,0,0
C3010,27,20,0000,District - Nashik  20,Urban,13,41163,21219,19944,36125,18760,17365,36125,18760,17365,0,0,0,0,0,0,0,0,0,0,0,0
C3010,27,20,0000,District - Nashik  20,Urban,14,43510,22516,20994,34883,18234,16649,34883,18234,16649,0,0,0,0,0,0,0,0,0,0,0,0
C3010,27,20,0000,District - Nashik  20,Urban,15-19,205718,112518,93200,117353,64634,52719,91905,50617,41288,20055,10856,9199,4096,2703,1393,1284,450,834,13,8,5
C3010,27,20,0000,District - Nashik  20,Urban,20-24,200115,108551,91564,40717,26625,14092,6692,4841,1851,30765,19509,11256,2883,2039,844,351,226,125,26,10,16
C3010,27,20,0000,District - Nashik  20,Urban,25-29,173669,88606,85063,4305,3128,1177,0,0,0,2922,2111,811,1132,829,303,229,177,52,22,11,11
C3010,27,20,0000,District - Nashik  20,Urban,30-34,154797,81422,73375,954,672,282,0,0,0,442,283,159,405,315,90,95,68,27,12,6,6
C3010,27,20,0000,District - Nashik  20,Urban,35-59,440822,238168,202654,943,611,332,0,0,0,349,202,147,406,296,110,133,87,46,55,26,29
C3010,27,20,0000,District - Nashik  20,Urban,60+,118200,53613,64587,130,78,52,0,0,0,60,41,19,38,21,17,13,12,1,19,4,15
C3010,27,20,0000,District - Nashik  20,Urban,Age not stated,1412,786,626,39,24,15,0,0,0,27,15,12,6,5,1,6,4,2,0,0,0
C3010,27,21,0000,District - Thane  21,Total,All ages,8131849,4377747,3754102,1893476,1031995,861481,1705456,920432,785024,156575,90863,65712,23247,16432,6815,4572,2901,1671,3626,1367,2259
C3010,27,21,0000,District - Thane  21,Total,0-4,807044,417212,389832,37178,19807,17371,37178,19807,17371,0,0,0,0,0,0,0,0,0,0,0,0
C3010,27,21,0000,District - Thane  21,Total,5,182666,95466,87200,46385,24638,21747,46385,24638,21747,0,0,0,0,0,0,0,0,0,0,0,0
C3010,27,21,0000,District - Thane  21,Total,6,155186,80152,75034,82139,42902,39237,82139,42902,39237,0,0,0,0,0,0,0,0,0,0,0,0
C3010,27,21,0000,District - Thane  21,Total,7,164449,84410,80039,142946,74243,68703,142946,74243,68703,0,0,0,0,0,0,0,0,0,0,0,0
C3010,27,21,0000,District - Thane  21,Total,8,180959,94887,86072,161423,85764,75659,161423,85764,75659,0,0,0,0,0,0,0,0,0,0,0,0
C3010,27,21,0000,District - Thane  21,Total,9,149833,77040,72793,137709,71612,66097,137709,71612,66097,0,0,0,0,0,0,0,0,0,0,0,0
C3010,27,21,0000,District - Thane  21,Total,10,207506,109833,97673,184996,99209,85787,184996,99209,85787,0,0,0,0,0,0,0,0,0,0,0,0
C3010,27,21,0000,District - Thane  21,Total,11,151338,80110,71228,139909,74873,65036,139909,74873,65036,0,0,0,0,0,0,0,0,0,0,0,0
C3010,27,21,0000,District - Thane  21,Total,12,199420,106813,92607,171948,93913,78035,171948,93913,78035,0,0,0,0,0,0,0,0,0,0,0,0
C3010,27,21,0000,District - Thane  21,Total,13,150925,78657,72268,131083,69654,61429,131083,69654,61429,0,0,0,0,0,0,0,0,0,0,0,0
C3010,27,21,0000,District - Thane  21,Total,14,155519,81996,73523,124493,67425,57068,124493,67425,57068,0,0,0,0,0,0,0,0,0,0,0,0
C3010,27,21,0000,District - Thane  21,Total,15-19,783724,435449,348275,400867,225216,175651,324176,182281,141895,65488,35359,30129,9469,6529,2940,1517,967,550,217,80,137
C3010,27,21,0000,District - Thane  21,Total,20-24,826262,462979,363283,111998,69702,42296,21071,14111,6960,81473,49097,32376,7638,5511,2127,1196,758,438,620,225,395
C3010,27,21,0000,District - Thane  21,Total,25-29,833515,447587,385928,12522,8471,4051,0,0,0,6974,4770,2204,3806,2798,1008,924,612,312,818,291,527
C3010,27,21,0000,District - Thane  21,Total,30-34,728316,398154,330162,3506,2035,1471,0,0,0,1285,822,463,1038,711,327,363,223,140,820,279,541
C3010,27,21,0000,District - Thane  21,Total,35-59,2029205,1122491,906714,3893,2244,1649,0,0,0,1111,661,450,1174,801,373,527,316,211,1081,466,615
C3010,27,21,0000,District - Thane  21,Total,60+,420149,201260,218889,423,248,175,0,0,0,202,127,75,110,71,39,42,24,18,69,26,43
C3010,27,21,0000,District - Thane  21,Total,Age not stated,5833,3251,2582,58,39,19,0,0,0,42,27,15,12,11,1,3,1,2,1,0,1
C3010,27,21,0000,District - Thane  21,Rural,All ages,2229376,1148123,1081253,465921,259211,206710,442713,244693,198020,16596,10761,5835,3063,2286,777,540,348,192,3009,1123,1886
C3010,27,21,0000,District - Thane  21,Rural,0-4,267302,135997,131305,6946,3637,3309,6946,3637,3309,0,0,0,0,0,0,0,0,0,0,0,0
C3010,27,21,0000,District - Thane  21,Rural,5,56333,28616,27717,7720,3972,3748,7720,3972,3748,0,0,0,0,0,0,0,0,0,0,0,0
C3010,27,21,0000,District - Thane  21,Rural,6,48386,24579,23807,24256,12690,11566,24256,12690,11566,0,0,0,0,0,0,0,0,0,0,0,0
C3010,27,21,0000,District - Thane  21,Rural,7,47946,24637,23309,39610,20758,18852,39610,20758,18852,0,0,0,0,0,0,0,0,0,0,0,0
C3010,27,21,0000,District - Thane  21,Rural,8,53821,27930,25891,45272,24160,21112,45272,24160,21112,0,0,0,0,0,0,0,0,0,0,0,0
C3010,27,21,0000,District - Thane  21,Rural,9,46951,24047,22904,41028,21600,19428,41028,21600,19428,0,0,0,0,0,0,0,0,0,0,0,0
C3010,27,21,0000,District - Thane  21,Rural,10,60635,31904,28731,49567,27094,22473,49567,27094,22473,0,0,0,0,0,0,0,0,0,0,0,0
C3010,27,21,0000,District - Thane  21,Rural,11,46094,24630,21464,40367,22254,18113,40367,22254,18113,0,0,0,0,0,0,0,0,0,0,0,0
C3010,27,21,0000,District - Thane  21,Rural,12,61366,32376,28990,47636,26574,21062,47636,26574,21062,0,0,0,0,0,0,0,0,0,0,0,0
C3010,27,21,0000,District - Thane  21,Rural,13,45410,23963,21447,35756,19930,15826,35756,19930,15826,0,0,0,0,0,0,0,0,0,0,0,0
C3010,27,21,0000,District - Thane  21,Rural,14,47270,24812,22458,32761,18593,14168,32761,18593,14168,0,0,0,0,0,0,0,0,0,0,0,0
C3010,27,21,0000,District - Thane  21,Rural,15-19,216417,114340,102077,77518,46664,30854,68089,40810,27279,7455,4528,2927,1509,1081,428,287,184,103,178,61,117
C3010,27,21,0000,District - Thane  21,Rural,20-24,200646,105126,95520,13331,8990,4341,3705,2621,1084,8049,5387,2662,934,730,204,115,70,45,528,182,346
C3010,27,21,0000,District - Thane  21,Rural,25-29,196951,102170,94781,1948,1212,736,0,0,0,814,630,184,343,274,69,85,59,26,706,249,457
C3010,27,21,0000,District - Thane  21,Rural,30-34,171360,89466,81894,984,462,522,0,0,0,165,132,33,98,79,19,18,13,5,703,238,465
C3010,27,21,0000,District - Thane  21,Rural,35-59,522845,271225,251620,1126,566,560,0,0,0,80,61,19,156,107,49,31,19,12,859,379,480
C3010,27,21,0000,District - Thane  21,Rural,60+,137322,61046,76276,69,35,34,0,0,0,12,7,5,19,11,8,4,3,1,34,14,20
C3010,27,21,0000,District - Thane  21,Rural,Age not stated,2321,1259,1062,26,20,6,0,0,0,21,16,5,4,4,0,0,0,0,1,0,1
C3010,27,21,0000,District - Thane  21,Urban,All ages,5902473,3229624,2672849,1427555,772784,654771,1262743,675739,587004,139979,80102,59877,20184,14146,6038,4032,2553,1479,617,244,373
C3010,27,21,0000,District - Thane  21,Urban,0-4,539742,281215,258527,30232,16170,14062,30232,16170,14062,0,0,0,0,0,0,0,0,0,0,0,0
C3010,27,21,0000,District - Thane  21,Urban,5,126333,66850,59483,38665,20666,17999,38665,20666,17999,0,0,0,0,0,0,0,0,0,0,0,0
C3010,27,21,0000,District - Thane  21,Urban,6,106800,55573,51227,57883,30212,27671,57883,30212,27671,0,0,0,0,0,0,0,0,0,0,0,0
C3010,27,21,0000,District - Thane  21,Urban,7,116503,59773,56730,103336,53485,49851,103336,53485,49851,0,0,0,0,0,0,0,0,0,0,0,0
C3010,27,21,0000,District - Thane  21,Urban,8,127138,66957,60181,116151,61604,54547,116151,61604,54547,0,0,0,0,0,0,0,0,0,0,0,0
C3010,27,21,0000,District - Thane  21,Urban,9,102882,52993,49889,96681,50012,46669,96681,50012,46669,0,0,0,0,0,0,0,0,0,0,0,0
C3010,27,21,0000,District - Thane  21,Urban,10,146871,77929,68942,135429,72115,63314,135429,72115,63314,0,0,0,0,0,0,0,0,0,0,0,0
C3010,27,21,0000,District - Thane  21,Urban,11,105244,55480,49764,99542,52619,46923,99542,52619,46923,0,0,0,0,0,0,0,0,0,0,0,0
C3010,27,21,0000,District - Thane  21,Urban,12,138054,74437,63617,124312,67339,56973,124312,67339,56973,0,0,0,0,0,0,0,0,0,0,0,0
C3010,27,21,0000,District - Thane  21,Urban,13,105515,54694,50821,95327,49724,45603,95327,49724,45603,0,0,0,0,0,0,0,0,0,0,0,0
C3010,27,21,0000,District - Thane  21,Urban,14,108249,57184,51065,91732,48832,42900,91732,48832,42900,0,0,0,0,0,0,0,0,0,0,0,0
C3010,27,21,0000,District - Thane  21,Urban,15-19,567307,321109,246198,323349,178552,144797,256087,141471,114616,58033,30831,27202,7960,5448,2512,1230,783,447,39,19,20
C3010,27,21,0000,District - Thane  21,Urban,20-24,625616,357853,267763,98667,60712,37955,17366,11490,5876,73424,43710,29714,6704,4781,1923,1081,688,393,92,43,49
C3010,27,21,0000,District - Thane  21,Urban,25-29,636564,345417,291147,10574,7259,3315,0,0,0,6160,4140,2020,3463,2524,939,839,553,286,112,42,70
C3010,27,21,0000,District - Thane  21,Urban,30-34,556956,308688,248268,2522,1573,949,0,0,0,1120,690,430,940,632,308,345,210,135,117,41,76
C3010,27,21,0000,District - Thane  21,Urban,35-59,1506360,851266,655094,2767,1678,1089,0,0,0,1031,600,431,1018,694,324,496,297,199,222,87,135
C3010,27,21,0000,District - Thane  21,Urban,60+,282827,140214,142613,354,213,141,0,0,0,190,120,70,91,60,31,38,21,17,35,12,23
C3010,27,21,0000,District - Thane  21,Urban,Age not stated,3512,1992,1520,32,19,13,0,0,0,21,11,10,8,7,1,3,1,2,0,0,0
C3010,27,22,0000,District - Mumbai (Suburban) *  22,Total,All ages,8640419,4741720,3898699,2061589,1126996,934593,1793921,969983,823938,227416,129879,97537,32254,22459,9795,6966,4139,2827,1032,536,496
C3010,27,22,0000,District - Mumbai (Suburban) *  22,Total,0-4,713025,370022,343003,38384,20387,17997,38384,20387,17997,0,0,0,0,0,0,0,0,0,0,0,0
C3010,27,22,0000,District - Mumbai (Suburban) *  22,Total,5,167985,88390,79595,52138,27710,24428,52138,27710,24428,0,0,0,0,0,0,0,0,0,0,0,0
C3010,27,22,0000,District - Mumbai (Suburban) *  22,Total,6,143690,74576,69114,82141,42832,39309,82141,42832,39309,0,0,0,0,0,0,0,0,0,0,0,0
C3010,27,22,0000,District - Mumbai (Suburban) *  22,Total,7,157197,81269,75928,140599,73010,67589,140599,73010,67589,0,0,0,0,0,0,0,0,0,0,0,0
C3010,27,22,0000,District - Mumbai (Suburban) *  22,Total,8,172154,90741,81413,160417,85038,75379,160417,85038,75379,0,0,0,0,0,0,0,0,0,0,0,0
C3010,27,22,0000,District - Mumbai (Suburban) *  22,Total,9,141682,73597,68085,134949,70294,64655,134949,70294,64655,0,0,0,0,0,0,0,0,0,0,0,0
C3010,27,22,0000,District - Mumbai (Suburban) *  22,Total,10,199792,106721,93071,187339,100393,86946,187339,100393,86946,0,0,0,0,0,0,0,0,0,0,0,0
C3010,27,22,0000,District - Mumbai (Suburban) *  22,Total,11,151580,79990,71590,143981,76331,67650,143981,76331,67650,0,0,0,0,0,0,0,0,0,0,0,0
C3010,27,22,0000,District - Mumbai (Suburban) *  22,Total,12,193265,104645,88620,176222,95768,80454,176222,95768,80454,0,0,0,0,0,0,0,0,0,0,0,0
C3010,27,22,0000,District - Mumbai (Suburban) *  22,Total,13,153770,80370,73400,138419,73154,65265,138419,73154,65265,0,0,0,0,0,0,0,0,0,0,0,0
C3010,27,22,0000,District - Mumbai (Suburban) *  22,Total,14,159760,85282,74478,134656,72956,61700,134656,72956,61700,0,0,0,0,0,0,0,0,0,0,0,0
C3010,27,22,0000,District - Mumbai (Suburban) *  22,Total,15-19,868072,493672,374400,487371,275287,212084,380110,215908,164202,92591,49667,42924,12241,8243,3998,2306,1395,911,123,74,49
C3010,27,22,0000,District - Mumbai (Suburban) *  22,Total,20-24,952124,555408,396716,157776,96251,61525,24566,16202,8364,119820,70713,49107,11081,7959,3122,2131,1269,862,178,108,70
C3010,27,22,0000,District - Mumbai (Suburban) *  22,Total,25-29,902025,504794,397231,17421,11682,5739,0,0,0,9877,6426,3451,5999,4290,1709,1374,877,497,171,89,82
C3010,27,22,0000,District - Mumbai (Suburban) *  22,Total,30-34,755606,422630,332976,3841,2398,1443,0,0,0,1970,1213,757,1300,887,413,446,238,208,125,60,65
C3010,27,22,0000,District - Mumbai (Suburban) *  22,Total,35-59,2280656,1263574,1017082,4753,2824,1929,0,0,0,2419,1400,1019,1412,943,469,567,312,255,355,169,186
C3010,27,22,0000,District - Mumbai (Suburban) *  22,Total,60+,521068,262131,258937,1084,611,473,0,0,0,666,409,257,202,120,82,138,47,91,78,35,43
C3010,27,22,0000,District - Mumbai (Suburban) *  22,Total,Age not stated,6968,3908,3060,98,70,28,0,0,0,73,51,22,19,17,2,4,1,3,2,1,1
C3010,27,22,0000,District - Mumbai (Suburban) *  22,Rural,All ages,0,0,0,0,0,0,0,0,0,0,0,0,0,0,0,0,0,0,0,0,0
C3010,27,22,0000,District - Mumbai (Suburban) *  22,Rural,0-4,0,0,0,0,0,0,0,0,0,0,0,0,0,0,0,0,0,0,0,0,0
C3010,27,22,0000,District - Mumbai (Suburban) *  22,Rural,5,0,0,0,0,0,0,0,0,0,0,0,0,0,0,0,0,0,0,0,0,0
C3010,27,22,0000,District - Mumbai (Suburban) *  22,Rural,6,0,0,0,0,0,0,0,0,0,0,0,0,0,0,0,0,0,0,0,0,0
C3010,27,22,0000,District - Mumbai (Suburban) *  22,Rural,7,0,0,0,0,0,0,0,0,0,0,0,0,0,0,0,0,0,0,0,0,0
C3010,27,22,0000,District - Mumbai (Suburban) *  22,Rural,8,0,0,0,0,0,0,0,0,0,0,0,0,0,0,0,0,0,0,0,0,0
C3010,27,22,0000,District - Mumbai (Suburban) *  22,Rural,9,0,0,0,0,0,0,0,0,0,0,0,0,0,0,0,0,0,0,0,0,0
C3010,27,22,0000,District - Mumbai (Suburban) *  22,Rural,10,0,0,0,0,0,0,0,0,0,0,0,0,0,0,0,0,0,0,0,0,0
C3010,27,22,0000,District - Mumbai (Suburban) *  22,Rural,11,0,0,0,0,0,0,0,0,0,0,0,0,0,0,0,0,0,0,0,0,0
C3010,27,22,0000,District - Mumbai (Suburban) *  22,Rural,12,0,0,0,0,0,0,0,0,0,0,0,0,0,0,0,0,0,0,0,0,0
C3010,27,22,0000,District - Mumbai (Suburban) *  22,Rural,13,0,0,0,0,0,0,0,0,0,0,0,0,0,0,0,0,0,0,0,0,0
C3010,27,22,0000,District - Mumbai (Suburban) *  22,Rural,14,0,0,0,0,0,0,0,0,0,0,0,0,0,0,0,0,0,0,0,0,0
C3010,27,22,0000,District - Mumbai (Suburban) *  22,Rural,15-19,0,0,0,0,0,0,0,0,0,0,0,0,0,0,0,0,0,0,0,0,0
C3010,27,22,0000,District - Mumbai (Suburban) *  22,Rural,20-24,0,0,0,0,0,0,0,0,0,0,0,0,0,0,0,0,0,0,0,0,0
C3010,27,22,0000,District - Mumbai (Suburban) *  22,Rural,25-29,0,0,0,0,0,0,0,0,0,0,0,0,0,0,0,0,0,0,0,0,0
C3010,27,22,0000,District - Mumbai (Suburban) *  22,Rural,30-34,0,0,0,0,0,0,0,0,0,0,0,0,0,0,0,0,0,0,0,0,0
C3010,27,22,0000,District - Mumbai (Suburban) *  22,Rural,35-59,0,0,0,0,0,0,0,0,0,0,0,0,0,0,0,0,0,0,0,0,0
C3010,27,22,0000,District - Mumbai (Suburban) *  22,Rural,60+,0,0,0,0,0,0,0,0,0,0,0,0,0,0,0,0,0,0,0,0,0
C3010,27,22,0000,District - Mumbai (Suburban) *  22,Rural,Age not stated,0,0,0,0,0,0,0,0,0,0,0,0,0,0,0,0,0,0,0,0,0
C3010,27,22,0000,District - Mumbai (Suburban) *  22,Urban,All ages,8640419,4741720,3898699,2061589,1126996,934593,1793921,969983,823938,227416,129879,97537,32254,22459,9795,6966,4139,2827,1032,536,496
C3010,27,22,0000,District - Mumbai (Suburban) *  22,Urban,0-4,713025,370022,343003,38384,20387,17997,38384,20387,17997,0,0,0,0,0,0,0,0,0,0,0,0
C3010,27,22,0000,District - Mumbai (Suburban) *  22,Urban,5,167985,88390,79595,52138,27710,24428,52138,27710,24428,0,0,0,0,0,0,0,0,0,0,0,0
C3010,27,22,0000,District - Mumbai (Suburban) *  22,Urban,6,143690,74576,69114,82141,42832,39309,82141,42832,39309,0,0,0,0,0,0,0,0,0,0,0,0
C3010,27,22,0000,District - Mumbai (Suburban) *  22,Urban,7,157197,81269,75928,140599,73010,67589,140599,73010,67589,0,0,0,0,0,0,0,0,0,0,0,0
C3010,27,22,0000,District - Mumbai (Suburban) *  22,Urban,8,172154,90741,81413,160417,85038,75379,160417,85038,75379,0,0,0,0,0,0,0,0,0,0,0,0
C3010,27,22,0000,District - Mumbai (Suburban) *  22,Urban,9,141682,73597,68085,134949,70294,64655,134949,70294,64655,0,0,0,0,0,0,0,0,0,0,0,0
C3010,27,22,0000,District - Mumbai (Suburban) *  22,Urban,10,199792,106721,93071,187339,100393,86946,187339,100393,86946,0,0,0,0,0,0,0,0,0,0,0,0
C3010,27,22,0000,District - Mumbai (Suburban) *  22,Urban,11,151580,79990,71590,143981,76331,67650,143981,76331,67650,0,0,0,0,0,0,0,0,0,0,0,0
C3010,27,22,0000,District - Mumbai (Suburban) *  22,Urban,12,193265,104645,88620,176222,95768,80454,176222,95768,80454,0,0,0,0,0,0,0,0,0,0,0,0
C3010,27,22,0000,District - Mumbai (Suburban) *  22,Urban,13,153770,80370,73400,138419,73154,65265,138419,73154,65265,0,0,0,0,0,0,0,0,0,0,0,0
C3010,27,22,0000,District - Mumbai (Suburban) *  22,Urban,14,159760,85282,74478,134656,72956,61700,134656,72956,61700,0,0,0,0,0,0,0,0,0,0,0,0
C3010,27,22,0000,District - Mumbai (Suburban) *  22,Urban,15-19,868072,493672,374400,487371,275287,212084,380110,215908,164202,92591,49667,42924,12241,8243,3998,2306,1395,911,123,74,49
C3010,27,22,0000,District - Mumbai (Suburban) *  22,Urban,20-24,952124,555408,396716,157776,96251,61525,24566,16202,8364,119820,70713,49107,11081,7959,3122,2131,1269,862,178,108,70
C3010,27,22,0000,District - Mumbai (Suburban) *  22,Urban,25-29,902025,504794,397231,17421,11682,5739,0,0,0,9877,6426,3451,5999,4290,1709,1374,877,497,171,89,82
C3010,27,22,0000,District - Mumbai (Suburban) *  22,Urban,30-34,755606,422630,332976,3841,2398,1443,0,0,0,1970,1213,757,1300,887,413,446,238,208,125,60,65
C3010,27,22,0000,District - Mumbai (Suburban) *  22,Urban,35-59,2280656,1263574,1017082,4753,2824,1929,0,0,0,2419,1400,1019,1412,943,469,567,312,255,355,169,186
C3010,27,22,0000,District - Mumbai (Suburban) *  22,Urban,60+,521068,262131,258937,1084,611,473,0,0,0,666,409,257,202,120,82,138,47,91,78,35,43
C3010,27,22,0000,District - Mumbai (Suburban) *  22,Urban,Age not stated,6968,3908,3060,98,70,28,0,0,0,73,51,22,19,17,2,4,1,3,2,1,1
C3010,27,23,0000,District - Mumbai  23,Total,All ages,3338031,1878246,1459785,734432,399785,334647,625457,336356,289101,89705,50544,39161,15161,10064,5097,3683,2584,1099,426,237,189
C3010,27,23,0000,District - Mumbai  23,Total,0-4,236067,122530,113537,15765,8392,7373,15765,8392,7373,0,0,0,0,0,0,0,0,0,0,0,0
C3010,27,23,0000,District - Mumbai  23,Total,5,55581,29270,26311,19196,10154,9042,19196,10154,9042,0,0,0,0,0,0,0,0,0,0,0,0
C3010,27,23,0000,District - Mumbai  23,Total,6,48075,24989,23086,28177,14664,13513,28177,14664,13513,0,0,0,0,0,0,0,0,0,0,0,0
C3010,27,23,0000,District - Mumbai  23,Total,7,51241,26364,24877,45824,23639,22185,45824,23639,22185,0,0,0,0,0,0,0,0,0,0,0,0
C3010,27,23,0000,District - Mumbai  23,Total,8,56376,29741,26635,52144,27585,24559,52144,27585,24559,0,0,0,0,0,0,0,0,0,0,0,0
C3010,27,23,0000,District - Mumbai  23,Total,9,47057,24324,22733,44441,23012,21429,44441,23012,21429,0,0,0,0,0,0,0,0,0,0,0,0
C3010,27,23,0000,District - Mumbai  23,Total,10,66877,35692,31185,61773,32944,28829,61773,32944,28829,0,0,0,0,0,0,0,0,0,0,0,0
C3010,27,23,0000,District - Mumbai  23,Total,11,50382,26566,23816,47459,25028,22431,47459,25028,22431,0,0,0,0,0,0,0,0,0,0,0,0
C3010,27,23,0000,District - Mumbai  23,Total,12,65353,35642,29711,58720,31765,26955,58720,31765,26955,0,0,0,0,0,0,0,0,0,0,0,0
C3010,27,23,0000,District - Mumbai  23,Total,13,52906,27925,24981,47426,24980,22446,47426,24980,22446,0,0,0,0,0,0,0,0,0,0,0,0
C3010,27,23,0000,District - Mumbai  23,Total,14,55963,30049,25914,47149,25109,22040,47149,25109,22040,0,0,0,0,0,0,0,0,0,0,0,0
C3010,27,23,0000,District - Mumbai  23,Total,15-19,336557,197647,138910,186400,103340,83060,144764,80903,63861,35205,18404,16801,5339,3335,2004,1045,676,369,47,22,25
C3010,27,23,0000,District - Mumbai  23,Total,20-24,393506,243553,149953,67804,41109,26695,12619,8181,4438,48136,28066,20070,5553,3742,1811,1407,1060,347,89,60,29
C3010,27,23,0000,District - Mumbai  23,Total,25-29,354373,209592,144781,7822,5306,2516,0,0,0,4304,2855,1449,2752,1937,815,691,475,216,75,39,36
C3010,27,23,0000,District - Mumbai  23,Total,30-34,289243,169414,119829,1733,1135,598,0,0,0,805,497,308,619,422,197,262,191,71,47,25,22
C3010,27,23,0000,District - Mumbai  23,Total,35-59,917044,519176,397868,2053,1281,772,0,0,0,951,537,414,728,516,212,248,161,87,126,67,59
C3010,27,23,0000,District - Mumbai  23,Total,60+,257136,123155,133981,473,289,184,0,0,0,262,158,104,143,89,54,27,19,8,41,23,18
C3010,27,23,0000,District - Mumbai  23,Total,Age not stated,4294,2617,1677,73,53,20,0,0,0,42,27,15,27,23,4,3,2,1,1,1,0
C3010,27,23,0000,District - Mumbai  23,Rural,All ages,0,0,0,0,0,0,0,0,0,0,0,0,0,0,0,0,0,0,0,0,0
C3010,27,23,0000,District - Mumbai  23,Rural,0-4,0,0,0,0,0,0,0,0,0,0,0,0,0,0,0,0,0,0,0,0,0
C3010,27,23,0000,District - Mumbai  23,Rural,5,0,0,0,0,0,0,0,0,0,0,0,0,0,0,0,0,0,0,0,0,0
C3010,27,23,0000,District - Mumbai  23,Rural,6,0,0,0,0,0,0,0,0,0,0,0,0,0,0,0,0,0,0,0,0,0
C3010,27,23,0000,District - Mumbai  23,Rural,7,0,0,0,0,0,0,0,0,0,0,0,0,0,0,0,0,0,0,0,0,0
C3010,27,23,0000,District - Mumbai  23,Rural,8,0,0,0,0,0,0,0,0,0,0,0,0,0,0,0,0,0,0,0,0,0
C3010,27,23,0000,District - Mumbai  23,Rural,9,0,0,0,0,0,0,0,0,0,0,0,0,0,0,0,0,0,0,0,0,0
C3010,27,23,0000,District - Mumbai  23,Rural,10,0,0,0,0,0,0,0,0,0,0,0,0,0,0,0,0,0,0,0,0,0
C3010,27,23,0000,District - Mumbai  23,Rural,11,0,0,0,0,0,0,0,0,0,0,0,0,0,0,0,0,0,0,0,0,0
C3010,27,23,0000,District - Mumbai  23,Rural,12,0,0,0,0,0,0,0,0,0,0,0,0,0,0,0,0,0,0,0,0,0
C3010,27,23,0000,District - Mumbai  23,Rural,13,0,0,0,0,0,0,0,0,0,0,0,0,0,0,0,0,0,0,0,0,0
C3010,27,23,0000,District - Mumbai  23,Rural,14,0,0,0,0,0,0,0,0,0,0,0,0,0,0,0,0,0,0,0,0,0
C3010,27,23,0000,District - Mumbai  23,Rural,15-19,0,0,0,0,0,0,0,0,0,0,0,0,0,0,0,0,0,0,0,0,0
C3010,27,23,0000,District - Mumbai  23,Rural,20-24,0,0,0,0,0,0,0,0,0,0,0,0,0,0,0,0,0,0,0,0,0
C3010,27,23,0000,District - Mumbai  23,Rural,25-29,0,0,0,0,0,0,0,0,0,0,0,0,0,0,0,0,0,0,0,0,0
C3010,27,23,0000,District - Mumbai  23,Rural,30-34,0,0,0,0,0,0,0,0,0,0,0,0,0,0,0,0,0,0,0,0,0
C3010,27,23,0000,District - Mumbai  23,Rural,35-59,0,0,0,0,0,0,0,0,0,0,0,0,0,0,0,0,0,0,0,0,0
C3010,27,23,0000,District - Mumbai  23,Rural,60+,0,0,0,0,0,0,0,0,0,0,0,0,0,0,0,0,0,0,0,0,0
C3010,27,23,0000,District - Mumbai  23,Rural,Age not stated,0,0,0,0,0,0,0,0,0,0,0,0,0,0,0,0,0,0,0,0,0
C3010,27,23,0000,District - Mumbai  23,Urban,All ages,3338031,1878246,1459785,734432,399785,334647,625457,336356,289101,89705,50544,39161,15161,10064,5097,3683,2584,1099,426,237,189
C3010,27,23,0000,District - Mumbai  23,Urban,0-4,236067,122530,113537,15765,8392,7373,15765,8392,7373,0,0,0,0,0,0,0,0,0,0,0,0
C3010,27,23,0000,District - Mumbai  23,Urban,5,55581,29270,26311,19196,10154,9042,19196,10154,9042,0,0,0,0,0,0,0,0,0,0,0,0
C3010,27,23,0000,District - Mumbai  23,Urban,6,48075,24989,23086,28177,14664,13513,28177,14664,13513,0,0,0,0,0,0,0,0,0,0,0,0
C3010,27,23,0000,District - Mumbai  23,Urban,7,51241,26364,24877,45824,23639,22185,45824,23639,22185,0,0,0,0,0,0,0,0,0,0,0,0
C3010,27,23,0000,District - Mumbai  23,Urban,8,56376,29741,26635,52144,27585,24559,52144,27585,24559,0,0,0,0,0,0,0,0,0,0,0,0
C3010,27,23,0000,District - Mumbai  23,Urban,9,47057,24324,22733,44441,23012,21429,44441,23012,21429,0,0,0,0,0,0,0,0,0,0,0,0
C3010,27,23,0000,District - Mumbai  23,Urban,10,66877,35692,31185,61773,32944,28829,61773,32944,28829,0,0,0,0,0,0,0,0,0,0,0,0
C3010,27,23,0000,District - Mumbai  23,Urban,11,50382,26566,23816,47459,25028,22431,47459,25028,22431,0,0,0,0,0,0,0,0,0,0,0,0
C3010,27,23,0000,District - Mumbai  23,Urban,12,65353,35642,29711,58720,31765,26955,58720,31765,26955,0,0,0,0,0,0,0,0,0,0,0,0
C3010,27,23,0000,District - Mumbai  23,Urban,13,52906,27925,24981,47426,24980,22446,47426,24980,22446,0,0,0,0,0,0,0,0,0,0,0,0
C3010,27,23,0000,District - Mumbai  23,Urban,14,55963,30049,25914,47149,25109,22040,47149,25109,22040,0,0,0,0,0,0,0,0,0,0,0,0
C3010,27,23,0000,District - Mumbai  23,Urban,15-19,336557,197647,138910,186400,103340,83060,144764,80903,63861,35205,18404,16801,5339,3335,2004,1045,676,369,47,22,25
C3010,27,23,0000,District - Mumbai  23,Urban,20-24,393506,243553,149953,67804,41109,26695,12619,8181,4438,48136,28066,20070,5553,3742,1811,1407,1060,347,89,60,29
C3010,27,23,0000,District - Mumbai  23,Urban,25-29,354373,209592,144781,7822,5306,2516,0,0,0,4304,2855,1449,2752,1937,815,691,475,216,75,39,36
C3010,27,23,0000,District - Mumbai  23,Urban,30-34,289243,169414,119829,1733,1135,598,0,0,0,805,497,308,619,422,197,262,191,71,47,25,22
C3010,27,23,0000,District - Mumbai  23,Urban,35-59,917044,519176,397868,2053,1281,772,0,0,0,951,537,414,728,516,212,248,161,87,126,67,59
C3010,27,23,0000,District - Mumbai  23,Urban,60+,257136,123155,133981,473,289,184,0,0,0,262,158,104,143,89,54,27,19,8,41,23,18
C3010,27,23,0000,District - Mumbai  23,Urban,Age not stated,4294,2617,1677,73,53,20,0,0,0,42,27,15,27,23,4,3,2,1,1,1,0
C3010,27,24,0000,District - Raigarh  24,Total,All ages,2207929,1117628,1090301,546592,292807,253785,504564,269319,235245,27539,17133,10406,5088,3769,1319,1477,1087,390,7924,1499,6425
C3010,27,24,0000,District - Raigarh  24,Total,0-4,225276,116196,109080,12308,6406,5902,12308,6406,5902,0,0,0,0,0,0,0,0,0,0,0,0
C3010,27,24,0000,District - Raigarh  24,Total,5,48052,24886,23166,16811,8777,8034,16811,8777,8034,0,0,0,0,0,0,0,0,0,0,0,0
C3010,27,24,0000,District - Raigarh  24,Total,6,41439,21283,20156,29412,15201,14211,29412,15201,14211,0,0,0,0,0,0,0,0,0,0,0,0
C3010,27,24,0000,District - Raigarh  24,Total,7,44928,22827,22101,40462,20710,19752,40462,20710,19752,0,0,0,0,0,0,0,0,0,0,0,0
C3010,27,24,0000,District - Raigarh  24,Total,8,49029,25218,23811,44939,23289,21650,44939,23289,21650,0,0,0,0,0,0,0,0,0,0,0,0
C3010,27,24,0000,District - Raigarh  24,Total,9,46282,23653,22629,43445,22369,21076,43445,22369,21076,0,0,0,0,0,0,0,0,0,0,0,0
C3010,27,24,0000,District - Raigarh  24,Total,10,58013,30002,28011,52901,27674,25227,52901,27674,25227,0,0,0,0,0,0,0,0,0,0,0,0
C3010,27,24,0000,District - Raigarh  24,Total,11,45758,23831,21927,43242,22717,20525,43242,22717,20525,0,0,0,0,0,0,0,0,0,0,0,0
C3010,27,24,0000,District - Raigarh  24,Total,12,57531,30090,27441,51428,27422,24006,51428,27422,24006,0,0,0,0,0,0,0,0,0,0,0,0
C3010,27,24,0000,District - Raigarh  24,Total,13,44331,22770,21561,39416,20837,18579,39416,20837,18579,0,0,0,0,0,0,0,0,0,0,0,0
C3010,27,24,0000,District - Raigarh  24,Total,14,46338,24114,22224,38147,20720,17427,38147,20720,17427,0,0,0,0,0,0,0,0,0,0,0,0
C3010,27,24,0000,District - Raigarh  24,Total,15-19,216112,110939,105173,103294,59783,43511,87258,50049,37209,12368,7182,5186,2685,1925,760,832,585,247,151,42,109
C3010,27,24,0000,District - Raigarh  24,Total,20-24,200386,101623,98763,20773,13577,7196,4795,3148,1647,13543,8798,4745,1614,1272,342,302,238,64,519,121,398
C3010,27,24,0000,District - Raigarh  24,Total,25-29,194115,95362,98753,2727,1476,1251,0,0,0,1167,839,328,451,349,102,117,84,33,992,204,788
C3010,27,24,0000,District - Raigarh  24,Total,30-34,173297,88130,85167,1866,568,1298,0,0,0,229,160,69,141,108,33,64,46,18,1432,254,1178
C3010,27,24,0000,District - Raigarh  24,Total,35-59,537210,273927,263283,4976,1127,3849,0,0,0,184,124,60,159,97,62,149,124,25,4484,782,3702
C3010,27,24,0000,District - Raigarh  24,Total,60+,177849,81688,96161,426,142,284,0,0,0,34,22,12,35,15,20,13,10,3,344,95,249
C3010,27,24,0000,District - Raigarh  24,Total,Age not stated,1983,1089,894,19,12,7,0,0,0,14,8,6,3,3,0,0,0,0,2,1,1
C3010,27,24,0000,District - Raigarh  24,Rural,All ages,1673094,833965,839129,409851,219361,190490,382628,204648,177980,15263,10159,5104,3014,2244,770,1115,838,277,7831,1472,6359
C3010,27,24,0000,District - Raigarh  24,Rural,0-4,174614,89718,84896,9192,4759,4433,9192,4759,4433,0,0,0,0,0,0,0,0,0,0,0,0
C3010,27,24,0000,District - Raigarh  24,Rural,5,36517,18863,17654,12717,6598,6119,12717,6598,6119,0,0,0,0,0,0,0,0,0,0,0,0
C3010,27,24,0000,District - Raigarh  24,Rural,6,31953,16328,15625,23222,11971,11251,23222,11971,11251,0,0,0,0,0,0,0,0,0,0,0,0
C3010,27,24,0000,District - Raigarh  24,Rural,7,34293,17458,16835,30855,15826,15029,30855,15826,15029,0,0,0,0,0,0,0,0,0,0,0,0
C3010,27,24,0000,District - Raigarh  24,Rural,8,37586,19231,18355,34353,17712,16641,34353,17712,16641,0,0,0,0,0,0,0,0,0,0,0,0
C3010,27,24,0000,District - Raigarh  24,Rural,9,36311,18477,17834,34024,17456,16568,34024,17456,16568,0,0,0,0,0,0,0,0,0,0,0,0
C3010,27,24,0000,District - Raigarh  24,Rural,10,44831,23091,21740,40719,21249,19470,40719,21249,19470,0,0,0,0,0,0,0,0,0,0,0,0
C3010,27,24,0000,District - Raigarh  24,Rural,11,35423,18426,16997,33340,17511,15829,33340,17511,15829,0,0,0,0,0,0,0,0,0,0,0,0
C3010,27,24,0000,District - Raigarh  24,Rural,12,44601,23245,21356,39566,21070,18496,39566,21070,18496,0,0,0,0,0,0,0,0,0,0,0,0
C3010,27,24,0000,District - Raigarh  24,Rural,13,34343,17580,16763,30260,16021,14239,30260,16021,14239,0,0,0,0,0,0,0,0,0,0,0,0
C3010,27,24,0000,District - Raigarh  24,Rural,14,35901,18662,17239,28989,15891,13098,28989,15891,13098,0,0,0,0,0,0,0,0,0,0,0,0
C3010,27,24,0000,District - Raigarh  24,Rural,15-19,164324,82847,81477,71770,42608,29162,62182,36474,25708,7048,4378,2670,1717,1234,483,674,482,192,149,40,109
C3010,27,24,0000,District - Raigarh  24,Rural,20-24,146302,72580,73722,12151,8206,3945,3209,2110,1099,7365,5131,2234,879,695,184,186,153,33,512,117,395
C3010,27,24,0000,District - Raigarh  24,Rural,25-29,139093,67385,71708,1909,931,978,0,0,0,635,493,142,217,179,38,76,56,20,981,203,778
C3010,27,24,0000,District - Raigarh  24,Rural,30-34,124018,61613,62405,1647,429,1218,0,0,0,112,86,26,79,62,17,40,32,8,1416,249,1167
C3010,27,24,0000,District - Raigarh  24,Rural,35-59,403615,199995,203620,4738,994,3744,0,0,0,79,57,22,95,61,34,128,106,22,4436,770,3666
C3010,27,24,0000,District - Raigarh  24,Rural,60+,147729,67586,80143,386,121,265,0,0,0,16,10,6,24,10,14,11,9,2,335,92,243
C3010,27,24,0000,District - Raigarh  24,Rural,Age not stated,1640,880,760,13,8,5,0,0,0,8,4,4,3,3,0,0,0,0,2,1,1
C3010,27,24,0000,District - Raigarh  24,Urban,All ages,534835,283663,251172,136741,73446,63295,121936,64671,57265,12276,6974,5302,2074,1525,549,362,249,113,93,27,66
C3010,27,24,0000,District - Raigarh  24,Urban,0-4,50662,26478,24184,3116,1647,1469,3116,1647,1469,0,0,0,0,0,0,0,0,0,0,0,0
C3010,27,24,0000,District - Raigarh  24,Urban,5,11535,6023,5512,4094,2179,1915,4094,2179,1915,0,0,0,0,0,0,0,0,0,0,0,0
C3010,27,24,0000,District - Raigarh  24,Urban,6,9486,4955,4531,6190,3230,2960,6190,3230,2960,0,0,0,0,0,0,0,0,0,0,0,0
C3010,27,24,0000,District - Raigarh  24,Urban,7,10635,5369,5266,9607,4884,4723,9607,4884,4723,0,0,0,0,0,0,0,0,0,0,0,0
C3010,27,24,0000,District - Raigarh  24,Urban,8,11443,5987,5456,10586,5577,5009,10586,5577,5009,0,0,0,0,0,0,0,0,0,0,0,0
C3010,27,24,0000,District - Raigarh  24,Urban,9,9971,5176,4795,9421,4913,4508,9421,4913,4508,0,0,0,0,0,0,0,0,0,0,0,0
C3010,27,24,0000,District - Raigarh  24,Urban,10,13182,6911,6271,12182,6425,5757,12182,6425,5757,0,0,0,0,0,0,0,0,0,0,0,0
C3010,27,24,0000,District - Raigarh  24,Urban,11,10335,5405,4930,9902,5206,4696,9902,5206,4696,0,0,0,0,0,0,0,0,0,0,0,0
C3010,27,24,0000,District - Raigarh  24,Urban,12,12930,6845,6085,11862,6352,5510,11862,6352,5510,0,0,0,0,0,0,0,0,0,0,0,0
C3010,27,24,0000,District - Raigarh  24,Urban,13,9988,5190,4798,9156,4816,4340,9156,4816,4340,0,0,0,0,0,0,0,0,0,0,0,0
C3010,27,24,0000,District - Raigarh  24,Urban,14,10437,5452,4985,9158,4829,4329,9158,4829,4329,0,0,0,0,0,0,0,0,0,0,0,0
C3010,27,24,0000,District - Raigarh  24,Urban,15-19,51788,28092,23696,31524,17175,14349,25076,13575,11501,5320,2804,2516,968,691,277,158,103,55,2,2,0
C3010,27,24,0000,District - Raigarh  24,Urban,20-24,54084,29043,25041,8622,5371,3251,1586,1038,548,6178,3667,2511,735,577,158,116,85,31,7,4,3
C3010,27,24,0000,District - Raigarh  24,Urban,25-29,55022,27977,27045,818,545,273,0,0,0,532,346,186,234,170,64,41,28,13,11,1,10
C3010,27,24,0000,District - Raigarh  24,Urban,30-34,49279,26517,22762,219,139,80,0,0,0,117,74,43,62,46,16,24,14,10,16,5,11
C3010,27,24,0000,District - Raigarh  24,Urban,35-59,133595,73932,59663,238,133,105,0,0,0,105,67,38,64,36,28,21,18,3,48,12,36
C3010,27,24,0000,District - Raigarh  24,Urban,60+,30120,14102,16018,40,21,19,0,0,0,18,12,6,11,5,6,2,1,1,9,3,6
C3010,27,24,0000,District - Raigarh  24,Urban,Age not stated,343,209,134,6,4,2,0,0,0,6,4,2,0,0,0,0,0,0,0,0,0
C3010,27,25,0000,District - Pune  25,Total,All ages,7232555,3769128,3463427,1809894,993071,816823,1588633,854652,733981,186346,114003,72343,26772,18754,8018,6940,5197,1743,1203,465,738
C3010,27,25,0000,District - Pune  25,Total,0-4,685022,360811,324211,28971,15356,13615,28971,15356,13615,0,0,0,0,0,0,0,0,0,0,0,0
C3010,27,25,0000,District - Pune  25,Total,5,155576,82565,73011,37274,20003,17271,37274,20003,17271,0,0,0,0,0,0,0,0,0,0,0,0
C3010,27,25,0000,District - Pune  25,Total,6,128253,65991,62262,75255,38896,36359,75255,38896,36359,0,0,0,0,0,0,0,0,0,0,0,0
C3010,27,25,0000,District - Pune  25,Total,7,134882,69025,65857,119839,61955,57884,119839,61955,57884,0,0,0,0,0,0,0,0,0,0,0,0
C3010,27,25,0000,District - Pune  25,Total,8,148183,77152,71031,136655,71809,64846,136655,71809,64846,0,0,0,0,0,0,0,0,0,0,0,0
C3010,27,25,0000,District - Pune  25,Total,9,135659,69298,66361,128124,65913,62211,128124,65913,62211,0,0,0,0,0,0,0,0,0,0,0,0
C3010,27,25,0000,District - Pune  25,Total,10,178294,92624,85670,165169,86592,78577,165169,86592,78577,0,0,0,0,0,0,0,0,0,0,0,0
C3010,27,25,0000,District - Pune  25,Total,11,144515,74838,69677,137396,71847,65549,137396,71847,65549,0,0,0,0,0,0,0,0,0,0,0,0
C3010,27,25,0000,District - Pune  25,Total,12,176693,92498,84195,160854,85462,75392,160854,85462,75392,0,0,0,0,0,0,0,0,0,0,0,0
C3010,27,25,0000,District - Pune  25,Total,13,144248,74465,69783,130815,68865,61950,130815,68865,61950,0,0,0,0,0,0,0,0,0,0,0,0
C3010,27,25,0000,District - Pune  25,Total,14,145049,76583,68466,124023,67369,56654,124023,67369,56654,0,0,0,0,0,0,0,0,0,0,0,0
C3010,27,25,0000,District - Pune  25,Total,15-19,704054,387608,316446,407360,234536,172824,322515,185092,137423,70806,39564,31242,11351,7807,3544,2650,2053,597,38,20,18
C3010,27,25,0000,District - Pune  25,Total,20-24,721875,384601,337274,134955,88489,46466,21743,15493,6250,102416,65245,37171,8735,6143,2592,1967,1572,395,94,36,58
C3010,27,25,0000,District - Pune  25,Total,25-29,670978,342315,328663,15600,11234,4366,0,0,0,9835,7126,2709,4338,3212,1126,1249,836,413,178,60,118
C3010,27,25,0000,District - Pune  25,Total,30-34,582215,302738,279477,3312,2162,1150,0,0,0,1557,1021,536,1083,748,335,475,330,145,197,63,134
C3010,27,25,0000,District - Pune  25,Total,35-59,1787779,932657,855122,3588,2164,1424,0,0,0,1386,849,537,1109,752,357,536,355,181,557,208,349
C3010,27,25,0000,District - Pune  25,Total,60+,583449,280149,303300,597,353,244,0,0,0,263,152,111,142,79,63,57,46,11,135,76,59
C3010,27,25,0000,District - Pune  25,Total,Age not stated,5831,3210,2621,107,66,41,0,0,0,83,46,37,14,13,1,6,5,1,4,2,2
C3010,27,25,0000,District - Pune  25,Rural,All ages,3031718,1557463,1474255,702186,389363,312823,662599,361134,301465,33506,23720,9786,4309,3455,854,1131,801,330,641,253,388
C3010,27,25,0000,District - Pune  25,Rural,0-4,308625,162668,145957,6324,3318,3006,6324,3318,3006,0,0,0,0,0,0,0,0,0,0,0,0
C3010,27,25,0000,District - Pune  25,Rural,5,72315,38154,34161,9335,4955,4380,9335,4955,4380,0,0,0,0,0,0,0,0,0,0,0,0
C3010,27,25,0000,District - Pune  25,Rural,6,59821,30610,29211,33561,17434,16127,33561,17434,16127,0,0,0,0,0,0,0,0,0,0,0,0
C3010,27,25,0000,District - Pune  25,Rural,7,56543,28847,27696,49139,25375,23764,49139,25375,23764,0,0,0,0,0,0,0,0,0,0,0,0
C3010,27,25,0000,District - Pune  25,Rural,8,63967,32751,31216,58525,30280,28245,58525,30280,28245,0,0,0,0,0,0,0,0,0,0,0,0
C3010,27,25,0000,District - Pune  25,Rural,9,62924,31953,30971,58992,30192,28800,58992,30192,28800,0,0,0,0,0,0,0,0,0,0,0,0
C3010,27,25,0000,District - Pune  25,Rural,10,76257,39295,36962,69680,36337,33343,69680,36337,33343,0,0,0,0,0,0,0,0,0,0,0,0
C3010,27,25,0000,District - Pune  25,Rural,11,66454,34453,32001,62778,32994,29784,62778,32994,29784,0,0,0,0,0,0,0,0,0,0,0,0
C3010,27,25,0000,District - Pune  25,Rural,12,79364,41270,38094,71106,37786,33320,71106,37786,33320,0,0,0,0,0,0,0,0,0,0,0,0
C3010,27,25,0000,District - Pune  25,Rural,13,65565,33964,31601,58246,31131,27115,58246,31131,27115,0,0,0,0,0,0,0,0,0,0,0,0
C3010,27,25,0000,District - Pune  25,Rural,14,66691,35356,31335,54957,30515,24442,54957,30515,24442,0,0,0,0,0,0,0,0,0,0,0,0
C3010,27,25,0000,District - Pune  25,Rural,15-19,288449,161018,127431,141946,88358,53588,122930,75420,47510,15880,10492,5388,2541,2035,506,580,403,177,15,8,7
C3010,27,25,0000,District - Pune  25,Rural,20-24,260628,136712,123916,24255,18341,5914,7026,5397,1629,15828,11789,4039,1167,1002,165,192,139,53,42,14,28
C3010,27,25,0000,District - Pune  25,Rural,25-29,241442,119558,121884,1843,1426,417,0,0,0,1335,1087,248,277,215,62,168,114,54,63,10,53
C3010,27,25,0000,District - Pune  25,Rural,30-34,222044,110763,111281,469,324,145,0,0,0,208,161,47,88,62,26,82,63,19,91,38,53
C3010,27,25,0000,District - Pune  25,Rural,35-59,732276,371482,360794,789,454,335,0,0,0,189,152,37,181,111,70,92,71,21,327,120,207
C3010,27,25,0000,District - Pune  25,Rural,60+,304863,146754,158109,210,121,89,0,0,0,44,24,20,49,24,25,16,10,6,101,63,38
C3010,27,25,0000,District - Pune  25,Rural,Age not stated,3490,1855,1635,31,22,9,0,0,0,22,15,7,6,6,0,1,1,0,2,0,2
C3010,27,25,0000,District - Pune  25,Urban,All ages,4200837,2211665,1989172,1107708,603708,504000,926034,493518,432516,152840,90283,62557,22463,15299,7164,5809,4396,1413,562,212,350
C3010,27,25,0000,District - Pune  25,Urban,0-4,376397,198143,178254,22647,12038,10609,22647,12038,10609,0,0,0,0,0,0,0,0,0,0,0,0
C3010,27,25,0000,District - Pune  25,Urban,5,83261,44411,38850,27939,15048,12891,27939,15048,12891,0,0,0,0,0,0,0,0,0,0,0,0
C3010,27,25,0000,District - Pune  25,Urban,6,68432,35381,33051,41694,21462,20232,41694,21462,20232,0,0,0,0,0,0,0,0,0,0,0,0
C3010,27,25,0000,District - Pune  25,Urban,7,78339,40178,38161,70700,36580,34120,70700,36580,34120,0,0,0,0,0,0,0,0,0,0,0,0
C3010,27,25,0000,District - Pune  25,Urban,8,84216,44401,39815,78130,41529,36601,78130,41529,36601,0,0,0,0,0,0,0,0,0,0,0,0
C3010,27,25,0000,District - Pune  25,Urban,9,72735,37345,35390,69132,35721,33411,69132,35721,33411,0,0,0,0,0,0,0,0,0,0,0,0
C3010,27,25,0000,District - Pune  25,Urban,10,102037,53329,48708,95489,50255,45234,95489,50255,45234,0,0,0,0,0,0,0,0,0,0,0,0
C3010,27,25,0000,District - Pune  25,Urban,11,78061,40385,37676,74618,38853,35765,74618,38853,35765,0,0,0,0,0,0,0,0,0,0,0,0
C3010,27,25,0000,District - Pune  25,Urban,12,97329,51228,46101,89748,47676,42072,89748,47676,42072,0,0,0,0,0,0,0,0,0,0,0,0
C3010,27,25,0000,District - Pune  25,Urban,13,78683,40501,38182,72569,37734,34835,72569,37734,34835,0,0,0,0,0,0,0,0,0,0,0,0
C3010,27,25,0000,District - Pune  25,Urban,14,78358,41227,37131,69066,36854,32212,69066,36854,32212,0,0,0,0,0,0,0,0,0,0,0,0
C3010,27,25,0000,District - Pune  25,Urban,15-19,415605,226590,189015,265414,146178,119236,199585,109672,89913,54926,29072,25854,8810,5772,3038,2070,1650,420,23,12,11
C3010,27,25,0000,District - Pune  25,Urban,20-24,461247,247889,213358,110700,70148,40552,14717,10096,4621,86588,53456,33132,7568,5141,2427,1775,1433,342,52,22,30
C3010,27,25,0000,District - Pune  25,Urban,25-29,429536,222757,206779,13757,9808,3949,0,0,0,8500,6039,2461,4061,2997,1064,1081,722,359,115,50,65
C3010,27,25,0000,District - Pune  25,Urban,30-34,360171,191975,168196,2843,1838,1005,0,0,0,1349,860,489,995,686,309,393,267,126,106,25,81
C3010,27,25,0000,District - Pune  25,Urban,35-59,1055503,561175,494328,2799,1710,1089,0,0,0,1197,697,500,928,641,287,444,284,160,230,88,142
C3010,27,25,0000,District - Pune  25,Urban,60+,278586,133395,145191,387,232,155,0,0,0,219,128,91,93,55,38,41,36,5,34,13,21
C3010,27,25,0000,District - Pune  25,Urban,Age not stated,2341,1355,986,76,44,32,0,0,0,61,31,30,8,7,1,5,4,1,2,2,0
C3010,27,26,0000,District - Ahmadnagar  26,Total,All ages,4040642,2083053,1957589,1038156,577428,460728,946636,518082,428554,69402,48565,20837,9924,7089,2835,1681,1111,570,10513,2581,7932
C3010,27,26,0000,District - Ahmadnagar  26,Total,0-4,414960,220896,194064,6386,3401,2985,6386,3401,2985,0,0,0,0,0,0,0,0,0,0,0,0
C3010,27,26,0000,District - Ahmadnagar  26,Total,5,96162,51120,45042,13074,7010,6064,13074,7010,6064,0,0,0,0,0,0,0,0,0,0,0,0
C3010,27,26,0000,District - Ahmadnagar  26,Total,6,78584,40937,37647,47319,25073,22246,47319,25073,22246,0,0,0,0,0,0,0,0,0,0,0,0
C3010,27,26,0000,District - Ahmadnagar  26,Total,7,78386,40338,38048,69266,36083,33183,69266,36083,33183,0,0,0,0,0,0,0,0,0,0,0,0
C3010,27,26,0000,District - Ahmadnagar  26,Total,8,90685,47069,43616,83246,43644,39602,83246,43644,39602,0,0,0,0,0,0,0,0,0,0,0,0
C3010,27,26,0000,District - Ahmadnagar  26,Total,9,90082,45950,44132,84540,43450,41090,84540,43450,41090,0,0,0,0,0,0,0,0,0,0,0,0
C3010,27,26,0000,District - Ahmadnagar  26,Total,10,113601,58773,54828,103803,54398,49405,103803,54398,49405,0,0,0,0,0,0,0,0,0,0,0,0
C3010,27,26,0000,District - Ahmadnagar  26,Total,11,96403,50409,45994,90785,48030,42755,90785,48030,42755,0,0,0,0,0,0,0,0,0,0,0,0
C3010,27,26,0000,District - Ahmadnagar  26,Total,12,113932,59911,54021,102303,54852,47451,102303,54852,47451,0,0,0,0,0,0,0,0,0,0,0,0
C3010,27,26,0000,District - Ahmadnagar  26,Total,13,90448,47266,43182,80497,43216,37281,80497,43216,37281,0,0,0,0,0,0,0,0,0,0,0,0
C3010,27,26,0000,District - Ahmadnagar  26,Total,14,91029,48587,42442,75654,42079,33575,75654,42079,33575,0,0,0,0,0,0,0,0,0,0,0,0
C3010,27,26,0000,District - Ahmadnagar  26,Total,15-19,395250,221574,173676,215830,132757,83073,179085,108743,70342,30666,19779,10887,4902,3479,1423,1011,698,313,166,58,108
C3010,27,26,0000,District - Ahmadnagar  26,Total,20-24,347786,184753,163033,50154,36809,13345,10678,8103,2575,34796,25672,9124,3575,2672,903,323,188,135,782,174,608
C3010,27,26,0000,District - Ahmadnagar  26,Total,25-29,307491,149907,157584,5529,3401,2128,0,0,0,2987,2428,559,727,546,181,150,109,41,1665,318,1347
C3010,27,26,0000,District - Ahmadnagar  26,Total,30-34,290367,143302,147065,3289,965,2324,0,0,0,371,276,95,189,115,74,78,44,34,2651,530,2121
C3010,27,26,0000,District - Ahmadnagar  26,Total,35-59,939421,482366,457055,5749,1878,3871,0,0,0,397,290,107,374,198,176,90,58,32,4888,1332,3556
C3010,27,26,0000,District - Ahmadnagar  26,Total,60+,398959,185791,213168,645,320,325,0,0,0,123,73,50,140,64,76,29,14,15,353,169,184
C3010,27,26,0000,District - Ahmadnagar  26,Total,Age not stated,7096,4104,2992,87,62,25,0,0,0,62,47,15,17,15,2,0,0,0,8,0,8
C3010,27,26,0000,District - Ahmadnagar  26,Rural,All ages,3236945,1661811,1575134,815026,454253,360773,754064,414466,339598,44143,32760,11383,5277,3674,1603,1193,843,350,10349,2510,7839
C3010,27,26,0000,District - Ahmadnagar  26,Rural,0-4,341100,181413,159687,4356,2310,2046,4356,2310,2046,0,0,0,0,0,0,0,0,0,0,0,0
C3010,27,26,0000,District - Ahmadnagar  26,Rural,5,79217,41981,37236,9223,4966,4257,9223,4966,4257,0,0,0,0,0,0,0,0,0,0,0,0
C3010,27,26,0000,District - Ahmadnagar  26,Rural,6,63995,33247,30748,38553,20409,18144,38553,20409,18144,0,0,0,0,0,0,0,0,0,0,0,0
C3010,27,26,0000,District - Ahmadnagar  26,Rural,7,62255,32077,30178,54681,28567,26114,54681,28567,26114,0,0,0,0,0,0,0,0,0,0,0,0
C3010,27,26,0000,District - Ahmadnagar  26,Rural,8,72646,37498,35148,66523,34729,31794,66523,34729,31794,0,0,0,0,0,0,0,0,0,0,0,0
C3010,27,26,0000,District - Ahmadnagar  26,Rural,9,73915,37779,36136,69329,35748,33581,69329,35748,33581,0,0,0,0,0,0,0,0,0,0,0,0
C3010,27,26,0000,District - Ahmadnagar  26,Rural,10,91590,47120,44470,83376,43565,39811,83376,43565,39811,0,0,0,0,0,0,0,0,0,0,0,0
C3010,27,26,0000,District - Ahmadnagar  26,Rural,11,78760,41009,37751,74096,39102,34994,74096,39102,34994,0,0,0,0,0,0,0,0,0,0,0,0
C3010,27,26,0000,District - Ahmadnagar  26,Rural,12,92409,48545,43864,82652,44415,38237,82652,44415,38237,0,0,0,0,0,0,0,0,0,0,0,0
C3010,27,26,0000,District - Ahmadnagar  26,Rural,13,72889,38016,34873,64543,34738,29805,64543,34738,29805,0,0,0,0,0,0,0,0,0,0,0,0
C3010,27,26,0000,District - Ahmadnagar  26,Rural,14,73369,39100,34269,60483,33818,26665,60483,33818,26665,0,0,0,0,0,0,0,0,0,0,0,0
C3010,27,26,0000,District - Ahmadnagar  26,Rural,15-19,308925,173176,135749,162283,102242,60041,138317,85905,52412,20459,13952,6507,2581,1787,794,769,547,222,157,51,106
C3010,27,26,0000,District - Ahmadnagar  26,Rural,20-24,267490,140779,126711,31912,24575,7337,7932,6194,1738,21265,16772,4493,1780,1316,464,175,131,44,760,162,598
C3010,27,26,0000,District - Ahmadnagar  26,Rural,25-29,240416,116776,123640,3974,2258,1716,0,0,0,1843,1584,259,385,292,93,95,73,22,1651,309,1342
C3010,27,26,0000,District - Ahmadnagar  26,Rural,30-34,228335,112115,116220,3020,807,2213,0,0,0,218,180,38,116,68,48,62,35,27,2624,524,2100
C3010,27,26,0000,District - Ahmadnagar  26,Rural,35-59,746233,379755,366478,5406,1690,3716,0,0,0,237,191,46,292,151,141,66,45,21,4811,1303,3508
C3010,27,26,0000,District - Ahmadnagar  26,Rural,60+,337601,158148,179453,552,271,281,0,0,0,75,47,28,113,51,62,26,12,14,338,161,177
C3010,27,26,0000,District - Ahmadnagar  26,Rural,Age not stated,5800,3277,2523,64,43,21,0,0,0,46,34,12,10,9,1,0,0,0,8,0,8
C3010,27,26,0000,District - Ahmadnagar  26,Urban,All ages,803697,421242,382455,223130,123175,99955,192572,103616,88956,25259,15805,9454,4647,3415,1232,488,268,220,164,71,93
C3010,27,26,0000,District - Ahmadnagar  26,Urban,0-4,73860,39483,34377,2030,1091,939,2030,1091,939,0,0,0,0,0,0,0,0,0,0,0,0
C3010,27,26,0000,District - Ahmadnagar  26,Urban,5,16945,9139,7806,3851,2044,1807,3851,2044,1807,0,0,0,0,0,0,0,0,0,0,0,0
C3010,27,26,0000,District - Ahmadnagar  26,Urban,6,14589,7690,6899,8766,4664,4102,8766,4664,4102,0,0,0,0,0,0,0,0,0,0,0,0
C3010,27,26,0000,District - Ahmadnagar  26,Urban,7,16131,8261,7870,14585,7516,7069,14585,7516,7069,0,0,0,0,0,0,0,0,0,0,0,0
C3010,27,26,0000,District - Ahmadnagar  26,Urban,8,18039,9571,8468,16723,8915,7808,16723,8915,7808,0,0,0,0,0,0,0,0,0,0,0,0
C3010,27,26,0000,District - Ahmadnagar  26,Urban,9,16167,8171,7996,15211,7702,7509,15211,7702,7509,0,0,0,0,0,0,0,0,0,0,0,0
C3010,27,26,0000,District - Ahmadnagar  26,Urban,10,22011,11653,10358,20427,10833,9594,20427,10833,9594,0,0,0,0,0,0,0,0,0,0,0,0
C3010,27,26,0000,District - Ahmadnagar  26,Urban,11,17643,9400,8243,16689,8928,7761,16689,8928,7761,0,0,0,0,0,0,0,0,0,0,0,0
C3010,27,26,0000,District - Ahmadnagar  26,Urban,12,21523,11366,10157,19651,10437,9214,19651,10437,9214,0,0,0,0,0,0,0,0,0,0,0,0
C3010,27,26,0000,District - Ahmadnagar  26,Urban,13,17559,9250,8309,15954,8478,7476,15954,8478,7476,0,0,0,0,0,0,0,0,0,0,0,0
C3010,27,26,0000,District - Ahmadnagar  26,Urban,14,17660,9487,8173,15171,8261,6910,15171,8261,6910,0,0,0,0,0,0,0,0,0,0,0,0
C3010,27,26,0000,District - Ahmadnagar  26,Urban,15-19,86325,48398,37927,53547,30515,23032,40768,22838,17930,10207,5827,4380,2321,1692,629,242,151,91,9,7,2
C3010,27,26,0000,District - Ahmadnagar  26,Urban,20-24,80296,43974,36322,18242,12234,6008,2746,1909,837,13531,8900,4631,1795,1356,439,148,57,91,22,12,10
C3010,27,26,0000,District - Ahmadnagar  26,Urban,25-29,67075,33131,33944,1555,1143,412,0,0,0,1144,844,300,342,254,88,55,36,19,14,9,5
C3010,27,26,0000,District - Ahmadnagar  26,Urban,30-34,62032,31187,30845,269,158,111,0,0,0,153,96,57,73,47,26,16,9,7,27,6,21
C3010,27,26,0000,District - Ahmadnagar  26,Urban,35-59,193188,102611,90577,343,188,155,0,0,0,160,99,61,82,47,35,24,13,11,77,29,48
C3010,27,26,0000,District - Ahmadnagar  26,Urban,60+,61358,27643,33715,93,49,44,0,0,0,48,26,22,27,13,14,3,2,1,15,8,7
C3010,27,26,0000,District - Ahmadnagar  26,Urban,Age not stated,1296,827,469,23,19,4,0,0,0,16,13,3,7,6,1,0,0,0,0,0,0
C3010,27,27,0000,District - Bid  27,Total,All ages,2161250,1116356,1044894,612109,351511,260598,547101,304968,242133,54923,41562,13361,2833,2110,723,477,391,86,6775,2480,4295
C3010,27,27,0000,District - Bid  27,Total,0-4,230310,121845,108465,3200,1647,1553,3200,1647,1553,0,0,0,0,0,0,0,0,0,0,0,0
C3010,27,27,0000,District - Bid  27,Total,5,55947,29764,26183,5180,2730,2450,5180,2730,2450,0,0,0,0,0,0,0,0,0,0,0,0
C3010,27,27,0000,District - Bid  27,Total,6,49026,25451,23575,24727,12943,11784,24727,12943,11784,0,0,0,0,0,0,0,0,0,0,0,0
C3010,27,27,0000,District - Bid  27,Total,7,46493,24163,22330,41336,21742,19594,41336,21742,19594,0,0,0,0,0,0,0,0,0,0,0,0
C3010,27,27,0000,District - Bid  27,Total,8,58534,30078,28456,54351,28238,26113,54351,28238,26113,0,0,0,0,0,0,0,0,0,0,0,0
C3010,27,27,0000,District - Bid  27,Total,9,56689,29123,27566,54176,28064,26112,54176,28064,26112,0,0,0,0,0,0,0,0,0,0,0,0
C3010,27,27,0000,District - Bid  27,Total,10,73828,38162,35666,68363,35857,32506,68363,35857,32506,0,0,0,0,0,0,0,0,0,0,0,0
C3010,27,27,0000,District - Bid  27,Total,11,54313,28894,25419,51183,27621,23562,51183,27621,23562,0,0,0,0,0,0,0,0,0,0,0,0
C3010,27,27,0000,District - Bid  27,Total,12,66032,34947,31085,57843,31635,26208,57843,31635,26208,0,0,0,0,0,0,0,0,0,0,0,0
C3010,27,27,0000,District - Bid  27,Total,13,50157,26953,23204,43608,24399,19209,43608,24399,19209,0,0,0,0,0,0,0,0,0,0,0,0
C3010,27,27,0000,District - Bid  27,Total,14,50881,28230,22651,41527,24205,17322,41527,24205,17322,0,0,0,0,0,0,0,0,0,0,0,0
C3010,27,27,0000,District - Bid  27,Total,15-19,202888,117942,84946,120904,78553,42351,95927,61401,34526,23147,15858,7289,1349,981,368,276,242,34,205,71,134
C3010,27,27,0000,District - Bid  27,Total,20-24,157710,83805,73905,34006,26832,7174,5680,4486,1194,26685,21467,5218,803,613,190,59,47,12,779,219,560
C3010,27,27,0000,District - Bid  27,Total,25-29,146673,70922,75751,5893,4269,1624,0,0,0,4167,3539,628,397,327,70,65,42,23,1264,361,903
C3010,27,27,0000,District - Bid  27,Total,30-34,146431,71451,74980,2428,1142,1286,0,0,0,607,473,134,100,75,25,27,19,8,1694,575,1119
C3010,27,27,0000,District - Bid  27,Total,35-59,464629,239141,225488,2991,1369,1622,0,0,0,217,155,62,138,89,49,38,31,7,2598,1094,1504
C3010,27,27,0000,District - Bid  27,Total,60+,248444,114201,134243,361,243,118,0,0,0,72,50,22,46,25,21,10,8,2,233,160,73
C3010,27,27,0000,District - Bid  27,Total,Age not stated,2265,1284,981,32,22,10,0,0,0,28,20,8,0,0,0,2,2,0,2,0,2
C3010,27,27,0000,District - Bid  27,Rural,All ages,1774180,915071,859109,488225,282147,206078,443591,249245,194346,36217,29091,7126,1388,1073,315,358,306,52,6671,2432,4239
C3010,27,27,0000,District - Bid  27,Rural,0-4,191161,101166,89995,2588,1324,1264,2588,1324,1264,0,0,0,0,0,0,0,0,0,0,0,0
C3010,27,27,0000,District - Bid  27,Rural,5,46665,24760,21905,3606,1894,1712,3606,1894,1712,0,0,0,0,0,0,0,0,0,0,0,0
C3010,27,27,0000,District - Bid  27,Rural,6,40468,21056,19412,20479,10771,9708,20479,10771,9708,0,0,0,0,0,0,0,0,0,0,0,0
C3010,27,27,0000,District - Bid  27,Rural,7,37351,19483,17868,33197,17589,15608,33197,17589,15608,0,0,0,0,0,0,0,0,0,0,0,0
C3010,27,27,0000,District - Bid  27,Rural,8,47320,24226,23094,44049,22843,21206,44049,22843,21206,0,0,0,0,0,0,0,0,0,0,0,0
C3010,27,27,0000,District - Bid  27,Rural,9,47939,24574,23365,45887,23757,22130,45887,23757,22130,0,0,0,0,0,0,0,0,0,0,0,0
C3010,27,27,0000,District - Bid  27,Rural,10,61148,31520,29628,56652,29711,26941,56652,29711,26941,0,0,0,0,0,0,0,0,0,0,0,0
C3010,27,27,0000,District - Bid  27,Rural,11,45496,24148,21348,42883,23162,19721,42883,23162,19721,0,0,0,0,0,0,0,0,0,0,0,0
C3010,27,27,0000,District - Bid  27,Rural,12,53675,28396,25279,46762,25723,21039,46762,25723,21039,0,0,0,0,0,0,0,0,0,0,0,0
C3010,27,27,0000,District - Bid  27,Rural,13,41325,22285,19040,35620,20141,15479,35620,20141,15479,0,0,0,0,0,0,0,0,0,0,0,0
C3010,27,27,0000,District - Bid  27,Rural,14,41483,23159,18324,33436,19845,13591,33436,19845,13591,0,0,0,0,0,0,0,0,0,0,0,0
C3010,27,27,0000,District - Bid  27,Rural,15-19,160006,94108,65898,90884,61222,29662,74151,49020,25131,15700,11461,4239,599,464,135,232,208,24,202,69,133
C3010,27,27,0000,District - Bid  27,Rural,20-24,124110,65999,58111,22730,18814,3916,4281,3465,816,17277,14813,2464,360,287,73,40,33,7,772,216,556
C3010,27,27,0000,District - Bid  27,Rural,25-29,116717,56418,60299,4196,2947,1249,0,0,0,2686,2372,314,224,195,29,37,25,12,1249,355,894
C3010,27,27,0000,District - Bid  27,Rural,30-34,118371,57323,61048,2132,938,1194,0,0,0,372,306,66,70,49,21,20,16,4,1670,567,1103
C3010,27,27,0000,District - Bid  27,Rural,35-59,381043,194653,186390,2797,1246,1551,0,0,0,125,98,27,96,58,38,21,18,3,2555,1072,1483
C3010,27,27,0000,District - Bid  27,Rural,60+,217959,100695,117264,301,202,99,0,0,0,35,25,10,39,20,19,6,4,2,221,153,68
C3010,27,27,0000,District - Bid  27,Rural,Age not stated,1943,1102,841,26,18,8,0,0,0,22,16,6,0,0,0,2,2,0,2,0,2
C3010,27,27,0000,District - Bid  27,Urban,All ages,387070,201285,185785,123884,69364,54520,103510,55723,47787,18706,12471,6235,1445,1037,408,119,85,34,104,48,56
C3010,27,27,0000,District - Bid  27,Urban,0-4,39149,20679,18470,612,323,289,612,323,289,0,0,0,0,0,0,0,0,0,0,0,0
C3010,27,27,0000,District - Bid  27,Urban,5,9282,5004,4278,1574,836,738,1574,836,738,0,0,0,0,0,0,0,0,0,0,0,0
C3010,27,27,0000,District - Bid  27,Urban,6,8558,4395,4163,4248,2172,2076,4248,2172,2076,0,0,0,0,0,0,0,0,0,0,0,0
C3010,27,27,0000,District - Bid  27,Urban,7,9142,4680,4462,8139,4153,3986,8139,4153,3986,0,0,0,0,0,0,0,0,0,0,0,0
C3010,27,27,0000,District - Bid  27,Urban,8,11214,5852,5362,10302,5395,4907,10302,5395,4907,0,0,0,0,0,0,0,0,0,0,0,0
C3010,27,27,0000,District - Bid  27,Urban,9,8750,4549,4201,8289,4307,3982,8289,4307,3982,0,0,0,0,0,0,0,0,0,0,0,0
C3010,27,27,0000,District - Bid  27,Urban,10,12680,6642,6038,11711,6146,5565,11711,6146,5565,0,0,0,0,0,0,0,0,0,0,0,0
C3010,27,27,0000,District - Bid  27,Urban,11,8817,4746,4071,8300,4459,3841,8300,4459,3841,0,0,0,0,0,0,0,0,0,0,0,0
C3010,27,27,0000,District - Bid  27,Urban,12,12357,6551,5806,11081,5912,5169,11081,5912,5169,0,0,0,0,0,0,0,0,0,0,0,0
C3010,27,27,0000,District - Bid  27,Urban,13,8832,4668,4164,7988,4258,3730,7988,4258,3730,0,0,0,0,0,0,0,0,0,0,0,0
C3010,27,27,0000,District - Bid  27,Urban,14,9398,5071,4327,8091,4360,3731,8091,4360,3731,0,0,0,0,0,0,0,0,0,0,0,0
C3010,27,27,0000,District - Bid  27,Urban,15-19,42882,23834,19048,30020,17331,12689,21776,12381,9395,7447,4397,3050,750,517,233,44,34,10,3,2,1
C3010,27,27,0000,District - Bid  27,Urban,20-24,33600,17806,15794,11276,8018,3258,1399,1021,378,9408,6654,2754,443,326,117,19,14,5,7,3,4
C3010,27,27,0000,District - Bid  27,Urban,25-29,29956,14504,15452,1697,1322,375,0,0,0,1481,1167,314,173,132,41,28,17,11,15,6,9
C3010,27,27,0000,District - Bid  27,Urban,30-34,28060,14128,13932,296,204,92,0,0,0,235,167,68,30,26,4,7,3,4,24,8,16
C3010,27,27,0000,District - Bid  27,Urban,35-59,83586,44488,39098,194,123,71,0,0,0,92,57,35,42,31,11,17,13,4,43,22,21
C3010,27,27,0000,District - Bid  27,Urban,60+,30485,13506,16979,60,41,19,0,0,0,37,25,12,7,5,2,4,4,0,12,7,5
C3010,27,27,0000,District - Bid  27,Urban,Age not stated,322,182,140,6,4,2,0,0,0,6,4,2,0,0,0,0,0,0,0,0,0
C3010,27,28,0000,District - Latur  28,Total,All ages,2080285,1075257,1005028,583972,328085,255887,534205,291394,242811,43992,32827,11165,4496,3099,1397,504,365,139,775,400,375
C3010,27,28,0000,District - Latur  28,Total,0-4,225429,117421,108008,5255,2732,2523,5255,2732,2523,0,0,0,0,0,0,0,0,0,0,0,0
C3010,27,28,0000,District - Latur  28,Total,5,53034,28117,24917,7998,4136,3862,7998,4136,3862,0,0,0,0,0,0,0,0,0,0,0,0
C3010,27,28,0000,District - Latur  28,Total,6,48314,24854,23460,25880,13342,12538,25880,13342,12538,0,0,0,0,0,0,0,0,0,0,0,0
C3010,27,28,0000,District - Latur  28,Total,7,45576,23312,22264,40404,20850,19554,40404,20850,19554,0,0,0,0,0,0,0,0,0,0,0,0
C3010,27,28,0000,District - Latur  28,Total,8,55079,28181,26898,51694,26615,25079,51694,26615,25079,0,0,0,0,0,0,0,0,0,0,0,0
C3010,27,28,0000,District - Latur  28,Total,9,50587,25952,24635,48500,25019,23481,48500,25019,23481,0,0,0,0,0,0,0,0,0,0,0,0
C3010,27,28,0000,District - Latur  28,Total,10,66129,34490,31639,61842,32373,29469,61842,32373,29469,0,0,0,0,0,0,0,0,0,0,0,0
C3010,27,28,0000,District - Latur  28,Total,11,49424,25831,23593,46978,24743,22235,46978,24743,22235,0,0,0,0,0,0,0,0,0,0,0,0
C3010,27,28,0000,District - Latur  28,Total,12,64174,34183,29991,57619,31046,26573,57619,31046,26573,0,0,0,0,0,0,0,0,0,0,0,0
C3010,27,28,0000,District - Latur  28,Total,13,45972,24299,21673,40953,22108,18845,40953,22108,18845,0,0,0,0,0,0,0,0,0,0,0,0
C3010,27,28,0000,District - Latur  28,Total,14,49464,26518,22946,40930,22757,18173,40930,22757,18173,0,0,0,0,0,0,0,0,0,0,0,0
C3010,27,28,0000,District - Latur  28,Total,15-19,211546,117058,94488,119145,73506,45639,98875,60072,38803,18072,12010,6062,1983,1278,705,205,140,65,10,6,4
C3010,27,28,0000,District - Latur  28,Total,20-24,170378,92402,77976,30810,24255,6555,7277,5601,1676,22095,17582,4513,1291,979,312,105,76,29,42,17,25
C3010,27,28,0000,District - Latur  28,Total,25-29,150993,74317,76676,3765,3176,589,0,0,0,3040,2623,417,551,445,106,89,70,19,85,38,47
C3010,27,28,0000,District - Latur  28,Total,30-34,140230,69895,70335,746,542,204,0,0,0,420,337,83,186,121,65,39,32,7,101,52,49
C3010,27,28,0000,District - Latur  28,Total,35-59,421362,219578,201784,1049,659,390,0,0,0,268,207,61,359,221,138,51,39,12,371,192,179
C3010,27,28,0000,District - Latur  28,Total,60+,229486,107143,122343,365,201,164,0,0,0,63,47,16,122,52,70,14,7,7,166,95,71
C3010,27,28,0000,District - Latur  28,Total,Age not stated,3108,1706,1402,39,25,14,0,0,0,34,21,13,4,3,1,1,1,0,0,0,0
C3010,27,28,0000,District - Latur  28,Rural,All ages,1590024,819413,770611,425257,239376,185881,396376,216505,179871,25828,20681,5147,2112,1621,491,288,225,63,653,344,309
C3010,27,28,0000,District - Latur  28,Rural,0-4,174685,90738,83947,3774,1961,1813,3774,1961,1813,0,0,0,0,0,0,0,0,0,0,0,0
C3010,27,28,0000,District - Latur  28,Rural,5,40662,21609,19053,4699,2463,2236,4699,2463,2236,0,0,0,0,0,0,0,0,0,0,0,0
C3010,27,28,0000,District - Latur  28,Rural,6,36679,18817,17862,19000,9799,9201,19000,9799,9201,0,0,0,0,0,0,0,0,0,0,0,0
C3010,27,28,0000,District - Latur  28,Rural,7,33284,17073,16211,29391,15249,14142,29391,15249,14142,0,0,0,0,0,0,0,0,0,0,0,0
C3010,27,28,0000,District - Latur  28,Rural,8,40645,20654,19991,38236,19563,18673,38236,19563,18673,0,0,0,0,0,0,0,0,0,0,0,0
C3010,27,28,0000,District - Latur  28,Rural,9,39133,19827,19306,37629,19188,18441,37629,19188,18441,0,0,0,0,0,0,0,0,0,0,0,0
C3010,27,28,0000,District - Latur  28,Rural,10,50043,25935,24108,46955,24462,22493,46955,24462,22493,0,0,0,0,0,0,0,0,0,0,0,0
C3010,27,28,0000,District - Latur  28,Rural,11,37889,19650,18239,36077,18880,17197,36077,18880,17197,0,0,0,0,0,0,0,0,0,0,0,0
C3010,27,28,0000,District - Latur  28,Rural,12,48149,25398,22751,43234,23179,20055,43234,23179,20055,0,0,0,0,0,0,0,0,0,0,0,0
C3010,27,28,0000,District - Latur  28,Rural,13,34738,18308,16430,30866,16688,14178,30866,16688,14178,0,0,0,0,0,0,0,0,0,0,0,0
C3010,27,28,0000,District - Latur  28,Rural,14,37389,20038,17351,30752,17231,13521,30752,17231,13521,0,0,0,0,0,0,0,0,0,0,0,0
C3010,27,28,0000,District - Latur  28,Rural,15-19,156513,87106,69407,82964,52608,30356,70865,43955,26910,11057,7842,3215,924,723,201,109,83,26,9,5,4
C3010,27,28,0000,District - Latur  28,Rural,20-24,126584,69442,57142,18282,15395,2887,4898,3887,1011,12630,10923,1707,661,524,137,60,48,12,33,13,20
C3010,27,28,0000,District - Latur  28,Rural,25-29,112285,55448,56837,2155,1890,265,0,0,0,1779,1612,167,248,202,46,54,44,10,74,32,42
C3010,27,28,0000,District - Latur  28,Rural,30-34,105137,52131,53006,407,313,94,0,0,0,218,190,28,80,58,22,23,19,4,86,46,40
C3010,27,28,0000,District - Latur  28,Rural,35-59,321100,165527,155573,574,349,225,0,0,0,95,78,17,135,84,51,29,24,5,315,163,152
C3010,27,28,0000,District - Latur  28,Rural,60+,193164,90637,102527,242,145,97,0,0,0,31,25,6,63,29,34,12,6,6,136,85,51
C3010,27,28,0000,District - Latur  28,Rural,Age not stated,1945,1075,870,20,13,7,0,0,0,18,11,7,1,1,0,1,1,0,0,0,0
C3010,27,28,0000,District - Latur  28,Urban,All ages,490261,255844,234417,158715,88709,70006,137829,74889,62940,18164,12146,6018,2384,1478,906,216,140,76,122,56,66
C3010,27,28,0000,District - Latur  28,Urban,0-4,50744,26683,24061,1481,771,710,1481,771,710,0,0,0,0,0,0,0,0,0,0,0,0
C3010,27,28,0000,District - Latur  28,Urban,5,12372,6508,5864,3299,1673,1626,3299,1673,1626,0,0,0,0,0,0,0,0,0,0,0,0
C3010,27,28,0000,District - Latur  28,Urban,6,11635,6037,5598,6880,3543,3337,6880,3543,3337,0,0,0,0,0,0,0,0,0,0,0,0
C3010,27,28,0000,District - Latur  28,Urban,7,12292,6239,6053,11013,5601,5412,11013,5601,5412,0,0,0,0,0,0,0,0,0,0,0,0
C3010,27,28,0000,District - Latur  28,Urban,8,14434,7527,6907,13458,7052,6406,13458,7052,6406,0,0,0,0,0,0,0,0,0,0,0,0
C3010,27,28,0000,District - Latur  28,Urban,9,11454,6125,5329,10871,5831,5040,10871,5831,5040,0,0,0,0,0,0,0,0,0,0,0,0
C3010,27,28,0000,District - Latur  28,Urban,10,16086,8555,7531,14887,7911,6976,14887,7911,6976,0,0,0,0,0,0,0,0,0,0,0,0
C3010,27,28,0000,District - Latur  28,Urban,11,11535,6181,5354,10901,5863,5038,10901,5863,5038,0,0,0,0,0,0,0,0,0,0,0,0
C3010,27,28,0000,District - Latur  28,Urban,12,16025,8785,7240,14385,7867,6518,14385,7867,6518,0,0,0,0,0,0,0,0,0,0,0,0
C3010,27,28,0000,District - Latur  28,Urban,13,11234,5991,5243,10087,5420,4667,10087,5420,4667,0,0,0,0,0,0,0,0,0,0,0,0
C3010,27,28,0000,District - Latur  28,Urban,14,12075,6480,5595,10178,5526,4652,10178,5526,4652,0,0,0,0,0,0,0,0,0,0,0,0
C3010,27,28,0000,District - Latur  28,Urban,15-19,55033,29952,25081,36181,20898,15283,28010,16117,11893,7015,4168,2847,1059,555,504,96,57,39,1,1,0
C3010,27,28,0000,District - Latur  28,Urban,20-24,43794,22960,20834,12528,8860,3668,2379,1714,665,9465,6659,2806,630,455,175,45,28,17,9,4,5
C3010,27,28,0000,District - Latur  28,Urban,25-29,38708,18869,19839,1610,1286,324,0,0,0,1261,1011,250,303,243,60,35,26,9,11,6,5
C3010,27,28,0000,District - Latur  28,Urban,30-34,35093,17764,17329,339,229,110,0,0,0,202,147,55,106,63,43,16,13,3,15,6,9
C3010,27,28,0000,District - Latur  28,Urban,35-59,100262,54051,46211,475,310,165,0,0,0,173,129,44,224,137,87,22,15,7,56,29,27
C3010,27,28,0000,District - Latur  28,Urban,60+,36322,16506,19816,123,56,67,0,0,0,32,22,10,59,23,36,2,1,1,30,10,20
C3010,27,28,0000,District - Latur  28,Urban,Age not stated,1163,631,532,19,12,7,0,0,0,16,10,6,3,2,1,0,0,0,0,0,0
C3010,27,29,0000,District - Osmanabad  29,Total,All ages,1486586,769368,717218,394947,222320,172627,363257,199362,163895,27037,20499,6538,1840,1331,509,332,241,91,2481,887,1594
C3010,27,29,0000,District - Osmanabad  29,Total,0-4,154917,81760,73157,2836,1472,1364,2836,1472,1364,0,0,0,0,0,0,0,0,0,0,0,0
C3010,27,29,0000,District - Osmanabad  29,Total,5,36308,19336,16972,4898,2562,2336,4898,2562,2336,0,0,0,0,0,0,0,0,0,0,0,0
C3010,27,29,0000,District - Osmanabad  29,Total,6,31958,16765,15193,19334,10224,9110,19334,10224,9110,0,0,0,0,0,0,0,0,0,0,0,0
C3010,27,29,0000,District - Osmanabad  29,Total,7,29671,15317,14354,26563,13854,12709,26563,13854,12709,0,0,0,0,0,0,0,0,0,0,0,0
C3010,27,29,0000,District - Osmanabad  29,Total,8,35940,18450,17490,33721,17449,16272,33721,17449,16272,0,0,0,0,0,0,0,0,0,0,0,0
C3010,27,29,0000,District - Osmanabad  29,Total,9,35508,18026,17482,33887,17297,16590,33887,17297,16590,0,0,0,0,0,0,0,0,0,0,0,0
C3010,27,29,0000,District - Osmanabad  29,Total,10,44211,22887,21324,41012,21381,19631,41012,21381,19631,0,0,0,0,0,0,0,0,0,0,0,0
C3010,27,29,0000,District - Osmanabad  29,Total,11,36626,19062,17564,34522,18098,16424,34522,18098,16424,0,0,0,0,0,0,0,0,0,0,0,0
C3010,27,29,0000,District - Osmanabad  29,Total,12,44527,23323,21204,39768,21169,18599,39768,21169,18599,0,0,0,0,0,0,0,0,0,0,0,0
C3010,27,29,0000,District - Osmanabad  29,Total,13,34405,18034,16371,30191,16194,13997,30191,16194,13997,0,0,0,0,0,0,0,0,0,0,0,0
C3010,27,29,0000,District - Osmanabad  29,Total,14,33817,18324,15493,27147,15359,11788,27147,15359,11788,0,0,0,0,0,0,0,0,0,0,0,0
C3010,27,29,0000,District - Osmanabad  29,Total,15-19,144912,81896,63016,76191,48374,27817,64311,40294,24017,10862,7384,3478,828,579,249,141,101,40,49,16,33
C3010,27,29,0000,District - Osmanabad  29,Total,20-24,113620,61916,51704,19479,15445,4034,5067,4009,1058,13611,10913,2698,542,414,128,69,50,19,190,59,131
C3010,27,29,0000,District - Osmanabad  29,Total,25-29,107728,52463,55265,2786,2188,598,0,0,0,2075,1812,263,241,197,44,59,47,12,411,132,279
C3010,27,29,0000,District - Osmanabad  29,Total,30-34,99171,49294,49877,855,431,424,0,0,0,247,199,48,62,50,12,21,14,7,525,168,357
C3010,27,29,0000,District - Osmanabad  29,Total,35-59,313655,162768,150887,1332,589,743,0,0,0,169,136,33,104,60,44,34,25,9,1025,368,657
C3010,27,29,0000,District - Osmanabad  29,Total,60+,186867,88206,98661,388,207,181,0,0,0,45,33,12,59,29,30,8,4,4,276,141,135
C3010,27,29,0000,District - Osmanabad  29,Total,Age not stated,2745,1541,1204,37,27,10,0,0,0,28,22,6,4,2,2,0,0,0,5,3,2
C3010,27,29,0000,District - Osmanabad  29,Rural,All ages,1253330,648276,605054,323295,182573,140722,300656,165650,135006,18794,15001,3793,1156,866,290,249,180,69,2440,876,1564
C3010,27,29,0000,District - Osmanabad  29,Rural,0-4,131423,69309,62114,2344,1211,1133,2344,1211,1133,0,0,0,0,0,0,0,0,0,0,0,0
C3010,27,29,0000,District - Osmanabad  29,Rural,5,30709,16314,14395,3640,1917,1723,3640,1917,1723,0,0,0,0,0,0,0,0,0,0,0,0
C3010,27,29,0000,District - Osmanabad  29,Rural,6,26604,14031,12573,16053,8601,7452,16053,8601,7452,0,0,0,0,0,0,0,0,0,0,0,0
C3010,27,29,0000,District - Osmanabad  29,Rural,7,24115,12426,11689,21542,11208,10334,21542,11208,10334,0,0,0,0,0,0,0,0,0,0,0,0
C3010,27,29,0000,District - Osmanabad  29,Rural,8,29677,15203,14474,27884,14404,13480,27884,14404,13480,0,0,0,0,0,0,0,0,0,0,0,0
C3010,27,29,0000,District - Osmanabad  29,Rural,9,30281,15330,14951,28893,14701,14192,28893,14701,14192,0,0,0,0,0,0,0,0,0,0,0,0
C3010,27,29,0000,District - Osmanabad  29,Rural,10,37088,19180,17908,34396,17937,16459,34396,17937,16459,0,0,0,0,0,0,0,0,0,0,0,0
C3010,27,29,0000,District - Osmanabad  29,Rural,11,31181,16217,14964,29369,15404,13965,29369,15404,13965,0,0,0,0,0,0,0,0,0,0,0,0
C3010,27,29,0000,District - Osmanabad  29,Rural,12,37291,19506,17785,33282,17742,15540,33282,17742,15540,0,0,0,0,0,0,0,0,0,0,0,0
C3010,27,29,0000,District - Osmanabad  29,Rural,13,29040,15222,13818,25357,13646,11711,25357,13646,11711,0,0,0,0,0,0,0,0,0,0,0,0
C3010,27,29,0000,District - Osmanabad  29,Rural,14,28269,15383,12886,22505,12862,9643,22505,12862,9643,0,0,0,0,0,0,0,0,0,0,0,0
C3010,27,29,0000,District - Osmanabad  29,Rural,15-19,119572,68038,51534,59981,38962,21019,51521,32880,18641,7763,5573,2190,539,411,128,111,83,28,47,15,32
C3010,27,29,0000,District - Osmanabad  29,Rural,20-24,92804,50899,41905,13740,11378,2362,3870,3137,733,9335,7914,1421,296,232,64,52,37,15,187,58,129
C3010,27,29,0000,District - Osmanabad  29,Rural,25-29,89362,43524,45838,2008,1560,448,0,0,0,1414,1277,137,151,124,27,34,27,7,409,132,277
C3010,27,29,0000,District - Osmanabad  29,Rural,30-34,82524,40964,41560,730,347,383,0,0,0,158,139,19,41,32,9,16,10,6,515,166,349
C3010,27,29,0000,District - Osmanabad  29,Rural,35-59,264233,136253,127980,1184,485,699,0,0,0,76,62,14,76,41,35,28,19,9,1004,363,641
C3010,27,29,0000,District - Osmanabad  29,Rural,60+,167123,79357,87766,364,191,173,0,0,0,34,24,10,49,24,25,8,4,4,273,139,134
C3010,27,29,0000,District - Osmanabad  29,Rural,Age not stated,2034,1120,914,23,17,6,0,0,0,14,12,2,4,2,2,0,0,0,5,3,2
C3010,27,29,0000,District - Osmanabad  29,Urban,All ages,233256,121092,112164,71652,39747,31905,62601,33712,28889,8243,5498,2745,684,465,219,83,61,22,41,11,30
C3010,27,29,0000,District - Osmanabad  29,Urban,0-4,23494,12451,11043,492,261,231,492,261,231,0,0,0,0,0,0,0,0,0,0,0,0
C3010,27,29,0000,District - Osmanabad  29,Urban,5,5599,3022,2577,1258,645,613,1258,645,613,0,0,0,0,0,0,0,0,0,0,0,0
C3010,27,29,0000,District - Osmanabad  29,Urban,6,5354,2734,2620,3281,1623,1658,3281,1623,1658,0,0,0,0,0,0,0,0,0,0,0,0
C3010,27,29,0000,District - Osmanabad  29,Urban,7,5556,2891,2665,5021,2646,2375,5021,2646,2375,0,0,0,0,0,0,0,0,0,0,0,0
C3010,27,29,0000,District - Osmanabad  29,Urban,8,6263,3247,3016,5837,3045,2792,5837,3045,2792,0,0,0,0,0,0,0,0,0,0,0,0
C3010,27,29,0000,District - Osmanabad  29,Urban,9,5227,2696,2531,4994,2596,2398,4994,2596,2398,0,0,0,0,0,0,0,0,0,0,0,0
C3010,27,29,0000,District - Osmanabad  29,Urban,10,7123,3707,3416,6616,3444,3172,6616,3444,3172,0,0,0,0,0,0,0,0,0,0,0,0
C3010,27,29,0000,District - Osmanabad  29,Urban,11,5445,2845,2600,5153,2694,2459,5153,2694,2459,0,0,0,0,0,0,0,0,0,0,0,0
C3010,27,29,0000,District - Osmanabad  29,Urban,12,7236,3817,3419,6486,3427,3059,6486,3427,3059,0,0,0,0,0,0,0,0,0,0,0,0
C3010,27,29,0000,District - Osmanabad  29,Urban,13,5365,2812,2553,4834,2548,2286,4834,2548,2286,0,0,0,0,0,0,0,0,0,0,0,0
C3010,27,29,0000,District - Osmanabad  29,Urban,14,5548,2941,2607,4642,2497,2145,4642,2497,2145,0,0,0,0,0,0,0,0,0,0,0,0
C3010,27,29,0000,District - Osmanabad  29,Urban,15-19,25340,13858,11482,16210,9412,6798,12790,7414,5376,3099,1811,1288,289,168,121,30,18,12,2,1,1
C3010,27,29,0000,District - Osmanabad  29,Urban,20-24,20816,11017,9799,5739,4067,1672,1197,872,325,4276,2999,1277,246,182,64,17,13,4,3,1,2
C3010,27,29,0000,District - Osmanabad  29,Urban,25-29,18366,8939,9427,778,628,150,0,0,0,661,535,126,90,73,17,25,20,5,2,0,2
C3010,27,29,0000,District - Osmanabad  29,Urban,30-34,16647,8330,8317,125,84,41,0,0,0,89,60,29,21,18,3,5,4,1,10,2,8
C3010,27,29,0000,District - Osmanabad  29,Urban,35-59,49422,26515,22907,148,104,44,0,0,0,93,74,19,28,19,9,6,6,0,21,5,16
C3010,27,29,0000,District - Osmanabad  29,Urban,60+,19744,8849,10895,24,16,8,0,0,0,11,9,2,10,5,5,0,0,0,3,2,1
C3010,27,29,0000,District - Osmanabad  29,Urban,Age not stated,711,421,290,14,10,4,0,0,0,14,10,4,0,0,0,0,0,0,0,0,0
C3010,27,30,0000,District - Solapur  30,Total,All ages,3849543,1989623,1859920,949612,533793,415819,876995,485726,391269,55018,39576,15442,6592,4680,1912,1386,975,411,9621,2836,6785
C3010,27,30,0000,District - Solapur  30,Total,0-4,393537,207844,185693,8507,4375,4132,8507,4375,4132,0,0,0,0,0,0,0,0,0,0,0,0
C3010,27,30,0000,District - Solapur  30,Total,5,96095,50883,45212,14299,7430,6869,14299,7430,6869,0,0,0,0,0,0,0,0,0,0,0,0
C3010,27,30,0000,District - Solapur  30,Total,6,79977,41901,38076,44418,23517,20901,44418,23517,20901,0,0,0,0,0,0,0,0,0,0,0,0
C3010,27,30,0000,District - Solapur  30,Total,7,77658,39755,37903,68427,35381,33046,68427,35381,33046,0,0,0,0,0,0,0,0,0,0,0,0
C3010,27,30,0000,District - Solapur  30,Total,8,90663,46788,43875,84032,43765,40267,84032,43765,40267,0,0,0,0,0,0,0,0,0,0,0,0
C3010,27,30,0000,District - Solapur  30,Total,9,85363,43364,41999,80387,41146,39241,80387,41146,39241,0,0,0,0,0,0,0,0,0,0,0,0
C3010,27,30,0000,District - Solapur  30,Total,10,110353,57102,53251,100556,52706,47850,100556,52706,47850,0,0,0,0,0,0,0,0,0,0,0,0
C3010,27,30,0000,District - Solapur  30,Total,11,90201,46842,43359,83714,44022,39692,83714,44022,39692,0,0,0,0,0,0,0,0,0,0,0,0
C3010,27,30,0000,District - Solapur  30,Total,12,109068,57759,51309,94337,51275,43062,94337,51275,43062,0,0,0,0,0,0,0,0,0,0,0,0
C3010,27,30,0000,District - Solapur  30,Total,13,84383,44758,39625,71225,39212,32013,71225,39212,32013,0,0,0,0,0,0,0,0,0,0,0,0
C3010,27,30,0000,District - Solapur  30,Total,14,84053,45689,38364,64544,37123,27421,64544,37123,27421,0,0,0,0,0,0,0,0,0,0,0,0
C3010,27,30,0000,District - Solapur  30,Total,15-19,368652,211196,157456,177310,114501,62809,150106,96305,53801,23035,15349,7686,3114,2213,901,781,541,240,274,93,181
C3010,27,30,0000,District - Solapur  30,Total,20-24,319172,167583,151589,44421,32833,11588,12443,9469,2974,28229,21236,6993,2273,1657,616,265,189,76,1211,282,929
C3010,27,30,0000,District - Solapur  30,Total,25-29,294175,143230,150945,5718,3493,2225,0,0,0,2938,2422,516,611,462,149,162,117,45,2007,492,1515
C3010,27,30,0000,District - Solapur  30,Total,30-34,274695,134470,140225,3124,1080,2044,0,0,0,348,254,94,168,112,56,49,36,13,2559,678,1881
C3010,27,30,0000,District - Solapur  30,Total,35-59,918712,472450,446262,3952,1592,2360,0,0,0,325,226,99,301,171,130,104,76,28,3222,1119,2103
C3010,27,30,0000,District - Solapur  30,Total,60+,368227,175531,192696,595,318,277,0,0,0,113,72,41,120,61,59,22,15,7,340,170,170
C3010,27,30,0000,District - Solapur  30,Total,Age not stated,4559,2478,2081,46,24,22,0,0,0,30,17,13,5,4,1,3,1,2,8,2,6
C3010,27,30,0000,District - Solapur  30,Rural,All ages,2624259,1363390,1260869,623377,354689,268688,584277,328029,256248,26142,21117,5025,2609,2086,523,957,696,261,9392,2761,6631
C3010,27,30,0000,District - Solapur  30,Rural,0-4,279110,148077,131033,4284,2250,2034,4284,2250,2034,0,0,0,0,0,0,0,0,0,0,0,0
C3010,27,30,0000,District - Solapur  30,Rural,5,68339,36314,32025,6420,3386,3034,6420,3386,3034,0,0,0,0,0,0,0,0,0,0,0,0
C3010,27,30,0000,District - Solapur  30,Rural,6,55394,29001,26393,29658,15751,13907,29658,15751,13907,0,0,0,0,0,0,0,0,0,0,0,0
C3010,27,30,0000,District - Solapur  30,Rural,7,50991,26302,24689,44689,23379,21310,44689,23379,21310,0,0,0,0,0,0,0,0,0,0,0,0
C3010,27,30,0000,District - Solapur  30,Rural,8,60915,31267,29648,56571,29341,27230,56571,29341,27230,0,0,0,0,0,0,0,0,0,0,0,0
C3010,27,30,0000,District - Solapur  30,Rural,9,60700,30893,29807,57269,29391,27878,57269,29391,27878,0,0,0,0,0,0,0,0,0,0,0,0
C3010,27,30,0000,District - Solapur  30,Rural,10,74728,38663,36065,68308,35880,32428,68308,35880,32428,0,0,0,0,0,0,0,0,0,0,0,0
C3010,27,30,0000,District - Solapur  30,Rural,11,63526,33152,30374,59150,31277,27873,59150,31277,27873,0,0,0,0,0,0,0,0,0,0,0,0
C3010,27,30,0000,District - Solapur  30,Rural,12,74567,39601,34966,64659,35332,29327,64659,35332,29327,0,0,0,0,0,0,0,0,0,0,0,0
C3010,27,30,0000,District - Solapur  30,Rural,13,58369,31357,27012,49300,27572,21728,49300,27572,21728,0,0,0,0,0,0,0,0,0,0,0,0
C3010,27,30,0000,District - Solapur  30,Rural,14,57117,31589,25528,43585,25749,17836,43585,25749,17836,0,0,0,0,0,0,0,0,0,0,0,0
C3010,27,30,0000,District - Solapur  30,Rural,15-19,238401,141275,97126,106753,73111,33642,93438,63130,30308,11264,8470,2794,1188,997,191,608,430,178,255,84,171
C3010,27,30,0000,District - Solapur  30,Rural,20-24,207077,109969,97108,22203,17763,4440,6946,5591,1355,13150,11116,2034,782,672,110,147,113,34,1178,271,907
C3010,27,30,0000,District - Solapur  30,Rural,25-29,194487,95334,99153,3702,2026,1676,0,0,0,1398,1274,124,253,199,54,92,75,17,1959,478,1481
C3010,27,30,0000,District - Solapur  30,Rural,30-34,185058,90158,94900,2779,866,1913,0,0,0,145,116,29,98,64,34,25,21,4,2511,665,1846
C3010,27,30,0000,District - Solapur  30,Rural,35-59,621785,318610,303175,3548,1355,2193,0,0,0,124,97,27,199,112,87,67,48,19,3158,1098,2060
C3010,27,30,0000,District - Solapur  30,Rural,60+,270941,130312,140629,476,247,229,0,0,0,53,37,16,85,39,46,15,8,7,323,163,160
C3010,27,30,0000,District - Solapur  30,Rural,Age not stated,2754,1516,1238,23,13,10,0,0,0,8,7,1,4,3,1,3,1,2,8,2,6
C3010,27,30,0000,District - Solapur  30,Urban,All ages,1225284,626233,599051,326235,179104,147131,292718,157697,135021,28876,18459,10417,3983,2594,1389,429,279,150,229,75,154
C3010,27,30,0000,District - Solapur  30,Urban,0-4,114427,59767,54660,4223,2125,2098,4223,2125,2098,0,0,0,0,0,0,0,0,0,0,0,0
C3010,27,30,0000,District - Solapur  30,Urban,5,27756,14569,13187,7879,4044,3835,7879,4044,3835,0,0,0,0,0,0,0,0,0,0,0,0
C3010,27,30,0000,District - Solapur  30,Urban,6,24583,12900,11683,14760,7766,6994,14760,7766,6994,0,0,0,0,0,0,0,0,0,0,0,0
C3010,27,30,0000,District - Solapur  30,Urban,7,26667,13453,13214,23738,12002,11736,23738,12002,11736,0,0,0,0,0,0,0,0,0,0,0,0
C3010,27,30,0000,District - Solapur  30,Urban,8,29748,15521,14227,27461,14424,13037,27461,14424,13037,0,0,0,0,0,0,0,0,0,0,0,0
C3010,27,30,0000,District - Solapur  30,Urban,9,24663,12471,12192,23118,11755,11363,23118,11755,11363,0,0,0,0,0,0,0,0,0,0,0,0
C3010,27,30,0000,District - Solapur  30,Urban,10,35625,18439,17186,32248,16826,15422,32248,16826,15422,0,0,0,0,0,0,0,0,0,0,0,0
C3010,27,30,0000,District - Solapur  30,Urban,11,26675,13690,12985,24564,12745,11819,24564,12745,11819,0,0,0,0,0,0,0,0,0,0,0,0
C3010,27,30,0000,District - Solapur  30,Urban,12,34501,18158,16343,29678,15943,13735,29678,15943,13735,0,0,0,0,0,0,0,0,0,0,0,0
C3010,27,30,0000,District - Solapur  30,Urban,13,26014,13401,12613,21925,11640,10285,21925,11640,10285,0,0,0,0,0,0,0,0,0,0,0,0
C3010,27,30,0000,District - Solapur  30,Urban,14,26936,14100,12836,20959,11374,9585,20959,11374,9585,0,0,0,0,0,0,0,0,0,0,0,0
C3010,27,30,0000,District - Solapur  30,Urban,15-19,130251,69921,60330,70557,41390,29167,56668,33175,23493,11771,6879,4892,1926,1216,710,173,111,62,19,9,10
C3010,27,30,0000,District - Solapur  30,Urban,20-24,112095,57614,54481,22218,15070,7148,5497,3878,1619,15079,10120,4959,1491,985,506,118,76,42,33,11,22
C3010,27,30,0000,District - Solapur  30,Urban,25-29,99688,47896,51792,2016,1467,549,0,0,0,1540,1148,392,358,263,95,70,42,28,48,14,34
C3010,27,30,0000,District - Solapur  30,Urban,30-34,89637,44312,45325,345,214,131,0,0,0,203,138,65,70,48,22,24,15,9,48,13,35
C3010,27,30,0000,District - Solapur  30,Urban,35-59,296927,153840,143087,404,237,167,0,0,0,201,129,72,102,59,43,37,28,9,64,21,43
C3010,27,30,0000,District - Solapur  30,Urban,60+,97286,45219,52067,119,71,48,0,0,0,60,35,25,35,22,13,7,7,0,17,7,10
C3010,27,30,0000,District - Solapur  30,Urban,Age not stated,1805,962,843,23,11,12,0,0,0,22,10,12,1,1,0,0,0,0,0,0,0
C3010,27,31,0000,District - Satara  31,Total,All ages,2808994,1408326,1400668,701246,387378,313868,644458,351561,292897,47257,30776,16481,5381,4040,1341,849,563,286,3301,438,2863
C3010,27,31,0000,District - Satara  31,Total,0-4,262294,140120,122174,8060,4286,3774,8060,4286,3774,0,0,0,0,0,0,0,0,0,0,0,0
C3010,27,31,0000,District - Satara  31,Total,5,58729,31393,27336,13030,7005,6025,13030,7005,6025,0,0,0,0,0,0,0,0,0,0,0,0
C3010,27,31,0000,District - Satara  31,Total,6,47508,24728,22780,30899,16141,14758,30899,16141,14758,0,0,0,0,0,0,0,0,0,0,0,0
C3010,27,31,0000,District - Satara  31,Total,7,53340,27832,25508,48830,25741,23089,48830,25741,23089,0,0,0,0,0,0,0,0,0,0,0,0
C3010,27,31,0000,District - Satara  31,Total,8,56012,28848,27164,52687,27333,25354,52687,27333,25354,0,0,0,0,0,0,0,0,0,0,0,0
C3010,27,31,0000,District - Satara  31,Total,9,58452,30048,28404,55936,28967,26969,55936,28967,26969,0,0,0,0,0,0,0,0,0,0,0,0
C3010,27,31,0000,District - Satara  31,Total,10,68618,35525,33093,64445,33672,30773,64445,33672,30773,0,0,0,0,0,0,0,0,0,0,0,0
C3010,27,31,0000,District - Satara  31,Total,11,62782,32690,30092,60282,31698,28584,60282,31698,28584,0,0,0,0,0,0,0,0,0,0,0,0
C3010,27,31,0000,District - Satara  31,Total,12,71737,37576,34161,66573,35533,31040,66573,35533,31040,0,0,0,0,0,0,0,0,0,0,0,0
C3010,27,31,0000,District - Satara  31,Total,13,59897,30954,28943,55087,29204,25883,55087,29204,25883,0,0,0,0,0,0,0,0,0,0,0,0
C3010,27,31,0000,District - Satara  31,Total,14,57767,30362,27405,50445,27638,22807,50445,27638,22807,0,0,0,0,0,0,0,0,0,0,0,0
C3010,27,31,0000,District - Satara  31,Total,15-19,267750,146105,121645,154434,93516,60918,129737,78057,51680,21268,12910,8358,2880,2214,666,487,321,166,62,14,48
C3010,27,31,0000,District - Satara  31,Total,20-24,236298,119126,117172,34208,23778,10430,8447,6286,2161,23611,16050,7561,1709,1280,429,175,118,57,266,44,222
C3010,27,31,0000,District - Satara  31,Total,25-29,218460,104085,114375,2985,1934,1051,0,0,0,1838,1446,392,481,364,117,98,67,31,568,57,511
C3010,27,31,0000,District - Satara  31,Total,30-34,197640,94925,102715,1246,327,919,0,0,0,245,169,76,85,48,37,31,19,12,885,91,794
C3010,27,31,0000,District - Satara  31,Total,35-59,712299,345851,366448,1884,493,1391,0,0,0,228,155,73,171,109,62,49,34,15,1436,195,1241
C3010,27,31,0000,District - Satara  31,Total,60+,317276,146965,170311,196,98,98,0,0,0,51,33,18,54,24,30,9,4,5,82,37,45
C3010,27,31,0000,District - Satara  31,Total,Age not stated,2135,1193,942,19,14,5,0,0,0,16,13,3,1,1,0,0,0,0,2,0,2
C3010,27,31,0000,District - Satara  31,Rural,All ages,2410873,1201817,1209056,589577,325323,264254,547718,298244,249474,34132,23145,10987,3882,3099,783,590,409,181,3255,426,2829
C3010,27,31,0000,District - Satara  31,Rural,0-4,229413,122400,107013,6484,3431,3053,6484,3431,3053,0,0,0,0,0,0,0,0,0,0,0,0
C3010,27,31,0000,District - Satara  31,Rural,5,51082,27183,23899,10812,5781,5031,10812,5781,5031,0,0,0,0,0,0,0,0,0,0,0,0
C3010,27,31,0000,District - Satara  31,Rural,6,41058,21323,19735,27074,14116,12958,27074,14116,12958,0,0,0,0,0,0,0,0,0,0,0,0
C3010,27,31,0000,District - Satara  31,Rural,7,45842,23864,21978,42089,22126,19963,42089,22126,19963,0,0,0,0,0,0,0,0,0,0,0,0
C3010,27,31,0000,District - Satara  31,Rural,8,47942,24624,23318,45164,23360,21804,45164,23360,21804,0,0,0,0,0,0,0,0,0,0,0,0
C3010,27,31,0000,District - Satara  31,Rural,9,50804,26033,24771,48632,25106,23526,48632,25106,23526,0,0,0,0,0,0,0,0,0,0,0,0
C3010,27,31,0000,District - Satara  31,Rural,10,58443,30051,28392,54925,28502,26423,54925,28502,26423,0,0,0,0,0,0,0,0,0,0,0,0
C3010,27,31,0000,District - Satara  31,Rural,11,54102,27969,26133,51957,27122,24835,51957,27122,24835,0,0,0,0,0,0,0,0,0,0,0,0
C3010,27,31,0000,District - Satara  31,Rural,12,61477,31932,29545,56994,30213,26781,56994,30213,26781,0,0,0,0,0,0,0,0,0,0,0,0
C3010,27,31,0000,District - Satara  31,Rural,13,51310,26386,24924,47016,24856,22160,47016,24856,22160,0,0,0,0,0,0,0,0,0,0,0,0
C3010,27,31,0000,District - Satara  31,Rural,14,49205,25747,23458,42638,23381,19257,42638,23381,19257,0,0,0,0,0,0,0,0,0,0,0,0
C3010,27,31,0000,District - Satara  31,Rural,15-19,226844,123467,103377,125795,77275,48520,107136,65108,42028,16032,10133,5899,2220,1778,442,350,245,105,57,11,46
C3010,27,31,0000,District - Satara  31,Rural,20-24,198594,99876,98718,24792,17952,6840,6797,5142,1655,16527,11754,4773,1090,925,165,119,89,30,259,42,217
C3010,27,31,0000,District - Satara  31,Rural,25-29,183481,86967,96514,2183,1364,819,0,0,0,1230,1004,226,334,265,69,59,39,20,560,56,504
C3010,27,31,0000,District - Satara  31,Rural,30-34,166196,79039,87157,1109,249,860,0,0,0,149,113,36,61,34,27,21,12,9,878,90,788
C3010,27,31,0000,District - Satara  31,Rural,35-59,609265,292813,316452,1734,401,1333,0,0,0,146,108,38,134,82,52,32,20,12,1422,191,1231
C3010,27,31,0000,District - Satara  31,Rural,60+,283926,131087,152839,166,78,88,0,0,0,37,24,13,42,14,28,9,4,5,78,36,42
C3010,27,31,0000,District - Satara  31,Rural,Age not stated,1889,1056,833,13,10,3,0,0,0,11,9,2,1,1,0,0,0,0,1,0,1
C3010,27,31,0000,District - Satara  31,Urban,All ages,398121,206509,191612,111669,62055,49614,96740,53317,43423,13125,7631,5494,1499,941,558,259,154,105,46,12,34
C3010,27,31,0000,District - Satara  31,Urban,0-4,32881,17720,15161,1576,855,721,1576,855,721,0,0,0,0,0,0,0,0,0,0,0,0
C3010,27,31,0000,District - Satara  31,Urban,5,7647,4210,3437,2218,1224,994,2218,1224,994,0,0,0,0,0,0,0,0,0,0,0,0
C3010,27,31,0000,District - Satara  31,Urban,6,6450,3405,3045,3825,2025,1800,3825,2025,1800,0,0,0,0,0,0,0,0,0,0,0,0
C3010,27,31,0000,District - Satara  31,Urban,7,7498,3968,3530,6741,3615,3126,6741,3615,3126,0,0,0,0,0,0,0,0,0,0,0,0
C3010,27,31,0000,District - Satara  31,Urban,8,8070,4224,3846,7523,3973,3550,7523,3973,3550,0,0,0,0,0,0,0,0,0,0,0,0
C3010,27,31,0000,District - Satara  31,Urban,9,7648,4015,3633,7304,3861,3443,7304,3861,3443,0,0,0,0,0,0,0,0,0,0,0,0
C3010,27,31,0000,District - Satara  31,Urban,10,10175,5474,4701,9520,5170,4350,9520,5170,4350,0,0,0,0,0,0,0,0,0,0,0,0
C3010,27,31,0000,District - Satara  31,Urban,11,8680,4721,3959,8325,4576,3749,8325,4576,3749,0,0,0,0,0,0,0,0,0,0,0,0
C3010,27,31,0000,District - Satara  31,Urban,12,10260,5644,4616,9579,5320,4259,9579,5320,4259,0,0,0,0,0,0,0,0,0,0,0,0
C3010,27,31,0000,District - Satara  31,Urban,13,8587,4568,4019,8071,4348,3723,8071,4348,3723,0,0,0,0,0,0,0,0,0,0,0,0
C3010,27,31,0000,District - Satara  31,Urban,14,8562,4615,3947,7807,4257,3550,7807,4257,3550,0,0,0,0,0,0,0,0,0,0,0,0
C3010,27,31,0000,District - Satara  31,Urban,15-19,40906,22638,18268,28639,16241,12398,22601,12949,9652,5236,2777,2459,660,436,224,137,76,61,5,3,2
C3010,27,31,0000,District - Satara  31,Urban,20-24,37704,19250,18454,9416,5826,3590,1650,1144,506,7084,4296,2788,619,355,264,56,29,27,7,2,5
C3010,27,31,0000,District - Satara  31,Urban,25-29,34979,17118,17861,802,570,232,0,0,0,608,442,166,147,99,48,39,28,11,8,1,7
C3010,27,31,0000,District - Satara  31,Urban,30-34,31444,15886,15558,137,78,59,0,0,0,96,56,40,24,14,10,10,7,3,7,1,6
C3010,27,31,0000,District - Satara  31,Urban,35-59,103034,53038,49996,150,92,58,0,0,0,82,47,35,37,27,10,17,14,3,14,4,10
C3010,27,31,0000,District - Satara  31,Urban,60+,33350,15878,17472,30,20,10,0,0,0,14,9,5,12,10,2,0,0,0,4,1,3
C3010,27,31,0000,District - Satara  31,Urban,Age not stated,246,137,109,6,4,2,0,0,0,5,4,1,0,0,0,0,0,0,1,0,1
C3010,27,32,0000,District - Ratnagiri  32,Total,All ages,1696777,794498,902279,379235,205322,173913,359085,192399,166686,13832,8512,5320,4900,3688,1212,1114,661,453,304,62,242
C3010,27,32,0000,District - Ratnagiri  32,Total,0-4,164802,84675,80127,6359,3243,3116,6359,3243,3116,0,0,0,0,0,0,0,0,0,0,0,0
C3010,27,32,0000,District - Ratnagiri  32,Total,5,40678,20840,19838,6902,3517,3385,6902,3517,3385,0,0,0,0,0,0,0,0,0,0,0,0
C3010,27,32,0000,District - Ratnagiri  32,Total,6,31121,15681,15440,14936,7555,7381,14936,7555,7381,0,0,0,0,0,0,0,0,0,0,0,0
C3010,27,32,0000,District - Ratnagiri  32,Total,7,30585,15484,15101,26957,13759,13198,26957,13759,13198,0,0,0,0,0,0,0,0,0,0,0,0
C3010,27,32,0000,District - Ratnagiri  32,Total,8,33918,17452,16466,31790,16463,15327,31790,16463,15327,0,0,0,0,0,0,0,0,0,0,0,0
C3010,27,32,0000,District - Ratnagiri  32,Total,9,34068,17391,16677,32802,16838,15964,32802,16838,15964,0,0,0,0,0,0,0,0,0,0,0,0
C3010,27,32,0000,District - Ratnagiri  32,Total,10,40575,20504,20071,38512,19604,18908,38512,19604,18908,0,0,0,0,0,0,0,0,0,0,0,0
C3010,27,32,0000,District - Ratnagiri  32,Total,11,35609,18165,17444,34328,17624,16704,34328,17624,16704,0,0,0,0,0,0,0,0,0,0,0,0
C3010,27,32,0000,District - Ratnagiri  32,Total,12,41443,21305,20138,38341,20110,18231,38341,20110,18231,0,0,0,0,0,0,0,0,0,0,0,0
C3010,27,32,0000,District - Ratnagiri  32,Total,13,35527,18114,17413,32182,16952,15230,32182,16952,15230,0,0,0,0,0,0,0,0,0,0,0,0
C3010,27,32,0000,District - Ratnagiri  32,Total,14,36827,18960,17867,30334,16956,13378,30334,16956,13378,0,0,0,0,0,0,0,0,0,0,0,0
C3010,27,32,0000,District - Ratnagiri  32,Total,15-19,165185,78757,86428,73712,44790,28922,63441,38345,25096,6701,3946,2755,2844,2092,752,720,405,315,6,2,4
C3010,27,32,0000,District - Ratnagiri  32,Total,20-24,131991,59050,72941,10588,6986,3602,2201,1433,768,6532,4138,2394,1608,1267,341,225,142,83,22,6,16
C3010,27,32,0000,District - Ratnagiri  32,Total,25-29,127053,55448,71605,829,591,238,0,0,0,424,315,109,281,208,73,94,62,32,30,6,24
C3010,27,32,0000,District - Ratnagiri  32,Total,30-34,115372,52135,63237,234,138,96,0,0,0,84,57,27,68,49,19,30,21,9,52,11,41
C3010,27,32,0000,District - Ratnagiri  32,Total,35-59,429044,192838,236206,368,157,211,0,0,0,79,48,31,85,61,24,39,26,13,165,22,143
C3010,27,32,0000,District - Ratnagiri  32,Total,60+,200987,86666,114321,49,31,18,0,0,0,11,8,3,6,4,2,4,4,0,28,15,13
C3010,27,32,0000,District - Ratnagiri  32,Total,Age not stated,1992,1033,959,12,8,4,0,0,0,1,0,1,8,7,1,2,1,1,1,0,1
C3010,27,32,0000,District - Ratnagiri  32,Rural,All ages,1504568,695635,808933,331518,179910,151608,317264,170373,146891,9375,6089,3286,3685,2862,823,900,530,370,294,56,238
C3010,27,32,0000,District - Ratnagiri  32,Rural,0-4,148598,76222,72376,5323,2710,2613,5323,2710,2613,0,0,0,0,0,0,0,0,0,0,0,0
C3010,27,32,0000,District - Ratnagiri  32,Rural,5,36809,18795,18014,5685,2907,2778,5685,2907,2778,0,0,0,0,0,0,0,0,0,0,0,0
C3010,27,32,0000,District - Ratnagiri  32,Rural,6,28014,14066,13948,13148,6646,6502,13148,6646,6502,0,0,0,0,0,0,0,0,0,0,0,0
C3010,27,32,0000,District - Ratnagiri  32,Rural,7,27179,13725,13454,23856,12144,11712,23856,12144,11712,0,0,0,0,0,0,0,0,0,0,0,0
C3010,27,32,0000,District - Ratnagiri  32,Rural,8,30097,15408,14689,28230,14551,13679,28230,14551,13679,0,0,0,0,0,0,0,0,0,0,0,0
C3010,27,32,0000,District - Ratnagiri  32,Rural,9,30700,15684,15016,29576,15183,14393,29576,15183,14393,0,0,0,0,0,0,0,0,0,0,0,0
C3010,27,32,0000,District - Ratnagiri  32,Rural,10,36079,18251,17828,34293,17475,16818,34293,17475,16818,0,0,0,0,0,0,0,0,0,0,0,0
C3010,27,32,0000,District - Ratnagiri  32,Rural,11,32149,16360,15789,30986,15865,15121,30986,15865,15121,0,0,0,0,0,0,0,0,0,0,0,0
C3010,27,32,0000,District - Ratnagiri  32,Rural,12,37014,18954,18060,34253,17911,16342,34253,17911,16342,0,0,0,0,0,0,0,0,0,0,0,0
C3010,27,32,0000,District - Ratnagiri  32,Rural,13,31917,16256,15661,28820,15203,13617,28820,15203,13617,0,0,0,0,0,0,0,0,0,0,0,0
C3010,27,32,0000,District - Ratnagiri  32,Rural,14,33126,17016,16110,27045,15187,11858,27045,15187,11858,0,0,0,0,0,0,0,0,0,0,0,0
C3010,27,32,0000,District - Ratnagiri  32,Rural,15-19,145732,68402,77330,61868,38448,23420,54335,33486,20849,4741,2962,1779,2153,1647,506,634,352,282,5,1,4
C3010,27,32,0000,District - Ratnagiri  32,Rural,20-24,112922,48898,64024,7341,5007,2334,1714,1105,609,4228,2817,1411,1225,980,245,154,101,53,20,4,16
C3010,27,32,0000,District - Ratnagiri  32,Rural,25-29,108622,46313,62309,569,421,148,0,0,0,291,227,64,190,149,41,58,39,19,30,6,24
C3010,27,32,0000,District - Ratnagiri  32,Rural,30-34,98835,43603,55232,179,110,69,0,0,0,64,50,14,42,33,9,24,17,7,49,10,39
C3010,27,32,0000,District - Ratnagiri  32,Rural,35-59,378898,166873,212025,295,111,184,0,0,0,43,28,15,64,44,20,26,18,8,162,21,141
C3010,27,32,0000,District - Ratnagiri  32,Rural,60+,186540,80125,106415,41,24,17,0,0,0,7,5,2,4,2,2,3,3,0,27,14,13
C3010,27,32,0000,District - Ratnagiri  32,Rural,Age not stated,1337,684,653,10,7,3,0,0,0,1,0,1,7,7,0,1,0,1,1,0,1
C3010,27,32,0000,District - Ratnagiri  32,Urban,All ages,192209,98863,93346,47717,25412,22305,41821,22026,19795,4457,2423,2034,1215,826,389,214,131,83,10,6,4
C3010,27,32,0000,District - Ratnagiri  32,Urban,0-4,16204,8453,7751,1036,533,503,1036,533,503,0,0,0,0,0,0,0,0,0,0,0,0
C3010,27,32,0000,District - Ratnagiri  32,Urban,5,3869,2045,1824,1217,610,607,1217,610,607,0,0,0,0,0,0,0,0,0,0,0,0
C3010,27,32,0000,District - Ratnagiri  32,Urban,6,3107,1615,1492,1788,909,879,1788,909,879,0,0,0,0,0,0,0,0,0,0,0,0
C3010,27,32,0000,District - Ratnagiri  32,Urban,7,3406,1759,1647,3101,1615,1486,3101,1615,1486,0,0,0,0,0,0,0,0,0,0,0,0
C3010,27,32,0000,District - Ratnagiri  32,Urban,8,3821,2044,1777,3560,1912,1648,3560,1912,1648,0,0,0,0,0,0,0,0,0,0,0,0
C3010,27,32,0000,District - Ratnagiri  32,Urban,9,3368,1707,1661,3226,1655,1571,3226,1655,1571,0,0,0,0,0,0,0,0,0,0,0,0
C3010,27,32,0000,District - Ratnagiri  32,Urban,10,4496,2253,2243,4219,2129,2090,4219,2129,2090,0,0,0,0,0,0,0,0,0,0,0,0
C3010,27,32,0000,District - Ratnagiri  32,Urban,11,3460,1805,1655,3342,1759,1583,3342,1759,1583,0,0,0,0,0,0,0,0,0,0,0,0
C3010,27,32,0000,District - Ratnagiri  32,Urban,12,4429,2351,2078,4088,2199,1889,4088,2199,1889,0,0,0,0,0,0,0,0,0,0,0,0
C3010,27,32,0000,District - Ratnagiri  32,Urban,13,3610,1858,1752,3362,1749,1613,3362,1749,1613,0,0,0,0,0,0,0,0,0,0,0,0
C3010,27,32,0000,District - Ratnagiri  32,Urban,14,3701,1944,1757,3289,1769,1520,3289,1769,1520,0,0,0,0,0,0,0,0,0,0,0,0
C3010,27,32,0000,District - Ratnagiri  32,Urban,15-19,19453,10355,9098,11844,6342,5502,9106,4859,4247,1960,984,976,691,445,246,86,53,33,1,1,0
C3010,27,32,0000,District - Ratnagiri  32,Urban,20-24,19069,10152,8917,3247,1979,1268,487,328,159,2304,1321,983,383,287,96,71,41,30,2,2,0
C3010,27,32,0000,District - Ratnagiri  32,Urban,25-29,18431,9135,9296,260,170,90,0,0,0,133,88,45,91,59,32,36,23,13,0,0,0
C3010,27,32,0000,District - Ratnagiri  32,Urban,30-34,16537,8532,8005,55,28,27,0,0,0,20,7,13,26,16,10,6,4,2,3,1,2
C3010,27,32,0000,District - Ratnagiri  32,Urban,35-59,50146,25965,24181,73,46,27,0,0,0,36,20,16,21,17,4,13,8,5,3,1,2
C3010,27,32,0000,District - Ratnagiri  32,Urban,60+,14447,6541,7906,8,7,1,0,0,0,4,3,1,2,2,0,1,1,0,1,1,0
C3010,27,32,0000,District - Ratnagiri  32,Urban,Age not stated,655,349,306,2,1,1,0,0,0,0,0,0,1,0,1,1,1,0,0,0,0
C3010,27,33,0000,District - Sindhudurg  33,Total,All ages,868825,417890,450935,186144,98005,88139,174605,91269,83336,9310,5313,3997,1684,1116,568,467,281,186,78,26,52
C3010,27,33,0000,District - Sindhudurg  33,Total,0-4,72939,37842,35097,2656,1361,1295,2656,1361,1295,0,0,0,0,0,0,0,0,0,0,0,0
C3010,27,33,0000,District - Sindhudurg  33,Total,5,18963,9657,9306,3264,1648,1616,3264,1648,1616,0,0,0,0,0,0,0,0,0,0,0,0
C3010,27,33,0000,District - Sindhudurg  33,Total,6,13616,6778,6838,6835,3418,3417,6835,3418,3417,0,0,0,0,0,0,0,0,0,0,0,0
C3010,27,33,0000,District - Sindhudurg  33,Total,7,14682,7522,7160,13246,6779,6467,13246,6779,6467,0,0,0,0,0,0,0,0,0,0,0,0
C3010,27,33,0000,District - Sindhudurg  33,Total,8,15472,7916,7556,14672,7522,7150,14672,7522,7150,0,0,0,0,0,0,0,0,0,0,0,0
C3010,27,33,0000,District - Sindhudurg  33,Total,9,15268,7669,7599,14770,7435,7335,14770,7435,7335,0,0,0,0,0,0,0,0,0,0,0,0
C3010,27,33,0000,District - Sindhudurg  33,Total,10,18591,9528,9063,17789,9152,8637,17789,9152,8637,0,0,0,0,0,0,0,0,0,0,0,0
C3010,27,33,0000,District - Sindhudurg  33,Total,11,16019,8311,7708,15548,8103,7445,15548,8103,7445,0,0,0,0,0,0,0,0,0,0,0,0
C3010,27,33,0000,District - Sindhudurg  33,Total,12,19761,10263,9498,18781,9818,8963,18781,9818,8963,0,0,0,0,0,0,0,0,0,0,0,0
C3010,27,33,0000,District - Sindhudurg  33,Total,13,15946,7941,8005,15088,7601,7487,15088,7601,7487,0,0,0,0,0,0,0,0,0,0,0,0
C3010,27,33,0000,District - Sindhudurg  33,Total,14,17420,8885,8535,15538,8120,7418,15538,8120,7418,0,0,0,0,0,0,0,0,0,0,0,0
C3010,27,33,0000,District - Sindhudurg  33,Total,15-19,82234,40919,41315,41433,23143,18290,35214,19587,15627,4939,2734,2205,970,639,331,307,182,125,3,1,2
C3010,27,33,0000,District - Sindhudurg  33,Total,20-24,70225,32983,37242,5829,3447,2382,1204,725,479,4011,2332,1679,526,342,184,83,47,36,5,1,4
C3010,27,33,0000,District - Sindhudurg  33,Total,25-29,68103,31042,37061,387,286,101,0,0,0,225,164,61,115,88,27,44,32,12,3,2,1
C3010,27,33,0000,District - Sindhudurg  33,Total,30-34,61858,29795,32063,106,63,43,0,0,0,53,30,23,29,20,9,19,11,8,5,2,3
C3010,27,33,0000,District - Sindhudurg  33,Total,35-59,233122,111297,121825,157,80,77,0,0,0,67,40,27,33,21,12,11,8,3,46,11,35
C3010,27,33,0000,District - Sindhudurg  33,Total,60+,113994,49224,64770,40,25,15,0,0,0,12,10,2,9,5,4,3,1,2,16,9,7
C3010,27,33,0000,District - Sindhudurg  33,Total,Age not stated,612,318,294,5,4,1,0,0,0,3,3,0,2,1,1,0,0,0,0,0,0
C3010,27,33,0000,District - Sindhudurg  33,Rural,All ages,786506,376272,410234,167026,88005,79021,158029,82601,75428,7206,4215,2991,1320,924,396,401,242,159,70,23,47
C3010,27,33,0000,District - Sindhudurg  33,Rural,0-4,66546,34538,32008,2308,1194,1114,2308,1194,1114,0,0,0,0,0,0,0,0,0,0,0,0
C3010,27,33,0000,District - Sindhudurg  33,Rural,5,17402,8839,8563,2813,1416,1397,2813,1416,1397,0,0,0,0,0,0,0,0,0,0,0,0
C3010,27,33,0000,District - Sindhudurg  33,Rural,6,12414,6156,6258,6137,3052,3085,6137,3052,3085,0,0,0,0,0,0,0,0,0,0,0,0
C3010,27,33,0000,District - Sindhudurg  33,Rural,7,13330,6821,6509,12026,6146,5880,12026,6146,5880,0,0,0,0,0,0,0,0,0,0,0,0
C3010,27,33,0000,District - Sindhudurg  33,Rural,8,14068,7177,6891,13349,6824,6525,13349,6824,6525,0,0,0,0,0,0,0,0,0,0,0,0
C3010,27,33,0000,District - Sindhudurg  33,Rural,9,14012,7042,6970,13574,6837,6737,13574,6837,6737,0,0,0,0,0,0,0,0,0,0,0,0
C3010,27,33,0000,District - Sindhudurg  33,Rural,10,16901,8627,8274,16186,8295,7891,16186,8295,7891,0,0,0,0,0,0,0,0,0,0,0,0
C3010,27,33,0000,District - Sindhudurg  33,Rural,11,14510,7517,6993,14100,7330,6770,14100,7330,6770,0,0,0,0,0,0,0,0,0,0,0,0
C3010,27,33,0000,District - Sindhudurg  33,Rural,12,17977,9316,8661,17095,8919,8176,17095,8919,8176,0,0,0,0,0,0,0,0,0,0,0,0
C3010,27,33,0000,District - Sindhudurg  33,Rural,13,14575,7256,7319,13780,6949,6831,13780,6949,6831,0,0,0,0,0,0,0,0,0,0,0,0
C3010,27,33,0000,District - Sindhudurg  33,Rural,14,15885,8065,7820,14135,7380,6755,14135,7380,6755,0,0,0,0,0,0,0,0,0,0,0,0
C3010,27,33,0000,District - Sindhudurg  33,Rural,15-19,74559,36950,37609,36401,20558,15843,31460,17624,13836,3892,2227,1665,768,541,227,279,165,114,2,1,1
C3010,27,33,0000,District - Sindhudurg  33,Rural,20-24,62635,29150,33485,4547,2720,1827,1066,635,431,3022,1780,1242,393,268,125,61,36,25,5,1,4
C3010,27,33,0000,District - Sindhudurg  33,Rural,25-29,60638,27501,33137,315,242,73,0,0,0,187,143,44,95,73,22,32,25,7,1,1,0
C3010,27,33,0000,District - Sindhudurg  33,Rural,30-34,54651,26086,28565,87,53,34,0,0,0,41,24,17,25,19,6,16,8,8,5,2,3
C3010,27,33,0000,District - Sindhudurg  33,Rural,35-59,209533,99074,110459,134,66,68,0,0,0,52,31,21,29,17,12,10,7,3,43,11,32
C3010,27,33,0000,District - Sindhudurg  33,Rural,60+,106320,45873,60447,36,21,15,0,0,0,10,8,2,9,5,4,3,1,2,14,7,7
C3010,27,33,0000,District - Sindhudurg  33,Rural,Age not stated,550,284,266,3,3,0,0,0,0,2,2,0,1,1,0,0,0,0,0,0,0
C3010,27,33,0000,District - Sindhudurg  33,Urban,All ages,82319,41618,40701,19118,10000,9118,16576,8668,7908,2104,1098,1006,364,192,172,66,39,27,8,3,5
C3010,27,33,0000,District - Sindhudurg  33,Urban,0-4,6393,3304,3089,348,167,181,348,167,181,0,0,0,0,0,0,0,0,0,0,0,0
C3010,27,33,0000,District - Sindhudurg  33,Urban,5,1561,818,743,451,232,219,451,232,219,0,0,0,0,0,0,0,0,0,0,0,0
C3010,27,33,0000,District - Sindhudurg  33,Urban,6,1202,622,580,698,366,332,698,366,332,0,0,0,0,0,0,0,0,0,0,0,0
C3010,27,33,0000,District - Sindhudurg  33,Urban,7,1352,701,651,1220,633,587,1220,633,587,0,0,0,0,0,0,0,0,0,0,0,0
C3010,27,33,0000,District - Sindhudurg  33,Urban,8,1404,739,665,1323,698,625,1323,698,625,0,0,0,0,0,0,0,0,0,0,0,0
C3010,27,33,0000,District - Sindhudurg  33,Urban,9,1256,627,629,1196,598,598,1196,598,598,0,0,0,0,0,0,0,0,0,0,0,0
C3010,27,33,0000,District - Sindhudurg  33,Urban,10,1690,901,789,1603,857,746,1603,857,746,0,0,0,0,0,0,0,0,0,0,0,0
C3010,27,33,0000,District - Sindhudurg  33,Urban,11,1509,794,715,1448,773,675,1448,773,675,0,0,0,0,0,0,0,0,0,0,0,0
C3010,27,33,0000,District - Sindhudurg  33,Urban,12,1784,947,837,1686,899,787,1686,899,787,0,0,0,0,0,0,0,0,0,0,0,0
C3010,27,33,0000,District - Sindhudurg  33,Urban,13,1371,685,686,1308,652,656,1308,652,656,0,0,0,0,0,0,0,0,0,0,0,0
C3010,27,33,0000,District - Sindhudurg  33,Urban,14,1535,820,715,1403,740,663,1403,740,663,0,0,0,0,0,0,0,0,0,0,0,0
C3010,27,33,0000,District - Sindhudurg  33,Urban,15-19,7675,3969,3706,5032,2585,2447,3754,1963,1791,1047,507,540,202,98,104,28,17,11,1,0,1
C3010,27,33,0000,District - Sindhudurg  33,Urban,20-24,7590,3833,3757,1282,727,555,138,90,48,989,552,437,133,74,59,22,11,11,0,0,0
C3010,27,33,0000,District - Sindhudurg  33,Urban,25-29,7465,3541,3924,72,44,28,0,0,0,38,21,17,20,15,5,12,7,5,2,1,1
C3010,27,33,0000,District - Sindhudurg  33,Urban,30-34,7207,3709,3498,19,10,9,0,0,0,12,6,6,4,1,3,3,3,0,0,0,0
C3010,27,33,0000,District - Sindhudurg  33,Urban,35-59,23589,12223,11366,23,14,9,0,0,0,15,9,6,4,4,0,1,1,0,3,0,3
C3010,27,33,0000,District - Sindhudurg  33,Urban,60+,7674,3351,4323,4,4,0,0,0,0,2,2,0,0,0,0,0,0,0,2,2,0
C3010,27,33,0000,District - Sindhudurg  33,Urban,Age not stated,62,34,28,2,1,1,0,0,0,1,1,0,1,0,1,0,0,0,0,0,0
C3010,27,34,0000,District - Kolhapur  34,Total,All ages,3523162,1807470,1715692,859524,484073,375451,767880,422872,345008,74856,52527,22329,8439,6382,2057,1092,773,319,7257,1519,5738
C3010,27,34,0000,District - Kolhapur  34,Total,0-4,308853,168609,140244,9189,5040,4149,9189,5040,4149,0,0,0,0,0,0,0,0,0,0,0,0
C3010,27,34,0000,District - Kolhapur  34,Total,5,82301,44856,37445,13792,7472,6320,13792,7472,6320,0,0,0,0,0,0,0,0,0,0,0,0
C3010,27,34,0000,District - Kolhapur  34,Total,6,58729,31217,27512,28110,15040,13070,28110,15040,13070,0,0,0,0,0,0,0,0,0,0,0,0
C3010,27,34,0000,District - Kolhapur  34,Total,7,65200,34546,30654,58552,31209,27343,58552,31209,27343,0,0,0,0,0,0,0,0,0,0,0,0
C3010,27,34,0000,District - Kolhapur  34,Total,8,71344,37867,33477,67715,36162,31553,67715,36162,31553,0,0,0,0,0,0,0,0,0,0,0,0
C3010,27,34,0000,District - Kolhapur  34,Total,9,69340,36157,33183,66837,35004,31833,66837,35004,31833,0,0,0,0,0,0,0,0,0,0,0,0
C3010,27,34,0000,District - Kolhapur  34,Total,10,82302,43516,38786,78269,41668,36601,78269,41668,36601,0,0,0,0,0,0,0,0,0,0,0,0
C3010,27,34,0000,District - Kolhapur  34,Total,11,72224,38106,34118,69735,37072,32663,69735,37072,32663,0,0,0,0,0,0,0,0,0,0,0,0
C3010,27,34,0000,District - Kolhapur  34,Total,12,82409,43505,38904,77116,41236,35880,77116,41236,35880,0,0,0,0,0,0,0,0,0,0,0,0
C3010,27,34,0000,District - Kolhapur  34,Total,13,71486,37207,34279,66458,35203,31255,66458,35203,31255,0,0,0,0,0,0,0,0,0,0,0,0
C3010,27,34,0000,District - Kolhapur  34,Total,14,72150,38272,33878,63399,34728,28671,63399,34728,28671,0,0,0,0,0,0,0,0,0,0,0,0
C3010,27,34,0000,District - Kolhapur  34,Total,15-19,331286,185061,146225,197024,120859,76165,159511,96006,63505,32772,21367,11405,4181,3119,1062,523,353,170,37,14,23
C3010,27,34,0000,District - Kolhapur  34,Total,20-24,308665,158898,149767,50353,37084,13269,9197,7032,2165,37700,27627,10073,2884,2230,654,218,147,71,354,48,306
C3010,27,34,0000,District - Kolhapur  34,Total,25-29,296516,145080,151436,5233,3821,1412,0,0,0,3451,2884,567,815,665,150,197,154,43,770,118,652
C3010,27,34,0000,District - Kolhapur  34,Total,30-34,275483,135780,139703,1982,709,1273,0,0,0,406,290,116,197,147,50,54,47,7,1325,225,1100
C3010,27,34,0000,District - Kolhapur  34,Total,35-59,939744,475626,464118,5147,1421,3726,0,0,0,353,243,110,263,158,105,68,45,23,4463,975,3488
C3010,27,34,0000,District - Kolhapur  34,Total,60+,330829,150830,179999,481,242,239,0,0,0,110,72,38,56,26,30,12,7,5,303,137,166
C3010,27,34,0000,District - Kolhapur  34,Total,Age not stated,4301,2337,1964,132,103,29,0,0,0,64,44,20,43,37,6,20,20,0,5,2,3
C3010,27,34,0000,District - Kolhapur  34,Rural,All ages,2472809,1260239,1212570,585823,331630,254193,530733,293305,237428,43075,32897,10178,4276,3460,816,664,501,163,7075,1467,5608
C3010,27,34,0000,District - Kolhapur  34,Rural,0-4,222517,121506,101011,5637,3085,2552,5637,3085,2552,0,0,0,0,0,0,0,0,0,0,0,0
C3010,27,34,0000,District - Kolhapur  34,Rural,5,61158,33123,28035,8421,4527,3894,8421,4527,3894,0,0,0,0,0,0,0,0,0,0,0,0
C3010,27,34,0000,District - Kolhapur  34,Rural,6,42203,22330,19873,19040,10166,8874,19040,10166,8874,0,0,0,0,0,0,0,0,0,0,0,0
C3010,27,34,0000,District - Kolhapur  34,Rural,7,45026,23758,21268,40058,21285,18773,40058,21285,18773,0,0,0,0,0,0,0,0,0,0,0,0
C3010,27,34,0000,District - Kolhapur  34,Rural,8,49772,26126,23646,47074,24872,22202,47074,24872,22202,0,0,0,0,0,0,0,0,0,0,0,0
C3010,27,34,0000,District - Kolhapur  34,Rural,9,49726,25836,23890,47868,24993,22875,47868,24993,22875,0,0,0,0,0,0,0,0,0,0,0,0
C3010,27,34,0000,District - Kolhapur  34,Rural,10,56824,29831,26993,53917,28529,25388,53917,28529,25388,0,0,0,0,0,0,0,0,0,0,0,0
C3010,27,34,0000,District - Kolhapur  34,Rural,11,50918,26873,24045,49154,26159,22995,49154,26159,22995,0,0,0,0,0,0,0,0,0,0,0,0
C3010,27,34,0000,District - Kolhapur  34,Rural,12,57830,30385,27445,54022,28836,25186,54022,28836,25186,0,0,0,0,0,0,0,0,0,0,0,0
C3010,27,34,0000,District - Kolhapur  34,Rural,13,50684,26240,24444,47011,24899,22112,47011,24899,22112,0,0,0,0,0,0,0,0,0,0,0,0
C3010,27,34,0000,District - Kolhapur  34,Rural,14,51253,27118,24135,44921,24768,20153,44921,24768,20153,0,0,0,0,0,0,0,0,0,0,0,0
C3010,27,34,0000,District - Kolhapur  34,Rural,15-19,226426,127338,99088,130096,82585,47511,107588,66413,41175,19869,14109,5760,2243,1802,441,364,252,112,32,9,23
C3010,27,34,0000,District - Kolhapur  34,Rural,20-24,205273,105336,99937,28452,22570,5882,6022,4773,1249,20641,16560,4081,1342,1108,234,110,85,25,337,44,293
C3010,27,34,0000,District - Kolhapur  34,Rural,25-29,199167,96764,102403,3270,2340,930,0,0,0,2056,1822,234,358,317,41,100,86,14,756,115,641
C3010,27,34,0000,District - Kolhapur  34,Rural,30-34,187960,91195,96765,1692,541,1151,0,0,0,242,202,40,109,89,20,30,27,3,1311,223,1088
C3010,27,34,0000,District - Kolhapur  34,Rural,35-59,658506,329291,329215,4708,1197,3511,0,0,0,157,123,34,163,105,58,33,26,7,4355,943,3412
C3010,27,34,0000,District - Kolhapur  34,Rural,60+,253993,115273,138720,385,200,185,0,0,0,63,47,16,36,17,19,7,5,2,279,131,148
C3010,27,34,0000,District - Kolhapur  34,Rural,Age not stated,3573,1916,1657,97,78,19,0,0,0,47,34,13,25,22,3,20,20,0,5,2,3
C3010,27,34,0000,District - Kolhapur  34,Urban,All ages,1050353,547231,503122,273701,152443,121258,237147,129567,107580,31781,19630,12151,4163,2922,1241,428,272,156,182,52,130
C3010,27,34,0000,District - Kolhapur  34,Urban,0-4,86336,47103,39233,3552,1955,1597,3552,1955,1597,0,0,0,0,0,0,0,0,0,0,0,0
C3010,27,34,0000,District - Kolhapur  34,Urban,5,21143,11733,9410,5371,2945,2426,5371,2945,2426,0,0,0,0,0,0,0,0,0,0,0,0
C3010,27,34,0000,District - Kolhapur  34,Urban,6,16526,8887,7639,9070,4874,4196,9070,4874,4196,0,0,0,0,0,0,0,0,0,0,0,0
C3010,27,34,0000,District - Kolhapur  34,Urban,7,20174,10788,9386,18494,9924,8570,18494,9924,8570,0,0,0,0,0,0,0,0,0,0,0,0
C3010,27,34,0000,District - Kolhapur  34,Urban,8,21572,11741,9831,20641,11290,9351,20641,11290,9351,0,0,0,0,0,0,0,0,0,0,0,0
C3010,27,34,0000,District - Kolhapur  34,Urban,9,19614,10321,9293,18969,10011,8958,18969,10011,8958,0,0,0,0,0,0,0,0,0,0,0,0
C3010,27,34,0000,District - Kolhapur  34,Urban,10,25478,13685,11793,24352,13139,11213,24352,13139,11213,0,0,0,0,0,0,0,0,0,0,0,0
C3010,27,34,0000,District - Kolhapur  34,Urban,11,21306,11233,10073,20581,10913,9668,20581,10913,9668,0,0,0,0,0,0,0,0,0,0,0,0
C3010,27,34,0000,District - Kolhapur  34,Urban,12,24579,13120,11459,23094,12400,10694,23094,12400,10694,0,0,0,0,0,0,0,0,0,0,0,0
C3010,27,34,0000,District - Kolhapur  34,Urban,13,20802,10967,9835,19447,10304,9143,19447,10304,9143,0,0,0,0,0,0,0,0,0,0,0,0
C3010,27,34,0000,District - Kolhapur  34,Urban,14,20897,11154,9743,18478,9960,8518,18478,9960,8518,0,0,0,0,0,0,0,0,0,0,0,0
C3010,27,34,0000,District - Kolhapur  34,Urban,15-19,104860,57723,47137,66928,38274,28654,51923,29593,22330,12903,7258,5645,1938,1317,621,159,101,58,5,5,0
C3010,27,34,0000,District - Kolhapur  34,Urban,20-24,103392,53562,49830,21901,14514,7387,3175,2259,916,17059,11067,5992,1542,1122,420,108,62,46,17,4,13
C3010,27,34,0000,District - Kolhapur  34,Urban,25-29,97349,48316,49033,1963,1481,482,0,0,0,1395,1062,333,457,348,109,97,68,29,14,3,11
C3010,27,34,0000,District - Kolhapur  34,Urban,30-34,87523,44585,42938,290,168,122,0,0,0,164,88,76,88,58,30,24,20,4,14,2,12
C3010,27,34,0000,District - Kolhapur  34,Urban,35-59,281238,146335,134903,439,224,215,0,0,0,196,120,76,100,53,47,35,19,16,108,32,76
C3010,27,34,0000,District - Kolhapur  34,Urban,60+,76836,35557,41279,96,42,54,0,0,0,47,25,22,20,9,11,5,2,3,24,6,18
C3010,27,34,0000,District - Kolhapur  34,Urban,Age not stated,728,421,307,35,25,10,0,0,0,17,10,7,18,15,3,0,0,0,0,0,0
C3010,27,35,0000,District - Sangli  35,Total,All ages,2583524,1320088,1263436,632552,353382,279170,576699,316433,260266,46259,31155,15104,5462,4082,1380,1331,932,399,2801,780,2021
C3010,27,35,0000,District - Sangli  35,Total,0-4,239370,129629,109741,4437,2407,2030,4437,2407,2030,0,0,0,0,0,0,0,0,0,0,0,0
C3010,27,35,0000,District - Sangli  35,Total,5,56651,30846,25805,8431,4598,3833,8431,4598,3833,0,0,0,0,0,0,0,0,0,0,0,0
C3010,27,35,0000,District - Sangli  35,Total,6,45622,24089,21533,26357,14041,12316,26357,14041,12316,0,0,0,0,0,0,0,0,0,0,0,0
C3010,27,35,0000,District - Sangli  35,Total,7,48407,25438,22969,43297,22920,20377,43297,22920,20377,0,0,0,0,0,0,0,0,0,0,0,0
C3010,27,35,0000,District - Sangli  35,Total,8,52954,28097,24857,49799,26622,23177,49799,26622,23177,0,0,0,0,0,0,0,0,0,0,0,0
C3010,27,35,0000,District - Sangli  35,Total,9,53016,27468,25548,50641,26383,24258,50641,26383,24258,0,0,0,0,0,0,0,0,0,0,0,0
C3010,27,35,0000,District - Sangli  35,Total,10,67424,35543,31881,63315,33671,29644,63315,33671,29644,0,0,0,0,0,0,0,0,0,0,0,0
C3010,27,35,0000,District - Sangli  35,Total,11,58034,30425,27609,55648,29323,26325,55648,29323,26325,0,0,0,0,0,0,0,0,0,0,0,0
C3010,27,35,0000,District - Sangli  35,Total,12,66366,35055,31311,61281,32717,28564,61281,32717,28564,0,0,0,0,0,0,0,0,0,0,0,0
C3010,27,35,0000,District - Sangli  35,Total,13,52265,27198,25067,47957,25332,22625,47957,25332,22625,0,0,0,0,0,0,0,0,0,0,0,0
C3010,27,35,0000,District - Sangli  35,Total,14,50511,26962,23549,43918,23945,19973,43918,23945,19973,0,0,0,0,0,0,0,0,0,0,0,0
C3010,27,35,0000,District - Sangli  35,Total,15-19,234493,132158,102335,137415,83778,53637,113941,68780,45161,19939,12459,7480,2521,1849,672,991,678,313,23,12,11
C3010,27,35,0000,District - Sangli  35,Total,20-24,219161,111896,107265,33566,24047,9519,7677,5694,1983,23710,16705,7005,1953,1529,424,133,99,34,93,20,73
C3010,27,35,0000,District - Sangli  35,Total,25-29,205863,97774,108089,2837,2081,756,0,0,0,1908,1492,416,596,449,147,95,75,20,238,65,173
C3010,27,35,0000,District - Sangli  35,Total,30-34,188558,91396,97162,826,387,439,0,0,0,263,196,67,134,87,47,30,19,11,399,85,314
C3010,27,35,0000,District - Sangli  35,Total,35-59,664880,333092,331788,2353,842,1511,0,0,0,293,187,106,202,136,66,65,50,15,1793,469,1324
C3010,27,35,0000,District - Sangli  35,Total,60+,277778,131755,146023,392,216,176,0,0,0,70,48,22,51,29,22,16,10,6,255,129,126
C3010,27,35,0000,District - Sangli  35,Total,Age not stated,2171,1267,904,82,72,10,0,0,0,76,68,8,5,3,2,1,1,0,0,0,0
C3010,27,35,0000,District - Sangli  35,Rural,All ages,1950306,994155,956151,467549,262141,205408,432486,238001,194485,29006,20752,8254,2256,1837,419,1149,817,332,2652,734,1918
C3010,27,35,0000,District - Sangli  35,Rural,0-4,184609,100169,84440,2823,1530,1293,2823,1530,1293,0,0,0,0,0,0,0,0,0,0,0,0
C3010,27,35,0000,District - Sangli  35,Rural,5,43763,23740,20023,5612,3060,2552,5612,3060,2552,0,0,0,0,0,0,0,0,0,0,0,0
C3010,27,35,0000,District - Sangli  35,Rural,6,35238,18561,16677,19926,10643,9283,19926,10643,9283,0,0,0,0,0,0,0,0,0,0,0,0
C3010,27,35,0000,District - Sangli  35,Rural,7,35958,18915,17043,31905,16923,14982,31905,16923,14982,0,0,0,0,0,0,0,0,0,0,0,0
C3010,27,35,0000,District - Sangli  35,Rural,8,40054,21199,18855,37563,20026,17537,37563,20026,17537,0,0,0,0,0,0,0,0,0,0,0,0
C3010,27,35,0000,District - Sangli  35,Rural,9,41060,21163,19897,39180,20323,18857,39180,20323,18857,0,0,0,0,0,0,0,0,0,0,0,0
C3010,27,35,0000,District - Sangli  35,Rural,10,51550,27109,24441,48306,25651,22655,48306,25651,22655,0,0,0,0,0,0,0,0,0,0,0,0
C3010,27,35,0000,District - Sangli  35,Rural,11,44704,23476,21228,42864,22628,20236,42864,22628,20236,0,0,0,0,0,0,0,0,0,0,0,0
C3010,27,35,0000,District - Sangli  35,Rural,12,50784,26657,24127,46795,24876,21919,46795,24876,21919,0,0,0,0,0,0,0,0,0,0,0,0
C3010,27,35,0000,District - Sangli  35,Rural,13,39711,20725,18986,36366,19284,17082,36366,19284,17082,0,0,0,0,0,0,0,0,0,0,0,0
C3010,27,35,0000,District - Sangli  35,Rural,14,38290,20514,17776,33184,18214,14970,33184,18214,14970,0,0,0,0,0,0,0,0,0,0,0,0
C3010,27,35,0000,District - Sangli  35,Rural,15-19,170832,97431,73401,97777,61040,36737,82601,50792,31809,13178,8732,4446,1069,876,193,913,630,283,16,10,6
C3010,27,35,0000,District - Sangli  35,Rural,20-24,157531,80618,76913,20450,15458,4992,5361,4051,1310,14208,10711,3497,701,599,102,98,80,18,82,17,65
C3010,27,35,0000,District - Sangli  35,Rural,25-29,150038,70999,79039,1743,1318,425,0,0,0,1229,1013,216,229,194,35,58,49,9,227,62,165
C3010,27,35,0000,District - Sangli  35,Rural,30-34,138574,66410,72164,642,279,363,0,0,0,173,137,36,72,48,24,19,12,7,378,82,296
C3010,27,35,0000,District - Sangli  35,Rural,35-59,500280,248317,251963,2059,693,1366,0,0,0,161,119,42,139,94,45,47,38,9,1712,442,1270
C3010,27,35,0000,District - Sangli  35,Rural,60+,225622,107174,118448,332,181,151,0,0,0,41,30,11,41,23,18,13,7,6,237,121,116
C3010,27,35,0000,District - Sangli  35,Rural,Age not stated,1708,978,730,22,14,8,0,0,0,16,10,6,5,3,2,1,1,0,0,0,0
C3010,27,35,0000,District - Sangli  35,Urban,All ages,633218,325933,307285,165003,91241,73762,144213,78432,65781,17253,10403,6850,3206,2245,961,182,115,67,149,46,103
C3010,27,35,0000,District - Sangli  35,Urban,0-4,54761,29460,25301,1614,877,737,1614,877,737,0,0,0,0,0,0,0,0,0,0,0,0
C3010,27,35,0000,District - Sangli  35,Urban,5,12888,7106,5782,2819,1538,1281,2819,1538,1281,0,0,0,0,0,0,0,0,0,0,0,0
C3010,27,35,0000,District - Sangli  35,Urban,6,10384,5528,4856,6431,3398,3033,6431,3398,3033,0,0,0,0,0,0,0,0,0,0,0,0
C3010,27,35,0000,District - Sangli  35,Urban,7,12449,6523,5926,11392,5997,5395,11392,5997,5395,0,0,0,0,0,0,0,0,0,0,0,0
C3010,27,35,0000,District - Sangli  35,Urban,8,12900,6898,6002,12236,6596,5640,12236,6596,5640,0,0,0,0,0,0,0,0,0,0,0,0
C3010,27,35,0000,District - Sangli  35,Urban,9,11956,6305,5651,11461,6060,5401,11461,6060,5401,0,0,0,0,0,0,0,0,0,0,0,0
C3010,27,35,0000,District - Sangli  35,Urban,10,15874,8434,7440,15009,8020,6989,15009,8020,6989,0,0,0,0,0,0,0,0,0,0,0,0
C3010,27,35,0000,District - Sangli  35,Urban,11,13330,6949,6381,12784,6695,6089,12784,6695,6089,0,0,0,0,0,0,0,0,0,0,0,0
C3010,27,35,0000,District - Sangli  35,Urban,12,15582,8398,7184,14486,7841,6645,14486,7841,6645,0,0,0,0,0,0,0,0,0,0,0,0
C3010,27,35,0000,District - Sangli  35,Urban,13,12554,6473,6081,11591,6048,5543,11591,6048,5543,0,0,0,0,0,0,0,0,0,0,0,0
C3010,27,35,0000,District - Sangli  35,Urban,14,12221,6448,5773,10734,5731,5003,10734,5731,5003,0,0,0,0,0,0,0,0,0,0,0,0
C3010,27,35,0000,District - Sangli  35,Urban,15-19,63661,34727,28934,39638,22738,16900,31340,17988,13352,6761,3727,3034,1452,973,479,78,48,30,7,2,5
C3010,27,35,0000,District - Sangli  35,Urban,20-24,61630,31278,30352,13116,8589,4527,2316,1643,673,9502,5994,3508,1252,930,322,35,19,16,11,3,8
C3010,27,35,0000,District - Sangli  35,Urban,25-29,55825,26775,29050,1094,763,331,0,0,0,679,479,200,367,255,112,37,26,11,11,3,8
C3010,27,35,0000,District - Sangli  35,Urban,30-34,49984,24986,24998,184,108,76,0,0,0,90,59,31,62,39,23,11,7,4,21,3,18
C3010,27,35,0000,District - Sangli  35,Urban,35-59,164600,84775,79825,294,149,145,0,0,0,132,68,64,63,42,21,18,12,6,81,27,54
C3010,27,35,0000,District - Sangli  35,Urban,60+,52156,24581,27575,60,35,25,0,0,0,29,18,11,10,6,4,3,3,0,18,8,10
C3010,27,35,0000,District - Sangli  35,Urban,Age not stated,463,289,174,60,58,2,0,0,0,60,58,2,0,0,0,0,0,0,0,0,0
