Table Name,State Code,District Code,Tehsil Code,Area Name,Total/ Rural/ Urban,Age-group,Total population - Persons,Total population - Males,Total population - Females,Population attending educational institutions - Persons,Population attending educational institutions - Males,Population attending educational institutions - Females,Type of educational institution - School - Persons,Type of educational institution - School - Males,Type of educational institution - School - Females,Type of educational institution - College - Persons,Type of educational institution - College - Males,Type of educational institution - College - Females,Type of educational institution - Vocational institute - Persons,Type of educational institution - Vocational institute - Males,Type of educational institution - Vocational institute - Females,Type of educational institution - Other institute - Persons,Type of educational institution - Other institute - Males,Type of educational institution - Other institute - Females,Type of educational institution - Literacy centre - Persons,Type of educational institution - Literacy centre - Males,Type of educational institution - Literacy centre - Females
C3010,21,00,0000,State - ORISSA  21,Total,All ages,36804660,18660570,18144090,7357488,4097723,3259765,6649875,3637183,3012692,566845,376640,190205,47284,35193,12091,13887,9991,3896,79597,38716,40881
C3010,21,00,0000,State - ORISSA  21,Total,0-4,3573657,1823878,1749779,67326,34647,32679,67326,34647,32679,0,0,0,0,0,0,0,0,0,0,0,0
C3010,21,00,0000,State - ORISSA  21,Total,5,948256,490376,457880,213915,114806,99109,213915,114806,99109,0,0,0,0,0,0,0,0,0,0,0,0
C3010,21,00,0000,State - ORISSA  21,Total,6,836897,430298,406599,386361,207346,179015,386361,207346,179015,0,0,0,0,0,0,0,0,0,0,0,0
C3010,21,00,0000,State - ORISSA  21,Total,7,852227,426526,425701,604003,315348,288655,604003,315348,288655,0,0,0,0,0,0,0,0,0,0,0,0
C3010,21,00,0000,State - ORISSA  21,Total,8,1027635,527368,500267,750444,405043,345401,750444,405043,345401,0,0,0,0,0,0,0,0,0,0,0,0
C3010,21,00,0000,State - ORISSA  21,Total,9,712590,366328,346262,571598,307493,264105,571598,307493,264105,0,0,0,0,0,0,0,0,0,0,0,0
C3010,21,00,0000,State - ORISSA  21,Total,10,1105838,570436,535402,805402,441921,363481,805402,441921,363481,0,0,0,0,0,0,0,0,0,0,0,0
C3010,21,00,0000,State - ORISSA  21,Total,11,610663,317111,293552,499720,272175,227545,499720,272175,227545,0,0,0,0,0,0,0,0,0,0,0,0
C3010,21,00,0000,State - ORISSA  21,Total,12,1079525,554014,525511,740720,410418,330302,740720,410418,330302,0,0,0,0,0,0,0,0,0,0,0,0
C3010,21,00,0000,State - ORISSA  21,Total,13,682748,341385,341363,489671,264526,225145,489671,264526,225145,0,0,0,0,0,0,0,0,0,0,0,0
C3010,21,00,0000,State - ORISSA  21,Total,14,777836,388153,389683,489720,269117,220603,489720,269117,220603,0,0,0,0,0,0,0,0,0,0,0,0
C3010,21,00,0000,State - ORISSA  21,Total,15-19,3531384,1760391,1770993,1260544,735237,525307,980995,561924,419071,252283,155762,96521,16728,12033,4695,4862,3159,1703,5676,2359,3317
C3010,21,00,0000,State - ORISSA  21,Total,20-24,3190193,1600793,1589400,364832,246852,117980,50000,32419,17581,282606,195583,87023,14838,10710,4128,3214,2282,932,14174,5858,8316
C3010,21,00,0000,State - ORISSA  21,Total,25-29,3108955,1518820,1590135,54749,38486,16263,0,0,0,24741,19984,4757,9547,7934,1613,3161,2545,616,17300,8023,9277
C3010,21,00,0000,State - ORISSA  21,Total,30-34,2761000,1376140,1384860,21015,11992,9023,0,0,0,3177,2512,665,2175,1710,465,891,697,194,14772,7073,7699
C3010,21,00,0000,State - ORISSA  21,Total,35-59,8904094,4631444,4272650,31361,18430,12931,0,0,0,2235,1612,623,2957,2107,850,1291,980,311,24878,13731,11147
C3010,21,00,0000,State - ORISSA  21,Total,60+,3039100,1502730,1536370,4772,2954,1818,0,0,0,1067,713,354,640,356,284,386,272,114,2679,1613,1066
C3010,21,00,0000,State - ORISSA  21,Total,Age not stated,62062,34379,27683,1335,932,403,0,0,0,736,474,262,399,343,56,82,56,26,118,59,59
C3010,21,00,0000,State - ORISSA  21,Rural,All ages,31287422,15748970,15538452,5966649,3338303,2628346,5509881,3033619,2476262,351654,246191,105463,19579,15214,4365,7176,5089,2087,78359,38190,40169
C3010,21,00,0000,State - ORISSA  21,Rural,0-4,3131603,1595977,1535626,51587,26471,25116,51587,26471,25116,0,0,0,0,0,0,0,0,0,0,0,0
C3010,21,00,0000,State - ORISSA  21,Rural,5,831437,429668,401769,179184,96383,82801,179184,96383,82801,0,0,0,0,0,0,0,0,0,0,0,0
C3010,21,00,0000,State - ORISSA  21,Rural,6,733318,376287,357031,330450,177857,152593,330450,177857,152593,0,0,0,0,0,0,0,0,0,0,0,0
C3010,21,00,0000,State - ORISSA  21,Rural,7,741568,370442,371126,513205,268466,244739,513205,268466,244739,0,0,0,0,0,0,0,0,0,0,0,0
C3010,21,00,0000,State - ORISSA  21,Rural,8,899142,460537,438605,642912,347851,295061,642912,347851,295061,0,0,0,0,0,0,0,0,0,0,0,0
C3010,21,00,0000,State - ORISSA  21,Rural,9,615087,315776,299311,485651,262166,223485,485651,262166,223485,0,0,0,0,0,0,0,0,0,0,0,0
C3010,21,00,0000,State - ORISSA  21,Rural,10,960519,494381,466138,684367,377037,307330,684367,377037,307330,0,0,0,0,0,0,0,0,0,0,0,0
C3010,21,00,0000,State - ORISSA  21,Rural,11,514446,267111,247335,414296,227104,187192,414296,227104,187192,0,0,0,0,0,0,0,0,0,0,0,0
C3010,21,00,0000,State - ORISSA  21,Rural,12,932166,477513,454653,621794,347166,274628,621794,347166,274628,0,0,0,0,0,0,0,0,0,0,0,0
C3010,21,00,0000,State - ORISSA  21,Rural,13,574617,287029,287588,399888,218344,181544,399888,218344,181544,0,0,0,0,0,0,0,0,0,0,0,0
C3010,21,00,0000,State - ORISSA  21,Rural,14,658596,327460,331136,397814,220964,176850,397814,220964,176850,0,0,0,0,0,0,0,0,0,0,0,0
C3010,21,00,0000,State - ORISSA  21,Rural,15-19,2945866,1452934,1492932,928368,553537,374831,749816,438022,311794,163472,106307,57165,6675,5120,1555,2809,1755,1054,5596,2333,3263
C3010,21,00,0000,State - ORISSA  21,Rural,20-24,2629115,1301093,1328022,229573,161384,68189,38917,25788,13129,169865,124510,45355,5432,4263,1169,1370,1026,344,13989,5797,8192
C3010,21,00,0000,State - ORISSA  21,Rural,25-29,2587377,1252683,1334694,36925,24817,12108,0,0,0,14660,12522,2138,3817,3256,561,1377,1117,260,17071,7922,9149
C3010,21,00,0000,State - ORISSA  21,Rural,30-34,2307105,1138311,1168794,17807,9570,8237,0,0,0,1709,1434,275,1065,796,269,441,332,109,14592,7008,7584
C3010,21,00,0000,State - ORISSA  21,Rural,35-59,7489560,3851317,3638243,28074,16144,11930,0,0,0,1021,782,239,1818,1251,567,801,595,206,24434,13516,10918
C3010,21,00,0000,State - ORISSA  21,Rural,60+,2684486,1322133,1362353,3929,2438,1491,0,0,0,564,399,165,490,264,226,311,217,94,2564,1558,1006
C3010,21,00,0000,State - ORISSA  21,Rural,Age not stated,51414,28318,23096,825,604,221,0,0,0,363,237,126,282,264,18,67,47,20,113,56,57
C3010,21,00,0000,State - ORISSA  21,Urban,All ages,5517238,2911600,2605638,1390839,759420,631419,1139994,603564,536430,215191,130449,84742,27705,19979,7726,6711,4902,1809,1238,526,712
C3010,21,00,0000,State - ORISSA  21,Urban,0-4,442054,227901,214153,15739,8176,7563,15739,8176,7563,0,0,0,0,0,0,0,0,0,0,0,0
C3010,21,00,0000,State - ORISSA  21,Urban,5,116819,60708,56111,34731,18423,16308,34731,18423,16308,0,0,0,0,0,0,0,0,0,0,0,0
C3010,21,00,0000,State - ORISSA  21,Urban,6,103579,54011,49568,55911,29489,26422,55911,29489,26422,0,0,0,0,0,0,0,0,0,0,0,0
C3010,21,00,0000,State - ORISSA  21,Urban,7,110659,56084,54575,90798,46882,43916,90798,46882,43916,0,0,0,0,0,0,0,0,0,0,0,0
C3010,21,00,0000,State - ORISSA  21,Urban,8,128493,66831,61662,107532,57192,50340,107532,57192,50340,0,0,0,0,0,0,0,0,0,0,0,0
C3010,21,00,0000,State - ORISSA  21,Urban,9,97503,50552,46951,85947,45327,40620,85947,45327,40620,0,0,0,0,0,0,0,0,0,0,0,0
C3010,21,00,0000,State - ORISSA  21,Urban,10,145319,76055,69264,121035,64884,56151,121035,64884,56151,0,0,0,0,0,0,0,0,0,0,0,0
C3010,21,00,0000,State - ORISSA  21,Urban,11,96217,50000,46217,85424,45071,40353,85424,45071,40353,0,0,0,0,0,0,0,0,0,0,0,0
C3010,21,00,0000,State - ORISSA  21,Urban,12,147359,76501,70858,118926,63252,55674,118926,63252,55674,0,0,0,0,0,0,0,0,0,0,0,0
C3010,21,00,0000,State - ORISSA  21,Urban,13,108131,54356,53775,89783,46182,43601,89783,46182,43601,0,0,0,0,0,0,0,0,0,0,0,0
C3010,21,00,0000,State - ORISSA  21,Urban,14,119240,60693,58547,91906,48153,43753,91906,48153,43753,0,0,0,0,0,0,0,0,0,0,0,0
C3010,21,00,0000,State - ORISSA  21,Urban,15-19,585518,307457,278061,332176,181700,150476,231179,123902,107277,88811,49455,39356,10053,6913,3140,2053,1404,649,80,26,54
C3010,21,00,0000,State - ORISSA  21,Urban,20-24,561078,299700,261378,135259,85468,49791,11083,6631,4452,112741,71073,41668,9406,6447,2959,1844,1256,588,185,61,124
C3010,21,00,0000,State - ORISSA  21,Urban,25-29,521578,266137,255441,17824,13669,4155,0,0,0,10081,7462,2619,5730,4678,1052,1784,1428,356,229,101,128
C3010,21,00,0000,State - ORISSA  21,Urban,30-34,453895,237829,216066,3208,2422,786,0,0,0,1468,1078,390,1110,914,196,450,365,85,180,65,115
C3010,21,00,0000,State - ORISSA  21,Urban,35-59,1414534,780127,634407,3287,2286,1001,0,0,0,1214,830,384,1139,856,283,490,385,105,444,215,229
C3010,21,00,0000,State - ORISSA  21,Urban,60+,354614,180597,174017,843,516,327,0,0,0,503,314,189,150,92,58,75,55,20,115,55,60
C3010,21,00,0000,State - ORISSA  21,Urban,Age not stated,10648,6061,4587,510,328,182,0,0,0,373,237,136,117,79,38,15,9,6,5,3,2
C3010,21,01,0000,District - Bargarh  *  01,Total,All ages,1346336,681500,664836,265681,145083,120598,246025,131420,114605,16848,12257,4591,749,514,235,251,191,60,1808,701,1107
C3010,21,01,0000,District - Bargarh  *  01,Total,0-4,119279,60874,58405,2786,1433,1353,2786,1433,1353,0,0,0,0,0,0,0,0,0,0,0,0
C3010,21,01,0000,District - Bargarh  *  01,Total,5,29981,15383,14598,9379,4840,4539,9379,4840,4539,0,0,0,0,0,0,0,0,0,0,0,0
C3010,21,01,0000,District - Bargarh  *  01,Total,6,25230,12899,12331,16096,8335,7761,16096,8335,7761,0,0,0,0,0,0,0,0,0,0,0,0
C3010,21,01,0000,District - Bargarh  *  01,Total,7,29038,14447,14591,24523,12458,12065,24523,12458,12065,0,0,0,0,0,0,0,0,0,0,0,0
C3010,21,01,0000,District - Bargarh  *  01,Total,8,31115,15717,15398,27057,13977,13080,27057,13977,13080,0,0,0,0,0,0,0,0,0,0,0,0
C3010,21,01,0000,District - Bargarh  *  01,Total,9,25332,12743,12589,22688,11666,11022,22688,11666,11022,0,0,0,0,0,0,0,0,0,0,0,0
C3010,21,01,0000,District - Bargarh  *  01,Total,10,34012,17360,16652,27804,14742,13062,27804,14742,13062,0,0,0,0,0,0,0,0,0,0,0,0
C3010,21,01,0000,District - Bargarh  *  01,Total,11,23615,12181,11434,20216,10787,9429,20216,10787,9429,0,0,0,0,0,0,0,0,0,0,0,0
C3010,21,01,0000,District - Bargarh  *  01,Total,12,35963,18312,17651,25715,13860,11855,25715,13860,11855,0,0,0,0,0,0,0,0,0,0,0,0
C3010,21,01,0000,District - Bargarh  *  01,Total,13,25213,12486,12727,18023,9647,8376,18023,9647,8376,0,0,0,0,0,0,0,0,0,0,0,0
C3010,21,01,0000,District - Bargarh  *  01,Total,14,30585,14883,15702,17942,9820,8122,17942,9820,8122,0,0,0,0,0,0,0,0,0,0,0,0
C3010,21,01,0000,District - Bargarh  *  01,Total,15-19,139576,68532,71044,40852,24506,16346,32335,18878,13457,8146,5412,2734,187,129,58,82,54,28,102,33,69
C3010,21,01,0000,District - Bargarh  *  01,Total,20-24,116641,61511,55130,9917,7453,2464,1461,977,484,7904,6174,1730,257,183,74,54,42,12,241,77,164
C3010,21,01,0000,District - Bargarh  *  01,Total,25-29,107945,54299,53646,1110,785,325,0,0,0,606,535,71,184,127,57,54,45,9,266,78,188
C3010,21,01,0000,District - Bargarh  *  01,Total,30-34,101318,49814,51504,506,220,286,0,0,0,76,62,14,30,27,3,16,14,2,384,117,267
C3010,21,01,0000,District - Bargarh  *  01,Total,35-59,337600,174840,162760,823,398,425,0,0,0,57,41,16,75,42,33,23,18,5,668,297,371
C3010,21,01,0000,District - Bargarh  *  01,Total,60+,130731,63493,67238,211,134,77,0,0,0,36,18,18,15,6,9,17,13,4,143,97,46
C3010,21,01,0000,District - Bargarh  *  01,Total,Age not stated,3162,1726,1436,33,22,11,0,0,0,23,15,8,1,0,1,5,5,0,4,2,2
C3010,21,01,0000,District - Bargarh  *  01,Rural,All ages,1242795,627986,614809,239151,130770,108381,223667,119720,103947,12945,9813,3132,577,406,171,193,148,45,1769,683,1086
C3010,21,01,0000,District - Bargarh  *  01,Rural,0-4,110614,56464,54150,2419,1240,1179,2419,1240,1179,0,0,0,0,0,0,0,0,0,0,0,0
C3010,21,01,0000,District - Bargarh  *  01,Rural,5,27836,14247,13589,8769,4529,4240,8769,4529,4240,0,0,0,0,0,0,0,0,0,0,0,0
C3010,21,01,0000,District - Bargarh  *  01,Rural,6,23393,11940,11453,15091,7795,7296,15091,7795,7296,0,0,0,0,0,0,0,0,0,0,0,0
C3010,21,01,0000,District - Bargarh  *  01,Rural,7,27015,13437,13578,22791,11564,11227,22791,11564,11227,0,0,0,0,0,0,0,0,0,0,0,0
C3010,21,01,0000,District - Bargarh  *  01,Rural,8,28762,14511,14251,24966,12873,12093,24966,12873,12093,0,0,0,0,0,0,0,0,0,0,0,0
C3010,21,01,0000,District - Bargarh  *  01,Rural,9,23485,11829,11656,21045,10828,10217,21045,10828,10217,0,0,0,0,0,0,0,0,0,0,0,0
C3010,21,01,0000,District - Bargarh  *  01,Rural,10,31278,15924,15354,25460,13476,11984,25460,13476,11984,0,0,0,0,0,0,0,0,0,0,0,0
C3010,21,01,0000,District - Bargarh  *  01,Rural,11,21683,11192,10491,18491,9897,8594,18491,9897,8594,0,0,0,0,0,0,0,0,0,0,0,0
C3010,21,01,0000,District - Bargarh  *  01,Rural,12,33218,16912,16306,23471,12676,10795,23471,12676,10795,0,0,0,0,0,0,0,0,0,0,0,0
C3010,21,01,0000,District - Bargarh  *  01,Rural,13,23092,11457,11635,16255,8764,7491,16255,8764,7491,0,0,0,0,0,0,0,0,0,0,0,0
C3010,21,01,0000,District - Bargarh  *  01,Rural,14,28102,13635,14467,16029,8820,7209,16029,8820,7209,0,0,0,0,0,0,0,0,0,0,0,0
C3010,21,01,0000,District - Bargarh  *  01,Rural,15-19,128121,62662,65459,34368,21016,13352,27671,16431,11240,6396,4422,1974,141,94,47,60,37,23,100,32,68
C3010,21,01,0000,District - Bargarh  *  01,Rural,20-24,106234,56080,50154,7675,5981,1694,1209,827,382,5997,4899,1098,203,154,49,34,28,6,232,73,159
C3010,21,01,0000,District - Bargarh  *  01,Rural,25-29,98650,49568,49082,872,614,258,0,0,0,429,401,28,135,98,37,47,39,8,261,76,185
C3010,21,01,0000,District - Bargarh  *  01,Rural,30-34,93024,45654,47370,465,192,273,0,0,0,49,43,6,23,21,2,13,12,1,380,116,264
C3010,21,01,0000,District - Bargarh  *  01,Rural,35-59,311583,160821,150762,758,358,400,0,0,0,28,21,7,59,33,26,19,16,3,652,288,364
C3010,21,01,0000,District - Bargarh  *  01,Rural,60+,123786,60073,63713,198,129,69,0,0,0,27,15,12,15,6,9,16,12,4,140,96,44
C3010,21,01,0000,District - Bargarh  *  01,Rural,Age not stated,2919,1580,1339,28,18,10,0,0,0,19,12,7,1,0,1,4,4,0,4,2,2
C3010,21,01,0000,District - Bargarh  *  01,Urban,All ages,103541,53514,50027,26530,14313,12217,22358,11700,10658,3903,2444,1459,172,108,64,58,43,15,39,18,21
C3010,21,01,0000,District - Bargarh  *  01,Urban,0-4,8665,4410,4255,367,193,174,367,193,174,0,0,0,0,0,0,0,0,0,0,0,0
C3010,21,01,0000,District - Bargarh  *  01,Urban,5,2145,1136,1009,610,311,299,610,311,299,0,0,0,0,0,0,0,0,0,0,0,0
C3010,21,01,0000,District - Bargarh  *  01,Urban,6,1837,959,878,1005,540,465,1005,540,465,0,0,0,0,0,0,0,0,0,0,0,0
C3010,21,01,0000,District - Bargarh  *  01,Urban,7,2023,1010,1013,1732,894,838,1732,894,838,0,0,0,0,0,0,0,0,0,0,0,0
C3010,21,01,0000,District - Bargarh  *  01,Urban,8,2353,1206,1147,2091,1104,987,2091,1104,987,0,0,0,0,0,0,0,0,0,0,0,0
C3010,21,01,0000,District - Bargarh  *  01,Urban,9,1847,914,933,1643,838,805,1643,838,805,0,0,0,0,0,0,0,0,0,0,0,0
C3010,21,01,0000,District - Bargarh  *  01,Urban,10,2734,1436,1298,2344,1266,1078,2344,1266,1078,0,0,0,0,0,0,0,0,0,0,0,0
C3010,21,01,0000,District - Bargarh  *  01,Urban,11,1932,989,943,1725,890,835,1725,890,835,0,0,0,0,0,0,0,0,0,0,0,0
C3010,21,01,0000,District - Bargarh  *  01,Urban,12,2745,1400,1345,2244,1184,1060,2244,1184,1060,0,0,0,0,0,0,0,0,0,0,0,0
C3010,21,01,0000,District - Bargarh  *  01,Urban,13,2121,1029,1092,1768,883,885,1768,883,885,0,0,0,0,0,0,0,0,0,0,0,0
C3010,21,01,0000,District - Bargarh  *  01,Urban,14,2483,1248,1235,1913,1000,913,1913,1000,913,0,0,0,0,0,0,0,0,0,0,0,0
C3010,21,01,0000,District - Bargarh  *  01,Urban,15-19,11455,5870,5585,6484,3490,2994,4664,2447,2217,1750,990,760,46,35,11,22,17,5,2,1,1
C3010,21,01,0000,District - Bargarh  *  01,Urban,20-24,10407,5431,4976,2242,1472,770,252,150,102,1907,1275,632,54,29,25,20,14,6,9,4,5
C3010,21,01,0000,District - Bargarh  *  01,Urban,25-29,9295,4731,4564,238,171,67,0,0,0,177,134,43,49,29,20,7,6,1,5,2,3
C3010,21,01,0000,District - Bargarh  *  01,Urban,30-34,8294,4160,4134,41,28,13,0,0,0,27,19,8,7,6,1,3,2,1,4,1,3
C3010,21,01,0000,District - Bargarh  *  01,Urban,35-59,26017,14019,11998,65,40,25,0,0,0,29,20,9,16,9,7,4,2,2,16,9,7
C3010,21,01,0000,District - Bargarh  *  01,Urban,60+,6945,3420,3525,13,5,8,0,0,0,9,3,6,0,0,0,1,1,0,3,1,2
C3010,21,01,0000,District - Bargarh  *  01,Urban,Age not stated,243,146,97,5,4,1,0,0,0,4,3,1,0,0,0,1,1,0,0,0,0
C3010,21,02,0000,District - Jharsuguda  *  02,Total,All ages,509716,261941,247775,114626,62279,52347,104775,55805,48970,8482,5593,2889,734,520,214,398,244,154,237,117,120
C3010,21,02,0000,District - Jharsuguda  *  02,Total,0-4,44550,22767,21783,1395,720,675,1395,720,675,0,0,0,0,0,0,0,0,0,0,0,0
C3010,21,02,0000,District - Jharsuguda  *  02,Total,5,11879,6137,5742,3293,1744,1549,3293,1744,1549,0,0,0,0,0,0,0,0,0,0,0,0
C3010,21,02,0000,District - Jharsuguda  *  02,Total,6,10430,5406,5024,6049,3220,2829,6049,3220,2829,0,0,0,0,0,0,0,0,0,0,0,0
C3010,21,02,0000,District - Jharsuguda  *  02,Total,7,11857,5885,5972,9800,4964,4836,9800,4964,4836,0,0,0,0,0,0,0,0,0,0,0,0
C3010,21,02,0000,District - Jharsuguda  *  02,Total,8,12634,6406,6228,10808,5616,5192,10808,5616,5192,0,0,0,0,0,0,0,0,0,0,0,0
C3010,21,02,0000,District - Jharsuguda  *  02,Total,9,9787,4931,4856,8692,4474,4218,8692,4474,4218,0,0,0,0,0,0,0,0,0,0,0,0
C3010,21,02,0000,District - Jharsuguda  *  02,Total,10,13944,7170,6774,11589,6149,5440,11589,6149,5440,0,0,0,0,0,0,0,0,0,0,0,0
C3010,21,02,0000,District - Jharsuguda  *  02,Total,11,9442,4755,4687,8228,4254,3974,8228,4254,3974,0,0,0,0,0,0,0,0,0,0,0,0
C3010,21,02,0000,District - Jharsuguda  *  02,Total,12,14100,7188,6912,11018,5875,5143,11018,5875,5143,0,0,0,0,0,0,0,0,0,0,0,0
C3010,21,02,0000,District - Jharsuguda  *  02,Total,13,10536,5313,5223,8128,4368,3760,8128,4368,3760,0,0,0,0,0,0,0,0,0,0,0,0
C3010,21,02,0000,District - Jharsuguda  *  02,Total,14,11203,5624,5579,7740,4153,3587,7740,4153,3587,0,0,0,0,0,0,0,0,0,0,0,0
C3010,21,02,0000,District - Jharsuguda  *  02,Total,15-19,54131,27384,26747,21706,12475,9231,17117,9667,7450,4063,2474,1589,351,251,100,166,78,88,9,5,4
C3010,21,02,0000,District - Jharsuguda  *  02,Total,20-24,45371,24433,20938,5300,3636,1664,918,601,317,4019,2803,1216,218,145,73,115,69,46,30,18,12
C3010,21,02,0000,District - Jharsuguda  *  02,Total,25-29,41477,20829,20648,495,395,100,0,0,0,310,249,61,103,83,20,58,52,6,24,11,13
C3010,21,02,0000,District - Jharsuguda  *  02,Total,30-34,38162,19079,19083,109,72,37,0,0,0,40,31,9,23,17,6,18,15,3,28,9,19
C3010,21,02,0000,District - Jharsuguda  *  02,Total,35-59,127366,67272,60094,195,114,81,0,0,0,27,20,7,28,19,9,26,18,8,114,57,57
C3010,21,02,0000,District - Jharsuguda  *  02,Total,60+,41798,20741,21057,64,40,24,0,0,0,9,7,2,10,5,5,13,11,2,32,17,15
C3010,21,02,0000,District - Jharsuguda  *  02,Total,Age not stated,1049,621,428,17,10,7,0,0,0,14,9,5,1,0,1,2,1,1,0,0,0
C3010,21,02,0000,District - Jharsuguda  *  02,Rural,All ages,323831,163985,159846,67360,36713,30647,63365,33917,29448,3509,2478,1031,191,140,51,114,87,27,181,91,90
C3010,21,02,0000,District - Jharsuguda  *  02,Rural,0-4,28953,14667,14286,828,417,411,828,417,411,0,0,0,0,0,0,0,0,0,0,0,0
C3010,21,02,0000,District - Jharsuguda  *  02,Rural,5,7636,3957,3679,1954,1052,902,1954,1052,902,0,0,0,0,0,0,0,0,0,0,0,0
C3010,21,02,0000,District - Jharsuguda  *  02,Rural,6,6848,3531,3317,4031,2153,1878,4031,2153,1878,0,0,0,0,0,0,0,0,0,0,0,0
C3010,21,02,0000,District - Jharsuguda  *  02,Rural,7,7737,3836,3901,6354,3223,3131,6354,3223,3131,0,0,0,0,0,0,0,0,0,0,0,0
C3010,21,02,0000,District - Jharsuguda  *  02,Rural,8,8002,4060,3942,6883,3595,3288,6883,3595,3288,0,0,0,0,0,0,0,0,0,0,0,0
C3010,21,02,0000,District - Jharsuguda  *  02,Rural,9,6458,3243,3215,5716,2931,2785,5716,2931,2785,0,0,0,0,0,0,0,0,0,0,0,0
C3010,21,02,0000,District - Jharsuguda  *  02,Rural,10,8698,4486,4212,7173,3845,3328,7173,3845,3328,0,0,0,0,0,0,0,0,0,0,0,0
C3010,21,02,0000,District - Jharsuguda  *  02,Rural,11,6011,2995,3016,5183,2668,2515,5183,2668,2515,0,0,0,0,0,0,0,0,0,0,0,0
C3010,21,02,0000,District - Jharsuguda  *  02,Rural,12,8868,4499,4369,6718,3605,3113,6718,3605,3113,0,0,0,0,0,0,0,0,0,0,0,0
C3010,21,02,0000,District - Jharsuguda  *  02,Rural,13,6635,3326,3309,4908,2649,2259,4908,2649,2259,0,0,0,0,0,0,0,0,0,0,0,0
C3010,21,02,0000,District - Jharsuguda  *  02,Rural,14,7004,3451,3553,4563,2459,2104,4563,2459,2104,0,0,0,0,0,0,0,0,0,0,0,0
C3010,21,02,0000,District - Jharsuguda  *  02,Rural,15-19,33078,16368,16710,10586,6301,4285,8642,5046,3596,1809,1171,638,84,56,28,44,24,20,7,4,3
C3010,21,02,0000,District - Jharsuguda  *  02,Rural,20-24,26769,14082,12687,2046,1514,532,412,274,138,1546,1176,370,47,34,13,16,13,3,25,17,8
C3010,21,02,0000,District - Jharsuguda  *  02,Rural,25-29,25337,12575,12762,195,165,30,0,0,0,132,112,20,31,29,2,17,17,0,15,7,8
C3010,21,02,0000,District - Jharsuguda  *  02,Rural,30-34,24014,11673,12341,54,33,21,0,0,0,10,8,2,8,7,1,9,9,0,27,9,18
C3010,21,02,0000,District - Jharsuguda  *  02,Rural,35-59,80327,41751,38576,120,69,51,0,0,0,5,4,1,14,10,4,16,13,3,85,42,43
C3010,21,02,0000,District - Jharsuguda  *  02,Rural,60+,30808,15107,15701,43,30,13,0,0,0,4,4,0,6,4,2,11,10,1,22,12,10
C3010,21,02,0000,District - Jharsuguda  *  02,Rural,Age not stated,648,378,270,5,4,1,0,0,0,3,3,0,1,0,1,1,1,0,0,0,0
C3010,21,02,0000,District - Jharsuguda  *  02,Urban,All ages,185885,97956,87929,47266,25566,21700,41410,21888,19522,4973,3115,1858,543,380,163,284,157,127,56,26,30
C3010,21,02,0000,District - Jharsuguda  *  02,Urban,0-4,15597,8100,7497,567,303,264,567,303,264,0,0,0,0,0,0,0,0,0,0,0,0
C3010,21,02,0000,District - Jharsuguda  *  02,Urban,5,4243,2180,2063,1339,692,647,1339,692,647,0,0,0,0,0,0,0,0,0,0,0,0
C3010,21,02,0000,District - Jharsuguda  *  02,Urban,6,3582,1875,1707,2018,1067,951,2018,1067,951,0,0,0,0,0,0,0,0,0,0,0,0
C3010,21,02,0000,District - Jharsuguda  *  02,Urban,7,4120,2049,2071,3446,1741,1705,3446,1741,1705,0,0,0,0,0,0,0,0,0,0,0,0
C3010,21,02,0000,District - Jharsuguda  *  02,Urban,8,4632,2346,2286,3925,2021,1904,3925,2021,1904,0,0,0,0,0,0,0,0,0,0,0,0
C3010,21,02,0000,District - Jharsuguda  *  02,Urban,9,3329,1688,1641,2976,1543,1433,2976,1543,1433,0,0,0,0,0,0,0,0,0,0,0,0
C3010,21,02,0000,District - Jharsuguda  *  02,Urban,10,5246,2684,2562,4416,2304,2112,4416,2304,2112,0,0,0,0,0,0,0,0,0,0,0,0
C3010,21,02,0000,District - Jharsuguda  *  02,Urban,11,3431,1760,1671,3045,1586,1459,3045,1586,1459,0,0,0,0,0,0,0,0,0,0,0,0
C3010,21,02,0000,District - Jharsuguda  *  02,Urban,12,5232,2689,2543,4300,2270,2030,4300,2270,2030,0,0,0,0,0,0,0,0,0,0,0,0
C3010,21,02,0000,District - Jharsuguda  *  02,Urban,13,3901,1987,1914,3220,1719,1501,3220,1719,1501,0,0,0,0,0,0,0,0,0,0,0,0
C3010,21,02,0000,District - Jharsuguda  *  02,Urban,14,4199,2173,2026,3177,1694,1483,3177,1694,1483,0,0,0,0,0,0,0,0,0,0,0,0
C3010,21,02,0000,District - Jharsuguda  *  02,Urban,15-19,21053,11016,10037,11120,6174,4946,8475,4621,3854,2254,1303,951,267,195,72,122,54,68,2,1,1
C3010,21,02,0000,District - Jharsuguda  *  02,Urban,20-24,18602,10351,8251,3254,2122,1132,506,327,179,2473,1627,846,171,111,60,99,56,43,5,1,4
C3010,21,02,0000,District - Jharsuguda  *  02,Urban,25-29,16140,8254,7886,300,230,70,0,0,0,178,137,41,72,54,18,41,35,6,9,4,5
C3010,21,02,0000,District - Jharsuguda  *  02,Urban,30-34,14148,7406,6742,55,39,16,0,0,0,30,23,7,15,10,5,9,6,3,1,0,1
C3010,21,02,0000,District - Jharsuguda  *  02,Urban,35-59,47039,25521,21518,75,45,30,0,0,0,22,16,6,14,9,5,10,5,5,29,15,14
C3010,21,02,0000,District - Jharsuguda  *  02,Urban,60+,10990,5634,5356,21,10,11,0,0,0,5,3,2,4,1,3,2,1,1,10,5,5
C3010,21,02,0000,District - Jharsuguda  *  02,Urban,Age not stated,401,243,158,12,6,6,0,0,0,11,6,5,0,0,0,1,0,1,0,0,0
C3010,21,03,0000,District - Sambalpur  03,Total,All ages,935613,475122,460491,202552,109667,92885,182033,96285,85748,17253,11132,6121,2122,1490,632,682,563,119,462,197,265
C3010,21,03,0000,District - Sambalpur  03,Total,0-4,84368,42809,41559,3252,1608,1644,3252,1608,1644,0,0,0,0,0,0,0,0,0,0,0,0
C3010,21,03,0000,District - Sambalpur  03,Total,5,21817,11250,10567,6866,3588,3278,6866,3588,3278,0,0,0,0,0,0,0,0,0,0,0,0
C3010,21,03,0000,District - Sambalpur  03,Total,6,19248,9968,9280,11287,5972,5315,11287,5972,5315,0,0,0,0,0,0,0,0,0,0,0,0
C3010,21,03,0000,District - Sambalpur  03,Total,7,21385,10717,10668,17339,8842,8497,17339,8842,8497,0,0,0,0,0,0,0,0,0,0,0,0
C3010,21,03,0000,District - Sambalpur  03,Total,8,23356,11867,11489,19404,10102,9302,19404,10102,9302,0,0,0,0,0,0,0,0,0,0,0,0
C3010,21,03,0000,District - Sambalpur  03,Total,9,17688,9049,8639,15271,7939,7332,15271,7939,7332,0,0,0,0,0,0,0,0,0,0,0,0
C3010,21,03,0000,District - Sambalpur  03,Total,10,25066,12870,12196,20186,10740,9446,20186,10740,9446,0,0,0,0,0,0,0,0,0,0,0,0
C3010,21,03,0000,District - Sambalpur  03,Total,11,16484,8505,7979,13890,7340,6550,13890,7340,6550,0,0,0,0,0,0,0,0,0,0,0,0
C3010,21,03,0000,District - Sambalpur  03,Total,12,25787,12978,12809,19064,10092,8972,19064,10092,8972,0,0,0,0,0,0,0,0,0,0,0,0
C3010,21,03,0000,District - Sambalpur  03,Total,13,18249,9103,9146,13486,7108,6378,13486,7108,6378,0,0,0,0,0,0,0,0,0,0,0,0
C3010,21,03,0000,District - Sambalpur  03,Total,14,20100,9835,10265,12941,6843,6098,12941,6843,6098,0,0,0,0,0,0,0,0,0,0,0,0
C3010,21,03,0000,District - Sambalpur  03,Total,15-19,94990,46881,48109,35380,19888,15492,27461,15112,12349,7142,4297,2845,619,390,229,138,84,54,20,5,15
C3010,21,03,0000,District - Sambalpur  03,Total,20-24,83693,42751,40942,11515,7665,3850,1586,999,587,8818,5898,2920,913,624,289,157,130,27,41,14,27
C3010,21,03,0000,District - Sambalpur  03,Total,25-29,78427,38505,39922,1469,1114,355,0,0,0,911,676,235,366,298,68,137,119,18,55,21,34
C3010,21,03,0000,District - Sambalpur  03,Total,30-34,70886,35049,35837,338,236,102,0,0,0,136,93,43,68,55,13,72,67,5,62,21,41
C3010,21,03,0000,District - Sambalpur  03,Total,35-59,233229,122391,110838,614,439,175,0,0,0,120,95,25,118,98,20,143,135,8,233,111,122
C3010,21,03,0000,District - Sambalpur  03,Total,60+,78304,39224,39080,178,107,71,0,0,0,70,41,29,30,18,12,29,23,6,49,25,24
C3010,21,03,0000,District - Sambalpur  03,Total,Age not stated,2536,1370,1166,72,44,28,0,0,0,56,32,24,8,7,1,6,5,1,2,0,2
C3010,21,03,0000,District - Sambalpur  03,Rural,All ages,681835,343182,338653,138520,74752,63768,130618,69376,61242,7014,4846,2168,364,262,102,172,111,61,352,157,195
C3010,21,03,0000,District - Sambalpur  03,Rural,0-4,63179,31839,31340,2258,1103,1155,2258,1103,1155,0,0,0,0,0,0,0,0,0,0,0,0
C3010,21,03,0000,District - Sambalpur  03,Rural,5,16657,8614,8043,5180,2702,2478,5180,2702,2478,0,0,0,0,0,0,0,0,0,0,0,0
C3010,21,03,0000,District - Sambalpur  03,Rural,6,14645,7573,7072,8678,4587,4091,8678,4587,4091,0,0,0,0,0,0,0,0,0,0,0,0
C3010,21,03,0000,District - Sambalpur  03,Rural,7,16328,8159,8169,13209,6703,6506,13209,6703,6506,0,0,0,0,0,0,0,0,0,0,0,0
C3010,21,03,0000,District - Sambalpur  03,Rural,8,17736,8953,8783,14708,7603,7105,14708,7603,7105,0,0,0,0,0,0,0,0,0,0,0,0
C3010,21,03,0000,District - Sambalpur  03,Rural,9,13502,6859,6643,11642,6010,5632,11642,6010,5632,0,0,0,0,0,0,0,0,0,0,0,0
C3010,21,03,0000,District - Sambalpur  03,Rural,10,18489,9428,9061,14775,7858,6917,14775,7858,6917,0,0,0,0,0,0,0,0,0,0,0,0
C3010,21,03,0000,District - Sambalpur  03,Rural,11,12044,6260,5784,10068,5392,4676,10068,5392,4676,0,0,0,0,0,0,0,0,0,0,0,0
C3010,21,03,0000,District - Sambalpur  03,Rural,12,19093,9546,9547,13816,7331,6485,13816,7331,6485,0,0,0,0,0,0,0,0,0,0,0,0
C3010,21,03,0000,District - Sambalpur  03,Rural,13,13323,6611,6712,9490,5067,4423,9490,5067,4423,0,0,0,0,0,0,0,0,0,0,0,0
C3010,21,03,0000,District - Sambalpur  03,Rural,14,14534,7095,7439,8836,4752,4084,8836,4752,4084,0,0,0,0,0,0,0,0,0,0,0,0
C3010,21,03,0000,District - Sambalpur  03,Rural,15-19,68016,33082,34934,20757,11986,8771,17075,9679,7396,3461,2181,1280,134,87,47,71,34,37,16,5,11
C3010,21,03,0000,District - Sambalpur  03,Rural,20-24,57051,28831,28220,4216,3048,1168,883,589,294,3191,2367,824,80,59,21,34,25,9,28,8,20
C3010,21,03,0000,District - Sambalpur  03,Rural,25-29,54991,26864,28127,371,296,75,0,0,0,261,220,41,48,40,8,26,22,4,36,14,22
C3010,21,03,0000,District - Sambalpur  03,Rural,30-34,50333,24495,25838,107,58,49,0,0,0,30,21,9,24,14,10,7,5,2,46,18,28
C3010,21,03,0000,District - Sambalpur  03,Rural,35-59,168285,87164,81121,284,172,112,0,0,0,24,22,2,59,48,11,17,13,4,184,89,95
C3010,21,03,0000,District - Sambalpur  03,Rural,60+,61801,30795,31006,93,63,30,0,0,0,21,17,4,18,13,5,14,10,4,40,23,17
C3010,21,03,0000,District - Sambalpur  03,Rural,Age not stated,1828,1014,814,32,21,11,0,0,0,26,18,8,1,1,0,3,2,1,2,0,2
C3010,21,03,0000,District - Sambalpur  03,Urban,All ages,253778,131940,121838,64032,34915,29117,51415,26909,24506,10239,6286,3953,1758,1228,530,510,452,58,110,40,70
C3010,21,03,0000,District - Sambalpur  03,Urban,0-4,21189,10970,10219,994,505,489,994,505,489,0,0,0,0,0,0,0,0,0,0,0,0
C3010,21,03,0000,District - Sambalpur  03,Urban,5,5160,2636,2524,1686,886,800,1686,886,800,0,0,0,0,0,0,0,0,0,0,0,0
C3010,21,03,0000,District - Sambalpur  03,Urban,6,4603,2395,2208,2609,1385,1224,2609,1385,1224,0,0,0,0,0,0,0,0,0,0,0,0
C3010,21,03,0000,District - Sambalpur  03,Urban,7,5057,2558,2499,4130,2139,1991,4130,2139,1991,0,0,0,0,0,0,0,0,0,0,0,0
C3010,21,03,0000,District - Sambalpur  03,Urban,8,5620,2914,2706,4696,2499,2197,4696,2499,2197,0,0,0,0,0,0,0,0,0,0,0,0
C3010,21,03,0000,District - Sambalpur  03,Urban,9,4186,2190,1996,3629,1929,1700,3629,1929,1700,0,0,0,0,0,0,0,0,0,0,0,0
C3010,21,03,0000,District - Sambalpur  03,Urban,10,6577,3442,3135,5411,2882,2529,5411,2882,2529,0,0,0,0,0,0,0,0,0,0,0,0
C3010,21,03,0000,District - Sambalpur  03,Urban,11,4440,2245,2195,3822,1948,1874,3822,1948,1874,0,0,0,0,0,0,0,0,0,0,0,0
C3010,21,03,0000,District - Sambalpur  03,Urban,12,6694,3432,3262,5248,2761,2487,5248,2761,2487,0,0,0,0,0,0,0,0,0,0,0,0
C3010,21,03,0000,District - Sambalpur  03,Urban,13,4926,2492,2434,3996,2041,1955,3996,2041,1955,0,0,0,0,0,0,0,0,0,0,0,0
C3010,21,03,0000,District - Sambalpur  03,Urban,14,5566,2740,2826,4105,2091,2014,4105,2091,2014,0,0,0,0,0,0,0,0,0,0,0,0
C3010,21,03,0000,District - Sambalpur  03,Urban,15-19,26974,13799,13175,14623,7902,6721,10386,5433,4953,3681,2116,1565,485,303,182,67,50,17,4,0,4
C3010,21,03,0000,District - Sambalpur  03,Urban,20-24,26642,13920,12722,7299,4617,2682,703,410,293,5627,3531,2096,833,565,268,123,105,18,13,6,7
C3010,21,03,0000,District - Sambalpur  03,Urban,25-29,23436,11641,11795,1098,818,280,0,0,0,650,456,194,318,258,60,111,97,14,19,7,12
C3010,21,03,0000,District - Sambalpur  03,Urban,30-34,20553,10554,9999,231,178,53,0,0,0,106,72,34,44,41,3,65,62,3,16,3,13
C3010,21,03,0000,District - Sambalpur  03,Urban,35-59,64944,35227,29717,330,267,63,0,0,0,96,73,23,59,50,9,126,122,4,49,22,27
C3010,21,03,0000,District - Sambalpur  03,Urban,60+,16503,8429,8074,85,44,41,0,0,0,49,24,25,12,5,7,15,13,2,9,2,7
C3010,21,03,0000,District - Sambalpur  03,Urban,Age not stated,708,356,352,40,23,17,0,0,0,30,14,16,7,6,1,3,3,0,0,0,0
C3010,21,04,0000,District - Debagarh  *  04,Total,All ages,274108,138408,135700,50329,27968,22361,47038,25615,21423,2990,2143,847,186,141,45,63,41,22,52,28,24
C3010,21,04,0000,District - Debagarh  *  04,Total,0-4,28645,14645,14000,327,168,159,327,168,159,0,0,0,0,0,0,0,0,0,0,0,0
C3010,21,04,0000,District - Debagarh  *  04,Total,5,7453,3817,3636,1526,820,706,1526,820,706,0,0,0,0,0,0,0,0,0,0,0,0
C3010,21,04,0000,District - Debagarh  *  04,Total,6,6254,3186,3068,2811,1476,1335,2811,1476,1335,0,0,0,0,0,0,0,0,0,0,0,0
C3010,21,04,0000,District - Debagarh  *  04,Total,7,6674,3287,3387,4572,2332,2240,4572,2332,2240,0,0,0,0,0,0,0,0,0,0,0,0
C3010,21,04,0000,District - Debagarh  *  04,Total,8,7579,3809,3770,5490,2886,2604,5490,2886,2604,0,0,0,0,0,0,0,0,0,0,0,0
C3010,21,04,0000,District - Debagarh  *  04,Total,9,5294,2715,2579,4208,2273,1935,4208,2273,1935,0,0,0,0,0,0,0,0,0,0,0,0
C3010,21,04,0000,District - Debagarh  *  04,Total,10,8061,4035,4026,5797,3099,2698,5797,3099,2698,0,0,0,0,0,0,0,0,0,0,0,0
C3010,21,04,0000,District - Debagarh  *  04,Total,11,4591,2408,2183,3691,2030,1661,3691,2030,1661,0,0,0,0,0,0,0,0,0,0,0,0
C3010,21,04,0000,District - Debagarh  *  04,Total,12,8142,4087,4055,5296,2921,2375,5296,2921,2375,0,0,0,0,0,0,0,0,0,0,0,0
C3010,21,04,0000,District - Debagarh  *  04,Total,13,5403,2697,2706,3546,1935,1611,3546,1935,1611,0,0,0,0,0,0,0,0,0,0,0,0
C3010,21,04,0000,District - Debagarh  *  04,Total,14,5916,2954,2962,3427,1937,1490,3427,1937,1490,0,0,0,0,0,0,0,0,0,0,0,0
C3010,21,04,0000,District - Debagarh  *  04,Total,15-19,27230,13213,14017,7760,4670,3090,6115,3584,2531,1556,1026,530,45,37,8,41,22,19,3,1,2
C3010,21,04,0000,District - Debagarh  *  04,Total,20-24,23118,11303,11815,1613,1205,408,232,154,78,1305,1003,302,61,38,23,6,5,1,9,5,4
C3010,21,04,0000,District - Debagarh  *  04,Total,25-29,22765,11197,11568,161,144,17,0,0,0,110,99,11,40,35,5,9,9,0,2,1,1
C3010,21,04,0000,District - Debagarh  *  04,Total,30-34,20407,10091,10316,35,23,12,0,0,0,10,8,2,15,12,3,1,1,0,9,2,7
C3010,21,04,0000,District - Debagarh  *  04,Total,35-59,64190,33602,30588,53,39,14,0,0,0,5,5,0,25,19,6,3,2,1,20,13,7
C3010,21,04,0000,District - Debagarh  *  04,Total,60+,22098,11183,10915,14,9,5,0,0,0,2,1,1,0,0,0,3,2,1,9,6,3
C3010,21,04,0000,District - Debagarh  *  04,Total,Age not stated,288,179,109,2,1,1,0,0,0,2,1,1,0,0,0,0,0,0,0,0,0
C3010,21,04,0000,District - Debagarh  *  04,Rural,All ages,254012,127890,126122,45489,25344,20145,43076,23548,19528,2217,1657,560,93,78,15,52,33,19,51,28,23
C3010,21,04,0000,District - Debagarh  *  04,Rural,0-4,26920,13747,13173,279,145,134,279,145,134,0,0,0,0,0,0,0,0,0,0,0,0
C3010,21,04,0000,District - Debagarh  *  04,Rural,5,7013,3602,3411,1379,742,637,1379,742,637,0,0,0,0,0,0,0,0,0,0,0,0
C3010,21,04,0000,District - Debagarh  *  04,Rural,6,5851,2994,2857,2578,1372,1206,2578,1372,1206,0,0,0,0,0,0,0,0,0,0,0,0
C3010,21,04,0000,District - Debagarh  *  04,Rural,7,6245,3094,3151,4222,2169,2053,4222,2169,2053,0,0,0,0,0,0,0,0,0,0,0,0
C3010,21,04,0000,District - Debagarh  *  04,Rural,8,7104,3568,3536,5094,2682,2412,5094,2682,2412,0,0,0,0,0,0,0,0,0,0,0,0
C3010,21,04,0000,District - Debagarh  *  04,Rural,9,4935,2533,2402,3893,2103,1790,3893,2103,1790,0,0,0,0,0,0,0,0,0,0,0,0
C3010,21,04,0000,District - Debagarh  *  04,Rural,10,7577,3776,3801,5397,2873,2524,5397,2873,2524,0,0,0,0,0,0,0,0,0,0,0,0
C3010,21,04,0000,District - Debagarh  *  04,Rural,11,4265,2238,2027,3399,1870,1529,3399,1870,1529,0,0,0,0,0,0,0,0,0,0,0,0
C3010,21,04,0000,District - Debagarh  *  04,Rural,12,7614,3802,3812,4882,2680,2202,4882,2680,2202,0,0,0,0,0,0,0,0,0,0,0,0
C3010,21,04,0000,District - Debagarh  *  04,Rural,13,5012,2504,2508,3239,1776,1463,3239,1776,1463,0,0,0,0,0,0,0,0,0,0,0,0
C3010,21,04,0000,District - Debagarh  *  04,Rural,14,5500,2742,2758,3136,1788,1348,3136,1788,1348,0,0,0,0,0,0,0,0,0,0,0,0
C3010,21,04,0000,District - Debagarh  *  04,Rural,15-19,25107,12126,12981,6613,4064,2549,5363,3202,2161,1177,812,365,33,29,4,37,20,17,3,1,2
C3010,21,04,0000,District - Debagarh  *  04,Rural,20-24,21158,10319,10839,1202,943,259,215,146,69,946,762,184,28,26,2,5,4,1,8,5,3
C3010,21,04,0000,District - Debagarh  *  04,Rural,25-29,20908,10242,10666,103,90,13,0,0,0,83,74,9,14,11,3,4,4,0,2,1,1
C3010,21,04,0000,District - Debagarh  *  04,Rural,30-34,18763,9219,9544,21,12,9,0,0,0,6,5,1,5,4,1,1,1,0,9,2,7
C3010,21,04,0000,District - Debagarh  *  04,Rural,35-59,59141,30780,28361,38,26,12,0,0,0,3,3,0,13,8,5,2,2,0,20,13,7
C3010,21,04,0000,District - Debagarh  *  04,Rural,60+,20631,10437,10194,12,8,4,0,0,0,0,0,0,0,0,0,3,2,1,9,6,3
C3010,21,04,0000,District - Debagarh  *  04,Rural,Age not stated,268,167,101,2,1,1,0,0,0,2,1,1,0,0,0,0,0,0,0,0,0
C3010,21,04,0000,District - Debagarh  *  04,Urban,All ages,20096,10518,9578,4840,2624,2216,3962,2067,1895,773,486,287,93,63,30,11,8,3,1,0,1
C3010,21,04,0000,District - Debagarh  *  04,Urban,0-4,1725,898,827,48,23,25,48,23,25,0,0,0,0,0,0,0,0,0,0,0,0
C3010,21,04,0000,District - Debagarh  *  04,Urban,5,440,215,225,147,78,69,147,78,69,0,0,0,0,0,0,0,0,0,0,0,0
C3010,21,04,0000,District - Debagarh  *  04,Urban,6,403,192,211,233,104,129,233,104,129,0,0,0,0,0,0,0,0,0,0,0,0
C3010,21,04,0000,District - Debagarh  *  04,Urban,7,429,193,236,350,163,187,350,163,187,0,0,0,0,0,0,0,0,0,0,0,0
C3010,21,04,0000,District - Debagarh  *  04,Urban,8,475,241,234,396,204,192,396,204,192,0,0,0,0,0,0,0,0,0,0,0,0
C3010,21,04,0000,District - Debagarh  *  04,Urban,9,359,182,177,315,170,145,315,170,145,0,0,0,0,0,0,0,0,0,0,0,0
C3010,21,04,0000,District - Debagarh  *  04,Urban,10,484,259,225,400,226,174,400,226,174,0,0,0,0,0,0,0,0,0,0,0,0
C3010,21,04,0000,District - Debagarh  *  04,Urban,11,326,170,156,292,160,132,292,160,132,0,0,0,0,0,0,0,0,0,0,0,0
C3010,21,04,0000,District - Debagarh  *  04,Urban,12,528,285,243,414,241,173,414,241,173,0,0,0,0,0,0,0,0,0,0,0,0
C3010,21,04,0000,District - Debagarh  *  04,Urban,13,391,193,198,307,159,148,307,159,148,0,0,0,0,0,0,0,0,0,0,0,0
C3010,21,04,0000,District - Debagarh  *  04,Urban,14,416,212,204,291,149,142,291,149,142,0,0,0,0,0,0,0,0,0,0,0,0
C3010,21,04,0000,District - Debagarh  *  04,Urban,15-19,2123,1087,1036,1147,606,541,752,382,370,379,214,165,12,8,4,4,2,2,0,0,0
C3010,21,04,0000,District - Debagarh  *  04,Urban,20-24,1960,984,976,411,262,149,17,8,9,359,241,118,33,12,21,1,1,0,1,0,1
C3010,21,04,0000,District - Debagarh  *  04,Urban,25-29,1857,955,902,58,54,4,0,0,0,27,25,2,26,24,2,5,5,0,0,0,0
C3010,21,04,0000,District - Debagarh  *  04,Urban,30-34,1644,872,772,14,11,3,0,0,0,4,3,1,10,8,2,0,0,0,0,0,0
C3010,21,04,0000,District - Debagarh  *  04,Urban,35-59,5049,2822,2227,15,13,2,0,0,0,2,2,0,12,11,1,1,0,1,0,0,0
C3010,21,04,0000,District - Debagarh  *  04,Urban,60+,1467,746,721,2,1,1,0,0,0,2,1,1,0,0,0,0,0,0,0,0,0
C3010,21,04,0000,District - Debagarh  *  04,Urban,Age not stated,20,12,8,0,0,0,0,0,0,0,0,0,0,0,0,0,0,0,0,0,0
C3010,21,05,0000,District - Sundargarh  05,Total,All ages,1830673,935601,895072,396698,215900,180798,353527,189271,164256,37104,22169,14935,4753,3576,1177,1020,730,290,294,154,140
C3010,21,05,0000,District - Sundargarh  05,Total,0-4,176912,89620,87292,4859,2494,2365,4859,2494,2365,0,0,0,0,0,0,0,0,0,0,0,0
C3010,21,05,0000,District - Sundargarh  05,Total,5,46354,23639,22715,9329,4931,4398,9329,4931,4398,0,0,0,0,0,0,0,0,0,0,0,0
C3010,21,05,0000,District - Sundargarh  05,Total,6,41722,21278,20444,17041,8941,8100,17041,8941,8100,0,0,0,0,0,0,0,0,0,0,0,0
C3010,21,05,0000,District - Sundargarh  05,Total,7,42727,21390,21337,30094,15581,14513,30094,15581,14513,0,0,0,0,0,0,0,0,0,0,0,0
C3010,21,05,0000,District - Sundargarh  05,Total,8,49788,25541,24247,37176,19726,17450,37176,19726,17450,0,0,0,0,0,0,0,0,0,0,0,0
C3010,21,05,0000,District - Sundargarh  05,Total,9,37136,19029,18107,29761,15816,13945,29761,15816,13945,0,0,0,0,0,0,0,0,0,0,0,0
C3010,21,05,0000,District - Sundargarh  05,Total,10,54225,27949,26276,40809,22023,18786,40809,22023,18786,0,0,0,0,0,0,0,0,0,0,0,0
C3010,21,05,0000,District - Sundargarh  05,Total,11,32003,16523,15480,26461,14207,12254,26461,14207,12254,0,0,0,0,0,0,0,0,0,0,0,0
C3010,21,05,0000,District - Sundargarh  05,Total,12,53459,27382,26077,38417,20692,17725,38417,20692,17725,0,0,0,0,0,0,0,0,0,0,0,0
C3010,21,05,0000,District - Sundargarh  05,Total,13,36717,18364,18353,27449,14444,13005,27449,14444,13005,0,0,0,0,0,0,0,0,0,0,0,0
C3010,21,05,0000,District - Sundargarh  05,Total,14,40185,20411,19774,27409,14761,12648,27409,14761,12648,0,0,0,0,0,0,0,0,0,0,0,0
C3010,21,05,0000,District - Sundargarh  05,Total,15-19,179131,91744,87387,79717,44202,35515,61316,33536,27780,16060,8928,7132,1993,1490,503,327,242,85,21,6,15
C3010,21,05,0000,District - Sundargarh  05,Total,20-24,160176,79902,80274,24247,15260,8987,3406,2119,1287,18899,11740,7159,1597,1166,431,312,221,91,33,14,19
C3010,21,05,0000,District - Sundargarh  05,Total,25-29,159615,78967,80648,2767,2032,735,0,0,0,1678,1189,489,807,655,152,241,176,65,41,12,29
C3010,21,05,0000,District - Sundargarh  05,Total,30-34,141563,71365,70198,465,324,141,0,0,0,216,149,67,152,115,37,56,39,17,41,21,20
C3010,21,05,0000,District - Sundargarh  05,Total,35-59,451957,239320,212637,486,327,159,0,0,0,118,75,43,173,130,43,59,38,21,136,84,52
C3010,21,05,0000,District - Sundargarh  05,Total,60+,123860,61444,62416,141,95,46,0,0,0,70,49,21,26,16,10,25,14,11,20,16,4
C3010,21,05,0000,District - Sundargarh  05,Total,Age not stated,3143,1733,1410,70,44,26,0,0,0,63,39,24,5,4,1,0,0,0,2,1,1
C3010,21,05,0000,District - Sundargarh  05,Rural,All ages,1201479,602578,598901,232232,126858,105374,218801,118273,100528,12078,7668,4410,845,597,248,299,200,99,209,120,89
C3010,21,05,0000,District - Sundargarh  05,Rural,0-4,124859,62906,61953,3045,1548,1497,3045,1548,1497,0,0,0,0,0,0,0,0,0,0,0,0
C3010,21,05,0000,District - Sundargarh  05,Rural,5,32637,16582,16055,6043,3154,2889,6043,3154,2889,0,0,0,0,0,0,0,0,0,0,0,0
C3010,21,05,0000,District - Sundargarh  05,Rural,6,29648,14928,14720,11665,6129,5536,11665,6129,5536,0,0,0,0,0,0,0,0,0,0,0,0
C3010,21,05,0000,District - Sundargarh  05,Rural,7,30148,15080,15068,19821,10341,9480,19821,10341,9480,0,0,0,0,0,0,0,0,0,0,0,0
C3010,21,05,0000,District - Sundargarh  05,Rural,8,34936,17782,17154,24567,13018,11549,24567,13018,11549,0,0,0,0,0,0,0,0,0,0,0,0
C3010,21,05,0000,District - Sundargarh  05,Rural,9,26087,13294,12793,19985,10672,9313,19985,10672,9313,0,0,0,0,0,0,0,0,0,0,0,0
C3010,21,05,0000,District - Sundargarh  05,Rural,10,37448,19102,18346,26494,14322,12172,26494,14322,12172,0,0,0,0,0,0,0,0,0,0,0,0
C3010,21,05,0000,District - Sundargarh  05,Rural,11,20942,10747,10195,16547,8957,7590,16547,8957,7590,0,0,0,0,0,0,0,0,0,0,0,0
C3010,21,05,0000,District - Sundargarh  05,Rural,12,36434,18550,17884,24138,13164,10974,24138,13164,10974,0,0,0,0,0,0,0,0,0,0,0,0
C3010,21,05,0000,District - Sundargarh  05,Rural,13,23818,11956,11862,16476,8884,7592,16476,8884,7592,0,0,0,0,0,0,0,0,0,0,0,0
C3010,21,05,0000,District - Sundargarh  05,Rural,14,26254,13389,12865,16206,8949,7257,16206,8949,7257,0,0,0,0,0,0,0,0,0,0,0,0
C3010,21,05,0000,District - Sundargarh  05,Rural,15-19,110835,55888,54947,37828,21444,16384,31847,17871,13976,5551,3272,2279,313,233,80,100,63,37,17,5,12
C3010,21,05,0000,District - Sundargarh  05,Rural,20-24,96219,46527,49692,8182,5392,2790,1967,1264,703,5851,3878,1973,250,167,83,94,73,21,20,10,10
C3010,21,05,0000,District - Sundargarh  05,Rural,25-29,98402,47773,50629,761,567,194,0,0,0,555,433,122,134,95,39,48,30,18,24,9,15
C3010,21,05,0000,District - Sundargarh  05,Rural,30-34,89380,43335,46045,142,92,50,0,0,0,60,43,17,39,24,15,15,8,7,28,17,11
C3010,21,05,0000,District - Sundargarh  05,Rural,35-59,290051,150018,140033,256,175,81,0,0,0,36,25,11,94,70,24,24,15,9,102,65,37
C3010,21,05,0000,District - Sundargarh  05,Rural,60+,91609,43785,47824,64,42,22,0,0,0,14,9,5,15,8,7,18,11,7,17,14,3
C3010,21,05,0000,District - Sundargarh  05,Rural,Age not stated,1772,936,836,12,8,4,0,0,0,11,8,3,0,0,0,0,0,0,1,0,1
C3010,21,05,0000,District - Sundargarh  05,Urban,All ages,629194,333023,296171,164466,89042,75424,134726,70998,63728,25026,14501,10525,3908,2979,929,721,530,191,85,34,51
C3010,21,05,0000,District - Sundargarh  05,Urban,0-4,52053,26714,25339,1814,946,868,1814,946,868,0,0,0,0,0,0,0,0,0,0,0,0
C3010,21,05,0000,District - Sundargarh  05,Urban,5,13717,7057,6660,3286,1777,1509,3286,1777,1509,0,0,0,0,0,0,0,0,0,0,0,0
C3010,21,05,0000,District - Sundargarh  05,Urban,6,12074,6350,5724,5376,2812,2564,5376,2812,2564,0,0,0,0,0,0,0,0,0,0,0,0
C3010,21,05,0000,District - Sundargarh  05,Urban,7,12579,6310,6269,10273,5240,5033,10273,5240,5033,0,0,0,0,0,0,0,0,0,0,0,0
C3010,21,05,0000,District - Sundargarh  05,Urban,8,14852,7759,7093,12609,6708,5901,12609,6708,5901,0,0,0,0,0,0,0,0,0,0,0,0
C3010,21,05,0000,District - Sundargarh  05,Urban,9,11049,5735,5314,9776,5144,4632,9776,5144,4632,0,0,0,0,0,0,0,0,0,0,0,0
C3010,21,05,0000,District - Sundargarh  05,Urban,10,16777,8847,7930,14315,7701,6614,14315,7701,6614,0,0,0,0,0,0,0,0,0,0,0,0
C3010,21,05,0000,District - Sundargarh  05,Urban,11,11061,5776,5285,9914,5250,4664,9914,5250,4664,0,0,0,0,0,0,0,0,0,0,0,0
C3010,21,05,0000,District - Sundargarh  05,Urban,12,17025,8832,8193,14279,7528,6751,14279,7528,6751,0,0,0,0,0,0,0,0,0,0,0,0
C3010,21,05,0000,District - Sundargarh  05,Urban,13,12899,6408,6491,10973,5560,5413,10973,5560,5413,0,0,0,0,0,0,0,0,0,0,0,0
C3010,21,05,0000,District - Sundargarh  05,Urban,14,13931,7022,6909,11203,5812,5391,11203,5812,5391,0,0,0,0,0,0,0,0,0,0,0,0
C3010,21,05,0000,District - Sundargarh  05,Urban,15-19,68296,35856,32440,41889,22758,19131,29469,15665,13804,10509,5656,4853,1680,1257,423,227,179,48,4,1,3
C3010,21,05,0000,District - Sundargarh  05,Urban,20-24,63957,33375,30582,16065,9868,6197,1439,855,584,13048,7862,5186,1347,999,348,218,148,70,13,4,9
C3010,21,05,0000,District - Sundargarh  05,Urban,25-29,61213,31194,30019,2006,1465,541,0,0,0,1123,756,367,673,560,113,193,146,47,17,3,14
C3010,21,05,0000,District - Sundargarh  05,Urban,30-34,52183,28030,24153,323,232,91,0,0,0,156,106,50,113,91,22,41,31,10,13,4,9
C3010,21,05,0000,District - Sundargarh  05,Urban,35-59,161906,89302,72604,230,152,78,0,0,0,82,50,32,79,60,19,35,23,12,34,19,15
C3010,21,05,0000,District - Sundargarh  05,Urban,60+,32251,17659,14592,77,53,24,0,0,0,56,40,16,11,8,3,7,3,4,3,2,1
C3010,21,05,0000,District - Sundargarh  05,Urban,Age not stated,1371,797,574,58,36,22,0,0,0,52,31,21,5,4,1,0,0,0,1,1,0
C3010,21,06,0000,District - Kendujhar  06,Total,All ages,1561990,790036,771954,301088,167311,133777,279602,152567,127035,19552,13255,6297,1400,1138,262,271,184,87,263,167,96
C3010,21,06,0000,District - Kendujhar  06,Total,0-4,162527,82297,80230,2816,1413,1403,2816,1413,1403,0,0,0,0,0,0,0,0,0,0,0,0
C3010,21,06,0000,District - Kendujhar  06,Total,5,44179,22897,21282,9534,5172,4362,9534,5172,4362,0,0,0,0,0,0,0,0,0,0,0,0
C3010,21,06,0000,District - Kendujhar  06,Total,6,36949,19016,17933,16062,8708,7354,16062,8708,7354,0,0,0,0,0,0,0,0,0,0,0,0
C3010,21,06,0000,District - Kendujhar  06,Total,7,40130,19846,20284,26708,13798,12910,26708,13798,12910,0,0,0,0,0,0,0,0,0,0,0,0
C3010,21,06,0000,District - Kendujhar  06,Total,8,46592,23897,22695,31836,17303,14533,31836,17303,14533,0,0,0,0,0,0,0,0,0,0,0,0
C3010,21,06,0000,District - Kendujhar  06,Total,9,33926,17228,16698,25532,13687,11845,25532,13687,11845,0,0,0,0,0,0,0,0,0,0,0,0
C3010,21,06,0000,District - Kendujhar  06,Total,10,48111,25057,23054,33192,18499,14693,33192,18499,14693,0,0,0,0,0,0,0,0,0,0,0,0
C3010,21,06,0000,District - Kendujhar  06,Total,11,26774,13735,13039,21134,11475,9659,21134,11475,9659,0,0,0,0,0,0,0,0,0,0,0,0
C3010,21,06,0000,District - Kendujhar  06,Total,12,46800,24028,22772,30473,16854,13619,30473,16854,13619,0,0,0,0,0,0,0,0,0,0,0,0
C3010,21,06,0000,District - Kendujhar  06,Total,13,29886,14824,15062,21005,11221,9784,21005,11221,9784,0,0,0,0,0,0,0,0,0,0,0,0
C3010,21,06,0000,District - Kendujhar  06,Total,14,32483,16158,16325,20442,11090,9352,20442,11090,9352,0,0,0,0,0,0,0,0,0,0,0,0
C3010,21,06,0000,District - Kendujhar  06,Total,15-19,145736,72496,73240,49008,28594,20414,39124,22257,16867,9222,5818,3404,553,459,94,96,55,41,13,5,8
C3010,21,06,0000,District - Kendujhar  06,Total,20-24,130058,63764,66294,11676,8184,3492,1744,1090,654,9439,6726,2713,399,313,86,65,39,26,29,16,13
C3010,21,06,0000,District - Kendujhar  06,Total,25-29,131379,63992,67387,1046,862,184,0,0,0,695,567,128,250,216,34,69,59,10,32,20,12
C3010,21,06,0000,District - Kendujhar  06,Total,30-34,120694,59231,61463,215,166,49,0,0,0,75,60,15,84,68,16,16,12,4,40,26,14
C3010,21,06,0000,District - Kendujhar  06,Total,35-59,378900,200084,178816,273,196,77,0,0,0,42,29,13,93,73,20,18,14,4,120,80,40
C3010,21,06,0000,District - Kendujhar  06,Total,60+,104505,50185,54320,95,60,35,0,0,0,41,29,12,18,6,12,7,5,2,29,20,9
C3010,21,06,0000,District - Kendujhar  06,Total,Age not stated,2361,1301,1060,41,29,12,0,0,0,38,26,12,3,3,0,0,0,0,0,0,0
C3010,21,06,0000,District - Kendujhar  06,Rural,All ages,1348967,678455,670512,251622,140202,111420,236493,129376,107117,13965,9932,4033,724,599,125,209,136,73,231,159,72
C3010,21,06,0000,District - Kendujhar  06,Rural,0-4,142390,72061,70329,2277,1146,1131,2277,1146,1131,0,0,0,0,0,0,0,0,0,0,0,0
C3010,21,06,0000,District - Kendujhar  06,Rural,5,38953,20192,18761,7986,4338,3648,7986,4338,3648,0,0,0,0,0,0,0,0,0,0,0,0
C3010,21,06,0000,District - Kendujhar  06,Rural,6,32206,16610,15596,13664,7454,6210,13664,7454,6210,0,0,0,0,0,0,0,0,0,0,0,0
C3010,21,06,0000,District - Kendujhar  06,Rural,7,35217,17416,17801,23066,11917,11149,23066,11917,11149,0,0,0,0,0,0,0,0,0,0,0,0
C3010,21,06,0000,District - Kendujhar  06,Rural,8,40761,20865,19896,27522,14985,12537,27522,14985,12537,0,0,0,0,0,0,0,0,0,0,0,0
C3010,21,06,0000,District - Kendujhar  06,Rural,9,29744,15098,14646,22157,11905,10252,22157,11905,10252,0,0,0,0,0,0,0,0,0,0,0,0
C3010,21,06,0000,District - Kendujhar  06,Rural,10,41944,21781,20163,28508,15896,12612,28508,15896,12612,0,0,0,0,0,0,0,0,0,0,0,0
C3010,21,06,0000,District - Kendujhar  06,Rural,11,23054,11831,11223,17994,9808,8186,17994,9808,8186,0,0,0,0,0,0,0,0,0,0,0,0
C3010,21,06,0000,District - Kendujhar  06,Rural,12,40528,20757,19771,25917,14357,11560,25917,14357,11560,0,0,0,0,0,0,0,0,0,0,0,0
C3010,21,06,0000,District - Kendujhar  06,Rural,13,25385,12544,12841,17505,9346,8159,17505,9346,8159,0,0,0,0,0,0,0,0,0,0,0,0
C3010,21,06,0000,District - Kendujhar  06,Rural,14,27717,13720,13997,16999,9232,7767,16999,9232,7767,0,0,0,0,0,0,0,0,0,0,0,0
C3010,21,06,0000,District - Kendujhar  06,Rural,15-19,124019,61263,62756,38395,22704,15691,31431,18066,13365,6617,4374,2243,256,216,40,79,43,36,12,5,7
C3010,21,06,0000,District - Kendujhar  06,Rural,20-24,110634,53730,56904,8445,6151,2294,1467,926,541,6697,5009,1688,206,170,36,51,31,20,24,15,9
C3010,21,06,0000,District - Kendujhar  06,Rural,25-29,111920,54239,57681,729,627,102,0,0,0,523,454,69,128,114,14,49,40,9,29,19,10
C3010,21,06,0000,District - Kendujhar  06,Rural,30-34,103288,50366,52922,138,108,30,0,0,0,51,43,8,42,33,9,11,8,3,34,24,10
C3010,21,06,0000,District - Kendujhar  06,Rural,35-59,325577,170177,155400,215,162,53,0,0,0,24,18,6,75,59,16,12,9,3,104,76,28
C3010,21,06,0000,District - Kendujhar  06,Rural,60+,93509,44637,48872,82,52,30,0,0,0,32,22,10,15,5,10,7,5,2,28,20,8
C3010,21,06,0000,District - Kendujhar  06,Rural,Age not stated,2121,1168,953,23,14,9,0,0,0,21,12,9,2,2,0,0,0,0,0,0,0
C3010,21,06,0000,District - Kendujhar  06,Urban,All ages,213023,111581,101442,49466,27109,22357,43109,23191,19918,5587,3323,2264,676,539,137,62,48,14,32,8,24
C3010,21,06,0000,District - Kendujhar  06,Urban,0-4,20137,10236,9901,539,267,272,539,267,272,0,0,0,0,0,0,0,0,0,0,0,0
C3010,21,06,0000,District - Kendujhar  06,Urban,5,5226,2705,2521,1548,834,714,1548,834,714,0,0,0,0,0,0,0,0,0,0,0,0
C3010,21,06,0000,District - Kendujhar  06,Urban,6,4743,2406,2337,2398,1254,1144,2398,1254,1144,0,0,0,0,0,0,0,0,0,0,0,0
C3010,21,06,0000,District - Kendujhar  06,Urban,7,4913,2430,2483,3642,1881,1761,3642,1881,1761,0,0,0,0,0,0,0,0,0,0,0,0
C3010,21,06,0000,District - Kendujhar  06,Urban,8,5831,3032,2799,4314,2318,1996,4314,2318,1996,0,0,0,0,0,0,0,0,0,0,0,0
C3010,21,06,0000,District - Kendujhar  06,Urban,9,4182,2130,2052,3375,1782,1593,3375,1782,1593,0,0,0,0,0,0,0,0,0,0,0,0
C3010,21,06,0000,District - Kendujhar  06,Urban,10,6167,3276,2891,4684,2603,2081,4684,2603,2081,0,0,0,0,0,0,0,0,0,0,0,0
C3010,21,06,0000,District - Kendujhar  06,Urban,11,3720,1904,1816,3140,1667,1473,3140,1667,1473,0,0,0,0,0,0,0,0,0,0,0,0
C3010,21,06,0000,District - Kendujhar  06,Urban,12,6272,3271,3001,4556,2497,2059,4556,2497,2059,0,0,0,0,0,0,0,0,0,0,0,0
C3010,21,06,0000,District - Kendujhar  06,Urban,13,4501,2280,2221,3500,1875,1625,3500,1875,1625,0,0,0,0,0,0,0,0,0,0,0,0
C3010,21,06,0000,District - Kendujhar  06,Urban,14,4766,2438,2328,3443,1858,1585,3443,1858,1585,0,0,0,0,0,0,0,0,0,0,0,0
C3010,21,06,0000,District - Kendujhar  06,Urban,15-19,21717,11233,10484,10613,5890,4723,7693,4191,3502,2605,1444,1161,297,243,54,17,12,5,1,0,1
C3010,21,06,0000,District - Kendujhar  06,Urban,20-24,19424,10034,9390,3231,2033,1198,277,164,113,2742,1717,1025,193,143,50,14,8,6,5,1,4
C3010,21,06,0000,District - Kendujhar  06,Urban,25-29,19459,9753,9706,317,235,82,0,0,0,172,113,59,122,102,20,20,19,1,3,1,2
C3010,21,06,0000,District - Kendujhar  06,Urban,30-34,17406,8865,8541,77,58,19,0,0,0,24,17,7,42,35,7,5,4,1,6,2,4
C3010,21,06,0000,District - Kendujhar  06,Urban,35-59,53323,29907,23416,58,34,24,0,0,0,18,11,7,18,14,4,6,5,1,16,4,12
C3010,21,06,0000,District - Kendujhar  06,Urban,60+,10996,5548,5448,13,8,5,0,0,0,9,7,2,3,1,2,0,0,0,1,0,1
C3010,21,06,0000,District - Kendujhar  06,Urban,Age not stated,240,133,107,18,15,3,0,0,0,17,14,3,1,1,0,0,0,0,0,0,0
C3010,21,07,0000,District - Mayurbhanj  07,Total,All ages,2223456,1123200,1100256,405875,235616,170259,372258,213087,159171,27098,18948,8150,2090,1663,427,679,525,154,3750,1393,2357
C3010,21,07,0000,District - Mayurbhanj  07,Total,0-4,237210,120615,116595,5441,2799,2642,5441,2799,2642,0,0,0,0,0,0,0,0,0,0,0,0
C3010,21,07,0000,District - Mayurbhanj  07,Total,5,66977,34744,32233,12245,6779,5466,12245,6779,5466,0,0,0,0,0,0,0,0,0,0,0,0
C3010,21,07,0000,District - Mayurbhanj  07,Total,6,60530,31105,29425,20459,11440,9019,20459,11440,9019,0,0,0,0,0,0,0,0,0,0,0,0
C3010,21,07,0000,District - Mayurbhanj  07,Total,7,58025,29148,28877,33260,18041,15219,33260,18041,15219,0,0,0,0,0,0,0,0,0,0,0,0
C3010,21,07,0000,District - Mayurbhanj  07,Total,8,71564,37367,34197,43122,24609,18513,43122,24609,18513,0,0,0,0,0,0,0,0,0,0,0,0
C3010,21,07,0000,District - Mayurbhanj  07,Total,9,47949,24865,23084,33014,18720,14294,33014,18720,14294,0,0,0,0,0,0,0,0,0,0,0,0
C3010,21,07,0000,District - Mayurbhanj  07,Total,10,72463,38179,34284,45954,26775,19179,45954,26775,19179,0,0,0,0,0,0,0,0,0,0,0,0
C3010,21,07,0000,District - Mayurbhanj  07,Total,11,35435,18404,17031,26117,14747,11370,26117,14747,11370,0,0,0,0,0,0,0,0,0,0,0,0
C3010,21,07,0000,District - Mayurbhanj  07,Total,12,68888,35560,33328,42208,24404,17804,42208,24404,17804,0,0,0,0,0,0,0,0,0,0,0,0
C3010,21,07,0000,District - Mayurbhanj  07,Total,13,41200,20732,20468,27924,15419,12505,27924,15419,12505,0,0,0,0,0,0,0,0,0,0,0,0
C3010,21,07,0000,District - Mayurbhanj  07,Total,14,43543,22591,20952,26701,15318,11383,26701,15318,11383,0,0,0,0,0,0,0,0,0,0,0,0
C3010,21,07,0000,District - Mayurbhanj  07,Total,15-19,185002,96973,88029,66294,40687,25607,53013,32047,20966,12136,7808,4328,789,617,172,215,166,49,141,49,92
C3010,21,07,0000,District - Mayurbhanj  07,Total,20-24,166716,80306,86410,17185,12448,4737,2800,1989,811,13212,9707,3505,624,502,122,171,135,36,378,115,263
C3010,21,07,0000,District - Mayurbhanj  07,Total,25-29,185303,87177,98126,2607,1802,805,0,0,0,1387,1146,241,402,351,51,142,112,30,676,193,483
C3010,21,07,0000,District - Mayurbhanj  07,Total,30-34,171507,83000,88507,1061,549,512,0,0,0,194,161,33,97,72,25,48,42,6,722,274,448
C3010,21,07,0000,District - Mayurbhanj  07,Total,35-59,548543,286101,262442,1851,850,1001,0,0,0,88,64,24,148,104,44,71,51,20,1544,631,913
C3010,21,07,0000,District - Mayurbhanj  07,Total,60+,159014,74336,84678,359,175,184,0,0,0,32,21,11,24,12,12,22,13,9,281,129,152
C3010,21,07,0000,District - Mayurbhanj  07,Total,Age not stated,3587,1997,1590,73,54,19,0,0,0,49,41,8,6,5,1,10,6,4,8,2,6
C3010,21,07,0000,District - Mayurbhanj  07,Rural,All ages,2067756,1041057,1026699,363325,212521,150804,337765,195103,142662,19947,14542,5405,1489,1191,298,397,298,99,3727,1387,2340
C3010,21,07,0000,District - Mayurbhanj  07,Rural,0-4,225525,114664,110861,4970,2573,2397,4970,2573,2397,0,0,0,0,0,0,0,0,0,0,0,0
C3010,21,07,0000,District - Mayurbhanj  07,Rural,5,63591,32995,30596,11102,6176,4926,11102,6176,4926,0,0,0,0,0,0,0,0,0,0,0,0
C3010,21,07,0000,District - Mayurbhanj  07,Rural,6,57652,29596,28056,18856,10587,8269,18856,10587,8269,0,0,0,0,0,0,0,0,0,0,0,0
C3010,21,07,0000,District - Mayurbhanj  07,Rural,7,54776,27563,27213,30496,16668,13828,30496,16668,13828,0,0,0,0,0,0,0,0,0,0,0,0
C3010,21,07,0000,District - Mayurbhanj  07,Rural,8,68050,35513,32537,40079,22968,17111,40079,22968,17111,0,0,0,0,0,0,0,0,0,0,0,0
C3010,21,07,0000,District - Mayurbhanj  07,Rural,9,45234,23452,21782,30578,17440,13138,30578,17440,13138,0,0,0,0,0,0,0,0,0,0,0,0
C3010,21,07,0000,District - Mayurbhanj  07,Rural,10,68564,36090,32474,42552,24924,17628,42552,24924,17628,0,0,0,0,0,0,0,0,0,0,0,0
C3010,21,07,0000,District - Mayurbhanj  07,Rural,11,32687,16976,15711,23609,13423,10186,23609,13423,10186,0,0,0,0,0,0,0,0,0,0,0,0
C3010,21,07,0000,District - Mayurbhanj  07,Rural,12,64684,33403,31281,38613,22523,16090,38613,22523,16090,0,0,0,0,0,0,0,0,0,0,0,0
C3010,21,07,0000,District - Mayurbhanj  07,Rural,13,37774,19095,18679,24893,13952,10941,24893,13952,10941,0,0,0,0,0,0,0,0,0,0,0,0
C3010,21,07,0000,District - Mayurbhanj  07,Rural,14,40065,20879,19186,23839,13909,9930,23839,13909,9930,0,0,0,0,0,0,0,0,0,0,0,0
C3010,21,07,0000,District - Mayurbhanj  07,Rural,15-19,168488,88032,80456,55417,34677,20740,45653,28133,17520,8973,5986,2987,526,416,110,124,93,31,141,49,92
C3010,21,07,0000,District - Mayurbhanj  07,Rural,20-24,152010,72575,79435,13078,9814,3264,2525,1827,698,9633,7428,2205,467,385,82,77,60,17,376,114,262
C3010,21,07,0000,District - Mayurbhanj  07,Rural,25-29,170774,79835,90939,2101,1405,696,0,0,0,1082,917,165,262,230,32,83,65,18,674,193,481
C3010,21,07,0000,District - Mayurbhanj  07,Rural,30-34,158412,76389,82023,974,482,492,0,0,0,153,134,19,76,55,21,24,19,5,721,274,447
C3010,21,07,0000,District - Mayurbhanj  07,Rural,35-59,507240,263045,244195,1781,805,976,0,0,0,63,46,17,130,89,41,58,43,15,1530,627,903
C3010,21,07,0000,District - Mayurbhanj  07,Rural,60+,148882,69129,79753,343,167,176,0,0,0,22,15,7,22,11,11,21,12,9,278,129,149
C3010,21,07,0000,District - Mayurbhanj  07,Rural,Age not stated,3348,1826,1522,44,28,16,0,0,0,21,16,5,6,5,1,10,6,4,7,1,6
C3010,21,07,0000,District - Mayurbhanj  07,Urban,All ages,155700,82143,73557,42550,23095,19455,34493,17984,16509,7151,4406,2745,601,472,129,282,227,55,23,6,17
C3010,21,07,0000,District - Mayurbhanj  07,Urban,0-4,11685,5951,5734,471,226,245,471,226,245,0,0,0,0,0,0,0,0,0,0,0,0
C3010,21,07,0000,District - Mayurbhanj  07,Urban,5,3386,1749,1637,1143,603,540,1143,603,540,0,0,0,0,0,0,0,0,0,0,0,0
C3010,21,07,0000,District - Mayurbhanj  07,Urban,6,2878,1509,1369,1603,853,750,1603,853,750,0,0,0,0,0,0,0,0,0,0,0,0
C3010,21,07,0000,District - Mayurbhanj  07,Urban,7,3249,1585,1664,2764,1373,1391,2764,1373,1391,0,0,0,0,0,0,0,0,0,0,0,0
C3010,21,07,0000,District - Mayurbhanj  07,Urban,8,3514,1854,1660,3043,1641,1402,3043,1641,1402,0,0,0,0,0,0,0,0,0,0,0,0
C3010,21,07,0000,District - Mayurbhanj  07,Urban,9,2715,1413,1302,2436,1280,1156,2436,1280,1156,0,0,0,0,0,0,0,0,0,0,0,0
C3010,21,07,0000,District - Mayurbhanj  07,Urban,10,3899,2089,1810,3402,1851,1551,3402,1851,1551,0,0,0,0,0,0,0,0,0,0,0,0
C3010,21,07,0000,District - Mayurbhanj  07,Urban,11,2748,1428,1320,2508,1324,1184,2508,1324,1184,0,0,0,0,0,0,0,0,0,0,0,0
C3010,21,07,0000,District - Mayurbhanj  07,Urban,12,4204,2157,2047,3595,1881,1714,3595,1881,1714,0,0,0,0,0,0,0,0,0,0,0,0
C3010,21,07,0000,District - Mayurbhanj  07,Urban,13,3426,1637,1789,3031,1467,1564,3031,1467,1564,0,0,0,0,0,0,0,0,0,0,0,0
C3010,21,07,0000,District - Mayurbhanj  07,Urban,14,3478,1712,1766,2862,1409,1453,2862,1409,1453,0,0,0,0,0,0,0,0,0,0,0,0
C3010,21,07,0000,District - Mayurbhanj  07,Urban,15-19,16514,8941,7573,10877,6010,4867,7360,3914,3446,3163,1822,1341,263,201,62,91,73,18,0,0,0
C3010,21,07,0000,District - Mayurbhanj  07,Urban,20-24,14706,7731,6975,4107,2634,1473,275,162,113,3579,2279,1300,157,117,40,94,75,19,2,1,1
C3010,21,07,0000,District - Mayurbhanj  07,Urban,25-29,14529,7342,7187,506,397,109,0,0,0,305,229,76,140,121,19,59,47,12,2,0,2
C3010,21,07,0000,District - Mayurbhanj  07,Urban,30-34,13095,6611,6484,87,67,20,0,0,0,41,27,14,21,17,4,24,23,1,1,0,1
C3010,21,07,0000,District - Mayurbhanj  07,Urban,35-59,41303,23056,18247,70,45,25,0,0,0,25,18,7,18,15,3,13,8,5,14,4,10
C3010,21,07,0000,District - Mayurbhanj  07,Urban,60+,10132,5207,4925,16,8,8,0,0,0,10,6,4,2,1,1,1,1,0,3,0,3
C3010,21,07,0000,District - Mayurbhanj  07,Urban,Age not stated,239,171,68,29,26,3,0,0,0,28,25,3,0,0,0,0,0,0,1,1,0
C3010,21,08,0000,District - Baleshwar  08,Total,All ages,2024508,1036511,987997,438009,240316,197693,399689,214141,185548,34765,23442,11323,2460,2005,455,711,579,132,384,149,235
C3010,21,08,0000,District - Baleshwar  08,Total,0-4,193943,99473,94470,3374,1685,1689,3374,1685,1689,0,0,0,0,0,0,0,0,0,0,0,0
C3010,21,08,0000,District - Baleshwar  08,Total,5,53485,27862,25623,10407,5517,4890,10407,5517,4890,0,0,0,0,0,0,0,0,0,0,0,0
C3010,21,08,0000,District - Baleshwar  08,Total,6,48659,25003,23656,19394,10225,9169,19394,10225,9169,0,0,0,0,0,0,0,0,0,0,0,0
C3010,21,08,0000,District - Baleshwar  08,Total,7,46306,23194,23112,32374,16760,15614,32374,16760,15614,0,0,0,0,0,0,0,0,0,0,0,0
C3010,21,08,0000,District - Baleshwar  08,Total,8,59943,31048,28895,44381,23853,20528,44381,23853,20528,0,0,0,0,0,0,0,0,0,0,0,0
C3010,21,08,0000,District - Baleshwar  08,Total,9,40027,20275,19752,32961,17226,15735,32961,17226,15735,0,0,0,0,0,0,0,0,0,0,0,0
C3010,21,08,0000,District - Baleshwar  08,Total,10,64285,33226,31059,50229,27139,23090,50229,27139,23090,0,0,0,0,0,0,0,0,0,0,0,0
C3010,21,08,0000,District - Baleshwar  08,Total,11,35056,18023,17033,29793,15916,13877,29793,15916,13877,0,0,0,0,0,0,0,0,0,0,0,0
C3010,21,08,0000,District - Baleshwar  08,Total,12,62914,32567,30347,48033,26145,21888,48033,26145,21888,0,0,0,0,0,0,0,0,0,0,0,0
C3010,21,08,0000,District - Baleshwar  08,Total,13,40351,19799,20552,30818,16024,14794,30818,16024,14794,0,0,0,0,0,0,0,0,0,0,0,0
C3010,21,08,0000,District - Baleshwar  08,Total,14,44961,22142,22819,31163,16373,14790,31163,16373,14790,0,0,0,0,0,0,0,0,0,0,0,0
C3010,21,08,0000,District - Baleshwar  08,Total,15-19,197828,99559,98269,80396,45898,34498,63672,35243,28429,15488,9669,5819,936,747,189,285,232,53,15,7,8
C3010,21,08,0000,District - Baleshwar  08,Total,20-24,182913,94510,88403,21355,14955,6400,3090,2035,1055,17364,12202,5162,681,554,127,184,150,34,36,14,22
C3010,21,08,0000,District - Baleshwar  08,Total,25-29,173356,84032,89324,2295,1915,380,0,0,0,1505,1257,248,586,502,84,167,141,26,37,15,22
C3010,21,08,0000,District - Baleshwar  08,Total,30-34,151028,77488,73540,364,294,70,0,0,0,190,158,32,106,91,15,36,31,5,32,14,18
C3010,21,08,0000,District - Baleshwar  08,Total,35-59,467208,245865,221343,449,279,170,0,0,0,141,108,33,116,92,24,30,20,10,162,59,103
C3010,21,08,0000,District - Baleshwar  08,Total,60+,160043,81223,78820,182,90,92,0,0,0,41,28,13,32,18,14,8,4,4,101,40,61
C3010,21,08,0000,District - Baleshwar  08,Total,Age not stated,2202,1222,980,41,22,19,0,0,0,36,20,16,3,1,2,1,1,0,1,0,1
C3010,21,08,0000,District - Baleshwar  08,Rural,All ages,1804140,921740,882400,384362,211212,173150,354660,190471,164189,27252,18871,8381,1632,1358,274,458,379,79,360,133,227
C3010,21,08,0000,District - Baleshwar  08,Rural,0-4,175191,89865,85326,2876,1446,1430,2876,1446,1430,0,0,0,0,0,0,0,0,0,0,0,0
C3010,21,08,0000,District - Baleshwar  08,Rural,5,48361,25213,23148,9129,4817,4312,9129,4817,4312,0,0,0,0,0,0,0,0,0,0,0,0
C3010,21,08,0000,District - Baleshwar  08,Rural,6,44145,22664,21481,17260,9113,8147,17260,9113,8147,0,0,0,0,0,0,0,0,0,0,0,0
C3010,21,08,0000,District - Baleshwar  08,Rural,7,41604,20820,20784,28671,14839,13832,28671,14839,13832,0,0,0,0,0,0,0,0,0,0,0,0
C3010,21,08,0000,District - Baleshwar  08,Rural,8,54407,28139,26268,39926,21451,18475,39926,21451,18475,0,0,0,0,0,0,0,0,0,0,0,0
C3010,21,08,0000,District - Baleshwar  08,Rural,9,35906,18059,17847,29373,15255,14118,29373,15255,14118,0,0,0,0,0,0,0,0,0,0,0,0
C3010,21,08,0000,District - Baleshwar  08,Rural,10,58134,29991,28143,45263,24461,20802,45263,24461,20802,0,0,0,0,0,0,0,0,0,0,0,0
C3010,21,08,0000,District - Baleshwar  08,Rural,11,31105,16000,15105,26344,14137,12207,26344,14137,12207,0,0,0,0,0,0,0,0,0,0,0,0
C3010,21,08,0000,District - Baleshwar  08,Rural,12,56806,29373,27433,43251,23589,19662,43251,23589,19662,0,0,0,0,0,0,0,0,0,0,0,0
C3010,21,08,0000,District - Baleshwar  08,Rural,13,35976,17627,18349,27267,14247,13020,27267,14247,13020,0,0,0,0,0,0,0,0,0,0,0,0
C3010,21,08,0000,District - Baleshwar  08,Rural,14,40193,19740,20453,27602,14560,13042,27602,14560,13042,0,0,0,0,0,0,0,0,0,0,0,0
C3010,21,08,0000,District - Baleshwar  08,Rural,15-19,175167,87678,87489,67932,39069,28863,55036,30768,24268,12128,7682,4446,577,472,105,178,141,37,13,6,7
C3010,21,08,0000,District - Baleshwar  08,Rural,20-24,161807,83668,78139,16864,12191,4673,2662,1788,874,13598,9910,3688,462,387,75,112,97,15,30,9,21
C3010,21,08,0000,District - Baleshwar  08,Rural,25-29,153197,74200,78997,1776,1504,272,0,0,0,1231,1047,184,394,344,50,119,102,17,32,11,21
C3010,21,08,0000,District - Baleshwar  08,Rural,30-34,133110,68182,64928,279,225,54,0,0,0,150,126,24,75,64,11,23,21,2,31,14,17
C3010,21,08,0000,District - Baleshwar  08,Rural,35-59,412486,216025,196461,352,210,142,0,0,0,86,68,18,93,75,18,19,14,5,154,53,101
C3010,21,08,0000,District - Baleshwar  08,Rural,60+,144772,73519,71253,166,80,86,0,0,0,31,21,10,30,16,14,6,3,3,99,40,59
C3010,21,08,0000,District - Baleshwar  08,Rural,Age not stated,1773,977,796,31,18,13,0,0,0,28,17,11,1,0,1,1,1,0,1,0,1
C3010,21,08,0000,District - Baleshwar  08,Urban,All ages,220368,114771,105597,53647,29104,24543,45029,23670,21359,7513,4571,2942,828,647,181,253,200,53,24,16,8
C3010,21,08,0000,District - Baleshwar  08,Urban,0-4,18752,9608,9144,498,239,259,498,239,259,0,0,0,0,0,0,0,0,0,0,0,0
C3010,21,08,0000,District - Baleshwar  08,Urban,5,5124,2649,2475,1278,700,578,1278,700,578,0,0,0,0,0,0,0,0,0,0,0,0
C3010,21,08,0000,District - Baleshwar  08,Urban,6,4514,2339,2175,2134,1112,1022,2134,1112,1022,0,0,0,0,0,0,0,0,0,0,0,0
C3010,21,08,0000,District - Baleshwar  08,Urban,7,4702,2374,2328,3703,1921,1782,3703,1921,1782,0,0,0,0,0,0,0,0,0,0,0,0
C3010,21,08,0000,District - Baleshwar  08,Urban,8,5536,2909,2627,4455,2402,2053,4455,2402,2053,0,0,0,0,0,0,0,0,0,0,0,0
C3010,21,08,0000,District - Baleshwar  08,Urban,9,4121,2216,1905,3588,1971,1617,3588,1971,1617,0,0,0,0,0,0,0,0,0,0,0,0
C3010,21,08,0000,District - Baleshwar  08,Urban,10,6151,3235,2916,4966,2678,2288,4966,2678,2288,0,0,0,0,0,0,0,0,0,0,0,0
C3010,21,08,0000,District - Baleshwar  08,Urban,11,3951,2023,1928,3449,1779,1670,3449,1779,1670,0,0,0,0,0,0,0,0,0,0,0,0
C3010,21,08,0000,District - Baleshwar  08,Urban,12,6108,3194,2914,4782,2556,2226,4782,2556,2226,0,0,0,0,0,0,0,0,0,0,0,0
C3010,21,08,0000,District - Baleshwar  08,Urban,13,4375,2172,2203,3551,1777,1774,3551,1777,1774,0,0,0,0,0,0,0,0,0,0,0,0
C3010,21,08,0000,District - Baleshwar  08,Urban,14,4768,2402,2366,3561,1813,1748,3561,1813,1748,0,0,0,0,0,0,0,0,0,0,0,0
C3010,21,08,0000,District - Baleshwar  08,Urban,15-19,22661,11881,10780,12464,6829,5635,8636,4475,4161,3360,1987,1373,359,275,84,107,91,16,2,1,1
C3010,21,08,0000,District - Baleshwar  08,Urban,20-24,21106,10842,10264,4491,2764,1727,428,247,181,3766,2292,1474,219,167,52,72,53,19,6,5,1
C3010,21,08,0000,District - Baleshwar  08,Urban,25-29,20159,9832,10327,519,411,108,0,0,0,274,210,64,192,158,34,48,39,9,5,4,1
C3010,21,08,0000,District - Baleshwar  08,Urban,30-34,17918,9306,8612,85,69,16,0,0,0,40,32,8,31,27,4,13,10,3,1,0,1
C3010,21,08,0000,District - Baleshwar  08,Urban,35-59,54722,29840,24882,97,69,28,0,0,0,55,40,15,23,17,6,11,6,5,8,6,2
C3010,21,08,0000,District - Baleshwar  08,Urban,60+,15271,7704,7567,16,10,6,0,0,0,10,7,3,2,2,0,2,1,1,2,0,2
C3010,21,08,0000,District - Baleshwar  08,Urban,Age not stated,429,245,184,10,4,6,0,0,0,8,3,5,2,1,1,0,0,0,0,0,0
C3010,21,09,0000,District - Bhadrak  *  09,Total,All ages,1333749,675642,658107,312038,170422,141616,281804,150616,131188,27008,18133,8875,1326,1080,246,379,244,135,1521,349,1172
C3010,21,09,0000,District - Bhadrak  *  09,Total,0-4,125928,64644,61284,2199,1109,1090,2199,1109,1090,0,0,0,0,0,0,0,0,0,0,0,0
C3010,21,09,0000,District - Bhadrak  *  09,Total,5,33987,17572,16415,6987,3714,3273,6987,3714,3273,0,0,0,0,0,0,0,0,0,0,0,0
C3010,21,09,0000,District - Bhadrak  *  09,Total,6,32732,16948,15784,13729,7360,6369,13729,7360,6369,0,0,0,0,0,0,0,0,0,0,0,0
C3010,21,09,0000,District - Bhadrak  *  09,Total,7,29059,14567,14492,20874,10683,10191,20874,10683,10191,0,0,0,0,0,0,0,0,0,0,0,0
C3010,21,09,0000,District - Bhadrak  *  09,Total,8,39868,20729,19139,31130,16658,14472,31130,16658,14472,0,0,0,0,0,0,0,0,0,0,0,0
C3010,21,09,0000,District - Bhadrak  *  09,Total,9,25747,13403,12344,22028,11768,10260,22028,11768,10260,0,0,0,0,0,0,0,0,0,0,0,0
C3010,21,09,0000,District - Bhadrak  *  09,Total,10,43429,22324,21105,35382,18884,16498,35382,18884,16498,0,0,0,0,0,0,0,0,0,0,0,0
C3010,21,09,0000,District - Bhadrak  *  09,Total,11,22268,11577,10691,19382,10296,9086,19382,10296,9086,0,0,0,0,0,0,0,0,0,0,0,0
C3010,21,09,0000,District - Bhadrak  *  09,Total,12,43109,22145,20964,34252,18456,15796,34252,18456,15796,0,0,0,0,0,0,0,0,0,0,0,0
C3010,21,09,0000,District - Bhadrak  *  09,Total,13,26615,13185,13430,21329,11086,10243,21329,11086,10243,0,0,0,0,0,0,0,0,0,0,0,0
C3010,21,09,0000,District - Bhadrak  *  09,Total,14,31951,15631,16320,23028,12058,10970,23028,12058,10970,0,0,0,0,0,0,0,0,0,0,0,0
C3010,21,09,0000,District - Bhadrak  *  09,Total,15-19,138666,68162,70504,61600,34974,26626,48874,27015,21859,12053,7504,4549,419,350,69,158,80,78,96,25,71
C3010,21,09,0000,District - Bhadrak  *  09,Total,20-24,121313,61861,59452,16670,11319,5351,2610,1529,1081,13445,9417,4028,344,271,73,76,60,16,195,42,153
C3010,21,09,0000,District - Bhadrak  *  09,Total,25-29,105109,50162,54947,1791,1345,446,0,0,0,1105,904,201,362,316,46,80,69,11,244,56,188
C3010,21,09,0000,District - Bhadrak  *  09,Total,30-34,95261,47303,47958,562,274,288,0,0,0,164,130,34,82,65,17,21,15,6,295,64,231
C3010,21,09,0000,District - Bhadrak  *  09,Total,35-59,303228,156562,146666,864,316,548,0,0,0,152,118,34,91,60,31,34,18,16,587,120,467
C3010,21,09,0000,District - Bhadrak  *  09,Total,60+,114417,58238,56179,210,105,105,0,0,0,71,45,26,27,17,10,9,1,8,103,42,61
C3010,21,09,0000,District - Bhadrak  *  09,Total,Age not stated,1062,629,433,21,17,4,0,0,0,18,15,3,1,1,0,1,1,0,1,0,1
C3010,21,09,0000,District - Bhadrak  *  09,Rural,All ages,1192678,602681,589997,278022,151734,126288,252482,134938,117544,22781,15422,7359,1035,853,182,313,202,111,1411,319,1092
C3010,21,09,0000,District - Bhadrak  *  09,Rural,0-4,112996,58096,54900,1846,937,909,1846,937,909,0,0,0,0,0,0,0,0,0,0,0,0
C3010,21,09,0000,District - Bhadrak  *  09,Rural,5,30393,15711,14682,6052,3196,2856,6052,3196,2856,0,0,0,0,0,0,0,0,0,0,0,0
C3010,21,09,0000,District - Bhadrak  *  09,Rural,6,29047,15029,14018,12095,6459,5636,12095,6459,5636,0,0,0,0,0,0,0,0,0,0,0,0
C3010,21,09,0000,District - Bhadrak  *  09,Rural,7,25881,12955,12926,18766,9585,9181,18766,9585,9181,0,0,0,0,0,0,0,0,0,0,0,0
C3010,21,09,0000,District - Bhadrak  *  09,Rural,8,35327,18404,16923,28011,14996,13015,28011,14996,13015,0,0,0,0,0,0,0,0,0,0,0,0
C3010,21,09,0000,District - Bhadrak  *  09,Rural,9,23052,12001,11051,19945,10648,9297,19945,10648,9297,0,0,0,0,0,0,0,0,0,0,0,0
C3010,21,09,0000,District - Bhadrak  *  09,Rural,10,38397,19762,18635,31787,16975,14812,31787,16975,14812,0,0,0,0,0,0,0,0,0,0,0,0
C3010,21,09,0000,District - Bhadrak  *  09,Rural,11,19910,10349,9561,17501,9298,8203,17501,9298,8203,0,0,0,0,0,0,0,0,0,0,0,0
C3010,21,09,0000,District - Bhadrak  *  09,Rural,12,38338,19731,18607,30965,16720,14245,30965,16720,14245,0,0,0,0,0,0,0,0,0,0,0,0
C3010,21,09,0000,District - Bhadrak  *  09,Rural,13,23678,11744,11934,19177,9999,9178,19177,9999,9178,0,0,0,0,0,0,0,0,0,0,0,0
C3010,21,09,0000,District - Bhadrak  *  09,Rural,14,28438,13890,14548,20712,10852,9860,20712,10852,9860,0,0,0,0,0,0,0,0,0,0,0,0
C3010,21,09,0000,District - Bhadrak  *  09,Rural,15-19,122903,59951,62952,54057,30689,23368,43309,23917,19392,10202,6402,3800,334,285,49,131,65,66,81,20,61
C3010,21,09,0000,District - Bhadrak  *  09,Rural,20-24,108444,54991,53453,14104,9627,4477,2316,1356,960,11294,7978,3316,264,207,57,61,51,10,169,35,134
C3010,21,09,0000,District - Bhadrak  *  09,Rural,25-29,94062,44666,49396,1505,1132,373,0,0,0,940,777,163,275,247,28,67,57,10,223,51,172
C3010,21,09,0000,District - Bhadrak  *  09,Rural,30-34,85207,42183,43024,499,234,265,0,0,0,142,114,28,68,52,16,16,11,5,273,57,216
C3010,21,09,0000,District - Bhadrak  *  09,Rural,35-59,271655,139809,131846,788,276,512,0,0,0,123,98,25,71,47,24,29,16,13,565,115,450
C3010,21,09,0000,District - Bhadrak  *  09,Rural,60+,104023,52863,51160,193,95,98,0,0,0,63,39,24,22,14,8,8,1,7,100,41,59
C3010,21,09,0000,District - Bhadrak  *  09,Rural,Age not stated,927,546,381,19,16,3,0,0,0,17,14,3,1,1,0,1,1,0,0,0,0
C3010,21,09,0000,District - Bhadrak  *  09,Urban,All ages,141071,72961,68110,34016,18688,15328,29322,15678,13644,4227,2711,1516,291,227,64,66,42,24,110,30,80
C3010,21,09,0000,District - Bhadrak  *  09,Urban,0-4,12932,6548,6384,353,172,181,353,172,181,0,0,0,0,0,0,0,0,0,0,0,0
C3010,21,09,0000,District - Bhadrak  *  09,Urban,5,3594,1861,1733,935,518,417,935,518,417,0,0,0,0,0,0,0,0,0,0,0,0
C3010,21,09,0000,District - Bhadrak  *  09,Urban,6,3685,1919,1766,1634,901,733,1634,901,733,0,0,0,0,0,0,0,0,0,0,0,0
C3010,21,09,0000,District - Bhadrak  *  09,Urban,7,3178,1612,1566,2108,1098,1010,2108,1098,1010,0,0,0,0,0,0,0,0,0,0,0,0
C3010,21,09,0000,District - Bhadrak  *  09,Urban,8,4541,2325,2216,3119,1662,1457,3119,1662,1457,0,0,0,0,0,0,0,0,0,0,0,0
C3010,21,09,0000,District - Bhadrak  *  09,Urban,9,2695,1402,1293,2083,1120,963,2083,1120,963,0,0,0,0,0,0,0,0,0,0,0,0
C3010,21,09,0000,District - Bhadrak  *  09,Urban,10,5032,2562,2470,3595,1909,1686,3595,1909,1686,0,0,0,0,0,0,0,0,0,0,0,0
C3010,21,09,0000,District - Bhadrak  *  09,Urban,11,2358,1228,1130,1881,998,883,1881,998,883,0,0,0,0,0,0,0,0,0,0,0,0
C3010,21,09,0000,District - Bhadrak  *  09,Urban,12,4771,2414,2357,3287,1736,1551,3287,1736,1551,0,0,0,0,0,0,0,0,0,0,0,0
C3010,21,09,0000,District - Bhadrak  *  09,Urban,13,2937,1441,1496,2152,1087,1065,2152,1087,1065,0,0,0,0,0,0,0,0,0,0,0,0
C3010,21,09,0000,District - Bhadrak  *  09,Urban,14,3513,1741,1772,2316,1206,1110,2316,1206,1110,0,0,0,0,0,0,0,0,0,0,0,0
C3010,21,09,0000,District - Bhadrak  *  09,Urban,15-19,15763,8211,7552,7543,4285,3258,5565,3098,2467,1851,1102,749,85,65,20,27,15,12,15,5,10
C3010,21,09,0000,District - Bhadrak  *  09,Urban,20-24,12869,6870,5999,2566,1692,874,294,173,121,2151,1439,712,80,64,16,15,9,6,26,7,19
C3010,21,09,0000,District - Bhadrak  *  09,Urban,25-29,11047,5496,5551,286,213,73,0,0,0,165,127,38,87,69,18,13,12,1,21,5,16
C3010,21,09,0000,District - Bhadrak  *  09,Urban,30-34,10054,5120,4934,63,40,23,0,0,0,22,16,6,14,13,1,5,4,1,22,7,15
C3010,21,09,0000,District - Bhadrak  *  09,Urban,35-59,31573,16753,14820,76,40,36,0,0,0,29,20,9,20,13,7,5,2,3,22,5,17
C3010,21,09,0000,District - Bhadrak  *  09,Urban,60+,10394,5375,5019,17,10,7,0,0,0,8,6,2,5,3,2,1,0,1,3,1,2
C3010,21,09,0000,District - Bhadrak  *  09,Urban,Age not stated,135,83,52,2,1,1,0,0,0,1,1,0,0,0,0,0,0,0,1,0,1
C3010,21,10,0000,District - Kendrapara *  10,Total,All ages,1302005,646438,655567,308048,164601,143447,279607,147172,132435,25976,16164,9812,1035,788,247,347,240,107,1083,237,846
C3010,21,10,0000,District - Kendrapara *  10,Total,0-4,116394,59779,56615,1293,656,637,1293,656,637,0,0,0,0,0,0,0,0,0,0,0,0
C3010,21,10,0000,District - Kendrapara *  10,Total,5,31275,16352,14923,5464,2878,2586,5464,2878,2586,0,0,0,0,0,0,0,0,0,0,0,0
C3010,21,10,0000,District - Kendrapara *  10,Total,6,27287,14042,13245,11632,6108,5524,11632,6108,5524,0,0,0,0,0,0,0,0,0,0,0,0
C3010,21,10,0000,District - Kendrapara *  10,Total,7,28062,14092,13970,22610,11570,11040,22610,11570,11040,0,0,0,0,0,0,0,0,0,0,0,0
C3010,21,10,0000,District - Kendrapara *  10,Total,8,33223,17250,15973,28723,15164,13559,28723,15164,13559,0,0,0,0,0,0,0,0,0,0,0,0
C3010,21,10,0000,District - Kendrapara *  10,Total,9,25695,13277,12418,23534,12339,11195,23534,12339,11195,0,0,0,0,0,0,0,0,0,0,0,0
C3010,21,10,0000,District - Kendrapara *  10,Total,10,36356,18993,17363,32645,17383,15262,32645,17383,15262,0,0,0,0,0,0,0,0,0,0,0,0
C3010,21,10,0000,District - Kendrapara *  10,Total,11,24020,12464,11556,22194,11694,10500,22194,11694,10500,0,0,0,0,0,0,0,0,0,0,0,0
C3010,21,10,0000,District - Kendrapara *  10,Total,12,37784,19391,18393,32819,17326,15493,32819,17326,15493,0,0,0,0,0,0,0,0,0,0,0,0
C3010,21,10,0000,District - Kendrapara *  10,Total,13,27455,13467,13988,23458,11870,11588,23458,11870,11588,0,0,0,0,0,0,0,0,0,0,0,0
C3010,21,10,0000,District - Kendrapara *  10,Total,14,30881,15120,15761,24208,12552,11656,24208,12552,11656,0,0,0,0,0,0,0,0,0,0,0,0
C3010,21,10,0000,District - Kendrapara *  10,Total,15-19,135600,64764,70836,61585,33949,27636,48885,26404,22481,12074,7119,4955,374,285,89,177,122,55,75,19,56
C3010,21,10,0000,District - Kendrapara *  10,Total,20-24,115055,55305,59750,15479,9733,5746,2142,1228,914,12833,8203,4630,311,225,86,61,38,23,132,39,93
C3010,21,10,0000,District - Kendrapara *  10,Total,25-29,99190,45970,53220,1381,982,399,0,0,0,866,691,175,240,201,39,72,57,15,203,33,170
C3010,21,10,0000,District - Kendrapara *  10,Total,30-34,87571,42409,45162,369,171,198,0,0,0,97,79,18,47,38,9,11,7,4,214,47,167
C3010,21,10,0000,District - Kendrapara *  10,Total,35-59,304546,151997,152549,530,176,354,0,0,0,65,47,18,50,32,18,17,10,7,398,87,311
C3010,21,10,0000,District - Kendrapara *  10,Total,60+,140835,71346,69489,112,42,70,0,0,0,29,17,12,13,7,6,9,6,3,61,12,49
C3010,21,10,0000,District - Kendrapara *  10,Total,Age not stated,776,420,356,12,8,4,0,0,0,12,8,4,0,0,0,0,0,0,0,0,0
C3010,21,10,0000,District - Kendrapara *  10,Rural,All ages,1227868,608380,619488,288609,154057,134552,263001,138360,124641,23412,14627,8785,879,688,191,236,145,91,1081,237,844
C3010,21,10,0000,District - Kendrapara *  10,Rural,0-4,110166,56566,53600,1198,608,590,1198,608,590,0,0,0,0,0,0,0,0,0,0,0,0
C3010,21,10,0000,District - Kendrapara *  10,Rural,5,29678,15481,14197,5134,2697,2437,5134,2697,2437,0,0,0,0,0,0,0,0,0,0,0,0
C3010,21,10,0000,District - Kendrapara *  10,Rural,6,25864,13294,12570,11006,5778,5228,11006,5778,5228,0,0,0,0,0,0,0,0,0,0,0,0
C3010,21,10,0000,District - Kendrapara *  10,Rural,7,26492,13310,13182,21262,10891,10371,21262,10891,10371,0,0,0,0,0,0,0,0,0,0,0,0
C3010,21,10,0000,District - Kendrapara *  10,Rural,8,31319,16268,15051,27032,14280,12752,27032,14280,12752,0,0,0,0,0,0,0,0,0,0,0,0
C3010,21,10,0000,District - Kendrapara *  10,Rural,9,24221,12505,11716,22164,11622,10542,22164,11622,10542,0,0,0,0,0,0,0,0,0,0,0,0
C3010,21,10,0000,District - Kendrapara *  10,Rural,10,34253,17844,16409,30769,16348,14421,30769,16348,14421,0,0,0,0,0,0,0,0,0,0,0,0
C3010,21,10,0000,District - Kendrapara *  10,Rural,11,22605,11725,10880,20896,11008,9888,20896,11008,9888,0,0,0,0,0,0,0,0,0,0,0,0
C3010,21,10,0000,District - Kendrapara *  10,Rural,12,35611,18262,17349,30968,16343,14625,30968,16343,14625,0,0,0,0,0,0,0,0,0,0,0,0
C3010,21,10,0000,District - Kendrapara *  10,Rural,13,25827,12621,13206,22066,11148,10918,22066,11148,10918,0,0,0,0,0,0,0,0,0,0,0,0
C3010,21,10,0000,District - Kendrapara *  10,Rural,14,29032,14145,14887,22761,11778,10983,22761,11778,10983,0,0,0,0,0,0,0,0,0,0,0,0
C3010,21,10,0000,District - Kendrapara *  10,Rural,15-19,127288,60441,66847,57060,31422,25638,45705,24693,21012,10850,6401,4449,333,260,73,98,49,49,74,19,55
C3010,21,10,0000,District - Kendrapara *  10,Rural,20-24,107940,51735,56205,14056,8886,5170,2040,1166,874,11574,7445,4129,257,202,55,53,34,19,132,39,93
C3010,21,10,0000,District - Kendrapara *  10,Rural,25-29,93149,43041,50108,1256,881,375,0,0,0,803,642,161,193,159,34,57,47,10,203,33,170
C3010,21,10,0000,District - Kendrapara *  10,Rural,30-34,82241,39696,42545,349,156,193,0,0,0,88,72,16,38,32,6,9,5,4,214,47,167
C3010,21,10,0000,District - Kendrapara *  10,Rural,35-59,286777,142687,144090,512,164,348,0,0,0,57,42,15,46,29,17,12,6,6,397,87,310
C3010,21,10,0000,District - Kendrapara *  10,Rural,60+,134661,68356,66305,108,39,69,0,0,0,28,17,11,12,6,6,7,4,3,61,12,49
C3010,21,10,0000,District - Kendrapara *  10,Rural,Age not stated,744,403,341,12,8,4,0,0,0,12,8,4,0,0,0,0,0,0,0,0,0
C3010,21,10,0000,District - Kendrapara *  10,Urban,All ages,74137,38058,36079,19439,10544,8895,16606,8812,7794,2564,1537,1027,156,100,56,111,95,16,2,0,2
C3010,21,10,0000,District - Kendrapara *  10,Urban,0-4,6228,3213,3015,95,48,47,95,48,47,0,0,0,0,0,0,0,0,0,0,0,0
C3010,21,10,0000,District - Kendrapara *  10,Urban,5,1597,871,726,330,181,149,330,181,149,0,0,0,0,0,0,0,0,0,0,0,0
C3010,21,10,0000,District - Kendrapara *  10,Urban,6,1423,748,675,626,330,296,626,330,296,0,0,0,0,0,0,0,0,0,0,0,0
C3010,21,10,0000,District - Kendrapara *  10,Urban,7,1570,782,788,1348,679,669,1348,679,669,0,0,0,0,0,0,0,0,0,0,0,0
C3010,21,10,0000,District - Kendrapara *  10,Urban,8,1904,982,922,1691,884,807,1691,884,807,0,0,0,0,0,0,0,0,0,0,0,0
C3010,21,10,0000,District - Kendrapara *  10,Urban,9,1474,772,702,1370,717,653,1370,717,653,0,0,0,0,0,0,0,0,0,0,0,0
C3010,21,10,0000,District - Kendrapara *  10,Urban,10,2103,1149,954,1876,1035,841,1876,1035,841,0,0,0,0,0,0,0,0,0,0,0,0
C3010,21,10,0000,District - Kendrapara *  10,Urban,11,1415,739,676,1298,686,612,1298,686,612,0,0,0,0,0,0,0,0,0,0,0,0
C3010,21,10,0000,District - Kendrapara *  10,Urban,12,2173,1129,1044,1851,983,868,1851,983,868,0,0,0,0,0,0,0,0,0,0,0,0
C3010,21,10,0000,District - Kendrapara *  10,Urban,13,1628,846,782,1392,722,670,1392,722,670,0,0,0,0,0,0,0,0,0,0,0,0
C3010,21,10,0000,District - Kendrapara *  10,Urban,14,1849,975,874,1447,774,673,1447,774,673,0,0,0,0,0,0,0,0,0,0,0,0
C3010,21,10,0000,District - Kendrapara *  10,Urban,15-19,8312,4323,3989,4525,2527,1998,3180,1711,1469,1224,718,506,41,25,16,79,73,6,1,0,1
C3010,21,10,0000,District - Kendrapara *  10,Urban,20-24,7115,3570,3545,1423,847,576,102,62,40,1259,758,501,54,23,31,8,4,4,0,0,0
C3010,21,10,0000,District - Kendrapara *  10,Urban,25-29,6041,2929,3112,125,101,24,0,0,0,63,49,14,47,42,5,15,10,5,0,0,0
C3010,21,10,0000,District - Kendrapara *  10,Urban,30-34,5330,2713,2617,20,15,5,0,0,0,9,7,2,9,6,3,2,2,0,0,0,0
C3010,21,10,0000,District - Kendrapara *  10,Urban,35-59,17769,9310,8459,18,12,6,0,0,0,8,5,3,4,3,1,5,4,1,1,0,1
C3010,21,10,0000,District - Kendrapara *  10,Urban,60+,6174,2990,3184,4,3,1,0,0,0,1,0,1,1,1,0,2,2,0,0,0,0
C3010,21,10,0000,District - Kendrapara *  10,Urban,Age not stated,32,17,15,0,0,0,0,0,0,0,0,0,0,0,0,0,0,0,0,0,0
C3010,21,11,0000,District - Jagatsinghapur  *  11,Total,All ages,1057629,538881,518748,241371,129402,111969,215892,113224,102668,23744,14875,8869,1265,985,280,401,286,115,69,32,37
C3010,21,11,0000,District - Jagatsinghapur  *  11,Total,0-4,82720,42897,39823,1767,917,850,1767,917,850,0,0,0,0,0,0,0,0,0,0,0,0
C3010,21,11,0000,District - Jagatsinghapur  *  11,Total,5,22735,11979,10756,4675,2439,2236,4675,2439,2236,0,0,0,0,0,0,0,0,0,0,0,0
C3010,21,11,0000,District - Jagatsinghapur  *  11,Total,6,19095,9806,9289,8391,4307,4084,8391,4307,4084,0,0,0,0,0,0,0,0,0,0,0,0
C3010,21,11,0000,District - Jagatsinghapur  *  11,Total,7,21239,10693,10546,17752,9056,8696,17752,9056,8696,0,0,0,0,0,0,0,0,0,0,0,0
C3010,21,11,0000,District - Jagatsinghapur  *  11,Total,8,24078,12520,11558,21312,11196,10116,21312,11196,10116,0,0,0,0,0,0,0,0,0,0,0,0
C3010,21,11,0000,District - Jagatsinghapur  *  11,Total,9,18656,9862,8794,17177,9167,8010,17177,9167,8010,0,0,0,0,0,0,0,0,0,0,0,0
C3010,21,11,0000,District - Jagatsinghapur  *  11,Total,10,27196,13957,13239,24584,12784,11800,24584,12784,11800,0,0,0,0,0,0,0,0,0,0,0,0
C3010,21,11,0000,District - Jagatsinghapur  *  11,Total,11,18204,9437,8767,16925,8871,8054,16925,8871,8054,0,0,0,0,0,0,0,0,0,0,0,0
C3010,21,11,0000,District - Jagatsinghapur  *  11,Total,12,28959,14901,14058,25597,13528,12069,25597,13528,12069,0,0,0,0,0,0,0,0,0,0,0,0
C3010,21,11,0000,District - Jagatsinghapur  *  11,Total,13,20946,10354,10592,18366,9362,9004,18366,9362,9004,0,0,0,0,0,0,0,0,0,0,0,0
C3010,21,11,0000,District - Jagatsinghapur  *  11,Total,14,23268,11439,11829,18965,9719,9246,18965,9719,9246,0,0,0,0,0,0,0,0,0,0,0,0
C3010,21,11,0000,District - Jagatsinghapur  *  11,Total,15-19,108679,53498,55181,50848,28154,22694,38866,20987,17879,11259,6631,4628,529,405,124,189,128,61,5,3,2
C3010,21,11,0000,District - Jagatsinghapur  *  11,Total,20-24,98959,51030,47929,13394,8680,4714,1515,891,624,11413,7431,3982,375,292,83,86,61,25,5,5,0
C3010,21,11,0000,District - Jagatsinghapur  *  11,Total,25-29,88602,43361,45241,1241,962,279,0,0,0,885,673,212,272,224,48,75,62,13,9,3,6
C3010,21,11,0000,District - Jagatsinghapur  *  11,Total,30-34,75437,38445,36992,168,133,35,0,0,0,96,76,20,47,39,8,18,14,4,7,4,3
C3010,21,11,0000,District - Jagatsinghapur  *  11,Total,35-59,263674,135193,128481,132,81,51,0,0,0,51,38,13,30,19,11,20,13,7,31,11,20
C3010,21,11,0000,District - Jagatsinghapur  *  11,Total,60+,114274,59035,55239,63,36,27,0,0,0,30,19,11,12,6,6,11,7,4,10,4,6
C3010,21,11,0000,District - Jagatsinghapur  *  11,Total,Age not stated,908,474,434,14,10,4,0,0,0,10,7,3,0,0,0,2,1,1,2,2,0
C3010,21,11,0000,District - Jagatsinghapur  *  11,Rural,All ages,953180,480442,472738,213927,114360,99567,192725,100832,91893,19974,12602,7372,853,669,184,328,232,96,47,25,22
C3010,21,11,0000,District - Jagatsinghapur  *  11,Rural,0-4,74810,38790,36020,1541,787,754,1541,787,754,0,0,0,0,0,0,0,0,0,0,0,0
C3010,21,11,0000,District - Jagatsinghapur  *  11,Rural,5,20454,10730,9724,4118,2132,1986,4118,2132,1986,0,0,0,0,0,0,0,0,0,0,0,0
C3010,21,11,0000,District - Jagatsinghapur  *  11,Rural,6,17016,8728,8288,7417,3796,3621,7417,3796,3621,0,0,0,0,0,0,0,0,0,0,0,0
C3010,21,11,0000,District - Jagatsinghapur  *  11,Rural,7,18992,9533,9459,15949,8109,7840,15949,8109,7840,0,0,0,0,0,0,0,0,0,0,0,0
C3010,21,11,0000,District - Jagatsinghapur  *  11,Rural,8,21520,11168,10352,19173,10048,9125,19173,10048,9125,0,0,0,0,0,0,0,0,0,0,0,0
C3010,21,11,0000,District - Jagatsinghapur  *  11,Rural,9,16670,8775,7895,15403,8180,7223,15403,8180,7223,0,0,0,0,0,0,0,0,0,0,0,0
C3010,21,11,0000,District - Jagatsinghapur  *  11,Rural,10,24124,12366,11758,21959,11399,10560,21959,11399,10560,0,0,0,0,0,0,0,0,0,0,0,0
C3010,21,11,0000,District - Jagatsinghapur  *  11,Rural,11,16232,8417,7815,15140,7929,7211,15140,7929,7211,0,0,0,0,0,0,0,0,0,0,0,0
C3010,21,11,0000,District - Jagatsinghapur  *  11,Rural,12,25798,13221,12577,22923,12067,10856,22923,12067,10856,0,0,0,0,0,0,0,0,0,0,0,0
C3010,21,11,0000,District - Jagatsinghapur  *  11,Rural,13,18685,9208,9477,16430,8364,8066,16430,8364,8066,0,0,0,0,0,0,0,0,0,0,0,0
C3010,21,11,0000,District - Jagatsinghapur  *  11,Rural,14,20919,10240,10679,17008,8701,8307,17008,8701,8307,0,0,0,0,0,0,0,0,0,0,0,0
C3010,21,11,0000,District - Jagatsinghapur  *  11,Rural,15-19,97834,47531,50303,44371,24566,19805,34299,18519,15780,9532,5644,3888,385,304,81,151,97,54,4,2,2
C3010,21,11,0000,District - Jagatsinghapur  *  11,Rural,20-24,88951,45062,43889,11183,7291,3892,1365,801,564,9532,6265,3267,219,174,45,64,48,16,3,3,0
C3010,21,11,0000,District - Jagatsinghapur  *  11,Rural,25-29,79192,38092,41100,1017,784,233,0,0,0,751,569,182,194,157,37,66,55,11,6,3,3
C3010,21,11,0000,District - Jagatsinghapur  *  11,Rural,30-34,66980,33818,33162,130,103,27,0,0,0,84,67,17,24,18,6,17,14,3,5,4,1
C3010,21,11,0000,District - Jagatsinghapur  *  11,Rural,35-59,234835,117803,117032,97,59,38,0,0,0,41,32,9,19,10,9,17,10,7,20,7,13
C3010,21,11,0000,District - Jagatsinghapur  *  11,Rural,60+,109327,56522,52805,54,35,19,0,0,0,24,18,6,12,6,6,11,7,4,7,4,3
C3010,21,11,0000,District - Jagatsinghapur  *  11,Rural,Age not stated,841,438,403,14,10,4,0,0,0,10,7,3,0,0,0,2,1,1,2,2,0
C3010,21,11,0000,District - Jagatsinghapur  *  11,Urban,All ages,104449,58439,46010,27444,15042,12402,23167,12392,10775,3770,2273,1497,412,316,96,73,54,19,22,7,15
C3010,21,11,0000,District - Jagatsinghapur  *  11,Urban,0-4,7910,4107,3803,226,130,96,226,130,96,0,0,0,0,0,0,0,0,0,0,0,0
C3010,21,11,0000,District - Jagatsinghapur  *  11,Urban,5,2281,1249,1032,557,307,250,557,307,250,0,0,0,0,0,0,0,0,0,0,0,0
C3010,21,11,0000,District - Jagatsinghapur  *  11,Urban,6,2079,1078,1001,974,511,463,974,511,463,0,0,0,0,0,0,0,0,0,0,0,0
C3010,21,11,0000,District - Jagatsinghapur  *  11,Urban,7,2247,1160,1087,1803,947,856,1803,947,856,0,0,0,0,0,0,0,0,0,0,0,0
C3010,21,11,0000,District - Jagatsinghapur  *  11,Urban,8,2558,1352,1206,2139,1148,991,2139,1148,991,0,0,0,0,0,0,0,0,0,0,0,0
C3010,21,11,0000,District - Jagatsinghapur  *  11,Urban,9,1986,1087,899,1774,987,787,1774,987,787,0,0,0,0,0,0,0,0,0,0,0,0
C3010,21,11,0000,District - Jagatsinghapur  *  11,Urban,10,3072,1591,1481,2625,1385,1240,2625,1385,1240,0,0,0,0,0,0,0,0,0,0,0,0
C3010,21,11,0000,District - Jagatsinghapur  *  11,Urban,11,1972,1020,952,1785,942,843,1785,942,843,0,0,0,0,0,0,0,0,0,0,0,0
C3010,21,11,0000,District - Jagatsinghapur  *  11,Urban,12,3161,1680,1481,2674,1461,1213,2674,1461,1213,0,0,0,0,0,0,0,0,0,0,0,0
C3010,21,11,0000,District - Jagatsinghapur  *  11,Urban,13,2261,1146,1115,1936,998,938,1936,998,938,0,0,0,0,0,0,0,0,0,0,0,0
C3010,21,11,0000,District - Jagatsinghapur  *  11,Urban,14,2349,1199,1150,1957,1018,939,1957,1018,939,0,0,0,0,0,0,0,0,0,0,0,0
C3010,21,11,0000,District - Jagatsinghapur  *  11,Urban,15-19,10845,5967,4878,6477,3588,2889,4567,2468,2099,1727,987,740,144,101,43,38,31,7,1,1,0
C3010,21,11,0000,District - Jagatsinghapur  *  11,Urban,20-24,10008,5968,4040,2211,1389,822,150,90,60,1881,1166,715,156,118,38,22,13,9,2,2,0
C3010,21,11,0000,District - Jagatsinghapur  *  11,Urban,25-29,9410,5269,4141,224,178,46,0,0,0,134,104,30,78,67,11,9,7,2,3,0,3
C3010,21,11,0000,District - Jagatsinghapur  *  11,Urban,30-34,8457,4627,3830,38,30,8,0,0,0,12,9,3,23,21,2,1,0,1,2,0,2
C3010,21,11,0000,District - Jagatsinghapur  *  11,Urban,35-59,28839,17390,11449,35,22,13,0,0,0,10,6,4,11,9,2,3,3,0,11,4,7
C3010,21,11,0000,District - Jagatsinghapur  *  11,Urban,60+,4947,2513,2434,9,1,8,0,0,0,6,1,5,0,0,0,0,0,0,3,0,3
C3010,21,11,0000,District - Jagatsinghapur  *  11,Urban,Age not stated,67,36,31,0,0,0,0,0,0,0,0,0,0,0,0,0,0,0,0,0,0
C3010,21,12,0000,District - Cuttack  12,Total,All ages,2341094,1207781,1133313,508478,273857,234621,447114,235680,211434,55138,34094,21044,4972,3216,1756,984,689,295,270,178,92
C3010,21,12,0000,District - Cuttack  12,Total,0-4,192634,99065,93569,3961,1990,1971,3961,1990,1971,0,0,0,0,0,0,0,0,0,0,0,0
C3010,21,12,0000,District - Cuttack  12,Total,5,51235,26792,24443,10878,5721,5157,10878,5721,5157,0,0,0,0,0,0,0,0,0,0,0,0
C3010,21,12,0000,District - Cuttack  12,Total,6,42951,22064,20887,21152,11024,10128,21152,11024,10128,0,0,0,0,0,0,0,0,0,0,0,0
C3010,21,12,0000,District - Cuttack  12,Total,7,46854,23579,23275,38062,19418,18644,38062,19418,18644,0,0,0,0,0,0,0,0,0,0,0,0
C3010,21,12,0000,District - Cuttack  12,Total,8,54418,28251,26167,46359,24498,21861,46359,24498,21861,0,0,0,0,0,0,0,0,0,0,0,0
C3010,21,12,0000,District - Cuttack  12,Total,9,40745,20852,19893,36747,19056,17691,36747,19056,17691,0,0,0,0,0,0,0,0,0,0,0,0
C3010,21,12,0000,District - Cuttack  12,Total,10,59958,30949,29009,51357,27006,24351,51357,27006,24351,0,0,0,0,0,0,0,0,0,0,0,0
C3010,21,12,0000,District - Cuttack  12,Total,11,39608,20544,19064,35805,18841,16964,35805,18841,16964,0,0,0,0,0,0,0,0,0,0,0,0
C3010,21,12,0000,District - Cuttack  12,Total,12,61789,31904,29885,50415,26715,23700,50415,26715,23700,0,0,0,0,0,0,0,0,0,0,0,0
C3010,21,12,0000,District - Cuttack  12,Total,13,44177,22005,22172,36417,18673,17744,36417,18673,17744,0,0,0,0,0,0,0,0,0,0,0,0
C3010,21,12,0000,District - Cuttack  12,Total,14,50564,25239,25325,37407,19648,17759,37407,19648,17759,0,0,0,0,0,0,0,0,0,0,0,0
C3010,21,12,0000,District - Cuttack  12,Total,15-19,238576,119149,119427,102243,56760,45483,75471,41247,34224,24675,14180,10495,1742,1102,640,341,225,116,14,6,8
C3010,21,12,0000,District - Cuttack  12,Total,20-24,223704,117028,106676,32699,20817,11882,3083,1843,1240,27611,17805,9806,1733,998,735,244,160,84,28,11,17
C3010,21,12,0000,District - Cuttack  12,Total,25-29,206178,103770,102408,3510,2697,813,0,0,0,2190,1647,543,1018,816,202,279,219,60,23,15,8
C3010,21,12,0000,District - Cuttack  12,Total,30-34,178058,92292,85766,560,422,138,0,0,0,307,236,71,187,139,48,43,31,12,23,16,7
C3010,21,12,0000,District - Cuttack  12,Total,35-59,577942,305377,272565,593,390,203,0,0,0,228,154,74,192,117,75,48,32,16,125,87,38
C3010,21,12,0000,District - Cuttack  12,Total,60+,229357,117656,111701,229,145,84,0,0,0,94,55,39,64,39,25,14,8,6,57,43,14
C3010,21,12,0000,District - Cuttack  12,Total,Age not stated,2346,1265,1081,84,36,48,0,0,0,33,17,16,36,5,31,15,14,1,0,0,0
C3010,21,12,0000,District - Cuttack  12,Rural,All ages,1699964,865591,834373,353494,191279,162215,324736,172092,152644,26708,17651,9057,1497,1146,351,375,266,109,178,124,54
C3010,21,12,0000,District - Cuttack  12,Rural,0-4,145823,75058,70765,2354,1154,1200,2354,1154,1200,0,0,0,0,0,0,0,0,0,0,0,0
C3010,21,12,0000,District - Cuttack  12,Rural,5,39001,20399,18602,7511,3966,3545,7511,3966,3545,0,0,0,0,0,0,0,0,0,0,0,0
C3010,21,12,0000,District - Cuttack  12,Rural,6,32210,16489,15721,15518,8127,7391,15518,8127,7391,0,0,0,0,0,0,0,0,0,0,0,0
C3010,21,12,0000,District - Cuttack  12,Rural,7,35053,17585,17468,28131,14329,13802,28131,14329,13802,0,0,0,0,0,0,0,0,0,0,0,0
C3010,21,12,0000,District - Cuttack  12,Rural,8,41150,21257,19893,35123,18513,16610,35123,18513,16610,0,0,0,0,0,0,0,0,0,0,0,0
C3010,21,12,0000,District - Cuttack  12,Rural,9,30357,15531,14826,27462,14269,13193,27462,14269,13193,0,0,0,0,0,0,0,0,0,0,0,0
C3010,21,12,0000,District - Cuttack  12,Rural,10,44845,23062,21783,38564,20298,18266,38564,20298,18266,0,0,0,0,0,0,0,0,0,0,0,0
C3010,21,12,0000,District - Cuttack  12,Rural,11,29368,15191,14177,26563,13998,12565,26563,13998,12565,0,0,0,0,0,0,0,0,0,0,0,0
C3010,21,12,0000,District - Cuttack  12,Rural,12,46350,23887,22463,37759,20127,17632,37759,20127,17632,0,0,0,0,0,0,0,0,0,0,0,0
C3010,21,12,0000,District - Cuttack  12,Rural,13,32428,16148,16280,26588,13778,12810,26588,13778,12810,0,0,0,0,0,0,0,0,0,0,0,0
C3010,21,12,0000,District - Cuttack  12,Rural,14,37598,18633,18965,27320,14445,12875,27320,14445,12875,0,0,0,0,0,0,0,0,0,0,0,0
C3010,21,12,0000,District - Cuttack  12,Rural,15-19,169693,83156,86537,63127,36114,27013,49850,27863,21987,12639,7794,4845,474,341,133,156,113,43,8,3,5
C3010,21,12,0000,District - Cuttack  12,Rural,20-24,154551,79652,74899,15537,10639,4898,1993,1225,768,12950,8957,3993,501,396,105,77,54,23,16,7,9
C3010,21,12,0000,District - Cuttack  12,Rural,25-29,142453,70447,72006,1307,1072,235,0,0,0,897,729,168,322,283,39,78,56,22,10,4,6
C3010,21,12,0000,District - Cuttack  12,Rural,30-34,123750,62975,60775,208,165,43,0,0,0,105,89,16,72,54,18,18,12,6,13,10,3
C3010,21,12,0000,District - Cuttack  12,Rural,35-59,410968,211720,199248,255,171,84,0,0,0,66,51,15,83,45,38,22,13,9,84,62,22
C3010,21,12,0000,District - Cuttack  12,Rural,60+,182755,93528,89227,140,96,44,0,0,0,38,26,12,43,26,17,12,6,6,47,38,9
C3010,21,12,0000,District - Cuttack  12,Rural,Age not stated,1611,873,738,27,18,9,0,0,0,13,5,8,2,1,1,12,12,0,0,0,0
C3010,21,12,0000,District - Cuttack  12,Urban,All ages,641130,342190,298940,154984,82578,72406,122378,63588,58790,28430,16443,11987,3475,2070,1405,609,423,186,92,54,38
C3010,21,12,0000,District - Cuttack  12,Urban,0-4,46811,24007,22804,1607,836,771,1607,836,771,0,0,0,0,0,0,0,0,0,0,0,0
C3010,21,12,0000,District - Cuttack  12,Urban,5,12234,6393,5841,3367,1755,1612,3367,1755,1612,0,0,0,0,0,0,0,0,0,0,0,0
C3010,21,12,0000,District - Cuttack  12,Urban,6,10741,5575,5166,5634,2897,2737,5634,2897,2737,0,0,0,0,0,0,0,0,0,0,0,0
C3010,21,12,0000,District - Cuttack  12,Urban,7,11801,5994,5807,9931,5089,4842,9931,5089,4842,0,0,0,0,0,0,0,0,0,0,0,0
C3010,21,12,0000,District - Cuttack  12,Urban,8,13268,6994,6274,11236,5985,5251,11236,5985,5251,0,0,0,0,0,0,0,0,0,0,0,0
C3010,21,12,0000,District - Cuttack  12,Urban,9,10388,5321,5067,9285,4787,4498,9285,4787,4498,0,0,0,0,0,0,0,0,0,0,0,0
C3010,21,12,0000,District - Cuttack  12,Urban,10,15113,7887,7226,12793,6708,6085,12793,6708,6085,0,0,0,0,0,0,0,0,0,0,0,0
C3010,21,12,0000,District - Cuttack  12,Urban,11,10240,5353,4887,9242,4843,4399,9242,4843,4399,0,0,0,0,0,0,0,0,0,0,0,0
C3010,21,12,0000,District - Cuttack  12,Urban,12,15439,8017,7422,12656,6588,6068,12656,6588,6068,0,0,0,0,0,0,0,0,0,0,0,0
C3010,21,12,0000,District - Cuttack  12,Urban,13,11749,5857,5892,9829,4895,4934,9829,4895,4934,0,0,0,0,0,0,0,0,0,0,0,0
C3010,21,12,0000,District - Cuttack  12,Urban,14,12966,6606,6360,10087,5203,4884,10087,5203,4884,0,0,0,0,0,0,0,0,0,0,0,0
C3010,21,12,0000,District - Cuttack  12,Urban,15-19,68883,35993,32890,39116,20646,18470,25621,13384,12237,12036,6386,5650,1268,761,507,185,112,73,6,3,3
C3010,21,12,0000,District - Cuttack  12,Urban,20-24,69153,37376,31777,17162,10178,6984,1090,618,472,14661,8848,5813,1232,602,630,167,106,61,12,4,8
C3010,21,12,0000,District - Cuttack  12,Urban,25-29,63725,33323,30402,2203,1625,578,0,0,0,1293,918,375,696,533,163,201,163,38,13,11,2
C3010,21,12,0000,District - Cuttack  12,Urban,30-34,54308,29317,24991,352,257,95,0,0,0,202,147,55,115,85,30,25,19,6,10,6,4
C3010,21,12,0000,District - Cuttack  12,Urban,35-59,166974,93657,73317,338,219,119,0,0,0,162,103,59,109,72,37,26,19,7,41,25,16
C3010,21,12,0000,District - Cuttack  12,Urban,60+,46602,24128,22474,89,49,40,0,0,0,56,29,27,21,13,8,2,2,0,10,5,5
C3010,21,12,0000,District - Cuttack  12,Urban,Age not stated,735,392,343,57,18,39,0,0,0,20,12,8,34,4,30,3,2,1,0,0,0
C3010,21,13,0000,District - Jajapur  *  13,Total,All ages,1624341,823747,800594,365377,200579,164798,329078,176588,152490,34480,22623,11857,1314,1034,280,410,286,124,95,48,47
C3010,21,13,0000,District - Jajapur  *  13,Total,0-4,144388,74534,69854,2207,1165,1042,2207,1165,1042,0,0,0,0,0,0,0,0,0,0,0,0
C3010,21,13,0000,District - Jajapur  *  13,Total,5,39113,20357,18756,7537,4046,3491,7537,4046,3491,0,0,0,0,0,0,0,0,0,0,0,0
C3010,21,13,0000,District - Jajapur  *  13,Total,6,34870,17874,16996,15151,8026,7125,15151,8026,7125,0,0,0,0,0,0,0,0,0,0,0,0
C3010,21,13,0000,District - Jajapur  *  13,Total,7,35188,17795,17393,25495,13374,12121,25495,13374,12121,0,0,0,0,0,0,0,0,0,0,0,0
C3010,21,13,0000,District - Jajapur  *  13,Total,8,43066,22297,20769,33162,17791,15371,33162,17791,15371,0,0,0,0,0,0,0,0,0,0,0,0
C3010,21,13,0000,District - Jajapur  *  13,Total,9,31244,16145,15099,26215,13931,12284,26215,13931,12284,0,0,0,0,0,0,0,0,0,0,0,0
C3010,21,13,0000,District - Jajapur  *  13,Total,10,47419,24614,22805,38087,20527,17560,38087,20527,17560,0,0,0,0,0,0,0,0,0,0,0,0
C3010,21,13,0000,District - Jajapur  *  13,Total,11,28118,14715,13403,24270,13054,11216,24270,13054,11216,0,0,0,0,0,0,0,0,0,0,0,0
C3010,21,13,0000,District - Jajapur  *  13,Total,12,49196,25385,23811,38570,20879,17691,38570,20879,17691,0,0,0,0,0,0,0,0,0,0,0,0
C3010,21,13,0000,District - Jajapur  *  13,Total,13,33252,16554,16698,26698,13918,12780,26698,13918,12780,0,0,0,0,0,0,0,0,0,0,0,0
C3010,21,13,0000,District - Jajapur  *  13,Total,14,38449,18947,19502,27980,14697,13283,27980,14697,13283,0,0,0,0,0,0,0,0,0,0,0,0
C3010,21,13,0000,District - Jajapur  *  13,Total,15-19,173839,86127,87712,78017,44102,33915,61033,33575,27458,16405,10114,6291,441,328,113,134,84,50,4,1,3
C3010,21,13,0000,District - Jajapur  *  13,Total,20-24,151277,77666,73611,19805,13321,6484,2673,1605,1068,16622,11344,5278,384,293,91,113,72,41,13,7,6
C3010,21,13,0000,District - Jajapur  *  13,Total,25-29,129407,63248,66159,1604,1341,263,0,0,0,1168,958,210,324,292,32,108,88,20,4,3,1
C3010,21,13,0000,District - Jajapur  *  13,Total,30-34,116346,57618,58728,224,171,53,0,0,0,119,90,29,67,56,11,20,16,4,18,9,9
C3010,21,13,0000,District - Jajapur  *  13,Total,35-59,384160,195622,188538,232,153,79,0,0,0,99,66,33,82,57,25,23,17,6,28,13,15
C3010,21,13,0000,District - Jajapur  *  13,Total,60+,143185,73205,69980,101,69,32,0,0,0,49,38,11,14,7,7,11,9,2,27,15,12
C3010,21,13,0000,District - Jajapur  *  13,Total,Age not stated,1824,1044,780,22,14,8,0,0,0,18,13,5,2,1,1,1,0,1,1,0,1
C3010,21,13,0000,District - Jajapur  *  13,Rural,All ages,1551361,785443,765918,346374,190243,156131,313464,168358,145106,31305,20674,10631,1160,910,250,351,254,97,94,47,47
C3010,21,13,0000,District - Jajapur  *  13,Rural,0-4,138665,71549,67116,2040,1082,958,2040,1082,958,0,0,0,0,0,0,0,0,0,0,0,0
C3010,21,13,0000,District - Jajapur  *  13,Rural,5,37530,19543,17987,7098,3807,3291,7098,3807,3291,0,0,0,0,0,0,0,0,0,0,0,0
C3010,21,13,0000,District - Jajapur  *  13,Rural,6,33514,17162,16352,14440,7661,6779,14440,7661,6779,0,0,0,0,0,0,0,0,0,0,0,0
C3010,21,13,0000,District - Jajapur  *  13,Rural,7,33657,16997,16660,24265,12726,11539,24265,12726,11539,0,0,0,0,0,0,0,0,0,0,0,0
C3010,21,13,0000,District - Jajapur  *  13,Rural,8,41307,21392,19915,31699,17013,14686,31699,17013,14686,0,0,0,0,0,0,0,0,0,0,0,0
C3010,21,13,0000,District - Jajapur  *  13,Rural,9,29906,15465,14441,25034,13323,11711,25034,13323,11711,0,0,0,0,0,0,0,0,0,0,0,0
C3010,21,13,0000,District - Jajapur  *  13,Rural,10,45440,23561,21879,36434,19615,16819,36434,19615,16819,0,0,0,0,0,0,0,0,0,0,0,0
C3010,21,13,0000,District - Jajapur  *  13,Rural,11,26844,14066,12778,23124,12464,10660,23124,12464,10660,0,0,0,0,0,0,0,0,0,0,0,0
C3010,21,13,0000,District - Jajapur  *  13,Rural,12,47183,24356,22827,36908,19999,16909,36908,19999,16909,0,0,0,0,0,0,0,0,0,0,0,0
C3010,21,13,0000,District - Jajapur  *  13,Rural,13,31800,15810,15990,25465,13274,12191,25465,13274,12191,0,0,0,0,0,0,0,0,0,0,0,0
C3010,21,13,0000,District - Jajapur  *  13,Rural,14,36790,18115,18675,26682,14027,12655,26682,14027,12655,0,0,0,0,0,0,0,0,0,0,0,0
C3010,21,13,0000,District - Jajapur  *  13,Rural,15-19,165860,82034,83826,73183,41476,31707,57716,31831,25885,14958,9280,5678,385,284,101,120,80,40,4,1,3
C3010,21,13,0000,District - Jajapur  *  13,Rural,20-24,143774,73625,70149,18016,12170,5846,2559,1536,1023,15021,10316,4705,336,254,82,88,58,30,12,6,6
C3010,21,13,0000,District - Jajapur  *  13,Rural,25-29,123006,60060,62946,1446,1224,222,0,0,0,1066,885,181,283,259,24,93,77,16,4,3,1
C3010,21,13,0000,District - Jajapur  *  13,Rural,30-34,110629,54624,56005,205,157,48,0,0,0,110,85,25,59,49,10,18,14,4,18,9,9
C3010,21,13,0000,District - Jajapur  *  13,Rural,35-59,365483,185422,180061,215,144,71,0,0,0,86,59,27,81,56,25,20,16,4,28,13,15
C3010,21,13,0000,District - Jajapur  *  13,Rural,60+,138218,70659,67559,99,68,31,0,0,0,47,37,10,14,7,7,11,9,2,27,15,12
C3010,21,13,0000,District - Jajapur  *  13,Rural,Age not stated,1755,1003,752,21,13,8,0,0,0,17,12,5,2,1,1,1,0,1,1,0,1
C3010,21,13,0000,District - Jajapur  *  13,Urban,All ages,72980,38304,34676,19003,10336,8667,15614,8230,7384,3175,1949,1226,154,124,30,59,32,27,1,1,0
C3010,21,13,0000,District - Jajapur  *  13,Urban,0-4,5723,2985,2738,167,83,84,167,83,84,0,0,0,0,0,0,0,0,0,0,0,0
C3010,21,13,0000,District - Jajapur  *  13,Urban,5,1583,814,769,439,239,200,439,239,200,0,0,0,0,0,0,0,0,0,0,0,0
C3010,21,13,0000,District - Jajapur  *  13,Urban,6,1356,712,644,711,365,346,711,365,346,0,0,0,0,0,0,0,0,0,0,0,0
C3010,21,13,0000,District - Jajapur  *  13,Urban,7,1531,798,733,1230,648,582,1230,648,582,0,0,0,0,0,0,0,0,0,0,0,0
C3010,21,13,0000,District - Jajapur  *  13,Urban,8,1759,905,854,1463,778,685,1463,778,685,0,0,0,0,0,0,0,0,0,0,0,0
C3010,21,13,0000,District - Jajapur  *  13,Urban,9,1338,680,658,1181,608,573,1181,608,573,0,0,0,0,0,0,0,0,0,0,0,0
C3010,21,13,0000,District - Jajapur  *  13,Urban,10,1979,1053,926,1653,912,741,1653,912,741,0,0,0,0,0,0,0,0,0,0,0,0
C3010,21,13,0000,District - Jajapur  *  13,Urban,11,1274,649,625,1146,590,556,1146,590,556,0,0,0,0,0,0,0,0,0,0,0,0
C3010,21,13,0000,District - Jajapur  *  13,Urban,12,2013,1029,984,1662,880,782,1662,880,782,0,0,0,0,0,0,0,0,0,0,0,0
C3010,21,13,0000,District - Jajapur  *  13,Urban,13,1452,744,708,1233,644,589,1233,644,589,0,0,0,0,0,0,0,0,0,0,0,0
C3010,21,13,0000,District - Jajapur  *  13,Urban,14,1659,832,827,1298,670,628,1298,670,628,0,0,0,0,0,0,0,0,0,0,0,0
C3010,21,13,0000,District - Jajapur  *  13,Urban,15-19,7979,4093,3886,4834,2626,2208,3317,1744,1573,1447,834,613,56,44,12,14,4,10,0,0,0
C3010,21,13,0000,District - Jajapur  *  13,Urban,20-24,7503,4041,3462,1789,1151,638,114,69,45,1601,1028,573,48,39,9,25,14,11,1,1,0
C3010,21,13,0000,District - Jajapur  *  13,Urban,25-29,6401,3188,3213,158,117,41,0,0,0,102,73,29,41,33,8,15,11,4,0,0,0
C3010,21,13,0000,District - Jajapur  *  13,Urban,30-34,5717,2994,2723,19,14,5,0,0,0,9,5,4,8,7,1,2,2,0,0,0,0
C3010,21,13,0000,District - Jajapur  *  13,Urban,35-59,18677,10200,8477,17,9,8,0,0,0,13,7,6,1,1,0,3,1,2,0,0,0
C3010,21,13,0000,District - Jajapur  *  13,Urban,60+,4967,2546,2421,2,1,1,0,0,0,2,1,1,0,0,0,0,0,0,0,0,0
C3010,21,13,0000,District - Jajapur  *  13,Urban,Age not stated,69,41,28,1,1,0,0,0,0,1,1,0,0,0,0,0,0,0,0,0,0
C3010,21,14,0000,District - Dhenkanal  14,Total,All ages,1066878,544001,522877,213784,116014,97770,197301,105093,92208,14224,9474,4750,1791,1159,632,214,139,75,254,149,105
C3010,21,14,0000,District - Dhenkanal  14,Total,0-4,97462,50375,47087,1777,896,881,1777,896,881,0,0,0,0,0,0,0,0,0,0,0,0
C3010,21,14,0000,District - Dhenkanal  14,Total,5,26316,13974,12342,6308,3360,2948,6308,3360,2948,0,0,0,0,0,0,0,0,0,0,0,0
C3010,21,14,0000,District - Dhenkanal  14,Total,6,22079,11416,10663,11568,6057,5511,11568,6057,5511,0,0,0,0,0,0,0,0,0,0,0,0
C3010,21,14,0000,District - Dhenkanal  14,Total,7,23451,11701,11750,18291,9383,8908,18291,9383,8908,0,0,0,0,0,0,0,0,0,0,0,0
C3010,21,14,0000,District - Dhenkanal  14,Total,8,27735,14275,13460,22357,11857,10500,22357,11857,10500,0,0,0,0,0,0,0,0,0,0,0,0
C3010,21,14,0000,District - Dhenkanal  14,Total,9,20143,10358,9785,17319,9142,8177,17319,9142,8177,0,0,0,0,0,0,0,0,0,0,0,0
C3010,21,14,0000,District - Dhenkanal  14,Total,10,30215,15616,14599,24236,12932,11304,24236,12932,11304,0,0,0,0,0,0,0,0,0,0,0,0
C3010,21,14,0000,District - Dhenkanal  14,Total,11,18679,9614,9065,16094,8495,7599,16094,8495,7599,0,0,0,0,0,0,0,0,0,0,0,0
C3010,21,14,0000,District - Dhenkanal  14,Total,12,29766,15014,14752,21745,11558,10187,21745,11558,10187,0,0,0,0,0,0,0,0,0,0,0,0
C3010,21,14,0000,District - Dhenkanal  14,Total,13,20964,10305,10659,15648,8102,7546,15648,8102,7546,0,0,0,0,0,0,0,0,0,0,0,0
C3010,21,14,0000,District - Dhenkanal  14,Total,14,22208,10918,11290,14442,7694,6748,14442,7694,6748,0,0,0,0,0,0,0,0,0,0,0,0
C3010,21,14,0000,District - Dhenkanal  14,Total,15-19,105036,52031,53005,34327,19760,14567,26453,14889,11564,6904,4311,2593,893,513,380,72,43,29,5,4,1
C3010,21,14,0000,District - Dhenkanal  14,Total,20-24,97059,48012,49047,8398,5800,2598,1063,728,335,6702,4652,2050,563,377,186,53,33,20,17,10,7
C3010,21,14,0000,District - Dhenkanal  14,Total,25-29,91706,45397,46309,777,647,130,0,0,0,471,404,67,222,183,39,51,40,11,33,20,13
C3010,21,14,0000,District - Dhenkanal  14,Total,30-34,78484,39104,39380,153,106,47,0,0,0,57,46,11,48,34,14,17,11,6,31,15,16
C3010,21,14,0000,District - Dhenkanal  14,Total,35-59,260228,135584,124644,230,145,85,0,0,0,39,26,13,48,41,7,15,7,8,128,71,57
C3010,21,14,0000,District - Dhenkanal  14,Total,60+,93212,49071,44141,91,65,26,0,0,0,33,24,9,14,9,5,5,4,1,39,28,11
C3010,21,14,0000,District - Dhenkanal  14,Total,Age not stated,2135,1236,899,23,15,8,0,0,0,18,11,7,3,2,1,1,1,0,1,1,0
C3010,21,14,0000,District - Dhenkanal  14,Rural,All ages,973964,495078,478886,189475,102922,86553,177366,94583,82783,10641,7298,3343,1101,812,289,121,82,39,246,147,99
C3010,21,14,0000,District - Dhenkanal  14,Rural,0-4,90520,46778,43742,1548,787,761,1548,787,761,0,0,0,0,0,0,0,0,0,0,0,0
C3010,21,14,0000,District - Dhenkanal  14,Rural,5,24510,12981,11529,5702,3017,2685,5702,3017,2685,0,0,0,0,0,0,0,0,0,0,0,0
C3010,21,14,0000,District - Dhenkanal  14,Rural,6,20480,10587,9893,10611,5550,5061,10611,5550,5061,0,0,0,0,0,0,0,0,0,0,0,0
C3010,21,14,0000,District - Dhenkanal  14,Rural,7,21637,10759,10878,16674,8525,8149,16674,8525,8149,0,0,0,0,0,0,0,0,0,0,0,0
C3010,21,14,0000,District - Dhenkanal  14,Rural,8,25602,13184,12418,20417,10846,9571,20417,10846,9571,0,0,0,0,0,0,0,0,0,0,0,0
C3010,21,14,0000,District - Dhenkanal  14,Rural,9,18479,9496,8983,15758,8323,7435,15758,8323,7435,0,0,0,0,0,0,0,0,0,0,0,0
C3010,21,14,0000,District - Dhenkanal  14,Rural,10,27930,14418,13512,22177,11844,10333,22177,11844,10333,0,0,0,0,0,0,0,0,0,0,0,0
C3010,21,14,0000,District - Dhenkanal  14,Rural,11,17001,8737,8264,14537,7677,6860,14537,7677,6860,0,0,0,0,0,0,0,0,0,0,0,0
C3010,21,14,0000,District - Dhenkanal  14,Rural,12,27354,13760,13594,19687,10478,9209,19687,10478,9209,0,0,0,0,0,0,0,0,0,0,0,0
C3010,21,14,0000,District - Dhenkanal  14,Rural,13,19148,9392,9756,14085,7300,6785,14085,7300,6785,0,0,0,0,0,0,0,0,0,0,0,0
C3010,21,14,0000,District - Dhenkanal  14,Rural,14,20245,9938,10307,12884,6900,5984,12884,6900,5984,0,0,0,0,0,0,0,0,0,0,0,0
C3010,21,14,0000,District - Dhenkanal  14,Rural,15-19,94621,46639,47982,28212,16479,11733,22353,12687,9666,5271,3375,1896,547,389,158,36,24,12,5,4,1
C3010,21,14,0000,District - Dhenkanal  14,Rural,20-24,87684,43153,44531,6267,4493,1774,933,649,284,4947,3566,1381,340,248,92,30,20,10,17,10,7
C3010,21,14,0000,District - Dhenkanal  14,Rural,25-29,83198,41061,42137,514,436,78,0,0,0,331,288,43,127,111,16,25,19,6,31,18,13
C3010,21,14,0000,District - Dhenkanal  14,Rural,30-34,70991,35261,35730,112,75,37,0,0,0,36,30,6,32,21,11,14,9,5,30,15,15
C3010,21,14,0000,District - Dhenkanal  14,Rural,35-59,236169,122285,113884,192,121,71,0,0,0,18,12,6,39,32,7,12,6,6,123,71,52
C3010,21,14,0000,District - Dhenkanal  14,Rural,60+,86370,45483,40887,76,57,19,0,0,0,21,17,4,13,9,4,3,3,0,39,28,11
C3010,21,14,0000,District - Dhenkanal  14,Rural,Age not stated,2025,1166,859,22,14,8,0,0,0,17,10,7,3,2,1,1,1,0,1,1,0
C3010,21,14,0000,District - Dhenkanal  14,Urban,All ages,92914,48923,43991,24309,13092,11217,19935,10510,9425,3583,2176,1407,690,347,343,93,57,36,8,2,6
C3010,21,14,0000,District - Dhenkanal  14,Urban,0-4,6942,3597,3345,229,109,120,229,109,120,0,0,0,0,0,0,0,0,0,0,0,0
C3010,21,14,0000,District - Dhenkanal  14,Urban,5,1806,993,813,606,343,263,606,343,263,0,0,0,0,0,0,0,0,0,0,0,0
C3010,21,14,0000,District - Dhenkanal  14,Urban,6,1599,829,770,957,507,450,957,507,450,0,0,0,0,0,0,0,0,0,0,0,0
C3010,21,14,0000,District - Dhenkanal  14,Urban,7,1814,942,872,1617,858,759,1617,858,759,0,0,0,0,0,0,0,0,0,0,0,0
C3010,21,14,0000,District - Dhenkanal  14,Urban,8,2133,1091,1042,1940,1011,929,1940,1011,929,0,0,0,0,0,0,0,0,0,0,0,0
C3010,21,14,0000,District - Dhenkanal  14,Urban,9,1664,862,802,1561,819,742,1561,819,742,0,0,0,0,0,0,0,0,0,0,0,0
C3010,21,14,0000,District - Dhenkanal  14,Urban,10,2285,1198,1087,2059,1088,971,2059,1088,971,0,0,0,0,0,0,0,0,0,0,0,0
C3010,21,14,0000,District - Dhenkanal  14,Urban,11,1678,877,801,1557,818,739,1557,818,739,0,0,0,0,0,0,0,0,0,0,0,0
C3010,21,14,0000,District - Dhenkanal  14,Urban,12,2412,1254,1158,2058,1080,978,2058,1080,978,0,0,0,0,0,0,0,0,0,0,0,0
C3010,21,14,0000,District - Dhenkanal  14,Urban,13,1816,913,903,1563,802,761,1563,802,761,0,0,0,0,0,0,0,0,0,0,0,0
C3010,21,14,0000,District - Dhenkanal  14,Urban,14,1963,980,983,1558,794,764,1558,794,764,0,0,0,0,0,0,0,0,0,0,0,0
C3010,21,14,0000,District - Dhenkanal  14,Urban,15-19,10415,5392,5023,6115,3281,2834,4100,2202,1898,1633,936,697,346,124,222,36,19,17,0,0,0
C3010,21,14,0000,District - Dhenkanal  14,Urban,20-24,9375,4859,4516,2131,1307,824,130,79,51,1755,1086,669,223,129,94,23,13,10,0,0,0
C3010,21,14,0000,District - Dhenkanal  14,Urban,25-29,8508,4336,4172,263,211,52,0,0,0,140,116,24,95,72,23,26,21,5,2,2,0
C3010,21,14,0000,District - Dhenkanal  14,Urban,30-34,7493,3843,3650,41,31,10,0,0,0,21,16,5,16,13,3,3,2,1,1,0,1
C3010,21,14,0000,District - Dhenkanal  14,Urban,35-59,24059,13299,10760,38,24,14,0,0,0,21,14,7,9,9,0,3,1,2,5,0,5
C3010,21,14,0000,District - Dhenkanal  14,Urban,60+,6842,3588,3254,15,8,7,0,0,0,12,7,5,1,0,1,2,1,1,0,0,0
C3010,21,14,0000,District - Dhenkanal  14,Urban,Age not stated,110,70,40,1,1,0,0,0,0,1,1,0,0,0,0,0,0,0,0,0,0
C3010,21,15,0000,District - Anugul  *  15,Total,All ages,1140003,587234,552769,230762,126480,104282,213471,114821,98650,14501,9561,4940,1914,1620,294,310,222,88,566,256,310
C3010,21,15,0000,District - Anugul  *  15,Total,0-4,110129,56773,53356,2246,1190,1056,2246,1190,1056,0,0,0,0,0,0,0,0,0,0,0,0
C3010,21,15,0000,District - Anugul  *  15,Total,5,29268,15188,14080,7084,3730,3354,7084,3730,3354,0,0,0,0,0,0,0,0,0,0,0,0
C3010,21,15,0000,District - Anugul  *  15,Total,6,24546,12680,11866,13045,6974,6071,13045,6974,6071,0,0,0,0,0,0,0,0,0,0,0,0
C3010,21,15,0000,District - Anugul  *  15,Total,7,26948,13507,13441,20742,10723,10019,20742,10723,10019,0,0,0,0,0,0,0,0,0,0,0,0
C3010,21,15,0000,District - Anugul  *  15,Total,8,30506,15506,15000,24351,12832,11519,24351,12832,11519,0,0,0,0,0,0,0,0,0,0,0,0
C3010,21,15,0000,District - Anugul  *  15,Total,9,22093,11131,10962,18785,9754,9031,18785,9754,9031,0,0,0,0,0,0,0,0,0,0,0,0
C3010,21,15,0000,District - Anugul  *  15,Total,10,34236,17606,16630,26388,14224,12164,26388,14224,12164,0,0,0,0,0,0,0,0,0,0,0,0
C3010,21,15,0000,District - Anugul  *  15,Total,11,20436,10455,9981,17098,9142,7956,17098,9142,7956,0,0,0,0,0,0,0,0,0,0,0,0
C3010,21,15,0000,District - Anugul  *  15,Total,12,33149,16558,16591,23280,12534,10746,23280,12534,10746,0,0,0,0,0,0,0,0,0,0,0,0
C3010,21,15,0000,District - Anugul  *  15,Total,13,23141,11486,11655,16384,8810,7574,16384,8810,7574,0,0,0,0,0,0,0,0,0,0,0,0
C3010,21,15,0000,District - Anugul  *  15,Total,14,24575,12252,12323,15240,8341,6899,15240,8341,6899,0,0,0,0,0,0,0,0,0,0,0,0
C3010,21,15,0000,District - Anugul  *  15,Total,15-19,113274,56307,56967,35568,20763,14805,27606,15755,11851,7117,4345,2772,681,566,115,128,84,44,36,13,23
C3010,21,15,0000,District - Anugul  *  15,Total,20-24,101770,51780,49990,8526,5950,2576,1222,812,410,6746,4716,2030,438,363,75,61,41,20,59,18,41
C3010,21,15,0000,District - Anugul  *  15,Total,25-29,99506,49887,49619,946,765,181,0,0,0,425,353,72,368,321,47,57,48,9,96,43,53
C3010,21,15,0000,District - Anugul  *  15,Total,30-34,87343,44316,43027,304,211,93,0,0,0,84,59,25,113,103,10,28,21,7,79,28,51
C3010,21,15,0000,District - Anugul  *  15,Total,35-59,271609,145827,125782,619,445,174,0,0,0,72,54,18,275,243,32,28,24,4,244,124,120
C3010,21,15,0000,District - Anugul  *  15,Total,60+,84672,44455,40217,110,65,45,0,0,0,30,17,13,25,15,10,4,3,1,51,30,21
C3010,21,15,0000,District - Anugul  *  15,Total,Age not stated,2802,1520,1282,46,27,19,0,0,0,27,17,10,14,9,5,4,1,3,1,0,1
C3010,21,15,0000,District - Anugul  *  15,Rural,All ages,981587,501368,480219,188384,103427,84957,177720,95975,81745,9270,6540,2730,692,552,140,147,106,41,555,254,301
C3010,21,15,0000,District - Anugul  *  15,Rural,0-4,97450,50108,47342,1725,889,836,1725,889,836,0,0,0,0,0,0,0,0,0,0,0,0
C3010,21,15,0000,District - Anugul  *  15,Rural,5,25809,13392,12417,5958,3131,2827,5958,3131,2827,0,0,0,0,0,0,0,0,0,0,0,0
C3010,21,15,0000,District - Anugul  *  15,Rural,6,21503,11061,10442,11179,5972,5207,11179,5972,5207,0,0,0,0,0,0,0,0,0,0,0,0
C3010,21,15,0000,District - Anugul  *  15,Rural,7,23710,11815,11895,17921,9234,8687,17921,9234,8687,0,0,0,0,0,0,0,0,0,0,0,0
C3010,21,15,0000,District - Anugul  *  15,Rural,8,26798,13639,13159,21061,11141,9920,21061,11141,9920,0,0,0,0,0,0,0,0,0,0,0,0
C3010,21,15,0000,District - Anugul  *  15,Rural,9,19055,9597,9458,15999,8323,7676,15999,8323,7676,0,0,0,0,0,0,0,0,0,0,0,0
C3010,21,15,0000,District - Anugul  *  15,Rural,10,30069,15432,14637,22762,12279,10483,22762,12279,10483,0,0,0,0,0,0,0,0,0,0,0,0
C3010,21,15,0000,District - Anugul  *  15,Rural,11,17306,8841,8465,14218,7644,6574,14218,7644,6574,0,0,0,0,0,0,0,0,0,0,0,0
C3010,21,15,0000,District - Anugul  *  15,Rural,12,28914,14392,14522,19691,10651,9040,19691,10651,9040,0,0,0,0,0,0,0,0,0,0,0,0
C3010,21,15,0000,District - Anugul  *  15,Rural,13,19790,9819,9971,13486,7325,6161,13486,7325,6161,0,0,0,0,0,0,0,0,0,0,0,0
C3010,21,15,0000,District - Anugul  *  15,Rural,14,20871,10318,10553,12274,6754,5520,12274,6754,5520,0,0,0,0,0,0,0,0,0,0,0,0
C3010,21,15,0000,District - Anugul  *  15,Rural,15-19,96336,47313,49023,25481,15315,10166,20456,11976,8480,4628,3042,1586,289,238,51,74,46,28,34,13,21
C3010,21,15,0000,District - Anugul  *  15,Rural,20-24,86365,43389,42976,5438,3960,1478,990,656,334,4222,3151,1071,144,117,27,23,18,5,59,18,41
C3010,21,15,0000,District - Anugul  *  15,Rural,25-29,84626,42336,42290,524,418,106,0,0,0,285,247,38,120,105,15,24,23,1,95,43,52
C3010,21,15,0000,District - Anugul  *  15,Rural,30-34,73514,37206,36308,182,113,69,0,0,0,53,40,13,41,35,6,11,10,1,77,28,49
C3010,21,15,0000,District - Anugul  *  15,Rural,35-59,229731,120736,108995,363,206,157,0,0,0,43,33,10,72,45,27,8,6,2,240,122,118
C3010,21,15,0000,District - Anugul  *  15,Rural,60+,77260,40642,36618,90,55,35,0,0,0,17,12,5,20,11,9,3,2,1,50,30,20
C3010,21,15,0000,District - Anugul  *  15,Rural,Age not stated,2480,1332,1148,32,17,15,0,0,0,22,15,7,6,1,5,4,1,3,0,0,0
C3010,21,15,0000,District - Anugul  *  15,Urban,All ages,158416,85866,72550,42378,23053,19325,35751,18846,16905,5231,3021,2210,1222,1068,154,163,116,47,11,2,9
C3010,21,15,0000,District - Anugul  *  15,Urban,0-4,12679,6665,6014,521,301,220,521,301,220,0,0,0,0,0,0,0,0,0,0,0,0
C3010,21,15,0000,District - Anugul  *  15,Urban,5,3459,1796,1663,1126,599,527,1126,599,527,0,0,0,0,0,0,0,0,0,0,0,0
C3010,21,15,0000,District - Anugul  *  15,Urban,6,3043,1619,1424,1866,1002,864,1866,1002,864,0,0,0,0,0,0,0,0,0,0,0,0
C3010,21,15,0000,District - Anugul  *  15,Urban,7,3238,1692,1546,2821,1489,1332,2821,1489,1332,0,0,0,0,0,0,0,0,0,0,0,0
C3010,21,15,0000,District - Anugul  *  15,Urban,8,3708,1867,1841,3290,1691,1599,3290,1691,1599,0,0,0,0,0,0,0,0,0,0,0,0
C3010,21,15,0000,District - Anugul  *  15,Urban,9,3038,1534,1504,2786,1431,1355,2786,1431,1355,0,0,0,0,0,0,0,0,0,0,0,0
C3010,21,15,0000,District - Anugul  *  15,Urban,10,4167,2174,1993,3626,1945,1681,3626,1945,1681,0,0,0,0,0,0,0,0,0,0,0,0
C3010,21,15,0000,District - Anugul  *  15,Urban,11,3130,1614,1516,2880,1498,1382,2880,1498,1382,0,0,0,0,0,0,0,0,0,0,0,0
C3010,21,15,0000,District - Anugul  *  15,Urban,12,4235,2166,2069,3589,1883,1706,3589,1883,1706,0,0,0,0,0,0,0,0,0,0,0,0
C3010,21,15,0000,District - Anugul  *  15,Urban,13,3351,1667,1684,2898,1485,1413,2898,1485,1413,0,0,0,0,0,0,0,0,0,0,0,0
C3010,21,15,0000,District - Anugul  *  15,Urban,14,3704,1934,1770,2966,1587,1379,2966,1587,1379,0,0,0,0,0,0,0,0,0,0,0,0
C3010,21,15,0000,District - Anugul  *  15,Urban,15-19,16938,8994,7944,10087,5448,4639,7150,3779,3371,2489,1303,1186,392,328,64,54,38,16,2,0,2
C3010,21,15,0000,District - Anugul  *  15,Urban,20-24,15405,8391,7014,3088,1990,1098,232,156,76,2524,1565,959,294,246,48,38,23,15,0,0,0
C3010,21,15,0000,District - Anugul  *  15,Urban,25-29,14880,7551,7329,422,347,75,0,0,0,140,106,34,248,216,32,33,25,8,1,0,1
C3010,21,15,0000,District - Anugul  *  15,Urban,30-34,13829,7110,6719,122,98,24,0,0,0,31,19,12,72,68,4,17,11,6,2,0,2
C3010,21,15,0000,District - Anugul  *  15,Urban,35-59,41878,25091,16787,256,239,17,0,0,0,29,21,8,203,198,5,20,18,2,4,2,2
C3010,21,15,0000,District - Anugul  *  15,Urban,60+,7412,3813,3599,20,10,10,0,0,0,13,5,8,5,4,1,1,1,0,1,0,1
C3010,21,15,0000,District - Anugul  *  15,Urban,Age not stated,322,188,134,14,10,4,0,0,0,5,2,3,8,8,0,0,0,0,1,0,1
C3010,21,16,0000,District - Nayagarh  *  16,Total,All ages,864516,446177,418339,162695,88777,73918,152501,81518,70983,9498,6734,2764,436,338,98,182,139,43,78,48,30
C3010,21,16,0000,District - Nayagarh  *  16,Total,0-4,75395,39460,35935,1331,678,653,1331,678,653,0,0,0,0,0,0,0,0,0,0,0,0
C3010,21,16,0000,District - Nayagarh  *  16,Total,5,20702,11006,9696,5304,2824,2480,5304,2824,2480,0,0,0,0,0,0,0,0,0,0,0,0
C3010,21,16,0000,District - Nayagarh  *  16,Total,6,17083,8984,8099,8880,4747,4133,8880,4747,4133,0,0,0,0,0,0,0,0,0,0,0,0
C3010,21,16,0000,District - Nayagarh  *  16,Total,7,18196,9138,9058,14389,7359,7030,14389,7359,7030,0,0,0,0,0,0,0,0,0,0,0,0
C3010,21,16,0000,District - Nayagarh  *  16,Total,8,22021,11264,10757,18447,9666,8781,18447,9666,8781,0,0,0,0,0,0,0,0,0,0,0,0
C3010,21,16,0000,District - Nayagarh  *  16,Total,9,14810,7600,7210,13081,6836,6245,13081,6836,6245,0,0,0,0,0,0,0,0,0,0,0,0
C3010,21,16,0000,District - Nayagarh  *  16,Total,10,24168,12488,11680,19885,10533,9352,19885,10533,9352,0,0,0,0,0,0,0,0,0,0,0,0
C3010,21,16,0000,District - Nayagarh  *  16,Total,11,13541,6998,6543,11775,6213,5562,11775,6213,5562,0,0,0,0,0,0,0,0,0,0,0,0
C3010,21,16,0000,District - Nayagarh  *  16,Total,12,24173,12414,11759,17930,9525,8405,17930,9525,8405,0,0,0,0,0,0,0,0,0,0,0,0
C3010,21,16,0000,District - Nayagarh  *  16,Total,13,14300,7075,7225,10568,5477,5091,10568,5477,5091,0,0,0,0,0,0,0,0,0,0,0,0
C3010,21,16,0000,District - Nayagarh  *  16,Total,14,18041,8992,9049,11073,6011,5062,11073,6011,5062,0,0,0,0,0,0,0,0,0,0,0,0
C3010,21,16,0000,District - Nayagarh  *  16,Total,15-19,82801,41578,41223,23695,14245,9450,18924,11050,7874,4581,3056,1525,131,104,27,56,35,21,3,0,3
C3010,21,16,0000,District - Nayagarh  *  16,Total,20-24,76015,39963,36052,5553,4025,1528,914,599,315,4466,3296,1170,124,90,34,41,35,6,8,5,3
C3010,21,16,0000,District - Nayagarh  *  16,Total,25-29,72923,36458,36465,490,431,59,0,0,0,340,299,41,93,86,7,46,38,8,11,8,3
C3010,21,16,0000,District - Nayagarh  *  16,Total,30-34,62735,31549,31186,88,62,26,0,0,0,43,33,10,28,19,9,9,6,3,8,4,4
C3010,21,16,0000,District - Nayagarh  *  16,Total,35-59,218031,113946,104085,126,83,43,0,0,0,39,29,10,40,24,16,14,12,2,33,18,15
C3010,21,16,0000,District - Nayagarh  *  16,Total,60+,87415,46055,41360,63,51,12,0,0,0,19,16,3,18,13,5,12,10,2,14,12,2
C3010,21,16,0000,District - Nayagarh  *  16,Total,Age not stated,2166,1209,957,17,11,6,0,0,0,10,5,5,2,2,0,4,3,1,1,1,0
C3010,21,16,0000,District - Nayagarh  *  16,Rural,All ages,827450,426794,400656,153465,83826,69639,144832,77459,67373,8049,5922,2127,372,291,81,135,107,28,77,47,30
C3010,21,16,0000,District - Nayagarh  *  16,Rural,0-4,72675,38022,34653,1276,651,625,1276,651,625,0,0,0,0,0,0,0,0,0,0,0,0
C3010,21,16,0000,District - Nayagarh  *  16,Rural,5,19962,10611,9351,5110,2713,2397,5110,2713,2397,0,0,0,0,0,0,0,0,0,0,0,0
C3010,21,16,0000,District - Nayagarh  *  16,Rural,6,16410,8597,7813,8494,4523,3971,8494,4523,3971,0,0,0,0,0,0,0,0,0,0,0,0
C3010,21,16,0000,District - Nayagarh  *  16,Rural,7,17463,8747,8716,13748,7014,6734,13748,7014,6734,0,0,0,0,0,0,0,0,0,0,0,0
C3010,21,16,0000,District - Nayagarh  *  16,Rural,8,21146,10784,10362,17653,9232,8421,17653,9232,8421,0,0,0,0,0,0,0,0,0,0,0,0
C3010,21,16,0000,District - Nayagarh  *  16,Rural,9,14161,7253,6908,12478,6509,5969,12478,6509,5969,0,0,0,0,0,0,0,0,0,0,0,0
C3010,21,16,0000,District - Nayagarh  *  16,Rural,10,23264,12036,11228,19085,10126,8959,19085,10126,8959,0,0,0,0,0,0,0,0,0,0,0,0
C3010,21,16,0000,District - Nayagarh  *  16,Rural,11,12884,6640,6244,11170,5878,5292,11170,5878,5292,0,0,0,0,0,0,0,0,0,0,0,0
C3010,21,16,0000,District - Nayagarh  *  16,Rural,12,23262,11960,11302,17151,9132,8019,17151,9132,8019,0,0,0,0,0,0,0,0,0,0,0,0
C3010,21,16,0000,District - Nayagarh  *  16,Rural,13,13636,6749,6887,9993,5189,4804,9993,5189,4804,0,0,0,0,0,0,0,0,0,0,0,0
C3010,21,16,0000,District - Nayagarh  *  16,Rural,14,17288,8615,8673,10457,5699,4758,10457,5699,4758,0,0,0,0,0,0,0,0,0,0,0,0
C3010,21,16,0000,District - Nayagarh  *  16,Rural,15-19,78902,39610,39292,21380,13017,8363,17345,10217,7128,3880,2684,1196,107,87,20,45,29,16,3,0,3
C3010,21,16,0000,District - Nayagarh  *  16,Rural,20-24,72261,37986,34275,4804,3588,1216,872,576,296,3794,2908,886,107,79,28,23,20,3,8,5,3
C3010,21,16,0000,District - Nayagarh  *  16,Rural,25-29,69672,34869,34803,405,370,35,0,0,0,286,261,25,75,72,3,34,30,4,10,7,3
C3010,21,16,0000,District - Nayagarh  *  16,Rural,30-34,59754,30021,29733,77,54,23,0,0,0,36,28,8,27,18,9,6,4,2,8,4,4
C3010,21,16,0000,District - Nayagarh  *  16,Rural,35-59,208464,108759,99705,110,73,37,0,0,0,27,21,6,39,23,16,11,11,0,33,18,15
C3010,21,16,0000,District - Nayagarh  *  16,Rural,60+,84139,44354,39785,58,47,11,0,0,0,17,15,2,15,10,5,12,10,2,14,12,2
C3010,21,16,0000,District - Nayagarh  *  16,Rural,Age not stated,2107,1181,926,16,11,5,0,0,0,9,5,4,2,2,0,4,3,1,1,1,0
C3010,21,16,0000,District - Nayagarh  *  16,Urban,All ages,37066,19383,17683,9230,4951,4279,7669,4059,3610,1449,812,637,64,47,17,47,32,15,1,1,0
C3010,21,16,0000,District - Nayagarh  *  16,Urban,0-4,2720,1438,1282,55,27,28,55,27,28,0,0,0,0,0,0,0,0,0,0,0,0
C3010,21,16,0000,District - Nayagarh  *  16,Urban,5,740,395,345,194,111,83,194,111,83,0,0,0,0,0,0,0,0,0,0,0,0
C3010,21,16,0000,District - Nayagarh  *  16,Urban,6,673,387,286,386,224,162,386,224,162,0,0,0,0,0,0,0,0,0,0,0,0
C3010,21,16,0000,District - Nayagarh  *  16,Urban,7,733,391,342,641,345,296,641,345,296,0,0,0,0,0,0,0,0,0,0,0,0
C3010,21,16,0000,District - Nayagarh  *  16,Urban,8,875,480,395,794,434,360,794,434,360,0,0,0,0,0,0,0,0,0,0,0,0
C3010,21,16,0000,District - Nayagarh  *  16,Urban,9,649,347,302,603,327,276,603,327,276,0,0,0,0,0,0,0,0,0,0,0,0
C3010,21,16,0000,District - Nayagarh  *  16,Urban,10,904,452,452,800,407,393,800,407,393,0,0,0,0,0,0,0,0,0,0,0,0
C3010,21,16,0000,District - Nayagarh  *  16,Urban,11,657,358,299,605,335,270,605,335,270,0,0,0,0,0,0,0,0,0,0,0,0
C3010,21,16,0000,District - Nayagarh  *  16,Urban,12,911,454,457,779,393,386,779,393,386,0,0,0,0,0,0,0,0,0,0,0,0
C3010,21,16,0000,District - Nayagarh  *  16,Urban,13,664,326,338,575,288,287,575,288,287,0,0,0,0,0,0,0,0,0,0,0,0
C3010,21,16,0000,District - Nayagarh  *  16,Urban,14,753,377,376,616,312,304,616,312,304,0,0,0,0,0,0,0,0,0,0,0,0
C3010,21,16,0000,District - Nayagarh  *  16,Urban,15-19,3899,1968,1931,2315,1228,1087,1579,833,746,701,372,329,24,17,7,11,6,5,0,0,0
C3010,21,16,0000,District - Nayagarh  *  16,Urban,20-24,3754,1977,1777,749,437,312,42,23,19,672,388,284,17,11,6,18,15,3,0,0,0
C3010,21,16,0000,District - Nayagarh  *  16,Urban,25-29,3251,1589,1662,85,61,24,0,0,0,54,38,16,18,14,4,12,8,4,1,1,0
C3010,21,16,0000,District - Nayagarh  *  16,Urban,30-34,2981,1528,1453,11,8,3,0,0,0,7,5,2,1,1,0,3,2,1,0,0,0
C3010,21,16,0000,District - Nayagarh  *  16,Urban,35-59,9567,5187,4380,16,10,6,0,0,0,12,8,4,1,1,0,3,1,2,0,0,0
C3010,21,16,0000,District - Nayagarh  *  16,Urban,60+,3276,1701,1575,5,4,1,0,0,0,2,1,1,3,3,0,0,0,0,0,0,0
C3010,21,16,0000,District - Nayagarh  *  16,Urban,Age not stated,59,28,31,1,0,1,0,0,0,1,0,1,0,0,0,0,0,0,0,0,0
C3010,21,17,0000,District - Khordha  *  17,Total,All ages,1877395,986886,890509,434379,239397,194982,367159,195893,171266,56315,35900,20415,7611,5743,1868,2183,1561,622,1111,300,811
C3010,21,17,0000,District - Khordha  *  17,Total,0-4,155718,80660,75058,4748,2468,2280,4748,2468,2280,0,0,0,0,0,0,0,0,0,0,0,0
C3010,21,17,0000,District - Khordha  *  17,Total,5,40567,21180,19387,11083,5775,5308,11083,5775,5308,0,0,0,0,0,0,0,0,0,0,0,0
C3010,21,17,0000,District - Khordha  *  17,Total,6,34186,17848,16338,18148,9663,8485,18148,9663,8485,0,0,0,0,0,0,0,0,0,0,0,0
C3010,21,17,0000,District - Khordha  *  17,Total,7,37411,18835,18576,31029,15824,15205,31029,15824,15205,0,0,0,0,0,0,0,0,0,0,0,0
C3010,21,17,0000,District - Khordha  *  17,Total,8,44185,22996,21189,38039,20194,17845,38039,20194,17845,0,0,0,0,0,0,0,0,0,0,0,0
C3010,21,17,0000,District - Khordha  *  17,Total,9,33098,17233,15865,29824,15740,14084,29824,15740,14084,0,0,0,0,0,0,0,0,0,0,0,0
C3010,21,17,0000,District - Khordha  *  17,Total,10,48971,25518,23453,41967,22365,19602,41967,22365,19602,0,0,0,0,0,0,0,0,0,0,0,0
C3010,21,17,0000,District - Khordha  *  17,Total,11,31573,16539,15034,28318,15101,13217,28318,15101,13217,0,0,0,0,0,0,0,0,0,0,0,0
C3010,21,17,0000,District - Khordha  *  17,Total,12,48802,25239,23563,40018,21374,18644,40018,21374,18644,0,0,0,0,0,0,0,0,0,0,0,0
C3010,21,17,0000,District - Khordha  *  17,Total,13,34114,17343,16771,28161,14807,13354,28161,14807,13354,0,0,0,0,0,0,0,0,0,0,0,0
C3010,21,17,0000,District - Khordha  *  17,Total,14,39219,19847,19372,29197,15475,13722,29197,15475,13722,0,0,0,0,0,0,0,0,0,0,0,0
C3010,21,17,0000,District - Khordha  *  17,Total,15-19,189077,97974,91103,87892,49714,38178,63503,35173,28330,21275,12394,8881,2439,1715,724,619,408,211,56,24,32
C3010,21,17,0000,District - Khordha  *  17,Total,20-24,190083,103052,87031,37703,25004,12699,3124,1934,1190,31320,20715,10605,2596,1971,625,527,350,177,136,34,102
C3010,21,17,0000,District - Khordha  *  17,Total,25-29,176628,90802,85826,5475,4205,1270,0,0,0,2720,2076,644,1861,1535,326,691,545,146,203,49,154
C3010,21,17,0000,District - Khordha  *  17,Total,30-34,149330,78337,70993,1061,706,355,0,0,0,379,285,94,321,255,66,158,123,35,203,43,160
C3010,21,17,0000,District - Khordha  *  17,Total,35-59,469481,252490,216991,1241,669,572,0,0,0,342,231,111,318,216,102,150,106,44,431,116,315
C3010,21,17,0000,District - Khordha  *  17,Total,60+,150502,78512,71990,314,198,116,0,0,0,147,108,39,61,37,24,32,26,6,74,27,47
C3010,21,17,0000,District - Khordha  *  17,Total,Age not stated,4450,2481,1969,161,115,46,0,0,0,132,91,41,15,14,1,6,3,3,8,7,1
C3010,21,17,0000,District - Khordha  *  17,Rural,All ages,1071689,543490,528199,224563,121646,102917,207100,109980,97120,15373,10574,4799,885,702,183,253,157,96,952,233,719
C3010,21,17,0000,District - Khordha  *  17,Rural,0-4,95637,49272,46365,1910,956,954,1910,956,954,0,0,0,0,0,0,0,0,0,0,0,0
C3010,21,17,0000,District - Khordha  *  17,Rural,5,24883,13033,11850,5772,3001,2771,5772,3001,2771,0,0,0,0,0,0,0,0,0,0,0,0
C3010,21,17,0000,District - Khordha  *  17,Rural,6,20682,10807,9875,10305,5465,4840,10305,5465,4840,0,0,0,0,0,0,0,0,0,0,0,0
C3010,21,17,0000,District - Khordha  *  17,Rural,7,22739,11325,11414,18418,9314,9104,18418,9314,9104,0,0,0,0,0,0,0,0,0,0,0,0
C3010,21,17,0000,District - Khordha  *  17,Rural,8,27614,14268,13346,23519,12436,11083,23519,12436,11083,0,0,0,0,0,0,0,0,0,0,0,0
C3010,21,17,0000,District - Khordha  *  17,Rural,9,19708,10166,9542,17698,9269,8429,17698,9269,8429,0,0,0,0,0,0,0,0,0,0,0,0
C3010,21,17,0000,District - Khordha  *  17,Rural,10,30436,15642,14794,25724,13592,12132,25724,13592,12132,0,0,0,0,0,0,0,0,0,0,0,0
C3010,21,17,0000,District - Khordha  *  17,Rural,11,18160,9366,8794,16095,8511,7584,16095,8511,7584,0,0,0,0,0,0,0,0,0,0,0,0
C3010,21,17,0000,District - Khordha  *  17,Rural,12,30034,15399,14635,24024,12852,11172,24024,12852,11172,0,0,0,0,0,0,0,0,0,0,0,0
C3010,21,17,0000,District - Khordha  *  17,Rural,13,19717,9826,9891,15613,8162,7451,15613,8162,7451,0,0,0,0,0,0,0,0,0,0,0,0
C3010,21,17,0000,District - Khordha  *  17,Rural,14,23465,11529,11936,16334,8581,7753,16334,8581,7753,0,0,0,0,0,0,0,0,0,0,0,0
C3010,21,17,0000,District - Khordha  *  17,Rural,15-19,107837,52704,55133,37888,21860,16028,30156,16884,13272,7307,4681,2626,280,222,58,95,51,44,50,22,28
C3010,21,17,0000,District - Khordha  *  17,Rural,20-24,98907,50551,48356,9335,6549,2786,1532,957,575,7344,5289,2055,290,241,49,50,33,17,119,29,90
C3010,21,17,0000,District - Khordha  *  17,Rural,25-29,90581,44579,46002,969,715,254,0,0,0,563,480,83,183,163,20,51,37,14,172,35,137
C3010,21,17,0000,District - Khordha  *  17,Rural,30-34,77095,38828,38267,309,139,170,0,0,0,74,63,11,43,31,12,15,11,4,177,34,143
C3010,21,17,0000,District - Khordha  *  17,Rural,35-59,260013,132567,127446,507,175,332,0,0,0,42,36,6,69,34,35,28,16,12,368,89,279
C3010,21,17,0000,District - Khordha  *  17,Rural,60+,101752,52353,49399,109,50,59,0,0,0,23,16,7,17,8,9,10,8,2,59,18,41
C3010,21,17,0000,District - Khordha  *  17,Rural,Age not stated,2429,1275,1154,34,19,15,0,0,0,20,9,11,3,3,0,4,1,3,7,6,1
C3010,21,17,0000,District - Khordha  *  17,Urban,All ages,805706,443396,362310,209816,117751,92065,160059,85913,74146,40942,25326,15616,6726,5041,1685,1930,1404,526,159,67,92
C3010,21,17,0000,District - Khordha  *  17,Urban,0-4,60081,31388,28693,2838,1512,1326,2838,1512,1326,0,0,0,0,0,0,0,0,0,0,0,0
C3010,21,17,0000,District - Khordha  *  17,Urban,5,15684,8147,7537,5311,2774,2537,5311,2774,2537,0,0,0,0,0,0,0,0,0,0,0,0
C3010,21,17,0000,District - Khordha  *  17,Urban,6,13504,7041,6463,7843,4198,3645,7843,4198,3645,0,0,0,0,0,0,0,0,0,0,0,0
C3010,21,17,0000,District - Khordha  *  17,Urban,7,14672,7510,7162,12611,6510,6101,12611,6510,6101,0,0,0,0,0,0,0,0,0,0,0,0
C3010,21,17,0000,District - Khordha  *  17,Urban,8,16571,8728,7843,14520,7758,6762,14520,7758,6762,0,0,0,0,0,0,0,0,0,0,0,0
C3010,21,17,0000,District - Khordha  *  17,Urban,9,13390,7067,6323,12126,6471,5655,12126,6471,5655,0,0,0,0,0,0,0,0,0,0,0,0
C3010,21,17,0000,District - Khordha  *  17,Urban,10,18535,9876,8659,16243,8773,7470,16243,8773,7470,0,0,0,0,0,0,0,0,0,0,0,0
C3010,21,17,0000,District - Khordha  *  17,Urban,11,13413,7173,6240,12223,6590,5633,12223,6590,5633,0,0,0,0,0,0,0,0,0,0,0,0
C3010,21,17,0000,District - Khordha  *  17,Urban,12,18768,9840,8928,15994,8522,7472,15994,8522,7472,0,0,0,0,0,0,0,0,0,0,0,0
C3010,21,17,0000,District - Khordha  *  17,Urban,13,14397,7517,6880,12548,6645,5903,12548,6645,5903,0,0,0,0,0,0,0,0,0,0,0,0
C3010,21,17,0000,District - Khordha  *  17,Urban,14,15754,8318,7436,12863,6894,5969,12863,6894,5969,0,0,0,0,0,0,0,0,0,0,0,0
C3010,21,17,0000,District - Khordha  *  17,Urban,15-19,81240,45270,35970,50004,27854,22150,33347,18289,15058,13968,7713,6255,2159,1493,666,524,357,167,6,2,4
C3010,21,17,0000,District - Khordha  *  17,Urban,20-24,91176,52501,38675,28368,18455,9913,1592,977,615,23976,15426,8550,2306,1730,576,477,317,160,17,5,12
C3010,21,17,0000,District - Khordha  *  17,Urban,25-29,86047,46223,39824,4506,3490,1016,0,0,0,2157,1596,561,1678,1372,306,640,508,132,31,14,17
C3010,21,17,0000,District - Khordha  *  17,Urban,30-34,72235,39509,32726,752,567,185,0,0,0,305,222,83,278,224,54,143,112,31,26,9,17
C3010,21,17,0000,District - Khordha  *  17,Urban,35-59,209468,119923,89545,734,494,240,0,0,0,300,195,105,249,182,67,122,90,32,63,27,36
C3010,21,17,0000,District - Khordha  *  17,Urban,60+,48750,26159,22591,205,148,57,0,0,0,124,92,32,44,29,15,22,18,4,15,9,6
C3010,21,17,0000,District - Khordha  *  17,Urban,Age not stated,2021,1206,815,127,96,31,0,0,0,112,82,30,12,11,1,2,2,0,1,1,0
C3010,21,18,0000,District - Puri  18,Total,All ages,1502682,763389,739293,336704,180897,155807,303111,159217,143894,31071,20080,10991,1386,1052,334,496,339,157,640,209,431
C3010,21,18,0000,District - Puri  18,Total,0-4,126508,65495,61013,2662,1378,1284,2662,1378,1284,0,0,0,0,0,0,0,0,0,0,0,0
C3010,21,18,0000,District - Puri  18,Total,5,33559,17621,15938,8536,4517,4019,8536,4517,4019,0,0,0,0,0,0,0,0,0,0,0,0
C3010,21,18,0000,District - Puri  18,Total,6,28491,14548,13943,14415,7338,7077,14415,7338,7077,0,0,0,0,0,0,0,0,0,0,0,0
C3010,21,18,0000,District - Puri  18,Total,7,30575,15211,15364,25843,13022,12821,25843,13022,12821,0,0,0,0,0,0,0,0,0,0,0,0
C3010,21,18,0000,District - Puri  18,Total,8,37037,19150,17887,33079,17331,15748,33079,17331,15748,0,0,0,0,0,0,0,0,0,0,0,0
C3010,21,18,0000,District - Puri  18,Total,9,26012,13385,12627,24198,12597,11601,24198,12597,11601,0,0,0,0,0,0,0,0,0,0,0,0
C3010,21,18,0000,District - Puri  18,Total,10,41302,21154,20148,37049,19314,17735,37049,19314,17735,0,0,0,0,0,0,0,0,0,0,0,0
C3010,21,18,0000,District - Puri  18,Total,11,25308,13138,12170,23442,12366,11076,23442,12366,11076,0,0,0,0,0,0,0,0,0,0,0,0
C3010,21,18,0000,District - Puri  18,Total,12,40989,20970,20019,35464,18649,16815,35464,18649,16815,0,0,0,0,0,0,0,0,0,0,0,0
C3010,21,18,0000,District - Puri  18,Total,13,26842,13418,13424,22816,11841,10975,22816,11841,10975,0,0,0,0,0,0,0,0,0,0,0,0
C3010,21,18,0000,District - Puri  18,Total,14,31529,15656,15873,24063,12635,11428,24063,12635,11428,0,0,0,0,0,0,0,0,0,0,0,0
C3010,21,18,0000,District - Puri  18,Total,15-19,150578,73690,76888,63414,35378,28036,49146,26778,22368,13567,8104,5463,481,376,105,189,115,74,31,5,26
C3010,21,18,0000,District - Puri  18,Total,20-24,141728,72530,69198,18714,12422,6292,2398,1451,947,15729,10583,5146,400,283,117,120,85,35,67,20,47
C3010,21,18,0000,District - Puri  18,Total,25-29,126531,61791,64740,1967,1520,447,0,0,0,1425,1131,294,314,260,54,116,93,23,112,36,76
C3010,21,18,0000,District - Puri  18,Total,30-34,111838,55949,55889,398,253,145,0,0,0,169,139,30,67,56,11,33,22,11,129,36,93
C3010,21,18,0000,District - Puri  18,Total,35-59,375718,194406,181312,447,224,223,0,0,0,105,71,34,83,56,27,31,20,11,228,77,151
C3010,21,18,0000,District - Puri  18,Total,60+,146609,74399,72210,169,96,73,0,0,0,51,37,14,39,20,19,6,4,2,73,35,38
C3010,21,18,0000,District - Puri  18,Total,Age not stated,1528,878,650,28,16,12,0,0,0,25,15,10,2,1,1,1,0,1,0,0,0
C3010,21,18,0000,District - Puri  18,Rural,All ages,1298654,657199,641455,287909,154606,133303,262989,138014,124975,23159,15545,7614,839,626,213,373,251,122,549,170,379
C3010,21,18,0000,District - Puri  18,Rural,0-4,111326,57663,53663,2151,1111,1040,2151,1111,1040,0,0,0,0,0,0,0,0,0,0,0,0
C3010,21,18,0000,District - Puri  18,Rural,5,29390,15401,13989,7416,3929,3487,7416,3929,3487,0,0,0,0,0,0,0,0,0,0,0,0
C3010,21,18,0000,District - Puri  18,Rural,6,24869,12635,12234,12575,6371,6204,12575,6371,6204,0,0,0,0,0,0,0,0,0,0,0,0
C3010,21,18,0000,District - Puri  18,Rural,7,26674,13233,13441,22718,11420,11298,22718,11420,11298,0,0,0,0,0,0,0,0,0,0,0,0
C3010,21,18,0000,District - Puri  18,Rural,8,32437,16695,15742,29289,15273,14016,29289,15273,14016,0,0,0,0,0,0,0,0,0,0,0,0
C3010,21,18,0000,District - Puri  18,Rural,9,22707,11665,11042,21298,11074,10224,21298,11074,10224,0,0,0,0,0,0,0,0,0,0,0,0
C3010,21,18,0000,District - Puri  18,Rural,10,35898,18326,17572,32667,16973,15694,32667,16973,15694,0,0,0,0,0,0,0,0,0,0,0,0
C3010,21,18,0000,District - Puri  18,Rural,11,22024,11413,10611,20475,10768,9707,20475,10768,9707,0,0,0,0,0,0,0,0,0,0,0,0
C3010,21,18,0000,District - Puri  18,Rural,12,35538,18083,17455,31045,16270,14775,31045,16270,14775,0,0,0,0,0,0,0,0,0,0,0,0
C3010,21,18,0000,District - Puri  18,Rural,13,23127,11557,11570,19681,10222,9459,19681,10222,9459,0,0,0,0,0,0,0,0,0,0,0,0
C3010,21,18,0000,District - Puri  18,Rural,14,27477,13560,13917,20849,10940,9909,20849,10940,9909,0,0,0,0,0,0,0,0,0,0,0,0
C3010,21,18,0000,District - Puri  18,Rural,15-19,130020,63043,66977,51619,29102,22517,40904,22470,18434,10270,6350,3920,266,188,78,152,90,62,27,4,23
C3010,21,18,0000,District - Puri  18,Rural,20-24,121456,62152,59304,14027,9697,4330,1921,1193,728,11734,8257,3477,238,174,64,80,57,23,54,16,38
C3010,21,18,0000,District - Puri  18,Rural,25-29,107301,52392,54909,1323,1053,270,0,0,0,957,789,168,194,166,28,84,69,15,88,29,59
C3010,21,18,0000,District - Puri  18,Rural,30-34,95014,47150,47864,275,160,115,0,0,0,102,85,17,43,35,8,22,13,9,108,27,81
C3010,21,18,0000,District - Puri  18,Rural,35-59,322381,165792,156589,342,154,188,0,0,0,50,31,19,59,43,16,29,18,11,204,62,142
C3010,21,18,0000,District - Puri  18,Rural,60+,129772,65731,64041,144,79,65,0,0,0,33,24,9,37,19,18,6,4,2,68,32,36
C3010,21,18,0000,District - Puri  18,Rural,Age not stated,1243,708,535,15,10,5,0,0,0,13,9,4,2,1,1,0,0,0,0,0,0
C3010,21,18,0000,District - Puri  18,Urban,All ages,204028,106190,97838,48795,26291,22504,40122,21203,18919,7912,4535,3377,547,426,121,123,88,35,91,39,52
C3010,21,18,0000,District - Puri  18,Urban,0-4,15182,7832,7350,511,267,244,511,267,244,0,0,0,0,0,0,0,0,0,0,0,0
C3010,21,18,0000,District - Puri  18,Urban,5,4169,2220,1949,1120,588,532,1120,588,532,0,0,0,0,0,0,0,0,0,0,0,0
C3010,21,18,0000,District - Puri  18,Urban,6,3622,1913,1709,1840,967,873,1840,967,873,0,0,0,0,0,0,0,0,0,0,0,0
C3010,21,18,0000,District - Puri  18,Urban,7,3901,1978,1923,3125,1602,1523,3125,1602,1523,0,0,0,0,0,0,0,0,0,0,0,0
C3010,21,18,0000,District - Puri  18,Urban,8,4600,2455,2145,3790,2058,1732,3790,2058,1732,0,0,0,0,0,0,0,0,0,0,0,0
C3010,21,18,0000,District - Puri  18,Urban,9,3305,1720,1585,2900,1523,1377,2900,1523,1377,0,0,0,0,0,0,0,0,0,0,0,0
C3010,21,18,0000,District - Puri  18,Urban,10,5404,2828,2576,4382,2341,2041,4382,2341,2041,0,0,0,0,0,0,0,0,0,0,0,0
C3010,21,18,0000,District - Puri  18,Urban,11,3284,1725,1559,2967,1598,1369,2967,1598,1369,0,0,0,0,0,0,0,0,0,0,0,0
C3010,21,18,0000,District - Puri  18,Urban,12,5451,2887,2564,4419,2379,2040,4419,2379,2040,0,0,0,0,0,0,0,0,0,0,0,0
C3010,21,18,0000,District - Puri  18,Urban,13,3715,1861,1854,3135,1619,1516,3135,1619,1516,0,0,0,0,0,0,0,0,0,0,0,0
C3010,21,18,0000,District - Puri  18,Urban,14,4052,2096,1956,3214,1695,1519,3214,1695,1519,0,0,0,0,0,0,0,0,0,0,0,0
C3010,21,18,0000,District - Puri  18,Urban,15-19,20558,10647,9911,11795,6276,5519,8242,4308,3934,3297,1754,1543,215,188,27,37,25,12,4,1,3
C3010,21,18,0000,District - Puri  18,Urban,20-24,20272,10378,9894,4687,2725,1962,477,258,219,3995,2326,1669,162,109,53,40,28,12,13,4,9
C3010,21,18,0000,District - Puri  18,Urban,25-29,19230,9399,9831,644,467,177,0,0,0,468,342,126,120,94,26,32,24,8,24,7,17
C3010,21,18,0000,District - Puri  18,Urban,30-34,16824,8799,8025,123,93,30,0,0,0,67,54,13,24,21,3,11,9,2,21,9,12
C3010,21,18,0000,District - Puri  18,Urban,35-59,53337,28614,24723,105,70,35,0,0,0,55,40,15,24,13,11,2,2,0,24,15,9
C3010,21,18,0000,District - Puri  18,Urban,60+,16837,8668,8169,25,17,8,0,0,0,18,13,5,2,1,1,0,0,0,5,3,2
C3010,21,18,0000,District - Puri  18,Urban,Age not stated,285,170,115,13,6,7,0,0,0,12,6,6,0,0,0,1,0,1,0,0,0
C3010,21,19,0000,District - Ganjam  19,Total,All ages,3160635,1581986,1578649,595915,335587,260328,550386,303428,246958,39782,27951,11831,4165,3129,1036,960,700,260,622,379,243
C3010,21,19,0000,District - Ganjam  19,Total,0-4,314793,161583,153210,4995,2641,2354,4995,2641,2354,0,0,0,0,0,0,0,0,0,0,0,0
C3010,21,19,0000,District - Ganjam  19,Total,5,85355,44674,40681,21556,11798,9758,21556,11798,9758,0,0,0,0,0,0,0,0,0,0,0,0
C3010,21,19,0000,District - Ganjam  19,Total,6,75316,38949,36367,38853,20828,18025,38853,20828,18025,0,0,0,0,0,0,0,0,0,0,0,0
C3010,21,19,0000,District - Ganjam  19,Total,7,75639,37868,37771,53078,27654,25424,53078,27654,25424,0,0,0,0,0,0,0,0,0,0,0,0
C3010,21,19,0000,District - Ganjam  19,Total,8,93757,47947,45810,68701,37072,31629,68701,37072,31629,0,0,0,0,0,0,0,0,0,0,0,0
C3010,21,19,0000,District - Ganjam  19,Total,9,60206,30633,29573,48171,25701,22470,48171,25701,22470,0,0,0,0,0,0,0,0,0,0,0,0
C3010,21,19,0000,District - Ganjam  19,Total,10,103212,52700,50512,72620,39593,33027,72620,39593,33027,0,0,0,0,0,0,0,0,0,0,0,0
C3010,21,19,0000,District - Ganjam  19,Total,11,52764,26838,25926,40493,21969,18524,40493,21969,18524,0,0,0,0,0,0,0,0,0,0,0,0
C3010,21,19,0000,District - Ganjam  19,Total,12,98745,50578,48167,61240,34444,26796,61240,34444,26796,0,0,0,0,0,0,0,0,0,0,0,0
C3010,21,19,0000,District - Ganjam  19,Total,13,55190,27502,27688,34609,19183,15426,34609,19183,15426,0,0,0,0,0,0,0,0,0,0,0,0
C3010,21,19,0000,District - Ganjam  19,Total,14,71214,34643,36571,36273,20497,15776,36273,20497,15776,0,0,0,0,0,0,0,0,0,0,0,0
C3010,21,19,0000,District - Ganjam  19,Total,15-19,302758,149877,152881,84010,51429,32581,65833,39486,26347,16283,10616,5667,1550,1105,445,309,205,104,35,17,18
C3010,21,19,0000,District - Ganjam  19,Total,20-24,265444,131116,134328,26170,18720,7450,3964,2562,1402,20549,14930,5619,1306,997,309,281,201,80,70,30,40
C3010,21,19,0000,District - Ganjam  19,Total,25-29,256690,121634,135056,3361,2763,598,0,0,0,2270,1878,392,787,663,124,215,175,40,89,47,42
C3010,21,19,0000,District - Ganjam  19,Total,30-34,224525,108326,116199,620,495,125,0,0,0,323,276,47,174,133,41,51,44,7,72,42,30
C3010,21,19,0000,District - Ganjam  19,Total,35-59,745697,378916,366781,794,544,250,0,0,0,205,151,54,254,162,92,79,60,19,256,171,85
C3010,21,19,0000,District - Ganjam  19,Total,60+,271718,134037,137681,264,176,88,0,0,0,96,67,29,50,26,24,21,14,7,97,69,28
C3010,21,19,0000,District - Ganjam  19,Total,Age not stated,7612,4165,3447,107,80,27,0,0,0,56,33,23,44,43,1,4,1,3,3,3,0
C3010,21,19,0000,District - Ganjam  19,Rural,All ages,2604276,1295086,1309190,457964,259843,198121,436808,243374,193434,18704,14585,4119,1449,1196,253,445,342,103,558,346,212
C3010,21,19,0000,District - Ganjam  19,Rural,0-4,272362,139528,132834,3651,1927,1724,3651,1927,1724,0,0,0,0,0,0,0,0,0,0,0,0
C3010,21,19,0000,District - Ganjam  19,Rural,5,73505,38462,35043,17969,9899,8070,17969,9899,8070,0,0,0,0,0,0,0,0,0,0,0,0
C3010,21,19,0000,District - Ganjam  19,Rural,6,64490,33180,31310,32657,17564,15093,32657,17564,15093,0,0,0,0,0,0,0,0,0,0,0,0
C3010,21,19,0000,District - Ganjam  19,Rural,7,64341,32071,32270,43918,22877,21041,43918,22877,21041,0,0,0,0,0,0,0,0,0,0,0,0
C3010,21,19,0000,District - Ganjam  19,Rural,8,80275,40964,39311,57510,31101,26409,57510,31101,26409,0,0,0,0,0,0,0,0,0,0,0,0
C3010,21,19,0000,District - Ganjam  19,Rural,9,50350,25561,24789,39525,21139,18386,39525,21139,18386,0,0,0,0,0,0,0,0,0,0,0,0
C3010,21,19,0000,District - Ganjam  19,Rural,10,87078,44384,42694,59595,32651,26944,59595,32651,26944,0,0,0,0,0,0,0,0,0,0,0,0
C3010,21,19,0000,District - Ganjam  19,Rural,11,43156,21912,21244,32241,17665,14576,32241,17665,14576,0,0,0,0,0,0,0,0,0,0,0,0
C3010,21,19,0000,District - Ganjam  19,Rural,12,82717,42203,40514,48938,27831,21107,48938,27831,21107,0,0,0,0,0,0,0,0,0,0,0,0
C3010,21,19,0000,District - Ganjam  19,Rural,13,44720,22269,22451,26434,14996,11438,26434,14996,11438,0,0,0,0,0,0,0,0,0,0,0,0
C3010,21,19,0000,District - Ganjam  19,Rural,14,58494,28367,30127,27199,15825,11374,27199,15825,11374,0,0,0,0,0,0,0,0,0,0,0,0
C3010,21,19,0000,District - Ganjam  19,Rural,15-19,242541,119099,123442,53245,34536,18709,44320,27989,16331,8225,6002,2223,531,438,93,140,92,48,29,15,14
C3010,21,19,0000,District - Ganjam  19,Rural,20-24,209621,101708,107913,12699,9912,2787,2851,1910,941,9223,7487,1736,450,396,54,118,96,22,57,23,34
C3010,21,19,0000,District - Ganjam  19,Rural,25-29,207333,97114,110219,1358,1175,183,0,0,0,973,868,105,229,197,32,87,73,14,69,37,32
C3010,21,19,0000,District - Ganjam  19,Rural,30-34,181710,86503,95207,277,212,65,0,0,0,126,110,16,59,41,18,26,24,2,66,37,29
C3010,21,19,0000,District - Ganjam  19,Rural,35-59,606066,305108,300958,520,374,146,0,0,0,80,62,18,138,102,36,57,45,12,245,165,80
C3010,21,19,0000,District - Ganjam  19,Rural,60+,229171,113178,115993,187,131,56,0,0,0,45,34,11,39,20,19,14,11,3,89,66,23
C3010,21,19,0000,District - Ganjam  19,Rural,Age not stated,6346,3475,2871,41,28,13,0,0,0,32,22,10,3,2,1,3,1,2,3,3,0
C3010,21,19,0000,District - Ganjam  19,Urban,All ages,556359,286900,269459,137951,75744,62207,113578,60054,53524,21078,13366,7712,2716,1933,783,515,358,157,64,33,31
C3010,21,19,0000,District - Ganjam  19,Urban,0-4,42431,22055,20376,1344,714,630,1344,714,630,0,0,0,0,0,0,0,0,0,0,0,0
C3010,21,19,0000,District - Ganjam  19,Urban,5,11850,6212,5638,3587,1899,1688,3587,1899,1688,0,0,0,0,0,0,0,0,0,0,0,0
C3010,21,19,0000,District - Ganjam  19,Urban,6,10826,5769,5057,6196,3264,2932,6196,3264,2932,0,0,0,0,0,0,0,0,0,0,0,0
C3010,21,19,0000,District - Ganjam  19,Urban,7,11298,5797,5501,9160,4777,4383,9160,4777,4383,0,0,0,0,0,0,0,0,0,0,0,0
C3010,21,19,0000,District - Ganjam  19,Urban,8,13482,6983,6499,11191,5971,5220,11191,5971,5220,0,0,0,0,0,0,0,0,0,0,0,0
C3010,21,19,0000,District - Ganjam  19,Urban,9,9856,5072,4784,8646,4562,4084,8646,4562,4084,0,0,0,0,0,0,0,0,0,0,0,0
C3010,21,19,0000,District - Ganjam  19,Urban,10,16134,8316,7818,13025,6942,6083,13025,6942,6083,0,0,0,0,0,0,0,0,0,0,0,0
C3010,21,19,0000,District - Ganjam  19,Urban,11,9608,4926,4682,8252,4304,3948,8252,4304,3948,0,0,0,0,0,0,0,0,0,0,0,0
C3010,21,19,0000,District - Ganjam  19,Urban,12,16028,8375,7653,12302,6613,5689,12302,6613,5689,0,0,0,0,0,0,0,0,0,0,0,0
C3010,21,19,0000,District - Ganjam  19,Urban,13,10470,5233,5237,8175,4187,3988,8175,4187,3988,0,0,0,0,0,0,0,0,0,0,0,0
C3010,21,19,0000,District - Ganjam  19,Urban,14,12720,6276,6444,9074,4672,4402,9074,4672,4402,0,0,0,0,0,0,0,0,0,0,0,0
C3010,21,19,0000,District - Ganjam  19,Urban,15-19,60217,30778,29439,30765,16893,13872,21513,11497,10016,8058,4614,3444,1019,667,352,169,113,56,6,2,4
C3010,21,19,0000,District - Ganjam  19,Urban,20-24,55823,29408,26415,13471,8808,4663,1113,652,461,11326,7443,3883,856,601,255,163,105,58,13,7,6
C3010,21,19,0000,District - Ganjam  19,Urban,25-29,49357,24520,24837,2003,1588,415,0,0,0,1297,1010,287,558,466,92,128,102,26,20,10,10
C3010,21,19,0000,District - Ganjam  19,Urban,30-34,42815,21823,20992,343,283,60,0,0,0,197,166,31,115,92,23,25,20,5,6,5,1
C3010,21,19,0000,District - Ganjam  19,Urban,35-59,139631,73808,65823,274,170,104,0,0,0,125,89,36,116,60,56,22,15,7,11,6,5
C3010,21,19,0000,District - Ganjam  19,Urban,60+,42547,20859,21688,77,45,32,0,0,0,51,33,18,11,6,5,7,3,4,8,3,5
C3010,21,19,0000,District - Ganjam  19,Urban,Age not stated,1266,690,576,66,52,14,0,0,0,24,11,13,41,41,0,1,0,1,0,0,0
C3010,21,20,0000,District - Gajapati  *  20,Total,All ages,518837,255423,263414,85047,51459,33588,80163,47738,32425,3773,2832,941,616,502,114,244,200,44,251,187,64
C3010,21,20,0000,District - Gajapati  *  20,Total,0-4,61359,31062,30297,908,485,423,908,485,423,0,0,0,0,0,0,0,0,0,0,0,0
C3010,21,20,0000,District - Gajapati  *  20,Total,5,15288,7896,7392,3372,1874,1498,3372,1874,1498,0,0,0,0,0,0,0,0,0,0,0,0
C3010,21,20,0000,District - Gajapati  *  20,Total,6,16039,8231,7808,6920,3771,3149,6920,3771,3149,0,0,0,0,0,0,0,0,0,0,0,0
C3010,21,20,0000,District - Gajapati  *  20,Total,7,13792,7129,6663,8246,4615,3631,8246,4615,3631,0,0,0,0,0,0,0,0,0,0,0,0
C3010,21,20,0000,District - Gajapati  *  20,Total,8,18160,9264,8896,10806,6060,4746,10806,6060,4746,0,0,0,0,0,0,0,0,0,0,0,0
C3010,21,20,0000,District - Gajapati  *  20,Total,9,11132,5837,5295,7659,4432,3227,7659,4432,3227,0,0,0,0,0,0,0,0,0,0,0,0
C3010,21,20,0000,District - Gajapati  *  20,Total,10,18005,9320,8685,10321,6120,4201,10321,6120,4201,0,0,0,0,0,0,0,0,0,0,0,0
C3010,21,20,0000,District - Gajapati  *  20,Total,11,8245,4438,3807,5668,3440,2228,5668,3440,2228,0,0,0,0,0,0,0,0,0,0,0,0
C3010,21,20,0000,District - Gajapati  *  20,Total,12,16349,8297,8052,7938,4958,2980,7938,4958,2980,0,0,0,0,0,0,0,0,0,0,0,0
C3010,21,20,0000,District - Gajapati  *  20,Total,13,8852,4516,4336,4909,3099,1810,4909,3099,1810,0,0,0,0,0,0,0,0,0,0,0,0
C3010,21,20,0000,District - Gajapati  *  20,Total,14,9937,5049,4888,4471,2863,1608,4471,2863,1608,0,0,0,0,0,0,0,0,0,0,0,0
C3010,21,20,0000,District - Gajapati  *  20,Total,15-19,44180,21580,22600,10103,6838,3265,8257,5542,2715,1676,1185,491,79,52,27,77,51,26,14,8,6
C3010,21,20,0000,District - Gajapati  *  20,Total,20-24,40750,18522,22228,2798,2095,703,688,479,209,1831,1420,411,184,126,58,59,52,7,36,18,18
C3010,21,20,0000,District - Gajapati  *  20,Total,25-29,44286,20513,23773,326,269,57,0,0,0,201,174,27,51,39,12,37,36,1,37,20,17
C3010,21,20,0000,District - Gajapati  *  20,Total,30-34,38314,18356,19958,104,86,18,0,0,0,23,18,5,20,17,3,28,25,3,33,26,7
C3010,21,20,0000,District - Gajapati  *  20,Total,35-59,119340,60015,59325,217,182,35,0,0,0,30,23,7,31,22,9,40,35,5,116,102,14
C3010,21,20,0000,District - Gajapati  *  20,Total,60+,33676,14688,18988,36,27,9,0,0,0,8,8,0,10,5,5,3,1,2,15,13,2
C3010,21,20,0000,District - Gajapati  *  20,Total,Age not stated,1133,710,423,245,245,0,0,0,0,4,4,0,241,241,0,0,0,0,0,0,0
C3010,21,20,0000,District - Gajapati  *  20,Rural,All ages,465949,228862,237087,73233,44846,28387,70595,42647,27948,1800,1492,308,373,340,33,217,183,34,248,184,64
C3010,21,20,0000,District - Gajapati  *  20,Rural,0-4,57228,28895,28333,752,408,344,752,408,344,0,0,0,0,0,0,0,0,0,0,0,0
C3010,21,20,0000,District - Gajapati  *  20,Rural,5,14229,7352,6877,3035,1695,1340,3035,1695,1340,0,0,0,0,0,0,0,0,0,0,0,0
C3010,21,20,0000,District - Gajapati  *  20,Rural,6,15029,7713,7316,6341,3473,2868,6341,3473,2868,0,0,0,0,0,0,0,0,0,0,0,0
C3010,21,20,0000,District - Gajapati  *  20,Rural,7,12764,6575,6189,7444,4175,3269,7444,4175,3269,0,0,0,0,0,0,0,0,0,0,0,0
C3010,21,20,0000,District - Gajapati  *  20,Rural,8,17022,8691,8331,9893,5599,4294,9893,5599,4294,0,0,0,0,0,0,0,0,0,0,0,0
C3010,21,20,0000,District - Gajapati  *  20,Rural,9,10230,5402,4828,6885,4054,2831,6885,4054,2831,0,0,0,0,0,0,0,0,0,0,0,0
C3010,21,20,0000,District - Gajapati  *  20,Rural,10,16821,8688,8133,9432,5632,3800,9432,5632,3800,0,0,0,0,0,0,0,0,0,0,0,0
C3010,21,20,0000,District - Gajapati  *  20,Rural,11,7420,4029,3391,5004,3104,1900,5004,3104,1900,0,0,0,0,0,0,0,0,0,0,0,0
C3010,21,20,0000,District - Gajapati  *  20,Rural,12,15114,7680,7434,7063,4504,2559,7063,4504,2559,0,0,0,0,0,0,0,0,0,0,0,0
C3010,21,20,0000,District - Gajapati  *  20,Rural,13,7829,4006,3823,4163,2710,1453,4163,2710,1453,0,0,0,0,0,0,0,0,0,0,0,0
C3010,21,20,0000,District - Gajapati  *  20,Rural,14,8870,4506,4364,3738,2465,1273,3738,2465,1273,0,0,0,0,0,0,0,0,0,0,0,0
C3010,21,20,0000,District - Gajapati  *  20,Rural,15-19,38364,18601,19763,7209,5157,2052,6278,4425,1853,822,660,162,26,17,9,69,47,22,14,8,6
C3010,21,20,0000,District - Gajapati  *  20,Rural,20-24,35063,15567,19496,1505,1183,322,567,403,164,818,688,130,34,28,6,50,46,4,36,18,18
C3010,21,20,0000,District - Gajapati  *  20,Rural,25-29,39342,18101,21241,224,190,34,0,0,0,131,119,12,24,20,4,33,32,1,36,19,17
C3010,21,20,0000,District - Gajapati  *  20,Rural,30-34,34223,16267,17956,84,72,12,0,0,0,11,11,0,15,12,3,26,24,2,32,25,7
C3010,21,20,0000,District - Gajapati  *  20,Rural,35-59,105753,53168,52585,189,160,29,0,0,0,12,8,4,26,18,8,36,33,3,115,101,14
C3010,21,20,0000,District - Gajapati  *  20,Rural,60+,29575,12948,16627,30,23,7,0,0,0,4,4,0,8,5,3,3,1,2,15,13,2
C3010,21,20,0000,District - Gajapati  *  20,Rural,Age not stated,1073,673,400,242,242,0,0,0,0,2,2,0,240,240,0,0,0,0,0,0,0
C3010,21,20,0000,District - Gajapati  *  20,Urban,All ages,52888,26561,26327,11814,6613,5201,9568,5091,4477,1973,1340,633,243,162,81,27,17,10,3,3,0
C3010,21,20,0000,District - Gajapati  *  20,Urban,0-4,4131,2167,1964,156,77,79,156,77,79,0,0,0,0,0,0,0,0,0,0,0,0
C3010,21,20,0000,District - Gajapati  *  20,Urban,5,1059,544,515,337,179,158,337,179,158,0,0,0,0,0,0,0,0,0,0,0,0
C3010,21,20,0000,District - Gajapati  *  20,Urban,6,1010,518,492,579,298,281,579,298,281,0,0,0,0,0,0,0,0,0,0,0,0
C3010,21,20,0000,District - Gajapati  *  20,Urban,7,1028,554,474,802,440,362,802,440,362,0,0,0,0,0,0,0,0,0,0,0,0
C3010,21,20,0000,District - Gajapati  *  20,Urban,8,1138,573,565,913,461,452,913,461,452,0,0,0,0,0,0,0,0,0,0,0,0
C3010,21,20,0000,District - Gajapati  *  20,Urban,9,902,435,467,774,378,396,774,378,396,0,0,0,0,0,0,0,0,0,0,0,0
C3010,21,20,0000,District - Gajapati  *  20,Urban,10,1184,632,552,889,488,401,889,488,401,0,0,0,0,0,0,0,0,0,0,0,0
C3010,21,20,0000,District - Gajapati  *  20,Urban,11,825,409,416,664,336,328,664,336,328,0,0,0,0,0,0,0,0,0,0,0,0
C3010,21,20,0000,District - Gajapati  *  20,Urban,12,1235,617,618,875,454,421,875,454,421,0,0,0,0,0,0,0,0,0,0,0,0
C3010,21,20,0000,District - Gajapati  *  20,Urban,13,1023,510,513,746,389,357,746,389,357,0,0,0,0,0,0,0,0,0,0,0,0
C3010,21,20,0000,District - Gajapati  *  20,Urban,14,1067,543,524,733,398,335,733,398,335,0,0,0,0,0,0,0,0,0,0,0,0
C3010,21,20,0000,District - Gajapati  *  20,Urban,15-19,5816,2979,2837,2894,1681,1213,1979,1117,862,854,525,329,53,35,18,8,4,4,0,0,0
C3010,21,20,0000,District - Gajapati  *  20,Urban,20-24,5687,2955,2732,1293,912,381,121,76,45,1013,732,281,150,98,52,9,6,3,0,0,0
C3010,21,20,0000,District - Gajapati  *  20,Urban,25-29,4944,2412,2532,102,79,23,0,0,0,70,55,15,27,19,8,4,4,0,1,1,0
C3010,21,20,0000,District - Gajapati  *  20,Urban,30-34,4091,2089,2002,20,14,6,0,0,0,12,7,5,5,5,0,2,1,1,1,1,0
C3010,21,20,0000,District - Gajapati  *  20,Urban,35-59,13587,6847,6740,28,22,6,0,0,0,18,15,3,5,4,1,4,2,2,1,1,0
C3010,21,20,0000,District - Gajapati  *  20,Urban,60+,4101,1740,2361,6,4,2,0,0,0,4,4,0,2,0,2,0,0,0,0,0,0
C3010,21,20,0000,District - Gajapati  *  20,Urban,Age not stated,60,37,23,3,3,0,0,0,0,2,2,0,1,1,0,0,0,0,0,0,0
C3010,21,21,0000,District - Kandhamal  21,Total,All ages,648201,322799,325402,127833,74482,53351,121826,70296,51530,5296,3700,1596,426,306,120,124,69,55,161,111,50
C3010,21,21,0000,District - Kandhamal  21,Total,0-4,79640,40127,39513,1318,672,646,1318,672,646,0,0,0,0,0,0,0,0,0,0,0,0
C3010,21,21,0000,District - Kandhamal  21,Total,5,18614,9524,9090,4601,2493,2108,4601,2493,2108,0,0,0,0,0,0,0,0,0,0,0,0
C3010,21,21,0000,District - Kandhamal  21,Total,6,19044,9879,9165,9812,5458,4354,9812,5458,4354,0,0,0,0,0,0,0,0,0,0,0,0
C3010,21,21,0000,District - Kandhamal  21,Total,7,17844,8859,8985,12463,6609,5854,12463,6609,5854,0,0,0,0,0,0,0,0,0,0,0,0
C3010,21,21,0000,District - Kandhamal  21,Total,8,21725,11036,10689,15372,8499,6873,15372,8499,6873,0,0,0,0,0,0,0,0,0,0,0,0
C3010,21,21,0000,District - Kandhamal  21,Total,9,15085,7799,7286,11794,6680,5114,11794,6680,5114,0,0,0,0,0,0,0,0,0,0,0,0
C3010,21,21,0000,District - Kandhamal  21,Total,10,21617,10988,10629,15099,8675,6424,15099,8675,6424,0,0,0,0,0,0,0,0,0,0,0,0
C3010,21,21,0000,District - Kandhamal  21,Total,11,11959,6502,5457,9537,5645,3892,9537,5645,3892,0,0,0,0,0,0,0,0,0,0,0,0
C3010,21,21,0000,District - Kandhamal  21,Total,12,20299,10319,9980,12745,7674,5071,12745,7674,5071,0,0,0,0,0,0,0,0,0,0,0,0
C3010,21,21,0000,District - Kandhamal  21,Total,13,12006,6218,5788,8082,4844,3238,8082,4844,3238,0,0,0,0,0,0,0,0,0,0,0,0
C3010,21,21,0000,District - Kandhamal  21,Total,14,12535,6479,6056,7196,4442,2754,7196,4442,2754,0,0,0,0,0,0,0,0,0,0,0,0
C3010,21,21,0000,District - Kandhamal  21,Total,15-19,55605,27337,28268,15878,9906,5972,13124,8111,5013,2568,1680,888,120,86,34,56,23,33,10,6,4
C3010,21,21,0000,District - Kandhamal  21,Total,20-24,49314,22348,26966,3296,2359,937,683,494,189,2438,1766,672,134,78,56,20,11,9,21,10,11
C3010,21,21,0000,District - Kandhamal  21,Total,25-29,53691,25503,28188,370,313,57,0,0,0,251,221,30,75,60,15,24,16,8,20,16,4
C3010,21,21,0000,District - Kandhamal  21,Total,30-34,48936,24084,24852,102,85,17,0,0,0,21,20,1,47,42,5,7,6,1,27,17,10
C3010,21,21,0000,District - Kandhamal  21,Total,35-59,147954,76602,71352,134,109,25,0,0,0,11,9,2,43,38,5,12,11,1,68,51,17
C3010,21,21,0000,District - Kandhamal  21,Total,60+,41611,18794,22817,31,18,13,0,0,0,5,3,2,7,2,5,4,2,2,15,11,4
C3010,21,21,0000,District - Kandhamal  21,Total,Age not stated,722,401,321,3,1,2,0,0,0,2,1,1,0,0,0,1,0,1,0,0,0
C3010,21,21,0000,District - Kandhamal  21,Rural,All ages,604107,299929,304178,114839,67535,47304,110744,64536,46208,3554,2635,919,286,208,78,96,47,49,159,109,50
C3010,21,21,0000,District - Kandhamal  21,Rural,0-4,76028,38259,37769,1178,607,571,1178,607,571,0,0,0,0,0,0,0,0,0,0,0,0
C3010,21,21,0000,District - Kandhamal  21,Rural,5,17681,8987,8694,4249,2283,1966,4249,2283,1966,0,0,0,0,0,0,0,0,0,0,0,0
C3010,21,21,0000,District - Kandhamal  21,Rural,6,18194,9451,8743,9251,5156,4095,9251,5156,4095,0,0,0,0,0,0,0,0,0,0,0,0
C3010,21,21,0000,District - Kandhamal  21,Rural,7,16934,8410,8524,11629,6193,5436,11629,6193,5436,0,0,0,0,0,0,0,0,0,0,0,0
C3010,21,21,0000,District - Kandhamal  21,Rural,8,20744,10547,10197,14452,8036,6416,14452,8036,6416,0,0,0,0,0,0,0,0,0,0,0,0
C3010,21,21,0000,District - Kandhamal  21,Rural,9,14211,7378,6833,10973,6280,4693,10973,6280,4693,0,0,0,0,0,0,0,0,0,0,0,0
C3010,21,21,0000,District - Kandhamal  21,Rural,10,20433,10381,10052,13997,8104,5893,13997,8104,5893,0,0,0,0,0,0,0,0,0,0,0,0
C3010,21,21,0000,District - Kandhamal  21,Rural,11,10983,6008,4975,8602,5168,3434,8602,5168,3434,0,0,0,0,0,0,0,0,0,0,0,0
C3010,21,21,0000,District - Kandhamal  21,Rural,12,19082,9700,9382,11638,7099,4539,11638,7099,4539,0,0,0,0,0,0,0,0,0,0,0,0
C3010,21,21,0000,District - Kandhamal  21,Rural,13,10986,5713,5273,7153,4374,2779,7153,4374,2779,0,0,0,0,0,0,0,0,0,0,0,0
C3010,21,21,0000,District - Kandhamal  21,Rural,14,11464,5933,5531,6276,3953,2323,6276,3953,2323,0,0,0,0,0,0,0,0,0,0,0,0
C3010,21,21,0000,District - Kandhamal  21,Rural,15-19,50538,24699,25839,12563,8090,4473,10738,6834,3904,1690,1180,510,78,55,23,47,15,32,10,6,4
C3010,21,21,0000,District - Kandhamal  21,Rural,20-24,44983,20160,24823,2352,1758,594,608,449,159,1642,1255,387,70,39,31,11,5,6,21,10,11
C3010,21,21,0000,District - Kandhamal  21,Rural,25-29,49768,23529,26239,277,236,41,0,0,0,193,173,20,48,37,11,16,10,6,20,16,4
C3010,21,21,0000,District - Kandhamal  21,Rural,30-34,45362,22281,23081,96,81,15,0,0,0,19,19,0,44,40,4,6,5,1,27,17,10
C3010,21,21,0000,District - Kandhamal  21,Rural,35-59,136803,70460,66343,124,101,23,0,0,0,7,6,1,39,35,4,11,10,1,67,50,17
C3010,21,21,0000,District - Kandhamal  21,Rural,60+,39220,17648,21572,26,15,11,0,0,0,1,1,0,7,2,5,4,2,2,14,10,4
C3010,21,21,0000,District - Kandhamal  21,Rural,Age not stated,693,385,308,3,1,2,0,0,0,2,1,1,0,0,0,1,0,1,0,0,0
C3010,21,21,0000,District - Kandhamal  21,Urban,All ages,44094,22870,21224,12994,6947,6047,11082,5760,5322,1742,1065,677,140,98,42,28,22,6,2,2,0
C3010,21,21,0000,District - Kandhamal  21,Urban,0-4,3612,1868,1744,140,65,75,140,65,75,0,0,0,0,0,0,0,0,0,0,0,0
C3010,21,21,0000,District - Kandhamal  21,Urban,5,933,537,396,352,210,142,352,210,142,0,0,0,0,0,0,0,0,0,0,0,0
C3010,21,21,0000,District - Kandhamal  21,Urban,6,850,428,422,561,302,259,561,302,259,0,0,0,0,0,0,0,0,0,0,0,0
C3010,21,21,0000,District - Kandhamal  21,Urban,7,910,449,461,834,416,418,834,416,418,0,0,0,0,0,0,0,0,0,0,0,0
C3010,21,21,0000,District - Kandhamal  21,Urban,8,981,489,492,920,463,457,920,463,457,0,0,0,0,0,0,0,0,0,0,0,0
C3010,21,21,0000,District - Kandhamal  21,Urban,9,874,421,453,821,400,421,821,400,421,0,0,0,0,0,0,0,0,0,0,0,0
C3010,21,21,0000,District - Kandhamal  21,Urban,10,1184,607,577,1102,571,531,1102,571,531,0,0,0,0,0,0,0,0,0,0,0,0
C3010,21,21,0000,District - Kandhamal  21,Urban,11,976,494,482,935,477,458,935,477,458,0,0,0,0,0,0,0,0,0,0,0,0
C3010,21,21,0000,District - Kandhamal  21,Urban,12,1217,619,598,1107,575,532,1107,575,532,0,0,0,0,0,0,0,0,0,0,0,0
C3010,21,21,0000,District - Kandhamal  21,Urban,13,1020,505,515,929,470,459,929,470,459,0,0,0,0,0,0,0,0,0,0,0,0
C3010,21,21,0000,District - Kandhamal  21,Urban,14,1071,546,525,920,489,431,920,489,431,0,0,0,0,0,0,0,0,0,0,0,0
C3010,21,21,0000,District - Kandhamal  21,Urban,15-19,5067,2638,2429,3315,1816,1499,2386,1277,1109,878,500,378,42,31,11,9,8,1,0,0,0
C3010,21,21,0000,District - Kandhamal  21,Urban,20-24,4331,2188,2143,944,601,343,75,45,30,796,511,285,64,39,25,9,6,3,0,0,0
C3010,21,21,0000,District - Kandhamal  21,Urban,25-29,3923,1974,1949,93,77,16,0,0,0,58,48,10,27,23,4,8,6,2,0,0,0
C3010,21,21,0000,District - Kandhamal  21,Urban,30-34,3574,1803,1771,6,4,2,0,0,0,2,1,1,3,2,1,1,1,0,0,0,0
C3010,21,21,0000,District - Kandhamal  21,Urban,35-59,11151,6142,5009,10,8,2,0,0,0,4,3,1,4,3,1,1,1,0,1,1,0
C3010,21,21,0000,District - Kandhamal  21,Urban,60+,2391,1146,1245,5,3,2,0,0,0,4,2,2,0,0,0,0,0,0,1,1,0
C3010,21,21,0000,District - Kandhamal  21,Urban,Age not stated,29,16,13,0,0,0,0,0,0,0,0,0,0,0,0,0,0,0,0,0,0
C3010,21,22,0000,District - Baudh  *  22,Total,All ages,373372,188155,185217,61087,35104,25983,58002,32734,25268,2767,2171,596,94,71,23,48,32,16,176,96,80
C3010,21,22,0000,District - Baudh  *  22,Total,0-4,42751,21780,20971,620,321,299,620,321,299,0,0,0,0,0,0,0,0,0,0,0,0
C3010,21,22,0000,District - Baudh  *  22,Total,5,10124,5105,5019,2279,1218,1061,2279,1218,1061,0,0,0,0,0,0,0,0,0,0,0,0
C3010,21,22,0000,District - Baudh  *  22,Total,6,8167,4164,4003,4034,2162,1872,4034,2162,1872,0,0,0,0,0,0,0,0,0,0,0,0
C3010,21,22,0000,District - Baudh  *  22,Total,7,8912,4328,4584,6414,3247,3167,6414,3247,3167,0,0,0,0,0,0,0,0,0,0,0,0
C3010,21,22,0000,District - Baudh  *  22,Total,8,9864,4974,4890,7492,3982,3510,7492,3982,3510,0,0,0,0,0,0,0,0,0,0,0,0
C3010,21,22,0000,District - Baudh  *  22,Total,9,6851,3466,3385,5406,2901,2505,5406,2901,2505,0,0,0,0,0,0,0,0,0,0,0,0
C3010,21,22,0000,District - Baudh  *  22,Total,10,10470,5301,5169,7450,4095,3355,7450,4095,3355,0,0,0,0,0,0,0,0,0,0,0,0
C3010,21,22,0000,District - Baudh  *  22,Total,11,5833,2998,2835,4416,2461,1955,4416,2461,1955,0,0,0,0,0,0,0,0,0,0,0,0
C3010,21,22,0000,District - Baudh  *  22,Total,12,11036,5550,5486,6492,3790,2702,6492,3790,2702,0,0,0,0,0,0,0,0,0,0,0,0
C3010,21,22,0000,District - Baudh  *  22,Total,13,6242,3131,3111,3644,2169,1475,3644,2169,1475,0,0,0,0,0,0,0,0,0,0,0,0
C3010,21,22,0000,District - Baudh  *  22,Total,14,7281,3734,3547,3364,2145,1219,3364,2145,1219,0,0,0,0,0,0,0,0,0,0,0,0
C3010,21,22,0000,District - Baudh  *  22,Total,15-19,34989,17204,17785,7393,4978,2415,6020,3974,2046,1322,973,349,24,17,7,19,10,9,8,4,4
C3010,21,22,0000,District - Baudh  *  22,Total,20-24,31063,15233,15830,1729,1381,348,371,269,102,1309,1079,230,20,16,4,10,8,2,19,9,10
C3010,21,22,0000,District - Baudh  *  22,Total,25-29,30612,14933,15679,169,136,33,0,0,0,117,103,14,19,17,2,10,8,2,23,8,15
C3010,21,22,0000,District - Baudh  *  22,Total,30-34,27446,13569,13877,40,23,17,0,0,0,10,9,1,2,1,1,3,3,0,25,10,15
C3010,21,22,0000,District - Baudh  *  22,Total,35-59,91408,47290,44118,106,65,41,0,0,0,5,3,2,24,16,8,4,2,2,73,44,29
C3010,21,22,0000,District - Baudh  *  22,Total,60+,29777,15041,14736,36,27,9,0,0,0,1,1,0,5,4,1,2,1,1,28,21,7
C3010,21,22,0000,District - Baudh  *  22,Total,Age not stated,546,354,192,3,3,0,0,0,0,3,3,0,0,0,0,0,0,0,0,0,0
C3010,21,22,0000,District - Baudh  *  22,Rural,All ages,355347,178849,176498,56784,32808,23976,54179,30720,23459,2311,1903,408,82,65,17,38,26,12,174,94,80
C3010,21,22,0000,District - Baudh  *  22,Rural,0-4,41178,20968,20210,591,305,286,591,305,286,0,0,0,0,0,0,0,0,0,0,0,0
C3010,21,22,0000,District - Baudh  *  22,Rural,5,9747,4916,4831,2194,1171,1023,2194,1171,1023,0,0,0,0,0,0,0,0,0,0,0,0
C3010,21,22,0000,District - Baudh  *  22,Rural,6,7805,3957,3848,3830,2045,1785,3830,2045,1785,0,0,0,0,0,0,0,0,0,0,0,0
C3010,21,22,0000,District - Baudh  *  22,Rural,7,8526,4157,4369,6088,3100,2988,6088,3100,2988,0,0,0,0,0,0,0,0,0,0,0,0
C3010,21,22,0000,District - Baudh  *  22,Rural,8,9455,4773,4682,7117,3796,3321,7117,3796,3321,0,0,0,0,0,0,0,0,0,0,0,0
C3010,21,22,0000,District - Baudh  *  22,Rural,9,6517,3310,3207,5093,2752,2341,5093,2752,2341,0,0,0,0,0,0,0,0,0,0,0,0
C3010,21,22,0000,District - Baudh  *  22,Rural,10,10029,5072,4957,7051,3877,3174,7051,3877,3174,0,0,0,0,0,0,0,0,0,0,0,0
C3010,21,22,0000,District - Baudh  *  22,Rural,11,5501,2834,2667,4119,2312,1807,4119,2312,1807,0,0,0,0,0,0,0,0,0,0,0,0
C3010,21,22,0000,District - Baudh  *  22,Rural,12,10551,5308,5243,6074,3571,2503,6074,3571,2503,0,0,0,0,0,0,0,0,0,0,0,0
C3010,21,22,0000,District - Baudh  *  22,Rural,13,5866,2947,2919,3318,1998,1320,3318,1998,1320,0,0,0,0,0,0,0,0,0,0,0,0
C3010,21,22,0000,District - Baudh  *  22,Rural,14,6888,3519,3369,3061,1970,1091,3061,1970,1091,0,0,0,0,0,0,0,0,0,0,0,0
C3010,21,22,0000,District - Baudh  *  22,Rural,15-19,33116,16276,16840,6436,4447,1989,5304,3576,1728,1091,843,248,19,15,4,14,9,5,8,4,4
C3010,21,22,0000,District - Baudh  *  22,Rural,20-24,29373,14373,15000,1481,1225,256,339,247,92,1100,951,149,17,14,3,6,4,2,19,9,10
C3010,21,22,0000,District - Baudh  *  22,Rural,25-29,29136,14198,14938,151,122,29,0,0,0,104,93,11,16,15,1,9,7,2,22,7,15
C3010,21,22,0000,District - Baudh  *  22,Rural,30-34,26034,12878,13156,39,23,16,0,0,0,9,9,0,2,1,1,3,3,0,25,10,15
C3010,21,22,0000,District - Baudh  *  22,Rural,35-59,86665,44688,41977,102,64,38,0,0,0,3,3,0,23,16,7,4,2,2,72,43,29
C3010,21,22,0000,District - Baudh  *  22,Rural,60+,28439,14336,14103,36,27,9,0,0,0,1,1,0,5,4,1,2,1,1,28,21,7
C3010,21,22,0000,District - Baudh  *  22,Rural,Age not stated,521,339,182,3,3,0,0,0,0,3,3,0,0,0,0,0,0,0,0,0,0
C3010,21,22,0000,District - Baudh  *  22,Urban,All ages,18025,9306,8719,4303,2296,2007,3823,2014,1809,456,268,188,12,6,6,10,6,4,2,2,0
C3010,21,22,0000,District - Baudh  *  22,Urban,0-4,1573,812,761,29,16,13,29,16,13,0,0,0,0,0,0,0,0,0,0,0,0
C3010,21,22,0000,District - Baudh  *  22,Urban,5,377,189,188,85,47,38,85,47,38,0,0,0,0,0,0,0,0,0,0,0,0
C3010,21,22,0000,District - Baudh  *  22,Urban,6,362,207,155,204,117,87,204,117,87,0,0,0,0,0,0,0,0,0,0,0,0
C3010,21,22,0000,District - Baudh  *  22,Urban,7,386,171,215,326,147,179,326,147,179,0,0,0,0,0,0,0,0,0,0,0,0
C3010,21,22,0000,District - Baudh  *  22,Urban,8,409,201,208,375,186,189,375,186,189,0,0,0,0,0,0,0,0,0,0,0,0
C3010,21,22,0000,District - Baudh  *  22,Urban,9,334,156,178,313,149,164,313,149,164,0,0,0,0,0,0,0,0,0,0,0,0
C3010,21,22,0000,District - Baudh  *  22,Urban,10,441,229,212,399,218,181,399,218,181,0,0,0,0,0,0,0,0,0,0,0,0
C3010,21,22,0000,District - Baudh  *  22,Urban,11,332,164,168,297,149,148,297,149,148,0,0,0,0,0,0,0,0,0,0,0,0
C3010,21,22,0000,District - Baudh  *  22,Urban,12,485,242,243,418,219,199,418,219,199,0,0,0,0,0,0,0,0,0,0,0,0
C3010,21,22,0000,District - Baudh  *  22,Urban,13,376,184,192,326,171,155,326,171,155,0,0,0,0,0,0,0,0,0,0,0,0
C3010,21,22,0000,District - Baudh  *  22,Urban,14,393,215,178,303,175,128,303,175,128,0,0,0,0,0,0,0,0,0,0,0,0
C3010,21,22,0000,District - Baudh  *  22,Urban,15-19,1873,928,945,957,531,426,716,398,318,231,130,101,5,2,3,5,1,4,0,0,0
C3010,21,22,0000,District - Baudh  *  22,Urban,20-24,1690,860,830,248,156,92,32,22,10,209,128,81,3,2,1,4,4,0,0,0,0
C3010,21,22,0000,District - Baudh  *  22,Urban,25-29,1476,735,741,18,14,4,0,0,0,13,10,3,3,2,1,1,1,0,1,1,0
C3010,21,22,0000,District - Baudh  *  22,Urban,30-34,1412,691,721,1,0,1,0,0,0,1,0,1,0,0,0,0,0,0,0,0,0
C3010,21,22,0000,District - Baudh  *  22,Urban,35-59,4743,2602,2141,4,1,3,0,0,0,2,0,2,1,0,1,0,0,0,1,1,0
C3010,21,22,0000,District - Baudh  *  22,Urban,60+,1338,705,633,0,0,0,0,0,0,0,0,0,0,0,0,0,0,0,0,0,0
C3010,21,22,0000,District - Baudh  *  22,Urban,Age not stated,25,15,10,0,0,0,0,0,0,0,0,0,0,0,0,0,0,0,0,0,0
C3010,21,23,0000,District - Sonapur  *  23,Total,All ages,541835,275601,266234,109881,61210,48671,102953,55813,47140,6402,5023,1379,206,160,46,161,107,54,159,107,52
C3010,21,23,0000,District - Sonapur  *  23,Total,0-4,52316,26503,25813,965,492,473,965,492,473,0,0,0,0,0,0,0,0,0,0,0,0
C3010,21,23,0000,District - Sonapur  *  23,Total,5,13602,6996,6606,3839,2044,1795,3839,2044,1795,0,0,0,0,0,0,0,0,0,0,0,0
C3010,21,23,0000,District - Sonapur  *  23,Total,6,11341,5776,5565,6971,3600,3371,6971,3600,3371,0,0,0,0,0,0,0,0,0,0,0,0
C3010,21,23,0000,District - Sonapur  *  23,Total,7,12773,6401,6372,10274,5295,4979,10274,5295,4979,0,0,0,0,0,0,0,0,0,0,0,0
C3010,21,23,0000,District - Sonapur  *  23,Total,8,14166,7172,6994,11915,6184,5731,11915,6184,5731,0,0,0,0,0,0,0,0,0,0,0,0
C3010,21,23,0000,District - Sonapur  *  23,Total,9,10767,5487,5280,9361,4906,4455,9361,4906,4455,0,0,0,0,0,0,0,0,0,0,0,0
C3010,21,23,0000,District - Sonapur  *  23,Total,10,15152,7588,7564,12042,6275,5767,12042,6275,5767,0,0,0,0,0,0,0,0,0,0,0,0
C3010,21,23,0000,District - Sonapur  *  23,Total,11,9683,4967,4716,8237,4399,3838,8237,4399,3838,0,0,0,0,0,0,0,0,0,0,0,0
C3010,21,23,0000,District - Sonapur  *  23,Total,12,16503,8364,8139,11500,6369,5131,11500,6369,5131,0,0,0,0,0,0,0,0,0,0,0,0
C3010,21,23,0000,District - Sonapur  *  23,Total,13,10527,5257,5270,7306,4012,3294,7306,4012,3294,0,0,0,0,0,0,0,0,0,0,0,0
C3010,21,23,0000,District - Sonapur  *  23,Total,14,12606,6196,6410,6997,3967,3030,6997,3967,3030,0,0,0,0,0,0,0,0,0,0,0,0
C3010,21,23,0000,District - Sonapur  *  23,Total,15-19,57647,28432,29215,15845,9904,5941,12863,7768,5095,2832,2037,795,52,40,12,85,50,35,13,9,4
C3010,21,23,0000,District - Sonapur  *  23,Total,20-24,44767,24006,20761,3914,3173,741,683,502,181,3164,2623,541,47,37,10,13,8,5,7,3,4
C3010,21,23,0000,District - Sonapur  *  23,Total,25-29,42176,21467,20709,424,375,49,0,0,0,331,304,27,65,52,13,16,14,2,12,5,7
C3010,21,23,0000,District - Sonapur  *  23,Total,30-34,38085,18940,19145,79,62,17,0,0,0,35,30,5,11,9,2,11,7,4,22,16,6
C3010,21,23,0000,District - Sonapur  *  23,Total,35-59,130203,67200,63003,133,96,37,0,0,0,15,13,2,19,15,4,20,15,5,79,53,26
C3010,21,23,0000,District - Sonapur  *  23,Total,60+,48749,24458,24291,63,47,16,0,0,0,10,7,3,12,7,5,15,12,3,26,21,5
C3010,21,23,0000,District - Sonapur  *  23,Total,Age not stated,772,391,381,16,10,6,0,0,0,15,9,6,0,0,0,1,1,0,0,0,0
C3010,21,23,0000,District - Sonapur  *  23,Rural,All ages,501767,254805,246962,100000,55764,44236,94332,51224,43108,5219,4222,997,160,128,32,132,84,48,157,106,51
C3010,21,23,0000,District - Sonapur  *  23,Rural,0-4,49088,24877,24211,872,442,430,872,442,430,0,0,0,0,0,0,0,0,0,0,0,0
C3010,21,23,0000,District - Sonapur  *  23,Rural,5,12752,6536,6216,3523,1887,1636,3523,1887,1636,0,0,0,0,0,0,0,0,0,0,0,0
C3010,21,23,0000,District - Sonapur  *  23,Rural,6,10575,5391,5184,6429,3335,3094,6429,3335,3094,0,0,0,0,0,0,0,0,0,0,0,0
C3010,21,23,0000,District - Sonapur  *  23,Rural,7,11956,5982,5974,9551,4920,4631,9551,4920,4631,0,0,0,0,0,0,0,0,0,0,0,0
C3010,21,23,0000,District - Sonapur  *  23,Rural,8,13195,6681,6514,11037,5733,5304,11037,5733,5304,0,0,0,0,0,0,0,0,0,0,0,0
C3010,21,23,0000,District - Sonapur  *  23,Rural,9,10056,5091,4965,8706,4534,4172,8706,4534,4172,0,0,0,0,0,0,0,0,0,0,0,0
C3010,21,23,0000,District - Sonapur  *  23,Rural,10,14139,7066,7073,11153,5795,5358,11153,5795,5358,0,0,0,0,0,0,0,0,0,0,0,0
C3010,21,23,0000,District - Sonapur  *  23,Rural,11,8922,4579,4343,7544,4038,3506,7544,4038,3506,0,0,0,0,0,0,0,0,0,0,0,0
C3010,21,23,0000,District - Sonapur  *  23,Rural,12,15365,7764,7601,10607,5876,4731,10607,5876,4731,0,0,0,0,0,0,0,0,0,0,0,0
C3010,21,23,0000,District - Sonapur  *  23,Rural,13,9758,4860,4898,6669,3669,3000,6669,3669,3000,0,0,0,0,0,0,0,0,0,0,0,0
C3010,21,23,0000,District - Sonapur  *  23,Rural,14,11695,5762,5933,6353,3644,2709,6353,3644,2709,0,0,0,0,0,0,0,0,0,0,0,0
C3010,21,23,0000,District - Sonapur  *  23,Rural,15-19,53169,26118,27051,13677,8665,5012,11271,6892,4379,2276,1690,586,41,32,9,76,42,34,13,9,4
C3010,21,23,0000,District - Sonapur  *  23,Rural,20-24,41063,22065,18998,3256,2703,553,617,459,158,2587,2206,381,40,31,9,5,4,1,7,3,4
C3010,21,23,0000,District - Sonapur  *  23,Rural,25-29,38885,19770,19115,353,318,35,0,0,0,291,271,20,41,35,6,9,7,2,12,5,7
C3010,21,23,0000,District - Sonapur  *  23,Rural,30-34,35025,17387,17638,67,56,11,0,0,0,30,29,1,9,8,1,8,4,4,20,15,5
C3010,21,23,0000,District - Sonapur  *  23,Rural,35-59,119983,61673,58310,127,93,34,0,0,0,12,11,1,17,15,2,19,14,5,79,53,26
C3010,21,23,0000,District - Sonapur  *  23,Rural,60+,45424,22834,22590,60,46,14,0,0,0,8,6,2,12,7,5,14,12,2,26,21,5
C3010,21,23,0000,District - Sonapur  *  23,Rural,Age not stated,717,369,348,16,10,6,0,0,0,15,9,6,0,0,0,1,1,0,0,0,0
C3010,21,23,0000,District - Sonapur  *  23,Urban,All ages,40068,20796,19272,9881,5446,4435,8621,4589,4032,1183,801,382,46,32,14,29,23,6,2,1,1
C3010,21,23,0000,District - Sonapur  *  23,Urban,0-4,3228,1626,1602,93,50,43,93,50,43,0,0,0,0,0,0,0,0,0,0,0,0
C3010,21,23,0000,District - Sonapur  *  23,Urban,5,850,460,390,316,157,159,316,157,159,0,0,0,0,0,0,0,0,0,0,0,0
C3010,21,23,0000,District - Sonapur  *  23,Urban,6,766,385,381,542,265,277,542,265,277,0,0,0,0,0,0,0,0,0,0,0,0
C3010,21,23,0000,District - Sonapur  *  23,Urban,7,817,419,398,723,375,348,723,375,348,0,0,0,0,0,0,0,0,0,0,0,0
C3010,21,23,0000,District - Sonapur  *  23,Urban,8,971,491,480,878,451,427,878,451,427,0,0,0,0,0,0,0,0,0,0,0,0
C3010,21,23,0000,District - Sonapur  *  23,Urban,9,711,396,315,655,372,283,655,372,283,0,0,0,0,0,0,0,0,0,0,0,0
C3010,21,23,0000,District - Sonapur  *  23,Urban,10,1013,522,491,889,480,409,889,480,409,0,0,0,0,0,0,0,0,0,0,0,0
C3010,21,23,0000,District - Sonapur  *  23,Urban,11,761,388,373,693,361,332,693,361,332,0,0,0,0,0,0,0,0,0,0,0,0
C3010,21,23,0000,District - Sonapur  *  23,Urban,12,1138,600,538,893,493,400,893,493,400,0,0,0,0,0,0,0,0,0,0,0,0
C3010,21,23,0000,District - Sonapur  *  23,Urban,13,769,397,372,637,343,294,637,343,294,0,0,0,0,0,0,0,0,0,0,0,0
C3010,21,23,0000,District - Sonapur  *  23,Urban,14,911,434,477,644,323,321,644,323,321,0,0,0,0,0,0,0,0,0,0,0,0
C3010,21,23,0000,District - Sonapur  *  23,Urban,15-19,4478,2314,2164,2168,1239,929,1592,876,716,556,347,209,11,8,3,9,8,1,0,0,0
C3010,21,23,0000,District - Sonapur  *  23,Urban,20-24,3704,1941,1763,658,470,188,66,43,23,577,417,160,7,6,1,8,4,4,0,0,0
C3010,21,23,0000,District - Sonapur  *  23,Urban,25-29,3291,1697,1594,71,57,14,0,0,0,40,33,7,24,17,7,7,7,0,0,0,0
C3010,21,23,0000,District - Sonapur  *  23,Urban,30-34,3060,1553,1507,12,6,6,0,0,0,5,1,4,2,1,1,3,3,0,2,1,1
C3010,21,23,0000,District - Sonapur  *  23,Urban,35-59,10220,5527,4693,6,3,3,0,0,0,3,2,1,2,0,2,1,1,0,0,0,0
C3010,21,23,0000,District - Sonapur  *  23,Urban,60+,3325,1624,1701,3,1,2,0,0,0,2,1,1,0,0,0,1,0,1,0,0,0
C3010,21,23,0000,District - Sonapur  *  23,Urban,Age not stated,55,22,33,0,0,0,0,0,0,0,0,0,0,0,0,0,0,0,0,0,0
C3010,21,24,0000,District - Balangir  24,Total,All ages,1337194,673985,663209,250313,143393,106920,232071,130192,101879,16495,12044,4451,712,553,159,463,283,180,572,321,251
C3010,21,24,0000,District - Balangir  24,Total,0-4,131174,66332,64842,1975,985,990,1975,985,990,0,0,0,0,0,0,0,0,0,0,0,0
C3010,21,24,0000,District - Balangir  24,Total,5,32859,16845,16014,9493,5071,4422,9493,5071,4422,0,0,0,0,0,0,0,0,0,0,0,0
C3010,21,24,0000,District - Balangir  24,Total,6,27641,14254,13387,16640,9058,7582,16640,9058,7582,0,0,0,0,0,0,0,0,0,0,0,0
C3010,21,24,0000,District - Balangir  24,Total,7,31195,15248,15947,23908,12253,11655,23908,12253,11655,0,0,0,0,0,0,0,0,0,0,0,0
C3010,21,24,0000,District - Balangir  24,Total,8,34331,17292,17039,26764,14190,12574,26764,14190,12574,0,0,0,0,0,0,0,0,0,0,0,0
C3010,21,24,0000,District - Balangir  24,Total,9,25966,13268,12698,21347,11479,9868,21347,11479,9868,0,0,0,0,0,0,0,0,0,0,0,0
C3010,21,24,0000,District - Balangir  24,Total,10,37725,19036,18689,27424,15054,12370,27424,15054,12370,0,0,0,0,0,0,0,0,0,0,0,0
C3010,21,24,0000,District - Balangir  24,Total,11,21184,11131,10053,17096,9523,7573,17096,9523,7573,0,0,0,0,0,0,0,0,0,0,0,0
C3010,21,24,0000,District - Balangir  24,Total,12,39346,20327,19019,25184,14671,10513,25184,14671,10513,0,0,0,0,0,0,0,0,0,0,0,0
C3010,21,24,0000,District - Balangir  24,Total,13,23182,11823,11359,15391,8867,6524,15391,8867,6524,0,0,0,0,0,0,0,0,0,0,0,0
C3010,21,24,0000,District - Balangir  24,Total,14,28154,14217,13937,15195,9037,6158,15195,9037,6158,0,0,0,0,0,0,0,0,0,0,0,0
C3010,21,24,0000,District - Balangir  24,Total,15-19,128339,63696,64643,37417,23782,13635,29693,18603,11090,7296,4909,2387,194,154,40,202,104,98,32,12,20
C3010,21,24,0000,District - Balangir  24,Total,20-24,107896,55433,52463,10235,7680,2555,1961,1401,560,7976,6075,1901,177,141,36,67,39,28,54,24,30
C3010,21,24,0000,District - Balangir  24,Total,25-29,108354,53997,54357,1334,1135,199,0,0,0,1022,908,114,157,135,22,73,52,21,82,40,42
C3010,21,24,0000,District - Balangir  24,Total,30-34,101335,49553,51782,248,173,75,0,0,0,101,86,15,49,40,9,21,12,9,77,35,42
C3010,21,24,0000,District - Balangir  24,Total,35-59,330789,171045,159744,459,301,158,0,0,0,46,37,9,98,65,33,65,49,16,250,150,100
C3010,21,24,0000,District - Balangir  24,Total,60+,125822,59420,66402,169,116,53,0,0,0,26,14,12,35,18,17,32,25,7,76,59,17
C3010,21,24,0000,District - Balangir  24,Total,Age not stated,1902,1068,834,34,18,16,0,0,0,28,15,13,2,0,2,3,2,1,1,1,0
C3010,21,24,0000,District - Balangir  24,Rural,All ages,1182871,594182,588689,211064,122184,88880,199493,113015,86478,10329,8374,1955,374,286,88,343,217,126,525,292,233
C3010,21,24,0000,District - Balangir  24,Rural,0-4,118637,59889,58748,1557,771,786,1557,771,786,0,0,0,0,0,0,0,0,0,0,0,0
C3010,21,24,0000,District - Balangir  24,Rural,5,29656,15193,14463,8446,4513,3933,8446,4513,3933,0,0,0,0,0,0,0,0,0,0,0,0
C3010,21,24,0000,District - Balangir  24,Rural,6,25052,12867,12185,14999,8159,6840,14999,8159,6840,0,0,0,0,0,0,0,0,0,0,0,0
C3010,21,24,0000,District - Balangir  24,Rural,7,28094,13710,14384,21261,10907,10354,21261,10907,10354,0,0,0,0,0,0,0,0,0,0,0,0
C3010,21,24,0000,District - Balangir  24,Rural,8,30952,15566,15386,23858,12665,11193,23858,12665,11193,0,0,0,0,0,0,0,0,0,0,0,0
C3010,21,24,0000,District - Balangir  24,Rural,9,23225,11864,11361,18918,10208,8710,18918,10208,8710,0,0,0,0,0,0,0,0,0,0,0,0
C3010,21,24,0000,District - Balangir  24,Rural,10,33852,17109,16743,24123,13375,10748,24123,13375,10748,0,0,0,0,0,0,0,0,0,0,0,0
C3010,21,24,0000,District - Balangir  24,Rural,11,18514,9762,8752,14727,8271,6456,14727,8271,6456,0,0,0,0,0,0,0,0,0,0,0,0
C3010,21,24,0000,District - Balangir  24,Rural,12,35254,18204,17050,21835,12893,8942,21835,12893,8942,0,0,0,0,0,0,0,0,0,0,0,0
C3010,21,24,0000,District - Balangir  24,Rural,13,20161,10307,9854,12846,7556,5290,12846,7556,5290,0,0,0,0,0,0,0,0,0,0,0,0
C3010,21,24,0000,District - Balangir  24,Rural,14,24787,12481,12306,12606,7654,4952,12606,7654,4952,0,0,0,0,0,0,0,0,0,0,0,0
C3010,21,24,0000,District - Balangir  24,Rural,15-19,111502,55072,56430,27616,18494,9122,22764,14881,7883,4560,3431,1129,106,84,22,155,86,69,31,12,19
C3010,21,24,0000,District - Balangir  24,Rural,20-24,92841,47555,45286,6693,5488,1205,1553,1162,391,4977,4216,761,79,68,11,32,19,13,52,23,29
C3010,21,24,0000,District - Balangir  24,Rural,25-29,94291,46780,47511,880,769,111,0,0,0,692,643,49,65,57,8,46,32,14,77,37,40
C3010,21,24,0000,District - Balangir  24,Rural,30-34,88779,43172,45607,192,130,62,0,0,0,65,61,4,32,23,9,20,12,8,75,34,41
C3010,21,24,0000,District - Balangir  24,Rural,35-59,290923,149698,141225,378,239,139,0,0,0,17,14,3,66,42,24,58,43,15,237,140,97
C3010,21,24,0000,District - Balangir  24,Rural,60+,114810,54089,60721,118,85,33,0,0,0,10,4,6,25,12,13,31,24,7,52,45,7
C3010,21,24,0000,District - Balangir  24,Rural,Age not stated,1541,864,677,11,7,4,0,0,0,8,5,3,1,0,1,1,1,0,1,1,0
C3010,21,24,0000,District - Balangir  24,Urban,All ages,154323,79803,74520,39249,21209,18040,32578,17177,15401,6166,3670,2496,338,267,71,120,66,54,47,29,18
C3010,21,24,0000,District - Balangir  24,Urban,0-4,12537,6443,6094,418,214,204,418,214,204,0,0,0,0,0,0,0,0,0,0,0,0
C3010,21,24,0000,District - Balangir  24,Urban,5,3203,1652,1551,1047,558,489,1047,558,489,0,0,0,0,0,0,0,0,0,0,0,0
C3010,21,24,0000,District - Balangir  24,Urban,6,2589,1387,1202,1641,899,742,1641,899,742,0,0,0,0,0,0,0,0,0,0,0,0
C3010,21,24,0000,District - Balangir  24,Urban,7,3101,1538,1563,2647,1346,1301,2647,1346,1301,0,0,0,0,0,0,0,0,0,0,0,0
C3010,21,24,0000,District - Balangir  24,Urban,8,3379,1726,1653,2906,1525,1381,2906,1525,1381,0,0,0,0,0,0,0,0,0,0,0,0
C3010,21,24,0000,District - Balangir  24,Urban,9,2741,1404,1337,2429,1271,1158,2429,1271,1158,0,0,0,0,0,0,0,0,0,0,0,0
C3010,21,24,0000,District - Balangir  24,Urban,10,3873,1927,1946,3301,1679,1622,3301,1679,1622,0,0,0,0,0,0,0,0,0,0,0,0
C3010,21,24,0000,District - Balangir  24,Urban,11,2670,1369,1301,2369,1252,1117,2369,1252,1117,0,0,0,0,0,0,0,0,0,0,0,0
C3010,21,24,0000,District - Balangir  24,Urban,12,4092,2123,1969,3349,1778,1571,3349,1778,1571,0,0,0,0,0,0,0,0,0,0,0,0
C3010,21,24,0000,District - Balangir  24,Urban,13,3021,1516,1505,2545,1311,1234,2545,1311,1234,0,0,0,0,0,0,0,0,0,0,0,0
C3010,21,24,0000,District - Balangir  24,Urban,14,3367,1736,1631,2589,1383,1206,2589,1383,1206,0,0,0,0,0,0,0,0,0,0,0,0
C3010,21,24,0000,District - Balangir  24,Urban,15-19,16837,8624,8213,9801,5288,4513,6929,3722,3207,2736,1478,1258,88,70,18,47,18,29,1,0,1
C3010,21,24,0000,District - Balangir  24,Urban,20-24,15055,7878,7177,3542,2192,1350,408,239,169,2999,1859,1140,98,73,25,35,20,15,2,1,1
C3010,21,24,0000,District - Balangir  24,Urban,25-29,14063,7217,6846,454,366,88,0,0,0,330,265,65,92,78,14,27,20,7,5,3,2
C3010,21,24,0000,District - Balangir  24,Urban,30-34,12556,6381,6175,56,43,13,0,0,0,36,25,11,17,17,0,1,0,1,2,1,1
C3010,21,24,0000,District - Balangir  24,Urban,35-59,39866,21347,18519,81,62,19,0,0,0,29,23,6,32,23,9,7,6,1,13,10,3
C3010,21,24,0000,District - Balangir  24,Urban,60+,11012,5331,5681,51,31,20,0,0,0,16,10,6,10,6,4,1,1,0,24,14,10
C3010,21,24,0000,District - Balangir  24,Urban,Age not stated,361,204,157,23,11,12,0,0,0,20,10,10,1,0,1,2,1,1,0,0,0
C3010,21,25,0000,District - Nuapada  *  25,Total,All ages,530690,264396,266294,83800,51256,32544,79635,47949,31686,3607,2888,719,121,93,28,164,126,38,273,200,73
C3010,21,25,0000,District - Nuapada  *  25,Total,0-4,57219,29051,28168,1021,528,493,1021,528,493,0,0,0,0,0,0,0,0,0,0,0,0
C3010,21,25,0000,District - Nuapada  *  25,Total,5,15083,7686,7397,3817,2143,1674,3817,2143,1674,0,0,0,0,0,0,0,0,0,0,0,0
C3010,21,25,0000,District - Nuapada  *  25,Total,6,12219,6190,6029,5780,3209,2571,5780,3209,2571,0,0,0,0,0,0,0,0,0,0,0,0
C3010,21,25,0000,District - Nuapada  *  25,Total,7,14061,6941,7120,9003,4979,4024,9003,4979,4024,0,0,0,0,0,0,0,0,0,0,0,0
C3010,21,25,0000,District - Nuapada  *  25,Total,8,15629,7892,7737,10075,5784,4291,10075,5784,4291,0,0,0,0,0,0,0,0,0,0,0,0
C3010,21,25,0000,District - Nuapada  *  25,Total,9,10407,5301,5106,7292,4212,3080,7292,4212,3080,0,0,0,0,0,0,0,0,0,0,0,0
C3010,21,25,0000,District - Nuapada  *  25,Total,10,16957,8574,8383,9790,5935,3855,9790,5935,3855,0,0,0,0,0,0,0,0,0,0,0,0
C3010,21,25,0000,District - Nuapada  *  25,Total,11,7958,4164,3794,5574,3363,2211,5574,3363,2211,0,0,0,0,0,0,0,0,0,0,0,0
C3010,21,25,0000,District - Nuapada  *  25,Total,12,15632,7840,7792,7940,4953,2987,7940,4953,2987,0,0,0,0,0,0,0,0,0,0,0,0
C3010,21,25,0000,District - Nuapada  *  25,Total,13,9799,4990,4809,5363,3403,1960,5363,3403,1960,0,0,0,0,0,0,0,0,0,0,0,0
C3010,21,25,0000,District - Nuapada  *  25,Total,14,9904,4973,4931,4701,3054,1647,4701,3054,1647,0,0,0,0,0,0,0,0,0,0,0,0
C3010,21,25,0000,District - Nuapada  *  25,Total,15-19,46672,23409,23263,10563,7314,3249,8754,5977,2777,1698,1271,427,30,19,11,61,38,23,20,9,11
C3010,21,25,0000,District - Nuapada  *  25,Total,20-24,40656,19333,21323,2282,1866,416,525,409,116,1691,1408,283,21,17,4,22,16,6,23,16,7
C3010,21,25,0000,District - Nuapada  *  25,Total,25-29,43370,21306,22064,294,270,24,0,0,0,191,186,5,27,24,3,28,27,1,48,33,15
C3010,21,25,0000,District - Nuapada  *  25,Total,30-34,40332,19823,20509,84,69,15,0,0,0,16,15,1,17,15,2,14,10,4,37,29,8
C3010,21,25,0000,District - Nuapada  *  25,Total,35-59,125897,65144,60753,170,137,33,0,0,0,8,7,1,22,18,4,27,25,2,113,87,26
C3010,21,25,0000,District - Nuapada  *  25,Total,60+,48617,21616,27001,50,37,13,0,0,0,2,1,1,4,0,4,12,10,2,32,26,6
C3010,21,25,0000,District - Nuapada  *  25,Total,Age not stated,278,163,115,1,0,1,0,0,0,1,0,1,0,0,0,0,0,0,0,0,0
C3010,21,25,0000,District - Nuapada  *  25,Rural,All ages,500652,249146,251506,76557,47326,29231,72969,44391,28578,3068,2544,524,102,78,24,151,115,36,267,198,69
C3010,21,25,0000,District - Nuapada  *  25,Rural,0-4,54283,27536,26747,850,437,413,850,437,413,0,0,0,0,0,0,0,0,0,0,0,0
C3010,21,25,0000,District - Nuapada  *  25,Rural,5,14412,7367,7045,3505,1998,1507,3505,1998,1507,0,0,0,0,0,0,0,0,0,0,0,0
C3010,21,25,0000,District - Nuapada  *  25,Rural,6,11615,5882,5733,5367,2991,2376,5367,2991,2376,0,0,0,0,0,0,0,0,0,0,0,0
C3010,21,25,0000,District - Nuapada  *  25,Rural,7,13280,6556,6724,8354,4645,3709,8354,4645,3709,0,0,0,0,0,0,0,0,0,0,0,0
C3010,21,25,0000,District - Nuapada  *  25,Rural,8,14864,7486,7378,9415,5419,3996,9415,5419,3996,0,0,0,0,0,0,0,0,0,0,0,0
C3010,21,25,0000,District - Nuapada  *  25,Rural,9,9785,4986,4799,6740,3928,2812,6740,3928,2812,0,0,0,0,0,0,0,0,0,0,0,0
C3010,21,25,0000,District - Nuapada  *  25,Rural,10,16211,8202,8009,9157,5613,3544,9157,5613,3544,0,0,0,0,0,0,0,0,0,0,0,0
C3010,21,25,0000,District - Nuapada  *  25,Rural,11,7353,3848,3505,5044,3081,1963,5044,3081,1963,0,0,0,0,0,0,0,0,0,0,0,0
C3010,21,25,0000,District - Nuapada  *  25,Rural,12,14845,7458,7387,7336,4639,2697,7336,4639,2697,0,0,0,0,0,0,0,0,0,0,0,0
C3010,21,25,0000,District - Nuapada  *  25,Rural,13,9126,4636,4490,4819,3104,1715,4819,3104,1715,0,0,0,0,0,0,0,0,0,0,0,0
C3010,21,25,0000,District - Nuapada  *  25,Rural,14,9284,4654,4630,4231,2796,1435,4231,2796,1435,0,0,0,0,0,0,0,0,0,0,0,0
C3010,21,25,0000,District - Nuapada  *  25,Rural,15-19,43677,21803,21874,9155,6507,2648,7663,5355,2308,1396,1096,300,22,13,9,56,34,22,18,9,9
C3010,21,25,0000,District - Nuapada  *  25,Rural,20-24,37976,17970,20006,2018,1682,336,488,385,103,1475,1258,217,15,12,3,17,11,6,23,16,7
C3010,21,25,0000,District - Nuapada  *  25,Rural,25-29,40826,20068,20758,271,249,22,0,0,0,177,173,4,23,20,3,26,25,1,45,31,14
C3010,21,25,0000,District - Nuapada  *  25,Rural,30-34,37979,18655,19324,81,67,14,0,0,0,13,13,0,17,15,2,14,10,4,37,29,8
C3010,21,25,0000,District - Nuapada  *  25,Rural,35-59,118346,61178,57168,164,133,31,0,0,0,4,3,1,22,18,4,26,25,1,112,87,25
C3010,21,25,0000,District - Nuapada  *  25,Rural,60+,46535,20711,25824,49,37,12,0,0,0,2,1,1,3,0,3,12,10,2,32,26,6
C3010,21,25,0000,District - Nuapada  *  25,Rural,Age not stated,255,150,105,1,0,1,0,0,0,1,0,1,0,0,0,0,0,0,0,0,0
C3010,21,25,0000,District - Nuapada  *  25,Urban,All ages,30038,15250,14788,7243,3930,3313,6666,3558,3108,539,344,195,19,15,4,13,11,2,6,2,4
C3010,21,25,0000,District - Nuapada  *  25,Urban,0-4,2936,1515,1421,171,91,80,171,91,80,0,0,0,0,0,0,0,0,0,0,0,0
C3010,21,25,0000,District - Nuapada  *  25,Urban,5,671,319,352,312,145,167,312,145,167,0,0,0,0,0,0,0,0,0,0,0,0
C3010,21,25,0000,District - Nuapada  *  25,Urban,6,604,308,296,413,218,195,413,218,195,0,0,0,0,0,0,0,0,0,0,0,0
C3010,21,25,0000,District - Nuapada  *  25,Urban,7,781,385,396,649,334,315,649,334,315,0,0,0,0,0,0,0,0,0,0,0,0
C3010,21,25,0000,District - Nuapada  *  25,Urban,8,765,406,359,660,365,295,660,365,295,0,0,0,0,0,0,0,0,0,0,0,0
C3010,21,25,0000,District - Nuapada  *  25,Urban,9,622,315,307,552,284,268,552,284,268,0,0,0,0,0,0,0,0,0,0,0,0
C3010,21,25,0000,District - Nuapada  *  25,Urban,10,746,372,374,633,322,311,633,322,311,0,0,0,0,0,0,0,0,0,0,0,0
C3010,21,25,0000,District - Nuapada  *  25,Urban,11,605,316,289,530,282,248,530,282,248,0,0,0,0,0,0,0,0,0,0,0,0
C3010,21,25,0000,District - Nuapada  *  25,Urban,12,787,382,405,604,314,290,604,314,290,0,0,0,0,0,0,0,0,0,0,0,0
C3010,21,25,0000,District - Nuapada  *  25,Urban,13,673,354,319,544,299,245,544,299,245,0,0,0,0,0,0,0,0,0,0,0,0
C3010,21,25,0000,District - Nuapada  *  25,Urban,14,620,319,301,470,258,212,470,258,212,0,0,0,0,0,0,0,0,0,0,0,0
C3010,21,25,0000,District - Nuapada  *  25,Urban,15-19,2995,1606,1389,1408,807,601,1091,622,469,302,175,127,8,6,2,5,4,1,2,0,2
C3010,21,25,0000,District - Nuapada  *  25,Urban,20-24,2680,1363,1317,264,184,80,37,24,13,216,150,66,6,5,1,5,5,0,0,0,0
C3010,21,25,0000,District - Nuapada  *  25,Urban,25-29,2544,1238,1306,23,21,2,0,0,0,14,13,1,4,4,0,2,2,0,3,2,1
C3010,21,25,0000,District - Nuapada  *  25,Urban,30-34,2353,1168,1185,3,2,1,0,0,0,3,2,1,0,0,0,0,0,0,0,0,0
C3010,21,25,0000,District - Nuapada  *  25,Urban,35-59,7551,3966,3585,6,4,2,0,0,0,4,4,0,0,0,0,1,0,1,1,0,1
C3010,21,25,0000,District - Nuapada  *  25,Urban,60+,2082,905,1177,1,0,1,0,0,0,0,0,0,1,0,1,0,0,0,0,0,0
C3010,21,25,0000,District - Nuapada  *  25,Urban,Age not stated,23,13,10,0,0,0,0,0,0,0,0,0,0,0,0,0,0,0,0,0,0
C3010,21,26,0000,District - Kalahandi  26,Total,All ages,1335494,667526,667968,217994,131288,86706,204878,121031,83847,11648,9158,2490,578,462,116,309,238,71,581,399,182
C3010,21,26,0000,District - Kalahandi  26,Total,0-4,149347,74919,74428,1825,968,857,1825,968,857,0,0,0,0,0,0,0,0,0,0,0,0
C3010,21,26,0000,District - Kalahandi  26,Total,5,36697,18743,17954,10566,5790,4776,10566,5790,4776,0,0,0,0,0,0,0,0,0,0,0,0
C3010,21,26,0000,District - Kalahandi  26,Total,6,31845,16145,15700,16497,9001,7496,16497,9001,7496,0,0,0,0,0,0,0,0,0,0,0,0
C3010,21,26,0000,District - Kalahandi  26,Total,7,31525,15545,15980,20602,11063,9539,20602,11063,9539,0,0,0,0,0,0,0,0,0,0,0,0
C3010,21,26,0000,District - Kalahandi  26,Total,8,36179,17769,18410,24549,13356,11193,24549,13356,11193,0,0,0,0,0,0,0,0,0,0,0,0
C3010,21,26,0000,District - Kalahandi  26,Total,9,25799,13042,12757,18840,10559,8281,18840,10559,8281,0,0,0,0,0,0,0,0,0,0,0,0
C3010,21,26,0000,District - Kalahandi  26,Total,10,39670,20239,19431,25318,14966,10352,25318,14966,10352,0,0,0,0,0,0,0,0,0,0,0,0
C3010,21,26,0000,District - Kalahandi  26,Total,11,19270,10184,9086,14129,8420,5709,14129,8420,5709,0,0,0,0,0,0,0,0,0,0,0,0
C3010,21,26,0000,District - Kalahandi  26,Total,12,37640,19338,18302,21130,13105,8025,21130,13105,8025,0,0,0,0,0,0,0,0,0,0,0,0
C3010,21,26,0000,District - Kalahandi  26,Total,13,23055,11674,11381,13384,8368,5016,13384,8368,5016,0,0,0,0,0,0,0,0,0,0,0,0
C3010,21,26,0000,District - Kalahandi  26,Total,14,25390,12879,12511,12576,8143,4433,12576,8143,4433,0,0,0,0,0,0,0,0,0,0,0,0
C3010,21,26,0000,District - Kalahandi  26,Total,15-19,112072,56842,55230,29516,20216,9300,24027,16176,7851,5187,3808,1379,138,112,26,147,111,36,17,9,8
C3010,21,26,0000,District - Kalahandi  26,Total,20-24,105463,51071,54392,7427,5992,1435,1435,1116,319,5712,4669,1043,174,139,35,38,31,7,68,37,31
C3010,21,26,0000,District - Kalahandi  26,Total,25-29,114778,56718,58060,867,776,91,0,0,0,630,587,43,110,97,13,40,38,2,87,54,33
C3010,21,26,0000,District - Kalahandi  26,Total,30-34,107252,53229,54023,240,191,49,0,0,0,58,49,9,72,66,6,21,15,6,89,61,28
C3010,21,26,0000,District - Kalahandi  26,Total,35-59,329799,169735,160064,403,289,114,0,0,0,33,26,7,63,37,26,42,30,12,265,196,69
C3010,21,26,0000,District - Kalahandi  26,Total,60+,107933,48503,59430,102,71,31,0,0,0,11,8,3,19,10,9,19,12,7,53,41,12
C3010,21,26,0000,District - Kalahandi  26,Total,Age not stated,1780,951,829,23,14,9,0,0,0,17,11,6,2,1,1,2,1,1,2,1,1
C3010,21,26,0000,District - Kalahandi  26,Rural,All ages,1235275,615612,619663,193283,117865,75418,183523,109810,73713,8584,7197,1387,332,258,74,265,202,63,579,398,181
C3010,21,26,0000,District - Kalahandi  26,Rural,0-4,140290,70399,69891,1554,833,721,1554,833,721,0,0,0,0,0,0,0,0,0,0,0,0
C3010,21,26,0000,District - Kalahandi  26,Rural,5,34401,17524,16877,9805,5384,4421,9805,5384,4421,0,0,0,0,0,0,0,0,0,0,0,0
C3010,21,26,0000,District - Kalahandi  26,Rural,6,29874,15156,14718,15325,8399,6926,15325,8399,6926,0,0,0,0,0,0,0,0,0,0,0,0
C3010,21,26,0000,District - Kalahandi  26,Rural,7,29523,14555,14968,18952,10238,8714,18952,10238,8714,0,0,0,0,0,0,0,0,0,0,0,0
C3010,21,26,0000,District - Kalahandi  26,Rural,8,33747,16549,17198,22497,12298,10199,22497,12298,10199,0,0,0,0,0,0,0,0,0,0,0,0
C3010,21,26,0000,District - Kalahandi  26,Rural,9,23848,12060,11788,17097,9665,7432,17097,9665,7432,0,0,0,0,0,0,0,0,0,0,0,0
C3010,21,26,0000,District - Kalahandi  26,Rural,10,36951,18830,18121,23003,13731,9272,23003,13731,9272,0,0,0,0,0,0,0,0,0,0,0,0
C3010,21,26,0000,District - Kalahandi  26,Rural,11,17442,9238,8204,12526,7556,4970,12526,7556,4970,0,0,0,0,0,0,0,0,0,0,0,0
C3010,21,26,0000,District - Kalahandi  26,Rural,12,34957,17998,16959,18948,11990,6958,18948,11990,6958,0,0,0,0,0,0,0,0,0,0,0,0
C3010,21,26,0000,District - Kalahandi  26,Rural,13,20944,10594,10350,11646,7444,4202,11646,7444,4202,0,0,0,0,0,0,0,0,0,0,0,0
C3010,21,26,0000,District - Kalahandi  26,Rural,14,23198,11767,11431,10890,7247,3643,10890,7247,3643,0,0,0,0,0,0,0,0,0,0,0,0
C3010,21,26,0000,District - Kalahandi  26,Rural,15-19,101849,51508,50341,24032,17171,6861,20007,14004,6003,3789,2988,801,88,73,15,131,97,34,17,9,8
C3010,21,26,0000,District - Kalahandi  26,Rural,20-24,96103,46178,49925,5666,4812,854,1273,1021,252,4226,3670,556,70,60,10,29,24,5,68,37,31
C3010,21,26,0000,District - Kalahandi  26,Rural,25-29,105686,52045,53641,679,617,62,0,0,0,494,476,18,69,59,10,29,28,1,87,54,33
C3010,21,26,0000,District - Kalahandi  26,Rural,30-34,98861,48958,49903,172,131,41,0,0,0,37,33,4,29,24,5,18,13,5,88,61,27
C3010,21,26,0000,District - Kalahandi  26,Rural,35-59,304033,155714,148319,380,273,107,0,0,0,20,17,3,57,33,24,38,27,11,265,196,69
C3010,21,26,0000,District - Kalahandi  26,Rural,60+,101940,45681,56259,96,67,29,0,0,0,8,6,2,18,9,9,18,12,6,52,40,12
C3010,21,26,0000,District - Kalahandi  26,Rural,Age not stated,1628,858,770,15,9,6,0,0,0,10,7,3,1,0,1,2,1,1,2,1,1
C3010,21,26,0000,District - Kalahandi  26,Urban,All ages,100219,51914,48305,24711,13423,11288,21355,11221,10134,3064,1961,1103,246,204,42,44,36,8,2,1,1
C3010,21,26,0000,District - Kalahandi  26,Urban,0-4,9057,4520,4537,271,135,136,271,135,136,0,0,0,0,0,0,0,0,0,0,0,0
C3010,21,26,0000,District - Kalahandi  26,Urban,5,2296,1219,1077,761,406,355,761,406,355,0,0,0,0,0,0,0,0,0,0,0,0
C3010,21,26,0000,District - Kalahandi  26,Urban,6,1971,989,982,1172,602,570,1172,602,570,0,0,0,0,0,0,0,0,0,0,0,0
C3010,21,26,0000,District - Kalahandi  26,Urban,7,2002,990,1012,1650,825,825,1650,825,825,0,0,0,0,0,0,0,0,0,0,0,0
C3010,21,26,0000,District - Kalahandi  26,Urban,8,2432,1220,1212,2052,1058,994,2052,1058,994,0,0,0,0,0,0,0,0,0,0,0,0
C3010,21,26,0000,District - Kalahandi  26,Urban,9,1951,982,969,1743,894,849,1743,894,849,0,0,0,0,0,0,0,0,0,0,0,0
C3010,21,26,0000,District - Kalahandi  26,Urban,10,2719,1409,1310,2315,1235,1080,2315,1235,1080,0,0,0,0,0,0,0,0,0,0,0,0
C3010,21,26,0000,District - Kalahandi  26,Urban,11,1828,946,882,1603,864,739,1603,864,739,0,0,0,0,0,0,0,0,0,0,0,0
C3010,21,26,0000,District - Kalahandi  26,Urban,12,2683,1340,1343,2182,1115,1067,2182,1115,1067,0,0,0,0,0,0,0,0,0,0,0,0
C3010,21,26,0000,District - Kalahandi  26,Urban,13,2111,1080,1031,1738,924,814,1738,924,814,0,0,0,0,0,0,0,0,0,0,0,0
C3010,21,26,0000,District - Kalahandi  26,Urban,14,2192,1112,1080,1686,896,790,1686,896,790,0,0,0,0,0,0,0,0,0,0,0,0
C3010,21,26,0000,District - Kalahandi  26,Urban,15-19,10223,5334,4889,5484,3045,2439,4020,2172,1848,1398,820,578,50,39,11,16,14,2,0,0,0
C3010,21,26,0000,District - Kalahandi  26,Urban,20-24,9360,4893,4467,1761,1180,581,162,95,67,1486,999,487,104,79,25,9,7,2,0,0,0
C3010,21,26,0000,District - Kalahandi  26,Urban,25-29,9092,4673,4419,188,159,29,0,0,0,136,111,25,41,38,3,11,10,1,0,0,0
C3010,21,26,0000,District - Kalahandi  26,Urban,30-34,8391,4271,4120,68,60,8,0,0,0,21,16,5,43,42,1,3,2,1,1,0,1
C3010,21,26,0000,District - Kalahandi  26,Urban,35-59,25766,14021,11745,23,16,7,0,0,0,13,9,4,6,4,2,4,3,1,0,0,0
C3010,21,26,0000,District - Kalahandi  26,Urban,60+,5993,2822,3171,6,4,2,0,0,0,3,2,1,1,1,0,1,0,1,1,1,0
C3010,21,26,0000,District - Kalahandi  26,Urban,Age not stated,152,93,59,8,5,3,0,0,0,7,4,3,1,1,0,0,0,0,0,0,0
C3010,21,27,0000,District - Rayagada  *  27,Total,All ages,831109,409792,421317,109507,67324,42183,102227,62334,39893,5711,3968,1743,1044,678,366,280,186,94,245,158,87
C3010,21,27,0000,District - Rayagada  *  27,Total,0-4,96043,48189,47854,839,448,391,839,448,391,0,0,0,0,0,0,0,0,0,0,0,0
C3010,21,27,0000,District - Rayagada  *  27,Total,5,25015,12631,12384,3415,1898,1517,3415,1898,1517,0,0,0,0,0,0,0,0,0,0,0,0
C3010,21,27,0000,District - Rayagada  *  27,Total,6,24435,12631,11804,7934,4665,3269,7934,4665,3269,0,0,0,0,0,0,0,0,0,0,0,0
C3010,21,27,0000,District - Rayagada  *  27,Total,7,21537,11117,10420,11039,6464,4575,11039,6464,4575,0,0,0,0,0,0,0,0,0,0,0,0
C3010,21,27,0000,District - Rayagada  *  27,Total,8,29046,15011,14035,13743,8186,5557,13743,8186,5557,0,0,0,0,0,0,0,0,0,0,0,0
C3010,21,27,0000,District - Rayagada  *  27,Total,9,15891,8569,7322,9760,5950,3810,9760,5950,3810,0,0,0,0,0,0,0,0,0,0,0,0
C3010,21,27,0000,District - Rayagada  *  27,Total,10,29807,15511,14296,13708,8489,5219,13708,8489,5219,0,0,0,0,0,0,0,0,0,0,0,0
C3010,21,27,0000,District - Rayagada  *  27,Total,11,10745,5744,5001,6911,4136,2775,6911,4136,2775,0,0,0,0,0,0,0,0,0,0,0,0
C3010,21,27,0000,District - Rayagada  *  27,Total,12,25491,13126,12365,10495,6625,3870,10495,6625,3870,0,0,0,0,0,0,0,0,0,0,0,0
C3010,21,27,0000,District - Rayagada  *  27,Total,13,12037,6117,5920,6067,3736,2331,6067,3736,2331,0,0,0,0,0,0,0,0,0,0,0,0
C3010,21,27,0000,District - Rayagada  *  27,Total,14,13713,7015,6698,5645,3556,2089,5645,3556,2089,0,0,0,0,0,0,0,0,0,0,0,0
C3010,21,27,0000,District - Rayagada  *  27,Total,15-19,67502,33259,34243,15026,9626,5400,11772,7565,4207,2646,1707,939,451,269,182,137,75,62,20,10,10
C3010,21,27,0000,District - Rayagada  *  27,Total,20-24,66735,30070,36665,4103,2914,1189,899,616,283,2754,2002,752,358,238,120,51,39,12,41,19,22
C3010,21,27,0000,District - Rayagada  *  27,Total,25-29,75244,35410,39834,436,359,77,0,0,0,239,205,34,101,81,20,51,41,10,45,32,13
C3010,21,27,0000,District - Rayagada  *  27,Total,30-34,65285,32048,33237,103,75,28,0,0,0,25,20,5,39,26,13,13,10,3,26,19,7
C3010,21,27,0000,District - Rayagada  *  27,Total,35-59,201313,102048,99265,212,152,60,0,0,0,23,19,4,73,51,22,22,17,5,94,65,29
C3010,21,27,0000,District - Rayagada  *  27,Total,60+,49154,20197,28957,62,43,19,0,0,0,21,13,8,18,13,5,4,4,0,19,13,6
C3010,21,27,0000,District - Rayagada  *  27,Total,Age not stated,2116,1099,1017,9,2,7,0,0,0,3,2,1,4,0,4,2,0,2,0,0,0
C3010,21,27,0000,District - Rayagada  *  27,Rural,All ages,715702,351158,364544,81913,51986,29927,79140,49911,29229,2148,1659,489,207,144,63,192,124,68,226,148,78
C3010,21,27,0000,District - Rayagada  *  27,Rural,0-4,86467,43286,43181,613,334,279,613,334,279,0,0,0,0,0,0,0,0,0,0,0,0
C3010,21,27,0000,District - Rayagada  *  27,Rural,5,22496,11353,11143,2685,1505,1180,2685,1505,1180,0,0,0,0,0,0,0,0,0,0,0,0
C3010,21,27,0000,District - Rayagada  *  27,Rural,6,22135,11439,10696,6670,3995,2675,6670,3995,2675,0,0,0,0,0,0,0,0,0,0,0,0
C3010,21,27,0000,District - Rayagada  *  27,Rural,7,19245,9949,9296,9214,5507,3707,9214,5507,3707,0,0,0,0,0,0,0,0,0,0,0,0
C3010,21,27,0000,District - Rayagada  *  27,Rural,8,26352,13591,12761,11552,7005,4547,11552,7005,4547,0,0,0,0,0,0,0,0,0,0,0,0
C3010,21,27,0000,District - Rayagada  *  27,Rural,9,13789,7504,6285,7948,5020,2928,7948,5020,2928,0,0,0,0,0,0,0,0,0,0,0,0
C3010,21,27,0000,District - Rayagada  *  27,Rural,10,26751,13948,12803,11322,7205,4117,11322,7205,4117,0,0,0,0,0,0,0,0,0,0,0,0
C3010,21,27,0000,District - Rayagada  *  27,Rural,11,8787,4734,4053,5198,3250,1948,5198,3250,1948,0,0,0,0,0,0,0,0,0,0,0,0
C3010,21,27,0000,District - Rayagada  *  27,Rural,12,22354,11507,10847,8103,5325,2778,8103,5325,2778,0,0,0,0,0,0,0,0,0,0,0,0
C3010,21,27,0000,District - Rayagada  *  27,Rural,13,9835,5060,4775,4311,2855,1456,4311,2855,1456,0,0,0,0,0,0,0,0,0,0,0,0
C3010,21,27,0000,District - Rayagada  *  27,Rural,14,11350,5806,5544,3886,2594,1292,3886,2594,1292,0,0,0,0,0,0,0,0,0,0,0,0
C3010,21,27,0000,District - Rayagada  *  27,Rural,15-19,55081,26845,28236,8256,5743,2513,7025,4885,2140,1040,750,290,68,42,26,105,57,48,18,9,9
C3010,21,27,0000,District - Rayagada  *  27,Rural,20-24,54992,24156,30836,1688,1286,402,613,431,182,958,774,184,52,43,9,25,20,5,40,18,22
C3010,21,27,0000,District - Rayagada  *  27,Rural,25-29,64589,30254,34335,218,182,36,0,0,0,125,111,14,24,20,4,27,20,7,42,31,11
C3010,21,27,0000,District - Rayagada  *  27,Rural,30-34,56069,27321,28748,57,40,17,0,0,0,10,10,0,12,5,7,10,7,3,25,18,7
C3010,21,27,0000,District - Rayagada  *  27,Rural,35-59,170980,86199,84781,146,107,39,0,0,0,7,7,0,36,25,11,20,16,4,83,59,24
C3010,21,27,0000,District - Rayagada  *  27,Rural,60+,42634,17276,25358,43,32,11,0,0,0,7,6,1,14,9,5,4,4,0,18,13,5
C3010,21,27,0000,District - Rayagada  *  27,Rural,Age not stated,1796,930,866,3,1,2,0,0,0,1,1,0,1,0,1,1,0,1,0,0,0
C3010,21,27,0000,District - Rayagada  *  27,Urban,All ages,115407,58634,56773,27594,15338,12256,23087,12423,10664,3563,2309,1254,837,534,303,88,62,26,19,10,9
C3010,21,27,0000,District - Rayagada  *  27,Urban,0-4,9576,4903,4673,226,114,112,226,114,112,0,0,0,0,0,0,0,0,0,0,0,0
C3010,21,27,0000,District - Rayagada  *  27,Urban,5,2519,1278,1241,730,393,337,730,393,337,0,0,0,0,0,0,0,0,0,0,0,0
C3010,21,27,0000,District - Rayagada  *  27,Urban,6,2300,1192,1108,1264,670,594,1264,670,594,0,0,0,0,0,0,0,0,0,0,0,0
C3010,21,27,0000,District - Rayagada  *  27,Urban,7,2292,1168,1124,1825,957,868,1825,957,868,0,0,0,0,0,0,0,0,0,0,0,0
C3010,21,27,0000,District - Rayagada  *  27,Urban,8,2694,1420,1274,2191,1181,1010,2191,1181,1010,0,0,0,0,0,0,0,0,0,0,0,0
C3010,21,27,0000,District - Rayagada  *  27,Urban,9,2102,1065,1037,1812,930,882,1812,930,882,0,0,0,0,0,0,0,0,0,0,0,0
C3010,21,27,0000,District - Rayagada  *  27,Urban,10,3056,1563,1493,2386,1284,1102,2386,1284,1102,0,0,0,0,0,0,0,0,0,0,0,0
C3010,21,27,0000,District - Rayagada  *  27,Urban,11,1958,1010,948,1713,886,827,1713,886,827,0,0,0,0,0,0,0,0,0,0,0,0
C3010,21,27,0000,District - Rayagada  *  27,Urban,12,3137,1619,1518,2392,1300,1092,2392,1300,1092,0,0,0,0,0,0,0,0,0,0,0,0
C3010,21,27,0000,District - Rayagada  *  27,Urban,13,2202,1057,1145,1756,881,875,1756,881,875,0,0,0,0,0,0,0,0,0,0,0,0
C3010,21,27,0000,District - Rayagada  *  27,Urban,14,2363,1209,1154,1759,962,797,1759,962,797,0,0,0,0,0,0,0,0,0,0,0,0
C3010,21,27,0000,District - Rayagada  *  27,Urban,15-19,12421,6414,6007,6770,3883,2887,4747,2680,2067,1606,957,649,383,227,156,32,18,14,2,1,1
C3010,21,27,0000,District - Rayagada  *  27,Urban,20-24,11743,5914,5829,2415,1628,787,286,185,101,1796,1228,568,306,195,111,26,19,7,1,1,0
C3010,21,27,0000,District - Rayagada  *  27,Urban,25-29,10655,5156,5499,218,177,41,0,0,0,114,94,20,77,61,16,24,21,3,3,1,2
C3010,21,27,0000,District - Rayagada  *  27,Urban,30-34,9216,4727,4489,46,35,11,0,0,0,15,10,5,27,21,6,3,3,0,1,1,0
C3010,21,27,0000,District - Rayagada  *  27,Urban,35-59,30333,15849,14484,66,45,21,0,0,0,16,12,4,37,26,11,2,1,1,11,6,5
C3010,21,27,0000,District - Rayagada  *  27,Urban,60+,6520,2921,3599,19,11,8,0,0,0,14,7,7,4,4,0,0,0,0,1,0,1
C3010,21,27,0000,District - Rayagada  *  27,Urban,Age not stated,320,169,151,6,1,5,0,0,0,2,1,1,3,0,3,1,0,1,0,0,0
C3010,21,28,0000,District - Nabarangapur  *  28,Total,All ages,1025766,515162,510604,196647,111601,85046,138381,82365,56016,3599,2627,972,667,423,244,392,279,113,53608,25907,27701
C3010,21,28,0000,District - Nabarangapur  *  28,Total,0-4,124190,62185,62005,1819,979,840,1819,979,840,0,0,0,0,0,0,0,0,0,0,0,0
C3010,21,28,0000,District - Nabarangapur  *  28,Total,5,32657,16355,16302,6402,3591,2811,6402,3591,2811,0,0,0,0,0,0,0,0,0,0,0,0
C3010,21,28,0000,District - Nabarangapur  *  28,Total,6,30201,15048,15153,11516,6342,5174,11516,6342,5174,0,0,0,0,0,0,0,0,0,0,0,0
C3010,21,28,0000,District - Nabarangapur  *  28,Total,7,28722,14212,14510,14583,8114,6469,14583,8114,6469,0,0,0,0,0,0,0,0,0,0,0,0
C3010,21,28,0000,District - Nabarangapur  *  28,Total,8,35689,18083,17606,17870,10425,7445,17870,10425,7445,0,0,0,0,0,0,0,0,0,0,0,0
C3010,21,28,0000,District - Nabarangapur  *  28,Total,9,22534,11724,10810,12626,7502,5124,12626,7502,5124,0,0,0,0,0,0,0,0,0,0,0,0
C3010,21,28,0000,District - Nabarangapur  *  28,Total,10,37787,19786,18001,17659,10938,6721,17659,10938,6721,0,0,0,0,0,0,0,0,0,0,0,0
C3010,21,28,0000,District - Nabarangapur  *  28,Total,11,15058,8065,6993,8827,5560,3267,8827,5560,3267,0,0,0,0,0,0,0,0,0,0,0,0
C3010,21,28,0000,District - Nabarangapur  *  28,Total,12,32993,17409,15584,14110,8928,5182,14110,8928,5182,0,0,0,0,0,0,0,0,0,0,0,0
C3010,21,28,0000,District - Nabarangapur  *  28,Total,13,16609,8501,8108,7728,4762,2966,7728,4762,2966,0,0,0,0,0,0,0,0,0,0,0,0
C3010,21,28,0000,District - Nabarangapur  *  28,Total,14,18774,9708,9066,7712,4714,2998,7712,4714,2998,0,0,0,0,0,0,0,0,0,0,0,0
C3010,21,28,0000,District - Nabarangapur  *  28,Total,15-19,85721,42835,42886,22767,12923,9844,16632,9868,6764,1739,1184,555,109,64,45,128,81,47,4159,1726,2433
C3010,21,28,0000,District - Nabarangapur  *  28,Total,20-24,78981,36399,42582,13360,6328,7032,897,642,255,1660,1273,387,134,73,61,64,42,22,10605,4298,6307
C3010,21,28,0000,District - Nabarangapur  *  28,Total,25-29,89703,43702,46001,12981,6050,6931,0,0,0,147,127,20,129,93,36,61,47,14,12644,5783,6861
C3010,21,28,0000,District - Nabarangapur  *  28,Total,30-34,77503,38685,38818,10485,5109,5376,0,0,0,28,23,5,72,40,32,37,26,11,10348,5020,5328
C3010,21,28,0000,District - Nabarangapur  *  28,Total,35-59,234132,122257,111875,15241,8728,6513,0,0,0,16,13,3,199,140,59,86,69,17,14940,8506,6434
C3010,21,28,0000,District - Nabarangapur  *  28,Total,60+,62511,29066,33445,903,579,324,0,0,0,7,6,1,23,13,10,15,13,2,858,547,311
C3010,21,28,0000,District - Nabarangapur  *  28,Total,Age not stated,2001,1142,859,58,29,29,0,0,0,2,1,1,1,0,1,1,1,0,54,27,27
C3010,21,28,0000,District - Nabarangapur  *  28,Rural,All ages,966496,484413,482083,181556,102955,78601,124829,74662,50167,2206,1771,435,574,370,204,362,255,107,53585,25897,27688
C3010,21,28,0000,District - Nabarangapur  *  28,Rural,0-4,118596,59292,59304,1568,842,726,1568,842,726,0,0,0,0,0,0,0,0,0,0,0,0
C3010,21,28,0000,District - Nabarangapur  *  28,Rural,5,31291,15679,15612,5861,3304,2557,5861,3304,2557,0,0,0,0,0,0,0,0,0,0,0,0
C3010,21,28,0000,District - Nabarangapur  *  28,Rural,6,29011,14478,14533,10754,5967,4787,10754,5967,4787,0,0,0,0,0,0,0,0,0,0,0,0
C3010,21,28,0000,District - Nabarangapur  *  28,Rural,7,27337,13462,13875,13482,7498,5984,13482,7498,5984,0,0,0,0,0,0,0,0,0,0,0,0
C3010,21,28,0000,District - Nabarangapur  *  28,Rural,8,34098,17186,16912,16553,9652,6901,16553,9652,6901,0,0,0,0,0,0,0,0,0,0,0,0
C3010,21,28,0000,District - Nabarangapur  *  28,Rural,9,21277,10996,10281,11547,6859,4688,11547,6859,4688,0,0,0,0,0,0,0,0,0,0,0,0
C3010,21,28,0000,District - Nabarangapur  *  28,Rural,10,35924,18745,17179,16164,10058,6106,16164,10058,6106,0,0,0,0,0,0,0,0,0,0,0,0
C3010,21,28,0000,District - Nabarangapur  *  28,Rural,11,13729,7255,6474,7651,4808,2843,7651,4808,2843,0,0,0,0,0,0,0,0,0,0,0,0
C3010,21,28,0000,District - Nabarangapur  *  28,Rural,12,31069,16339,14730,12631,8044,4587,12631,8044,4587,0,0,0,0,0,0,0,0,0,0,0,0
C3010,21,28,0000,District - Nabarangapur  *  28,Rural,13,15370,7863,7507,6738,4217,2521,6738,4217,2521,0,0,0,0,0,0,0,0,0,0,0,0
C3010,21,28,0000,District - Nabarangapur  *  28,Rural,14,17405,9029,8376,6707,4192,2515,6707,4192,2515,0,0,0,0,0,0,0,0,0,0,0,0
C3010,21,28,0000,District - Nabarangapur  *  28,Rural,15-19,79755,39758,39997,19764,11268,8496,14382,8644,5738,1021,773,248,83,52,31,119,73,46,4159,1726,2433
C3010,21,28,0000,District - Nabarangapur  *  28,Rural,20-24,73702,33807,39895,12614,5861,6753,791,577,214,1063,888,175,105,62,43,55,37,18,10600,4297,6303
C3010,21,28,0000,District - Nabarangapur  *  28,Rural,25-29,84312,41066,43246,12891,5975,6916,0,0,0,88,81,7,109,73,36,53,40,13,12641,5781,6860
C3010,21,28,0000,District - Nabarangapur  *  28,Rural,30-34,72734,36302,36432,10460,5093,5367,0,0,0,16,14,2,67,36,31,37,26,11,10340,5017,5323
C3010,21,28,0000,District - Nabarangapur  *  28,Rural,35-59,219683,114501,105182,15216,8714,6502,0,0,0,10,9,1,187,134,53,84,67,17,14935,8504,6431
C3010,21,28,0000,District - Nabarangapur  *  28,Rural,60+,59300,27562,31738,897,574,323,0,0,0,6,5,1,22,13,9,13,11,2,856,545,311
C3010,21,28,0000,District - Nabarangapur  *  28,Rural,Age not stated,1903,1093,810,58,29,29,0,0,0,2,1,1,1,0,1,1,1,0,54,27,27
C3010,21,28,0000,District - Nabarangapur  *  28,Urban,All ages,59270,30749,28521,15091,8646,6445,13552,7703,5849,1393,856,537,93,53,40,30,24,6,23,10,13
C3010,21,28,0000,District - Nabarangapur  *  28,Urban,0-4,5594,2893,2701,251,137,114,251,137,114,0,0,0,0,0,0,0,0,0,0,0,0
C3010,21,28,0000,District - Nabarangapur  *  28,Urban,5,1366,676,690,541,287,254,541,287,254,0,0,0,0,0,0,0,0,0,0,0,0
C3010,21,28,0000,District - Nabarangapur  *  28,Urban,6,1190,570,620,762,375,387,762,375,387,0,0,0,0,0,0,0,0,0,0,0,0
C3010,21,28,0000,District - Nabarangapur  *  28,Urban,7,1385,750,635,1101,616,485,1101,616,485,0,0,0,0,0,0,0,0,0,0,0,0
C3010,21,28,0000,District - Nabarangapur  *  28,Urban,8,1591,897,694,1317,773,544,1317,773,544,0,0,0,0,0,0,0,0,0,0,0,0
C3010,21,28,0000,District - Nabarangapur  *  28,Urban,9,1257,728,529,1079,643,436,1079,643,436,0,0,0,0,0,0,0,0,0,0,0,0
C3010,21,28,0000,District - Nabarangapur  *  28,Urban,10,1863,1041,822,1495,880,615,1495,880,615,0,0,0,0,0,0,0,0,0,0,0,0
C3010,21,28,0000,District - Nabarangapur  *  28,Urban,11,1329,810,519,1176,752,424,1176,752,424,0,0,0,0,0,0,0,0,0,0,0,0
C3010,21,28,0000,District - Nabarangapur  *  28,Urban,12,1924,1070,854,1479,884,595,1479,884,595,0,0,0,0,0,0,0,0,0,0,0,0
C3010,21,28,0000,District - Nabarangapur  *  28,Urban,13,1239,638,601,990,545,445,990,545,445,0,0,0,0,0,0,0,0,0,0,0,0
C3010,21,28,0000,District - Nabarangapur  *  28,Urban,14,1369,679,690,1005,522,483,1005,522,483,0,0,0,0,0,0,0,0,0,0,0,0
C3010,21,28,0000,District - Nabarangapur  *  28,Urban,15-19,5966,3077,2889,3003,1655,1348,2250,1224,1026,718,411,307,26,12,14,9,8,1,0,0,0
C3010,21,28,0000,District - Nabarangapur  *  28,Urban,20-24,5279,2592,2687,746,467,279,106,65,41,597,385,212,29,11,18,9,5,4,5,1,4
C3010,21,28,0000,District - Nabarangapur  *  28,Urban,25-29,5391,2636,2755,90,75,15,0,0,0,59,46,13,20,20,0,8,7,1,3,2,1
C3010,21,28,0000,District - Nabarangapur  *  28,Urban,30-34,4769,2383,2386,25,16,9,0,0,0,12,9,3,5,4,1,0,0,0,8,3,5
C3010,21,28,0000,District - Nabarangapur  *  28,Urban,35-59,14449,7756,6693,25,14,11,0,0,0,6,4,2,12,6,6,2,2,0,5,2,3
C3010,21,28,0000,District - Nabarangapur  *  28,Urban,60+,3211,1504,1707,6,5,1,0,0,0,1,1,0,1,0,1,2,2,0,2,2,0
C3010,21,28,0000,District - Nabarangapur  *  28,Urban,Age not stated,98,49,49,0,0,0,0,0,0,0,0,0,0,0,0,0,0,0,0,0,0
C3010,21,29,0000,District - Koraput  29,Total,All ages,1180637,590743,589894,169926,103652,66274,148843,90349,58494,9686,6207,3479,995,675,320,637,483,154,9765,5938,3827
C3010,21,29,0000,District - Koraput  29,Total,0-4,131988,66252,65736,1945,1026,919,1945,1026,919,0,0,0,0,0,0,0,0,0,0,0,0
C3010,21,29,0000,District - Koraput  29,Total,5,35261,17538,17723,6066,3330,2736,6066,3330,2736,0,0,0,0,0,0,0,0,0,0,0,0
C3010,21,29,0000,District - Koraput  29,Total,6,33440,17391,16049,12037,7070,4967,12037,7070,4967,0,0,0,0,0,0,0,0,0,0,0,0
C3010,21,29,0000,District - Koraput  29,Total,7,29620,15077,14543,14924,8684,6240,14924,8684,6240,0,0,0,0,0,0,0,0,0,0,0,0
C3010,21,29,0000,District - Koraput  29,Total,8,40861,20984,19877,19156,11551,7605,19156,11551,7605,0,0,0,0,0,0,0,0,0,0,0,0
C3010,21,29,0000,District - Koraput  29,Total,9,22479,11922,10557,13198,8077,5121,13198,8077,5121,0,0,0,0,0,0,0,0,0,0,0,0
C3010,21,29,0000,District - Koraput  29,Total,10,41572,21603,19969,18803,11788,7015,18803,11788,7015,0,0,0,0,0,0,0,0,0,0,0,0
C3010,21,29,0000,District - Koraput  29,Total,11,15992,8542,7450,10007,6108,3899,10007,6108,3899,0,0,0,0,0,0,0,0,0,0,0,0
C3010,21,29,0000,District - Koraput  29,Total,12,34762,18001,16761,14900,9361,5539,14900,9361,5539,0,0,0,0,0,0,0,0,0,0,0,0
C3010,21,29,0000,District - Koraput  29,Total,13,17812,9067,8745,9151,5666,3485,9151,5666,3485,0,0,0,0,0,0,0,0,0,0,0,0
C3010,21,29,0000,District - Koraput  29,Total,14,19571,10017,9554,8717,5399,3318,8717,5399,3318,0,0,0,0,0,0,0,0,0,0,0,0
C3010,21,29,0000,District - Koraput  29,Total,15-19,93986,45369,48617,24184,14641,9543,18612,11389,7223,4338,2556,1782,349,231,118,194,132,62,691,333,358
C3010,21,29,0000,District - Koraput  29,Total,20-24,93130,42539,50591,8166,5216,2950,1327,900,427,4735,3176,1559,236,141,95,131,101,30,1737,898,839
C3010,21,29,0000,District - Koraput  29,Total,25-29,107747,51840,55907,2881,1958,923,0,0,0,468,371,97,199,162,37,120,92,28,2094,1333,761
C3010,21,29,0000,District - Koraput  29,Total,30-34,95536,47341,48195,1845,1165,680,0,0,0,65,52,13,80,54,26,51,45,6,1649,1014,635
C3010,21,29,0000,District - Koraput  29,Total,35-59,297103,155087,142016,3565,2367,1198,0,0,0,38,28,10,117,79,38,114,92,22,3296,2168,1128
C3010,21,29,0000,District - Koraput  29,Total,60+,65829,30023,35806,322,210,112,0,0,0,21,11,10,11,5,6,18,13,5,272,181,91
C3010,21,29,0000,District - Koraput  29,Total,Age not stated,3948,2150,1798,59,35,24,0,0,0,21,13,8,3,3,0,9,8,1,26,11,15
C3010,21,29,0000,District - Koraput  29,Rural,All ages,982188,488975,493213,119485,76040,43445,106286,67493,38793,2934,2199,735,351,224,127,338,257,81,9576,5867,3709
C3010,21,29,0000,District - Koraput  29,Rural,0-4,115043,57529,57514,1307,694,613,1307,694,613,0,0,0,0,0,0,0,0,0,0,0,0
C3010,21,29,0000,District - Koraput  29,Rural,5,31030,15443,15587,4635,2597,2038,4635,2597,2038,0,0,0,0,0,0,0,0,0,0,0,0
C3010,21,29,0000,District - Koraput  29,Rural,6,29480,15389,14091,9676,5829,3847,9676,5829,3847,0,0,0,0,0,0,0,0,0,0,0,0
C3010,21,29,0000,District - Koraput  29,Rural,7,25504,12965,12539,11655,6936,4719,11655,6936,4719,0,0,0,0,0,0,0,0,0,0,0,0
C3010,21,29,0000,District - Koraput  29,Rural,8,35876,18461,17415,15186,9432,5754,15186,9432,5754,0,0,0,0,0,0,0,0,0,0,0,0
C3010,21,29,0000,District - Koraput  29,Rural,9,18679,9966,8713,9980,6367,3613,9980,6367,3613,0,0,0,0,0,0,0,0,0,0,0,0
C3010,21,29,0000,District - Koraput  29,Rural,10,36080,18721,17359,14461,9383,5078,14461,9383,5078,0,0,0,0,0,0,0,0,0,0,0,0
C3010,21,29,0000,District - Koraput  29,Rural,11,12246,6661,5585,6742,4419,2323,6742,4419,2323,0,0,0,0,0,0,0,0,0,0,0,0
C3010,21,29,0000,District - Koraput  29,Rural,12,29271,15152,14119,10630,7058,3572,10630,7058,3572,0,0,0,0,0,0,0,0,0,0,0,0
C3010,21,29,0000,District - Koraput  29,Rural,13,13757,7027,6730,5860,3930,1930,5860,3930,1930,0,0,0,0,0,0,0,0,0,0,0,0
C3010,21,29,0000,District - Koraput  29,Rural,14,15293,7776,7517,5365,3575,1790,5365,3575,1790,0,0,0,0,0,0,0,0,0,0,0,0
C3010,21,29,0000,District - Koraput  29,Rural,15-19,73600,34960,38640,12223,8113,4110,9939,6671,3268,1357,939,418,135,89,46,120,88,32,672,326,346
C3010,21,29,0000,District - Koraput  29,Rural,20-24,74266,33132,41134,4020,2648,1372,850,602,248,1372,1087,285,55,34,21,43,32,11,1700,893,807
C3010,21,29,0000,District - Koraput  29,Rural,25-29,88860,42668,46192,2327,1536,791,0,0,0,161,140,21,52,38,14,54,42,12,2060,1316,744
C3010,21,29,0000,District - Koraput  29,Rural,30-34,79003,39180,39823,1686,1053,633,0,0,0,18,14,4,32,20,12,19,16,3,1617,1003,614
C3010,21,29,0000,District - Koraput  29,Rural,35-59,244792,126602,118190,3398,2252,1146,0,0,0,14,10,4,67,38,29,80,63,17,3237,2141,1096
C3010,21,29,0000,District - Koraput  29,Rural,60+,56179,25584,30595,291,192,99,0,0,0,6,4,2,8,3,5,13,8,5,264,177,87
C3010,21,29,0000,District - Koraput  29,Rural,Age not stated,3229,1759,1470,43,26,17,0,0,0,6,5,1,2,2,0,9,8,1,26,11,15
C3010,21,29,0000,District - Koraput  29,Urban,All ages,198449,101768,96681,50441,27612,22829,42557,22856,19701,6752,4008,2744,644,451,193,299,226,73,189,71,118
C3010,21,29,0000,District - Koraput  29,Urban,0-4,16945,8723,8222,638,332,306,638,332,306,0,0,0,0,0,0,0,0,0,0,0,0
C3010,21,29,0000,District - Koraput  29,Urban,5,4231,2095,2136,1431,733,698,1431,733,698,0,0,0,0,0,0,0,0,0,0,0,0
C3010,21,29,0000,District - Koraput  29,Urban,6,3960,2002,1958,2361,1241,1120,2361,1241,1120,0,0,0,0,0,0,0,0,0,0,0,0
C3010,21,29,0000,District - Koraput  29,Urban,7,4116,2112,2004,3269,1748,1521,3269,1748,1521,0,0,0,0,0,0,0,0,0,0,0,0
C3010,21,29,0000,District - Koraput  29,Urban,8,4985,2523,2462,3970,2119,1851,3970,2119,1851,0,0,0,0,0,0,0,0,0,0,0,0
C3010,21,29,0000,District - Koraput  29,Urban,9,3800,1956,1844,3218,1710,1508,3218,1710,1508,0,0,0,0,0,0,0,0,0,0,0,0
C3010,21,29,0000,District - Koraput  29,Urban,10,5492,2882,2610,4342,2405,1937,4342,2405,1937,0,0,0,0,0,0,0,0,0,0,0,0
C3010,21,29,0000,District - Koraput  29,Urban,11,3746,1881,1865,3265,1689,1576,3265,1689,1576,0,0,0,0,0,0,0,0,0,0,0,0
C3010,21,29,0000,District - Koraput  29,Urban,12,5491,2849,2642,4270,2303,1967,4270,2303,1967,0,0,0,0,0,0,0,0,0,0,0,0
C3010,21,29,0000,District - Koraput  29,Urban,13,4055,2040,2015,3291,1736,1555,3291,1736,1555,0,0,0,0,0,0,0,0,0,0,0,0
C3010,21,29,0000,District - Koraput  29,Urban,14,4278,2241,2037,3352,1824,1528,3352,1824,1528,0,0,0,0,0,0,0,0,0,0,0,0
C3010,21,29,0000,District - Koraput  29,Urban,15-19,20386,10409,9977,11961,6528,5433,8673,4718,3955,2981,1617,1364,214,142,72,74,44,30,19,7,12
C3010,21,29,0000,District - Koraput  29,Urban,20-24,18864,9407,9457,4146,2568,1578,477,298,179,3363,2089,1274,181,107,74,88,69,19,37,5,32
C3010,21,29,0000,District - Koraput  29,Urban,25-29,18887,9172,9715,554,422,132,0,0,0,307,231,76,147,124,23,66,50,16,34,17,17
C3010,21,29,0000,District - Koraput  29,Urban,30-34,16533,8161,8372,159,112,47,0,0,0,47,38,9,48,34,14,32,29,3,32,11,21
C3010,21,29,0000,District - Koraput  29,Urban,35-59,52311,28485,23826,167,115,52,0,0,0,24,18,6,50,41,9,34,29,5,59,27,32
C3010,21,29,0000,District - Koraput  29,Urban,60+,9650,4439,5211,31,18,13,0,0,0,15,7,8,3,2,1,5,5,0,8,4,4
C3010,21,29,0000,District - Koraput  29,Urban,Age not stated,719,391,328,16,9,7,0,0,0,15,8,7,1,1,0,0,0,0,0,0,0
C3010,21,30,0000,District - Malkangiri  *  30,Total,All ages,504198,252507,251691,61044,36801,24243,58525,34941,23584,2032,1494,538,116,79,37,124,86,38,247,201,46
C3010,21,30,0000,District - Malkangiri  *  30,Total,0-4,58127,29113,29014,655,335,320,655,335,320,0,0,0,0,0,0,0,0,0,0,0,0
C3010,21,30,0000,District - Malkangiri  *  30,Total,5,16819,8633,8186,2074,1161,913,2074,1161,913,0,0,0,0,0,0,0,0,0,0,0,0
C3010,21,30,0000,District - Malkangiri  *  30,Total,6,14867,7569,7298,4057,2261,1796,4057,2261,1796,0,0,0,0,0,0,0,0,0,0,0,0
C3010,21,30,0000,District - Malkangiri  *  30,Total,7,13482,6769,6713,5712,3183,2529,5712,3183,2529,0,0,0,0,0,0,0,0,0,0,0,0
C3010,21,30,0000,District - Malkangiri  *  30,Total,8,19520,10054,9466,7768,4495,3273,7768,4495,3273,0,0,0,0,0,0,0,0,0,0,0,0
C3010,21,30,0000,District - Malkangiri  *  30,Total,9,10091,5199,4892,5109,2963,2146,5109,2963,2146,0,0,0,0,0,0,0,0,0,0,0,0
C3010,21,30,0000,District - Malkangiri  *  30,Total,10,20447,10725,9722,8028,4875,3153,8028,4875,3153,0,0,0,0,0,0,0,0,0,0,0,0
C3010,21,30,0000,District - Malkangiri  *  30,Total,11,6817,3523,3294,3992,2322,1670,3992,2322,1670,0,0,0,0,0,0,0,0,0,0,0,0
C3010,21,30,0000,District - Malkangiri  *  30,Total,12,16960,8842,8118,6732,4153,2579,6732,4153,2579,0,0,0,0,0,0,0,0,0,0,0,0
C3010,21,30,0000,District - Malkangiri  *  30,Total,13,8076,4079,3997,3813,2305,1508,3813,2305,1508,0,0,0,0,0,0,0,0,0,0,0,0
C3010,21,30,0000,District - Malkangiri  *  30,Total,14,9096,4604,4492,3505,2175,1330,3505,2175,1330,0,0,0,0,0,0,0,0,0,0,0,0
C3010,21,30,0000,District - Malkangiri  *  30,Total,15-19,42163,20489,21674,7540,4961,2579,6494,4268,2226,975,646,329,29,20,9,34,22,12,8,5,3
C3010,21,30,0000,District - Malkangiri  *  30,Total,20-24,40345,18016,22329,1603,1251,352,586,445,141,940,747,193,29,19,10,12,8,4,36,32,4
C3010,21,30,0000,District - Malkangiri  *  30,Total,25-29,46257,21953,24304,174,138,36,0,0,0,77,66,11,15,10,5,34,27,7,48,35,13
C3010,21,30,0000,District - Malkangiri  *  30,Total,30-34,38483,19747,18736,85,66,19,0,0,0,20,19,1,10,6,4,13,7,6,42,34,8
C3010,21,30,0000,District - Malkangiri  *  30,Total,35-59,112849,59626,53223,169,136,33,0,0,0,15,12,3,29,22,7,27,20,7,98,82,16
C3010,21,30,0000,District - Malkangiri  *  30,Total,60+,28872,13086,15786,28,21,7,0,0,0,5,4,1,4,2,2,4,2,2,15,13,2
C3010,21,30,0000,District - Malkangiri  *  30,Total,Age not stated,927,480,447,0,0,0,0,0,0,0,0,0,0,0,0,0,0,0,0,0,0
C3010,21,30,0000,District - Malkangiri  *  30,Rural,All ages,469582,234614,234968,53688,32679,21009,52123,31461,20662,1198,948,250,61,37,24,71,43,28,235,190,45
C3010,21,30,0000,District - Malkangiri  *  30,Rural,0-4,54704,27404,27300,553,291,262,553,291,262,0,0,0,0,0,0,0,0,0,0,0,0
C3010,21,30,0000,District - Malkangiri  *  30,Rural,5,15943,8172,7771,1864,1048,816,1864,1048,816,0,0,0,0,0,0,0,0,0,0,0,0
C3010,21,30,0000,District - Malkangiri  *  30,Rural,6,14075,7159,6916,3688,2052,1636,3688,2052,1636,0,0,0,0,0,0,0,0,0,0,0,0
C3010,21,30,0000,District - Malkangiri  *  30,Rural,7,12696,6386,6310,5175,2899,2276,5175,2899,2276,0,0,0,0,0,0,0,0,0,0,0,0
C3010,21,30,0000,District - Malkangiri  *  30,Rural,8,18584,9592,8992,7120,4162,2958,7120,4162,2958,0,0,0,0,0,0,0,0,0,0,0,0
C3010,21,30,0000,District - Malkangiri  *  30,Rural,9,9453,4837,4616,4611,2676,1935,4611,2676,1935,0,0,0,0,0,0,0,0,0,0,0,0
C3010,21,30,0000,District - Malkangiri  *  30,Rural,10,19462,10208,9254,7359,4509,2850,7359,4509,2850,0,0,0,0,0,0,0,0,0,0,0,0
C3010,21,30,0000,District - Malkangiri  *  30,Rural,11,6268,3267,3001,3544,2105,1439,3544,2105,1439,0,0,0,0,0,0,0,0,0,0,0,0
C3010,21,30,0000,District - Malkangiri  *  30,Rural,12,15960,8307,7653,6064,3772,2292,6064,3772,2292,0,0,0,0,0,0,0,0,0,0,0,0
C3010,21,30,0000,District - Malkangiri  *  30,Rural,13,7414,3753,3661,3314,2045,1269,3314,2045,1269,0,0,0,0,0,0,0,0,0,0,0,0
C3010,21,30,0000,District - Malkangiri  *  30,Rural,14,8376,4226,4150,3011,1903,1108,3011,1903,1108,0,0,0,0,0,0,0,0,0,0,0,0
C3010,21,30,0000,District - Malkangiri  *  30,Rural,15-19,38549,18674,19875,5918,4045,1873,5314,3613,1701,556,402,154,14,9,5,26,16,10,8,5,3
C3010,21,30,0000,District - Malkangiri  *  30,Rural,20-24,36917,16314,20603,1106,892,214,506,386,120,553,469,84,6,2,4,7,4,3,34,31,3
C3010,21,30,0000,District - Malkangiri  *  30,Rural,25-29,42930,20251,22679,122,95,27,0,0,0,56,49,7,5,2,3,16,12,4,45,32,13
C3010,21,30,0000,District - Malkangiri  *  30,Rural,30-34,35827,18332,17495,70,54,16,0,0,0,16,15,1,8,4,4,5,2,3,41,33,8
C3010,21,30,0000,District - Malkangiri  *  30,Rural,35-59,104367,54967,49400,145,114,31,0,0,0,13,10,3,25,19,6,13,7,6,94,78,16
C3010,21,30,0000,District - Malkangiri  *  30,Rural,60+,27184,12313,14871,24,17,7,0,0,0,4,3,1,3,1,2,4,2,2,13,11,2
C3010,21,30,0000,District - Malkangiri  *  30,Rural,Age not stated,873,452,421,0,0,0,0,0,0,0,0,0,0,0,0,0,0,0,0,0,0
C3010,21,30,0000,District - Malkangiri  *  30,Urban,All ages,34616,17893,16723,7356,4122,3234,6402,3480,2922,834,546,288,55,42,13,53,43,10,12,11,1
C3010,21,30,0000,District - Malkangiri  *  30,Urban,0-4,3423,1709,1714,102,44,58,102,44,58,0,0,0,0,0,0,0,0,0,0,0,0
C3010,21,30,0000,District - Malkangiri  *  30,Urban,5,876,461,415,210,113,97,210,113,97,0,0,0,0,0,0,0,0,0,0,0,0
C3010,21,30,0000,District - Malkangiri  *  30,Urban,6,792,410,382,369,209,160,369,209,160,0,0,0,0,0,0,0,0,0,0,0,0
C3010,21,30,0000,District - Malkangiri  *  30,Urban,7,786,383,403,537,284,253,537,284,253,0,0,0,0,0,0,0,0,0,0,0,0
C3010,21,30,0000,District - Malkangiri  *  30,Urban,8,936,462,474,648,333,315,648,333,315,0,0,0,0,0,0,0,0,0,0,0,0
C3010,21,30,0000,District - Malkangiri  *  30,Urban,9,638,362,276,498,287,211,498,287,211,0,0,0,0,0,0,0,0,0,0,0,0
C3010,21,30,0000,District - Malkangiri  *  30,Urban,10,985,517,468,669,366,303,669,366,303,0,0,0,0,0,0,0,0,0,0,0,0
C3010,21,30,0000,District - Malkangiri  *  30,Urban,11,549,256,293,448,217,231,448,217,231,0,0,0,0,0,0,0,0,0,0,0,0
C3010,21,30,0000,District - Malkangiri  *  30,Urban,12,1000,535,465,668,381,287,668,381,287,0,0,0,0,0,0,0,0,0,0,0,0
C3010,21,30,0000,District - Malkangiri  *  30,Urban,13,662,326,336,499,260,239,499,260,239,0,0,0,0,0,0,0,0,0,0,0,0
C3010,21,30,0000,District - Malkangiri  *  30,Urban,14,720,378,342,494,272,222,494,272,222,0,0,0,0,0,0,0,0,0,0,0,0
C3010,21,30,0000,District - Malkangiri  *  30,Urban,15-19,3614,1815,1799,1622,916,706,1180,655,525,419,244,175,15,11,4,8,6,2,0,0,0
C3010,21,30,0000,District - Malkangiri  *  30,Urban,20-24,3428,1702,1726,497,359,138,80,59,21,387,278,109,23,17,6,5,4,1,2,1,1
C3010,21,30,0000,District - Malkangiri  *  30,Urban,25-29,3327,1702,1625,52,43,9,0,0,0,21,17,4,10,8,2,18,15,3,3,3,0
C3010,21,30,0000,District - Malkangiri  *  30,Urban,30-34,2656,1415,1241,15,12,3,0,0,0,4,4,0,2,2,0,8,5,3,1,1,0
C3010,21,30,0000,District - Malkangiri  *  30,Urban,35-59,8482,4659,3823,24,22,2,0,0,0,2,2,0,4,3,1,14,13,1,4,4,0
C3010,21,30,0000,District - Malkangiri  *  30,Urban,60+,1688,773,915,4,4,0,0,0,0,1,1,0,1,1,0,0,0,0,2,2,0
C3010,21,30,0000,District - Malkangiri  *  30,Urban,Age not stated,54,28,26,0,0,0,0,0,0,0,0,0,0,0,0,0,0,0,0,0,0
