Table Name,State Code,District Code,Tehsil Code,Area Name,Total/ Rural/ Urban,Age-group,Total population - Persons,Total population - Males,Total population - Females,Population attending educational institutions - Persons,Population attending educational institutions - Males,Population attending educational institutions - Females,Type of educational institution - School - Persons,Type of educational institution - School - Males,Type of educational institution - School - Females,Type of educational institution - College - Persons,Type of educational institution - College - Males,Type of educational institution - College - Females,Type of educational institution - Vocational institute - Persons,Type of educational institution - Vocational institute - Males,Type of educational institution - Vocational institute - Females,Type of educational institution - Other institute - Persons,Type of educational institution - Other institute - Males,Type of educational institution - Other institute - Females,Type of educational institution - Literacy centre - Persons,Type of educational institution - Literacy centre - Males,Type of educational institution - Literacy centre - Females
C3010,03,00,0000,State - PUNJAB  03,Total,All ages,24358999,12985045,11373954,5811218,3192103,2619115,5404412,2986112,2418300,332917,164003,168914,38968,24352,14616,25939,14139,11800,8982,3497,5485
C3010,03,00,0000,State - PUNJAB  03,Total,0-4,2128738,1186499,942239,84560,47934,36626,84560,47934,36626,0,0,0,0,0,0,0,0,0,0,0,0
C3010,03,00,0000,State - PUNJAB  03,Total,5,534806,300142,234664,133391,77137,56254,133391,77137,56254,0,0,0,0,0,0,0,0,0,0,0,0
C3010,03,00,0000,State - PUNJAB  03,Total,6,508285,277160,231125,241140,134376,106764,241140,134376,106764,0,0,0,0,0,0,0,0,0,0,0,0
C3010,03,00,0000,State - PUNJAB  03,Total,7,510806,278813,231993,408693,226955,181738,408693,226955,181738,0,0,0,0,0,0,0,0,0,0,0,0
C3010,03,00,0000,State - PUNJAB  03,Total,8,612014,335118,276896,519394,288574,230820,519394,288574,230820,0,0,0,0,0,0,0,0,0,0,0,0
C3010,03,00,0000,State - PUNJAB  03,Total,9,491457,267731,223726,441459,243170,198289,441459,243170,198289,0,0,0,0,0,0,0,0,0,0,0,0
C3010,03,00,0000,State - PUNJAB  03,Total,10,688107,378175,309932,592739,329544,263195,592739,329544,263195,0,0,0,0,0,0,0,0,0,0,0,0
C3010,03,00,0000,State - PUNJAB  03,Total,11,469071,254374,214697,421515,230820,190695,421515,230820,190695,0,0,0,0,0,0,0,0,0,0,0,0
C3010,03,00,0000,State - PUNJAB  03,Total,12,631912,341074,290838,533017,291145,241872,533017,291145,241872,0,0,0,0,0,0,0,0,0,0,0,0
C3010,03,00,0000,State - PUNJAB  03,Total,13,503385,261931,241454,421207,222374,198833,421207,222374,198833,0,0,0,0,0,0,0,0,0,0,0,0
C3010,03,00,0000,State - PUNJAB  03,Total,14,539295,287345,251950,418421,227146,191275,418421,227146,191275,0,0,0,0,0,0,0,0,0,0,0,0
C3010,03,00,0000,State - PUNJAB  03,Total,15-19,2555933,1393473,1162460,1275061,698373,576688,1116263,622164,494099,132825,61311,71514,14506,9088,5418,11068,5598,5470,399,212,187
C3010,03,00,0000,State - PUNJAB  03,Total,20-24,2339151,1255974,1083177,279997,151684,128313,72613,44773,27840,182537,92129,90408,14367,9236,5131,9514,5059,4455,966,487,479
C3010,03,00,0000,State - PUNJAB  03,Total,25-29,1945622,1012264,933358,18945,11618,7327,0,0,0,10066,6112,3954,4428,2908,1520,3353,2167,1186,1098,431,667
C3010,03,00,0000,State - PUNJAB  03,Total,30-34,1769154,889759,879395,5349,2911,2438,0,0,0,2092,1222,870,1338,783,555,740,511,229,1179,395,784
C3010,03,00,0000,State - PUNJAB  03,Total,35-59,5845668,3101181,2744487,11407,5708,5699,0,0,0,3296,2059,1237,2920,1607,1313,846,577,269,4345,1465,2880
C3010,03,00,0000,State - PUNJAB  03,Total,60+,2191693,1111691,1080002,4110,2205,1905,0,0,0,1564,890,674,1246,630,616,348,201,147,952,484,468
C3010,03,00,0000,State - PUNJAB  03,Total,Age not stated,93902,52341,41561,813,429,384,0,0,0,537,280,257,163,100,63,70,26,44,43,23,20
C3010,03,00,0000,State - PUNJAB  03,Rural,All ages,16096488,8516596,7579892,3673107,2036137,1636970,3512087,1951585,1560502,126621,65785,60836,15650,9825,5825,11476,6345,5131,7273,2597,4676
C3010,03,00,0000,State - PUNJAB  03,Rural,0-4,1461660,815187,646473,38465,21805,16660,38465,21805,16660,0,0,0,0,0,0,0,0,0,0,0,0
C3010,03,00,0000,State - PUNJAB  03,Rural,5,365778,204805,160973,74115,42982,31133,74115,42982,31133,0,0,0,0,0,0,0,0,0,0,0,0
C3010,03,00,0000,State - PUNJAB  03,Rural,6,349288,189864,159424,158314,88040,70274,158314,88040,70274,0,0,0,0,0,0,0,0,0,0,0,0
C3010,03,00,0000,State - PUNJAB  03,Rural,7,348530,189763,158767,275846,153018,122828,275846,153018,122828,0,0,0,0,0,0,0,0,0,0,0,0
C3010,03,00,0000,State - PUNJAB  03,Rural,8,416563,226894,189669,352453,195089,157364,352453,195089,157364,0,0,0,0,0,0,0,0,0,0,0,0
C3010,03,00,0000,State - PUNJAB  03,Rural,9,341752,185187,156565,306828,168341,138487,306828,168341,138487,0,0,0,0,0,0,0,0,0,0,0,0
C3010,03,00,0000,State - PUNJAB  03,Rural,10,463052,252491,210561,397712,220127,177585,397712,220127,177585,0,0,0,0,0,0,0,0,0,0,0,0
C3010,03,00,0000,State - PUNJAB  03,Rural,11,317689,170975,146714,284653,155347,129306,284653,155347,129306,0,0,0,0,0,0,0,0,0,0,0,0
C3010,03,00,0000,State - PUNJAB  03,Rural,12,421358,225743,195615,352094,192295,159799,352094,192295,159799,0,0,0,0,0,0,0,0,0,0,0,0
C3010,03,00,0000,State - PUNJAB  03,Rural,13,336285,174195,162090,276928,147029,129899,276928,147029,129899,0,0,0,0,0,0,0,0,0,0,0,0
C3010,03,00,0000,State - PUNJAB  03,Rural,14,360300,190957,169343,271623,148982,122641,271623,148982,122641,0,0,0,0,0,0,0,0,0,0,0,0
C3010,03,00,0000,State - PUNJAB  03,Rural,15-19,1662364,898343,764021,743253,422963,320290,679668,391183,288485,52953,25639,27314,5178,3352,1826,5213,2667,2546,241,122,119
C3010,03,00,0000,State - PUNJAB  03,Rural,20-24,1497720,794494,703226,121253,69822,51431,43388,27347,16041,67477,36132,31345,5564,3700,1864,4164,2326,1838,660,317,343
C3010,03,00,0000,State - PUNJAB  03,Rural,25-29,1238921,634986,603935,7489,4591,2898,0,0,0,3678,2346,1332,1720,1129,591,1228,803,425,863,313,550
C3010,03,00,0000,State - PUNJAB  03,Rural,30-34,1142457,564590,577867,2596,1272,1324,0,0,0,706,456,250,631,341,290,252,172,80,1007,303,704
C3010,03,00,0000,State - PUNJAB  03,Rural,35-59,3733769,1960668,1773101,6923,3088,3835,0,0,0,1084,789,295,1680,879,801,401,259,142,3758,1161,2597
C3010,03,00,0000,State - PUNJAB  03,Rural,60+,1580959,805530,775429,2262,1195,1067,0,0,0,554,335,219,808,386,422,185,109,76,715,365,350
C3010,03,00,0000,State - PUNJAB  03,Rural,Age not stated,58043,31924,26119,300,151,149,0,0,0,169,88,81,69,38,31,33,9,24,29,16,13
C3010,03,00,0000,State - PUNJAB  03,Urban,All ages,8262511,4468449,3794062,2138111,1155966,982145,1892325,1034527,857798,206296,98218,108078,23318,14527,8791,14463,7794,6669,1709,900,809
C3010,03,00,0000,State - PUNJAB  03,Urban,0-4,667078,371312,295766,46095,26129,19966,46095,26129,19966,0,0,0,0,0,0,0,0,0,0,0,0
C3010,03,00,0000,State - PUNJAB  03,Urban,5,169028,95337,73691,59276,34155,25121,59276,34155,25121,0,0,0,0,0,0,0,0,0,0,0,0
C3010,03,00,0000,State - PUNJAB  03,Urban,6,158997,87296,71701,82826,46336,36490,82826,46336,36490,0,0,0,0,0,0,0,0,0,0,0,0
C3010,03,00,0000,State - PUNJAB  03,Urban,7,162276,89050,73226,132847,73937,58910,132847,73937,58910,0,0,0,0,0,0,0,0,0,0,0,0
C3010,03,00,0000,State - PUNJAB  03,Urban,8,195451,108224,87227,166941,93485,73456,166941,93485,73456,0,0,0,0,0,0,0,0,0,0,0,0
C3010,03,00,0000,State - PUNJAB  03,Urban,9,149705,82544,67161,134631,74829,59802,134631,74829,59802,0,0,0,0,0,0,0,0,0,0,0,0
C3010,03,00,0000,State - PUNJAB  03,Urban,10,225055,125684,99371,195027,109417,85610,195027,109417,85610,0,0,0,0,0,0,0,0,0,0,0,0
C3010,03,00,0000,State - PUNJAB  03,Urban,11,151382,83399,67983,136862,75473,61389,136862,75473,61389,0,0,0,0,0,0,0,0,0,0,0,0
C3010,03,00,0000,State - PUNJAB  03,Urban,12,210554,115331,95223,180923,98850,82073,180923,98850,82073,0,0,0,0,0,0,0,0,0,0,0,0
C3010,03,00,0000,State - PUNJAB  03,Urban,13,167100,87736,79364,144279,75345,68934,144279,75345,68934,0,0,0,0,0,0,0,0,0,0,0,0
C3010,03,00,0000,State - PUNJAB  03,Urban,14,178995,96388,82607,146798,78164,68634,146798,78164,68634,0,0,0,0,0,0,0,0,0,0,0,0
C3010,03,00,0000,State - PUNJAB  03,Urban,15-19,893569,495130,398439,531808,275410,256398,436595,230981,205614,79872,35672,44200,9328,5736,3592,5855,2931,2924,158,90,68
C3010,03,00,0000,State - PUNJAB  03,Urban,20-24,841431,461480,379951,158744,81862,76882,29225,17426,11799,115060,55997,59063,8803,5536,3267,5350,2733,2617,306,170,136
C3010,03,00,0000,State - PUNJAB  03,Urban,25-29,706701,377278,329423,11456,7027,4429,0,0,0,6388,3766,2622,2708,1779,929,2125,1364,761,235,118,117
C3010,03,00,0000,State - PUNJAB  03,Urban,30-34,626697,325169,301528,2753,1639,1114,0,0,0,1386,766,620,707,442,265,488,339,149,172,92,80
C3010,03,00,0000,State - PUNJAB  03,Urban,35-59,2111899,1140513,971386,4484,2620,1864,0,0,0,2212,1270,942,1240,728,512,445,318,127,587,304,283
C3010,03,00,0000,State - PUNJAB  03,Urban,60+,610734,306161,304573,1848,1010,838,0,0,0,1010,555,455,438,244,194,163,92,71,237,119,118
C3010,03,00,0000,State - PUNJAB  03,Urban,Age not stated,35859,20417,15442,513,278,235,0,0,0,368,192,176,94,62,32,37,17,20,14,7,7
C3010,03,01,0000,District - Gurdaspur  01,Total,All ages,2104011,1113077,990934,522028,285123,236905,489722,268869,220853,26596,12687,13909,3732,2500,1232,1444,865,579,534,202,332
C3010,03,01,0000,District - Gurdaspur  01,Total,0-4,188524,105612,82912,7772,4413,3359,7772,4413,3359,0,0,0,0,0,0,0,0,0,0,0,0
C3010,03,01,0000,District - Gurdaspur  01,Total,5,46643,26360,20283,12151,7104,5047,12151,7104,5047,0,0,0,0,0,0,0,0,0,0,0,0
C3010,03,01,0000,District - Gurdaspur  01,Total,6,44982,24630,20352,21043,11630,9413,21043,11630,9413,0,0,0,0,0,0,0,0,0,0,0,0
C3010,03,01,0000,District - Gurdaspur  01,Total,7,43792,23890,19902,36162,19927,16235,36162,19927,16235,0,0,0,0,0,0,0,0,0,0,0,0
C3010,03,01,0000,District - Gurdaspur  01,Total,8,53835,29642,24193,47737,26496,21241,47737,26496,21241,0,0,0,0,0,0,0,0,0,0,0,0
C3010,03,01,0000,District - Gurdaspur  01,Total,9,42289,23158,19131,39197,21604,17593,39197,21604,17593,0,0,0,0,0,0,0,0,0,0,0,0
C3010,03,01,0000,District - Gurdaspur  01,Total,10,61193,33369,27824,54926,30198,24728,54926,30198,24728,0,0,0,0,0,0,0,0,0,0,0,0
C3010,03,01,0000,District - Gurdaspur  01,Total,11,39446,21190,18256,36406,19742,16664,36406,19742,16664,0,0,0,0,0,0,0,0,0,0,0,0
C3010,03,01,0000,District - Gurdaspur  01,Total,12,56213,30188,26025,49290,26779,22511,49290,26779,22511,0,0,0,0,0,0,0,0,0,0,0,0
C3010,03,01,0000,District - Gurdaspur  01,Total,13,43822,22482,21340,38015,19792,18223,38015,19792,18223,0,0,0,0,0,0,0,0,0,0,0,0
C3010,03,01,0000,District - Gurdaspur  01,Total,14,48501,25652,22849,39244,21298,17946,39244,21298,17946,0,0,0,0,0,0,0,0,0,0,0,0
C3010,03,01,0000,District - Gurdaspur  01,Total,15-19,219672,116104,103568,113634,62038,51596,101116,55984,45132,10689,4817,5872,1307,922,385,489,294,195,33,21,12
C3010,03,01,0000,District - Gurdaspur  01,Total,20-24,199568,104865,94703,23008,12104,10904,6663,3902,2761,14404,6991,7413,1336,896,440,520,276,244,85,39,46
C3010,03,01,0000,District - Gurdaspur  01,Total,25-29,167949,86042,81907,1691,1012,679,0,0,0,875,498,377,465,319,146,254,164,90,97,31,66
C3010,03,01,0000,District - Gurdaspur  01,Total,30-34,151707,75592,76115,498,278,220,0,0,0,179,106,73,152,91,61,75,57,18,92,24,68
C3010,03,01,0000,District - Gurdaspur  01,Total,35-59,494146,262610,231536,821,467,354,0,0,0,253,170,83,302,172,130,77,57,20,189,68,121
C3010,03,01,0000,District - Gurdaspur  01,Total,60+,193623,97159,96464,368,196,172,0,0,0,149,72,77,155,88,67,26,17,9,38,19,19
C3010,03,01,0000,District - Gurdaspur  01,Total,Age not stated,8106,4532,3574,65,45,20,0,0,0,47,33,14,15,12,3,3,0,3,0,0,0
C3010,03,01,0000,District - Gurdaspur  01,Rural,All ages,1568788,826787,742001,374972,205938,169034,359201,197995,161206,12629,6175,6454,1935,1181,754,758,425,333,449,162,287
C3010,03,01,0000,District - Gurdaspur  01,Rural,0-4,146993,82108,64885,4635,2618,2017,4635,2618,2017,0,0,0,0,0,0,0,0,0,0,0,0
C3010,03,01,0000,District - Gurdaspur  01,Rural,5,36113,20187,15926,8080,4668,3412,8080,4668,3412,0,0,0,0,0,0,0,0,0,0,0,0
C3010,03,01,0000,District - Gurdaspur  01,Rural,6,35090,19142,15948,15739,8677,7062,15739,8677,7062,0,0,0,0,0,0,0,0,0,0,0,0
C3010,03,01,0000,District - Gurdaspur  01,Rural,7,33603,18284,15319,27409,15072,12337,27409,15072,12337,0,0,0,0,0,0,0,0,0,0,0,0
C3010,03,01,0000,District - Gurdaspur  01,Rural,8,41444,22671,18773,36439,20106,16333,36439,20106,16333,0,0,0,0,0,0,0,0,0,0,0,0
C3010,03,01,0000,District - Gurdaspur  01,Rural,9,32548,17733,14815,30026,16512,13514,30026,16512,13514,0,0,0,0,0,0,0,0,0,0,0,0
C3010,03,01,0000,District - Gurdaspur  01,Rural,10,46456,25263,21193,41411,22760,18651,41411,22760,18651,0,0,0,0,0,0,0,0,0,0,0,0
C3010,03,01,0000,District - Gurdaspur  01,Rural,11,29650,15831,13819,27178,14724,12454,27178,14724,12454,0,0,0,0,0,0,0,0,0,0,0,0
C3010,03,01,0000,District - Gurdaspur  01,Rural,12,42213,22502,19711,36556,19795,16761,36556,19795,16761,0,0,0,0,0,0,0,0,0,0,0,0
C3010,03,01,0000,District - Gurdaspur  01,Rural,13,32869,16798,16071,28110,14679,13431,28110,14679,13431,0,0,0,0,0,0,0,0,0,0,0,0
C3010,03,01,0000,District - Gurdaspur  01,Rural,14,36402,19209,17193,28729,15744,12985,28729,15744,12985,0,0,0,0,0,0,0,0,0,0,0,0
C3010,03,01,0000,District - Gurdaspur  01,Rural,15-19,162359,85769,76590,76486,42982,33504,70399,39998,30401,5161,2416,2745,621,403,218,282,152,130,23,13,10
C3010,03,01,0000,District - Gurdaspur  01,Rural,20-24,147098,76597,70501,12272,6568,5704,4490,2642,1848,6744,3307,3437,695,443,252,277,147,130,66,29,37
C3010,03,01,0000,District - Gurdaspur  01,Rural,25-29,123476,62768,60708,831,475,356,0,0,0,421,245,176,223,138,85,109,67,42,78,25,53
C3010,03,01,0000,District - Gurdaspur  01,Rural,30-34,111882,55240,56642,290,134,156,0,0,0,100,63,37,80,33,47,26,17,9,84,21,63
C3010,03,01,0000,District - Gurdaspur  01,Rural,35-59,354439,187421,167018,551,302,249,0,0,0,138,106,32,203,108,95,45,31,14,165,57,108
C3010,03,01,0000,District - Gurdaspur  01,Rural,60+,149829,75766,74063,212,114,98,0,0,0,57,34,23,106,52,54,16,11,5,33,17,16
C3010,03,01,0000,District - Gurdaspur  01,Rural,Age not stated,6324,3498,2826,18,8,10,0,0,0,8,4,4,7,4,3,3,0,3,0,0,0
C3010,03,01,0000,District - Gurdaspur  01,Urban,All ages,535223,286290,248933,147056,79185,67871,130521,70874,59647,13967,6512,7455,1797,1319,478,686,440,246,85,40,45
C3010,03,01,0000,District - Gurdaspur  01,Urban,0-4,41531,23504,18027,3137,1795,1342,3137,1795,1342,0,0,0,0,0,0,0,0,0,0,0,0
C3010,03,01,0000,District - Gurdaspur  01,Urban,5,10530,6173,4357,4071,2436,1635,4071,2436,1635,0,0,0,0,0,0,0,0,0,0,0,0
C3010,03,01,0000,District - Gurdaspur  01,Urban,6,9892,5488,4404,5304,2953,2351,5304,2953,2351,0,0,0,0,0,0,0,0,0,0,0,0
C3010,03,01,0000,District - Gurdaspur  01,Urban,7,10189,5606,4583,8753,4855,3898,8753,4855,3898,0,0,0,0,0,0,0,0,0,0,0,0
C3010,03,01,0000,District - Gurdaspur  01,Urban,8,12391,6971,5420,11298,6390,4908,11298,6390,4908,0,0,0,0,0,0,0,0,0,0,0,0
C3010,03,01,0000,District - Gurdaspur  01,Urban,9,9741,5425,4316,9171,5092,4079,9171,5092,4079,0,0,0,0,0,0,0,0,0,0,0,0
C3010,03,01,0000,District - Gurdaspur  01,Urban,10,14737,8106,6631,13515,7438,6077,13515,7438,6077,0,0,0,0,0,0,0,0,0,0,0,0
C3010,03,01,0000,District - Gurdaspur  01,Urban,11,9796,5359,4437,9228,5018,4210,9228,5018,4210,0,0,0,0,0,0,0,0,0,0,0,0
C3010,03,01,0000,District - Gurdaspur  01,Urban,12,14000,7686,6314,12734,6984,5750,12734,6984,5750,0,0,0,0,0,0,0,0,0,0,0,0
C3010,03,01,0000,District - Gurdaspur  01,Urban,13,10953,5684,5269,9905,5113,4792,9905,5113,4792,0,0,0,0,0,0,0,0,0,0,0,0
C3010,03,01,0000,District - Gurdaspur  01,Urban,14,12099,6443,5656,10515,5554,4961,10515,5554,4961,0,0,0,0,0,0,0,0,0,0,0,0
C3010,03,01,0000,District - Gurdaspur  01,Urban,15-19,57313,30335,26978,37148,19056,18092,30717,15986,14731,5528,2401,3127,686,519,167,207,142,65,10,8,2
C3010,03,01,0000,District - Gurdaspur  01,Urban,20-24,52470,28268,24202,10736,5536,5200,2173,1260,913,7660,3684,3976,641,453,188,243,129,114,19,10,9
C3010,03,01,0000,District - Gurdaspur  01,Urban,25-29,44473,23274,21199,860,537,323,0,0,0,454,253,201,242,181,61,145,97,48,19,6,13
C3010,03,01,0000,District - Gurdaspur  01,Urban,30-34,39825,20352,19473,208,144,64,0,0,0,79,43,36,72,58,14,49,40,9,8,3,5
C3010,03,01,0000,District - Gurdaspur  01,Urban,35-59,139707,75189,64518,270,165,105,0,0,0,115,64,51,99,64,35,32,26,6,24,11,13
C3010,03,01,0000,District - Gurdaspur  01,Urban,60+,43794,21393,22401,156,82,74,0,0,0,92,38,54,49,36,13,10,6,4,5,2,3
C3010,03,01,0000,District - Gurdaspur  01,Urban,Age not stated,1782,1034,748,47,37,10,0,0,0,39,29,10,8,8,0,0,0,0,0,0,0
C3010,03,02,0000,District - Amritsar  02,Total,All ages,3096077,1650589,1445488,713592,400309,313283,669985,378756,291229,36443,17616,18827,4060,2251,1809,2603,1404,1199,501,282,219
C3010,03,02,0000,District - Amritsar  02,Total,0-4,286056,159625,126431,10201,5824,4377,10201,5824,4377,0,0,0,0,0,0,0,0,0,0,0,0
C3010,03,02,0000,District - Amritsar  02,Total,5,72025,40956,31069,15877,9426,6451,15877,9426,6451,0,0,0,0,0,0,0,0,0,0,0,0
C3010,03,02,0000,District - Amritsar  02,Total,6,70944,39141,31803,30019,17147,12872,30019,17147,12872,0,0,0,0,0,0,0,0,0,0,0,0
C3010,03,02,0000,District - Amritsar  02,Total,7,68264,37559,30705,52346,29474,22872,52346,29474,22872,0,0,0,0,0,0,0,0,0,0,0,0
C3010,03,02,0000,District - Amritsar  02,Total,8,83599,46286,37313,68314,38454,29860,68314,38454,29860,0,0,0,0,0,0,0,0,0,0,0,0
C3010,03,02,0000,District - Amritsar  02,Total,9,62755,34148,28607,54467,30104,24363,54467,30104,24363,0,0,0,0,0,0,0,0,0,0,0,0
C3010,03,02,0000,District - Amritsar  02,Total,10,94219,52411,41808,77585,43947,33638,77585,43947,33638,0,0,0,0,0,0,0,0,0,0,0,0
C3010,03,02,0000,District - Amritsar  02,Total,11,56756,31128,25628,49384,27433,21951,49384,27433,21951,0,0,0,0,0,0,0,0,0,0,0,0
C3010,03,02,0000,District - Amritsar  02,Total,12,85227,46981,38246,67468,38122,29346,67468,38122,29346,0,0,0,0,0,0,0,0,0,0,0,0
C3010,03,02,0000,District - Amritsar  02,Total,13,62942,33270,29672,49487,26975,22512,49487,26975,22512,0,0,0,0,0,0,0,0,0,0,0,0
C3010,03,02,0000,District - Amritsar  02,Total,14,70874,38135,32739,50562,28262,22300,50562,28262,22300,0,0,0,0,0,0,0,0,0,0,0,0
C3010,03,02,0000,District - Amritsar  02,Total,15-19,328421,179323,149098,150442,84996,65446,134172,77328,56844,13654,6280,7374,1468,803,665,1084,551,533,64,34,30
C3010,03,02,0000,District - Amritsar  02,Total,20-24,291600,154826,136774,33256,17706,15550,10103,6260,3843,20703,10130,10573,1351,750,601,994,510,484,105,56,49
C3010,03,02,0000,District - Amritsar  02,Total,25-29,239000,122859,116141,2160,1306,854,0,0,0,1228,719,509,502,310,192,358,235,123,72,42,30
C3010,03,02,0000,District - Amritsar  02,Total,30-34,220394,110094,110300,504,280,224,0,0,0,246,137,109,164,87,77,59,38,21,35,18,17
C3010,03,02,0000,District - Amritsar  02,Total,35-59,719592,378644,340948,1009,567,442,0,0,0,385,223,162,395,211,184,75,47,28,154,86,68
C3010,03,02,0000,District - Amritsar  02,Total,60+,272275,139059,133216,454,256,198,0,0,0,192,110,82,163,80,83,33,23,10,66,43,23
C3010,03,02,0000,District - Amritsar  02,Total,Age not stated,11134,6144,4990,57,30,27,0,0,0,35,17,18,17,10,7,0,0,0,5,3,2
C3010,03,02,0000,District - Amritsar  02,Rural,All ages,1872802,993631,879171,405867,232907,172960,394436,226863,167573,9195,4773,4422,1367,758,609,607,369,238,262,144,118
C3010,03,02,0000,District - Amritsar  02,Rural,0-4,185738,103416,82322,3915,2244,1671,3915,2244,1671,0,0,0,0,0,0,0,0,0,0,0,0
C3010,03,02,0000,District - Amritsar  02,Rural,5,46079,26262,19817,7496,4504,2992,7496,4504,2992,0,0,0,0,0,0,0,0,0,0,0,0
C3010,03,02,0000,District - Amritsar  02,Rural,6,46404,25518,20886,18282,10488,7794,18282,10488,7794,0,0,0,0,0,0,0,0,0,0,0,0
C3010,03,02,0000,District - Amritsar  02,Rural,7,43572,23971,19601,32569,18417,14152,32569,18417,14152,0,0,0,0,0,0,0,0,0,0,0,0
C3010,03,02,0000,District - Amritsar  02,Rural,8,54191,29850,24341,43485,24399,19086,43485,24399,19086,0,0,0,0,0,0,0,0,0,0,0,0
C3010,03,02,0000,District - Amritsar  02,Rural,9,41181,22220,18961,35462,19470,15992,35462,19470,15992,0,0,0,0,0,0,0,0,0,0,0,0
C3010,03,02,0000,District - Amritsar  02,Rural,10,60128,33254,26874,48514,27511,21003,48514,27511,21003,0,0,0,0,0,0,0,0,0,0,0,0
C3010,03,02,0000,District - Amritsar  02,Rural,11,35204,19263,15941,30203,16910,13293,30203,16910,13293,0,0,0,0,0,0,0,0,0,0,0,0
C3010,03,02,0000,District - Amritsar  02,Rural,12,52563,28773,23790,40157,22902,17255,40157,22902,17255,0,0,0,0,0,0,0,0,0,0,0,0
C3010,03,02,0000,District - Amritsar  02,Rural,13,38010,20126,17884,28572,15942,12630,28572,15942,12630,0,0,0,0,0,0,0,0,0,0,0,0
C3010,03,02,0000,District - Amritsar  02,Rural,14,44077,23674,20403,29569,17046,12523,29569,17046,12523,0,0,0,0,0,0,0,0,0,0,0,0
C3010,03,02,0000,District - Amritsar  02,Rural,15-19,194762,106292,88470,75402,45909,29493,70897,43607,27290,3796,1896,1900,423,241,182,253,148,105,33,17,16
C3010,03,02,0000,District - Amritsar  02,Rural,20-24,168482,89011,79471,10899,6359,4540,5315,3423,1892,4886,2539,2347,433,245,188,222,132,90,43,20,23
C3010,03,02,0000,District - Amritsar  02,Rural,25-29,138985,70914,68071,527,326,201,0,0,0,282,178,104,133,79,54,74,46,28,38,23,15
C3010,03,02,0000,District - Amritsar  02,Rural,30-34,130646,64203,66443,177,102,75,0,0,0,70,46,24,71,35,36,19,14,5,17,7,10
C3010,03,02,0000,District - Amritsar  02,Rural,35-59,408755,212694,196061,414,248,166,0,0,0,99,72,27,202,108,94,28,19,9,85,49,36
C3010,03,02,0000,District - Amritsar  02,Rural,60+,176218,89913,86305,200,115,85,0,0,0,51,36,15,95,44,51,11,10,1,43,25,18
C3010,03,02,0000,District - Amritsar  02,Rural,Age not stated,7807,4277,3530,24,15,9,0,0,0,11,6,5,10,6,4,0,0,0,3,3,0
C3010,03,02,0000,District - Amritsar  02,Urban,All ages,1223275,656958,566317,307725,167402,140323,275549,151893,123656,27248,12843,14405,2693,1493,1200,1996,1035,961,239,138,101
C3010,03,02,0000,District - Amritsar  02,Urban,0-4,100318,56209,44109,6286,3580,2706,6286,3580,2706,0,0,0,0,0,0,0,0,0,0,0,0
C3010,03,02,0000,District - Amritsar  02,Urban,5,25946,14694,11252,8381,4922,3459,8381,4922,3459,0,0,0,0,0,0,0,0,0,0,0,0
C3010,03,02,0000,District - Amritsar  02,Urban,6,24540,13623,10917,11737,6659,5078,11737,6659,5078,0,0,0,0,0,0,0,0,0,0,0,0
C3010,03,02,0000,District - Amritsar  02,Urban,7,24692,13588,11104,19777,11057,8720,19777,11057,8720,0,0,0,0,0,0,0,0,0,0,0,0
C3010,03,02,0000,District - Amritsar  02,Urban,8,29408,16436,12972,24829,14055,10774,24829,14055,10774,0,0,0,0,0,0,0,0,0,0,0,0
C3010,03,02,0000,District - Amritsar  02,Urban,9,21574,11928,9646,19005,10634,8371,19005,10634,8371,0,0,0,0,0,0,0,0,0,0,0,0
C3010,03,02,0000,District - Amritsar  02,Urban,10,34091,19157,14934,29071,16436,12635,29071,16436,12635,0,0,0,0,0,0,0,0,0,0,0,0
C3010,03,02,0000,District - Amritsar  02,Urban,11,21552,11865,9687,19181,10523,8658,19181,10523,8658,0,0,0,0,0,0,0,0,0,0,0,0
C3010,03,02,0000,District - Amritsar  02,Urban,12,32664,18208,14456,27311,15220,12091,27311,15220,12091,0,0,0,0,0,0,0,0,0,0,0,0
C3010,03,02,0000,District - Amritsar  02,Urban,13,24932,13144,11788,20915,11033,9882,20915,11033,9882,0,0,0,0,0,0,0,0,0,0,0,0
C3010,03,02,0000,District - Amritsar  02,Urban,14,26797,14461,12336,20993,11216,9777,20993,11216,9777,0,0,0,0,0,0,0,0,0,0,0,0
C3010,03,02,0000,District - Amritsar  02,Urban,15-19,133659,73031,60628,75040,39087,35953,63275,33721,29554,9858,4384,5474,1045,562,483,831,403,428,31,17,14
C3010,03,02,0000,District - Amritsar  02,Urban,20-24,123118,65815,57303,22357,11347,11010,4788,2837,1951,15817,7591,8226,918,505,413,772,378,394,62,36,26
C3010,03,02,0000,District - Amritsar  02,Urban,25-29,100015,51945,48070,1633,980,653,0,0,0,946,541,405,369,231,138,284,189,95,34,19,15
C3010,03,02,0000,District - Amritsar  02,Urban,30-34,89748,45891,43857,327,178,149,0,0,0,176,91,85,93,52,41,40,24,16,18,11,7
C3010,03,02,0000,District - Amritsar  02,Urban,35-59,310837,165950,144887,595,319,276,0,0,0,286,151,135,193,103,90,47,28,19,69,37,32
C3010,03,02,0000,District - Amritsar  02,Urban,60+,96057,49146,46911,254,141,113,0,0,0,141,74,67,68,36,32,22,13,9,23,18,5
C3010,03,02,0000,District - Amritsar  02,Urban,Age not stated,3327,1867,1460,33,15,18,0,0,0,24,11,13,7,4,3,0,0,0,2,0,2
C3010,03,03,0000,District - Kapurthala  03,Total,All ages,754521,399623,354898,193070,104759,88311,180314,98614,81700,11126,5117,6009,1044,684,360,500,296,204,86,48,38
C3010,03,03,0000,District - Kapurthala  03,Total,0-4,63447,35569,27878,3540,1984,1556,3540,1984,1556,0,0,0,0,0,0,0,0,0,0,0,0
C3010,03,03,0000,District - Kapurthala  03,Total,5,15951,9019,6932,5453,3173,2280,5453,3173,2280,0,0,0,0,0,0,0,0,0,0,0,0
C3010,03,03,0000,District - Kapurthala  03,Total,6,15606,8647,6959,9264,5228,4036,9264,5228,4036,0,0,0,0,0,0,0,0,0,0,0,0
C3010,03,03,0000,District - Kapurthala  03,Total,7,15961,8869,7092,13721,7710,6011,13721,7710,6011,0,0,0,0,0,0,0,0,0,0,0,0
C3010,03,03,0000,District - Kapurthala  03,Total,8,18511,10259,8252,16598,9262,7336,16598,9262,7336,0,0,0,0,0,0,0,0,0,0,0,0
C3010,03,03,0000,District - Kapurthala  03,Total,9,15227,8394,6833,14201,7878,6323,14201,7878,6323,0,0,0,0,0,0,0,0,0,0,0,0
C3010,03,03,0000,District - Kapurthala  03,Total,10,20884,11564,9320,18857,10498,8359,18857,10498,8359,0,0,0,0,0,0,0,0,0,0,0,0
C3010,03,03,0000,District - Kapurthala  03,Total,11,15045,8234,6811,13999,7704,6295,13999,7704,6295,0,0,0,0,0,0,0,0,0,0,0,0
C3010,03,03,0000,District - Kapurthala  03,Total,12,19255,10445,8810,17172,9371,7801,17172,9371,7801,0,0,0,0,0,0,0,0,0,0,0,0
C3010,03,03,0000,District - Kapurthala  03,Total,13,15648,8087,7561,13856,7183,6673,13856,7183,6673,0,0,0,0,0,0,0,0,0,0,0,0
C3010,03,03,0000,District - Kapurthala  03,Total,14,16416,8708,7708,13690,7264,6426,13690,7264,6426,0,0,0,0,0,0,0,0,0,0,0,0
C3010,03,03,0000,District - Kapurthala  03,Total,15-19,78156,42254,35902,43178,22629,20549,37666,20066,17600,4939,2172,2767,366,269,97,204,121,83,3,1,2
C3010,03,03,0000,District - Kapurthala  03,Total,20-24,70195,37088,33107,8501,4268,4233,2297,1293,1004,5625,2615,3010,389,253,136,174,98,76,16,9,7
C3010,03,03,0000,District - Kapurthala  03,Total,25-29,59498,30003,29495,502,304,198,0,0,0,313,183,130,107,72,35,70,41,29,12,8,4
C3010,03,03,0000,District - Kapurthala  03,Total,30-34,55990,27297,28693,124,68,56,0,0,0,62,33,29,41,19,22,13,11,2,8,5,3
C3010,03,03,0000,District - Kapurthala  03,Total,35-59,183803,97036,86767,284,168,116,0,0,0,131,86,45,99,46,53,24,20,4,30,16,14
C3010,03,03,0000,District - Kapurthala  03,Total,60+,72215,36616,35599,111,61,50,0,0,0,43,24,19,37,23,14,14,5,9,17,9,8
C3010,03,03,0000,District - Kapurthala  03,Total,Age not stated,2713,1534,1179,19,6,13,0,0,0,13,4,9,5,2,3,1,0,1,0,0,0
C3010,03,03,0000,District - Kapurthala  03,Rural,All ages,507994,265973,242021,126103,68423,57680,120175,65505,54670,5029,2356,2673,603,397,206,238,136,102,58,29,29
C3010,03,03,0000,District - Kapurthala  03,Rural,0-4,44306,24897,19409,1840,1021,819,1840,1021,819,0,0,0,0,0,0,0,0,0,0,0,0
C3010,03,03,0000,District - Kapurthala  03,Rural,5,11032,6243,4789,3303,1931,1372,3303,1931,1372,0,0,0,0,0,0,0,0,0,0,0,0
C3010,03,03,0000,District - Kapurthala  03,Rural,6,10916,6047,4869,6401,3605,2796,6401,3605,2796,0,0,0,0,0,0,0,0,0,0,0,0
C3010,03,03,0000,District - Kapurthala  03,Rural,7,10992,6085,4907,9366,5241,4125,9366,5241,4125,0,0,0,0,0,0,0,0,0,0,0,0
C3010,03,03,0000,District - Kapurthala  03,Rural,8,12732,7052,5680,11424,6391,5033,11424,6391,5033,0,0,0,0,0,0,0,0,0,0,0,0
C3010,03,03,0000,District - Kapurthala  03,Rural,9,10652,5876,4776,9947,5529,4418,9947,5529,4418,0,0,0,0,0,0,0,0,0,0,0,0
C3010,03,03,0000,District - Kapurthala  03,Rural,10,14282,7804,6478,12882,7075,5807,12882,7075,5807,0,0,0,0,0,0,0,0,0,0,0,0
C3010,03,03,0000,District - Kapurthala  03,Rural,11,10356,5587,4769,9637,5240,4397,9637,5240,4397,0,0,0,0,0,0,0,0,0,0,0,0
C3010,03,03,0000,District - Kapurthala  03,Rural,12,13135,7008,6127,11665,6287,5378,11665,6287,5378,0,0,0,0,0,0,0,0,0,0,0,0
C3010,03,03,0000,District - Kapurthala  03,Rural,13,10695,5477,5218,9345,4829,4516,9345,4829,4516,0,0,0,0,0,0,0,0,0,0,0,0
C3010,03,03,0000,District - Kapurthala  03,Rural,14,11186,5926,5260,9160,4897,4263,9160,4897,4263,0,0,0,0,0,0,0,0,0,0,0,0
C3010,03,03,0000,District - Kapurthala  03,Rural,15-19,52687,28122,24565,26505,13979,12526,23811,12690,11121,2373,1060,1313,221,172,49,98,57,41,2,0,2
C3010,03,03,0000,District - Kapurthala  03,Rural,20-24,46706,24251,22455,4146,2119,2027,1394,769,625,2442,1161,1281,222,141,81,75,41,34,13,7,6
C3010,03,03,0000,District - Kapurthala  03,Rural,25-29,38621,19193,19428,206,127,79,0,0,0,118,74,44,51,32,19,31,18,13,6,3,3
C3010,03,03,0000,District - Kapurthala  03,Rural,30-34,36383,17276,19107,60,37,23,0,0,0,21,14,7,23,12,11,8,6,2,8,5,3
C3010,03,03,0000,District - Kapurthala  03,Rural,35-59,118608,61098,57510,136,76,60,0,0,0,45,33,12,60,25,35,14,11,3,17,7,10
C3010,03,03,0000,District - Kapurthala  03,Rural,60+,52890,27003,25887,69,35,34,0,0,0,23,12,11,23,13,10,11,3,8,12,7,5
C3010,03,03,0000,District - Kapurthala  03,Rural,Age not stated,1815,1028,787,11,4,7,0,0,0,7,2,5,3,2,1,1,0,1,0,0,0
C3010,03,03,0000,District - Kapurthala  03,Urban,All ages,246527,133650,112877,66967,36336,30631,60139,33109,27030,6097,2761,3336,441,287,154,262,160,102,28,19,9
C3010,03,03,0000,District - Kapurthala  03,Urban,0-4,19141,10672,8469,1700,963,737,1700,963,737,0,0,0,0,0,0,0,0,0,0,0,0
C3010,03,03,0000,District - Kapurthala  03,Urban,5,4919,2776,2143,2150,1242,908,2150,1242,908,0,0,0,0,0,0,0,0,0,0,0,0
C3010,03,03,0000,District - Kapurthala  03,Urban,6,4690,2600,2090,2863,1623,1240,2863,1623,1240,0,0,0,0,0,0,0,0,0,0,0,0
C3010,03,03,0000,District - Kapurthala  03,Urban,7,4969,2784,2185,4355,2469,1886,4355,2469,1886,0,0,0,0,0,0,0,0,0,0,0,0
C3010,03,03,0000,District - Kapurthala  03,Urban,8,5779,3207,2572,5174,2871,2303,5174,2871,2303,0,0,0,0,0,0,0,0,0,0,0,0
C3010,03,03,0000,District - Kapurthala  03,Urban,9,4575,2518,2057,4254,2349,1905,4254,2349,1905,0,0,0,0,0,0,0,0,0,0,0,0
C3010,03,03,0000,District - Kapurthala  03,Urban,10,6602,3760,2842,5975,3423,2552,5975,3423,2552,0,0,0,0,0,0,0,0,0,0,0,0
C3010,03,03,0000,District - Kapurthala  03,Urban,11,4689,2647,2042,4362,2464,1898,4362,2464,1898,0,0,0,0,0,0,0,0,0,0,0,0
C3010,03,03,0000,District - Kapurthala  03,Urban,12,6120,3437,2683,5507,3084,2423,5507,3084,2423,0,0,0,0,0,0,0,0,0,0,0,0
C3010,03,03,0000,District - Kapurthala  03,Urban,13,4953,2610,2343,4511,2354,2157,4511,2354,2157,0,0,0,0,0,0,0,0,0,0,0,0
C3010,03,03,0000,District - Kapurthala  03,Urban,14,5230,2782,2448,4530,2367,2163,4530,2367,2163,0,0,0,0,0,0,0,0,0,0,0,0
C3010,03,03,0000,District - Kapurthala  03,Urban,15-19,25469,14132,11337,16673,8650,8023,13855,7376,6479,2566,1112,1454,145,97,48,106,64,42,1,1,0
C3010,03,03,0000,District - Kapurthala  03,Urban,20-24,23489,12837,10652,4355,2149,2206,903,524,379,3183,1454,1729,167,112,55,99,57,42,3,2,1
C3010,03,03,0000,District - Kapurthala  03,Urban,25-29,20877,10810,10067,296,177,119,0,0,0,195,109,86,56,40,16,39,23,16,6,5,1
C3010,03,03,0000,District - Kapurthala  03,Urban,30-34,19607,10021,9586,64,31,33,0,0,0,41,19,22,18,7,11,5,5,0,0,0,0
C3010,03,03,0000,District - Kapurthala  03,Urban,35-59,65195,35938,29257,148,92,56,0,0,0,86,53,33,39,21,18,10,9,1,13,9,4
C3010,03,03,0000,District - Kapurthala  03,Urban,60+,19325,9613,9712,42,26,16,0,0,0,20,12,8,14,10,4,3,2,1,5,2,3
C3010,03,03,0000,District - Kapurthala  03,Urban,Age not stated,898,506,392,8,2,6,0,0,0,6,2,4,2,0,2,0,0,0,0,0,0
C3010,03,04,0000,District - Jalandhar  04,Total,All ages,1962700,1040177,922523,496406,263590,232816,453496,242917,210579,37784,17572,20212,3151,2044,1107,1578,866,712,397,191,206
C3010,03,04,0000,District - Jalandhar  04,Total,0-4,154749,85911,68838,8730,4917,3813,8730,4917,3813,0,0,0,0,0,0,0,0,0,0,0,0
C3010,03,04,0000,District - Jalandhar  04,Total,5,39115,21812,17303,12314,6865,5449,12314,6865,5449,0,0,0,0,0,0,0,0,0,0,0,0
C3010,03,04,0000,District - Jalandhar  04,Total,6,36291,19738,16553,20138,11033,9105,20138,11033,9105,0,0,0,0,0,0,0,0,0,0,0,0
C3010,03,04,0000,District - Jalandhar  04,Total,7,37588,20514,17074,32573,17877,14696,32573,17877,14696,0,0,0,0,0,0,0,0,0,0,0,0
C3010,03,04,0000,District - Jalandhar  04,Total,8,44185,24037,20148,40076,21847,18229,40076,21847,18229,0,0,0,0,0,0,0,0,0,0,0,0
C3010,03,04,0000,District - Jalandhar  04,Total,9,37053,20008,17045,34799,18866,15933,34799,18866,15933,0,0,0,0,0,0,0,0,0,0,0,0
C3010,03,04,0000,District - Jalandhar  04,Total,10,50972,27703,23269,46491,25233,21258,46491,25233,21258,0,0,0,0,0,0,0,0,0,0,0,0
C3010,03,04,0000,District - Jalandhar  04,Total,11,37205,20172,17033,34780,18853,15927,34780,18853,15927,0,0,0,0,0,0,0,0,0,0,0,0
C3010,03,04,0000,District - Jalandhar  04,Total,12,48366,25923,22443,43662,23294,20368,43662,23294,20368,0,0,0,0,0,0,0,0,0,0,0,0
C3010,03,04,0000,District - Jalandhar  04,Total,13,40331,20914,19417,36221,18666,17555,36221,18666,17555,0,0,0,0,0,0,0,0,0,0,0,0
C3010,03,04,0000,District - Jalandhar  04,Total,14,42885,22698,20187,36331,18916,17415,36331,18916,17415,0,0,0,0,0,0,0,0,0,0,0,0
C3010,03,04,0000,District - Jalandhar  04,Total,15-19,207629,112668,94961,117846,60352,57494,100970,52792,48178,15274,6647,8627,950,574,376,627,326,301,25,13,12
C3010,03,04,0000,District - Jalandhar  04,Total,20-24,193917,105314,88603,28505,14523,13982,6411,3758,2653,20434,9762,10672,1006,635,371,599,337,262,55,31,24
C3010,03,04,0000,District - Jalandhar  04,Total,25-29,162958,85106,77852,1967,1234,733,0,0,0,1160,663,497,550,422,128,205,122,83,52,27,25
C3010,03,04,0000,District - Jalandhar  04,Total,30-34,144071,72786,71285,503,291,212,0,0,0,270,137,133,153,117,36,44,24,20,36,13,23
C3010,03,04,0000,District - Jalandhar  04,Total,35-59,497541,260789,236752,983,572,411,0,0,0,399,236,163,353,220,133,66,42,24,165,74,91
C3010,03,04,0000,District - Jalandhar  04,Total,60+,179638,89679,89959,380,198,182,0,0,0,186,102,84,110,54,56,26,13,13,58,29,29
C3010,03,04,0000,District - Jalandhar  04,Total,Age not stated,8206,4405,3801,107,53,54,0,0,0,61,25,36,29,22,7,11,2,9,6,4,2
C3010,03,04,0000,District - Jalandhar  04,Rural,All ages,1030717,539021,491696,252471,133986,118485,238308,127083,111225,12229,5792,6437,1091,671,420,614,336,278,229,104,125
C3010,03,04,0000,District - Jalandhar  04,Rural,0-4,85250,46965,38285,3288,1820,1468,3288,1820,1468,0,0,0,0,0,0,0,0,0,0,0,0
C3010,03,04,0000,District - Jalandhar  04,Rural,5,21363,11894,9469,5667,3142,2525,5667,3142,2525,0,0,0,0,0,0,0,0,0,0,0,0
C3010,03,04,0000,District - Jalandhar  04,Rural,6,19753,10703,9050,10924,5936,4988,10924,5936,4988,0,0,0,0,0,0,0,0,0,0,0,0
C3010,03,04,0000,District - Jalandhar  04,Rural,7,20763,11260,9503,18273,9953,8320,18273,9953,8320,0,0,0,0,0,0,0,0,0,0,0,0
C3010,03,04,0000,District - Jalandhar  04,Rural,8,23815,12885,10930,21912,11892,10020,21912,11892,10020,0,0,0,0,0,0,0,0,0,0,0,0
C3010,03,04,0000,District - Jalandhar  04,Rural,9,20930,11203,9727,19863,10669,9194,19863,10669,9194,0,0,0,0,0,0,0,0,0,0,0,0
C3010,03,04,0000,District - Jalandhar  04,Rural,10,26862,14479,12383,24743,13356,11387,24743,13356,11387,0,0,0,0,0,0,0,0,0,0,0,0
C3010,03,04,0000,District - Jalandhar  04,Rural,11,20436,10923,9513,19270,10301,8969,19270,10301,8969,0,0,0,0,0,0,0,0,0,0,0,0
C3010,03,04,0000,District - Jalandhar  04,Rural,12,25457,13460,11997,23123,12209,10914,23123,12209,10914,0,0,0,0,0,0,0,0,0,0,0,0
C3010,03,04,0000,District - Jalandhar  04,Rural,13,21713,11134,10579,19555,10012,9543,19555,10012,9543,0,0,0,0,0,0,0,0,0,0,0,0
C3010,03,04,0000,District - Jalandhar  04,Rural,14,22776,11995,10781,19179,9971,9208,19179,9971,9208,0,0,0,0,0,0,0,0,0,0,0,0
C3010,03,04,0000,District - Jalandhar  04,Rural,15-19,106697,57362,49335,55444,28757,26687,49487,26077,23410,5363,2340,3023,337,208,129,251,128,123,6,4,2
C3010,03,04,0000,District - Jalandhar  04,Rural,20-24,98654,53341,45313,9875,5194,4681,3024,1745,1279,6242,3074,3168,366,236,130,225,126,99,18,13,5
C3010,03,04,0000,District - Jalandhar  04,Rural,25-29,80936,41418,39518,613,387,226,0,0,0,380,234,146,142,100,42,64,40,24,27,13,14
C3010,03,04,0000,District - Jalandhar  04,Rural,30-34,73077,35838,37239,156,84,72,0,0,0,79,45,34,34,19,15,20,12,8,23,8,15
C3010,03,04,0000,District - Jalandhar  04,Rural,35-59,251570,128743,122827,379,199,180,0,0,0,88,57,31,143,75,68,29,19,10,119,48,71
C3010,03,04,0000,District - Jalandhar  04,Rural,60+,106172,53052,53120,175,94,81,0,0,0,62,36,26,62,30,32,17,11,6,34,17,17
C3010,03,04,0000,District - Jalandhar  04,Rural,Age not stated,4493,2366,2127,32,10,22,0,0,0,15,6,9,7,3,4,8,0,8,2,1,1
C3010,03,04,0000,District - Jalandhar  04,Urban,All ages,931983,501156,430827,243935,129604,114331,215188,115834,99354,25555,11780,13775,2060,1373,687,964,530,434,168,87,81
C3010,03,04,0000,District - Jalandhar  04,Urban,0-4,69499,38946,30553,5442,3097,2345,5442,3097,2345,0,0,0,0,0,0,0,0,0,0,0,0
C3010,03,04,0000,District - Jalandhar  04,Urban,5,17752,9918,7834,6647,3723,2924,6647,3723,2924,0,0,0,0,0,0,0,0,0,0,0,0
C3010,03,04,0000,District - Jalandhar  04,Urban,6,16538,9035,7503,9214,5097,4117,9214,5097,4117,0,0,0,0,0,0,0,0,0,0,0,0
C3010,03,04,0000,District - Jalandhar  04,Urban,7,16825,9254,7571,14300,7924,6376,14300,7924,6376,0,0,0,0,0,0,0,0,0,0,0,0
C3010,03,04,0000,District - Jalandhar  04,Urban,8,20370,11152,9218,18164,9955,8209,18164,9955,8209,0,0,0,0,0,0,0,0,0,0,0,0
C3010,03,04,0000,District - Jalandhar  04,Urban,9,16123,8805,7318,14936,8197,6739,14936,8197,6739,0,0,0,0,0,0,0,0,0,0,0,0
C3010,03,04,0000,District - Jalandhar  04,Urban,10,24110,13224,10886,21748,11877,9871,21748,11877,9871,0,0,0,0,0,0,0,0,0,0,0,0
C3010,03,04,0000,District - Jalandhar  04,Urban,11,16769,9249,7520,15510,8552,6958,15510,8552,6958,0,0,0,0,0,0,0,0,0,0,0,0
C3010,03,04,0000,District - Jalandhar  04,Urban,12,22909,12463,10446,20539,11085,9454,20539,11085,9454,0,0,0,0,0,0,0,0,0,0,0,0
C3010,03,04,0000,District - Jalandhar  04,Urban,13,18618,9780,8838,16666,8654,8012,16666,8654,8012,0,0,0,0,0,0,0,0,0,0,0,0
C3010,03,04,0000,District - Jalandhar  04,Urban,14,20109,10703,9406,17152,8945,8207,17152,8945,8207,0,0,0,0,0,0,0,0,0,0,0,0
C3010,03,04,0000,District - Jalandhar  04,Urban,15-19,100932,55306,45626,62402,31595,30807,51483,26715,24768,9911,4307,5604,613,366,247,376,198,178,19,9,10
C3010,03,04,0000,District - Jalandhar  04,Urban,20-24,95263,51973,43290,18630,9329,9301,3387,2013,1374,14192,6688,7504,640,399,241,374,211,163,37,18,19
C3010,03,04,0000,District - Jalandhar  04,Urban,25-29,82022,43688,38334,1354,847,507,0,0,0,780,429,351,408,322,86,141,82,59,25,14,11
C3010,03,04,0000,District - Jalandhar  04,Urban,30-34,70994,36948,34046,347,207,140,0,0,0,191,92,99,119,98,21,24,12,12,13,5,8
C3010,03,04,0000,District - Jalandhar  04,Urban,35-59,245971,132046,113925,604,373,231,0,0,0,311,179,132,210,145,65,37,23,14,46,26,20
C3010,03,04,0000,District - Jalandhar  04,Urban,60+,73466,36627,36839,205,104,101,0,0,0,124,66,58,48,24,24,9,2,7,24,12,12
C3010,03,04,0000,District - Jalandhar  04,Urban,Age not stated,3713,2039,1674,75,43,32,0,0,0,46,19,27,22,19,3,3,2,1,4,3,1
C3010,03,05,0000,District - Hoshiarpur  05,Total,All ages,1480736,765132,715604,377177,200776,176401,350241,187701,162540,23016,10623,12393,2647,1762,885,1132,639,493,141,51,90
C3010,03,05,0000,District - Hoshiarpur  05,Total,0-4,126077,69951,56126,3609,1965,1644,3609,1965,1644,0,0,0,0,0,0,0,0,0,0,0,0
C3010,03,05,0000,District - Hoshiarpur  05,Total,5,30623,16872,13751,6575,3720,2855,6575,3720,2855,0,0,0,0,0,0,0,0,0,0,0,0
C3010,03,05,0000,District - Hoshiarpur  05,Total,6,27523,14843,12680,14227,7663,6564,14227,7663,6564,0,0,0,0,0,0,0,0,0,0,0,0
C3010,03,05,0000,District - Hoshiarpur  05,Total,7,28933,15854,13079,26138,14352,11786,26138,14352,11786,0,0,0,0,0,0,0,0,0,0,0,0
C3010,03,05,0000,District - Hoshiarpur  05,Total,8,34051,18396,15655,31828,17256,14572,31828,17256,14572,0,0,0,0,0,0,0,0,0,0,0,0
C3010,03,05,0000,District - Hoshiarpur  05,Total,9,30347,16484,13863,29129,15863,13266,29129,15863,13266,0,0,0,0,0,0,0,0,0,0,0,0
C3010,03,05,0000,District - Hoshiarpur  05,Total,10,38013,20462,17551,35527,19168,16359,35527,19168,16359,0,0,0,0,0,0,0,0,0,0,0,0
C3010,03,05,0000,District - Hoshiarpur  05,Total,11,29792,16003,13789,28533,15368,13165,28533,15368,13165,0,0,0,0,0,0,0,0,0,0,0,0
C3010,03,05,0000,District - Hoshiarpur  05,Total,12,35886,18952,16934,33479,17657,15822,33479,17657,15822,0,0,0,0,0,0,0,0,0,0,0,0
C3010,03,05,0000,District - Hoshiarpur  05,Total,13,31902,16383,15519,29617,15203,14414,29617,15203,14414,0,0,0,0,0,0,0,0,0,0,0,0
C3010,03,05,0000,District - Hoshiarpur  05,Total,14,33351,17584,15767,29438,15457,13981,29438,15457,13981,0,0,0,0,0,0,0,0,0,0,0,0
C3010,03,05,0000,District - Hoshiarpur  05,Total,15-19,153681,81317,72364,89149,46905,42244,78433,41886,36547,9240,4078,5162,1033,714,319,434,225,209,9,2,7
C3010,03,05,0000,District - Hoshiarpur  05,Total,20-24,138577,71654,66923,17957,9067,8890,3708,2143,1565,12754,5980,6774,998,663,335,482,275,207,15,6,9
C3010,03,05,0000,District - Hoshiarpur  05,Total,25-29,113839,55977,57862,1106,666,440,0,0,0,647,348,299,307,215,92,137,93,44,15,10,5
C3010,03,05,0000,District - Hoshiarpur  05,Total,30-34,98810,47486,51324,191,100,91,0,0,0,96,52,44,58,31,27,30,13,17,7,4,3
C3010,03,05,0000,District - Hoshiarpur  05,Total,35-59,365224,185161,180063,403,222,181,0,0,0,155,98,57,165,90,75,31,21,10,52,13,39
C3010,03,05,0000,District - Hoshiarpur  05,Total,60+,157582,78277,79305,215,109,106,0,0,0,84,42,42,78,43,35,10,8,2,43,16,27
C3010,03,05,0000,District - Hoshiarpur  05,Total,Age not stated,6525,3476,3049,56,35,21,0,0,0,40,25,15,8,6,2,8,4,4,0,0,0
C3010,03,05,0000,District - Hoshiarpur  05,Rural,All ages,1188662,610675,577987,298138,159148,138990,281504,150851,130653,14050,6661,7389,1698,1143,555,771,449,322,115,44,71
C3010,03,05,0000,District - Hoshiarpur  05,Rural,0-4,103989,57690,46299,2595,1413,1182,2595,1413,1182,0,0,0,0,0,0,0,0,0,0,0,0
C3010,03,05,0000,District - Hoshiarpur  05,Rural,5,25168,13799,11369,4954,2799,2155,4954,2799,2155,0,0,0,0,0,0,0,0,0,0,0,0
C3010,03,05,0000,District - Hoshiarpur  05,Rural,6,22533,12108,10425,11691,6265,5426,11691,6265,5426,0,0,0,0,0,0,0,0,0,0,0,0
C3010,03,05,0000,District - Hoshiarpur  05,Rural,7,23574,12855,10719,21362,11664,9698,21362,11664,9698,0,0,0,0,0,0,0,0,0,0,0,0
C3010,03,05,0000,District - Hoshiarpur  05,Rural,8,27508,14830,12678,25891,13980,11911,25891,13980,11911,0,0,0,0,0,0,0,0,0,0,0,0
C3010,03,05,0000,District - Hoshiarpur  05,Rural,9,24951,13507,11444,24020,13040,10980,24020,13040,10980,0,0,0,0,0,0,0,0,0,0,0,0
C3010,03,05,0000,District - Hoshiarpur  05,Rural,10,30513,16323,14190,28658,15391,13267,28658,15391,13267,0,0,0,0,0,0,0,0,0,0,0,0
C3010,03,05,0000,District - Hoshiarpur  05,Rural,11,24214,12950,11264,23222,12451,10771,23222,12451,10771,0,0,0,0,0,0,0,0,0,0,0,0
C3010,03,05,0000,District - Hoshiarpur  05,Rural,12,28724,15147,13577,26944,14227,12717,26944,14227,12717,0,0,0,0,0,0,0,0,0,0,0,0
C3010,03,05,0000,District - Hoshiarpur  05,Rural,13,25747,13177,12570,23930,12272,11658,23930,12272,11658,0,0,0,0,0,0,0,0,0,0,0,0
C3010,03,05,0000,District - Hoshiarpur  05,Rural,14,26904,14170,12734,23771,12500,11271,23771,12500,11271,0,0,0,0,0,0,0,0,0,0,0,0
C3010,03,05,0000,District - Hoshiarpur  05,Rural,15-19,122343,64360,57983,68136,36281,31855,61533,33143,28390,5685,2539,3146,602,433,169,308,165,143,8,1,7
C3010,03,05,0000,District - Hoshiarpur  05,Rural,20-24,109827,56372,53455,11694,6114,5580,2933,1706,1227,7748,3751,3997,670,460,210,331,193,138,12,4,8
C3010,03,05,0000,District - Hoshiarpur  05,Rural,25-29,89998,43612,46386,663,416,247,0,0,0,387,220,167,188,129,59,76,57,19,12,10,2
C3010,03,05,0000,District - Hoshiarpur  05,Rural,30-34,78086,36976,41110,123,74,49,0,0,0,59,41,18,41,21,20,18,8,10,5,4,1
C3010,03,05,0000,District - Hoshiarpur  05,Rural,35-59,285760,143552,142208,284,153,131,0,0,0,87,60,27,129,66,63,22,15,7,46,12,34
C3010,03,05,0000,District - Hoshiarpur  05,Rural,60+,133372,66335,67037,152,79,73,0,0,0,50,29,21,62,30,32,8,7,1,32,13,19
C3010,03,05,0000,District - Hoshiarpur  05,Rural,Age not stated,5451,2912,2539,48,29,19,0,0,0,34,21,13,6,4,2,8,4,4,0,0,0
C3010,03,05,0000,District - Hoshiarpur  05,Urban,All ages,292074,154457,137617,79039,41628,37411,68737,36850,31887,8966,3962,5004,949,619,330,361,190,171,26,7,19
C3010,03,05,0000,District - Hoshiarpur  05,Urban,0-4,22088,12261,9827,1014,552,462,1014,552,462,0,0,0,0,0,0,0,0,0,0,0,0
C3010,03,05,0000,District - Hoshiarpur  05,Urban,5,5455,3073,2382,1621,921,700,1621,921,700,0,0,0,0,0,0,0,0,0,0,0,0
C3010,03,05,0000,District - Hoshiarpur  05,Urban,6,4990,2735,2255,2536,1398,1138,2536,1398,1138,0,0,0,0,0,0,0,0,0,0,0,0
C3010,03,05,0000,District - Hoshiarpur  05,Urban,7,5359,2999,2360,4776,2688,2088,4776,2688,2088,0,0,0,0,0,0,0,0,0,0,0,0
C3010,03,05,0000,District - Hoshiarpur  05,Urban,8,6543,3566,2977,5937,3276,2661,5937,3276,2661,0,0,0,0,0,0,0,0,0,0,0,0
C3010,03,05,0000,District - Hoshiarpur  05,Urban,9,5396,2977,2419,5109,2823,2286,5109,2823,2286,0,0,0,0,0,0,0,0,0,0,0,0
C3010,03,05,0000,District - Hoshiarpur  05,Urban,10,7500,4139,3361,6869,3777,3092,6869,3777,3092,0,0,0,0,0,0,0,0,0,0,0,0
C3010,03,05,0000,District - Hoshiarpur  05,Urban,11,5578,3053,2525,5311,2917,2394,5311,2917,2394,0,0,0,0,0,0,0,0,0,0,0,0
C3010,03,05,0000,District - Hoshiarpur  05,Urban,12,7162,3805,3357,6535,3430,3105,6535,3430,3105,0,0,0,0,0,0,0,0,0,0,0,0
C3010,03,05,0000,District - Hoshiarpur  05,Urban,13,6155,3206,2949,5687,2931,2756,5687,2931,2756,0,0,0,0,0,0,0,0,0,0,0,0
C3010,03,05,0000,District - Hoshiarpur  05,Urban,14,6447,3414,3033,5667,2957,2710,5667,2957,2710,0,0,0,0,0,0,0,0,0,0,0,0
C3010,03,05,0000,District - Hoshiarpur  05,Urban,15-19,31338,16957,14381,21013,10624,10389,16900,8743,8157,3555,1539,2016,431,281,150,126,60,66,1,1,0
C3010,03,05,0000,District - Hoshiarpur  05,Urban,20-24,28750,15282,13468,6263,2953,3310,775,437,338,5006,2229,2777,328,203,125,151,82,69,3,2,1
C3010,03,05,0000,District - Hoshiarpur  05,Urban,25-29,23841,12365,11476,443,250,193,0,0,0,260,128,132,119,86,33,61,36,25,3,0,3
C3010,03,05,0000,District - Hoshiarpur  05,Urban,30-34,20724,10510,10214,68,26,42,0,0,0,37,11,26,17,10,7,12,5,7,2,0,2
C3010,03,05,0000,District - Hoshiarpur  05,Urban,35-59,79464,41609,37855,119,69,50,0,0,0,68,38,30,36,24,12,9,6,3,6,1,5
C3010,03,05,0000,District - Hoshiarpur  05,Urban,60+,24210,11942,12268,63,30,33,0,0,0,34,13,21,16,13,3,2,1,1,11,3,8
C3010,03,05,0000,District - Hoshiarpur  05,Urban,Age not stated,1074,564,510,8,6,2,0,0,0,6,4,2,2,2,0,0,0,0,0,0,0
C3010,03,06,0000,District - Nawanshahr *  06,Total,All ages,587468,306902,280566,152270,79589,72681,140596,74597,65999,7100,3402,3698,632,394,238,580,357,223,3362,839,2523
C3010,03,06,0000,District - Nawanshahr *  06,Total,0-4,48267,26916,21351,1815,961,854,1815,961,854,0,0,0,0,0,0,0,0,0,0,0,0
C3010,03,06,0000,District - Nawanshahr *  06,Total,5,11656,6415,5241,3251,1810,1441,3251,1810,1441,0,0,0,0,0,0,0,0,0,0,0,0
C3010,03,06,0000,District - Nawanshahr *  06,Total,6,11496,6162,5334,6393,3393,3000,6393,3393,3000,0,0,0,0,0,0,0,0,0,0,0,0
C3010,03,06,0000,District - Nawanshahr *  06,Total,7,11013,5881,5132,9703,5213,4490,9703,5213,4490,0,0,0,0,0,0,0,0,0,0,0,0
C3010,03,06,0000,District - Nawanshahr *  06,Total,8,13382,7330,6052,12563,6888,5675,12563,6888,5675,0,0,0,0,0,0,0,0,0,0,0,0
C3010,03,06,0000,District - Nawanshahr *  06,Total,9,12169,6364,5805,11727,6152,5575,11727,6152,5575,0,0,0,0,0,0,0,0,0,0,0,0
C3010,03,06,0000,District - Nawanshahr *  06,Total,10,15209,8234,6975,14300,7749,6551,14300,7749,6551,0,0,0,0,0,0,0,0,0,0,0,0
C3010,03,06,0000,District - Nawanshahr *  06,Total,11,12191,6429,5762,11708,6162,5546,11708,6162,5546,0,0,0,0,0,0,0,0,0,0,0,0
C3010,03,06,0000,District - Nawanshahr *  06,Total,12,14625,7779,6846,13652,7229,6423,13652,7229,6423,0,0,0,0,0,0,0,0,0,0,0,0
C3010,03,06,0000,District - Nawanshahr *  06,Total,13,12825,6642,6183,11804,6092,5712,11804,6092,5712,0,0,0,0,0,0,0,0,0,0,0,0
C3010,03,06,0000,District - Nawanshahr *  06,Total,14,13629,7095,6534,11866,6195,5671,11866,6195,5671,0,0,0,0,0,0,0,0,0,0,0,0
C3010,03,06,0000,District - Nawanshahr *  06,Total,15-19,62829,33563,29266,33985,17613,16372,30300,15854,14446,3060,1370,1690,225,147,78,359,221,138,41,21,20
C3010,03,06,0000,District - Nawanshahr *  06,Total,20-24,55461,29787,25674,5782,3052,2730,1514,899,615,3738,1837,1901,239,160,79,141,90,51,150,66,84
C3010,03,06,0000,District - Nawanshahr *  06,Total,25-29,44708,22996,21712,592,282,310,0,0,0,193,131,62,67,42,25,51,34,17,281,75,206
C3010,03,06,0000,District - Nawanshahr *  06,Total,30-34,39997,19457,20540,494,118,376,0,0,0,32,19,13,19,12,7,3,2,1,440,85,355
C3010,03,06,0000,District - Nawanshahr *  06,Total,35-59,144029,73866,70163,2313,544,1769,0,0,0,47,29,18,62,23,39,14,5,9,2190,487,1703
C3010,03,06,0000,District - Nawanshahr *  06,Total,60+,62967,31434,31533,316,133,183,0,0,0,27,14,13,19,9,10,12,5,7,258,105,153
C3010,03,06,0000,District - Nawanshahr *  06,Total,Age not stated,1015,552,463,6,3,3,0,0,0,3,2,1,1,1,0,0,0,0,2,0,2
C3010,03,06,0000,District - Nawanshahr *  06,Rural,All ages,506402,264515,241887,130353,68272,62081,120986,64340,56646,5171,2540,2631,469,300,169,512,310,202,3215,782,2433
C3010,03,06,0000,District - Nawanshahr *  06,Rural,0-4,41915,23397,18518,1339,693,646,1339,693,646,0,0,0,0,0,0,0,0,0,0,0,0
C3010,03,06,0000,District - Nawanshahr *  06,Rural,5,10128,5555,4573,2622,1457,1165,2622,1457,1165,0,0,0,0,0,0,0,0,0,0,0,0
C3010,03,06,0000,District - Nawanshahr *  06,Rural,6,10019,5353,4666,5542,2926,2616,5542,2926,2616,0,0,0,0,0,0,0,0,0,0,0,0
C3010,03,06,0000,District - Nawanshahr *  06,Rural,7,9470,5058,4412,8380,4495,3885,8380,4495,3885,0,0,0,0,0,0,0,0,0,0,0,0
C3010,03,06,0000,District - Nawanshahr *  06,Rural,8,11592,6358,5234,10982,6027,4955,10982,6027,4955,0,0,0,0,0,0,0,0,0,0,0,0
C3010,03,06,0000,District - Nawanshahr *  06,Rural,9,10596,5553,5043,10256,5388,4868,10256,5388,4868,0,0,0,0,0,0,0,0,0,0,0,0
C3010,03,06,0000,District - Nawanshahr *  06,Rural,10,13162,7135,6027,12465,6762,5703,12465,6762,5703,0,0,0,0,0,0,0,0,0,0,0,0
C3010,03,06,0000,District - Nawanshahr *  06,Rural,11,10612,5582,5030,10224,5375,4849,10224,5375,4849,0,0,0,0,0,0,0,0,0,0,0,0
C3010,03,06,0000,District - Nawanshahr *  06,Rural,12,12598,6681,5917,11830,6262,5568,11830,6262,5568,0,0,0,0,0,0,0,0,0,0,0,0
C3010,03,06,0000,District - Nawanshahr *  06,Rural,13,11155,5782,5373,10283,5321,4962,10283,5321,4962,0,0,0,0,0,0,0,0,0,0,0,0
C3010,03,06,0000,District - Nawanshahr *  06,Rural,14,11718,6086,5632,10219,5344,4875,10219,5344,4875,0,0,0,0,0,0,0,0,0,0,0,0
C3010,03,06,0000,District - Nawanshahr *  06,Rural,15-19,53873,28797,25076,28362,14855,13507,25582,13517,12065,2259,1016,1243,155,102,53,332,203,129,34,17,17
C3010,03,06,0000,District - Nawanshahr *  06,Rural,20-24,47415,25580,21835,4396,2415,1981,1262,773,489,2692,1381,1311,182,129,53,116,70,46,144,62,82
C3010,03,06,0000,District - Nawanshahr *  06,Rural,25-29,38233,19606,18627,484,218,266,0,0,0,135,91,44,48,33,15,40,27,13,261,67,194
C3010,03,06,0000,District - Nawanshahr *  06,Rural,30-34,34381,16666,17715,466,103,363,0,0,0,28,17,11,14,9,5,3,2,1,421,75,346
C3010,03,06,0000,District - Nawanshahr *  06,Rural,35-59,122826,62851,59975,2219,511,1708,0,0,0,35,22,13,53,18,35,11,4,7,2120,467,1653
C3010,03,06,0000,District - Nawanshahr *  06,Rural,60+,55817,27986,27831,280,118,162,0,0,0,20,11,9,17,9,8,10,4,6,233,94,139
C3010,03,06,0000,District - Nawanshahr *  06,Rural,Age not stated,892,489,403,4,2,2,0,0,0,2,2,0,0,0,0,0,0,0,2,0,2
C3010,03,06,0000,District - Nawanshahr *  06,Urban,All ages,81066,42387,38679,21917,11317,10600,19610,10257,9353,1929,862,1067,163,94,69,68,47,21,147,57,90
C3010,03,06,0000,District - Nawanshahr *  06,Urban,0-4,6352,3519,2833,476,268,208,476,268,208,0,0,0,0,0,0,0,0,0,0,0,0
C3010,03,06,0000,District - Nawanshahr *  06,Urban,5,1528,860,668,629,353,276,629,353,276,0,0,0,0,0,0,0,0,0,0,0,0
C3010,03,06,0000,District - Nawanshahr *  06,Urban,6,1477,809,668,851,467,384,851,467,384,0,0,0,0,0,0,0,0,0,0,0,0
C3010,03,06,0000,District - Nawanshahr *  06,Urban,7,1543,823,720,1323,718,605,1323,718,605,0,0,0,0,0,0,0,0,0,0,0,0
C3010,03,06,0000,District - Nawanshahr *  06,Urban,8,1790,972,818,1581,861,720,1581,861,720,0,0,0,0,0,0,0,0,0,0,0,0
C3010,03,06,0000,District - Nawanshahr *  06,Urban,9,1573,811,762,1471,764,707,1471,764,707,0,0,0,0,0,0,0,0,0,0,0,0
C3010,03,06,0000,District - Nawanshahr *  06,Urban,10,2047,1099,948,1835,987,848,1835,987,848,0,0,0,0,0,0,0,0,0,0,0,0
C3010,03,06,0000,District - Nawanshahr *  06,Urban,11,1579,847,732,1484,787,697,1484,787,697,0,0,0,0,0,0,0,0,0,0,0,0
C3010,03,06,0000,District - Nawanshahr *  06,Urban,12,2027,1098,929,1822,967,855,1822,967,855,0,0,0,0,0,0,0,0,0,0,0,0
C3010,03,06,0000,District - Nawanshahr *  06,Urban,13,1670,860,810,1521,771,750,1521,771,750,0,0,0,0,0,0,0,0,0,0,0,0
C3010,03,06,0000,District - Nawanshahr *  06,Urban,14,1911,1009,902,1647,851,796,1647,851,796,0,0,0,0,0,0,0,0,0,0,0,0
C3010,03,06,0000,District - Nawanshahr *  06,Urban,15-19,8956,4766,4190,5623,2758,2865,4718,2337,2381,801,354,447,70,45,25,27,18,9,7,4,3
C3010,03,06,0000,District - Nawanshahr *  06,Urban,20-24,8046,4207,3839,1386,637,749,252,126,126,1046,456,590,57,31,26,25,20,5,6,4,2
C3010,03,06,0000,District - Nawanshahr *  06,Urban,25-29,6475,3390,3085,108,64,44,0,0,0,58,40,18,19,9,10,11,7,4,20,8,12
C3010,03,06,0000,District - Nawanshahr *  06,Urban,30-34,5616,2791,2825,28,15,13,0,0,0,4,2,2,5,3,2,0,0,0,19,10,9
C3010,03,06,0000,District - Nawanshahr *  06,Urban,35-59,21203,11015,10188,94,33,61,0,0,0,12,7,5,9,5,4,3,1,2,70,20,50
C3010,03,06,0000,District - Nawanshahr *  06,Urban,60+,7150,3448,3702,36,15,21,0,0,0,7,3,4,2,0,2,2,1,1,25,11,14
C3010,03,06,0000,District - Nawanshahr *  06,Urban,Age not stated,123,63,60,2,1,1,0,0,0,1,0,1,1,1,0,0,0,0,0,0,0
C3010,03,07,0000,District - Rupnagar  07,Total,All ages,1116108,596582,519526,284725,155105,129620,260114,142060,118054,19175,9693,9482,3192,2141,1051,1958,1115,843,286,96,190
C3010,03,07,0000,District - Rupnagar  07,Total,0-4,96371,53822,42549,3744,2108,1636,3744,2108,1636,0,0,0,0,0,0,0,0,0,0,0,0
C3010,03,07,0000,District - Rupnagar  07,Total,5,24376,13583,10793,5416,3067,2349,5416,3067,2349,0,0,0,0,0,0,0,0,0,0,0,0
C3010,03,07,0000,District - Rupnagar  07,Total,6,21876,12073,9803,10107,5691,4416,10107,5691,4416,0,0,0,0,0,0,0,0,0,0,0,0
C3010,03,07,0000,District - Rupnagar  07,Total,7,22610,12341,10269,19687,10818,8869,19687,10818,8869,0,0,0,0,0,0,0,0,0,0,0,0
C3010,03,07,0000,District - Rupnagar  07,Total,8,26262,14155,12107,23907,12959,10948,23907,12959,10948,0,0,0,0,0,0,0,0,0,0,0,0
C3010,03,07,0000,District - Rupnagar  07,Total,9,23108,12502,10606,21801,11839,9962,21801,11839,9962,0,0,0,0,0,0,0,0,0,0,0,0
C3010,03,07,0000,District - Rupnagar  07,Total,10,29363,15893,13470,26931,14657,12274,26931,14657,12274,0,0,0,0,0,0,0,0,0,0,0,0
C3010,03,07,0000,District - Rupnagar  07,Total,11,22286,11997,10289,21089,11398,9691,21089,11398,9691,0,0,0,0,0,0,0,0,0,0,0,0
C3010,03,07,0000,District - Rupnagar  07,Total,12,27469,14537,12932,25005,13310,11695,25005,13310,11695,0,0,0,0,0,0,0,0,0,0,0,0
C3010,03,07,0000,District - Rupnagar  07,Total,13,23396,12114,11282,21293,11146,10147,21293,11146,10147,0,0,0,0,0,0,0,0,0,0,0,0
C3010,03,07,0000,District - Rupnagar  07,Total,14,24126,12867,11259,20866,11283,9583,20866,11283,9583,0,0,0,0,0,0,0,0,0,0,0,0
C3010,03,07,0000,District - Rupnagar  07,Total,15-19,111617,60695,50922,66020,36200,29820,57015,31734,25281,6949,3228,3721,1320,860,460,727,374,353,9,4,5
C3010,03,07,0000,District - Rupnagar  07,Total,20-24,104253,56288,47965,16463,9211,7252,3253,2050,1203,11151,5805,5346,1261,889,372,769,455,314,29,12,17
C3010,03,07,0000,District - Rupnagar  07,Total,25-29,92409,47707,44702,1357,834,523,0,0,0,669,422,247,338,217,121,322,187,135,28,8,20
C3010,03,07,0000,District - Rupnagar  07,Total,30-34,83003,41995,41008,303,187,116,0,0,0,138,88,50,76,55,21,53,36,17,36,8,28
C3010,03,07,0000,District - Rupnagar  07,Total,35-59,276549,148121,128428,508,271,237,0,0,0,177,101,76,115,70,45,65,51,14,151,49,102
C3010,03,07,0000,District - Rupnagar  07,Total,60+,103926,54146,49780,186,102,84,0,0,0,64,35,29,72,42,30,17,10,7,33,15,18
C3010,03,07,0000,District - Rupnagar  07,Total,Age not stated,3108,1746,1362,42,24,18,0,0,0,27,14,13,10,8,2,5,2,3,0,0,0
C3010,03,07,0000,District - Rupnagar  07,Rural,All ages,753701,403147,350554,182953,99956,82997,173974,94965,79009,6719,3565,3154,1344,939,405,689,410,279,227,77,150
C3010,03,07,0000,District - Rupnagar  07,Rural,0-4,67874,37955,29919,1798,989,809,1798,989,809,0,0,0,0,0,0,0,0,0,0,0,0
C3010,03,07,0000,District - Rupnagar  07,Rural,5,17196,9564,7632,3048,1748,1300,3048,1748,1300,0,0,0,0,0,0,0,0,0,0,0,0
C3010,03,07,0000,District - Rupnagar  07,Rural,6,15202,8414,6788,6741,3797,2944,6741,3797,2944,0,0,0,0,0,0,0,0,0,0,0,0
C3010,03,07,0000,District - Rupnagar  07,Rural,7,15744,8600,7144,13707,7510,6197,13707,7510,6197,0,0,0,0,0,0,0,0,0,0,0,0
C3010,03,07,0000,District - Rupnagar  07,Rural,8,18164,9802,8362,16644,9031,7613,16644,9031,7613,0,0,0,0,0,0,0,0,0,0,0,0
C3010,03,07,0000,District - Rupnagar  07,Rural,9,16460,8832,7628,15560,8385,7175,15560,8385,7175,0,0,0,0,0,0,0,0,0,0,0,0
C3010,03,07,0000,District - Rupnagar  07,Rural,10,19944,10708,9236,18327,9916,8411,18327,9916,8411,0,0,0,0,0,0,0,0,0,0,0,0
C3010,03,07,0000,District - Rupnagar  07,Rural,11,15450,8178,7272,14629,7783,6846,14629,7783,6846,0,0,0,0,0,0,0,0,0,0,0,0
C3010,03,07,0000,District - Rupnagar  07,Rural,12,18723,9824,8899,16990,8969,8021,16990,8969,8021,0,0,0,0,0,0,0,0,0,0,0,0
C3010,03,07,0000,District - Rupnagar  07,Rural,13,16074,8337,7737,14515,7648,6867,14515,7648,6867,0,0,0,0,0,0,0,0,0,0,0,0
C3010,03,07,0000,District - Rupnagar  07,Rural,14,16552,8802,7750,14041,7643,6398,14041,7643,6398,0,0,0,0,0,0,0,0,0,0,0,0
C3010,03,07,0000,District - Rupnagar  07,Rural,15-19,76145,41221,34924,39737,22278,17459,36105,20382,15723,2792,1359,1433,546,371,175,290,163,127,4,3,1
C3010,03,07,0000,District - Rupnagar  07,Rural,20-24,70322,38307,32015,6355,3776,2579,1869,1164,705,3640,2025,1615,546,407,139,283,172,111,17,8,9
C3010,03,07,0000,District - Rupnagar  07,Rural,25-29,60453,31602,28851,384,247,137,0,0,0,182,118,64,107,77,30,75,47,28,20,5,15
C3010,03,07,0000,District - Rupnagar  07,Rural,30-34,53654,27135,26519,103,54,49,0,0,0,31,20,11,33,21,12,8,5,3,31,8,23
C3010,03,07,0000,District - Rupnagar  07,Rural,35-59,177115,94761,82354,266,123,143,0,0,0,47,29,18,59,32,27,27,19,8,133,43,90
C3010,03,07,0000,District - Rupnagar  07,Rural,60+,76677,40000,36677,95,50,45,0,0,0,20,9,11,47,27,20,6,4,2,22,10,12
C3010,03,07,0000,District - Rupnagar  07,Rural,Age not stated,1952,1105,847,13,9,4,0,0,0,7,5,2,6,4,2,0,0,0,0,0,0
C3010,03,07,0000,District - Rupnagar  07,Urban,All ages,362407,193435,168972,101772,55149,46623,86140,47095,39045,12456,6128,6328,1848,1202,646,1269,705,564,59,19,40
C3010,03,07,0000,District - Rupnagar  07,Urban,0-4,28497,15867,12630,1946,1119,827,1946,1119,827,0,0,0,0,0,0,0,0,0,0,0,0
C3010,03,07,0000,District - Rupnagar  07,Urban,5,7180,4019,3161,2368,1319,1049,2368,1319,1049,0,0,0,0,0,0,0,0,0,0,0,0
C3010,03,07,0000,District - Rupnagar  07,Urban,6,6674,3659,3015,3366,1894,1472,3366,1894,1472,0,0,0,0,0,0,0,0,0,0,0,0
C3010,03,07,0000,District - Rupnagar  07,Urban,7,6866,3741,3125,5980,3308,2672,5980,3308,2672,0,0,0,0,0,0,0,0,0,0,0,0
C3010,03,07,0000,District - Rupnagar  07,Urban,8,8098,4353,3745,7263,3928,3335,7263,3928,3335,0,0,0,0,0,0,0,0,0,0,0,0
C3010,03,07,0000,District - Rupnagar  07,Urban,9,6648,3670,2978,6241,3454,2787,6241,3454,2787,0,0,0,0,0,0,0,0,0,0,0,0
C3010,03,07,0000,District - Rupnagar  07,Urban,10,9419,5185,4234,8604,4741,3863,8604,4741,3863,0,0,0,0,0,0,0,0,0,0,0,0
C3010,03,07,0000,District - Rupnagar  07,Urban,11,6836,3819,3017,6460,3615,2845,6460,3615,2845,0,0,0,0,0,0,0,0,0,0,0,0
C3010,03,07,0000,District - Rupnagar  07,Urban,12,8746,4713,4033,8015,4341,3674,8015,4341,3674,0,0,0,0,0,0,0,0,0,0,0,0
C3010,03,07,0000,District - Rupnagar  07,Urban,13,7322,3777,3545,6778,3498,3280,6778,3498,3280,0,0,0,0,0,0,0,0,0,0,0,0
C3010,03,07,0000,District - Rupnagar  07,Urban,14,7574,4065,3509,6825,3640,3185,6825,3640,3185,0,0,0,0,0,0,0,0,0,0,0,0
C3010,03,07,0000,District - Rupnagar  07,Urban,15-19,35472,19474,15998,26283,13922,12361,20910,11352,9558,4157,1869,2288,774,489,285,437,211,226,5,1,4
C3010,03,07,0000,District - Rupnagar  07,Urban,20-24,33931,17981,15950,10108,5435,4673,1384,886,498,7511,3780,3731,715,482,233,486,283,203,12,4,8
C3010,03,07,0000,District - Rupnagar  07,Urban,25-29,31956,16105,15851,973,587,386,0,0,0,487,304,183,231,140,91,247,140,107,8,3,5
C3010,03,07,0000,District - Rupnagar  07,Urban,30-34,29349,14860,14489,200,133,67,0,0,0,107,68,39,43,34,9,45,31,14,5,0,5
C3010,03,07,0000,District - Rupnagar  07,Urban,35-59,99434,53360,46074,242,148,94,0,0,0,130,72,58,56,38,18,38,32,6,18,6,12
C3010,03,07,0000,District - Rupnagar  07,Urban,60+,27249,14146,13103,91,52,39,0,0,0,44,26,18,25,15,10,11,6,5,11,5,6
C3010,03,07,0000,District - Rupnagar  07,Urban,Age not stated,1156,641,515,29,15,14,0,0,0,20,9,11,4,4,0,5,2,3,0,0,0
C3010,03,08,0000,District - Fatehgarh Sahib *  08,Total,All ages,538041,290137,247904,131372,71470,59902,123658,67572,56086,6307,3073,3234,709,448,261,649,351,298,49,26,23
C3010,03,08,0000,District - Fatehgarh Sahib *  08,Total,0-4,44830,25464,19366,1558,895,663,1558,895,663,0,0,0,0,0,0,0,0,0,0,0,0
C3010,03,08,0000,District - Fatehgarh Sahib *  08,Total,5,11091,6361,4730,2316,1335,981,2316,1335,981,0,0,0,0,0,0,0,0,0,0,0,0
C3010,03,08,0000,District - Fatehgarh Sahib *  08,Total,6,10453,5753,4700,4910,2745,2165,4910,2745,2165,0,0,0,0,0,0,0,0,0,0,0,0
C3010,03,08,0000,District - Fatehgarh Sahib *  08,Total,7,10844,5964,4880,9439,5215,4224,9439,5215,4224,0,0,0,0,0,0,0,0,0,0,0,0
C3010,03,08,0000,District - Fatehgarh Sahib *  08,Total,8,12595,6881,5714,11481,6315,5166,11481,6315,5166,0,0,0,0,0,0,0,0,0,0,0,0
C3010,03,08,0000,District - Fatehgarh Sahib *  08,Total,9,10977,5920,5057,10408,5633,4775,10408,5633,4775,0,0,0,0,0,0,0,0,0,0,0,0
C3010,03,08,0000,District - Fatehgarh Sahib *  08,Total,10,14363,7868,6495,13202,7233,5969,13202,7233,5969,0,0,0,0,0,0,0,0,0,0,0,0
C3010,03,08,0000,District - Fatehgarh Sahib *  08,Total,11,10713,5826,4887,10120,5514,4606,10120,5514,4606,0,0,0,0,0,0,0,0,0,0,0,0
C3010,03,08,0000,District - Fatehgarh Sahib *  08,Total,12,13319,7113,6206,12041,6432,5609,12041,6432,5609,0,0,0,0,0,0,0,0,0,0,0,0
C3010,03,08,0000,District - Fatehgarh Sahib *  08,Total,13,11027,5758,5269,9905,5193,4712,9905,5193,4712,0,0,0,0,0,0,0,0,0,0,0,0
C3010,03,08,0000,District - Fatehgarh Sahib *  08,Total,14,11471,6187,5284,9686,5228,4458,9686,5228,4458,0,0,0,0,0,0,0,0,0,0,0,0
C3010,03,08,0000,District - Fatehgarh Sahib *  08,Total,15-19,56303,30934,25369,30294,16373,13921,26991,14834,12157,2710,1190,1520,281,184,97,308,163,145,4,2,2
C3010,03,08,0000,District - Fatehgarh Sahib *  08,Total,20-24,52772,28596,24176,5446,2995,2451,1601,1000,601,3325,1698,1627,265,162,103,247,129,118,8,6,2
C3010,03,08,0000,District - Fatehgarh Sahib *  08,Total,25-29,44769,23754,21015,268,183,85,0,0,0,134,91,43,67,50,17,62,39,23,5,3,2
C3010,03,08,0000,District - Fatehgarh Sahib *  08,Total,30-34,39729,20125,19604,81,53,28,0,0,0,39,24,15,23,15,8,12,9,3,7,5,2
C3010,03,08,0000,District - Fatehgarh Sahib *  08,Total,35-59,131556,70527,61029,153,95,58,0,0,0,75,58,17,46,24,22,16,9,7,16,4,12
C3010,03,08,0000,District - Fatehgarh Sahib *  08,Total,60+,49318,26022,23296,53,29,24,0,0,0,16,9,7,25,13,12,4,2,2,8,5,3
C3010,03,08,0000,District - Fatehgarh Sahib *  08,Total,Age not stated,1911,1084,827,11,4,7,0,0,0,8,3,5,2,0,2,0,0,0,1,1,0
C3010,03,08,0000,District - Fatehgarh Sahib *  08,Rural,All ages,386950,207937,179013,92008,50431,41577,88116,48400,39716,3134,1608,1526,335,202,133,388,201,187,35,20,15
C3010,03,08,0000,District - Fatehgarh Sahib *  08,Rural,0-4,32156,18379,13777,703,416,287,703,416,287,0,0,0,0,0,0,0,0,0,0,0,0
C3010,03,08,0000,District - Fatehgarh Sahib *  08,Rural,5,7937,4569,3368,1267,743,524,1267,743,524,0,0,0,0,0,0,0,0,0,0,0,0
C3010,03,08,0000,District - Fatehgarh Sahib *  08,Rural,6,7384,4079,3305,3365,1897,1468,3365,1897,1468,0,0,0,0,0,0,0,0,0,0,0,0
C3010,03,08,0000,District - Fatehgarh Sahib *  08,Rural,7,7857,4333,3524,7006,3885,3121,7006,3885,3121,0,0,0,0,0,0,0,0,0,0,0,0
C3010,03,08,0000,District - Fatehgarh Sahib *  08,Rural,8,9145,4966,4179,8503,4645,3858,8503,4645,3858,0,0,0,0,0,0,0,0,0,0,0,0
C3010,03,08,0000,District - Fatehgarh Sahib *  08,Rural,9,8189,4427,3762,7836,4246,3590,7836,4246,3590,0,0,0,0,0,0,0,0,0,0,0,0
C3010,03,08,0000,District - Fatehgarh Sahib *  08,Rural,10,10406,5676,4730,9699,5285,4414,9699,5285,4414,0,0,0,0,0,0,0,0,0,0,0,0
C3010,03,08,0000,District - Fatehgarh Sahib *  08,Rural,11,7874,4283,3591,7492,4093,3399,7492,4093,3399,0,0,0,0,0,0,0,0,0,0,0,0
C3010,03,08,0000,District - Fatehgarh Sahib *  08,Rural,12,9502,5076,4426,8654,4636,4018,8654,4636,4018,0,0,0,0,0,0,0,0,0,0,0,0
C3010,03,08,0000,District - Fatehgarh Sahib *  08,Rural,13,7996,4136,3860,7184,3757,3427,7184,3757,3427,0,0,0,0,0,0,0,0,0,0,0,0
C3010,03,08,0000,District - Fatehgarh Sahib *  08,Rural,14,8248,4455,3793,6931,3773,3158,6931,3773,3158,0,0,0,0,0,0,0,0,0,0,0,0
C3010,03,08,0000,District - Fatehgarh Sahib *  08,Rural,15-19,39936,21758,18178,20070,11090,8980,18408,10336,8072,1361,606,755,107,63,44,190,83,107,4,2,2
C3010,03,08,0000,District - Fatehgarh Sahib *  08,Rural,20-24,37381,20159,17222,2965,1742,1223,1068,688,380,1626,892,734,122,75,47,143,82,61,6,5,1
C3010,03,08,0000,District - Fatehgarh Sahib *  08,Rural,25-29,31398,16505,14893,135,96,39,0,0,0,62,46,16,37,26,11,34,22,12,2,2,0
C3010,03,08,0000,District - Fatehgarh Sahib *  08,Rural,30-34,28007,13927,14080,47,35,12,0,0,0,23,17,6,14,10,4,5,4,1,5,4,1
C3010,03,08,0000,District - Fatehgarh Sahib *  08,Rural,35-59,93728,49903,43825,104,65,39,0,0,0,44,36,8,37,19,18,13,8,5,10,2,8
C3010,03,08,0000,District - Fatehgarh Sahib *  08,Rural,60+,38433,20537,17896,37,23,14,0,0,0,11,8,3,16,9,7,3,2,1,7,4,3
C3010,03,08,0000,District - Fatehgarh Sahib *  08,Rural,Age not stated,1373,769,604,10,4,6,0,0,0,7,3,4,2,0,2,0,0,0,1,1,0
C3010,03,08,0000,District - Fatehgarh Sahib *  08,Urban,All ages,151091,82200,68891,39364,21039,18325,35542,19172,16370,3173,1465,1708,374,246,128,261,150,111,14,6,8
C3010,03,08,0000,District - Fatehgarh Sahib *  08,Urban,0-4,12674,7085,5589,855,479,376,855,479,376,0,0,0,0,0,0,0,0,0,0,0,0
C3010,03,08,0000,District - Fatehgarh Sahib *  08,Urban,5,3154,1792,1362,1049,592,457,1049,592,457,0,0,0,0,0,0,0,0,0,0,0,0
C3010,03,08,0000,District - Fatehgarh Sahib *  08,Urban,6,3069,1674,1395,1545,848,697,1545,848,697,0,0,0,0,0,0,0,0,0,0,0,0
C3010,03,08,0000,District - Fatehgarh Sahib *  08,Urban,7,2987,1631,1356,2433,1330,1103,2433,1330,1103,0,0,0,0,0,0,0,0,0,0,0,0
C3010,03,08,0000,District - Fatehgarh Sahib *  08,Urban,8,3450,1915,1535,2978,1670,1308,2978,1670,1308,0,0,0,0,0,0,0,0,0,0,0,0
C3010,03,08,0000,District - Fatehgarh Sahib *  08,Urban,9,2788,1493,1295,2572,1387,1185,2572,1387,1185,0,0,0,0,0,0,0,0,0,0,0,0
C3010,03,08,0000,District - Fatehgarh Sahib *  08,Urban,10,3957,2192,1765,3503,1948,1555,3503,1948,1555,0,0,0,0,0,0,0,0,0,0,0,0
C3010,03,08,0000,District - Fatehgarh Sahib *  08,Urban,11,2839,1543,1296,2628,1421,1207,2628,1421,1207,0,0,0,0,0,0,0,0,0,0,0,0
C3010,03,08,0000,District - Fatehgarh Sahib *  08,Urban,12,3817,2037,1780,3387,1796,1591,3387,1796,1591,0,0,0,0,0,0,0,0,0,0,0,0
C3010,03,08,0000,District - Fatehgarh Sahib *  08,Urban,13,3031,1622,1409,2721,1436,1285,2721,1436,1285,0,0,0,0,0,0,0,0,0,0,0,0
C3010,03,08,0000,District - Fatehgarh Sahib *  08,Urban,14,3223,1732,1491,2755,1455,1300,2755,1455,1300,0,0,0,0,0,0,0,0,0,0,0,0
C3010,03,08,0000,District - Fatehgarh Sahib *  08,Urban,15-19,16367,9176,7191,10224,5283,4941,8583,4498,4085,1349,584,765,174,121,53,118,80,38,0,0,0
C3010,03,08,0000,District - Fatehgarh Sahib *  08,Urban,20-24,15391,8437,6954,2481,1253,1228,533,312,221,1699,806,893,143,87,56,104,47,57,2,1,1
C3010,03,08,0000,District - Fatehgarh Sahib *  08,Urban,25-29,13371,7249,6122,133,87,46,0,0,0,72,45,27,30,24,6,28,17,11,3,1,2
C3010,03,08,0000,District - Fatehgarh Sahib *  08,Urban,30-34,11722,6198,5524,34,18,16,0,0,0,16,7,9,9,5,4,7,5,2,2,1,1
C3010,03,08,0000,District - Fatehgarh Sahib *  08,Urban,35-59,37828,20624,17204,49,30,19,0,0,0,31,22,9,9,5,4,3,1,2,6,2,4
C3010,03,08,0000,District - Fatehgarh Sahib *  08,Urban,60+,10885,5485,5400,16,6,10,0,0,0,5,1,4,9,4,5,1,0,1,1,1,0
C3010,03,08,0000,District - Fatehgarh Sahib *  08,Urban,Age not stated,538,315,223,1,0,1,0,0,0,1,0,1,0,0,0,0,0,0,0,0,0
C3010,03,09,0000,District - Ludhiana  09,Total,All ages,3032831,1662716,1370115,728673,393672,335001,665245,363034,302211,54498,25400,29098,4616,2847,1769,3604,2000,1604,710,391,319
C3010,03,09,0000,District - Ludhiana  09,Total,0-4,249762,137535,112227,13979,7925,6054,13979,7925,6054,0,0,0,0,0,0,0,0,0,0,0,0
C3010,03,09,0000,District - Ludhiana  09,Total,5,62570,34782,27788,18600,10619,7981,18600,10619,7981,0,0,0,0,0,0,0,0,0,0,0,0
C3010,03,09,0000,District - Ludhiana  09,Total,6,58678,31873,26805,30185,16750,13435,30185,16750,13435,0,0,0,0,0,0,0,0,0,0,0,0
C3010,03,09,0000,District - Ludhiana  09,Total,7,59761,32523,27238,48487,26830,21657,48487,26830,21657,0,0,0,0,0,0,0,0,0,0,0,0
C3010,03,09,0000,District - Ludhiana  09,Total,8,71199,39226,31973,60796,33969,26827,60796,33969,26827,0,0,0,0,0,0,0,0,0,0,0,0
C3010,03,09,0000,District - Ludhiana  09,Total,9,57793,31622,26171,52030,28728,23302,52030,28728,23302,0,0,0,0,0,0,0,0,0,0,0,0
C3010,03,09,0000,District - Ludhiana  09,Total,10,79772,44283,35489,69020,38445,30575,69020,38445,30575,0,0,0,0,0,0,0,0,0,0,0,0
C3010,03,09,0000,District - Ludhiana  09,Total,11,56879,30965,25914,51329,27980,23349,51329,27980,23349,0,0,0,0,0,0,0,0,0,0,0,0
C3010,03,09,0000,District - Ludhiana  09,Total,12,73496,39872,33624,62671,33830,28841,62671,33830,28841,0,0,0,0,0,0,0,0,0,0,0,0
C3010,03,09,0000,District - Ludhiana  09,Total,13,59955,31343,28612,51178,26609,24569,51178,26609,24569,0,0,0,0,0,0,0,0,0,0,0,0
C3010,03,09,0000,District - Ludhiana  09,Total,14,64243,34702,29541,51616,27536,24080,51616,27536,24080,0,0,0,0,0,0,0,0,0,0,0,0
C3010,03,09,0000,District - Ludhiana  09,Total,15-19,320734,183587,137147,169946,89083,80863,145492,77994,67498,21099,9121,11978,1764,1166,598,1547,777,770,44,25,19
C3010,03,09,0000,District - Ludhiana  09,Total,20-24,313327,178277,135050,43033,21912,21121,9862,5819,4043,30160,14351,15809,1613,981,632,1297,701,596,101,60,41
C3010,03,09,0000,District - Ludhiana  09,Total,25-29,266452,147389,119063,2800,1709,1091,0,0,0,1725,1038,687,549,317,232,451,311,140,75,43,32
C3010,03,09,0000,District - Ludhiana  09,Total,30-34,229121,121203,107918,769,480,289,0,0,0,401,246,155,163,95,68,121,93,28,84,46,38
C3010,03,09,0000,District - Ludhiana  09,Total,35-59,750261,408627,341634,1450,833,617,0,0,0,657,391,266,390,211,179,122,77,45,281,154,127
C3010,03,09,0000,District - Ludhiana  09,Total,60+,242922,125442,117480,631,360,271,0,0,0,337,199,138,119,66,53,57,36,21,118,59,59
C3010,03,09,0000,District - Ludhiana  09,Total,Age not stated,15906,9465,6441,153,74,79,0,0,0,119,54,65,18,11,7,9,5,4,7,4,3
C3010,03,09,0000,District - Ludhiana  09,Rural,All ages,1339178,712593,626585,317199,170492,146707,297549,161431,136118,16654,7392,9262,1434,824,610,1320,732,588,242,113,129
C3010,03,09,0000,District - Ludhiana  09,Rural,0-4,111786,61934,49852,3089,1780,1309,3089,1780,1309,0,0,0,0,0,0,0,0,0,0,0,0
C3010,03,09,0000,District - Ludhiana  09,Rural,5,27733,15245,12488,5684,3190,2494,5684,3190,2494,0,0,0,0,0,0,0,0,0,0,0,0
C3010,03,09,0000,District - Ludhiana  09,Rural,6,26186,14139,12047,12695,6979,5716,12695,6979,5716,0,0,0,0,0,0,0,0,0,0,0,0
C3010,03,09,0000,District - Ludhiana  09,Rural,7,26953,14616,12337,22461,12325,10136,22461,12325,10136,0,0,0,0,0,0,0,0,0,0,0,0
C3010,03,09,0000,District - Ludhiana  09,Rural,8,31626,17242,14384,28055,15540,12515,28055,15540,12515,0,0,0,0,0,0,0,0,0,0,0,0
C3010,03,09,0000,District - Ludhiana  09,Rural,9,28058,15291,12767,25992,14254,11738,25992,14254,11738,0,0,0,0,0,0,0,0,0,0,0,0
C3010,03,09,0000,District - Ludhiana  09,Rural,10,34980,19079,15901,31319,17164,14155,31319,17164,14155,0,0,0,0,0,0,0,0,0,0,0,0
C3010,03,09,0000,District - Ludhiana  09,Rural,11,27040,14583,12457,24926,13492,11434,24926,13492,11434,0,0,0,0,0,0,0,0,0,0,0,0
C3010,03,09,0000,District - Ludhiana  09,Rural,12,32823,17529,15294,28730,15414,13316,28730,15414,13316,0,0,0,0,0,0,0,0,0,0,0,0
C3010,03,09,0000,District - Ludhiana  09,Rural,13,27917,14383,13534,24161,12471,11690,24161,12471,11690,0,0,0,0,0,0,0,0,0,0,0,0
C3010,03,09,0000,District - Ludhiana  09,Rural,14,29164,15489,13675,23579,12502,11077,23579,12502,11077,0,0,0,0,0,0,0,0,0,0,0,0
C3010,03,09,0000,District - Ludhiana  09,Rural,15-19,136257,73864,62393,70237,37010,33227,62729,33861,28868,6496,2595,3901,485,282,203,516,267,249,11,5,6
C3010,03,09,0000,District - Ludhiana  09,Rural,20-24,128660,69557,59103,14581,7409,7172,4129,2459,1670,9347,4331,5016,527,299,228,550,304,246,28,16,12
C3010,03,09,0000,District - Ludhiana  09,Rural,25-29,104401,54656,49745,881,493,388,0,0,0,500,274,226,201,112,89,152,93,59,28,14,14
C3010,03,09,0000,District - Ludhiana  09,Rural,30-34,93229,46419,46810,164,108,56,0,0,0,60,40,20,46,32,14,29,23,6,29,13,16
C3010,03,09,0000,District - Ludhiana  09,Rural,35-59,332457,175840,156617,411,234,177,0,0,0,137,92,45,121,69,52,55,36,19,98,37,61
C3010,03,09,0000,District - Ludhiana  09,Rural,60+,134014,69445,64569,197,113,84,0,0,0,89,52,37,48,27,21,15,7,8,45,27,18
C3010,03,09,0000,District - Ludhiana  09,Rural,Age not stated,5894,3282,2612,37,14,23,0,0,0,25,8,17,6,3,3,3,2,1,3,1,2
C3010,03,09,0000,District - Ludhiana  09,Urban,All ages,1693653,950123,743530,411474,223180,188294,367696,201603,166093,37844,18008,19836,3182,2023,1159,2284,1268,1016,468,278,190
C3010,03,09,0000,District - Ludhiana  09,Urban,0-4,137976,75601,62375,10890,6145,4745,10890,6145,4745,0,0,0,0,0,0,0,0,0,0,0,0
C3010,03,09,0000,District - Ludhiana  09,Urban,5,34837,19537,15300,12916,7429,5487,12916,7429,5487,0,0,0,0,0,0,0,0,0,0,0,0
C3010,03,09,0000,District - Ludhiana  09,Urban,6,32492,17734,14758,17490,9771,7719,17490,9771,7719,0,0,0,0,0,0,0,0,0,0,0,0
C3010,03,09,0000,District - Ludhiana  09,Urban,7,32808,17907,14901,26026,14505,11521,26026,14505,11521,0,0,0,0,0,0,0,0,0,0,0,0
C3010,03,09,0000,District - Ludhiana  09,Urban,8,39573,21984,17589,32741,18429,14312,32741,18429,14312,0,0,0,0,0,0,0,0,0,0,0,0
C3010,03,09,0000,District - Ludhiana  09,Urban,9,29735,16331,13404,26038,14474,11564,26038,14474,11564,0,0,0,0,0,0,0,0,0,0,0,0
C3010,03,09,0000,District - Ludhiana  09,Urban,10,44792,25204,19588,37701,21281,16420,37701,21281,16420,0,0,0,0,0,0,0,0,0,0,0,0
C3010,03,09,0000,District - Ludhiana  09,Urban,11,29839,16382,13457,26403,14488,11915,26403,14488,11915,0,0,0,0,0,0,0,0,0,0,0,0
C3010,03,09,0000,District - Ludhiana  09,Urban,12,40673,22343,18330,33941,18416,15525,33941,18416,15525,0,0,0,0,0,0,0,0,0,0,0,0
C3010,03,09,0000,District - Ludhiana  09,Urban,13,32038,16960,15078,27017,14138,12879,27017,14138,12879,0,0,0,0,0,0,0,0,0,0,0,0
C3010,03,09,0000,District - Ludhiana  09,Urban,14,35079,19213,15866,28037,15034,13003,28037,15034,13003,0,0,0,0,0,0,0,0,0,0,0,0
C3010,03,09,0000,District - Ludhiana  09,Urban,15-19,184477,109723,74754,99709,52073,47636,82763,44133,38630,14603,6526,8077,1279,884,395,1031,510,521,33,20,13
C3010,03,09,0000,District - Ludhiana  09,Urban,20-24,184667,108720,75947,28452,14503,13949,5733,3360,2373,20813,10020,10793,1086,682,404,747,397,350,73,44,29
C3010,03,09,0000,District - Ludhiana  09,Urban,25-29,162051,92733,69318,1919,1216,703,0,0,0,1225,764,461,348,205,143,299,218,81,47,29,18
C3010,03,09,0000,District - Ludhiana  09,Urban,30-34,135892,74784,61108,605,372,233,0,0,0,341,206,135,117,63,54,92,70,22,55,33,22
C3010,03,09,0000,District - Ludhiana  09,Urban,35-59,417804,232787,185017,1039,599,440,0,0,0,520,299,221,269,142,127,67,41,26,183,117,66
C3010,03,09,0000,District - Ludhiana  09,Urban,60+,108908,55997,52911,434,247,187,0,0,0,248,147,101,71,39,32,42,29,13,73,32,41
C3010,03,09,0000,District - Ludhiana  09,Urban,Age not stated,10012,6183,3829,116,60,56,0,0,0,94,46,48,12,8,4,6,3,3,4,3,1
C3010,03,10,0000,District - Moga *  10,Total,All ages,894854,474139,420715,199749,107913,91836,188169,102543,85626,9604,4383,5221,1042,551,491,817,375,442,117,61,56
C3010,03,10,0000,District - Moga *  10,Total,0-4,77989,43030,34959,2218,1260,958,2218,1260,958,0,0,0,0,0,0,0,0,0,0,0,0
C3010,03,10,0000,District - Moga *  10,Total,5,19447,10725,8722,4273,2446,1827,4273,2446,1827,0,0,0,0,0,0,0,0,0,0,0,0
C3010,03,10,0000,District - Moga *  10,Total,6,18860,10212,8648,8806,4881,3925,8806,4881,3925,0,0,0,0,0,0,0,0,0,0,0,0
C3010,03,10,0000,District - Moga *  10,Total,7,19249,10314,8935,14067,7680,6387,14067,7680,6387,0,0,0,0,0,0,0,0,0,0,0,0
C3010,03,10,0000,District - Moga *  10,Total,8,22124,12008,10116,17653,9735,7918,17653,9735,7918,0,0,0,0,0,0,0,0,0,0,0,0
C3010,03,10,0000,District - Moga *  10,Total,9,18464,10009,8455,15851,8669,7182,15851,8669,7182,0,0,0,0,0,0,0,0,0,0,0,0
C3010,03,10,0000,District - Moga *  10,Total,10,25730,14001,11729,20993,11534,9459,20993,11534,9459,0,0,0,0,0,0,0,0,0,0,0,0
C3010,03,10,0000,District - Moga *  10,Total,11,17951,9709,8242,15513,8425,7088,15513,8425,7088,0,0,0,0,0,0,0,0,0,0,0,0
C3010,03,10,0000,District - Moga *  10,Total,12,23170,12432,10738,18604,10056,8548,18604,10056,8548,0,0,0,0,0,0,0,0,0,0,0,0
C3010,03,10,0000,District - Moga *  10,Total,13,18846,9782,9064,14879,7796,7083,14879,7796,7083,0,0,0,0,0,0,0,0,0,0,0,0
C3010,03,10,0000,District - Moga *  10,Total,14,19928,10671,9257,14578,7823,6755,14578,7823,6755,0,0,0,0,0,0,0,0,0,0,0,0
C3010,03,10,0000,District - Moga *  10,Total,15-19,93624,51117,42507,42637,22641,19996,38044,20645,17399,3888,1640,2248,350,186,164,351,169,182,4,1,3
C3010,03,10,0000,District - Moga *  10,Total,20-24,84422,44956,39466,8729,4466,4263,2690,1593,1097,5270,2514,2756,410,209,201,342,141,201,17,9,8
C3010,03,10,0000,District - Moga *  10,Total,25-29,65346,33599,31747,474,268,206,0,0,0,269,144,125,104,71,33,90,49,41,11,4,7
C3010,03,10,0000,District - Moga *  10,Total,30-34,61415,30407,31008,114,48,66,0,0,0,45,16,29,43,19,24,13,7,6,13,6,7
C3010,03,10,0000,District - Moga *  10,Total,35-59,214929,113513,101416,233,128,105,0,0,0,92,52,40,83,45,38,11,6,5,47,25,22
C3010,03,10,0000,District - Moga *  10,Total,60+,90890,46238,44652,116,54,62,0,0,0,32,14,18,51,21,30,8,3,5,25,16,9
C3010,03,10,0000,District - Moga *  10,Total,Age not stated,2470,1416,1054,11,3,8,0,0,0,8,3,5,1,0,1,2,0,2,0,0,0
C3010,03,10,0000,District - Moga *  10,Rural,All ages,716214,379322,336892,156075,84684,71391,149201,81424,67777,5748,2683,3065,577,319,258,451,206,245,98,52,46
C3010,03,10,0000,District - Moga *  10,Rural,0-4,63371,34877,28494,1468,815,653,1468,815,653,0,0,0,0,0,0,0,0,0,0,0,0
C3010,03,10,0000,District - Moga *  10,Rural,5,15772,8691,7081,3244,1862,1382,3244,1862,1382,0,0,0,0,0,0,0,0,0,0,0,0
C3010,03,10,0000,District - Moga *  10,Rural,6,15325,8288,7037,7171,3955,3216,7171,3955,3216,0,0,0,0,0,0,0,0,0,0,0,0
C3010,03,10,0000,District - Moga *  10,Rural,7,15774,8407,7367,11462,6234,5228,11462,6234,5228,0,0,0,0,0,0,0,0,0,0,0,0
C3010,03,10,0000,District - Moga *  10,Rural,8,17887,9652,8235,14322,7844,6478,14322,7844,6478,0,0,0,0,0,0,0,0,0,0,0,0
C3010,03,10,0000,District - Moga *  10,Rural,9,15205,8167,7038,13007,7045,5962,13007,7045,5962,0,0,0,0,0,0,0,0,0,0,0,0
C3010,03,10,0000,District - Moga *  10,Rural,10,20663,11186,9477,16836,9207,7629,16836,9207,7629,0,0,0,0,0,0,0,0,0,0,0,0
C3010,03,10,0000,District - Moga *  10,Rural,11,14520,7860,6660,12516,6808,5708,12516,6808,5708,0,0,0,0,0,0,0,0,0,0,0,0
C3010,03,10,0000,District - Moga *  10,Rural,12,18629,9961,8668,14886,8048,6838,14886,8048,6838,0,0,0,0,0,0,0,0,0,0,0,0
C3010,03,10,0000,District - Moga *  10,Rural,13,15034,7767,7267,11742,6155,5587,11742,6155,5587,0,0,0,0,0,0,0,0,0,0,0,0
C3010,03,10,0000,District - Moga *  10,Rural,14,15955,8567,7388,11461,6209,5252,11461,6209,5252,0,0,0,0,0,0,0,0,0,0,0,0
C3010,03,10,0000,District - Moga *  10,Rural,15-19,73871,40343,33528,31730,17152,14578,28995,15978,13017,2355,988,1367,173,94,79,203,91,112,4,1,3
C3010,03,10,0000,District - Moga *  10,Rural,20-24,66341,35354,30987,5651,3033,2618,2091,1264,827,3145,1560,1585,216,118,98,185,83,102,14,8,6
C3010,03,10,0000,District - Moga *  10,Rural,25-29,51566,26449,25117,267,154,113,0,0,0,159,86,73,56,41,15,42,23,19,10,4,6
C3010,03,10,0000,District - Moga *  10,Rural,30-34,48772,24097,24675,67,31,36,0,0,0,24,11,13,27,11,16,6,4,2,10,5,5
C3010,03,10,0000,District - Moga *  10,Rural,35-59,169740,89574,80166,150,89,61,0,0,0,40,28,12,63,38,25,7,2,5,40,21,19
C3010,03,10,0000,District - Moga *  10,Rural,60+,75845,38978,36867,87,42,45,0,0,0,20,9,11,41,17,24,6,3,3,20,13,7
C3010,03,10,0000,District - Moga *  10,Rural,Age not stated,1944,1104,840,8,1,7,0,0,0,5,1,4,1,0,1,2,0,2,0,0,0
C3010,03,10,0000,District - Moga *  10,Urban,All ages,178640,94817,83823,43674,23229,20445,38968,21119,17849,3856,1700,2156,465,232,233,366,169,197,19,9,10
C3010,03,10,0000,District - Moga *  10,Urban,0-4,14618,8153,6465,750,445,305,750,445,305,0,0,0,0,0,0,0,0,0,0,0,0
C3010,03,10,0000,District - Moga *  10,Urban,5,3675,2034,1641,1029,584,445,1029,584,445,0,0,0,0,0,0,0,0,0,0,0,0
C3010,03,10,0000,District - Moga *  10,Urban,6,3535,1924,1611,1635,926,709,1635,926,709,0,0,0,0,0,0,0,0,0,0,0,0
C3010,03,10,0000,District - Moga *  10,Urban,7,3475,1907,1568,2605,1446,1159,2605,1446,1159,0,0,0,0,0,0,0,0,0,0,0,0
C3010,03,10,0000,District - Moga *  10,Urban,8,4237,2356,1881,3331,1891,1440,3331,1891,1440,0,0,0,0,0,0,0,0,0,0,0,0
C3010,03,10,0000,District - Moga *  10,Urban,9,3259,1842,1417,2844,1624,1220,2844,1624,1220,0,0,0,0,0,0,0,0,0,0,0,0
C3010,03,10,0000,District - Moga *  10,Urban,10,5067,2815,2252,4157,2327,1830,4157,2327,1830,0,0,0,0,0,0,0,0,0,0,0,0
C3010,03,10,0000,District - Moga *  10,Urban,11,3431,1849,1582,2997,1617,1380,2997,1617,1380,0,0,0,0,0,0,0,0,0,0,0,0
C3010,03,10,0000,District - Moga *  10,Urban,12,4541,2471,2070,3718,2008,1710,3718,2008,1710,0,0,0,0,0,0,0,0,0,0,0,0
C3010,03,10,0000,District - Moga *  10,Urban,13,3812,2015,1797,3137,1641,1496,3137,1641,1496,0,0,0,0,0,0,0,0,0,0,0,0
C3010,03,10,0000,District - Moga *  10,Urban,14,3973,2104,1869,3117,1614,1503,3117,1614,1503,0,0,0,0,0,0,0,0,0,0,0,0
C3010,03,10,0000,District - Moga *  10,Urban,15-19,19753,10774,8979,10907,5489,5418,9049,4667,4382,1533,652,881,177,92,85,148,78,70,0,0,0
C3010,03,10,0000,District - Moga *  10,Urban,20-24,18081,9602,8479,3078,1433,1645,599,329,270,2125,954,1171,194,91,103,157,58,99,3,1,2
C3010,03,10,0000,District - Moga *  10,Urban,25-29,13780,7150,6630,207,114,93,0,0,0,110,58,52,48,30,18,48,26,22,1,0,1
C3010,03,10,0000,District - Moga *  10,Urban,30-34,12643,6310,6333,47,17,30,0,0,0,21,5,16,16,8,8,7,3,4,3,1,2
C3010,03,10,0000,District - Moga *  10,Urban,35-59,45189,23939,21250,83,39,44,0,0,0,52,24,28,20,7,13,4,4,0,7,4,3
C3010,03,10,0000,District - Moga *  10,Urban,60+,15045,7260,7785,29,12,17,0,0,0,12,5,7,10,4,6,2,0,2,5,3,2
C3010,03,10,0000,District - Moga *  10,Urban,Age not stated,526,312,214,3,2,1,0,0,0,3,2,1,0,0,0,0,0,0,0,0,0
C3010,03,11,0000,District - Firozpur  11,Total,All ages,1746107,926224,819883,390491,222931,167560,369740,211165,158575,16978,9639,7339,1796,1069,727,1662,899,763,315,159,156
C3010,03,11,0000,District - Firozpur  11,Total,0-4,170594,93882,76712,6114,3471,2643,6114,3471,2643,0,0,0,0,0,0,0,0,0,0,0,0
C3010,03,11,0000,District - Firozpur  11,Total,5,43803,24337,19466,9822,5679,4143,9822,5679,4143,0,0,0,0,0,0,0,0,0,0,0,0
C3010,03,11,0000,District - Firozpur  11,Total,6,43357,23245,20112,18044,10093,7951,18044,10093,7951,0,0,0,0,0,0,0,0,0,0,0,0
C3010,03,11,0000,District - Firozpur  11,Total,7,40594,21651,18943,28772,15958,12814,28772,15958,12814,0,0,0,0,0,0,0,0,0,0,0,0
C3010,03,11,0000,District - Firozpur  11,Total,8,51879,28108,23771,39417,22187,17230,39417,22187,17230,0,0,0,0,0,0,0,0,0,0,0,0
C3010,03,11,0000,District - Firozpur  11,Total,9,35930,19382,16548,29984,16656,13328,29984,16656,13328,0,0,0,0,0,0,0,0,0,0,0,0
C3010,03,11,0000,District - Firozpur  11,Total,10,56034,30817,25217,44017,25134,18883,44017,25134,18883,0,0,0,0,0,0,0,0,0,0,0,0
C3010,03,11,0000,District - Firozpur  11,Total,11,32616,17488,15128,27242,15164,12078,27242,15164,12078,0,0,0,0,0,0,0,0,0,0,0,0
C3010,03,11,0000,District - Firozpur  11,Total,12,50492,26979,23513,38193,21425,16768,38193,21425,16768,0,0,0,0,0,0,0,0,0,0,0,0
C3010,03,11,0000,District - Firozpur  11,Total,13,36772,19126,17646,27142,15016,12126,27142,15016,12126,0,0,0,0,0,0,0,0,0,0,0,0
C3010,03,11,0000,District - Firozpur  11,Total,14,41016,21608,19408,27263,15616,11647,27263,15616,11647,0,0,0,0,0,0,0,0,0,0,0,0
C3010,03,11,0000,District - Firozpur  11,Total,15-19,186785,100406,86379,77434,46029,31405,68823,41414,27409,7141,3823,3318,672,400,272,783,385,398,15,7,8
C3010,03,11,0000,District - Firozpur  11,Total,20-24,159069,84099,74970,15078,9287,5791,4907,3352,1555,8943,5227,3716,625,386,239,569,305,264,34,17,17
C3010,03,11,0000,District - Firozpur  11,Total,25-29,134265,69073,65192,969,654,315,0,0,0,532,367,165,180,110,70,210,149,61,47,28,19
C3010,03,11,0000,District - Firozpur  11,Total,30-34,130156,65897,64259,240,136,104,0,0,0,103,58,45,74,44,30,28,19,9,35,15,20
C3010,03,11,0000,District - Firozpur  11,Total,35-59,387322,207885,179437,496,284,212,0,0,0,157,104,53,165,88,77,41,26,15,133,66,67
C3010,03,11,0000,District - Firozpur  11,Total,60+,138075,68331,69744,201,107,94,0,0,0,65,42,23,67,32,35,21,10,11,48,23,25
C3010,03,11,0000,District - Firozpur  11,Total,Age not stated,7348,3910,3438,63,35,28,0,0,0,37,18,19,13,9,4,10,5,5,3,3,0
C3010,03,11,0000,District - Firozpur  11,Rural,All ages,1295382,683870,611512,272994,159273,113721,264489,153624,110865,6552,4481,2071,836,556,280,867,485,382,250,127,123
C3010,03,11,0000,District - Firozpur  11,Rural,0-4,131828,72533,59295,3302,1896,1406,3302,1896,1406,0,0,0,0,0,0,0,0,0,0,0,0
C3010,03,11,0000,District - Firozpur  11,Rural,5,34019,18807,15212,6339,3676,2663,6339,3676,2663,0,0,0,0,0,0,0,0,0,0,0,0
C3010,03,11,0000,District - Firozpur  11,Rural,6,33776,18064,15712,13181,7420,5761,13181,7420,5761,0,0,0,0,0,0,0,0,0,0,0,0
C3010,03,11,0000,District - Firozpur  11,Rural,7,31169,16535,14634,21338,11855,9483,21338,11855,9483,0,0,0,0,0,0,0,0,0,0,0,0
C3010,03,11,0000,District - Firozpur  11,Rural,8,40194,21664,18530,29790,16799,12991,29790,16799,12991,0,0,0,0,0,0,0,0,0,0,0,0
C3010,03,11,0000,District - Firozpur  11,Rural,9,27602,14851,12751,22658,12643,10015,22658,12643,10015,0,0,0,0,0,0,0,0,0,0,0,0
C3010,03,11,0000,District - Firozpur  11,Rural,10,42805,23407,19398,32978,18870,14108,32978,18870,14108,0,0,0,0,0,0,0,0,0,0,0,0
C3010,03,11,0000,District - Firozpur  11,Rural,11,24317,12887,11430,19899,11045,8854,19899,11045,8854,0,0,0,0,0,0,0,0,0,0,0,0
C3010,03,11,0000,District - Firozpur  11,Rural,12,38230,20356,17874,28062,15908,12154,28062,15908,12154,0,0,0,0,0,0,0,0,0,0,0,0
C3010,03,11,0000,District - Firozpur  11,Rural,13,27271,14140,13131,19246,10859,8387,19246,10859,8387,0,0,0,0,0,0,0,0,0,0,0,0
C3010,03,11,0000,District - Firozpur  11,Rural,14,30742,16112,14630,19225,11286,7939,19225,11286,7939,0,0,0,0,0,0,0,0,0,0,0,0
C3010,03,11,0000,District - Firozpur  11,Rural,15-19,136991,73918,63073,48801,31284,17517,45183,28984,16199,2895,1873,1022,278,202,76,438,222,216,7,3,4
C3010,03,11,0000,District - Firozpur  11,Rural,20-24,113773,59355,54418,7172,5096,2076,3288,2383,905,3309,2335,974,253,191,62,298,175,123,24,12,12
C3010,03,11,0000,District - Firozpur  11,Rural,25-29,97797,49613,48184,420,307,113,0,0,0,206,170,36,93,55,38,86,61,25,35,21,14
C3010,03,11,0000,District - Firozpur  11,Rural,30-34,96167,48097,48070,140,74,66,0,0,0,42,25,17,48,26,22,18,11,7,32,12,20
C3010,03,11,0000,District - Firozpur  11,Rural,35-59,276427,147245,129182,306,175,131,0,0,0,64,51,13,110,56,54,17,10,7,115,58,57
C3010,03,11,0000,District - Firozpur  11,Rural,60+,107865,53936,53929,122,69,53,0,0,0,30,23,7,50,23,27,8,5,3,34,18,16
C3010,03,11,0000,District - Firozpur  11,Rural,Age not stated,4409,2350,2059,15,11,4,0,0,0,6,4,2,4,3,1,2,1,1,3,3,0
C3010,03,11,0000,District - Firozpur  11,Urban,All ages,450725,242354,208371,117497,63658,53839,105251,57541,47710,10426,5158,5268,960,513,447,795,414,381,65,32,33
C3010,03,11,0000,District - Firozpur  11,Urban,0-4,38766,21349,17417,2812,1575,1237,2812,1575,1237,0,0,0,0,0,0,0,0,0,0,0,0
C3010,03,11,0000,District - Firozpur  11,Urban,5,9784,5530,4254,3483,2003,1480,3483,2003,1480,0,0,0,0,0,0,0,0,0,0,0,0
C3010,03,11,0000,District - Firozpur  11,Urban,6,9581,5181,4400,4863,2673,2190,4863,2673,2190,0,0,0,0,0,0,0,0,0,0,0,0
C3010,03,11,0000,District - Firozpur  11,Urban,7,9425,5116,4309,7434,4103,3331,7434,4103,3331,0,0,0,0,0,0,0,0,0,0,0,0
C3010,03,11,0000,District - Firozpur  11,Urban,8,11685,6444,5241,9627,5388,4239,9627,5388,4239,0,0,0,0,0,0,0,0,0,0,0,0
C3010,03,11,0000,District - Firozpur  11,Urban,9,8328,4531,3797,7326,4013,3313,7326,4013,3313,0,0,0,0,0,0,0,0,0,0,0,0
C3010,03,11,0000,District - Firozpur  11,Urban,10,13229,7410,5819,11039,6264,4775,11039,6264,4775,0,0,0,0,0,0,0,0,0,0,0,0
C3010,03,11,0000,District - Firozpur  11,Urban,11,8299,4601,3698,7343,4119,3224,7343,4119,3224,0,0,0,0,0,0,0,0,0,0,0,0
C3010,03,11,0000,District - Firozpur  11,Urban,12,12262,6623,5639,10131,5517,4614,10131,5517,4614,0,0,0,0,0,0,0,0,0,0,0,0
C3010,03,11,0000,District - Firozpur  11,Urban,13,9501,4986,4515,7896,4157,3739,7896,4157,3739,0,0,0,0,0,0,0,0,0,0,0,0
C3010,03,11,0000,District - Firozpur  11,Urban,14,10274,5496,4778,8038,4330,3708,8038,4330,3708,0,0,0,0,0,0,0,0,0,0,0,0
C3010,03,11,0000,District - Firozpur  11,Urban,15-19,49794,26488,23306,28633,14745,13888,23640,12430,11210,4246,1950,2296,394,198,196,345,163,182,8,4,4
C3010,03,11,0000,District - Firozpur  11,Urban,20-24,45296,24744,20552,7906,4191,3715,1619,969,650,5634,2892,2742,372,195,177,271,130,141,10,5,5
C3010,03,11,0000,District - Firozpur  11,Urban,25-29,36468,19460,17008,549,347,202,0,0,0,326,197,129,87,55,32,124,88,36,12,7,5
C3010,03,11,0000,District - Firozpur  11,Urban,30-34,33989,17800,16189,100,62,38,0,0,0,61,33,28,26,18,8,10,8,2,3,3,0
C3010,03,11,0000,District - Firozpur  11,Urban,35-59,110895,60640,50255,190,109,81,0,0,0,93,53,40,55,32,23,24,16,8,18,8,10
C3010,03,11,0000,District - Firozpur  11,Urban,60+,30210,14395,15815,79,38,41,0,0,0,35,19,16,17,9,8,13,5,8,14,5,9
C3010,03,11,0000,District - Firozpur  11,Urban,Age not stated,2939,1560,1379,48,24,24,0,0,0,31,14,17,9,6,3,8,4,4,0,0,0
C3010,03,12,0000,District - Muktsar *  12,Total,All ages,777493,411217,366276,163335,92590,70745,153419,87160,66259,7981,4491,3490,856,380,476,968,486,482,111,73,38
C3010,03,12,0000,District - Muktsar *  12,Total,0-4,69651,38587,31064,2146,1173,973,2146,1173,973,0,0,0,0,0,0,0,0,0,0,0,0
C3010,03,12,0000,District - Muktsar *  12,Total,5,18139,10060,8079,3866,2227,1639,3866,2227,1639,0,0,0,0,0,0,0,0,0,0,0,0
C3010,03,12,0000,District - Muktsar *  12,Total,6,16795,9093,7702,6832,3890,2942,6832,3890,2942,0,0,0,0,0,0,0,0,0,0,0,0
C3010,03,12,0000,District - Muktsar *  12,Total,7,17313,9486,7827,12170,6873,5297,12170,6873,5297,0,0,0,0,0,0,0,0,0,0,0,0
C3010,03,12,0000,District - Muktsar *  12,Total,8,20959,11380,9579,15799,8896,6903,15799,8896,6903,0,0,0,0,0,0,0,0,0,0,0,0
C3010,03,12,0000,District - Muktsar *  12,Total,9,15460,8345,7115,12655,6978,5677,12655,6978,5677,0,0,0,0,0,0,0,0,0,0,0,0
C3010,03,12,0000,District - Muktsar *  12,Total,10,23280,12805,10475,17856,10102,7754,17856,10102,7754,0,0,0,0,0,0,0,0,0,0,0,0
C3010,03,12,0000,District - Muktsar *  12,Total,11,14415,7796,6619,11782,6524,5258,11782,6524,5258,0,0,0,0,0,0,0,0,0,0,0,0
C3010,03,12,0000,District - Muktsar *  12,Total,12,20424,11073,9351,15144,8510,6634,15144,8510,6634,0,0,0,0,0,0,0,0,0,0,0,0
C3010,03,12,0000,District - Muktsar *  12,Total,13,15552,8098,7454,11272,6107,5165,11272,6107,5165,0,0,0,0,0,0,0,0,0,0,0,0
C3010,03,12,0000,District - Muktsar *  12,Total,14,16887,9042,7845,11207,6285,4922,11207,6285,4922,0,0,0,0,0,0,0,0,0,0,0,0
C3010,03,12,0000,District - Muktsar *  12,Total,15-19,81576,45164,36412,34372,20103,14269,30201,17949,12252,3351,1794,1557,326,122,204,486,235,251,8,3,5
C3010,03,12,0000,District - Muktsar *  12,Total,20-24,74597,39573,35024,7408,4374,3034,2489,1646,843,4256,2441,1815,317,126,191,339,157,182,7,4,3
C3010,03,12,0000,District - Muktsar *  12,Total,25-29,60547,30790,29757,430,300,130,0,0,0,231,164,67,83,60,23,101,68,33,15,8,7
C3010,03,12,0000,District - Muktsar *  12,Total,30-34,57047,28380,28667,124,84,40,0,0,0,48,33,15,40,27,13,23,14,9,13,10,3
C3010,03,12,0000,District - Muktsar *  12,Total,35-59,182674,96005,86669,193,125,68,0,0,0,60,39,21,68,38,30,11,8,3,54,40,14
C3010,03,12,0000,District - Muktsar *  12,Total,60+,70268,34502,35766,66,33,33,0,0,0,27,15,12,18,6,12,8,4,4,13,8,5
C3010,03,12,0000,District - Muktsar *  12,Total,Age not stated,1909,1038,871,13,6,7,0,0,0,8,5,3,4,1,3,0,0,0,1,0,1
C3010,03,12,0000,District - Muktsar *  12,Rural,All ages,578929,306070,272859,113371,65249,48122,108799,62443,46356,3583,2259,1324,355,203,152,545,282,263,89,62,27
C3010,03,12,0000,District - Muktsar *  12,Rural,0-4,52266,28944,23322,1307,722,585,1307,722,585,0,0,0,0,0,0,0,0,0,0,0,0
C3010,03,12,0000,District - Muktsar *  12,Rural,5,13573,7539,6034,2617,1528,1089,2617,1528,1089,0,0,0,0,0,0,0,0,0,0,0,0
C3010,03,12,0000,District - Muktsar *  12,Rural,6,12698,6820,5878,4984,2844,2140,4984,2844,2140,0,0,0,0,0,0,0,0,0,0,0,0
C3010,03,12,0000,District - Muktsar *  12,Rural,7,13064,7154,5910,8941,5088,3853,8941,5088,3853,0,0,0,0,0,0,0,0,0,0,0,0
C3010,03,12,0000,District - Muktsar *  12,Rural,8,15576,8405,7171,11552,6491,5061,11552,6491,5061,0,0,0,0,0,0,0,0,0,0,0,0
C3010,03,12,0000,District - Muktsar *  12,Rural,9,11699,6282,5417,9424,5189,4235,9424,5189,4235,0,0,0,0,0,0,0,0,0,0,0,0
C3010,03,12,0000,District - Muktsar *  12,Rural,10,17386,9444,7942,13059,7342,5717,13059,7342,5717,0,0,0,0,0,0,0,0,0,0,0,0
C3010,03,12,0000,District - Muktsar *  12,Rural,11,10674,5713,4961,8554,4732,3822,8554,4732,3822,0,0,0,0,0,0,0,0,0,0,0,0
C3010,03,12,0000,District - Muktsar *  12,Rural,12,15082,8127,6955,10785,6071,4714,10785,6071,4714,0,0,0,0,0,0,0,0,0,0,0,0
C3010,03,12,0000,District - Muktsar *  12,Rural,13,11348,5862,5486,7899,4301,3598,7899,4301,3598,0,0,0,0,0,0,0,0,0,0,0,0
C3010,03,12,0000,District - Muktsar *  12,Rural,14,12446,6702,5744,7811,4484,3327,7811,4484,3327,0,0,0,0,0,0,0,0,0,0,0,0
C3010,03,12,0000,District - Muktsar *  12,Rural,15-19,59553,33171,26382,22060,13615,8445,20153,12507,7646,1518,926,592,105,46,59,278,133,145,6,3,3
C3010,03,12,0000,District - Muktsar *  12,Rural,20-24,54826,29113,25713,3902,2511,1391,1713,1144,569,1884,1199,685,104,68,36,195,96,99,6,4,2
C3010,03,12,0000,District - Muktsar *  12,Rural,25-29,45082,22976,22106,228,168,60,0,0,0,119,89,30,50,37,13,48,36,12,11,6,5
C3010,03,12,0000,District - Muktsar *  12,Rural,30-34,42567,21351,21216,64,49,15,0,0,0,20,16,4,23,17,6,9,7,2,12,9,3
C3010,03,12,0000,District - Muktsar *  12,Rural,35-59,133933,70150,63783,132,87,45,0,0,0,25,18,7,55,29,26,10,7,3,42,33,9
C3010,03,12,0000,District - Muktsar *  12,Rural,60+,55605,27476,28129,43,23,20,0,0,0,13,8,5,14,5,9,5,3,2,11,7,4
C3010,03,12,0000,District - Muktsar *  12,Rural,Age not stated,1551,841,710,9,4,5,0,0,0,4,3,1,4,1,3,0,0,0,1,0,1
C3010,03,12,0000,District - Muktsar *  12,Urban,All ages,198564,105147,93417,49964,27341,22623,44620,24717,19903,4398,2232,2166,501,177,324,423,204,219,22,11,11
C3010,03,12,0000,District - Muktsar *  12,Urban,0-4,17385,9643,7742,839,451,388,839,451,388,0,0,0,0,0,0,0,0,0,0,0,0
C3010,03,12,0000,District - Muktsar *  12,Urban,5,4566,2521,2045,1249,699,550,1249,699,550,0,0,0,0,0,0,0,0,0,0,0,0
C3010,03,12,0000,District - Muktsar *  12,Urban,6,4097,2273,1824,1848,1046,802,1848,1046,802,0,0,0,0,0,0,0,0,0,0,0,0
C3010,03,12,0000,District - Muktsar *  12,Urban,7,4249,2332,1917,3229,1785,1444,3229,1785,1444,0,0,0,0,0,0,0,0,0,0,0,0
C3010,03,12,0000,District - Muktsar *  12,Urban,8,5383,2975,2408,4247,2405,1842,4247,2405,1842,0,0,0,0,0,0,0,0,0,0,0,0
C3010,03,12,0000,District - Muktsar *  12,Urban,9,3761,2063,1698,3231,1789,1442,3231,1789,1442,0,0,0,0,0,0,0,0,0,0,0,0
C3010,03,12,0000,District - Muktsar *  12,Urban,10,5894,3361,2533,4797,2760,2037,4797,2760,2037,0,0,0,0,0,0,0,0,0,0,0,0
C3010,03,12,0000,District - Muktsar *  12,Urban,11,3741,2083,1658,3228,1792,1436,3228,1792,1436,0,0,0,0,0,0,0,0,0,0,0,0
C3010,03,12,0000,District - Muktsar *  12,Urban,12,5342,2946,2396,4359,2439,1920,4359,2439,1920,0,0,0,0,0,0,0,0,0,0,0,0
C3010,03,12,0000,District - Muktsar *  12,Urban,13,4204,2236,1968,3373,1806,1567,3373,1806,1567,0,0,0,0,0,0,0,0,0,0,0,0
C3010,03,12,0000,District - Muktsar *  12,Urban,14,4441,2340,2101,3396,1801,1595,3396,1801,1595,0,0,0,0,0,0,0,0,0,0,0,0
C3010,03,12,0000,District - Muktsar *  12,Urban,15-19,22023,11993,10030,12312,6488,5824,10048,5442,4606,1833,868,965,221,76,145,208,102,106,2,0,2
C3010,03,12,0000,District - Muktsar *  12,Urban,20-24,19771,10460,9311,3506,1863,1643,776,502,274,2372,1242,1130,213,58,155,144,61,83,1,0,1
C3010,03,12,0000,District - Muktsar *  12,Urban,25-29,15465,7814,7651,202,132,70,0,0,0,112,75,37,33,23,10,53,32,21,4,2,2
C3010,03,12,0000,District - Muktsar *  12,Urban,30-34,14480,7029,7451,60,35,25,0,0,0,28,17,11,17,10,7,14,7,7,1,1,0
C3010,03,12,0000,District - Muktsar *  12,Urban,35-59,48741,25855,22886,61,38,23,0,0,0,35,21,14,13,9,4,1,1,0,12,7,5
C3010,03,12,0000,District - Muktsar *  12,Urban,60+,14663,7026,7637,23,10,13,0,0,0,14,7,7,4,1,3,3,1,2,2,1,1
C3010,03,12,0000,District - Muktsar *  12,Urban,Age not stated,358,197,161,4,2,2,0,0,0,4,2,2,0,0,0,0,0,0,0,0,0
C3010,03,13,0000,District - Faridkot  13,Total,All ages,550892,292596,258296,124852,69333,55519,116169,64691,51478,6904,3643,3261,887,526,361,833,437,396,59,36,23
C3010,03,13,0000,District - Faridkot  13,Total,0-4,49420,27351,22069,1577,902,675,1577,902,675,0,0,0,0,0,0,0,0,0,0,0,0
C3010,03,13,0000,District - Faridkot  13,Total,5,12598,6977,5621,2882,1689,1193,2882,1689,1193,0,0,0,0,0,0,0,0,0,0,0,0
C3010,03,13,0000,District - Faridkot  13,Total,6,11724,6364,5360,5427,2988,2439,5427,2988,2439,0,0,0,0,0,0,0,0,0,0,0,0
C3010,03,13,0000,District - Faridkot  13,Total,7,12413,6770,5643,9146,5127,4019,9146,5127,4019,0,0,0,0,0,0,0,0,0,0,0,0
C3010,03,13,0000,District - Faridkot  13,Total,8,14168,7656,6512,11582,6362,5220,11582,6362,5220,0,0,0,0,0,0,0,0,0,0,0,0
C3010,03,13,0000,District - Faridkot  13,Total,9,11632,6414,5218,10040,5615,4425,10040,5615,4425,0,0,0,0,0,0,0,0,0,0,0,0
C3010,03,13,0000,District - Faridkot  13,Total,10,16007,8767,7240,13237,7343,5894,13237,7343,5894,0,0,0,0,0,0,0,0,0,0,0,0
C3010,03,13,0000,District - Faridkot  13,Total,11,10907,5888,5019,9439,5178,4261,9439,5178,4261,0,0,0,0,0,0,0,0,0,0,0,0
C3010,03,13,0000,District - Faridkot  13,Total,12,14318,7767,6551,11464,6327,5137,11464,6327,5137,0,0,0,0,0,0,0,0,0,0,0,0
C3010,03,13,0000,District - Faridkot  13,Total,13,11439,5928,5511,9022,4770,4252,9022,4770,4252,0,0,0,0,0,0,0,0,0,0,0,0
C3010,03,13,0000,District - Faridkot  13,Total,14,11554,6330,5224,8414,4643,3771,8414,4643,3771,0,0,0,0,0,0,0,0,0,0,0,0
C3010,03,13,0000,District - Faridkot  13,Total,15-19,56115,30435,25680,25792,14427,11365,22453,12802,9651,2716,1308,1408,273,145,128,345,170,175,5,2,3
C3010,03,13,0000,District - Faridkot  13,Total,20-24,52934,28225,24709,6064,3479,2585,1486,945,541,3894,2152,1742,363,211,152,312,164,148,9,7,2
C3010,03,13,0000,District - Faridkot  13,Total,25-29,42447,21697,20750,422,268,154,0,0,0,173,106,67,135,95,40,111,64,47,3,3,0
C3010,03,13,0000,District - Faridkot  13,Total,30-34,40568,20372,20196,116,75,41,0,0,0,31,17,14,51,41,10,22,10,12,12,7,5
C3010,03,13,0000,District - Faridkot  13,Total,35-59,131193,70017,61176,146,90,56,0,0,0,50,34,16,44,24,20,33,22,11,19,10,9
C3010,03,13,0000,District - Faridkot  13,Total,60+,49997,24803,25194,71,41,30,0,0,0,30,18,12,21,10,11,10,7,3,10,6,4
C3010,03,13,0000,District - Faridkot  13,Total,Age not stated,1458,835,623,11,9,2,0,0,0,10,8,2,0,0,0,0,0,0,1,1,0
C3010,03,13,0000,District - Faridkot  13,Rural,All ages,357321,188943,168378,75135,42308,32827,71907,40384,31523,2468,1436,1032,373,266,107,349,197,152,38,25,13
C3010,03,13,0000,District - Faridkot  13,Rural,0-4,32531,17961,14570,752,450,302,752,450,302,0,0,0,0,0,0,0,0,0,0,0,0
C3010,03,13,0000,District - Faridkot  13,Rural,5,8376,4620,3756,1535,906,629,1535,906,629,0,0,0,0,0,0,0,0,0,0,0,0
C3010,03,13,0000,District - Faridkot  13,Rural,6,7718,4132,3586,3416,1870,1546,3416,1870,1546,0,0,0,0,0,0,0,0,0,0,0,0
C3010,03,13,0000,District - Faridkot  13,Rural,7,8280,4498,3782,5932,3334,2598,5932,3334,2598,0,0,0,0,0,0,0,0,0,0,0,0
C3010,03,13,0000,District - Faridkot  13,Rural,8,9236,4991,4245,7505,4117,3388,7505,4117,3388,0,0,0,0,0,0,0,0,0,0,0,0
C3010,03,13,0000,District - Faridkot  13,Rural,9,7866,4331,3535,6745,3769,2976,6745,3769,2976,0,0,0,0,0,0,0,0,0,0,0,0
C3010,03,13,0000,District - Faridkot  13,Rural,10,10421,5642,4779,8577,4727,3850,8577,4727,3850,0,0,0,0,0,0,0,0,0,0,0,0
C3010,03,13,0000,District - Faridkot  13,Rural,11,7236,3877,3359,6209,3395,2814,6209,3395,2814,0,0,0,0,0,0,0,0,0,0,0,0
C3010,03,13,0000,District - Faridkot  13,Rural,12,9092,4886,4206,7165,3929,3236,7165,3929,3236,0,0,0,0,0,0,0,0,0,0,0,0
C3010,03,13,0000,District - Faridkot  13,Rural,13,7228,3840,3388,5498,3021,2477,5498,3021,2477,0,0,0,0,0,0,0,0,0,0,0,0
C3010,03,13,0000,District - Faridkot  13,Rural,14,7347,4008,3339,5107,2825,2282,5107,2825,2282,0,0,0,0,0,0,0,0,0,0,0,0
C3010,03,13,0000,District - Faridkot  13,Rural,15-19,35172,19069,16103,13866,8151,5715,12612,7483,5129,1009,524,485,90,60,30,152,82,70,3,2,1
C3010,03,13,0000,District - Faridkot  13,Rural,20-24,33399,17686,15713,2454,1549,905,854,558,296,1347,833,514,129,88,41,120,67,53,4,3,1
C3010,03,13,0000,District - Faridkot  13,Rural,25-29,27456,13902,13554,168,125,43,0,0,0,63,44,19,67,57,10,36,22,14,2,2,0
C3010,03,13,0000,District - Faridkot  13,Rural,30-34,26185,13023,13162,83,62,21,0,0,0,15,9,6,43,37,6,14,9,5,11,7,4
C3010,03,13,0000,District - Faridkot  13,Rural,35-59,82543,43666,38877,80,52,28,0,0,0,18,14,4,29,17,12,22,14,8,11,7,4
C3010,03,13,0000,District - Faridkot  13,Rural,60+,36252,18250,18002,35,19,16,0,0,0,9,6,3,15,7,8,5,3,2,6,3,3
C3010,03,13,0000,District - Faridkot  13,Rural,Age not stated,983,561,422,8,7,1,0,0,0,7,6,1,0,0,0,0,0,0,1,1,0
C3010,03,13,0000,District - Faridkot  13,Urban,All ages,193571,103653,89918,49717,27025,22692,44262,24307,19955,4436,2207,2229,514,260,254,484,240,244,21,11,10
C3010,03,13,0000,District - Faridkot  13,Urban,0-4,16889,9390,7499,825,452,373,825,452,373,0,0,0,0,0,0,0,0,0,0,0,0
C3010,03,13,0000,District - Faridkot  13,Urban,5,4222,2357,1865,1347,783,564,1347,783,564,0,0,0,0,0,0,0,0,0,0,0,0
C3010,03,13,0000,District - Faridkot  13,Urban,6,4006,2232,1774,2011,1118,893,2011,1118,893,0,0,0,0,0,0,0,0,0,0,0,0
C3010,03,13,0000,District - Faridkot  13,Urban,7,4133,2272,1861,3214,1793,1421,3214,1793,1421,0,0,0,0,0,0,0,0,0,0,0,0
C3010,03,13,0000,District - Faridkot  13,Urban,8,4932,2665,2267,4077,2245,1832,4077,2245,1832,0,0,0,0,0,0,0,0,0,0,0,0
C3010,03,13,0000,District - Faridkot  13,Urban,9,3766,2083,1683,3295,1846,1449,3295,1846,1449,0,0,0,0,0,0,0,0,0,0,0,0
C3010,03,13,0000,District - Faridkot  13,Urban,10,5586,3125,2461,4660,2616,2044,4660,2616,2044,0,0,0,0,0,0,0,0,0,0,0,0
C3010,03,13,0000,District - Faridkot  13,Urban,11,3671,2011,1660,3230,1783,1447,3230,1783,1447,0,0,0,0,0,0,0,0,0,0,0,0
C3010,03,13,0000,District - Faridkot  13,Urban,12,5226,2881,2345,4299,2398,1901,4299,2398,1901,0,0,0,0,0,0,0,0,0,0,0,0
C3010,03,13,0000,District - Faridkot  13,Urban,13,4211,2088,2123,3524,1749,1775,3524,1749,1775,0,0,0,0,0,0,0,0,0,0,0,0
C3010,03,13,0000,District - Faridkot  13,Urban,14,4207,2322,1885,3307,1818,1489,3307,1818,1489,0,0,0,0,0,0,0,0,0,0,0,0
C3010,03,13,0000,District - Faridkot  13,Urban,15-19,20943,11366,9577,11926,6276,5650,9841,5319,4522,1707,784,923,183,85,98,193,88,105,2,0,2
C3010,03,13,0000,District - Faridkot  13,Urban,20-24,19535,10539,8996,3610,1930,1680,632,387,245,2547,1319,1228,234,123,111,192,97,95,5,4,1
C3010,03,13,0000,District - Faridkot  13,Urban,25-29,14991,7795,7196,254,143,111,0,0,0,110,62,48,68,38,30,75,42,33,1,1,0
C3010,03,13,0000,District - Faridkot  13,Urban,30-34,14383,7349,7034,33,13,20,0,0,0,16,8,8,8,4,4,8,1,7,1,0,1
C3010,03,13,0000,District - Faridkot  13,Urban,35-59,48650,26351,22299,66,38,28,0,0,0,32,20,12,15,7,8,11,8,3,8,3,5
C3010,03,13,0000,District - Faridkot  13,Urban,60+,13745,6553,7192,36,22,14,0,0,0,21,12,9,6,3,3,5,4,1,4,3,1
C3010,03,13,0000,District - Faridkot  13,Urban,Age not stated,475,274,201,3,2,1,0,0,0,3,2,1,0,0,0,0,0,0,0,0,0
C3010,03,14,0000,District - Bathinda  14,Total,All ages,1183295,632809,550486,268873,149859,119014,248209,138825,109384,15530,7994,7536,2114,1517,597,1950,1064,886,1070,459,611
C3010,03,14,0000,District - Bathinda  14,Total,0-4,99487,55896,43591,3257,1888,1369,3257,1888,1369,0,0,0,0,0,0,0,0,0,0,0,0
C3010,03,14,0000,District - Bathinda  14,Total,5,25643,14474,11169,6047,3537,2510,6047,3537,2510,0,0,0,0,0,0,0,0,0,0,0,0
C3010,03,14,0000,District - Bathinda  14,Total,6,24228,13286,10942,10637,5948,4689,10637,5948,4689,0,0,0,0,0,0,0,0,0,0,0,0
C3010,03,14,0000,District - Bathinda  14,Total,7,25223,13763,11460,18925,10560,8365,18925,10560,8365,0,0,0,0,0,0,0,0,0,0,0,0
C3010,03,14,0000,District - Bathinda  14,Total,8,29307,16065,13242,23758,13320,10438,23758,13320,10438,0,0,0,0,0,0,0,0,0,0,0,0
C3010,03,14,0000,District - Bathinda  14,Total,9,23722,13055,10667,20591,11525,9066,20591,11525,9066,0,0,0,0,0,0,0,0,0,0,0,0
C3010,03,14,0000,District - Bathinda  14,Total,10,33524,18579,14945,27819,15695,12124,27819,15695,12124,0,0,0,0,0,0,0,0,0,0,0,0
C3010,03,14,0000,District - Bathinda  14,Total,11,23513,12910,10603,20349,11351,8998,20349,11351,8998,0,0,0,0,0,0,0,0,0,0,0,0
C3010,03,14,0000,District - Bathinda  14,Total,12,30370,16534,13836,24628,13605,11023,24628,13605,11023,0,0,0,0,0,0,0,0,0,0,0,0
C3010,03,14,0000,District - Bathinda  14,Total,13,24250,12610,11640,19234,10175,9059,19234,10175,9059,0,0,0,0,0,0,0,0,0,0,0,0
C3010,03,14,0000,District - Bathinda  14,Total,14,25313,13510,11803,18595,10194,8401,18595,10194,8401,0,0,0,0,0,0,0,0,0,0,0,0
C3010,03,14,0000,District - Bathinda  14,Total,15-19,124108,67378,56730,58693,32779,25914,50663,28724,21939,6299,2999,3300,844,621,223,828,403,425,59,32,27
C3010,03,14,0000,District - Bathinda  14,Total,20-24,115467,61529,53938,13893,7938,5955,3706,2303,1403,8438,4496,3942,842,660,182,730,394,336,177,85,92
C3010,03,14,0000,District - Bathinda  14,Total,25-29,93162,48408,44754,1016,608,408,0,0,0,409,273,136,161,107,54,237,159,78,209,69,140
C3010,03,14,0000,District - Bathinda  14,Total,30-34,87205,44230,42975,403,207,196,0,0,0,101,61,40,62,30,32,56,45,11,184,71,113
C3010,03,14,0000,District - Bathinda  14,Total,35-59,286746,153790,132956,684,348,336,0,0,0,147,90,57,116,65,51,61,41,20,360,152,208
C3010,03,14,0000,District - Bathinda  14,Total,60+,103052,51944,51108,237,134,103,0,0,0,67,42,25,69,28,41,28,17,11,73,47,26
C3010,03,14,0000,District - Bathinda  14,Total,Age not stated,8975,4848,4127,107,47,60,0,0,0,69,33,36,20,6,14,10,5,5,8,3,5
C3010,03,14,0000,District - Bathinda  14,Rural,All ages,831541,444118,387423,174369,97851,76518,166323,93402,72921,5647,3223,2424,589,363,226,865,466,399,945,397,548
C3010,03,14,0000,District - Bathinda  14,Rural,0-4,71654,40046,31608,1591,912,679,1591,912,679,0,0,0,0,0,0,0,0,0,0,0,0
C3010,03,14,0000,District - Bathinda  14,Rural,5,18397,10334,8063,3694,2170,1524,3694,2170,1524,0,0,0,0,0,0,0,0,0,0,0,0
C3010,03,14,0000,District - Bathinda  14,Rural,6,17420,9504,7916,7343,4062,3281,7343,4062,3281,0,0,0,0,0,0,0,0,0,0,0,0
C3010,03,14,0000,District - Bathinda  14,Rural,7,18314,9953,8361,13414,7475,5939,13414,7475,5939,0,0,0,0,0,0,0,0,0,0,0,0
C3010,03,14,0000,District - Bathinda  14,Rural,8,21027,11434,9593,16716,9317,7399,16716,9317,7399,0,0,0,0,0,0,0,0,0,0,0,0
C3010,03,14,0000,District - Bathinda  14,Rural,9,17194,9412,7782,14754,8235,6519,14754,8235,6519,0,0,0,0,0,0,0,0,0,0,0,0
C3010,03,14,0000,District - Bathinda  14,Rural,10,23887,13107,10780,19544,10936,8608,19544,10936,8608,0,0,0,0,0,0,0,0,0,0,0,0
C3010,03,14,0000,District - Bathinda  14,Rural,11,16597,9069,7528,14163,7890,6273,14163,7890,6273,0,0,0,0,0,0,0,0,0,0,0,0
C3010,03,14,0000,District - Bathinda  14,Rural,12,21193,11464,9729,16756,9223,7533,16756,9223,7533,0,0,0,0,0,0,0,0,0,0,0,0
C3010,03,14,0000,District - Bathinda  14,Rural,13,16922,8773,8149,12960,6894,6066,12960,6894,6066,0,0,0,0,0,0,0,0,0,0,0,0
C3010,03,14,0000,District - Bathinda  14,Rural,14,17559,9249,8310,12183,6678,5505,12183,6678,5505,0,0,0,0,0,0,0,0,0,0,0,0
C3010,03,14,0000,District - Bathinda  14,Rural,15-19,84274,45740,38534,33756,19640,14116,30861,18131,12730,2267,1181,1086,181,114,67,396,187,209,51,27,24
C3010,03,14,0000,District - Bathinda  14,Rural,20-24,79602,42257,37345,6007,3652,2355,2344,1479,865,3041,1812,1229,187,138,49,282,155,127,153,68,85
C3010,03,14,0000,District - Bathinda  14,Rural,25-29,65462,34015,31447,541,304,237,0,0,0,186,133,53,61,39,22,106,71,35,188,61,127
C3010,03,14,0000,District - Bathinda  14,Rural,30-34,61930,31600,30330,268,122,146,0,0,0,48,29,19,30,13,17,21,16,5,169,64,105
C3010,03,14,0000,District - Bathinda  14,Rural,35-59,194629,104593,90036,489,237,252,0,0,0,66,47,19,73,36,37,35,20,15,315,134,181
C3010,03,14,0000,District - Bathinda  14,Rural,60+,79732,40424,39308,154,90,64,0,0,0,20,14,6,51,21,30,22,15,7,61,40,21
C3010,03,14,0000,District - Bathinda  14,Rural,Age not stated,5748,3144,2604,36,14,22,0,0,0,19,7,12,6,2,4,3,2,1,8,3,5
C3010,03,14,0000,District - Bathinda  14,Urban,All ages,351754,188691,163063,94504,52008,42496,81886,45423,36463,9883,4771,5112,1525,1154,371,1085,598,487,125,62,63
C3010,03,14,0000,District - Bathinda  14,Urban,0-4,27833,15850,11983,1666,976,690,1666,976,690,0,0,0,0,0,0,0,0,0,0,0,0
C3010,03,14,0000,District - Bathinda  14,Urban,5,7246,4140,3106,2353,1367,986,2353,1367,986,0,0,0,0,0,0,0,0,0,0,0,0
C3010,03,14,0000,District - Bathinda  14,Urban,6,6808,3782,3026,3294,1886,1408,3294,1886,1408,0,0,0,0,0,0,0,0,0,0,0,0
C3010,03,14,0000,District - Bathinda  14,Urban,7,6909,3810,3099,5511,3085,2426,5511,3085,2426,0,0,0,0,0,0,0,0,0,0,0,0
C3010,03,14,0000,District - Bathinda  14,Urban,8,8280,4631,3649,7042,4003,3039,7042,4003,3039,0,0,0,0,0,0,0,0,0,0,0,0
C3010,03,14,0000,District - Bathinda  14,Urban,9,6528,3643,2885,5837,3290,2547,5837,3290,2547,0,0,0,0,0,0,0,0,0,0,0,0
C3010,03,14,0000,District - Bathinda  14,Urban,10,9637,5472,4165,8275,4759,3516,8275,4759,3516,0,0,0,0,0,0,0,0,0,0,0,0
C3010,03,14,0000,District - Bathinda  14,Urban,11,6916,3841,3075,6186,3461,2725,6186,3461,2725,0,0,0,0,0,0,0,0,0,0,0,0
C3010,03,14,0000,District - Bathinda  14,Urban,12,9177,5070,4107,7872,4382,3490,7872,4382,3490,0,0,0,0,0,0,0,0,0,0,0,0
C3010,03,14,0000,District - Bathinda  14,Urban,13,7328,3837,3491,6274,3281,2993,6274,3281,2993,0,0,0,0,0,0,0,0,0,0,0,0
C3010,03,14,0000,District - Bathinda  14,Urban,14,7754,4261,3493,6412,3516,2896,6412,3516,2896,0,0,0,0,0,0,0,0,0,0,0,0
C3010,03,14,0000,District - Bathinda  14,Urban,15-19,39834,21638,18196,24937,13139,11798,19802,10593,9209,4032,1818,2214,663,507,156,432,216,216,8,5,3
C3010,03,14,0000,District - Bathinda  14,Urban,20-24,35865,19272,16593,7886,4286,3600,1362,824,538,5397,2684,2713,655,522,133,448,239,209,24,17,7
C3010,03,14,0000,District - Bathinda  14,Urban,25-29,27700,14393,13307,475,304,171,0,0,0,223,140,83,100,68,32,131,88,43,21,8,13
C3010,03,14,0000,District - Bathinda  14,Urban,30-34,25275,12630,12645,135,85,50,0,0,0,53,32,21,32,17,15,35,29,6,15,7,8
C3010,03,14,0000,District - Bathinda  14,Urban,35-59,92117,49197,42920,195,111,84,0,0,0,81,43,38,43,29,14,26,21,5,45,18,27
C3010,03,14,0000,District - Bathinda  14,Urban,60+,23320,11520,11800,83,44,39,0,0,0,47,28,19,18,7,11,6,2,4,12,7,5
C3010,03,14,0000,District - Bathinda  14,Urban,Age not stated,3227,1704,1523,71,33,38,0,0,0,50,26,24,14,4,10,7,3,4,0,0,0
C3010,03,15,0000,District - Mansa *  15,Total,All ages,688758,366446,322312,147799,82888,64911,141076,79178,61898,5003,2791,2212,723,424,299,873,424,449,124,71,53
C3010,03,15,0000,District - Mansa *  15,Total,0-4,64292,36242,28050,1656,983,673,1656,983,673,0,0,0,0,0,0,0,0,0,0,0,0
C3010,03,15,0000,District - Mansa *  15,Total,5,16258,9274,6984,3397,2054,1343,3397,2054,1343,0,0,0,0,0,0,0,0,0,0,0,0
C3010,03,15,0000,District - Mansa *  15,Total,6,15539,8407,7132,6522,3663,2859,6522,3663,2859,0,0,0,0,0,0,0,0,0,0,0,0
C3010,03,15,0000,District - Mansa *  15,Total,7,16022,8714,7308,11419,6356,5063,11419,6356,5063,0,0,0,0,0,0,0,0,0,0,0,0
C3010,03,15,0000,District - Mansa *  15,Total,8,18540,10024,8516,14474,7995,6479,14474,7995,6479,0,0,0,0,0,0,0,0,0,0,0,0
C3010,03,15,0000,District - Mansa *  15,Total,9,14845,8089,6756,12559,6972,5587,12559,6972,5587,0,0,0,0,0,0,0,0,0,0,0,0
C3010,03,15,0000,District - Mansa *  15,Total,10,20614,11196,9418,16817,9293,7524,16817,9293,7524,0,0,0,0,0,0,0,0,0,0,0,0
C3010,03,15,0000,District - Mansa *  15,Total,11,14048,7559,6489,11903,6491,5412,11903,6491,5412,0,0,0,0,0,0,0,0,0,0,0,0
C3010,03,15,0000,District - Mansa *  15,Total,12,18482,10055,8427,14605,8068,6537,14605,8068,6537,0,0,0,0,0,0,0,0,0,0,0,0
C3010,03,15,0000,District - Mansa *  15,Total,13,14368,7448,6920,10947,5823,5124,10947,5823,5124,0,0,0,0,0,0,0,0,0,0,0,0
C3010,03,15,0000,District - Mansa *  15,Total,14,14757,7705,7052,10203,5556,4647,10203,5556,4647,0,0,0,0,0,0,0,0,0,0,0,0
C3010,03,15,0000,District - Mansa *  15,Total,15-19,69091,37433,31658,27765,16231,11534,24933,14788,10145,2168,1117,1051,252,150,102,405,175,230,7,1,6
C3010,03,15,0000,District - Mansa *  15,Total,20-24,64083,33881,30202,4849,2956,1893,1641,1136,505,2633,1527,1106,250,145,105,311,142,169,14,6,8
C3010,03,15,0000,District - Mansa *  15,Total,25-29,53697,27740,25957,329,226,103,0,0,0,121,89,32,84,57,27,105,67,38,19,13,6
C3010,03,15,0000,District - Mansa *  15,Total,30-34,50332,25375,24957,93,64,29,0,0,0,23,17,6,33,16,17,21,18,3,16,13,3
C3010,03,15,0000,District - Mansa *  15,Total,35-59,156156,83135,73021,165,105,60,0,0,0,29,23,6,68,39,29,22,17,5,46,26,20
C3010,03,15,0000,District - Mansa *  15,Total,60+,64060,32210,31850,77,39,38,0,0,0,18,10,8,34,15,19,6,4,2,19,10,9
C3010,03,15,0000,District - Mansa *  15,Total,Age not stated,3574,1959,1615,19,13,6,0,0,0,11,8,3,2,2,0,3,1,2,3,2,1
C3010,03,15,0000,District - Mansa *  15,Rural,All ages,546329,290763,255566,111245,63006,48239,107917,60933,46984,2339,1527,812,393,230,163,488,253,235,108,63,45
C3010,03,15,0000,District - Mansa *  15,Rural,0-4,51411,28923,22488,984,579,405,984,579,405,0,0,0,0,0,0,0,0,0,0,0,0
C3010,03,15,0000,District - Mansa *  15,Rural,5,13115,7511,5604,2455,1527,928,2455,1527,928,0,0,0,0,0,0,0,0,0,0,0,0
C3010,03,15,0000,District - Mansa *  15,Rural,6,12465,6747,5718,5058,2865,2193,5058,2865,2193,0,0,0,0,0,0,0,0,0,0,0,0
C3010,03,15,0000,District - Mansa *  15,Rural,7,12786,6925,5861,8852,4913,3939,8852,4913,3939,0,0,0,0,0,0,0,0,0,0,0,0
C3010,03,15,0000,District - Mansa *  15,Rural,8,14733,7899,6834,11314,6201,5113,11314,6201,5113,0,0,0,0,0,0,0,0,0,0,0,0
C3010,03,15,0000,District - Mansa *  15,Rural,9,11917,6439,5478,9963,5484,4479,9963,5484,4479,0,0,0,0,0,0,0,0,0,0,0,0
C3010,03,15,0000,District - Mansa *  15,Rural,10,16425,8877,7548,13254,7306,5948,13254,7306,5948,0,0,0,0,0,0,0,0,0,0,0,0
C3010,03,15,0000,District - Mansa *  15,Rural,11,11137,5948,5189,9323,5061,4262,9323,5061,4262,0,0,0,0,0,0,0,0,0,0,0,0
C3010,03,15,0000,District - Mansa *  15,Rural,12,14572,7872,6700,11333,6241,5092,11333,6241,5092,0,0,0,0,0,0,0,0,0,0,0,0
C3010,03,15,0000,District - Mansa *  15,Rural,13,11280,5839,5441,8359,4469,3890,8359,4469,3890,0,0,0,0,0,0,0,0,0,0,0,0
C3010,03,15,0000,District - Mansa *  15,Rural,14,11646,6004,5642,7703,4195,3508,7703,4195,3508,0,0,0,0,0,0,0,0,0,0,0,0
C3010,03,15,0000,District - Mansa *  15,Rural,15-19,54318,29465,24853,19343,11943,7400,18019,11168,6851,981,614,367,110,61,49,228,100,128,5,0,5
C3010,03,15,0000,District - Mansa *  15,Rural,20-24,50515,26831,23684,2862,1917,945,1300,924,376,1238,814,424,134,80,54,178,93,85,12,6,6
C3010,03,15,0000,District - Mansa *  15,Rural,25-29,42329,21994,20335,195,148,47,0,0,0,77,62,15,46,36,10,57,40,17,15,10,5
C3010,03,15,0000,District - Mansa *  15,Rural,30-34,39638,20027,19611,58,41,17,0,0,0,12,10,2,23,11,12,8,7,1,15,13,2
C3010,03,15,0000,District - Mansa *  15,Rural,35-59,121573,64858,56715,122,82,40,0,0,0,19,18,1,52,31,21,11,10,1,40,23,17
C3010,03,15,0000,District - Mansa *  15,Rural,60+,53597,27028,26569,55,25,30,0,0,0,6,4,2,26,9,17,5,3,2,18,9,9
C3010,03,15,0000,District - Mansa *  15,Rural,Age not stated,2872,1576,1296,12,9,3,0,0,0,6,5,1,2,2,0,1,0,1,3,2,1
C3010,03,15,0000,District - Mansa *  15,Urban,All ages,142429,75683,66746,36554,19882,16672,33159,18245,14914,2664,1264,1400,330,194,136,385,171,214,16,8,8
C3010,03,15,0000,District - Mansa *  15,Urban,0-4,12881,7319,5562,672,404,268,672,404,268,0,0,0,0,0,0,0,0,0,0,0,0
C3010,03,15,0000,District - Mansa *  15,Urban,5,3143,1763,1380,942,527,415,942,527,415,0,0,0,0,0,0,0,0,0,0,0,0
C3010,03,15,0000,District - Mansa *  15,Urban,6,3074,1660,1414,1464,798,666,1464,798,666,0,0,0,0,0,0,0,0,0,0,0,0
C3010,03,15,0000,District - Mansa *  15,Urban,7,3236,1789,1447,2567,1443,1124,2567,1443,1124,0,0,0,0,0,0,0,0,0,0,0,0
C3010,03,15,0000,District - Mansa *  15,Urban,8,3807,2125,1682,3160,1794,1366,3160,1794,1366,0,0,0,0,0,0,0,0,0,0,0,0
C3010,03,15,0000,District - Mansa *  15,Urban,9,2928,1650,1278,2596,1488,1108,2596,1488,1108,0,0,0,0,0,0,0,0,0,0,0,0
C3010,03,15,0000,District - Mansa *  15,Urban,10,4189,2319,1870,3563,1987,1576,3563,1987,1576,0,0,0,0,0,0,0,0,0,0,0,0
C3010,03,15,0000,District - Mansa *  15,Urban,11,2911,1611,1300,2580,1430,1150,2580,1430,1150,0,0,0,0,0,0,0,0,0,0,0,0
C3010,03,15,0000,District - Mansa *  15,Urban,12,3910,2183,1727,3272,1827,1445,3272,1827,1445,0,0,0,0,0,0,0,0,0,0,0,0
C3010,03,15,0000,District - Mansa *  15,Urban,13,3088,1609,1479,2588,1354,1234,2588,1354,1234,0,0,0,0,0,0,0,0,0,0,0,0
C3010,03,15,0000,District - Mansa *  15,Urban,14,3111,1701,1410,2500,1361,1139,2500,1361,1139,0,0,0,0,0,0,0,0,0,0,0,0
C3010,03,15,0000,District - Mansa *  15,Urban,15-19,14773,7968,6805,8422,4288,4134,6914,3620,3294,1187,503,684,142,89,53,177,75,102,2,1,1
C3010,03,15,0000,District - Mansa *  15,Urban,20-24,13568,7050,6518,1987,1039,948,341,212,129,1395,713,682,116,65,51,133,49,84,2,0,2
C3010,03,15,0000,District - Mansa *  15,Urban,25-29,11368,5746,5622,134,78,56,0,0,0,44,27,17,38,21,17,48,27,21,4,3,1
C3010,03,15,0000,District - Mansa *  15,Urban,30-34,10694,5348,5346,35,23,12,0,0,0,11,7,4,10,5,5,13,11,2,1,0,1
C3010,03,15,0000,District - Mansa *  15,Urban,35-59,34583,18277,16306,43,23,20,0,0,0,10,5,5,16,8,8,11,7,4,6,3,3
C3010,03,15,0000,District - Mansa *  15,Urban,60+,10463,5182,5281,22,14,8,0,0,0,12,6,6,8,6,2,1,1,0,1,1,0
C3010,03,15,0000,District - Mansa *  15,Urban,Age not stated,702,383,319,7,4,3,0,0,0,5,3,2,0,0,0,2,1,1,0,0,0
C3010,03,16,0000,District - Sangrur  16,Total,All ages,2000173,1069289,930884,456725,255003,201722,429977,240459,189518,21150,11374,9776,2958,1843,1115,2196,1100,1096,444,227,217
C3010,03,16,0000,District - Sangrur  16,Total,0-4,177331,99739,77592,5641,3239,2402,5641,3239,2402,0,0,0,0,0,0,0,0,0,0,0,0
C3010,03,16,0000,District - Sangrur  16,Total,5,44612,25169,19443,9892,5775,4117,9892,5775,4117,0,0,0,0,0,0,0,0,0,0,0,0
C3010,03,16,0000,District - Sangrur  16,Total,6,42050,22926,19124,18745,10527,8218,18745,10527,8218,0,0,0,0,0,0,0,0,0,0,0,0
C3010,03,16,0000,District - Sangrur  16,Total,7,42929,23648,19281,33292,18750,14542,33292,18750,14542,0,0,0,0,0,0,0,0,0,0,0,0
C3010,03,16,0000,District - Sangrur  16,Total,8,51459,28247,23212,42879,23968,18911,42879,23968,18911,0,0,0,0,0,0,0,0,0,0,0,0
C3010,03,16,0000,District - Sangrur  16,Total,9,41926,23002,18924,37148,20619,16529,37148,20619,16529,0,0,0,0,0,0,0,0,0,0,0,0
C3010,03,16,0000,District - Sangrur  16,Total,10,57080,31438,25642,48791,27268,21523,48791,27268,21523,0,0,0,0,0,0,0,0,0,0,0,0
C3010,03,16,0000,District - Sangrur  16,Total,11,39799,21593,18206,35225,19397,15828,35225,19397,15828,0,0,0,0,0,0,0,0,0,0,0,0
C3010,03,16,0000,District - Sangrur  16,Total,12,52620,28247,24373,43823,23912,19911,43823,23912,19911,0,0,0,0,0,0,0,0,0,0,0,0
C3010,03,16,0000,District - Sangrur  16,Total,13,41839,21849,19990,34146,18143,16003,34146,18143,16003,0,0,0,0,0,0,0,0,0,0,0,0
C3010,03,16,0000,District - Sangrur  16,Total,14,43805,23282,20523,32705,17928,14777,32705,17928,14777,0,0,0,0,0,0,0,0,0,0,0,0
C3010,03,16,0000,District - Sangrur  16,Total,15-19,207514,113538,93976,93884,53332,40552,82661,47680,34981,9008,4443,4565,1184,715,469,1000,474,526,31,20,11
C3010,03,16,0000,District - Sangrur  16,Total,20-24,187592,100351,87241,18077,10679,7398,5029,3253,1776,11131,6273,4858,1068,734,334,789,383,406,60,36,24
C3010,03,16,0000,District - Sangrur  16,Total,25-29,152366,79753,72613,1112,693,419,0,0,0,548,346,202,265,174,91,253,156,97,46,17,29
C3010,03,16,0000,District - Sangrur  16,Total,30-34,142583,70702,71881,282,153,129,0,0,0,106,72,34,79,34,45,59,30,29,38,17,21
C3010,03,16,0000,District - Sangrur  16,Total,35-59,483026,256176,226850,709,404,305,0,0,0,218,156,62,242,123,119,54,35,19,195,90,105
C3010,03,16,0000,District - Sangrur  16,Total,60+,186812,96975,89837,334,194,140,0,0,0,117,72,45,109,56,53,39,21,18,69,45,24
C3010,03,16,0000,District - Sangrur  16,Total,Age not stated,4830,2654,2176,40,22,18,0,0,0,22,12,10,11,7,4,2,1,1,5,2,3
C3010,03,16,0000,District - Sangrur  16,Rural,All ages,1415354,756598,658756,309674,174841,134833,298285,168209,130076,8693,5094,3599,1232,783,449,1114,577,537,350,178,172
C3010,03,16,0000,District - Sangrur  16,Rural,0-4,126580,71527,55053,3021,1778,1243,3021,1778,1243,0,0,0,0,0,0,0,0,0,0,0,0
C3010,03,16,0000,District - Sangrur  16,Rural,5,31879,17999,13880,6037,3525,2512,6037,3525,2512,0,0,0,0,0,0,0,0,0,0,0,0
C3010,03,16,0000,District - Sangrur  16,Rural,6,30182,16517,13665,12876,7252,5624,12876,7252,5624,0,0,0,0,0,0,0,0,0,0,0,0
C3010,03,16,0000,District - Sangrur  16,Rural,7,30615,16840,13775,23483,13229,10254,23483,13229,10254,0,0,0,0,0,0,0,0,0,0,0,0
C3010,03,16,0000,District - Sangrur  16,Rural,8,36420,19931,16489,30513,17017,13496,30513,17017,13496,0,0,0,0,0,0,0,0,0,0,0,0
C3010,03,16,0000,District - Sangrur  16,Rural,9,30594,16738,13856,27218,15089,12129,27218,15089,12129,0,0,0,0,0,0,0,0,0,0,0,0
C3010,03,16,0000,District - Sangrur  16,Rural,10,40131,22048,18083,34608,19312,15296,34608,19312,15296,0,0,0,0,0,0,0,0,0,0,0,0
C3010,03,16,0000,District - Sangrur  16,Rural,11,28582,15413,13169,25403,13936,11467,25403,13936,11467,0,0,0,0,0,0,0,0,0,0,0,0
C3010,03,16,0000,District - Sangrur  16,Rural,12,36729,19714,17015,30694,16832,13862,30694,16832,13862,0,0,0,0,0,0,0,0,0,0,0,0
C3010,03,16,0000,District - Sangrur  16,Rural,13,29509,15372,14137,24035,12848,11187,24035,12848,11187,0,0,0,0,0,0,0,0,0,0,0,0
C3010,03,16,0000,District - Sangrur  16,Rural,14,30593,16209,14384,22511,12478,10033,22511,12478,10033,0,0,0,0,0,0,0,0,0,0,0,0
C3010,03,16,0000,District - Sangrur  16,Rural,15-19,143565,78635,64930,59177,35216,23961,54558,32711,21847,3708,2009,1699,367,237,130,528,251,277,16,8,8
C3010,03,16,0000,District - Sangrur  16,Rural,20-24,129518,68947,60571,8743,5531,3212,3328,2202,1126,4572,2798,1774,428,304,124,372,198,174,43,29,14
C3010,03,16,0000,District - Sangrur  16,Rural,25-29,106229,55425,50804,541,348,193,0,0,0,246,165,81,129,87,42,128,80,48,38,16,22
C3010,03,16,0000,District - Sangrur  16,Rural,30-34,100197,49476,50721,138,75,63,0,0,0,36,27,9,49,21,28,26,15,11,27,12,15
C3010,03,16,0000,District - Sangrur  16,Rural,35-59,339204,179898,159306,458,252,206,0,0,0,78,62,16,182,96,86,33,20,13,165,74,91
C3010,03,16,0000,District - Sangrur  16,Rural,60+,143227,75006,68221,213,120,93,0,0,0,52,33,19,75,36,39,27,13,14,59,38,21
C3010,03,16,0000,District - Sangrur  16,Rural,Age not stated,1600,903,697,5,3,2,0,0,0,1,0,1,2,2,0,0,0,0,2,1,1
C3010,03,16,0000,District - Sangrur  16,Urban,All ages,584819,312691,272128,147051,80162,66889,131692,72250,59442,12457,6280,6177,1726,1060,666,1082,523,559,94,49,45
C3010,03,16,0000,District - Sangrur  16,Urban,0-4,50751,28212,22539,2620,1461,1159,2620,1461,1159,0,0,0,0,0,0,0,0,0,0,0,0
C3010,03,16,0000,District - Sangrur  16,Urban,5,12733,7170,5563,3855,2250,1605,3855,2250,1605,0,0,0,0,0,0,0,0,0,0,0,0
C3010,03,16,0000,District - Sangrur  16,Urban,6,11868,6409,5459,5869,3275,2594,5869,3275,2594,0,0,0,0,0,0,0,0,0,0,0,0
C3010,03,16,0000,District - Sangrur  16,Urban,7,12314,6808,5506,9809,5521,4288,9809,5521,4288,0,0,0,0,0,0,0,0,0,0,0,0
C3010,03,16,0000,District - Sangrur  16,Urban,8,15039,8316,6723,12366,6951,5415,12366,6951,5415,0,0,0,0,0,0,0,0,0,0,0,0
C3010,03,16,0000,District - Sangrur  16,Urban,9,11332,6264,5068,9930,5530,4400,9930,5530,4400,0,0,0,0,0,0,0,0,0,0,0,0
C3010,03,16,0000,District - Sangrur  16,Urban,10,16949,9390,7559,14183,7956,6227,14183,7956,6227,0,0,0,0,0,0,0,0,0,0,0,0
C3010,03,16,0000,District - Sangrur  16,Urban,11,11217,6180,5037,9822,5461,4361,9822,5461,4361,0,0,0,0,0,0,0,0,0,0,0,0
C3010,03,16,0000,District - Sangrur  16,Urban,12,15891,8533,7358,13129,7080,6049,13129,7080,6049,0,0,0,0,0,0,0,0,0,0,0,0
C3010,03,16,0000,District - Sangrur  16,Urban,13,12330,6477,5853,10111,5295,4816,10111,5295,4816,0,0,0,0,0,0,0,0,0,0,0,0
C3010,03,16,0000,District - Sangrur  16,Urban,14,13212,7073,6139,10194,5450,4744,10194,5450,4744,0,0,0,0,0,0,0,0,0,0,0,0
C3010,03,16,0000,District - Sangrur  16,Urban,15-19,63949,34903,29046,34707,18116,16591,28103,14969,13134,5300,2434,2866,817,478,339,472,223,249,15,12,3
C3010,03,16,0000,District - Sangrur  16,Urban,20-24,58074,31404,26670,9334,5148,4186,1701,1051,650,6559,3475,3084,640,430,210,417,185,232,17,7,10
C3010,03,16,0000,District - Sangrur  16,Urban,25-29,46137,24328,21809,571,345,226,0,0,0,302,181,121,136,87,49,125,76,49,8,1,7
C3010,03,16,0000,District - Sangrur  16,Urban,30-34,42386,21226,21160,144,78,66,0,0,0,70,45,25,30,13,17,33,15,18,11,5,6
C3010,03,16,0000,District - Sangrur  16,Urban,35-59,143822,76278,67544,251,152,99,0,0,0,140,94,46,60,27,33,21,15,6,30,16,14
C3010,03,16,0000,District - Sangrur  16,Urban,60+,43585,21969,21616,121,74,47,0,0,0,65,39,26,34,20,14,12,8,4,10,7,3
C3010,03,16,0000,District - Sangrur  16,Urban,Age not stated,3230,1751,1479,35,19,16,0,0,0,21,12,9,9,5,4,2,1,1,3,1,2
C3010,03,17,0000,District - Patiala  17,Total,All ages,1844934,987390,857544,460081,257193,202888,424282,237971,186311,27722,14505,13217,4809,2971,1838,2592,1461,1131,676,285,391
C3010,03,17,0000,District - Patiala  17,Total,0-4,161891,91367,70524,7003,4026,2977,7003,4026,2977,0,0,0,0,0,0,0,0,0,0,0,0
C3010,03,17,0000,District - Patiala  17,Total,5,40256,22966,17290,11259,6611,4648,11259,6611,4648,0,0,0,0,0,0,0,0,0,0,0,0
C3010,03,17,0000,District - Patiala  17,Total,6,37883,20767,17116,19841,11106,8735,19841,11106,8735,0,0,0,0,0,0,0,0,0,0,0,0
C3010,03,17,0000,District - Patiala  17,Total,7,38297,21072,17225,32646,18235,14411,32646,18235,14411,0,0,0,0,0,0,0,0,0,0,0,0
C3010,03,17,0000,District - Patiala  17,Total,8,45959,25418,20541,40532,22665,17867,40532,22665,17867,0,0,0,0,0,0,0,0,0,0,0,0
C3010,03,17,0000,District - Patiala  17,Total,9,37760,20835,16925,34872,19469,15403,34872,19469,15403,0,0,0,0,0,0,0,0,0,0,0,0
C3010,03,17,0000,District - Patiala  17,Total,10,51850,28785,23065,46370,26047,20323,46370,26047,20323,0,0,0,0,0,0,0,0,0,0,0,0
C3010,03,17,0000,District - Patiala  17,Total,11,35509,19487,16022,32714,18136,14578,32714,18136,14578,0,0,0,0,0,0,0,0,0,0,0,0
C3010,03,17,0000,District - Patiala  17,Total,12,48180,26197,21983,42116,23218,18898,42116,23218,18898,0,0,0,0,0,0,0,0,0,0,0,0
C3010,03,17,0000,District - Patiala  17,Total,13,38471,20097,18374,33189,17685,15504,33189,17685,15504,0,0,0,0,0,0,0,0,0,0,0,0
C3010,03,17,0000,District - Patiala  17,Total,14,40539,21569,18970,32157,17662,14495,32157,17662,14495,0,0,0,0,0,0,0,0,0,0,0,0
C3010,03,17,0000,District - Patiala  17,Total,15-19,198078,107557,90521,99990,56642,43348,86330,49690,36640,10640,5284,5356,1891,1110,781,1091,535,556,38,23,15
C3010,03,17,0000,District - Patiala  17,Total,20-24,181317,96665,84652,23948,13667,10281,5253,3421,1832,15678,8330,7348,2034,1376,658,899,502,397,84,38,46
C3010,03,17,0000,District - Patiala  17,Total,25-29,152210,79371,72839,1750,1071,679,0,0,0,839,530,309,464,270,194,336,229,107,111,42,69
C3010,03,17,0000,District - Patiala  17,Total,30-34,137026,68361,68665,510,289,221,0,0,0,172,106,66,107,50,57,108,85,23,123,48,75
C3010,03,17,0000,District - Patiala  17,Total,35-59,440921,235279,205642,857,485,372,0,0,0,264,169,95,207,118,89,123,93,30,263,105,158
C3010,03,17,0000,District - Patiala  17,Total,60+,154073,78854,75219,294,159,135,0,0,0,110,70,40,99,44,55,29,16,13,56,29,27
C3010,03,17,0000,District - Patiala  17,Total,Age not stated,4714,2743,1971,33,20,13,0,0,0,19,16,3,7,3,4,6,1,5,1,0,1
C3010,03,17,0000,District - Patiala  17,Rural,All ages,1200224,642633,557591,280180,159372,120808,270917,153733,117184,6781,4220,2561,1019,690,329,900,511,389,563,218,345
C3010,03,17,0000,District - Patiala  17,Rural,0-4,112012,63635,48377,2838,1659,1179,2838,1659,1179,0,0,0,0,0,0,0,0,0,0,0,0
C3010,03,17,0000,District - Patiala  17,Rural,5,27898,15986,11912,6073,3606,2467,6073,3606,2467,0,0,0,0,0,0,0,0,0,0,0,0
C3010,03,17,0000,District - Patiala  17,Rural,6,26217,14289,11928,12905,7202,5703,12905,7202,5703,0,0,0,0,0,0,0,0,0,0,0,0
C3010,03,17,0000,District - Patiala  17,Rural,7,26000,14389,11611,21891,12328,9563,21891,12328,9563,0,0,0,0,0,0,0,0,0,0,0,0
C3010,03,17,0000,District - Patiala  17,Rural,8,31273,17262,14011,27406,15292,12114,27406,15292,12114,0,0,0,0,0,0,0,0,0,0,0,0
C3010,03,17,0000,District - Patiala  17,Rural,9,26110,14325,11785,24097,13394,10703,24097,13394,10703,0,0,0,0,0,0,0,0,0,0,0,0
C3010,03,17,0000,District - Patiala  17,Rural,10,34601,19059,15542,30838,17207,13631,30838,17207,13631,0,0,0,0,0,0,0,0,0,0,0,0
C3010,03,17,0000,District - Patiala  17,Rural,11,23790,13028,10762,21805,12111,9694,21805,12111,9694,0,0,0,0,0,0,0,0,0,0,0,0
C3010,03,17,0000,District - Patiala  17,Rural,12,32093,17363,14730,27764,15342,12422,27764,15342,12422,0,0,0,0,0,0,0,0,0,0,0,0
C3010,03,17,0000,District - Patiala  17,Rural,13,25517,13252,12265,21534,11551,9983,21534,11551,9983,0,0,0,0,0,0,0,0,0,0,0,0
C3010,03,17,0000,District - Patiala  17,Rural,14,26985,14300,12685,20444,11407,9037,20444,11407,9037,0,0,0,0,0,0,0,0,0,0,0,0
C3010,03,17,0000,District - Patiala  17,Rural,15-19,129561,70457,59104,54141,32821,21320,50336,30610,19726,2934,1697,1237,377,263,114,470,235,235,24,16,8
C3010,03,17,0000,District - Patiala  17,Rural,20-24,115201,61776,53425,7279,4837,2442,2986,2024,962,3574,2320,1254,350,278,72,312,192,120,57,23,34
C3010,03,17,0000,District - Patiala  17,Rural,25-29,96499,50338,46161,405,252,153,0,0,0,155,117,38,88,51,37,70,53,17,92,31,61
C3010,03,17,0000,District - Patiala  17,Rural,30-34,87656,43239,44417,192,87,105,0,0,0,38,26,12,32,13,19,14,12,2,108,36,72
C3010,03,17,0000,District - Patiala  17,Rural,35-59,270462,143821,126641,422,203,219,0,0,0,54,44,10,109,56,53,22,14,8,237,89,148
C3010,03,17,0000,District - Patiala  17,Rural,60+,105414,54395,51019,136,66,70,0,0,0,21,11,10,60,27,33,10,5,5,45,23,22
C3010,03,17,0000,District - Patiala  17,Rural,Age not stated,2935,1719,1216,10,7,3,0,0,0,5,5,0,3,2,1,2,0,2,0,0,0
C3010,03,17,0000,District - Patiala  17,Urban,All ages,644710,344757,299953,179901,97821,82080,153365,84238,69127,20941,10285,10656,3790,2281,1509,1692,950,742,113,67,46
C3010,03,17,0000,District - Patiala  17,Urban,0-4,49879,27732,22147,4165,2367,1798,4165,2367,1798,0,0,0,0,0,0,0,0,0,0,0,0
C3010,03,17,0000,District - Patiala  17,Urban,5,12358,6980,5378,5186,3005,2181,5186,3005,2181,0,0,0,0,0,0,0,0,0,0,0,0
C3010,03,17,0000,District - Patiala  17,Urban,6,11666,6478,5188,6936,3904,3032,6936,3904,3032,0,0,0,0,0,0,0,0,0,0,0,0
C3010,03,17,0000,District - Patiala  17,Urban,7,12297,6683,5614,10755,5907,4848,10755,5907,4848,0,0,0,0,0,0,0,0,0,0,0,0
C3010,03,17,0000,District - Patiala  17,Urban,8,14686,8156,6530,13126,7373,5753,13126,7373,5753,0,0,0,0,0,0,0,0,0,0,0,0
C3010,03,17,0000,District - Patiala  17,Urban,9,11650,6510,5140,10775,6075,4700,10775,6075,4700,0,0,0,0,0,0,0,0,0,0,0,0
C3010,03,17,0000,District - Patiala  17,Urban,10,17249,9726,7523,15532,8840,6692,15532,8840,6692,0,0,0,0,0,0,0,0,0,0,0,0
C3010,03,17,0000,District - Patiala  17,Urban,11,11719,6459,5260,10909,6025,4884,10909,6025,4884,0,0,0,0,0,0,0,0,0,0,0,0
C3010,03,17,0000,District - Patiala  17,Urban,12,16087,8834,7253,14352,7876,6476,14352,7876,6476,0,0,0,0,0,0,0,0,0,0,0,0
C3010,03,17,0000,District - Patiala  17,Urban,13,12954,6845,6109,11655,6134,5521,11655,6134,5521,0,0,0,0,0,0,0,0,0,0,0,0
C3010,03,17,0000,District - Patiala  17,Urban,14,13554,7269,6285,11713,6255,5458,11713,6255,5458,0,0,0,0,0,0,0,0,0,0,0,0
C3010,03,17,0000,District - Patiala  17,Urban,15-19,68517,37100,31417,45849,23821,22028,35994,19080,16914,7706,3587,4119,1514,847,667,621,300,321,14,7,7
C3010,03,17,0000,District - Patiala  17,Urban,20-24,66116,34889,31227,16669,8830,7839,2267,1397,870,12104,6010,6094,1684,1098,586,587,310,277,27,15,12
C3010,03,17,0000,District - Patiala  17,Urban,25-29,55711,29033,26678,1345,819,526,0,0,0,684,413,271,376,219,157,266,176,90,19,11,8
C3010,03,17,0000,District - Patiala  17,Urban,30-34,49370,25122,24248,318,202,116,0,0,0,134,80,54,75,37,38,94,73,21,15,12,3
C3010,03,17,0000,District - Patiala  17,Urban,35-59,170459,91458,79001,435,282,153,0,0,0,210,125,85,98,62,36,101,79,22,26,16,10
C3010,03,17,0000,District - Patiala  17,Urban,60+,48659,24459,24200,158,93,65,0,0,0,89,59,30,39,17,22,19,11,8,11,6,5
C3010,03,17,0000,District - Patiala  17,Urban,Age not stated,1779,1024,755,23,13,10,0,0,0,14,11,3,4,1,3,4,1,3,1,0,1
