Table Name,State Code,District Code,Tehsil Code,Area Name,Total/ Rural/ Urban,Age-group,Total population - Persons,Total population - Males,Total population - Females,Population attending educational institutions - Persons,Population attending educational institutions - Males,Population attending educational institutions - Females,Type of educational institution - School - Persons,Type of educational institution - School - Males,Type of educational institution - School - Females,Type of educational institution - College - Persons,Type of educational institution - College - Males,Type of educational institution - College - Females,Type of educational institution - Vocational institute - Persons,Type of educational institution - Vocational institute - Males,Type of educational institution - Vocational institute - Females,Type of educational institution - Other institute - Persons,Type of educational institution - Other institute - Males,Type of educational institution - Other institute - Females,Type of educational institution - Literacy centre - Persons,Type of educational institution - Literacy centre - Males,Type of educational institution - Literacy centre - Females
C3010,08,00,0000,State - RAJASTHAN  08,Total,All ages,56507188,29420011,27087177,13357777,8100791,5256986,12339324,7561948,4777376,508839,360834,148005,37947,27626,10321,33671,20999,12672,437996,129384,308612
C3010,08,00,0000,State - RAJASTHAN  08,Total,0-4,7233220,3781055,3452165,198549,109697,88852,198549,109697,88852,0,0,0,0,0,0,0,0,0,0,0,0
C3010,08,00,0000,State - RAJASTHAN  08,Total,5,1697058,904525,792533,371033,214816,156217,371033,214816,156217,0,0,0,0,0,0,0,0,0,0,0,0
C3010,08,00,0000,State - RAJASTHAN  08,Total,6,1720724,894036,826688,706015,401416,304599,706015,401416,304599,0,0,0,0,0,0,0,0,0,0,0,0
C3010,08,00,0000,State - RAJASTHAN  08,Total,7,1445249,758416,686833,1074856,608496,466360,1074856,608496,466360,0,0,0,0,0,0,0,0,0,0,0,0
C3010,08,00,0000,State - RAJASTHAN  08,Total,8,1993163,1048793,944370,1540300,881605,658695,1540300,881605,658695,0,0,0,0,0,0,0,0,0,0,0,0
C3010,08,00,0000,State - RAJASTHAN  08,Total,9,1211876,636737,575139,997488,568552,428936,997488,568552,428936,0,0,0,0,0,0,0,0,0,0,0,0
C3010,08,00,0000,State - RAJASTHAN  08,Total,10,2019681,1075079,944602,1580191,935432,644759,1580191,935432,644759,0,0,0,0,0,0,0,0,0,0,0,0
C3010,08,00,0000,State - RAJASTHAN  08,Total,11,1024477,551360,473117,838900,499390,339510,838900,499390,339510,0,0,0,0,0,0,0,0,0,0,0,0
C3010,08,00,0000,State - RAJASTHAN  08,Total,12,1730909,928339,802570,1263460,785336,478124,1263460,785336,478124,0,0,0,0,0,0,0,0,0,0,0,0
C3010,08,00,0000,State - RAJASTHAN  08,Total,13,1199638,621324,578314,835731,518120,317611,835731,518120,317611,0,0,0,0,0,0,0,0,0,0,0,0
C3010,08,00,0000,State - RAJASTHAN  08,Total,14,1267236,671316,595920,789447,515815,273632,789447,515815,273632,0,0,0,0,0,0,0,0,0,0,0,0
C3010,08,00,0000,State - RAJASTHAN  08,Total,15-19,5490214,2987604,2502610,2184516,1509355,675161,1960734,1379291,581443,161986,102891,59095,11750,8397,3353,16906,9658,7248,33140,9118,24022
C3010,08,00,0000,State - RAJASTHAN  08,Total,20-24,4749366,2470943,2278423,600697,403699,196998,182620,143982,38638,300520,220555,79965,12916,9829,3087,8520,5896,2624,96121,23437,72684
C3010,08,00,0000,State - RAJASTHAN  08,Total,25-29,4197223,2127889,2069334,149457,62825,86632,0,0,0,33091,27253,5838,6994,5498,1496,4053,2851,1202,105319,27223,78096
C3010,08,00,0000,State - RAJASTHAN  08,Total,30-34,3821151,1917187,1903964,108361,35116,73245,0,0,0,5448,4267,1181,1985,1316,669,1510,905,605,99418,28628,70790
C3010,08,00,0000,State - RAJASTHAN  08,Total,35-59,11608147,6069259,5538888,107561,44870,62691,0,0,0,4957,3825,1132,3156,1977,1179,1941,1232,709,97507,37836,59671
C3010,08,00,0000,State - RAJASTHAN  08,Total,60+,3810272,1828925,1981347,6856,4109,2747,0,0,0,1100,836,264,862,419,443,445,293,152,4449,2561,1888
C3010,08,00,0000,State - RAJASTHAN  08,Total,Age not stated,287584,147224,140360,4359,2142,2217,0,0,0,1737,1207,530,284,190,94,296,164,132,2042,581,1461
C3010,08,00,0000,State - RAJASTHAN  08,Rural,All ages,43292813,22426640,20866173,9752720,6047938,3704782,9079853,5721163,3358690,209088,177818,31270,14737,10822,3915,17870,10739,7131,431172,127396,303776
C3010,08,00,0000,State - RAJASTHAN  08,Rural,0-4,5832760,3040843,2791917,111450,62942,48508,111450,62942,48508,0,0,0,0,0,0,0,0,0,0,0,0
C3010,08,00,0000,State - RAJASTHAN  08,Rural,5,1357920,721524,636396,251215,147995,103220,251215,147995,103220,0,0,0,0,0,0,0,0,0,0,0,0
C3010,08,00,0000,State - RAJASTHAN  08,Rural,6,1396709,723910,672799,544667,314055,230612,544667,314055,230612,0,0,0,0,0,0,0,0,0,0,0,0
C3010,08,00,0000,State - RAJASTHAN  08,Rural,7,1142370,598992,543378,831593,476443,355150,831593,476443,355150,0,0,0,0,0,0,0,0,0,0,0,0
C3010,08,00,0000,State - RAJASTHAN  08,Rural,8,1592286,835672,756614,1210401,700448,509953,1210401,700448,509953,0,0,0,0,0,0,0,0,0,0,0,0
C3010,08,00,0000,State - RAJASTHAN  08,Rural,9,958542,503184,455358,776576,448823,327753,776576,448823,327753,0,0,0,0,0,0,0,0,0,0,0,0
C3010,08,00,0000,State - RAJASTHAN  08,Rural,10,1591240,843856,747384,1220237,733721,486516,1220237,733721,486516,0,0,0,0,0,0,0,0,0,0,0,0
C3010,08,00,0000,State - RAJASTHAN  08,Rural,11,779710,420200,359510,623045,379843,243202,623045,379843,243202,0,0,0,0,0,0,0,0,0,0,0,0
C3010,08,00,0000,State - RAJASTHAN  08,Rural,12,1350367,723565,626802,951012,608754,342258,951012,608754,342258,0,0,0,0,0,0,0,0,0,0,0,0
C3010,08,00,0000,State - RAJASTHAN  08,Rural,13,917598,477231,440367,607561,394339,213222,607561,394339,213222,0,0,0,0,0,0,0,0,0,0,0,0
C3010,08,00,0000,State - RAJASTHAN  08,Rural,14,970122,515362,454760,564728,389072,175656,564728,389072,175656,0,0,0,0,0,0,0,0,0,0,0,0
C3010,08,00,0000,State - RAJASTHAN  08,Rural,15-19,4059578,2209368,1850210,1386697,1038108,348589,1274144,968971,305173,66249,51903,14346,3771,2865,906,9862,5396,4466,32671,8973,23698
C3010,08,00,0000,State - RAJASTHAN  08,Rural,20-24,3471786,1778042,1693744,338906,232339,106567,113224,95757,17467,122349,107054,15295,4788,3856,932,3662,2545,1117,94883,23127,71756
C3010,08,00,0000,State - RAJASTHAN  08,Rural,25-29,3109331,1565375,1543956,123942,44625,79317,0,0,0,15702,14558,1144,2572,2040,532,1667,1145,522,104001,26882,77119
C3010,08,00,0000,State - RAJASTHAN  08,Rural,30-34,2852705,1418537,1434168,102467,31704,70763,0,0,0,2426,2217,209,1060,664,396,861,499,362,98120,28324,69796
C3010,08,00,0000,State - RAJASTHAN  08,Rural,35-59,8656673,4485300,4171373,99768,40191,59577,0,0,0,1309,1212,97,1837,1046,791,1279,822,457,95343,37111,58232
C3010,08,00,0000,State - RAJASTHAN  08,Rural,60+,3024562,1450454,1574108,5375,3187,2188,0,0,0,325,279,46,578,267,311,336,228,108,4136,2413,1723
C3010,08,00,0000,State - RAJASTHAN  08,Rural,Age not stated,228554,115225,113329,3080,1349,1731,0,0,0,728,595,133,131,84,47,203,104,99,2018,566,1452
C3010,08,00,0000,State - RAJASTHAN  08,Urban,All ages,13214375,6993371,6221004,3605057,2052853,1552204,3259471,1840785,1418686,299751,183016,116735,23210,16804,6406,15801,10260,5541,6824,1988,4836
C3010,08,00,0000,State - RAJASTHAN  08,Urban,0-4,1400460,740212,660248,87099,46755,40344,87099,46755,40344,0,0,0,0,0,0,0,0,0,0,0,0
C3010,08,00,0000,State - RAJASTHAN  08,Urban,5,339138,183001,156137,119818,66821,52997,119818,66821,52997,0,0,0,0,0,0,0,0,0,0,0,0
C3010,08,00,0000,State - RAJASTHAN  08,Urban,6,324015,170126,153889,161348,87361,73987,161348,87361,73987,0,0,0,0,0,0,0,0,0,0,0,0
C3010,08,00,0000,State - RAJASTHAN  08,Urban,7,302879,159424,143455,243263,132053,111210,243263,132053,111210,0,0,0,0,0,0,0,0,0,0,0,0
C3010,08,00,0000,State - RAJASTHAN  08,Urban,8,400877,213121,187756,329899,181157,148742,329899,181157,148742,0,0,0,0,0,0,0,0,0,0,0,0
C3010,08,00,0000,State - RAJASTHAN  08,Urban,9,253334,133553,119781,220912,119729,101183,220912,119729,101183,0,0,0,0,0,0,0,0,0,0,0,0
C3010,08,00,0000,State - RAJASTHAN  08,Urban,10,428441,231223,197218,359954,201711,158243,359954,201711,158243,0,0,0,0,0,0,0,0,0,0,0,0
C3010,08,00,0000,State - RAJASTHAN  08,Urban,11,244767,131160,113607,215855,119547,96308,215855,119547,96308,0,0,0,0,0,0,0,0,0,0,0,0
C3010,08,00,0000,State - RAJASTHAN  08,Urban,12,380542,204774,175768,312448,176582,135866,312448,176582,135866,0,0,0,0,0,0,0,0,0,0,0,0
C3010,08,00,0000,State - RAJASTHAN  08,Urban,13,282040,144093,137947,228170,123781,104389,228170,123781,104389,0,0,0,0,0,0,0,0,0,0,0,0
C3010,08,00,0000,State - RAJASTHAN  08,Urban,14,297114,155954,141160,224719,126743,97976,224719,126743,97976,0,0,0,0,0,0,0,0,0,0,0,0
C3010,08,00,0000,State - RAJASTHAN  08,Urban,15-19,1430636,778236,652400,797819,471247,326572,686590,410320,276270,95737,50988,44749,7979,5532,2447,7044,4262,2782,469,145,324
C3010,08,00,0000,State - RAJASTHAN  08,Urban,20-24,1277580,692901,584679,261791,171360,90431,69396,48225,21171,178171,113501,64670,8128,5973,2155,4858,3351,1507,1238,310,928
C3010,08,00,0000,State - RAJASTHAN  08,Urban,25-29,1087892,562514,525378,25515,18200,7315,0,0,0,17389,12695,4694,4422,3458,964,2386,1706,680,1318,341,977
C3010,08,00,0000,State - RAJASTHAN  08,Urban,30-34,968446,498650,469796,5894,3412,2482,0,0,0,3022,2050,972,925,652,273,649,406,243,1298,304,994
C3010,08,00,0000,State - RAJASTHAN  08,Urban,35-59,2951474,1583959,1367515,7793,4679,3114,0,0,0,3648,2613,1035,1319,931,388,662,410,252,2164,725,1439
C3010,08,00,0000,State - RAJASTHAN  08,Urban,60+,785710,378471,407239,1481,922,559,0,0,0,775,557,218,284,152,132,109,65,44,313,148,165
C3010,08,00,0000,State - RAJASTHAN  08,Urban,Age not stated,59030,31999,27031,1279,793,486,0,0,0,1009,612,397,153,106,47,93,60,33,24,15,9
C3010,08,01,0000,District - Ganganagar  01,Total,All ages,1789423,955378,834045,434404,248724,185680,408141,233908,174233,16709,10693,6016,1007,777,230,1275,766,509,7272,2580,4692
C3010,08,01,0000,District - Ganganagar  01,Total,0-4,201479,109000,92479,10125,5622,4503,10125,5622,4503,0,0,0,0,0,0,0,0,0,0,0,0
C3010,08,01,0000,District - Ganganagar  01,Total,5,48806,26782,22024,17203,9876,7327,17203,9876,7327,0,0,0,0,0,0,0,0,0,0,0,0
C3010,08,01,0000,District - Ganganagar  01,Total,6,47880,25393,22487,25775,14221,11554,25775,14221,11554,0,0,0,0,0,0,0,0,0,0,0,0
C3010,08,01,0000,District - Ganganagar  01,Total,7,43969,23477,20492,36004,19859,16145,36004,19859,16145,0,0,0,0,0,0,0,0,0,0,0,0
C3010,08,01,0000,District - Ganganagar  01,Total,8,56997,30336,26661,48134,26351,21783,48134,26351,21783,0,0,0,0,0,0,0,0,0,0,0,0
C3010,08,01,0000,District - Ganganagar  01,Total,9,37596,19927,17669,33074,17970,15104,33074,17970,15104,0,0,0,0,0,0,0,0,0,0,0,0
C3010,08,01,0000,District - Ganganagar  01,Total,10,59634,31953,27681,50354,27913,22441,50354,27913,22441,0,0,0,0,0,0,0,0,0,0,0,0
C3010,08,01,0000,District - Ganganagar  01,Total,11,33937,18006,15931,29137,16096,13041,29137,16096,13041,0,0,0,0,0,0,0,0,0,0,0,0
C3010,08,01,0000,District - Ganganagar  01,Total,12,52205,27679,24526,40309,22890,17419,40309,22890,17419,0,0,0,0,0,0,0,0,0,0,0,0
C3010,08,01,0000,District - Ganganagar  01,Total,13,39163,19920,19243,27879,15704,12175,27879,15704,12175,0,0,0,0,0,0,0,0,0,0,0,0
C3010,08,01,0000,District - Ganganagar  01,Total,14,42445,22239,20206,26072,15691,10381,26072,15691,10381,0,0,0,0,0,0,0,0,0,0,0,0
C3010,08,01,0000,District - Ganganagar  01,Total,15-19,184570,101704,82866,67291,42525,24766,59522,38305,21217,6313,3439,2874,364,282,82,664,345,319,428,154,274
C3010,08,01,0000,District - Ganganagar  01,Total,20-24,167119,90262,76857,16038,10836,5202,4553,3410,1143,9283,6376,2907,356,282,74,384,254,130,1462,514,948
C3010,08,01,0000,District - Ganganagar  01,Total,25-29,144605,75785,68820,2777,1411,1366,0,0,0,788,636,152,157,121,36,134,100,34,1698,554,1144
C3010,08,01,0000,District - Ganganagar  01,Total,30-34,134779,69712,65067,2035,717,1318,0,0,0,138,97,41,34,22,12,47,34,13,1816,564,1252
C3010,08,01,0000,District - Ganganagar  01,Total,35-59,378248,205251,172997,2037,934,1103,0,0,0,151,112,39,76,58,18,34,23,11,1776,741,1035
C3010,08,01,0000,District - Ganganagar  01,Total,60+,114560,57033,57527,146,99,47,0,0,0,29,27,2,18,10,8,12,10,2,87,52,35
C3010,08,01,0000,District - Ganganagar  01,Total,Age not stated,1431,919,512,14,9,5,0,0,0,7,6,1,2,2,0,0,0,0,5,1,4
C3010,08,01,0000,District - Ganganagar  01,Rural,All ages,1336066,709710,626356,309598,179375,130223,294370,170721,123649,6905,5273,1632,486,395,91,722,450,272,7115,2536,4579
C3010,08,01,0000,District - Ganganagar  01,Rural,0-4,156381,84083,72298,6171,3408,2763,6171,3408,2763,0,0,0,0,0,0,0,0,0,0,0,0
C3010,08,01,0000,District - Ganganagar  01,Rural,5,37442,20450,16992,12126,6895,5231,12126,6895,5231,0,0,0,0,0,0,0,0,0,0,0,0
C3010,08,01,0000,District - Ganganagar  01,Rural,6,37313,19689,17624,19708,10876,8832,19708,10876,8832,0,0,0,0,0,0,0,0,0,0,0,0
C3010,08,01,0000,District - Ganganagar  01,Rural,7,33563,17897,15666,27447,15136,12311,27447,15136,12311,0,0,0,0,0,0,0,0,0,0,0,0
C3010,08,01,0000,District - Ganganagar  01,Rural,8,43880,23178,20702,37099,20205,16894,37099,20205,16894,0,0,0,0,0,0,0,0,0,0,0,0
C3010,08,01,0000,District - Ganganagar  01,Rural,9,28490,15049,13441,25004,13568,11436,25004,13568,11436,0,0,0,0,0,0,0,0,0,0,0,0
C3010,08,01,0000,District - Ganganagar  01,Rural,10,45570,24279,21291,38404,21257,17147,38404,21257,17147,0,0,0,0,0,0,0,0,0,0,0,0
C3010,08,01,0000,District - Ganganagar  01,Rural,11,25474,13376,12098,21567,11895,9672,21567,11895,9672,0,0,0,0,0,0,0,0,0,0,0,0
C3010,08,01,0000,District - Ganganagar  01,Rural,12,39693,20986,18707,30049,17276,12773,30049,17276,12773,0,0,0,0,0,0,0,0,0,0,0,0
C3010,08,01,0000,District - Ganganagar  01,Rural,13,29420,14957,14463,19888,11547,8341,19888,11547,8341,0,0,0,0,0,0,0,0,0,0,0,0
C3010,08,01,0000,District - Ganganagar  01,Rural,14,32152,16728,15424,18180,11353,6827,18180,11353,6827,0,0,0,0,0,0,0,0,0,0,0,0
C3010,08,01,0000,District - Ganganagar  01,Rural,15-19,135143,74413,60730,39454,27246,12208,36077,25192,10885,2365,1534,831,170,143,27,418,224,194,424,153,271
C3010,08,01,0000,District - Ganganagar  01,Rural,20-24,123279,66083,57196,8445,6167,2278,2650,2113,537,4024,3278,746,163,141,22,177,127,50,1431,508,923
C3010,08,01,0000,District - Ganganagar  01,Rural,25-29,106502,55692,50810,2224,1024,1200,0,0,0,403,364,39,77,60,17,69,53,16,1675,547,1128
C3010,08,01,0000,District - Ganganagar  01,Rural,30-34,98791,50644,48147,1885,644,1241,0,0,0,59,50,9,22,15,7,26,21,5,1778,558,1220
C3010,08,01,0000,District - Ganganagar  01,Rural,35-59,272471,146703,125768,1825,799,1026,0,0,0,41,34,7,40,28,12,23,16,7,1721,721,1000
C3010,08,01,0000,District - Ganganagar  01,Rural,60+,89408,44787,44621,113,74,39,0,0,0,10,10,0,13,7,6,9,9,0,81,48,33
C3010,08,01,0000,District - Ganganagar  01,Rural,Age not stated,1094,716,378,9,5,4,0,0,0,3,3,0,1,1,0,0,0,0,5,1,4
C3010,08,01,0000,District - Ganganagar  01,Urban,All ages,453357,245668,207689,124806,69349,55457,113771,63187,50584,9804,5420,4384,521,382,139,553,316,237,157,44,113
C3010,08,01,0000,District - Ganganagar  01,Urban,0-4,45098,24917,20181,3954,2214,1740,3954,2214,1740,0,0,0,0,0,0,0,0,0,0,0,0
C3010,08,01,0000,District - Ganganagar  01,Urban,5,11364,6332,5032,5077,2981,2096,5077,2981,2096,0,0,0,0,0,0,0,0,0,0,0,0
C3010,08,01,0000,District - Ganganagar  01,Urban,6,10567,5704,4863,6067,3345,2722,6067,3345,2722,0,0,0,0,0,0,0,0,0,0,0,0
C3010,08,01,0000,District - Ganganagar  01,Urban,7,10406,5580,4826,8557,4723,3834,8557,4723,3834,0,0,0,0,0,0,0,0,0,0,0,0
C3010,08,01,0000,District - Ganganagar  01,Urban,8,13117,7158,5959,11035,6146,4889,11035,6146,4889,0,0,0,0,0,0,0,0,0,0,0,0
C3010,08,01,0000,District - Ganganagar  01,Urban,9,9106,4878,4228,8070,4402,3668,8070,4402,3668,0,0,0,0,0,0,0,0,0,0,0,0
C3010,08,01,0000,District - Ganganagar  01,Urban,10,14064,7674,6390,11950,6656,5294,11950,6656,5294,0,0,0,0,0,0,0,0,0,0,0,0
C3010,08,01,0000,District - Ganganagar  01,Urban,11,8463,4630,3833,7570,4201,3369,7570,4201,3369,0,0,0,0,0,0,0,0,0,0,0,0
C3010,08,01,0000,District - Ganganagar  01,Urban,12,12512,6693,5819,10260,5614,4646,10260,5614,4646,0,0,0,0,0,0,0,0,0,0,0,0
C3010,08,01,0000,District - Ganganagar  01,Urban,13,9743,4963,4780,7991,4157,3834,7991,4157,3834,0,0,0,0,0,0,0,0,0,0,0,0
C3010,08,01,0000,District - Ganganagar  01,Urban,14,10293,5511,4782,7892,4338,3554,7892,4338,3554,0,0,0,0,0,0,0,0,0,0,0,0
C3010,08,01,0000,District - Ganganagar  01,Urban,15-19,49427,27291,22136,27837,15279,12558,23445,13113,10332,3948,1905,2043,194,139,55,246,121,125,4,1,3
C3010,08,01,0000,District - Ganganagar  01,Urban,20-24,43840,24179,19661,7593,4669,2924,1903,1297,606,5259,3098,2161,193,141,52,207,127,80,31,6,25
C3010,08,01,0000,District - Ganganagar  01,Urban,25-29,38103,20093,18010,553,387,166,0,0,0,385,272,113,80,61,19,65,47,18,23,7,16
C3010,08,01,0000,District - Ganganagar  01,Urban,30-34,35988,19068,16920,150,73,77,0,0,0,79,47,32,12,7,5,21,13,8,38,6,32
C3010,08,01,0000,District - Ganganagar  01,Urban,35-59,105777,58548,47229,212,135,77,0,0,0,110,78,32,36,30,6,11,7,4,55,20,35
C3010,08,01,0000,District - Ganganagar  01,Urban,60+,25152,12246,12906,33,25,8,0,0,0,19,17,2,5,3,2,3,1,2,6,4,2
C3010,08,01,0000,District - Ganganagar  01,Urban,Age not stated,337,203,134,5,4,1,0,0,0,4,3,1,1,1,0,0,0,0,0,0,0
C3010,08,02,0000,District - Hanumangarh *  02,Total,All ages,1518005,801486,716519,378375,217775,160600,352133,204011,148122,12013,8736,3277,629,494,135,961,601,360,12639,3933,8706
C3010,08,02,0000,District - Hanumangarh *  02,Total,0-4,174358,93428,80930,4818,2616,2202,4818,2616,2202,0,0,0,0,0,0,0,0,0,0,0,0
C3010,08,02,0000,District - Hanumangarh *  02,Total,5,41956,22684,19272,9773,5518,4255,9773,5518,4255,0,0,0,0,0,0,0,0,0,0,0,0
C3010,08,02,0000,District - Hanumangarh *  02,Total,6,39788,20710,19078,16505,9042,7463,16505,9042,7463,0,0,0,0,0,0,0,0,0,0,0,0
C3010,08,02,0000,District - Hanumangarh *  02,Total,7,38921,20609,18312,32830,17871,14959,32830,17871,14959,0,0,0,0,0,0,0,0,0,0,0,0
C3010,08,02,0000,District - Hanumangarh *  02,Total,8,52241,27552,24689,45101,24497,20604,45101,24497,20604,0,0,0,0,0,0,0,0,0,0,0,0
C3010,08,02,0000,District - Hanumangarh *  02,Total,9,32803,17196,15607,29395,15861,13534,29395,15861,13534,0,0,0,0,0,0,0,0,0,0,0,0
C3010,08,02,0000,District - Hanumangarh *  02,Total,10,53610,28737,24873,46190,25758,20432,46190,25758,20432,0,0,0,0,0,0,0,0,0,0,0,0
C3010,08,02,0000,District - Hanumangarh *  02,Total,11,28780,15294,13486,25145,13916,11229,25145,13916,11229,0,0,0,0,0,0,0,0,0,0,0,0
C3010,08,02,0000,District - Hanumangarh *  02,Total,12,45860,24249,21611,36316,20637,15679,36316,20637,15679,0,0,0,0,0,0,0,0,0,0,0,0
C3010,08,02,0000,District - Hanumangarh *  02,Total,13,33804,16912,16892,24508,13749,10759,24508,13749,10759,0,0,0,0,0,0,0,0,0,0,0,0
C3010,08,02,0000,District - Hanumangarh *  02,Total,14,37308,19489,17819,23964,14559,9405,23964,14559,9405,0,0,0,0,0,0,0,0,0,0,0,0
C3010,08,02,0000,District - Hanumangarh *  02,Total,15-19,156102,88288,67814,58991,39928,19063,53114,36431,16683,4457,2844,1613,201,149,52,482,268,214,737,236,501
C3010,08,02,0000,District - Hanumangarh *  02,Total,20-24,139058,74096,64962,14514,9920,4594,4474,3556,918,6701,5176,1525,249,206,43,294,211,83,2796,771,2025
C3010,08,02,0000,District - Hanumangarh *  02,Total,25-29,122179,62602,59577,4212,1652,2560,0,0,0,681,579,102,102,85,17,94,68,26,3335,920,2415
C3010,08,02,0000,District - Hanumangarh *  02,Total,30-34,113076,56893,56183,3401,1074,2327,0,0,0,96,77,19,28,23,5,45,28,17,3232,946,2286
C3010,08,02,0000,District - Hanumangarh *  02,Total,35-59,311901,164596,147305,2554,1079,1475,0,0,0,64,49,15,38,26,12,32,16,16,2420,988,1432
C3010,08,02,0000,District - Hanumangarh *  02,Total,60+,95015,47403,47612,148,91,57,0,0,0,7,6,1,10,4,6,13,9,4,118,72,46
C3010,08,02,0000,District - Hanumangarh *  02,Total,Age not stated,1245,748,497,10,7,3,0,0,0,7,5,2,1,1,0,1,1,0,1,0,1
C3010,08,02,0000,District - Hanumangarh *  02,Rural,All ages,1214467,639921,574546,295444,171048,124396,275687,161175,114512,6256,5298,958,325,269,56,609,401,208,12567,3905,8662
C3010,08,02,0000,District - Hanumangarh *  02,Rural,0-4,142810,76364,66446,3067,1668,1399,3067,1668,1399,0,0,0,0,0,0,0,0,0,0,0,0
C3010,08,02,0000,District - Hanumangarh *  02,Rural,5,34138,18478,15660,7085,4002,3083,7085,4002,3083,0,0,0,0,0,0,0,0,0,0,0,0
C3010,08,02,0000,District - Hanumangarh *  02,Rural,6,32495,16820,15675,12938,7075,5863,12938,7075,5863,0,0,0,0,0,0,0,0,0,0,0,0
C3010,08,02,0000,District - Hanumangarh *  02,Rural,7,31430,16534,14896,26713,14463,12250,26713,14463,12250,0,0,0,0,0,0,0,0,0,0,0,0
C3010,08,02,0000,District - Hanumangarh *  02,Rural,8,42354,22283,20071,36970,20023,16947,36970,20023,16947,0,0,0,0,0,0,0,0,0,0,0,0
C3010,08,02,0000,District - Hanumangarh *  02,Rural,9,26534,13822,12712,23930,12848,11082,23930,12848,11082,0,0,0,0,0,0,0,0,0,0,0,0
C3010,08,02,0000,District - Hanumangarh *  02,Rural,10,43267,23151,20116,37532,20928,16604,37532,20928,16604,0,0,0,0,0,0,0,0,0,0,0,0
C3010,08,02,0000,District - Hanumangarh *  02,Rural,11,22951,12091,10860,20009,11044,8965,20009,11044,8965,0,0,0,0,0,0,0,0,0,0,0,0
C3010,08,02,0000,District - Hanumangarh *  02,Rural,12,36821,19417,17404,29023,16554,12469,29023,16554,12469,0,0,0,0,0,0,0,0,0,0,0,0
C3010,08,02,0000,District - Hanumangarh *  02,Rural,13,26986,13503,13483,19199,10951,8248,19199,10951,8248,0,0,0,0,0,0,0,0,0,0,0,0
C3010,08,02,0000,District - Hanumangarh *  02,Rural,14,29994,15705,14289,18605,11622,6983,18605,11622,6983,0,0,0,0,0,0,0,0,0,0,0,0
C3010,08,02,0000,District - Hanumangarh *  02,Rural,15-19,121737,69460,52277,40910,29681,11229,37617,27516,10101,2177,1683,494,94,77,17,289,171,118,733,234,499
C3010,08,02,0000,District - Hanumangarh *  02,Rural,20-24,110318,58398,51920,9640,6642,2998,2999,2481,518,3568,3163,405,109,99,10,179,134,45,2785,765,2020
C3010,08,02,0000,District - Hanumangarh *  02,Rural,25-29,97703,49983,47720,3857,1382,2475,0,0,0,412,366,46,62,53,9,63,48,15,3320,915,2405
C3010,08,02,0000,District - Hanumangarh *  02,Rural,30-34,90251,45409,44842,3346,1042,2304,0,0,0,65,57,8,22,18,4,37,25,12,3222,942,2280
C3010,08,02,0000,District - Hanumangarh *  02,Rural,35-59,245525,128702,116823,2477,1037,1440,0,0,0,29,25,4,27,17,10,28,14,14,2393,981,1412
C3010,08,02,0000,District - Hanumangarh *  02,Rural,60+,78170,39203,38967,136,81,55,0,0,0,1,1,0,10,4,6,12,8,4,113,68,45
C3010,08,02,0000,District - Hanumangarh *  02,Rural,Age not stated,983,598,385,7,5,2,0,0,0,4,3,1,1,1,0,1,1,0,1,0,1
C3010,08,02,0000,District - Hanumangarh *  02,Urban,All ages,303538,161565,141973,82931,46727,36204,76446,42836,33610,5757,3438,2319,304,225,79,352,200,152,72,28,44
C3010,08,02,0000,District - Hanumangarh *  02,Urban,0-4,31548,17064,14484,1751,948,803,1751,948,803,0,0,0,0,0,0,0,0,0,0,0,0
C3010,08,02,0000,District - Hanumangarh *  02,Urban,5,7818,4206,3612,2688,1516,1172,2688,1516,1172,0,0,0,0,0,0,0,0,0,0,0,0
C3010,08,02,0000,District - Hanumangarh *  02,Urban,6,7293,3890,3403,3567,1967,1600,3567,1967,1600,0,0,0,0,0,0,0,0,0,0,0,0
C3010,08,02,0000,District - Hanumangarh *  02,Urban,7,7491,4075,3416,6117,3408,2709,6117,3408,2709,0,0,0,0,0,0,0,0,0,0,0,0
C3010,08,02,0000,District - Hanumangarh *  02,Urban,8,9887,5269,4618,8131,4474,3657,8131,4474,3657,0,0,0,0,0,0,0,0,0,0,0,0
C3010,08,02,0000,District - Hanumangarh *  02,Urban,9,6269,3374,2895,5465,3013,2452,5465,3013,2452,0,0,0,0,0,0,0,0,0,0,0,0
C3010,08,02,0000,District - Hanumangarh *  02,Urban,10,10343,5586,4757,8658,4830,3828,8658,4830,3828,0,0,0,0,0,0,0,0,0,0,0,0
C3010,08,02,0000,District - Hanumangarh *  02,Urban,11,5829,3203,2626,5136,2872,2264,5136,2872,2264,0,0,0,0,0,0,0,0,0,0,0,0
C3010,08,02,0000,District - Hanumangarh *  02,Urban,12,9039,4832,4207,7293,4083,3210,7293,4083,3210,0,0,0,0,0,0,0,0,0,0,0,0
C3010,08,02,0000,District - Hanumangarh *  02,Urban,13,6818,3409,3409,5309,2798,2511,5309,2798,2511,0,0,0,0,0,0,0,0,0,0,0,0
C3010,08,02,0000,District - Hanumangarh *  02,Urban,14,7314,3784,3530,5359,2937,2422,5359,2937,2422,0,0,0,0,0,0,0,0,0,0,0,0
C3010,08,02,0000,District - Hanumangarh *  02,Urban,15-19,34365,18828,15537,18081,10247,7834,15497,8915,6582,2280,1161,1119,107,72,35,193,97,96,4,2,2
C3010,08,02,0000,District - Hanumangarh *  02,Urban,20-24,28740,15698,13042,4874,3278,1596,1475,1075,400,3133,2013,1120,140,107,33,115,77,38,11,6,5
C3010,08,02,0000,District - Hanumangarh *  02,Urban,25-29,24476,12619,11857,355,270,85,0,0,0,269,213,56,40,32,8,31,20,11,15,5,10
C3010,08,02,0000,District - Hanumangarh *  02,Urban,30-34,22825,11484,11341,55,32,23,0,0,0,31,20,11,6,5,1,8,3,5,10,4,6
C3010,08,02,0000,District - Hanumangarh *  02,Urban,35-59,66376,35894,30482,77,42,35,0,0,0,35,24,11,11,9,2,4,2,2,27,7,20
C3010,08,02,0000,District - Hanumangarh *  02,Urban,60+,16845,8200,8645,12,10,2,0,0,0,6,5,1,0,0,0,1,1,0,5,4,1
C3010,08,02,0000,District - Hanumangarh *  02,Urban,Age not stated,262,150,112,3,2,1,0,0,0,3,2,1,0,0,0,0,0,0,0,0,0
C3010,08,03,0000,District - Bikaner  03,Total,All ages,1674271,886075,788196,351747,215457,136290,329129,200959,128170,17854,11791,6063,1444,1100,344,1205,762,443,2115,845,1270
C3010,08,03,0000,District - Bikaner  03,Total,0-4,223691,116289,107402,7513,4089,3424,7513,4089,3424,0,0,0,0,0,0,0,0,0,0,0,0
C3010,08,03,0000,District - Bikaner  03,Total,5,51131,27235,23896,11777,6725,5052,11777,6725,5052,0,0,0,0,0,0,0,0,0,0,0,0
C3010,08,03,0000,District - Bikaner  03,Total,6,51858,26956,24902,18446,10426,8020,18446,10426,8020,0,0,0,0,0,0,0,0,0,0,0,0
C3010,08,03,0000,District - Bikaner  03,Total,7,44339,22852,21487,27619,15466,12153,27619,15466,12153,0,0,0,0,0,0,0,0,0,0,0,0
C3010,08,03,0000,District - Bikaner  03,Total,8,58552,30795,27757,38982,22507,16475,38982,22507,16475,0,0,0,0,0,0,0,0,0,0,0,0
C3010,08,03,0000,District - Bikaner  03,Total,9,35972,18707,17265,25885,14730,11155,25885,14730,11155,0,0,0,0,0,0,0,0,0,0,0,0
C3010,08,03,0000,District - Bikaner  03,Total,10,59619,31848,27771,41570,24656,16914,41570,24656,16914,0,0,0,0,0,0,0,0,0,0,0,0
C3010,08,03,0000,District - Bikaner  03,Total,11,32464,17167,15297,23633,14086,9547,23633,14086,9547,0,0,0,0,0,0,0,0,0,0,0,0
C3010,08,03,0000,District - Bikaner  03,Total,12,48947,26415,22532,32316,20185,12131,32316,20185,12131,0,0,0,0,0,0,0,0,0,0,0,0
C3010,08,03,0000,District - Bikaner  03,Total,13,36991,18807,18184,22318,13785,8533,22318,13785,8533,0,0,0,0,0,0,0,0,0,0,0,0
C3010,08,03,0000,District - Bikaner  03,Total,14,37826,19762,18064,20389,13169,7220,20389,13169,7220,0,0,0,0,0,0,0,0,0,0,0,0
C3010,08,03,0000,District - Bikaner  03,Total,15-19,175238,97363,77875,59665,40454,19211,53000,36688,16312,5557,3146,2411,325,222,103,569,313,256,214,85,129
C3010,08,03,0000,District - Bikaner  03,Total,20-24,154535,84297,70238,17733,12693,5040,5681,4447,1234,10595,7317,3278,569,479,90,390,270,120,498,180,318
C3010,08,03,0000,District - Bikaner  03,Total,25-29,128156,66452,61704,2207,1549,658,0,0,0,1255,1009,246,348,269,79,145,110,35,459,161,298
C3010,08,03,0000,District - Bikaner  03,Total,30-34,110776,57688,53088,769,406,363,0,0,0,207,142,65,77,54,23,46,33,13,439,177,262
C3010,08,03,0000,District - Bikaner  03,Total,35-59,326188,175007,151181,805,465,340,0,0,0,195,152,43,98,63,35,45,29,16,467,221,246
C3010,08,03,0000,District - Bikaner  03,Total,60+,96537,47549,48988,102,58,44,0,0,0,32,20,12,24,11,13,9,6,3,37,21,16
C3010,08,03,0000,District - Bikaner  03,Total,Age not stated,1451,886,565,18,8,10,0,0,0,13,5,8,3,2,1,1,1,0,1,0,1
C3010,08,03,0000,District - Bikaner  03,Rural,All ages,1079235,568904,510331,195625,126141,69484,190209,122465,67744,2737,2430,307,212,149,63,484,314,170,1983,783,1200
C3010,08,03,0000,District - Bikaner  03,Rural,0-4,163011,84633,78378,3436,1929,1507,3436,1929,1507,0,0,0,0,0,0,0,0,0,0,0,0
C3010,08,03,0000,District - Bikaner  03,Rural,5,36539,19432,17107,6424,3806,2618,6424,3806,2618,0,0,0,0,0,0,0,0,0,0,0,0
C3010,08,03,0000,District - Bikaner  03,Rural,6,38258,19875,18383,11633,6802,4831,11633,6802,4831,0,0,0,0,0,0,0,0,0,0,0,0
C3010,08,03,0000,District - Bikaner  03,Rural,7,30999,15947,15052,17385,9980,7405,17385,9980,7405,0,0,0,0,0,0,0,0,0,0,0,0
C3010,08,03,0000,District - Bikaner  03,Rural,8,41613,21759,19854,25594,15127,10467,25594,15127,10467,0,0,0,0,0,0,0,0,0,0,0,0
C3010,08,03,0000,District - Bikaner  03,Rural,9,25338,13126,12212,17019,9931,7088,17019,9931,7088,0,0,0,0,0,0,0,0,0,0,0,0
C3010,08,03,0000,District - Bikaner  03,Rural,10,41425,22071,19354,27016,16543,10473,27016,16543,10473,0,0,0,0,0,0,0,0,0,0,0,0
C3010,08,03,0000,District - Bikaner  03,Rural,11,22007,11607,10400,14752,9172,5580,14752,9172,5580,0,0,0,0,0,0,0,0,0,0,0,0
C3010,08,03,0000,District - Bikaner  03,Rural,12,32876,17694,15182,19551,12846,6705,19551,12846,6705,0,0,0,0,0,0,0,0,0,0,0,0
C3010,08,03,0000,District - Bikaner  03,Rural,13,24780,12630,12150,12735,8656,4079,12735,8656,4079,0,0,0,0,0,0,0,0,0,0,0,0
C3010,08,03,0000,District - Bikaner  03,Rural,14,24978,13168,11810,10837,7900,2937,10837,7900,2937,0,0,0,0,0,0,0,0,0,0,0,0
C3010,08,03,0000,District - Bikaner  03,Rural,15-19,109715,61585,48130,23292,19027,4265,21926,18094,3832,817,659,158,55,40,15,285,153,132,209,81,128
C3010,08,03,0000,District - Bikaner  03,Rural,20-24,94344,50384,43960,4174,3489,685,1901,1679,222,1627,1497,130,52,46,6,112,91,21,482,176,306
C3010,08,03,0000,District - Bikaner  03,Rural,25-29,77892,39930,37962,742,429,313,0,0,0,232,218,14,36,23,13,40,36,4,434,152,282
C3010,08,03,0000,District - Bikaner  03,Rural,30-34,67143,34751,32392,495,232,263,0,0,0,40,35,5,22,17,5,17,14,3,416,166,250
C3010,08,03,0000,District - Bikaner  03,Rural,35-59,187982,100211,87771,496,250,246,0,0,0,20,20,0,32,18,14,27,17,10,417,195,222
C3010,08,03,0000,District - Bikaner  03,Rural,60+,59752,29750,30002,41,21,20,0,0,0,1,1,0,13,4,9,3,3,0,24,13,11
C3010,08,03,0000,District - Bikaner  03,Rural,Age not stated,583,351,232,3,1,2,0,0,0,0,0,0,2,1,1,0,0,0,1,0,1
C3010,08,03,0000,District - Bikaner  03,Urban,All ages,595036,317171,277865,156122,89316,66806,138920,78494,60426,15117,9361,5756,1232,951,281,721,448,273,132,62,70
C3010,08,03,0000,District - Bikaner  03,Urban,0-4,60680,31656,29024,4077,2160,1917,4077,2160,1917,0,0,0,0,0,0,0,0,0,0,0,0
C3010,08,03,0000,District - Bikaner  03,Urban,5,14592,7803,6789,5353,2919,2434,5353,2919,2434,0,0,0,0,0,0,0,0,0,0,0,0
C3010,08,03,0000,District - Bikaner  03,Urban,6,13600,7081,6519,6813,3624,3189,6813,3624,3189,0,0,0,0,0,0,0,0,0,0,0,0
C3010,08,03,0000,District - Bikaner  03,Urban,7,13340,6905,6435,10234,5486,4748,10234,5486,4748,0,0,0,0,0,0,0,0,0,0,0,0
C3010,08,03,0000,District - Bikaner  03,Urban,8,16939,9036,7903,13388,7380,6008,13388,7380,6008,0,0,0,0,0,0,0,0,0,0,0,0
C3010,08,03,0000,District - Bikaner  03,Urban,9,10634,5581,5053,8866,4799,4067,8866,4799,4067,0,0,0,0,0,0,0,0,0,0,0,0
C3010,08,03,0000,District - Bikaner  03,Urban,10,18194,9777,8417,14554,8113,6441,14554,8113,6441,0,0,0,0,0,0,0,0,0,0,0,0
C3010,08,03,0000,District - Bikaner  03,Urban,11,10457,5560,4897,8881,4914,3967,8881,4914,3967,0,0,0,0,0,0,0,0,0,0,0,0
C3010,08,03,0000,District - Bikaner  03,Urban,12,16071,8721,7350,12765,7339,5426,12765,7339,5426,0,0,0,0,0,0,0,0,0,0,0,0
C3010,08,03,0000,District - Bikaner  03,Urban,13,12211,6177,6034,9583,5129,4454,9583,5129,4454,0,0,0,0,0,0,0,0,0,0,0,0
C3010,08,03,0000,District - Bikaner  03,Urban,14,12848,6594,6254,9552,5269,4283,9552,5269,4283,0,0,0,0,0,0,0,0,0,0,0,0
C3010,08,03,0000,District - Bikaner  03,Urban,15-19,65523,35778,29745,36373,21427,14946,31074,18594,12480,4740,2487,2253,270,182,88,284,160,124,5,4,1
C3010,08,03,0000,District - Bikaner  03,Urban,20-24,60191,33913,26278,13559,9204,4355,3780,2768,1012,8968,5820,3148,517,433,84,278,179,99,16,4,12
C3010,08,03,0000,District - Bikaner  03,Urban,25-29,50264,26522,23742,1465,1120,345,0,0,0,1023,791,232,312,246,66,105,74,31,25,9,16
C3010,08,03,0000,District - Bikaner  03,Urban,30-34,43633,22937,20696,274,174,100,0,0,0,167,107,60,55,37,18,29,19,10,23,11,12
C3010,08,03,0000,District - Bikaner  03,Urban,35-59,138206,74796,63410,309,215,94,0,0,0,175,132,43,66,45,21,18,12,6,50,26,24
C3010,08,03,0000,District - Bikaner  03,Urban,60+,36785,17799,18986,61,37,24,0,0,0,31,19,12,11,7,4,6,3,3,13,8,5
C3010,08,03,0000,District - Bikaner  03,Urban,Age not stated,868,535,333,15,7,8,0,0,0,13,5,8,1,1,0,1,1,0,0,0,0
C3010,08,04,0000,District - Churu  04,Total,All ages,1923878,987781,936097,524341,297405,226936,454579,271860,182719,9913,7509,2404,733,489,244,1931,954,977,57185,16593,40592
C3010,08,04,0000,District - Churu  04,Total,0-4,263566,137868,125698,6511,3538,2973,6511,3538,2973,0,0,0,0,0,0,0,0,0,0,0,0
C3010,08,04,0000,District - Churu  04,Total,5,60160,32120,28040,13076,7573,5503,13076,7573,5503,0,0,0,0,0,0,0,0,0,0,0,0
C3010,08,04,0000,District - Churu  04,Total,6,60188,30884,29304,23227,12860,10367,23227,12860,10367,0,0,0,0,0,0,0,0,0,0,0,0
C3010,08,04,0000,District - Churu  04,Total,7,53346,27575,25771,41586,22789,18797,41586,22789,18797,0,0,0,0,0,0,0,0,0,0,0,0
C3010,08,04,0000,District - Churu  04,Total,8,68206,35726,32480,55828,30919,24909,55828,30919,24909,0,0,0,0,0,0,0,0,0,0,0,0
C3010,08,04,0000,District - Churu  04,Total,9,45320,23654,21666,38657,21378,17279,38657,21378,17279,0,0,0,0,0,0,0,0,0,0,0,0
C3010,08,04,0000,District - Churu  04,Total,10,69708,37248,32460,57709,33261,24448,57709,33261,24448,0,0,0,0,0,0,0,0,0,0,0,0
C3010,08,04,0000,District - Churu  04,Total,11,41887,21790,20097,34559,19686,14873,34559,19686,14873,0,0,0,0,0,0,0,0,0,0,0,0
C3010,08,04,0000,District - Churu  04,Total,12,56799,30452,26347,43973,26438,17535,43973,26438,17535,0,0,0,0,0,0,0,0,0,0,0,0
C3010,08,04,0000,District - Churu  04,Total,13,46800,23376,23424,32761,19455,13306,32761,19455,13306,0,0,0,0,0,0,0,0,0,0,0,0
C3010,08,04,0000,District - Churu  04,Total,14,46682,24437,22245,29528,18909,10619,29528,18909,10619,0,0,0,0,0,0,0,0,0,0,0,0
C3010,08,04,0000,District - Churu  04,Total,15-19,195184,108026,87158,79787,54450,25337,71130,50271,20859,3686,2516,1170,161,115,46,947,470,477,3863,1078,2785
C3010,08,04,0000,District - Churu  04,Total,20-24,164634,82556,82078,25652,12940,12712,6034,4783,1251,5576,4434,1142,325,225,100,415,227,188,13302,3271,10031
C3010,08,04,0000,District - Churu  04,Total,25-29,139955,68160,71795,16014,4583,11431,0,0,0,529,460,69,122,86,36,222,94,128,15141,3943,11198
C3010,08,04,0000,District - Churu  04,Total,30-34,124873,61493,63380,14741,4462,10279,0,0,0,63,50,13,42,17,25,140,54,86,14496,4341,10155
C3010,08,04,0000,District - Churu  04,Total,35-59,359299,183912,175387,10436,4012,6424,0,0,0,42,37,5,60,36,24,169,84,85,10165,3855,6310
C3010,08,04,0000,District - Churu  04,Total,60+,125311,57391,67920,261,132,129,0,0,0,11,8,3,23,10,13,32,22,10,195,92,103
C3010,08,04,0000,District - Churu  04,Total,Age not stated,1960,1113,847,35,20,15,0,0,0,6,4,2,0,0,0,6,3,3,23,13,10
C3010,08,04,0000,District - Churu  04,Rural,All ages,1387682,710681,677001,385394,217244,168150,323675,196020,127655,5176,4414,762,373,251,122,1283,563,720,54887,15996,38891
C3010,08,04,0000,District - Churu  04,Rural,0-4,198230,103653,94577,3732,2055,1677,3732,2055,1677,0,0,0,0,0,0,0,0,0,0,0,0
C3010,08,04,0000,District - Churu  04,Rural,5,45083,23974,21109,8765,5135,3630,8765,5135,3630,0,0,0,0,0,0,0,0,0,0,0,0
C3010,08,04,0000,District - Churu  04,Rural,6,45063,23119,21944,16978,9480,7498,16978,9480,7498,0,0,0,0,0,0,0,0,0,0,0,0
C3010,08,04,0000,District - Churu  04,Rural,7,39386,20346,19040,30867,16967,13900,30867,16967,13900,0,0,0,0,0,0,0,0,0,0,0,0
C3010,08,04,0000,District - Churu  04,Rural,8,49951,26181,23770,41456,23029,18427,41456,23029,18427,0,0,0,0,0,0,0,0,0,0,0,0
C3010,08,04,0000,District - Churu  04,Rural,9,33448,17505,15943,28732,16001,12731,28732,16001,12731,0,0,0,0,0,0,0,0,0,0,0,0
C3010,08,04,0000,District - Churu  04,Rural,10,50764,27091,23673,42298,24479,17819,42298,24479,17819,0,0,0,0,0,0,0,0,0,0,0,0
C3010,08,04,0000,District - Churu  04,Rural,11,30349,15783,14566,25041,14382,10659,25041,14382,10659,0,0,0,0,0,0,0,0,0,0,0,0
C3010,08,04,0000,District - Churu  04,Rural,12,40501,21692,18809,31337,19028,12309,31337,19028,12309,0,0,0,0,0,0,0,0,0,0,0,0
C3010,08,04,0000,District - Churu  04,Rural,13,33783,16849,16934,23257,14074,9183,23257,14074,9183,0,0,0,0,0,0,0,0,0,0,0,0
C3010,08,04,0000,District - Churu  04,Rural,14,33588,17592,15996,20752,13640,7112,20752,13640,7112,0,0,0,0,0,0,0,0,0,0,0,0
C3010,08,04,0000,District - Churu  04,Rural,15-19,136793,76022,60771,52968,37527,15441,46938,34826,12112,1725,1387,338,71,51,20,559,242,317,3675,1021,2654
C3010,08,04,0000,District - Churu  04,Rural,20-24,116402,57393,59009,19787,8960,10827,3522,2924,598,3056,2666,390,141,106,35,258,121,137,12810,3143,9667
C3010,08,04,0000,District - Churu  04,Rural,25-29,100133,48414,51719,15245,4260,10985,0,0,0,342,313,29,77,51,26,171,66,105,14655,3830,10825
C3010,08,04,0000,District - Churu  04,Rural,30-34,89290,43971,45319,14176,4312,9864,0,0,0,34,29,5,32,14,18,122,45,77,13988,4224,9764
C3010,08,04,0000,District - Churu  04,Rural,35-59,252293,128511,123782,9780,3794,5986,0,0,0,14,14,0,39,21,18,144,70,74,9583,3689,5894
C3010,08,04,0000,District - Churu  04,Rural,60+,91273,41803,49470,197,106,91,0,0,0,2,2,0,13,8,5,24,17,7,158,79,79
C3010,08,04,0000,District - Churu  04,Rural,Age not stated,1352,782,570,26,15,11,0,0,0,3,3,0,0,0,0,5,2,3,18,10,8
C3010,08,04,0000,District - Churu  04,Urban,All ages,536196,277100,259096,138947,80161,58786,130904,75840,55064,4737,3095,1642,360,238,122,648,391,257,2298,597,1701
C3010,08,04,0000,District - Churu  04,Urban,0-4,65336,34215,31121,2779,1483,1296,2779,1483,1296,0,0,0,0,0,0,0,0,0,0,0,0
C3010,08,04,0000,District - Churu  04,Urban,5,15077,8146,6931,4311,2438,1873,4311,2438,1873,0,0,0,0,0,0,0,0,0,0,0,0
C3010,08,04,0000,District - Churu  04,Urban,6,15125,7765,7360,6249,3380,2869,6249,3380,2869,0,0,0,0,0,0,0,0,0,0,0,0
C3010,08,04,0000,District - Churu  04,Urban,7,13960,7229,6731,10719,5822,4897,10719,5822,4897,0,0,0,0,0,0,0,0,0,0,0,0
C3010,08,04,0000,District - Churu  04,Urban,8,18255,9545,8710,14372,7890,6482,14372,7890,6482,0,0,0,0,0,0,0,0,0,0,0,0
C3010,08,04,0000,District - Churu  04,Urban,9,11872,6149,5723,9925,5377,4548,9925,5377,4548,0,0,0,0,0,0,0,0,0,0,0,0
C3010,08,04,0000,District - Churu  04,Urban,10,18944,10157,8787,15411,8782,6629,15411,8782,6629,0,0,0,0,0,0,0,0,0,0,0,0
C3010,08,04,0000,District - Churu  04,Urban,11,11538,6007,5531,9518,5304,4214,9518,5304,4214,0,0,0,0,0,0,0,0,0,0,0,0
C3010,08,04,0000,District - Churu  04,Urban,12,16298,8760,7538,12636,7410,5226,12636,7410,5226,0,0,0,0,0,0,0,0,0,0,0,0
C3010,08,04,0000,District - Churu  04,Urban,13,13017,6527,6490,9504,5381,4123,9504,5381,4123,0,0,0,0,0,0,0,0,0,0,0,0
C3010,08,04,0000,District - Churu  04,Urban,14,13094,6845,6249,8776,5269,3507,8776,5269,3507,0,0,0,0,0,0,0,0,0,0,0,0
C3010,08,04,0000,District - Churu  04,Urban,15-19,58391,32004,26387,26819,16923,9896,24192,15445,8747,1961,1129,832,90,64,26,388,228,160,188,57,131
C3010,08,04,0000,District - Churu  04,Urban,20-24,48232,25163,23069,5865,3980,1885,2512,1859,653,2520,1768,752,184,119,65,157,106,51,492,128,364
C3010,08,04,0000,District - Churu  04,Urban,25-29,39822,19746,20076,769,323,446,0,0,0,187,147,40,45,35,10,51,28,23,486,113,373
C3010,08,04,0000,District - Churu  04,Urban,30-34,35583,17522,18061,565,150,415,0,0,0,29,21,8,10,3,7,18,9,9,508,117,391
C3010,08,04,0000,District - Churu  04,Urban,35-59,107006,55401,51605,656,218,438,0,0,0,28,23,5,21,15,6,25,14,11,582,166,416
C3010,08,04,0000,District - Churu  04,Urban,60+,34038,15588,18450,64,26,38,0,0,0,9,6,3,10,2,8,8,5,3,37,13,24
C3010,08,04,0000,District - Churu  04,Urban,Age not stated,608,331,277,9,5,4,0,0,0,3,1,2,0,0,0,1,1,0,5,3,2
C3010,08,05,0000,District - Jhunjhunun  05,Total,All ages,1913689,983526,930163,585819,336137,249682,552386,317684,234702,20026,14472,5554,3042,2074,968,1221,778,443,9144,1129,8015
C3010,08,05,0000,District - Jhunjhunun  05,Total,0-4,227101,122258,104843,7152,3881,3271,7152,3881,3271,0,0,0,0,0,0,0,0,0,0,0,0
C3010,08,05,0000,District - Jhunjhunun  05,Total,5,54546,29672,24874,15885,8995,6890,15885,8995,6890,0,0,0,0,0,0,0,0,0,0,0,0
C3010,08,05,0000,District - Jhunjhunun  05,Total,6,53612,28060,25552,27829,14937,12892,27829,14937,12892,0,0,0,0,0,0,0,0,0,0,0,0
C3010,08,05,0000,District - Jhunjhunun  05,Total,7,45228,23901,21327,40218,21729,18489,40218,21729,18489,0,0,0,0,0,0,0,0,0,0,0,0
C3010,08,05,0000,District - Jhunjhunun  05,Total,8,66780,35504,31276,61214,33138,28076,61214,33138,28076,0,0,0,0,0,0,0,0,0,0,0,0
C3010,08,05,0000,District - Jhunjhunun  05,Total,9,41984,22267,19717,39482,21250,18232,39482,21250,18232,0,0,0,0,0,0,0,0,0,0,0,0
C3010,08,05,0000,District - Jhunjhunun  05,Total,10,70990,38137,32853,65400,36073,29327,65400,36073,29327,0,0,0,0,0,0,0,0,0,0,0,0
C3010,08,05,0000,District - Jhunjhunun  05,Total,11,40055,21138,18917,37330,20311,17019,37330,20311,17019,0,0,0,0,0,0,0,0,0,0,0,0
C3010,08,05,0000,District - Jhunjhunun  05,Total,12,58530,31127,27403,52416,29220,23196,52416,29220,23196,0,0,0,0,0,0,0,0,0,0,0,0
C3010,08,05,0000,District - Jhunjhunun  05,Total,13,49231,24545,24686,42389,22837,19552,42389,22837,19552,0,0,0,0,0,0,0,0,0,0,0,0
C3010,08,05,0000,District - Jhunjhunun  05,Total,14,49216,26035,23181,40121,23387,16734,40121,23387,16734,0,0,0,0,0,0,0,0,0,0,0,0
C3010,08,05,0000,District - Jhunjhunun  05,Total,15-19,209848,117699,92149,121607,79763,41844,111530,73338,38192,7482,4941,2541,1618,1050,568,688,406,282,289,28,261
C3010,08,05,0000,District - Jhunjhunun  05,Total,20-24,161302,83750,77552,25435,18341,7094,11420,8588,2832,11494,8697,2797,994,713,281,344,240,104,1183,103,1080
C3010,08,05,0000,District - Jhunjhunun  05,Total,25-29,135066,64523,70543,3061,1107,1954,0,0,0,830,655,175,250,215,35,114,83,31,1867,154,1713
C3010,08,05,0000,District - Jhunjhunun  05,Total,30-34,122382,57623,64759,2472,391,2081,0,0,0,111,85,26,43,27,16,31,22,9,2287,257,2030
C3010,08,05,0000,District - Jhunjhunun  05,Total,35-59,385087,190986,194101,3652,708,2944,0,0,0,70,62,8,85,56,29,36,26,10,3461,564,2897
C3010,08,05,0000,District - Jhunjhunun  05,Total,60+,140671,65143,75528,113,50,63,0,0,0,23,18,5,36,9,27,6,1,5,48,22,26
C3010,08,05,0000,District - Jhunjhunun  05,Total,Age not stated,2060,1158,902,43,19,24,0,0,0,16,14,2,16,4,12,2,0,2,9,1,8
C3010,08,05,0000,District - Jhunjhunun  05,Rural,All ages,1518573,775776,742797,468037,266860,201177,443747,254337,189410,13933,10315,3618,829,639,190,732,485,247,8796,1084,7712
C3010,08,05,0000,District - Jhunjhunun  05,Rural,0-4,182658,98104,84554,5453,2945,2508,5453,2945,2508,0,0,0,0,0,0,0,0,0,0,0,0
C3010,08,05,0000,District - Jhunjhunun  05,Rural,5,44019,24045,19974,12838,7335,5503,12838,7335,5503,0,0,0,0,0,0,0,0,0,0,0,0
C3010,08,05,0000,District - Jhunjhunun  05,Rural,6,42709,22268,20441,22951,12261,10690,22951,12261,10690,0,0,0,0,0,0,0,0,0,0,0,0
C3010,08,05,0000,District - Jhunjhunun  05,Rural,7,36313,19159,17154,33235,17854,15381,33235,17854,15381,0,0,0,0,0,0,0,0,0,0,0,0
C3010,08,05,0000,District - Jhunjhunun  05,Rural,8,53043,28214,24829,50012,26994,23018,50012,26994,23018,0,0,0,0,0,0,0,0,0,0,0,0
C3010,08,05,0000,District - Jhunjhunun  05,Rural,9,33920,17924,15996,32564,17410,15154,32564,17410,15154,0,0,0,0,0,0,0,0,0,0,0,0
C3010,08,05,0000,District - Jhunjhunun  05,Rural,10,56201,30110,26091,53089,29030,24059,53089,29030,24059,0,0,0,0,0,0,0,0,0,0,0,0
C3010,08,05,0000,District - Jhunjhunun  05,Rural,11,32089,16789,15300,30422,16359,14063,30422,16359,14063,0,0,0,0,0,0,0,0,0,0,0,0
C3010,08,05,0000,District - Jhunjhunun  05,Rural,12,45915,24355,21560,42132,23280,18852,42132,23280,18852,0,0,0,0,0,0,0,0,0,0,0,0
C3010,08,05,0000,District - Jhunjhunun  05,Rural,13,39143,19460,19683,34349,18409,15940,34349,18409,15940,0,0,0,0,0,0,0,0,0,0,0,0
C3010,08,05,0000,District - Jhunjhunun  05,Rural,14,38595,20368,18227,32040,18607,13433,32040,18607,13433,0,0,0,0,0,0,0,0,0,0,0,0
C3010,08,05,0000,District - Jhunjhunun  05,Rural,15-19,160963,90473,70490,92728,61705,31023,86404,57520,28884,5392,3715,1677,244,189,55,417,255,162,271,26,245
C3010,08,05,0000,District - Jhunjhunun  05,Rural,20-24,124808,63907,60901,17710,12866,4844,8258,6333,1925,7786,6009,1777,336,278,58,205,150,55,1125,96,1029
C3010,08,05,0000,District - Jhunjhunun  05,Rural,25-29,106685,50355,56330,2626,790,1836,0,0,0,614,479,135,141,114,27,65,52,13,1806,145,1661
C3010,08,05,0000,District - Jhunjhunun  05,Rural,30-34,97175,45200,51975,2356,351,2005,0,0,0,86,66,20,33,21,12,17,11,6,2220,253,1967
C3010,08,05,0000,District - Jhunjhunun  05,Rural,35-59,304743,149626,155117,3437,623,2814,0,0,0,37,33,4,54,30,24,22,17,5,3324,543,2781
C3010,08,05,0000,District - Jhunjhunun  05,Rural,60+,118060,54546,63514,80,37,43,0,0,0,14,10,4,21,7,14,4,0,4,41,20,21
C3010,08,05,0000,District - Jhunjhunun  05,Rural,Age not stated,1534,873,661,15,4,11,0,0,0,4,3,1,0,0,0,2,0,2,9,1,8
C3010,08,05,0000,District - Jhunjhunun  05,Urban,All ages,395116,207750,187366,117782,69277,48505,108639,63347,45292,6093,4157,1936,2213,1435,778,489,293,196,348,45,303
C3010,08,05,0000,District - Jhunjhunun  05,Urban,0-4,44443,24154,20289,1699,936,763,1699,936,763,0,0,0,0,0,0,0,0,0,0,0,0
C3010,08,05,0000,District - Jhunjhunun  05,Urban,5,10527,5627,4900,3047,1660,1387,3047,1660,1387,0,0,0,0,0,0,0,0,0,0,0,0
C3010,08,05,0000,District - Jhunjhunun  05,Urban,6,10903,5792,5111,4878,2676,2202,4878,2676,2202,0,0,0,0,0,0,0,0,0,0,0,0
C3010,08,05,0000,District - Jhunjhunun  05,Urban,7,8915,4742,4173,6983,3875,3108,6983,3875,3108,0,0,0,0,0,0,0,0,0,0,0,0
C3010,08,05,0000,District - Jhunjhunun  05,Urban,8,13737,7290,6447,11202,6144,5058,11202,6144,5058,0,0,0,0,0,0,0,0,0,0,0,0
C3010,08,05,0000,District - Jhunjhunun  05,Urban,9,8064,4343,3721,6918,3840,3078,6918,3840,3078,0,0,0,0,0,0,0,0,0,0,0,0
C3010,08,05,0000,District - Jhunjhunun  05,Urban,10,14789,8027,6762,12311,7043,5268,12311,7043,5268,0,0,0,0,0,0,0,0,0,0,0,0
C3010,08,05,0000,District - Jhunjhunun  05,Urban,11,7966,4349,3617,6908,3952,2956,6908,3952,2956,0,0,0,0,0,0,0,0,0,0,0,0
C3010,08,05,0000,District - Jhunjhunun  05,Urban,12,12615,6772,5843,10284,5940,4344,10284,5940,4344,0,0,0,0,0,0,0,0,0,0,0,0
C3010,08,05,0000,District - Jhunjhunun  05,Urban,13,10088,5085,5003,8040,4428,3612,8040,4428,3612,0,0,0,0,0,0,0,0,0,0,0,0
C3010,08,05,0000,District - Jhunjhunun  05,Urban,14,10621,5667,4954,8081,4780,3301,8081,4780,3301,0,0,0,0,0,0,0,0,0,0,0,0
C3010,08,05,0000,District - Jhunjhunun  05,Urban,15-19,48885,27226,21659,28879,18058,10821,25126,15818,9308,2090,1226,864,1374,861,513,271,151,120,18,2,16
C3010,08,05,0000,District - Jhunjhunun  05,Urban,20-24,36494,19843,16651,7725,5475,2250,3162,2255,907,3708,2688,1020,658,435,223,139,90,49,58,7,51
C3010,08,05,0000,District - Jhunjhunun  05,Urban,25-29,28381,14168,14213,435,317,118,0,0,0,216,176,40,109,101,8,49,31,18,61,9,52
C3010,08,05,0000,District - Jhunjhunun  05,Urban,30-34,25207,12423,12784,116,40,76,0,0,0,25,19,6,10,6,4,14,11,3,67,4,63
C3010,08,05,0000,District - Jhunjhunun  05,Urban,35-59,80344,41360,38984,215,85,130,0,0,0,33,29,4,31,26,5,14,9,5,137,21,116
C3010,08,05,0000,District - Jhunjhunun  05,Urban,60+,22611,10597,12014,33,13,20,0,0,0,9,8,1,15,2,13,2,1,1,7,2,5
C3010,08,05,0000,District - Jhunjhunun  05,Urban,Age not stated,526,285,241,28,15,13,0,0,0,12,11,1,16,4,12,0,0,0,0,0,0
C3010,08,06,0000,District - Alwar  06,Total,All ages,2992592,1586752,1405840,747977,468997,278980,714327,444305,270022,29097,21648,7449,2012,1646,366,1650,1136,514,891,262,629
C3010,08,06,0000,District - Alwar  06,Total,0-4,395197,209317,185880,10280,5754,4526,10280,5754,4526,0,0,0,0,0,0,0,0,0,0,0,0
C3010,08,06,0000,District - Alwar  06,Total,5,93143,50206,42937,20081,11741,8340,20081,11741,8340,0,0,0,0,0,0,0,0,0,0,0,0
C3010,08,06,0000,District - Alwar  06,Total,6,93576,48848,44728,38723,22019,16704,38723,22019,16704,0,0,0,0,0,0,0,0,0,0,0,0
C3010,08,06,0000,District - Alwar  06,Total,7,77298,41282,36016,59326,34052,25274,59326,34052,25274,0,0,0,0,0,0,0,0,0,0,0,0
C3010,08,06,0000,District - Alwar  06,Total,8,107458,56773,50685,86524,49645,36879,86524,49645,36879,0,0,0,0,0,0,0,0,0,0,0,0
C3010,08,06,0000,District - Alwar  06,Total,9,70637,37415,33222,59895,34333,25562,59895,34333,25562,0,0,0,0,0,0,0,0,0,0,0,0
C3010,08,06,0000,District - Alwar  06,Total,10,104553,56199,48354,86186,51339,34847,86186,51339,34847,0,0,0,0,0,0,0,0,0,0,0,0
C3010,08,06,0000,District - Alwar  06,Total,11,60997,33023,27974,51447,30814,20633,51447,30814,20633,0,0,0,0,0,0,0,0,0,0,0,0
C3010,08,06,0000,District - Alwar  06,Total,12,89070,47984,41086,69655,43131,26524,69655,43131,26524,0,0,0,0,0,0,0,0,0,0,0,0
C3010,08,06,0000,District - Alwar  06,Total,13,68970,36085,32885,51467,31882,19585,51467,31882,19585,0,0,0,0,0,0,0,0,0,0,0,0
C3010,08,06,0000,District - Alwar  06,Total,14,71571,38429,33142,48893,32143,16750,48893,32143,16750,0,0,0,0,0,0,0,0,0,0,0,0
C3010,08,06,0000,District - Alwar  06,Total,15-19,299490,167455,132035,132988,96509,36479,120947,88444,32503,10295,6826,3469,675,561,114,1001,659,342,70,19,51
C3010,08,06,0000,District - Alwar  06,Total,20-24,252390,135206,117184,28642,22752,5890,10903,9008,1895,16391,12745,3646,809,677,132,400,293,107,139,29,110
C3010,08,06,0000,District - Alwar  06,Total,25-29,224490,117318,107172,2445,2008,437,0,0,0,1826,1594,232,305,262,43,142,113,29,172,39,133
C3010,08,06,0000,District - Alwar  06,Total,30-34,199881,100939,98942,521,340,181,0,0,0,265,229,36,66,50,16,45,29,16,145,32,113
C3010,08,06,0000,District - Alwar  06,Total,35-59,576336,304605,271731,709,412,297,0,0,0,238,190,48,121,78,43,42,33,9,308,111,197
C3010,08,06,0000,District - Alwar  06,Total,60+,203154,103146,100008,161,105,56,0,0,0,57,49,8,35,17,18,14,7,7,55,32,23
C3010,08,06,0000,District - Alwar  06,Total,Age not stated,4381,2522,1859,34,18,16,0,0,0,25,15,10,1,1,0,6,2,4,2,0,2
C3010,08,06,0000,District - Alwar  06,Rural,All ages,2557653,1349768,1207885,620767,396842,223925,600140,379986,220154,17603,14921,2682,1104,936,168,1123,778,345,797,221,576
C3010,08,06,0000,District - Alwar  06,Rural,0-4,351616,185704,165912,7005,3945,3060,7005,3945,3060,0,0,0,0,0,0,0,0,0,0,0,0
C3010,08,06,0000,District - Alwar  06,Rural,5,82403,44233,38170,15691,9261,6430,15691,9261,6430,0,0,0,0,0,0,0,0,0,0,0,0
C3010,08,06,0000,District - Alwar  06,Rural,6,83593,43424,40169,33039,18858,14181,33039,18858,14181,0,0,0,0,0,0,0,0,0,0,0,0
C3010,08,06,0000,District - Alwar  06,Rural,7,67829,36077,31752,51067,29469,21598,51067,29469,21598,0,0,0,0,0,0,0,0,0,0,0,0
C3010,08,06,0000,District - Alwar  06,Rural,8,95334,50276,45058,75707,43755,31952,75707,43755,31952,0,0,0,0,0,0,0,0,0,0,0,0
C3010,08,06,0000,District - Alwar  06,Rural,9,62274,32880,29394,52179,30081,22098,52179,30081,22098,0,0,0,0,0,0,0,0,0,0,0,0
C3010,08,06,0000,District - Alwar  06,Rural,10,91587,49036,42551,74441,44744,29697,74441,44744,29697,0,0,0,0,0,0,0,0,0,0,0,0
C3010,08,06,0000,District - Alwar  06,Rural,11,52613,28398,24215,43675,26447,17228,43675,26447,17228,0,0,0,0,0,0,0,0,0,0,0,0
C3010,08,06,0000,District - Alwar  06,Rural,12,77441,41694,35747,59310,37416,21894,59310,37416,21894,0,0,0,0,0,0,0,0,0,0,0,0
C3010,08,06,0000,District - Alwar  06,Rural,13,59705,31229,28476,43417,27525,15892,43417,27525,15892,0,0,0,0,0,0,0,0,0,0,0,0
C3010,08,06,0000,District - Alwar  06,Rural,14,61714,33145,28569,40659,27527,13132,40659,27527,13132,0,0,0,0,0,0,0,0,0,0,0,0
C3010,08,06,0000,District - Alwar  06,Rural,15-19,251317,140628,110689,102785,79171,23614,95546,73643,21903,6070,4705,1365,357,311,46,751,497,254,61,15,46
C3010,08,06,0000,District - Alwar  06,Rural,20-24,209586,110650,98936,19141,16642,2499,8404,7315,1089,9958,8743,1215,423,382,41,223,174,49,133,28,105
C3010,08,06,0000,District - Alwar  06,Rural,25-29,186656,96882,89774,1689,1437,252,0,0,0,1279,1193,86,173,149,24,76,61,15,161,34,127
C3010,08,06,0000,District - Alwar  06,Rural,30-34,165769,82655,83114,374,236,138,0,0,0,168,158,10,40,30,10,29,20,9,137,28,109
C3010,08,06,0000,District - Alwar  06,Rural,35-59,477793,250607,227186,455,241,214,0,0,0,87,83,4,81,49,32,27,20,7,260,89,171
C3010,08,06,0000,District - Alwar  06,Rural,60+,177172,90405,86767,115,75,40,0,0,0,32,30,2,29,14,15,11,4,7,43,27,16
C3010,08,06,0000,District - Alwar  06,Rural,Age not stated,3251,1845,1406,18,12,6,0,0,0,9,9,0,1,1,0,6,2,4,2,0,2
C3010,08,06,0000,District - Alwar  06,Urban,All ages,434939,236984,197955,127210,72155,55055,114187,64319,49868,11494,6727,4767,908,710,198,527,358,169,94,41,53
C3010,08,06,0000,District - Alwar  06,Urban,0-4,43581,23613,19968,3275,1809,1466,3275,1809,1466,0,0,0,0,0,0,0,0,0,0,0,0
C3010,08,06,0000,District - Alwar  06,Urban,5,10740,5973,4767,4390,2480,1910,4390,2480,1910,0,0,0,0,0,0,0,0,0,0,0,0
C3010,08,06,0000,District - Alwar  06,Urban,6,9983,5424,4559,5684,3161,2523,5684,3161,2523,0,0,0,0,0,0,0,0,0,0,0,0
C3010,08,06,0000,District - Alwar  06,Urban,7,9469,5205,4264,8259,4583,3676,8259,4583,3676,0,0,0,0,0,0,0,0,0,0,0,0
C3010,08,06,0000,District - Alwar  06,Urban,8,12124,6497,5627,10817,5890,4927,10817,5890,4927,0,0,0,0,0,0,0,0,0,0,0,0
C3010,08,06,0000,District - Alwar  06,Urban,9,8363,4535,3828,7716,4252,3464,7716,4252,3464,0,0,0,0,0,0,0,0,0,0,0,0
C3010,08,06,0000,District - Alwar  06,Urban,10,12966,7163,5803,11745,6595,5150,11745,6595,5150,0,0,0,0,0,0,0,0,0,0,0,0
C3010,08,06,0000,District - Alwar  06,Urban,11,8384,4625,3759,7772,4367,3405,7772,4367,3405,0,0,0,0,0,0,0,0,0,0,0,0
C3010,08,06,0000,District - Alwar  06,Urban,12,11629,6290,5339,10345,5715,4630,10345,5715,4630,0,0,0,0,0,0,0,0,0,0,0,0
C3010,08,06,0000,District - Alwar  06,Urban,13,9265,4856,4409,8050,4357,3693,8050,4357,3693,0,0,0,0,0,0,0,0,0,0,0,0
C3010,08,06,0000,District - Alwar  06,Urban,14,9857,5284,4573,8234,4616,3618,8234,4616,3618,0,0,0,0,0,0,0,0,0,0,0,0
C3010,08,06,0000,District - Alwar  06,Urban,15-19,48173,26827,21346,30203,17338,12865,25401,14801,10600,4225,2121,2104,318,250,68,250,162,88,9,4,5
C3010,08,06,0000,District - Alwar  06,Urban,20-24,42804,24556,18248,9501,6110,3391,2499,1693,806,6433,4002,2431,386,295,91,177,119,58,6,1,5
C3010,08,06,0000,District - Alwar  06,Urban,25-29,37834,20436,17398,756,571,185,0,0,0,547,401,146,132,113,19,66,52,14,11,5,6
C3010,08,06,0000,District - Alwar  06,Urban,30-34,34112,18284,15828,147,104,43,0,0,0,97,71,26,26,20,6,16,9,7,8,4,4
C3010,08,06,0000,District - Alwar  06,Urban,35-59,98543,53998,44545,254,171,83,0,0,0,151,107,44,40,29,11,15,13,2,48,22,26
C3010,08,06,0000,District - Alwar  06,Urban,60+,25982,12741,13241,46,30,16,0,0,0,25,19,6,6,3,3,3,3,0,12,5,7
C3010,08,06,0000,District - Alwar  06,Urban,Age not stated,1130,677,453,16,6,10,0,0,0,16,6,10,0,0,0,0,0,0,0,0,0
C3010,08,07,0000,District - Bharatpur  07,Total,All ages,2101142,1133425,967717,522056,330945,191111,501142,317149,183993,15166,11075,4091,1467,1251,216,1449,926,523,2832,544,2288
C3010,08,07,0000,District - Bharatpur  07,Total,0-4,288703,152911,135792,5807,3289,2518,5807,3289,2518,0,0,0,0,0,0,0,0,0,0,0,0
C3010,08,07,0000,District - Bharatpur  07,Total,5,66116,36019,30097,10733,6359,4374,10733,6359,4374,0,0,0,0,0,0,0,0,0,0,0,0
C3010,08,07,0000,District - Bharatpur  07,Total,6,73362,38984,34378,25077,14456,10621,25077,14456,10621,0,0,0,0,0,0,0,0,0,0,0,0
C3010,08,07,0000,District - Bharatpur  07,Total,7,51090,27464,23626,37804,21726,16078,37804,21726,16078,0,0,0,0,0,0,0,0,0,0,0,0
C3010,08,07,0000,District - Bharatpur  07,Total,8,85737,46299,39438,68044,39479,28565,68044,39479,28565,0,0,0,0,0,0,0,0,0,0,0,0
C3010,08,07,0000,District - Bharatpur  07,Total,9,44667,24118,20549,37906,21930,15976,37906,21930,15976,0,0,0,0,0,0,0,0,0,0,0,0
C3010,08,07,0000,District - Bharatpur  07,Total,10,83813,45950,37863,69289,41548,27741,69289,41548,27741,0,0,0,0,0,0,0,0,0,0,0,0
C3010,08,07,0000,District - Bharatpur  07,Total,11,36766,20383,16383,31254,18907,12347,31254,18907,12347,0,0,0,0,0,0,0,0,0,0,0,0
C3010,08,07,0000,District - Bharatpur  07,Total,12,72691,40153,32538,57224,35871,21353,57224,35871,21353,0,0,0,0,0,0,0,0,0,0,0,0
C3010,08,07,0000,District - Bharatpur  07,Total,13,42059,22951,19108,31473,20112,11361,31473,20112,11361,0,0,0,0,0,0,0,0,0,0,0,0
C3010,08,07,0000,District - Bharatpur  07,Total,14,53008,29431,23577,35758,24139,11619,35758,24139,11619,0,0,0,0,0,0,0,0,0,0,0,0
C3010,08,07,0000,District - Bharatpur  07,Total,15-19,202038,118636,83402,87928,65896,22032,80710,61024,19686,5607,3841,1766,475,412,63,976,590,386,160,29,131
C3010,08,07,0000,District - Bharatpur  07,Total,20-24,172493,95022,77471,19790,15313,4477,10063,8309,1754,8374,6254,2120,563,496,67,258,197,61,532,57,475
C3010,08,07,0000,District - Bharatpur  07,Total,25-29,150454,79886,70568,1824,1071,753,0,0,0,883,740,143,220,194,26,87,63,24,634,74,560
C3010,08,07,0000,District - Bharatpur  07,Total,30-34,135773,68587,67186,808,258,550,0,0,0,126,102,24,49,40,9,40,16,24,593,100,493
C3010,08,07,0000,District - Bharatpur  07,Total,35-59,400831,213060,187771,1162,485,677,0,0,0,129,109,20,129,91,38,66,47,19,838,238,600
C3010,08,07,0000,District - Bharatpur  07,Total,60+,137861,71311,66550,143,91,52,0,0,0,32,20,12,28,16,12,13,9,4,70,46,24
C3010,08,07,0000,District - Bharatpur  07,Total,Age not stated,3680,2260,1420,32,15,17,0,0,0,15,9,6,3,2,1,9,4,5,5,0,5
C3010,08,07,0000,District - Bharatpur  07,Rural,All ages,1692182,914034,778148,408609,265010,143599,396594,256585,140009,7413,6618,795,679,583,96,1127,692,435,2796,532,2264
C3010,08,07,0000,District - Bharatpur  07,Rural,0-4,242536,128310,114226,3694,2133,1561,3694,2133,1561,0,0,0,0,0,0,0,0,0,0,0,0
C3010,08,07,0000,District - Bharatpur  07,Rural,5,54761,29776,24985,7739,4631,3108,7739,4631,3108,0,0,0,0,0,0,0,0,0,0,0,0
C3010,08,07,0000,District - Bharatpur  07,Rural,6,61849,32784,29065,20510,11881,8629,20510,11881,8629,0,0,0,0,0,0,0,0,0,0,0,0
C3010,08,07,0000,District - Bharatpur  07,Rural,7,41973,22543,19430,30774,17777,12997,30774,17777,12997,0,0,0,0,0,0,0,0,0,0,0,0
C3010,08,07,0000,District - Bharatpur  07,Rural,8,71694,38535,33159,56666,32955,23711,56666,32955,23711,0,0,0,0,0,0,0,0,0,0,0,0
C3010,08,07,0000,District - Bharatpur  07,Rural,9,36630,19731,16899,30964,18018,12946,30964,18018,12946,0,0,0,0,0,0,0,0,0,0,0,0
C3010,08,07,0000,District - Bharatpur  07,Rural,10,69174,37873,31301,57032,34473,22559,57032,34473,22559,0,0,0,0,0,0,0,0,0,0,0,0
C3010,08,07,0000,District - Bharatpur  07,Rural,11,29374,16375,12999,24768,15269,9499,24768,15269,9499,0,0,0,0,0,0,0,0,0,0,0,0
C3010,08,07,0000,District - Bharatpur  07,Rural,12,59202,32743,26459,46166,29488,16678,46166,29488,16678,0,0,0,0,0,0,0,0,0,0,0,0
C3010,08,07,0000,District - Bharatpur  07,Rural,13,33556,18507,15049,24504,16254,8250,24504,16254,8250,0,0,0,0,0,0,0,0,0,0,0,0
C3010,08,07,0000,District - Bharatpur  07,Rural,14,42556,23845,18711,27889,19650,8239,27889,19650,8239,0,0,0,0,0,0,0,0,0,0,0,0
C3010,08,07,0000,District - Bharatpur  07,Rural,15-19,157263,93564,63699,62804,50899,11905,58913,47864,11049,2717,2346,371,205,188,17,813,474,339,156,27,129
C3010,08,07,0000,District - Bharatpur  07,Rural,20-24,134785,74080,60705,11982,10283,1699,6975,6192,783,4056,3668,388,261,240,21,161,127,34,529,56,473
C3010,08,07,0000,District - Bharatpur  07,Rural,25-29,119790,63654,56136,1265,660,605,0,0,0,488,465,23,97,84,13,49,37,12,631,74,557
C3010,08,07,0000,District - Bharatpur  07,Rural,30-34,107872,54466,53406,735,207,528,0,0,0,84,76,8,29,21,8,35,12,23,587,98,489
C3010,08,07,0000,District - Bharatpur  07,Rural,35-59,313335,166451,146884,988,352,636,0,0,0,54,52,2,64,38,26,49,30,19,821,232,589
C3010,08,07,0000,District - Bharatpur  07,Rural,60+,112843,58986,53857,111,73,38,0,0,0,10,8,2,21,11,10,13,9,4,67,45,22
C3010,08,07,0000,District - Bharatpur  07,Rural,Age not stated,2989,1811,1178,18,7,11,0,0,0,4,3,1,2,1,1,7,3,4,5,0,5
C3010,08,07,0000,District - Bharatpur  07,Urban,All ages,408960,219391,189569,113447,65935,47512,104548,60564,43984,7753,4457,3296,788,668,120,322,234,88,36,12,24
C3010,08,07,0000,District - Bharatpur  07,Urban,0-4,46167,24601,21566,2113,1156,957,2113,1156,957,0,0,0,0,0,0,0,0,0,0,0,0
C3010,08,07,0000,District - Bharatpur  07,Urban,5,11355,6243,5112,2994,1728,1266,2994,1728,1266,0,0,0,0,0,0,0,0,0,0,0,0
C3010,08,07,0000,District - Bharatpur  07,Urban,6,11513,6200,5313,4567,2575,1992,4567,2575,1992,0,0,0,0,0,0,0,0,0,0,0,0
C3010,08,07,0000,District - Bharatpur  07,Urban,7,9117,4921,4196,7030,3949,3081,7030,3949,3081,0,0,0,0,0,0,0,0,0,0,0,0
C3010,08,07,0000,District - Bharatpur  07,Urban,8,14043,7764,6279,11378,6524,4854,11378,6524,4854,0,0,0,0,0,0,0,0,0,0,0,0
C3010,08,07,0000,District - Bharatpur  07,Urban,9,8037,4387,3650,6942,3912,3030,6942,3912,3030,0,0,0,0,0,0,0,0,0,0,0,0
C3010,08,07,0000,District - Bharatpur  07,Urban,10,14639,8077,6562,12257,7075,5182,12257,7075,5182,0,0,0,0,0,0,0,0,0,0,0,0
C3010,08,07,0000,District - Bharatpur  07,Urban,11,7392,4008,3384,6486,3638,2848,6486,3638,2848,0,0,0,0,0,0,0,0,0,0,0,0
C3010,08,07,0000,District - Bharatpur  07,Urban,12,13489,7410,6079,11058,6383,4675,11058,6383,4675,0,0,0,0,0,0,0,0,0,0,0,0
C3010,08,07,0000,District - Bharatpur  07,Urban,13,8503,4444,4059,6969,3858,3111,6969,3858,3111,0,0,0,0,0,0,0,0,0,0,0,0
C3010,08,07,0000,District - Bharatpur  07,Urban,14,10452,5586,4866,7869,4489,3380,7869,4489,3380,0,0,0,0,0,0,0,0,0,0,0,0
C3010,08,07,0000,District - Bharatpur  07,Urban,15-19,44775,25072,19703,25124,14997,10127,21797,13160,8637,2890,1495,1395,270,224,46,163,116,47,4,2,2
C3010,08,07,0000,District - Bharatpur  07,Urban,20-24,37708,20942,16766,7808,5030,2778,3088,2117,971,4318,2586,1732,302,256,46,97,70,27,3,1,2
C3010,08,07,0000,District - Bharatpur  07,Urban,25-29,30664,16232,14432,559,411,148,0,0,0,395,275,120,123,110,13,38,26,12,3,0,3
C3010,08,07,0000,District - Bharatpur  07,Urban,30-34,27901,14121,13780,73,51,22,0,0,0,42,26,16,20,19,1,5,4,1,6,2,4
C3010,08,07,0000,District - Bharatpur  07,Urban,35-59,87496,46609,40887,174,133,41,0,0,0,75,57,18,65,53,12,17,17,0,17,6,11
C3010,08,07,0000,District - Bharatpur  07,Urban,60+,25018,12325,12693,32,18,14,0,0,0,22,12,10,7,5,2,0,0,0,3,1,2
C3010,08,07,0000,District - Bharatpur  07,Urban,Age not stated,691,449,242,14,8,6,0,0,0,11,6,5,1,1,0,2,1,1,0,0,0
C3010,08,08,0000,District - Dhaulpur  08,Total,All ages,983258,538103,445155,241297,149402,91895,225402,143058,82344,4396,3410,986,591,434,157,211,132,79,10697,2368,8329
C3010,08,08,0000,District - Dhaulpur  08,Total,0-4,148673,79298,69375,2875,1662,1213,2875,1662,1213,0,0,0,0,0,0,0,0,0,0,0,0
C3010,08,08,0000,District - Dhaulpur  08,Total,5,32603,18094,14509,5386,3207,2179,5386,3207,2179,0,0,0,0,0,0,0,0,0,0,0,0
C3010,08,08,0000,District - Dhaulpur  08,Total,6,38985,21053,17932,13272,7706,5566,13272,7706,5566,0,0,0,0,0,0,0,0,0,0,0,0
C3010,08,08,0000,District - Dhaulpur  08,Total,7,25069,13664,11405,17948,10382,7566,17948,10382,7566,0,0,0,0,0,0,0,0,0,0,0,0
C3010,08,08,0000,District - Dhaulpur  08,Total,8,42954,23655,19299,33003,19439,13564,33003,19439,13564,0,0,0,0,0,0,0,0,0,0,0,0
C3010,08,08,0000,District - Dhaulpur  08,Total,9,21186,11705,9481,17618,10332,7286,17618,10332,7286,0,0,0,0,0,0,0,0,0,0,0,0
C3010,08,08,0000,District - Dhaulpur  08,Total,10,41605,23264,18341,33378,20351,13027,33378,20351,13027,0,0,0,0,0,0,0,0,0,0,0,0
C3010,08,08,0000,District - Dhaulpur  08,Total,11,15321,8742,6579,12735,7921,4814,12735,7921,4814,0,0,0,0,0,0,0,0,0,0,0,0
C3010,08,08,0000,District - Dhaulpur  08,Total,12,39658,22459,17199,29770,19128,10642,29770,19128,10642,0,0,0,0,0,0,0,0,0,0,0,0
C3010,08,08,0000,District - Dhaulpur  08,Total,13,13804,7740,6064,9928,6458,3470,9928,6458,3470,0,0,0,0,0,0,0,0,0,0,0,0
C3010,08,08,0000,District - Dhaulpur  08,Total,14,26716,15027,11689,16335,11227,5108,16335,11227,5108,0,0,0,0,0,0,0,0,0,0,0,0
C3010,08,08,0000,District - Dhaulpur  08,Total,15-19,90597,54154,36443,32490,24005,8485,29945,22530,7415,1551,1111,440,178,137,41,122,74,48,694,153,541
C3010,08,08,0000,District - Dhaulpur  08,Total,20-24,79191,43497,35694,8592,5382,3210,3209,2715,494,2458,1938,520,232,182,50,47,30,17,2646,517,2129
C3010,08,08,0000,District - Dhaulpur  08,Total,25-29,69340,37443,31897,3251,957,2294,0,0,0,300,282,18,90,70,20,12,7,5,2849,598,2251
C3010,08,08,0000,District - Dhaulpur  08,Total,30-34,62022,32161,29861,2710,622,2088,0,0,0,46,43,3,36,10,26,10,6,4,2618,563,2055
C3010,08,08,0000,District - Dhaulpur  08,Total,35-59,178686,96251,82435,1908,582,1326,0,0,0,32,29,3,44,29,15,12,11,1,1820,513,1307
C3010,08,08,0000,District - Dhaulpur  08,Total,60+,55751,29192,26559,81,33,48,0,0,0,7,5,2,10,5,5,7,4,3,57,19,38
C3010,08,08,0000,District - Dhaulpur  08,Total,Age not stated,1097,704,393,17,8,9,0,0,0,2,2,0,1,1,0,1,0,1,13,5,8
C3010,08,08,0000,District - Dhaulpur  08,Rural,All ages,806640,443006,363634,196008,122987,73021,182687,118287,64400,2274,2062,212,296,218,78,157,97,60,10594,2323,8271
C3010,08,08,0000,District - Dhaulpur  08,Rural,0-4,126312,67157,59155,1964,1152,812,1964,1152,812,0,0,0,0,0,0,0,0,0,0,0,0
C3010,08,08,0000,District - Dhaulpur  08,Rural,5,27248,15164,12084,4045,2432,1613,4045,2432,1613,0,0,0,0,0,0,0,0,0,0,0,0
C3010,08,08,0000,District - Dhaulpur  08,Rural,6,33133,17866,15267,11121,6471,4650,11121,6471,4650,0,0,0,0,0,0,0,0,0,0,0,0
C3010,08,08,0000,District - Dhaulpur  08,Rural,7,20855,11322,9533,14993,8671,6322,14993,8671,6322,0,0,0,0,0,0,0,0,0,0,0,0
C3010,08,08,0000,District - Dhaulpur  08,Rural,8,35807,19825,15982,27773,16502,11271,27773,16502,11271,0,0,0,0,0,0,0,0,0,0,0,0
C3010,08,08,0000,District - Dhaulpur  08,Rural,9,17670,9789,7881,14817,8754,6063,14817,8754,6063,0,0,0,0,0,0,0,0,0,0,0,0
C3010,08,08,0000,District - Dhaulpur  08,Rural,10,33948,19027,14921,27525,16942,10583,27525,16942,10583,0,0,0,0,0,0,0,0,0,0,0,0
C3010,08,08,0000,District - Dhaulpur  08,Rural,11,12536,7212,5324,10461,6617,3844,10461,6617,3844,0,0,0,0,0,0,0,0,0,0,0,0
C3010,08,08,0000,District - Dhaulpur  08,Rural,12,32584,18581,14003,24538,16086,8452,24538,16086,8452,0,0,0,0,0,0,0,0,0,0,0,0
C3010,08,08,0000,District - Dhaulpur  08,Rural,13,11066,6259,4807,7867,5289,2578,7867,5289,2578,0,0,0,0,0,0,0,0,0,0,0,0
C3010,08,08,0000,District - Dhaulpur  08,Rural,14,21787,12384,9403,13060,9334,3726,13060,9334,3726,0,0,0,0,0,0,0,0,0,0,0,0
C3010,08,08,0000,District - Dhaulpur  08,Rural,15-19,72004,43792,28212,23847,18885,4962,22208,17944,4264,796,688,108,69,52,17,92,56,36,682,145,537
C3010,08,08,0000,District - Dhaulpur  08,Rural,20-24,63711,35034,28677,6372,3893,2479,2315,2093,222,1255,1156,99,131,111,20,32,21,11,2639,512,2127
C3010,08,08,0000,District - Dhaulpur  08,Rural,25-29,56750,30818,25932,3054,799,2255,0,0,0,175,171,4,38,33,5,8,3,5,2833,592,2241
C3010,08,08,0000,District - Dhaulpur  08,Rural,30-34,50334,26284,24050,2669,602,2067,0,0,0,30,30,0,26,6,20,8,5,3,2605,561,2044
C3010,08,08,0000,District - Dhaulpur  08,Rural,35-59,144168,77630,66538,1825,531,1294,0,0,0,14,13,1,27,15,12,11,10,1,1773,493,1280
C3010,08,08,0000,District - Dhaulpur  08,Rural,60+,45929,24349,21580,64,22,42,0,0,0,2,2,0,5,1,4,5,2,3,52,17,35
C3010,08,08,0000,District - Dhaulpur  08,Rural,Age not stated,798,513,285,13,5,8,0,0,0,2,2,0,0,0,0,1,0,1,10,3,7
C3010,08,08,0000,District - Dhaulpur  08,Urban,All ages,176618,95097,81521,45289,26415,18874,42715,24771,17944,2122,1348,774,295,216,79,54,35,19,103,45,58
C3010,08,08,0000,District - Dhaulpur  08,Urban,0-4,22361,12141,10220,911,510,401,911,510,401,0,0,0,0,0,0,0,0,0,0,0,0
C3010,08,08,0000,District - Dhaulpur  08,Urban,5,5355,2930,2425,1341,775,566,1341,775,566,0,0,0,0,0,0,0,0,0,0,0,0
C3010,08,08,0000,District - Dhaulpur  08,Urban,6,5852,3187,2665,2151,1235,916,2151,1235,916,0,0,0,0,0,0,0,0,0,0,0,0
C3010,08,08,0000,District - Dhaulpur  08,Urban,7,4214,2342,1872,2955,1711,1244,2955,1711,1244,0,0,0,0,0,0,0,0,0,0,0,0
C3010,08,08,0000,District - Dhaulpur  08,Urban,8,7147,3830,3317,5230,2937,2293,5230,2937,2293,0,0,0,0,0,0,0,0,0,0,0,0
C3010,08,08,0000,District - Dhaulpur  08,Urban,9,3516,1916,1600,2801,1578,1223,2801,1578,1223,0,0,0,0,0,0,0,0,0,0,0,0
C3010,08,08,0000,District - Dhaulpur  08,Urban,10,7657,4237,3420,5853,3409,2444,5853,3409,2444,0,0,0,0,0,0,0,0,0,0,0,0
C3010,08,08,0000,District - Dhaulpur  08,Urban,11,2785,1530,1255,2274,1304,970,2274,1304,970,0,0,0,0,0,0,0,0,0,0,0,0
C3010,08,08,0000,District - Dhaulpur  08,Urban,12,7074,3878,3196,5232,3042,2190,5232,3042,2190,0,0,0,0,0,0,0,0,0,0,0,0
C3010,08,08,0000,District - Dhaulpur  08,Urban,13,2738,1481,1257,2061,1169,892,2061,1169,892,0,0,0,0,0,0,0,0,0,0,0,0
C3010,08,08,0000,District - Dhaulpur  08,Urban,14,4929,2643,2286,3275,1893,1382,3275,1893,1382,0,0,0,0,0,0,0,0,0,0,0,0
C3010,08,08,0000,District - Dhaulpur  08,Urban,15-19,18593,10362,8231,8643,5120,3523,7737,4586,3151,755,423,332,109,85,24,30,18,12,12,8,4
C3010,08,08,0000,District - Dhaulpur  08,Urban,20-24,15480,8463,7017,2220,1489,731,894,622,272,1203,782,421,101,71,30,15,9,6,7,5,2
C3010,08,08,0000,District - Dhaulpur  08,Urban,25-29,12590,6625,5965,197,158,39,0,0,0,125,111,14,52,37,15,4,4,0,16,6,10
C3010,08,08,0000,District - Dhaulpur  08,Urban,30-34,11688,5877,5811,41,20,21,0,0,0,16,13,3,10,4,6,2,1,1,13,2,11
C3010,08,08,0000,District - Dhaulpur  08,Urban,35-59,34518,18621,15897,83,51,32,0,0,0,18,16,2,17,14,3,1,1,0,47,20,27
C3010,08,08,0000,District - Dhaulpur  08,Urban,60+,9822,4843,4979,17,11,6,0,0,0,5,3,2,5,4,1,2,2,0,5,2,3
C3010,08,08,0000,District - Dhaulpur  08,Urban,Age not stated,299,191,108,4,3,1,0,0,0,0,0,0,1,1,0,0,0,0,3,2,1
C3010,08,09,0000,District - Karauli *  09,Total,All ages,1209665,651998,557667,309088,199217,109871,285702,187497,98205,8271,7245,1026,1082,874,208,465,323,142,13568,3278,10290
C3010,08,09,0000,District - Karauli *  09,Total,0-4,167825,89252,78573,3021,1727,1294,3021,1727,1294,0,0,0,0,0,0,0,0,0,0,0,0
C3010,08,09,0000,District - Karauli *  09,Total,5,40204,21830,18374,6784,4113,2671,6784,4113,2671,0,0,0,0,0,0,0,0,0,0,0,0
C3010,08,09,0000,District - Karauli *  09,Total,6,41313,22025,19288,14691,8809,5882,14691,8809,5882,0,0,0,0,0,0,0,0,0,0,0,0
C3010,08,09,0000,District - Karauli *  09,Total,7,31871,17364,14507,23888,14153,9735,23888,14153,9735,0,0,0,0,0,0,0,0,0,0,0,0
C3010,08,09,0000,District - Karauli *  09,Total,8,48866,26741,22125,38432,22950,15482,38432,22950,15482,0,0,0,0,0,0,0,0,0,0,0,0
C3010,08,09,0000,District - Karauli *  09,Total,9,27063,14869,12194,22837,13661,9176,22837,13661,9176,0,0,0,0,0,0,0,0,0,0,0,0
C3010,08,09,0000,District - Karauli *  09,Total,10,47191,26221,20970,37821,23464,14357,37821,23464,14357,0,0,0,0,0,0,0,0,0,0,0,0
C3010,08,09,0000,District - Karauli *  09,Total,11,19960,11431,8529,16585,10588,5997,16585,10588,5997,0,0,0,0,0,0,0,0,0,0,0,0
C3010,08,09,0000,District - Karauli *  09,Total,12,42204,23394,18810,31719,20691,11028,31719,20691,11028,0,0,0,0,0,0,0,0,0,0,0,0
C3010,08,09,0000,District - Karauli *  09,Total,13,24271,13424,10847,17565,11839,5726,17565,11839,5726,0,0,0,0,0,0,0,0,0,0,0,0
C3010,08,09,0000,District - Karauli *  09,Total,14,28307,15763,12544,18164,12841,5323,18164,12841,5323,0,0,0,0,0,0,0,0,0,0,0,0
C3010,08,09,0000,District - Karauli *  09,Total,15-19,119143,69294,49849,51568,39539,12029,47493,36905,10588,2562,2062,500,287,247,40,230,135,95,996,190,806
C3010,08,09,0000,District - Karauli *  09,Total,20-24,94250,51074,43176,14819,10855,3964,6702,5756,946,4621,4139,482,419,345,74,119,101,18,2958,514,2444
C3010,08,09,0000,District - Karauli *  09,Total,25-29,84798,44711,40087,4074,1564,2510,0,0,0,822,794,28,177,153,24,39,32,7,3036,585,2451
C3010,08,09,0000,District - Karauli *  09,Total,30-34,76670,38829,37841,3093,812,2281,0,0,0,133,128,5,63,43,20,23,14,9,2874,627,2247
C3010,08,09,0000,District - Karauli *  09,Total,35-59,228202,121265,106937,3586,1342,2244,0,0,0,72,65,7,103,71,32,37,26,11,3374,1180,2194
C3010,08,09,0000,District - Karauli *  09,Total,60+,81808,41588,40220,332,208,124,0,0,0,15,13,2,29,12,17,12,10,2,276,173,103
C3010,08,09,0000,District - Karauli *  09,Total,Age not stated,5719,2923,2796,109,61,48,0,0,0,46,44,2,4,3,1,5,5,0,54,9,45
C3010,08,09,0000,District - Karauli *  09,Rural,All ages,1037720,560375,477345,265344,172615,92729,244477,162545,81932,6343,5965,378,769,618,151,323,237,86,13432,3250,10182
C3010,08,09,0000,District - Karauli *  09,Rural,0-4,146190,77902,68288,2173,1262,911,2173,1262,911,0,0,0,0,0,0,0,0,0,0,0,0
C3010,08,09,0000,District - Karauli *  09,Rural,5,35061,19018,16043,5451,3340,2111,5451,3340,2111,0,0,0,0,0,0,0,0,0,0,0,0
C3010,08,09,0000,District - Karauli *  09,Rural,6,35886,19149,16737,12537,7579,4958,12537,7579,4958,0,0,0,0,0,0,0,0,0,0,0,0
C3010,08,09,0000,District - Karauli *  09,Rural,7,27630,15006,12624,20919,12385,8534,20919,12385,8534,0,0,0,0,0,0,0,0,0,0,0,0
C3010,08,09,0000,District - Karauli *  09,Rural,8,42175,23052,19123,33536,20011,13525,33536,20011,13525,0,0,0,0,0,0,0,0,0,0,0,0
C3010,08,09,0000,District - Karauli *  09,Rural,9,23646,13013,10633,20088,12060,8028,20088,12060,8028,0,0,0,0,0,0,0,0,0,0,0,0
C3010,08,09,0000,District - Karauli *  09,Rural,10,40391,22401,17990,32739,20354,12385,32739,20354,12385,0,0,0,0,0,0,0,0,0,0,0,0
C3010,08,09,0000,District - Karauli *  09,Rural,11,17101,9868,7233,14319,9275,5044,14319,9275,5044,0,0,0,0,0,0,0,0,0,0,0,0
C3010,08,09,0000,District - Karauli *  09,Rural,12,36147,20079,16068,27378,18050,9328,27378,18050,9328,0,0,0,0,0,0,0,0,0,0,0,0
C3010,08,09,0000,District - Karauli *  09,Rural,13,20769,11514,9255,15047,10334,4713,15047,10334,4713,0,0,0,0,0,0,0,0,0,0,0,0
C3010,08,09,0000,District - Karauli *  09,Rural,14,24032,13523,10509,15433,11240,4193,15433,11240,4193,0,0,0,0,0,0,0,0,0,0,0,0
C3010,08,09,0000,District - Karauli *  09,Rural,15-19,100428,59063,41365,42703,33992,8711,39501,31866,7635,1880,1681,199,188,163,25,152,96,56,982,186,796
C3010,08,09,0000,District - Karauli *  09,Rural,20-24,79141,42793,36348,12206,9001,3205,5356,4789,567,3565,3404,161,275,222,53,80,73,7,2930,513,2417
C3010,08,09,0000,District - Karauli *  09,Rural,25-29,71927,38000,33927,3868,1401,2467,0,0,0,687,674,13,141,122,19,29,24,5,3011,581,2430
C3010,08,09,0000,District - Karauli *  09,Rural,30-34,65370,33073,32297,3045,785,2260,0,0,0,109,108,1,56,41,15,21,12,9,2859,624,2235
C3010,08,09,0000,District - Karauli *  09,Rural,35-59,194808,103527,91281,3488,1291,2197,0,0,0,48,46,2,85,59,26,25,18,7,3330,1168,2162
C3010,08,09,0000,District - Karauli *  09,Rural,60+,71516,36608,34908,309,198,111,0,0,0,10,10,0,21,9,12,12,10,2,266,169,97
C3010,08,09,0000,District - Karauli *  09,Rural,Age not stated,5502,2786,2716,105,57,48,0,0,0,44,42,2,3,2,1,4,4,0,54,9,45
C3010,08,09,0000,District - Karauli *  09,Urban,All ages,171945,91623,80322,43744,26602,17142,41225,24952,16273,1928,1280,648,313,256,57,142,86,56,136,28,108
C3010,08,09,0000,District - Karauli *  09,Urban,0-4,21635,11350,10285,848,465,383,848,465,383,0,0,0,0,0,0,0,0,0,0,0,0
C3010,08,09,0000,District - Karauli *  09,Urban,5,5143,2812,2331,1333,773,560,1333,773,560,0,0,0,0,0,0,0,0,0,0,0,0
C3010,08,09,0000,District - Karauli *  09,Urban,6,5427,2876,2551,2154,1230,924,2154,1230,924,0,0,0,0,0,0,0,0,0,0,0,0
C3010,08,09,0000,District - Karauli *  09,Urban,7,4241,2358,1883,2969,1768,1201,2969,1768,1201,0,0,0,0,0,0,0,0,0,0,0,0
C3010,08,09,0000,District - Karauli *  09,Urban,8,6691,3689,3002,4896,2939,1957,4896,2939,1957,0,0,0,0,0,0,0,0,0,0,0,0
C3010,08,09,0000,District - Karauli *  09,Urban,9,3417,1856,1561,2749,1601,1148,2749,1601,1148,0,0,0,0,0,0,0,0,0,0,0,0
C3010,08,09,0000,District - Karauli *  09,Urban,10,6800,3820,2980,5082,3110,1972,5082,3110,1972,0,0,0,0,0,0,0,0,0,0,0,0
C3010,08,09,0000,District - Karauli *  09,Urban,11,2859,1563,1296,2266,1313,953,2266,1313,953,0,0,0,0,0,0,0,0,0,0,0,0
C3010,08,09,0000,District - Karauli *  09,Urban,12,6057,3315,2742,4341,2641,1700,4341,2641,1700,0,0,0,0,0,0,0,0,0,0,0,0
C3010,08,09,0000,District - Karauli *  09,Urban,13,3502,1910,1592,2518,1505,1013,2518,1505,1013,0,0,0,0,0,0,0,0,0,0,0,0
C3010,08,09,0000,District - Karauli *  09,Urban,14,4275,2240,2035,2731,1601,1130,2731,1601,1130,0,0,0,0,0,0,0,0,0,0,0,0
C3010,08,09,0000,District - Karauli *  09,Urban,15-19,18715,10231,8484,8865,5547,3318,7992,5039,2953,682,381,301,99,84,15,78,39,39,14,4,10
C3010,08,09,0000,District - Karauli *  09,Urban,20-24,15109,8281,6828,2613,1854,759,1346,967,379,1056,735,321,144,123,21,39,28,11,28,1,27
C3010,08,09,0000,District - Karauli *  09,Urban,25-29,12871,6711,6160,206,163,43,0,0,0,135,120,15,36,31,5,10,8,2,25,4,21
C3010,08,09,0000,District - Karauli *  09,Urban,30-34,11300,5756,5544,48,27,21,0,0,0,24,20,4,7,2,5,2,2,0,15,3,12
C3010,08,09,0000,District - Karauli *  09,Urban,35-59,33394,17738,15656,98,51,47,0,0,0,24,19,5,18,12,6,12,8,4,44,12,32
C3010,08,09,0000,District - Karauli *  09,Urban,60+,10292,4980,5312,23,10,13,0,0,0,5,3,2,8,3,5,0,0,0,10,4,6
C3010,08,09,0000,District - Karauli *  09,Urban,Age not stated,217,137,80,4,4,0,0,0,0,2,2,0,1,1,0,1,1,0,0,0,0
C3010,08,10,0000,District - Sawai Madhopur  10,Total,All ages,1117057,591307,525750,252819,169503,83316,237258,157966,79292,12035,9862,2173,798,622,176,765,462,303,1963,591,1372
C3010,08,10,0000,District - Sawai Madhopur  10,Total,0-4,139068,72928,66140,2914,1704,1210,2914,1704,1210,0,0,0,0,0,0,0,0,0,0,0,0
C3010,08,10,0000,District - Sawai Madhopur  10,Total,5,33776,18122,15654,6239,3858,2381,6239,3858,2381,0,0,0,0,0,0,0,0,0,0,0,0
C3010,08,10,0000,District - Sawai Madhopur  10,Total,6,33906,17662,16244,12430,7483,4947,12430,7483,4947,0,0,0,0,0,0,0,0,0,0,0,0
C3010,08,10,0000,District - Sawai Madhopur  10,Total,7,28547,15042,13505,19432,11641,7791,19432,11641,7791,0,0,0,0,0,0,0,0,0,0,0,0
C3010,08,10,0000,District - Sawai Madhopur  10,Total,8,41385,22090,19295,30290,18476,11814,30290,18476,11814,0,0,0,0,0,0,0,0,0,0,0,0
C3010,08,10,0000,District - Sawai Madhopur  10,Total,9,24235,13095,11140,18896,11717,7179,18896,11717,7179,0,0,0,0,0,0,0,0,0,0,0,0
C3010,08,10,0000,District - Sawai Madhopur  10,Total,10,40914,22053,18861,30565,19353,11212,30565,19353,11212,0,0,0,0,0,0,0,0,0,0,0,0
C3010,08,10,0000,District - Sawai Madhopur  10,Total,11,19626,10821,8805,15149,9784,5365,15149,9784,5365,0,0,0,0,0,0,0,0,0,0,0,0
C3010,08,10,0000,District - Sawai Madhopur  10,Total,12,37021,20169,16852,25698,17354,8344,25698,17354,8344,0,0,0,0,0,0,0,0,0,0,0,0
C3010,08,10,0000,District - Sawai Madhopur  10,Total,13,25053,13446,11607,16550,11390,5160,16550,11390,5160,0,0,0,0,0,0,0,0,0,0,0,0
C3010,08,10,0000,District - Sawai Madhopur  10,Total,14,25215,13894,11321,15278,11012,4266,15278,11012,4266,0,0,0,0,0,0,0,0,0,0,0,0
C3010,08,10,0000,District - Sawai Madhopur  10,Total,15-19,111563,61379,50184,43913,33606,10307,39350,30405,8945,3772,2774,998,241,186,55,401,213,188,149,28,121
C3010,08,10,0000,District - Sawai Madhopur  10,Total,20-24,92349,49480,42869,11968,9888,2080,4467,3789,678,6771,5726,1045,242,202,40,141,101,40,347,70,277
C3010,08,10,0000,District - Sawai Madhopur  10,Total,25-29,80941,42453,38488,1667,1288,379,0,0,0,1065,1006,59,143,131,12,92,72,20,367,79,288
C3010,08,10,0000,District - Sawai Madhopur  10,Total,30-34,74389,37587,36802,628,305,323,0,0,0,173,156,17,48,30,18,33,17,16,374,102,272
C3010,08,10,0000,District - Sawai Madhopur  10,Total,35-59,225695,119520,106175,884,441,443,0,0,0,122,105,17,86,51,35,59,36,23,617,249,368
C3010,08,10,0000,District - Sawai Madhopur  10,Total,60+,75472,37437,38035,198,134,64,0,0,0,61,51,10,26,14,12,16,9,7,95,60,35
C3010,08,10,0000,District - Sawai Madhopur  10,Total,Age not stated,7902,4129,3773,120,69,51,0,0,0,71,44,27,12,8,4,23,14,9,14,3,11
C3010,08,10,0000,District - Sawai Madhopur  10,Rural,All ages,904417,478716,425701,195619,135999,59620,185248,127863,57385,7458,6896,562,436,344,92,554,322,232,1923,574,1349
C3010,08,10,0000,District - Sawai Madhopur  10,Rural,0-4,115565,60647,54918,1903,1142,761,1903,1142,761,0,0,0,0,0,0,0,0,0,0,0,0
C3010,08,10,0000,District - Sawai Madhopur  10,Rural,5,27965,14972,12993,4517,2860,1657,4517,2860,1657,0,0,0,0,0,0,0,0,0,0,0,0
C3010,08,10,0000,District - Sawai Madhopur  10,Rural,6,28352,14796,13556,10034,6205,3829,10034,6205,3829,0,0,0,0,0,0,0,0,0,0,0,0
C3010,08,10,0000,District - Sawai Madhopur  10,Rural,7,23400,12346,11054,15502,9480,6022,15502,9480,6022,0,0,0,0,0,0,0,0,0,0,0,0
C3010,08,10,0000,District - Sawai Madhopur  10,Rural,8,34533,18449,16084,24802,15451,9351,24802,15451,9351,0,0,0,0,0,0,0,0,0,0,0,0
C3010,08,10,0000,District - Sawai Madhopur  10,Rural,9,20042,10799,9243,15306,9669,5637,15306,9669,5637,0,0,0,0,0,0,0,0,0,0,0,0
C3010,08,10,0000,District - Sawai Madhopur  10,Rural,10,33645,18057,15588,24607,15927,8680,24607,15927,8680,0,0,0,0,0,0,0,0,0,0,0,0
C3010,08,10,0000,District - Sawai Madhopur  10,Rural,11,15628,8614,7014,11681,7798,3883,11681,7798,3883,0,0,0,0,0,0,0,0,0,0,0,0
C3010,08,10,0000,District - Sawai Madhopur  10,Rural,12,30385,16506,13879,20393,14242,6151,20393,14242,6151,0,0,0,0,0,0,0,0,0,0,0,0
C3010,08,10,0000,District - Sawai Madhopur  10,Rural,13,20295,10941,9354,12790,9281,3509,12790,9281,3509,0,0,0,0,0,0,0,0,0,0,0,0
C3010,08,10,0000,District - Sawai Madhopur  10,Rural,14,20236,11233,9003,11668,8920,2748,11668,8920,2748,0,0,0,0,0,0,0,0,0,0,0,0
C3010,08,10,0000,District - Sawai Madhopur  10,Rural,15-19,87816,48531,39285,31292,25961,5331,28635,23850,4785,2097,1841,256,95,76,19,317,167,150,148,27,121
C3010,08,10,0000,District - Sawai Madhopur  10,Rural,20-24,72693,38789,33904,8245,7283,962,3410,3038,372,4287,4013,274,118,99,19,89,63,26,341,70,271
C3010,08,10,0000,District - Sawai Madhopur  10,Rural,25-29,64746,34129,30617,1367,1043,324,0,0,0,847,828,19,101,96,5,55,42,13,364,77,287
C3010,08,10,0000,District - Sawai Madhopur  10,Rural,30-34,59577,30104,29473,548,248,300,0,0,0,117,115,2,37,23,14,23,10,13,371,100,271
C3010,08,10,0000,District - Sawai Madhopur  10,Rural,35-59,180912,95656,85256,745,343,402,0,0,0,50,46,4,55,32,23,39,23,16,601,242,359
C3010,08,10,0000,District - Sawai Madhopur  10,Rural,60+,62944,31186,31758,152,104,48,0,0,0,34,32,2,23,12,11,11,5,6,84,55,29
C3010,08,10,0000,District - Sawai Madhopur  10,Rural,Age not stated,5683,2961,2722,67,42,25,0,0,0,26,21,5,7,6,1,20,12,8,14,3,11
C3010,08,10,0000,District - Sawai Madhopur  10,Urban,All ages,212640,112591,100049,57200,33504,23696,52010,30103,21907,4577,2966,1611,362,278,84,211,140,71,40,17,23
C3010,08,10,0000,District - Sawai Madhopur  10,Urban,0-4,23503,12281,11222,1011,562,449,1011,562,449,0,0,0,0,0,0,0,0,0,0,0,0
C3010,08,10,0000,District - Sawai Madhopur  10,Urban,5,5811,3150,2661,1722,998,724,1722,998,724,0,0,0,0,0,0,0,0,0,0,0,0
C3010,08,10,0000,District - Sawai Madhopur  10,Urban,6,5554,2866,2688,2396,1278,1118,2396,1278,1118,0,0,0,0,0,0,0,0,0,0,0,0
C3010,08,10,0000,District - Sawai Madhopur  10,Urban,7,5147,2696,2451,3930,2161,1769,3930,2161,1769,0,0,0,0,0,0,0,0,0,0,0,0
C3010,08,10,0000,District - Sawai Madhopur  10,Urban,8,6852,3641,3211,5488,3025,2463,5488,3025,2463,0,0,0,0,0,0,0,0,0,0,0,0
C3010,08,10,0000,District - Sawai Madhopur  10,Urban,9,4193,2296,1897,3590,2048,1542,3590,2048,1542,0,0,0,0,0,0,0,0,0,0,0,0
C3010,08,10,0000,District - Sawai Madhopur  10,Urban,10,7269,3996,3273,5958,3426,2532,5958,3426,2532,0,0,0,0,0,0,0,0,0,0,0,0
C3010,08,10,0000,District - Sawai Madhopur  10,Urban,11,3998,2207,1791,3468,1986,1482,3468,1986,1482,0,0,0,0,0,0,0,0,0,0,0,0
C3010,08,10,0000,District - Sawai Madhopur  10,Urban,12,6636,3663,2973,5305,3112,2193,5305,3112,2193,0,0,0,0,0,0,0,0,0,0,0,0
C3010,08,10,0000,District - Sawai Madhopur  10,Urban,13,4758,2505,2253,3760,2109,1651,3760,2109,1651,0,0,0,0,0,0,0,0,0,0,0,0
C3010,08,10,0000,District - Sawai Madhopur  10,Urban,14,4979,2661,2318,3610,2092,1518,3610,2092,1518,0,0,0,0,0,0,0,0,0,0,0,0
C3010,08,10,0000,District - Sawai Madhopur  10,Urban,15-19,23747,12848,10899,12621,7645,4976,10715,6555,4160,1675,933,742,146,110,36,84,46,38,1,1,0
C3010,08,10,0000,District - Sawai Madhopur  10,Urban,20-24,19656,10691,8965,3723,2605,1118,1057,751,306,2484,1713,771,124,103,21,52,38,14,6,0,6
C3010,08,10,0000,District - Sawai Madhopur  10,Urban,25-29,16195,8324,7871,300,245,55,0,0,0,218,178,40,42,35,7,37,30,7,3,2,1
C3010,08,10,0000,District - Sawai Madhopur  10,Urban,30-34,14812,7483,7329,80,57,23,0,0,0,56,41,15,11,7,4,10,7,3,3,2,1
C3010,08,10,0000,District - Sawai Madhopur  10,Urban,35-59,44783,23864,20919,139,98,41,0,0,0,72,59,13,31,19,12,20,13,7,16,7,9
C3010,08,10,0000,District - Sawai Madhopur  10,Urban,60+,12528,6251,6277,46,30,16,0,0,0,27,19,8,3,2,1,5,4,1,11,5,6
C3010,08,10,0000,District - Sawai Madhopur  10,Urban,Age not stated,2219,1168,1051,53,27,26,0,0,0,45,23,22,5,2,3,3,2,1,0,0,0
C3010,08,11,0000,District - Dausa *  11,Total,All ages,1317063,693438,623625,348916,221972,126944,325504,208139,117365,13546,11538,2008,660,555,105,428,269,159,8778,1471,7307
C3010,08,11,0000,District - Dausa *  11,Total,0-4,178433,93848,84585,3856,2208,1648,3856,2208,1648,0,0,0,0,0,0,0,0,0,0,0,0
C3010,08,11,0000,District - Dausa *  11,Total,5,43523,23001,20522,8526,4942,3584,8526,4942,3584,0,0,0,0,0,0,0,0,0,0,0,0
C3010,08,11,0000,District - Dausa *  11,Total,6,43022,22181,20841,17153,9824,7329,17153,9824,7329,0,0,0,0,0,0,0,0,0,0,0,0
C3010,08,11,0000,District - Dausa *  11,Total,7,36273,19299,16974,28730,16487,12243,28730,16487,12243,0,0,0,0,0,0,0,0,0,0,0,0
C3010,08,11,0000,District - Dausa *  11,Total,8,50729,26760,23969,42109,24158,17951,42109,24158,17951,0,0,0,0,0,0,0,0,0,0,0,0
C3010,08,11,0000,District - Dausa *  11,Total,9,31282,16692,14590,27013,15686,11327,27013,15686,11327,0,0,0,0,0,0,0,0,0,0,0,0
C3010,08,11,0000,District - Dausa *  11,Total,10,48391,25831,22560,40633,24228,16405,40633,24228,16405,0,0,0,0,0,0,0,0,0,0,0,0
C3010,08,11,0000,District - Dausa *  11,Total,11,25072,13466,11606,21211,12829,8382,21211,12829,8382,0,0,0,0,0,0,0,0,0,0,0,0
C3010,08,11,0000,District - Dausa *  11,Total,12,40524,22029,18495,32095,20505,11590,32095,20505,11590,0,0,0,0,0,0,0,0,0,0,0,0
C3010,08,11,0000,District - Dausa *  11,Total,13,30232,16004,14228,22450,14662,7788,22450,14662,7788,0,0,0,0,0,0,0,0,0,0,0,0
C3010,08,11,0000,District - Dausa *  11,Total,14,28667,15775,12892,20028,13966,6062,20028,13966,6062,0,0,0,0,0,0,0,0,0,0,0,0
C3010,08,11,0000,District - Dausa *  11,Total,15-19,128783,70936,57847,61013,46870,14143,55498,43129,12369,4379,3399,980,192,158,34,247,132,115,697,52,645
C3010,08,11,0000,District - Dausa *  11,Total,20-24,108281,56842,51439,16282,12832,3450,6202,5515,687,7790,6839,951,234,211,23,113,89,24,1943,178,1765
C3010,08,11,0000,District - Dausa *  11,Total,25-29,94765,49119,45646,3334,1399,1935,0,0,0,1058,1006,52,134,119,15,30,23,7,2112,251,1861
C3010,08,11,0000,District - Dausa *  11,Total,30-34,86318,42919,43399,2170,535,1635,0,0,0,171,158,13,39,24,15,12,8,4,1948,345,1603
C3010,08,11,0000,District - Dausa *  11,Total,35-59,254233,133846,120387,2151,738,1413,0,0,0,107,99,8,46,33,13,18,11,7,1980,595,1385
C3010,08,11,0000,District - Dausa *  11,Total,60+,87060,44078,42982,145,97,48,0,0,0,34,32,2,15,10,5,8,6,2,88,49,39
C3010,08,11,0000,District - Dausa *  11,Total,Age not stated,1475,812,663,17,6,11,0,0,0,7,5,2,0,0,0,0,0,0,10,1,9
C3010,08,11,0000,District - Dausa *  11,Rural,All ages,1181245,621591,559654,308149,198135,110014,288487,186847,101640,10238,9275,963,466,385,81,306,184,122,8652,1444,7208
C3010,08,11,0000,District - Dausa *  11,Rural,0-4,162990,85670,77320,3005,1755,1250,3005,1755,1250,0,0,0,0,0,0,0,0,0,0,0,0
C3010,08,11,0000,District - Dausa *  11,Rural,5,39689,20918,18771,7234,4206,3028,7234,4206,3028,0,0,0,0,0,0,0,0,0,0,0,0
C3010,08,11,0000,District - Dausa *  11,Rural,6,39319,20217,19102,15218,8742,6476,15218,8742,6476,0,0,0,0,0,0,0,0,0,0,0,0
C3010,08,11,0000,District - Dausa *  11,Rural,7,32784,17433,15351,25865,14883,10982,25865,14883,10982,0,0,0,0,0,0,0,0,0,0,0,0
C3010,08,11,0000,District - Dausa *  11,Rural,8,46267,24378,21889,38275,22033,16242,38275,22033,16242,0,0,0,0,0,0,0,0,0,0,0,0
C3010,08,11,0000,District - Dausa *  11,Rural,9,28332,15139,13193,24389,14251,10138,24389,14251,10138,0,0,0,0,0,0,0,0,0,0,0,0
C3010,08,11,0000,District - Dausa *  11,Rural,10,43900,23349,20551,36692,21961,14731,36692,21961,14731,0,0,0,0,0,0,0,0,0,0,0,0
C3010,08,11,0000,District - Dausa *  11,Rural,11,22324,11989,10335,18730,11444,7286,18730,11444,7286,0,0,0,0,0,0,0,0,0,0,0,0
C3010,08,11,0000,District - Dausa *  11,Rural,12,36505,19856,16649,28664,18559,10105,28664,18559,10105,0,0,0,0,0,0,0,0,0,0,0,0
C3010,08,11,0000,District - Dausa *  11,Rural,13,27046,14357,12689,19797,13184,6613,19797,13184,6613,0,0,0,0,0,0,0,0,0,0,0,0
C3010,08,11,0000,District - Dausa *  11,Rural,14,25496,14062,11434,17535,12503,5032,17535,12503,5032,0,0,0,0,0,0,0,0,0,0,0,0
C3010,08,11,0000,District - Dausa *  11,Rural,15-19,113323,62595,50728,51692,41207,10485,47586,38322,9264,3114,2642,472,124,103,21,178,88,90,690,52,638
C3010,08,11,0000,District - Dausa *  11,Rural,20-24,95887,50082,45805,13615,10892,2723,5497,5004,493,5959,5506,453,168,149,19,72,57,15,1919,176,1743
C3010,08,11,0000,District - Dausa *  11,Rural,25-29,84362,43781,40581,3115,1230,1885,0,0,0,906,881,25,100,88,12,19,14,5,2090,247,1843
C3010,08,11,0000,District - Dausa *  11,Rural,30-34,76747,38118,38629,2106,497,1609,0,0,0,143,136,7,25,13,12,12,8,4,1926,340,1586
C3010,08,11,0000,District - Dausa *  11,Rural,35-59,225921,118742,107179,2075,696,1379,0,0,0,80,76,4,36,24,12,17,11,6,1942,585,1357
C3010,08,11,0000,District - Dausa *  11,Rural,60+,79009,40162,38847,126,86,40,0,0,0,29,29,0,13,8,5,8,6,2,76,43,33
C3010,08,11,0000,District - Dausa *  11,Rural,Age not stated,1344,743,601,16,6,10,0,0,0,7,5,2,0,0,0,0,0,0,9,1,8
C3010,08,11,0000,District - Dausa *  11,Urban,All ages,135818,71847,63971,40767,23837,16930,37017,21292,15725,3308,2263,1045,194,170,24,122,85,37,126,27,99
C3010,08,11,0000,District - Dausa *  11,Urban,0-4,15443,8178,7265,851,453,398,851,453,398,0,0,0,0,0,0,0,0,0,0,0,0
C3010,08,11,0000,District - Dausa *  11,Urban,5,3834,2083,1751,1292,736,556,1292,736,556,0,0,0,0,0,0,0,0,0,0,0,0
C3010,08,11,0000,District - Dausa *  11,Urban,6,3703,1964,1739,1935,1082,853,1935,1082,853,0,0,0,0,0,0,0,0,0,0,0,0
C3010,08,11,0000,District - Dausa *  11,Urban,7,3489,1866,1623,2865,1604,1261,2865,1604,1261,0,0,0,0,0,0,0,0,0,0,0,0
C3010,08,11,0000,District - Dausa *  11,Urban,8,4462,2382,2080,3834,2125,1709,3834,2125,1709,0,0,0,0,0,0,0,0,0,0,0,0
C3010,08,11,0000,District - Dausa *  11,Urban,9,2950,1553,1397,2624,1435,1189,2624,1435,1189,0,0,0,0,0,0,0,0,0,0,0,0
C3010,08,11,0000,District - Dausa *  11,Urban,10,4491,2482,2009,3941,2267,1674,3941,2267,1674,0,0,0,0,0,0,0,0,0,0,0,0
C3010,08,11,0000,District - Dausa *  11,Urban,11,2748,1477,1271,2481,1385,1096,2481,1385,1096,0,0,0,0,0,0,0,0,0,0,0,0
C3010,08,11,0000,District - Dausa *  11,Urban,12,4019,2173,1846,3431,1946,1485,3431,1946,1485,0,0,0,0,0,0,0,0,0,0,0,0
C3010,08,11,0000,District - Dausa *  11,Urban,13,3186,1647,1539,2653,1478,1175,2653,1478,1175,0,0,0,0,0,0,0,0,0,0,0,0
C3010,08,11,0000,District - Dausa *  11,Urban,14,3171,1713,1458,2493,1463,1030,2493,1463,1030,0,0,0,0,0,0,0,0,0,0,0,0
C3010,08,11,0000,District - Dausa *  11,Urban,15-19,15460,8341,7119,9321,5663,3658,7912,4807,3105,1265,757,508,68,55,13,69,44,25,7,0,7
C3010,08,11,0000,District - Dausa *  11,Urban,20-24,12394,6760,5634,2667,1940,727,705,511,194,1831,1333,498,66,62,4,41,32,9,24,2,22
C3010,08,11,0000,District - Dausa *  11,Urban,25-29,10403,5338,5065,219,169,50,0,0,0,152,125,27,34,31,3,11,9,2,22,4,18
C3010,08,11,0000,District - Dausa *  11,Urban,30-34,9571,4801,4770,64,38,26,0,0,0,28,22,6,14,11,3,0,0,0,22,5,17
C3010,08,11,0000,District - Dausa *  11,Urban,35-59,28312,15104,13208,76,42,34,0,0,0,27,23,4,10,9,1,1,0,1,38,10,28
C3010,08,11,0000,District - Dausa *  11,Urban,60+,8051,3916,4135,19,11,8,0,0,0,5,3,2,2,2,0,0,0,0,12,6,6
C3010,08,11,0000,District - Dausa *  11,Urban,Age not stated,131,69,62,1,0,1,0,0,0,0,0,0,0,0,0,0,0,0,1,0,1
C3010,08,12,0000,District - Jaipur  12,Total,All ages,5251071,2768203,2482868,1448496,845045,603451,1303756,768625,535131,91317,61604,29713,5823,4329,1494,5823,3646,2177,41777,6841,34936
C3010,08,12,0000,District - Jaipur  12,Total,0-4,622009,327289,294720,28898,15676,13222,28898,15676,13222,0,0,0,0,0,0,0,0,0,0,0,0
C3010,08,12,0000,District - Jaipur  12,Total,5,150478,80452,70026,43162,24291,18871,43162,24291,18871,0,0,0,0,0,0,0,0,0,0,0,0
C3010,08,12,0000,District - Jaipur  12,Total,6,146905,76426,70479,68905,37759,31146,68905,37759,31146,0,0,0,0,0,0,0,0,0,0,0,0
C3010,08,12,0000,District - Jaipur  12,Total,7,131909,69039,62870,107064,58592,48472,107064,58592,48472,0,0,0,0,0,0,0,0,0,0,0,0
C3010,08,12,0000,District - Jaipur  12,Total,8,172783,91349,81434,146292,81066,65226,146292,81066,65226,0,0,0,0,0,0,0,0,0,0,0,0
C3010,08,12,0000,District - Jaipur  12,Total,9,115787,60341,55446,101657,55659,45998,101657,55659,45998,0,0,0,0,0,0,0,0,0,0,0,0
C3010,08,12,0000,District - Jaipur  12,Total,10,172947,92483,80464,148097,84157,63940,148097,84157,63940,0,0,0,0,0,0,0,0,0,0,0,0
C3010,08,12,0000,District - Jaipur  12,Total,11,112071,59409,52662,97487,55416,42071,97487,55416,42071,0,0,0,0,0,0,0,0,0,0,0,0
C3010,08,12,0000,District - Jaipur  12,Total,12,139598,74708,64890,114543,66969,47574,114543,66969,47574,0,0,0,0,0,0,0,0,0,0,0,0
C3010,08,12,0000,District - Jaipur  12,Total,13,127631,65719,61912,99608,58646,40962,99608,58646,40962,0,0,0,0,0,0,0,0,0,0,0,0
C3010,08,12,0000,District - Jaipur  12,Total,14,112309,59809,52500,82132,50554,31578,82132,50554,31578,0,0,0,0,0,0,0,0,0,0,0,0
C3010,08,12,0000,District - Jaipur  12,Total,15-19,542306,297674,244632,277971,182218,95753,242890,162265,80625,28228,17211,11017,1534,1103,431,2453,1349,1104,2866,290,2576
C3010,08,12,0000,District - Jaipur  12,Total,20-24,486594,261331,225263,91076,59342,31734,23021,17575,5446,54950,38220,16730,1777,1361,416,1765,1211,554,9563,975,8588
C3010,08,12,0000,District - Jaipur  12,Total,25-29,423349,219924,203425,19200,7747,11453,0,0,0,5652,4308,1344,1612,1257,355,1043,742,301,10893,1440,9453
C3010,08,12,0000,District - Jaipur  12,Total,30-34,367590,189227,178363,11746,2917,8829,0,0,0,942,716,226,364,266,98,270,163,107,10170,1772,8398
C3010,08,12,0000,District - Jaipur  12,Total,35-59,1081591,574159,507432,9404,3355,6049,0,0,0,983,742,241,397,259,138,225,144,81,7799,2210,5589
C3010,08,12,0000,District - Jaipur  12,Total,60+,318758,155085,163673,619,370,249,0,0,0,228,173,55,105,56,49,32,18,14,254,123,131
C3010,08,12,0000,District - Jaipur  12,Total,Age not stated,26456,13779,12677,635,311,324,0,0,0,334,234,100,34,27,7,35,19,16,232,31,201
C3010,08,12,0000,District - Jaipur  12,Rural,All ages,2659004,1389167,1269837,729645,439120,290525,666894,413899,252995,19306,17023,2283,1051,804,247,1379,749,630,41015,6645,34370
C3010,08,12,0000,District - Jaipur  12,Rural,0-4,350152,183115,167037,8522,4723,3799,8522,4723,3799,0,0,0,0,0,0,0,0,0,0,0,0
C3010,08,12,0000,District - Jaipur  12,Rural,5,85296,45310,39986,17914,10325,7589,17914,10325,7589,0,0,0,0,0,0,0,0,0,0,0,0
C3010,08,12,0000,District - Jaipur  12,Rural,6,84907,43919,40988,36901,20610,16291,36901,20610,16291,0,0,0,0,0,0,0,0,0,0,0,0
C3010,08,12,0000,District - Jaipur  12,Rural,7,74071,38641,35430,60452,33559,26893,60452,33559,26893,0,0,0,0,0,0,0,0,0,0,0,0
C3010,08,12,0000,District - Jaipur  12,Rural,8,98568,51737,46831,84506,47320,37186,84506,47320,37186,0,0,0,0,0,0,0,0,0,0,0,0
C3010,08,12,0000,District - Jaipur  12,Rural,9,65788,33980,31808,57851,32046,25805,57851,32046,25805,0,0,0,0,0,0,0,0,0,0,0,0
C3010,08,12,0000,District - Jaipur  12,Rural,10,95145,50376,44769,81639,47235,34404,81639,47235,34404,0,0,0,0,0,0,0,0,0,0,0,0
C3010,08,12,0000,District - Jaipur  12,Rural,11,61445,32522,28923,52575,30914,21661,52575,30914,21661,0,0,0,0,0,0,0,0,0,0,0,0
C3010,08,12,0000,District - Jaipur  12,Rural,12,72621,38894,33727,58458,36100,22358,58458,36100,22358,0,0,0,0,0,0,0,0,0,0,0,0
C3010,08,12,0000,District - Jaipur  12,Rural,13,70737,36783,33954,52471,33570,18901,52471,33570,18901,0,0,0,0,0,0,0,0,0,0,0,0
C3010,08,12,0000,District - Jaipur  12,Rural,14,58067,31459,26608,39999,27360,12639,39999,27360,12639,0,0,0,0,0,0,0,0,0,0,0,0
C3010,08,12,0000,District - Jaipur  12,Rural,15-19,263090,145698,117392,115769,87496,28273,105871,81681,24190,6088,4990,1098,269,218,51,728,332,396,2813,275,2538
C3010,08,12,0000,District - Jaipur  12,Rural,20-24,221434,116107,105327,31102,20121,10981,9735,8456,1279,11302,10233,1069,342,279,63,323,220,103,9400,933,8467
C3010,08,12,0000,District - Jaipur  12,Rural,25-29,195009,100450,94559,12488,3014,9474,0,0,0,1410,1336,74,205,172,33,163,107,56,10710,1399,9311
C3010,08,12,0000,District - Jaipur  12,Rural,30-34,171548,86774,84774,10388,2032,8356,0,0,0,217,198,19,78,53,25,65,32,33,10028,1749,8279
C3010,08,12,0000,District - Jaipur  12,Rural,35-59,501701,262283,239418,7942,2399,5543,0,0,0,153,146,7,106,59,47,77,46,31,7606,2148,5458
C3010,08,12,0000,District - Jaipur  12,Rural,60+,174052,83516,90536,320,165,155,0,0,0,35,29,6,43,18,25,12,6,6,230,112,118
C3010,08,12,0000,District - Jaipur  12,Rural,Age not stated,15373,7603,7770,348,131,217,0,0,0,101,91,10,8,5,3,11,6,5,228,29,199
C3010,08,12,0000,District - Jaipur  12,Urban,All ages,2592067,1379036,1213031,718851,405925,312926,636862,354726,282136,72011,44581,27430,4772,3525,1247,4444,2897,1547,762,196,566
C3010,08,12,0000,District - Jaipur  12,Urban,0-4,271857,144174,127683,20376,10953,9423,20376,10953,9423,0,0,0,0,0,0,0,0,0,0,0,0
C3010,08,12,0000,District - Jaipur  12,Urban,5,65182,35142,30040,25248,13966,11282,25248,13966,11282,0,0,0,0,0,0,0,0,0,0,0,0
C3010,08,12,0000,District - Jaipur  12,Urban,6,61998,32507,29491,32004,17149,14855,32004,17149,14855,0,0,0,0,0,0,0,0,0,0,0,0
C3010,08,12,0000,District - Jaipur  12,Urban,7,57838,30398,27440,46612,25033,21579,46612,25033,21579,0,0,0,0,0,0,0,0,0,0,0,0
C3010,08,12,0000,District - Jaipur  12,Urban,8,74215,39612,34603,61786,33746,28040,61786,33746,28040,0,0,0,0,0,0,0,0,0,0,0,0
C3010,08,12,0000,District - Jaipur  12,Urban,9,49999,26361,23638,43806,23613,20193,43806,23613,20193,0,0,0,0,0,0,0,0,0,0,0,0
C3010,08,12,0000,District - Jaipur  12,Urban,10,77802,42107,35695,66458,36922,29536,66458,36922,29536,0,0,0,0,0,0,0,0,0,0,0,0
C3010,08,12,0000,District - Jaipur  12,Urban,11,50626,26887,23739,44912,24502,20410,44912,24502,20410,0,0,0,0,0,0,0,0,0,0,0,0
C3010,08,12,0000,District - Jaipur  12,Urban,12,66977,35814,31163,56085,30869,25216,56085,30869,25216,0,0,0,0,0,0,0,0,0,0,0,0
C3010,08,12,0000,District - Jaipur  12,Urban,13,56894,28936,27958,47137,25076,22061,47137,25076,22061,0,0,0,0,0,0,0,0,0,0,0,0
C3010,08,12,0000,District - Jaipur  12,Urban,14,54242,28350,25892,42133,23194,18939,42133,23194,18939,0,0,0,0,0,0,0,0,0,0,0,0
C3010,08,12,0000,District - Jaipur  12,Urban,15-19,279216,151976,127240,162202,94722,67480,137019,80584,56435,22140,12221,9919,1265,885,380,1725,1017,708,53,15,38
C3010,08,12,0000,District - Jaipur  12,Urban,20-24,265160,145224,119936,59974,39221,20753,13286,9119,4167,43648,27987,15661,1435,1082,353,1442,991,451,163,42,121
C3010,08,12,0000,District - Jaipur  12,Urban,25-29,228340,119474,108866,6712,4733,1979,0,0,0,4242,2972,1270,1407,1085,322,880,635,245,183,41,142
C3010,08,12,0000,District - Jaipur  12,Urban,30-34,196042,102453,93589,1358,885,473,0,0,0,725,518,207,286,213,73,205,131,74,142,23,119
C3010,08,12,0000,District - Jaipur  12,Urban,35-59,579890,311876,268014,1462,956,506,0,0,0,830,596,234,291,200,91,148,98,50,193,62,131
C3010,08,12,0000,District - Jaipur  12,Urban,60+,144706,71569,73137,299,205,94,0,0,0,193,144,49,62,38,24,20,12,8,24,11,13
C3010,08,12,0000,District - Jaipur  12,Urban,Age not stated,11083,6176,4907,287,180,107,0,0,0,233,143,90,26,22,4,24,13,11,4,2,2
C3010,08,13,0000,District - Sikar  13,Total,All ages,2287788,1172753,1115035,652572,386899,265673,623107,367440,255667,22314,17253,5061,1114,773,341,1048,649,399,4989,784,4205
C3010,08,13,0000,District - Sikar  13,Total,0-4,281160,149210,131950,8571,4657,3914,8571,4657,3914,0,0,0,0,0,0,0,0,0,0,0,0
C3010,08,13,0000,District - Sikar  13,Total,5,67444,36208,31236,16489,9105,7384,16489,9105,7384,0,0,0,0,0,0,0,0,0,0,0,0
C3010,08,13,0000,District - Sikar  13,Total,6,69979,36599,33380,32314,17681,14633,32314,17681,14633,0,0,0,0,0,0,0,0,0,0,0,0
C3010,08,13,0000,District - Sikar  13,Total,7,57306,30213,27093,49193,26690,22503,49193,26690,22503,0,0,0,0,0,0,0,0,0,0,0,0
C3010,08,13,0000,District - Sikar  13,Total,8,85697,45377,40320,76458,41693,34765,76458,41693,34765,0,0,0,0,0,0,0,0,0,0,0,0
C3010,08,13,0000,District - Sikar  13,Total,9,52691,27751,24940,48652,26347,22305,48652,26347,22305,0,0,0,0,0,0,0,0,0,0,0,0
C3010,08,13,0000,District - Sikar  13,Total,10,87700,46838,40862,78665,43745,34920,78665,43745,34920,0,0,0,0,0,0,0,0,0,0,0,0
C3010,08,13,0000,District - Sikar  13,Total,11,50771,26858,23913,46045,25551,20494,46045,25551,20494,0,0,0,0,0,0,0,0,0,0,0,0
C3010,08,13,0000,District - Sikar  13,Total,12,71588,38162,33426,61363,35415,25948,61363,35415,25948,0,0,0,0,0,0,0,0,0,0,0,0
C3010,08,13,0000,District - Sikar  13,Total,13,59540,30177,29363,47640,27376,20264,47640,27376,20264,0,0,0,0,0,0,0,0,0,0,0,0
C3010,08,13,0000,District - Sikar  13,Total,14,56506,29713,26793,41703,25928,15775,41703,25928,15775,0,0,0,0,0,0,0,0,0,0,0,0
C3010,08,13,0000,District - Sikar  13,Total,15-19,241605,132721,108884,115950,82089,33861,106935,76002,30933,7844,5516,2328,355,214,141,602,341,261,214,16,198
C3010,08,13,0000,District - Sikar  13,Total,20-24,191347,97994,93353,23250,18020,5230,9079,7250,1829,12758,10263,2495,357,269,88,234,158,76,822,80,742
C3010,08,13,0000,District - Sikar  13,Total,25-29,160627,77856,82771,2650,1479,1171,0,0,0,1283,1107,176,197,169,28,93,76,17,1077,127,950
C3010,08,13,0000,District - Sikar  13,Total,30-34,144291,68479,75812,1420,394,1026,0,0,0,221,182,39,62,47,15,35,20,15,1102,145,957
C3010,08,13,0000,District - Sikar  13,Total,35-59,444257,222625,221632,2002,597,1405,0,0,0,146,134,12,99,50,49,69,43,26,1688,370,1318
C3010,08,13,0000,District - Sikar  13,Total,60+,160957,73538,87419,178,113,65,0,0,0,41,34,7,43,23,20,14,11,3,80,45,35
C3010,08,13,0000,District - Sikar  13,Total,Age not stated,4322,2434,1888,29,19,10,0,0,0,21,17,4,1,1,0,1,0,1,6,1,5
C3010,08,13,0000,District - Sikar  13,Rural,All ages,1815250,927195,888055,522684,311966,210718,501269,297725,203544,15246,12617,2629,737,491,246,587,390,197,4845,743,4102
C3010,08,13,0000,District - Sikar  13,Rural,0-4,226554,120376,106178,5882,3219,2663,5882,3219,2663,0,0,0,0,0,0,0,0,0,0,0,0
C3010,08,13,0000,District - Sikar  13,Rural,5,54355,29274,25081,12228,6775,5453,12228,6775,5453,0,0,0,0,0,0,0,0,0,0,0,0
C3010,08,13,0000,District - Sikar  13,Rural,6,56429,29567,26862,25903,14239,11664,25903,14239,11664,0,0,0,0,0,0,0,0,0,0,0,0
C3010,08,13,0000,District - Sikar  13,Rural,7,46254,24455,21799,40619,22087,18532,40619,22087,18532,0,0,0,0,0,0,0,0,0,0,0,0
C3010,08,13,0000,District - Sikar  13,Rural,8,68376,36221,32155,62563,34082,28481,62563,34082,28481,0,0,0,0,0,0,0,0,0,0,0,0
C3010,08,13,0000,District - Sikar  13,Rural,9,43330,22772,20558,40652,21951,18701,40652,21951,18701,0,0,0,0,0,0,0,0,0,0,0,0
C3010,08,13,0000,District - Sikar  13,Rural,10,69130,36820,32310,63404,35118,28286,63404,35118,28286,0,0,0,0,0,0,0,0,0,0,0,0
C3010,08,13,0000,District - Sikar  13,Rural,11,41505,21913,19592,38113,21128,16985,38113,21128,16985,0,0,0,0,0,0,0,0,0,0,0,0
C3010,08,13,0000,District - Sikar  13,Rural,12,56051,29988,26063,49003,28434,20569,49003,28434,20569,0,0,0,0,0,0,0,0,0,0,0,0
C3010,08,13,0000,District - Sikar  13,Rural,13,47954,24369,23585,38713,22515,16198,38713,22515,16198,0,0,0,0,0,0,0,0,0,0,0,0
C3010,08,13,0000,District - Sikar  13,Rural,14,44905,23750,21155,33553,21182,12371,33553,21182,12371,0,0,0,0,0,0,0,0,0,0,0,0
C3010,08,13,0000,District - Sikar  13,Rural,15-19,188073,103885,84188,89829,65782,24047,83715,61329,22386,5348,4110,1238,239,127,112,325,201,124,202,15,187
C3010,08,13,0000,District - Sikar  13,Rural,20-24,147428,74652,72776,16825,13499,3326,6921,5666,1255,8755,7491,1264,225,177,48,130,90,40,794,75,719
C3010,08,13,0000,District - Sikar  13,Rural,25-29,125592,59979,65613,2151,1098,1053,0,0,0,922,822,100,120,103,17,60,50,10,1049,123,926
C3010,08,13,0000,District - Sikar  13,Rural,30-34,113236,53194,60042,1281,304,977,0,0,0,135,119,16,47,34,13,18,11,7,1081,140,941
C3010,08,13,0000,District - Sikar  13,Rural,35-59,350432,173983,176449,1820,466,1354,0,0,0,56,50,6,74,34,40,49,33,16,1641,349,1292
C3010,08,13,0000,District - Sikar  13,Rural,60+,132365,60148,72217,127,76,51,0,0,0,19,16,3,31,15,16,5,5,0,72,40,32
C3010,08,13,0000,District - Sikar  13,Rural,Age not stated,3281,1849,1432,18,11,7,0,0,0,11,9,2,1,1,0,0,0,0,6,1,5
C3010,08,13,0000,District - Sikar  13,Urban,All ages,472538,245558,226980,129888,74933,54955,121838,69715,52123,7068,4636,2432,377,282,95,461,259,202,144,41,103
C3010,08,13,0000,District - Sikar  13,Urban,0-4,54606,28834,25772,2689,1438,1251,2689,1438,1251,0,0,0,0,0,0,0,0,0,0,0,0
C3010,08,13,0000,District - Sikar  13,Urban,5,13089,6934,6155,4261,2330,1931,4261,2330,1931,0,0,0,0,0,0,0,0,0,0,0,0
C3010,08,13,0000,District - Sikar  13,Urban,6,13550,7032,6518,6411,3442,2969,6411,3442,2969,0,0,0,0,0,0,0,0,0,0,0,0
C3010,08,13,0000,District - Sikar  13,Urban,7,11052,5758,5294,8574,4603,3971,8574,4603,3971,0,0,0,0,0,0,0,0,0,0,0,0
C3010,08,13,0000,District - Sikar  13,Urban,8,17321,9156,8165,13895,7611,6284,13895,7611,6284,0,0,0,0,0,0,0,0,0,0,0,0
C3010,08,13,0000,District - Sikar  13,Urban,9,9361,4979,4382,8000,4396,3604,8000,4396,3604,0,0,0,0,0,0,0,0,0,0,0,0
C3010,08,13,0000,District - Sikar  13,Urban,10,18570,10018,8552,15261,8627,6634,15261,8627,6634,0,0,0,0,0,0,0,0,0,0,0,0
C3010,08,13,0000,District - Sikar  13,Urban,11,9266,4945,4321,7932,4423,3509,7932,4423,3509,0,0,0,0,0,0,0,0,0,0,0,0
C3010,08,13,0000,District - Sikar  13,Urban,12,15537,8174,7363,12360,6981,5379,12360,6981,5379,0,0,0,0,0,0,0,0,0,0,0,0
C3010,08,13,0000,District - Sikar  13,Urban,13,11586,5808,5778,8927,4861,4066,8927,4861,4066,0,0,0,0,0,0,0,0,0,0,0,0
C3010,08,13,0000,District - Sikar  13,Urban,14,11601,5963,5638,8150,4746,3404,8150,4746,3404,0,0,0,0,0,0,0,0,0,0,0,0
C3010,08,13,0000,District - Sikar  13,Urban,15-19,53532,28836,24696,26121,16307,9814,23220,14673,8547,2496,1406,1090,116,87,29,277,140,137,12,1,11
C3010,08,13,0000,District - Sikar  13,Urban,20-24,43919,23342,20577,6425,4521,1904,2158,1584,574,4003,2772,1231,132,92,40,104,68,36,28,5,23
C3010,08,13,0000,District - Sikar  13,Urban,25-29,35035,17877,17158,499,381,118,0,0,0,361,285,76,77,66,11,33,26,7,28,4,24
C3010,08,13,0000,District - Sikar  13,Urban,30-34,31055,15285,15770,139,90,49,0,0,0,86,63,23,15,13,2,17,9,8,21,5,16
C3010,08,13,0000,District - Sikar  13,Urban,35-59,93825,48642,45183,182,131,51,0,0,0,90,84,6,25,16,9,20,10,10,47,21,26
C3010,08,13,0000,District - Sikar  13,Urban,60+,28592,13390,15202,51,37,14,0,0,0,22,18,4,12,8,4,9,6,3,8,5,3
C3010,08,13,0000,District - Sikar  13,Urban,Age not stated,1041,585,456,11,8,3,0,0,0,10,8,2,0,0,0,1,0,1,0,0,0
C3010,08,14,0000,District - Nagaur  14,Total,All ages,2775058,1424967,1350091,633604,399203,234401,611406,383164,228242,16144,13371,2773,937,691,246,1282,752,530,3835,1225,2610
C3010,08,14,0000,District - Nagaur  14,Total,0-4,354671,184752,169919,10643,5938,4705,10643,5938,4705,0,0,0,0,0,0,0,0,0,0,0,0
C3010,08,14,0000,District - Nagaur  14,Total,5,85618,45821,39797,21321,12419,8902,21321,12419,8902,0,0,0,0,0,0,0,0,0,0,0,0
C3010,08,14,0000,District - Nagaur  14,Total,6,86222,44360,41862,37165,21010,16155,37165,21010,16155,0,0,0,0,0,0,0,0,0,0,0,0
C3010,08,14,0000,District - Nagaur  14,Total,7,76046,39520,36526,56634,31899,24735,56634,31899,24735,0,0,0,0,0,0,0,0,0,0,0,0
C3010,08,14,0000,District - Nagaur  14,Total,8,99728,52480,47248,77670,44401,33269,77670,44401,33269,0,0,0,0,0,0,0,0,0,0,0,0
C3010,08,14,0000,District - Nagaur  14,Total,9,61307,31580,29727,49995,28223,21772,49995,28223,21772,0,0,0,0,0,0,0,0,0,0,0,0
C3010,08,14,0000,District - Nagaur  14,Total,10,105092,55835,49257,81897,48702,33195,81897,48702,33195,0,0,0,0,0,0,0,0,0,0,0,0
C3010,08,14,0000,District - Nagaur  14,Total,11,56012,29624,26388,44200,26618,17582,44200,26618,17582,0,0,0,0,0,0,0,0,0,0,0,0
C3010,08,14,0000,District - Nagaur  14,Total,12,80423,42850,37573,57873,36657,21216,57873,36657,21216,0,0,0,0,0,0,0,0,0,0,0,0
C3010,08,14,0000,District - Nagaur  14,Total,13,66644,33581,33063,42655,27653,15002,42655,27653,15002,0,0,0,0,0,0,0,0,0,0,0,0
C3010,08,14,0000,District - Nagaur  14,Total,14,63026,32941,30085,35743,25102,10641,35743,25102,10641,0,0,0,0,0,0,0,0,0,0,0,0
C3010,08,14,0000,District - Nagaur  14,Total,15-19,274411,148086,126325,94509,72731,21778,87856,68019,19837,5424,4058,1366,281,201,80,671,379,292,277,74,203
C3010,08,14,0000,District - Nagaur  14,Total,20-24,226006,114590,111416,18416,15150,3266,7754,6523,1231,9247,7973,1274,333,261,72,294,213,81,788,180,608
C3010,08,14,0000,District - Nagaur  14,Total,25-29,200231,98503,101728,2222,1434,788,0,0,0,1086,997,89,146,117,29,121,84,37,869,236,633
C3010,08,14,0000,District - Nagaur  14,Total,30-34,186285,92321,93964,1167,459,708,0,0,0,173,150,23,59,43,16,80,20,60,855,246,609
C3010,08,14,0000,District - Nagaur  14,Total,35-59,545127,282252,262875,1238,639,599,0,0,0,136,123,13,74,47,27,83,32,51,945,437,508
C3010,08,14,0000,District - Nagaur  14,Total,60+,194757,89302,105455,158,101,57,0,0,0,24,23,1,37,19,18,26,22,4,71,37,34
C3010,08,14,0000,District - Nagaur  14,Total,Age not stated,13452,6569,6883,98,67,31,0,0,0,54,47,7,7,3,4,7,2,5,30,15,15
C3010,08,14,0000,District - Nagaur  14,Rural,All ages,2297721,1175976,1121745,510572,326173,184399,494784,314539,180245,10670,9493,1177,600,461,139,845,537,308,3673,1143,2530
C3010,08,14,0000,District - Nagaur  14,Rural,0-4,296786,154679,142107,8098,4580,3518,8098,4580,3518,0,0,0,0,0,0,0,0,0,0,0,0
C3010,08,14,0000,District - Nagaur  14,Rural,5,71710,38315,33395,17273,10129,7144,17273,10129,7144,0,0,0,0,0,0,0,0,0,0,0,0
C3010,08,14,0000,District - Nagaur  14,Rural,6,71905,36920,34985,30833,17577,13256,30833,17577,13256,0,0,0,0,0,0,0,0,0,0,0,0
C3010,08,14,0000,District - Nagaur  14,Rural,7,63650,33012,30638,47398,26787,20611,47398,26787,20611,0,0,0,0,0,0,0,0,0,0,0,0
C3010,08,14,0000,District - Nagaur  14,Rural,8,81928,43028,38900,63968,36782,27186,63968,36782,27186,0,0,0,0,0,0,0,0,0,0,0,0
C3010,08,14,0000,District - Nagaur  14,Rural,9,51614,26511,25103,41989,23844,18145,41989,23844,18145,0,0,0,0,0,0,0,0,0,0,0,0
C3010,08,14,0000,District - Nagaur  14,Rural,10,86299,45892,40407,67172,40392,26780,67172,40392,26780,0,0,0,0,0,0,0,0,0,0,0,0
C3010,08,14,0000,District - Nagaur  14,Rural,11,46853,24737,22116,36548,22272,14276,36548,22272,14276,0,0,0,0,0,0,0,0,0,0,0,0
C3010,08,14,0000,District - Nagaur  14,Rural,12,64849,34461,30388,46046,29695,16351,46046,29695,16351,0,0,0,0,0,0,0,0,0,0,0,0
C3010,08,14,0000,District - Nagaur  14,Rural,13,55540,27996,27544,34615,23041,11574,34615,23041,11574,0,0,0,0,0,0,0,0,0,0,0,0
C3010,08,14,0000,District - Nagaur  14,Rural,14,51485,26839,24646,28152,20446,7706,28152,20446,7706,0,0,0,0,0,0,0,0,0,0,0,0
C3010,08,14,0000,District - Nagaur  14,Rural,15-19,221718,119578,102140,71131,57238,13893,66920,54023,12897,3337,2758,579,161,122,39,446,262,184,267,73,194
C3010,08,14,0000,District - Nagaur  14,Rural,20-24,183326,91904,91422,13275,11255,2020,5772,4971,801,6320,5780,540,207,178,29,209,153,56,767,173,594
C3010,08,14,0000,District - Nagaur  14,Rural,25-29,165037,80751,84286,1827,1117,710,0,0,0,786,744,42,101,84,17,94,64,30,846,225,621
C3010,08,14,0000,District - Nagaur  14,Rural,30-34,154057,76281,77776,1007,377,630,0,0,0,110,101,9,44,31,13,28,14,14,825,231,594
C3010,08,14,0000,District - Nagaur  14,Rural,35-59,451425,232526,218899,1041,514,527,0,0,0,65,62,3,54,31,23,41,23,18,881,398,483
C3010,08,14,0000,District - Nagaur  14,Rural,60+,167681,76802,90879,113,68,45,0,0,0,9,9,0,26,12,14,21,19,2,57,28,29
C3010,08,14,0000,District - Nagaur  14,Rural,Age not stated,11858,5744,6114,86,59,27,0,0,0,43,39,4,7,3,4,6,2,4,30,15,15
C3010,08,14,0000,District - Nagaur  14,Urban,All ages,477337,248991,228346,123032,73030,50002,116622,68625,47997,5474,3878,1596,337,230,107,437,215,222,162,82,80
C3010,08,14,0000,District - Nagaur  14,Urban,0-4,57885,30073,27812,2545,1358,1187,2545,1358,1187,0,0,0,0,0,0,0,0,0,0,0,0
C3010,08,14,0000,District - Nagaur  14,Urban,5,13908,7506,6402,4048,2290,1758,4048,2290,1758,0,0,0,0,0,0,0,0,0,0,0,0
C3010,08,14,0000,District - Nagaur  14,Urban,6,14317,7440,6877,6332,3433,2899,6332,3433,2899,0,0,0,0,0,0,0,0,0,0,0,0
C3010,08,14,0000,District - Nagaur  14,Urban,7,12396,6508,5888,9236,5112,4124,9236,5112,4124,0,0,0,0,0,0,0,0,0,0,0,0
C3010,08,14,0000,District - Nagaur  14,Urban,8,17800,9452,8348,13702,7619,6083,13702,7619,6083,0,0,0,0,0,0,0,0,0,0,0,0
C3010,08,14,0000,District - Nagaur  14,Urban,9,9693,5069,4624,8006,4379,3627,8006,4379,3627,0,0,0,0,0,0,0,0,0,0,0,0
C3010,08,14,0000,District - Nagaur  14,Urban,10,18793,9943,8850,14725,8310,6415,14725,8310,6415,0,0,0,0,0,0,0,0,0,0,0,0
C3010,08,14,0000,District - Nagaur  14,Urban,11,9159,4887,4272,7652,4346,3306,7652,4346,3306,0,0,0,0,0,0,0,0,0,0,0,0
C3010,08,14,0000,District - Nagaur  14,Urban,12,15574,8389,7185,11827,6962,4865,11827,6962,4865,0,0,0,0,0,0,0,0,0,0,0,0
C3010,08,14,0000,District - Nagaur  14,Urban,13,11104,5585,5519,8040,4612,3428,8040,4612,3428,0,0,0,0,0,0,0,0,0,0,0,0
C3010,08,14,0000,District - Nagaur  14,Urban,14,11541,6102,5439,7591,4656,2935,7591,4656,2935,0,0,0,0,0,0,0,0,0,0,0,0
C3010,08,14,0000,District - Nagaur  14,Urban,15-19,52693,28508,24185,23378,15493,7885,20936,13996,6940,2087,1300,787,120,79,41,225,117,108,10,1,9
C3010,08,14,0000,District - Nagaur  14,Urban,20-24,42680,22686,19994,5141,3895,1246,1982,1552,430,2927,2193,734,126,83,43,85,60,25,21,7,14
C3010,08,14,0000,District - Nagaur  14,Urban,25-29,35194,17752,17442,395,317,78,0,0,0,300,253,47,45,33,12,27,20,7,23,11,12
C3010,08,14,0000,District - Nagaur  14,Urban,30-34,32228,16040,16188,160,82,78,0,0,0,63,49,14,15,12,3,52,6,46,30,15,15
C3010,08,14,0000,District - Nagaur  14,Urban,35-59,93702,49726,43976,197,125,72,0,0,0,71,61,10,20,16,4,42,9,33,64,39,25
C3010,08,14,0000,District - Nagaur  14,Urban,60+,27076,12500,14576,45,33,12,0,0,0,15,14,1,11,7,4,5,3,2,14,9,5
C3010,08,14,0000,District - Nagaur  14,Urban,Age not stated,1594,825,769,12,8,4,0,0,0,11,8,3,0,0,0,1,0,1,0,0,0
C3010,08,15,0000,District - Jodhpur  15,Total,All ages,2886505,1513890,1372615,613230,389885,223345,575111,364230,210881,32766,22529,10237,1894,1331,563,1616,1178,438,1843,617,1226
C3010,08,15,0000,District - Jodhpur  15,Total,0-4,379384,197169,182215,13351,7285,6066,13351,7285,6066,0,0,0,0,0,0,0,0,0,0,0,0
C3010,08,15,0000,District - Jodhpur  15,Total,5,86631,46175,40456,20566,11981,8585,20566,11981,8585,0,0,0,0,0,0,0,0,0,0,0,0
C3010,08,15,0000,District - Jodhpur  15,Total,6,91359,46978,44381,33571,19094,14477,33571,19094,14477,0,0,0,0,0,0,0,0,0,0,0,0
C3010,08,15,0000,District - Jodhpur  15,Total,7,71818,37481,34337,45512,26410,19102,45512,26410,19102,0,0,0,0,0,0,0,0,0,0,0,0
C3010,08,15,0000,District - Jodhpur  15,Total,8,104205,54623,49582,69298,40870,28428,69298,40870,28428,0,0,0,0,0,0,0,0,0,0,0,0
C3010,08,15,0000,District - Jodhpur  15,Total,9,58939,30579,28360,43345,25291,18054,43345,25291,18054,0,0,0,0,0,0,0,0,0,0,0,0
C3010,08,15,0000,District - Jodhpur  15,Total,10,111624,59452,52172,77605,47831,29774,77605,47831,29774,0,0,0,0,0,0,0,0,0,0,0,0
C3010,08,15,0000,District - Jodhpur  15,Total,11,50583,27195,23388,37381,23321,14060,37381,23321,14060,0,0,0,0,0,0,0,0,0,0,0,0
C3010,08,15,0000,District - Jodhpur  15,Total,12,89999,48593,41406,60048,39163,20885,60048,39163,20885,0,0,0,0,0,0,0,0,0,0,0,0
C3010,08,15,0000,District - Jodhpur  15,Total,13,60603,31331,29272,37189,24586,12603,37189,24586,12603,0,0,0,0,0,0,0,0,0,0,0,0
C3010,08,15,0000,District - Jodhpur  15,Total,14,65423,34381,31042,35811,24649,11162,35811,24649,11162,0,0,0,0,0,0,0,0,0,0,0,0
C3010,08,15,0000,District - Jodhpur  15,Total,15-19,281318,156812,124506,102916,73118,29798,92017,66485,25532,9516,5736,3780,428,259,169,804,584,220,151,54,97
C3010,08,15,0000,District - Jodhpur  15,Total,20-24,248330,133060,115270,29780,21626,8154,9417,7264,2153,19141,13637,5504,488,355,133,371,285,86,363,85,278
C3010,08,15,0000,District - Jodhpur  15,Total,25-29,212600,108468,104132,3736,2715,1021,0,0,0,2693,2127,566,452,349,103,210,147,63,381,92,289
C3010,08,15,0000,District - Jodhpur  15,Total,30-34,191127,97556,93571,1193,728,465,0,0,0,602,437,165,178,133,45,69,51,18,344,107,237
C3010,08,15,0000,District - Jodhpur  15,Total,35-59,589145,311522,277623,1565,989,576,0,0,0,630,471,159,281,201,80,125,86,39,529,231,298
C3010,08,15,0000,District - Jodhpur  15,Total,60+,185021,87950,97071,254,165,89,0,0,0,101,73,28,61,31,30,26,18,8,66,43,23
C3010,08,15,0000,District - Jodhpur  15,Total,Age not stated,8396,4565,3831,109,63,46,0,0,0,83,48,35,6,3,3,11,7,4,9,5,4
C3010,08,15,0000,District - Jodhpur  15,Rural,All ages,1909423,994172,915251,350365,239367,110998,341749,232712,109037,5942,5417,525,409,283,126,585,426,159,1680,529,1151
C3010,08,15,0000,District - Jodhpur  15,Rural,0-4,279926,145106,134820,5100,2954,2146,5100,2954,2146,0,0,0,0,0,0,0,0,0,0,0,0
C3010,08,15,0000,District - Jodhpur  15,Rural,5,62556,33173,29383,10533,6454,4079,10533,6454,4079,0,0,0,0,0,0,0,0,0,0,0,0
C3010,08,15,0000,District - Jodhpur  15,Rural,6,68199,34907,33292,20993,12378,8615,20993,12378,8615,0,0,0,0,0,0,0,0,0,0,0,0
C3010,08,15,0000,District - Jodhpur  15,Rural,7,50982,26562,24420,29141,17591,11550,29141,17591,11550,0,0,0,0,0,0,0,0,0,0,0,0
C3010,08,15,0000,District - Jodhpur  15,Rural,8,75697,39536,36161,46751,28529,18222,46751,28529,18222,0,0,0,0,0,0,0,0,0,0,0,0
C3010,08,15,0000,District - Jodhpur  15,Rural,9,41326,21428,19898,28412,17345,11067,28412,17345,11067,0,0,0,0,0,0,0,0,0,0,0,0
C3010,08,15,0000,District - Jodhpur  15,Rural,10,80078,42577,37501,52258,33710,18548,52258,33710,18548,0,0,0,0,0,0,0,0,0,0,0,0
C3010,08,15,0000,District - Jodhpur  15,Rural,11,33794,18134,15660,22889,15222,7667,22889,15222,7667,0,0,0,0,0,0,0,0,0,0,0,0
C3010,08,15,0000,District - Jodhpur  15,Rural,12,62360,33743,28617,37935,26656,11279,37935,26656,11279,0,0,0,0,0,0,0,0,0,0,0,0
C3010,08,15,0000,District - Jodhpur  15,Rural,13,41416,21553,19863,22025,16330,5695,22025,16330,5695,0,0,0,0,0,0,0,0,0,0,0,0
C3010,08,15,0000,District - Jodhpur  15,Rural,14,44207,23344,20863,20061,15863,4198,20061,15863,4198,0,0,0,0,0,0,0,0,0,0,0,0
C3010,08,15,0000,District - Jodhpur  15,Rural,15-19,177324,99849,77475,44086,38098,5988,41827,36291,5536,1681,1456,225,89,69,20,353,239,114,136,43,93
C3010,08,15,0000,District - Jodhpur  15,Rural,20-24,152502,80313,72189,7902,6887,1015,3824,3389,435,3522,3258,264,91,66,25,121,99,22,344,75,269
C3010,08,15,0000,District - Jodhpur  15,Rural,25-29,130197,65650,64547,1015,687,328,0,0,0,549,525,24,75,52,23,37,31,6,354,79,275
C3010,08,15,0000,District - Jodhpur  15,Rural,30-34,117420,58940,58480,498,252,246,0,0,0,116,110,6,43,31,12,12,9,3,327,102,225
C3010,08,15,0000,District - Jodhpur  15,Rural,35-59,360800,187295,173505,638,326,312,0,0,0,57,55,2,81,48,33,39,31,8,461,192,269
C3010,08,15,0000,District - Jodhpur  15,Rural,60+,125591,59438,66153,105,70,35,0,0,0,6,4,2,28,16,12,19,14,5,52,36,16
C3010,08,15,0000,District - Jodhpur  15,Rural,Age not stated,5048,2624,2424,23,15,8,0,0,0,11,9,2,2,1,1,4,3,1,6,2,4
C3010,08,15,0000,District - Jodhpur  15,Urban,All ages,977082,519718,457364,262865,150518,112347,233362,131518,101844,26824,17112,9712,1485,1048,437,1031,752,279,163,88,75
C3010,08,15,0000,District - Jodhpur  15,Urban,0-4,99458,52063,47395,8251,4331,3920,8251,4331,3920,0,0,0,0,0,0,0,0,0,0,0,0
C3010,08,15,0000,District - Jodhpur  15,Urban,5,24075,13002,11073,10033,5527,4506,10033,5527,4506,0,0,0,0,0,0,0,0,0,0,0,0
C3010,08,15,0000,District - Jodhpur  15,Urban,6,23160,12071,11089,12578,6716,5862,12578,6716,5862,0,0,0,0,0,0,0,0,0,0,0,0
C3010,08,15,0000,District - Jodhpur  15,Urban,7,20836,10919,9917,16371,8819,7552,16371,8819,7552,0,0,0,0,0,0,0,0,0,0,0,0
C3010,08,15,0000,District - Jodhpur  15,Urban,8,28508,15087,13421,22547,12341,10206,22547,12341,10206,0,0,0,0,0,0,0,0,0,0,0,0
C3010,08,15,0000,District - Jodhpur  15,Urban,9,17613,9151,8462,14933,7946,6987,14933,7946,6987,0,0,0,0,0,0,0,0,0,0,0,0
C3010,08,15,0000,District - Jodhpur  15,Urban,10,31546,16875,14671,25347,14121,11226,25347,14121,11226,0,0,0,0,0,0,0,0,0,0,0,0
C3010,08,15,0000,District - Jodhpur  15,Urban,11,16789,9061,7728,14492,8099,6393,14492,8099,6393,0,0,0,0,0,0,0,0,0,0,0,0
C3010,08,15,0000,District - Jodhpur  15,Urban,12,27639,14850,12789,22113,12507,9606,22113,12507,9606,0,0,0,0,0,0,0,0,0,0,0,0
C3010,08,15,0000,District - Jodhpur  15,Urban,13,19187,9778,9409,15164,8256,6908,15164,8256,6908,0,0,0,0,0,0,0,0,0,0,0,0
C3010,08,15,0000,District - Jodhpur  15,Urban,14,21216,11037,10179,15750,8786,6964,15750,8786,6964,0,0,0,0,0,0,0,0,0,0,0,0
C3010,08,15,0000,District - Jodhpur  15,Urban,15-19,103994,56963,47031,58830,35020,23810,50190,30194,19996,7835,4280,3555,339,190,149,451,345,106,15,11,4
C3010,08,15,0000,District - Jodhpur  15,Urban,20-24,95828,52747,43081,21878,14739,7139,5593,3875,1718,15619,10379,5240,397,289,108,250,186,64,19,10,9
C3010,08,15,0000,District - Jodhpur  15,Urban,25-29,82403,42818,39585,2721,2028,693,0,0,0,2144,1602,542,377,297,80,173,116,57,27,13,14
C3010,08,15,0000,District - Jodhpur  15,Urban,30-34,73707,38616,35091,695,476,219,0,0,0,486,327,159,135,102,33,57,42,15,17,5,12
C3010,08,15,0000,District - Jodhpur  15,Urban,35-59,228345,124227,104118,927,663,264,0,0,0,573,416,157,200,153,47,86,55,31,68,39,29
C3010,08,15,0000,District - Jodhpur  15,Urban,60+,59430,28512,30918,149,95,54,0,0,0,95,69,26,33,15,18,7,4,3,14,7,7
C3010,08,15,0000,District - Jodhpur  15,Urban,Age not stated,3348,1941,1407,86,48,38,0,0,0,72,39,33,4,2,2,7,4,3,3,3,0
C3010,08,16,0000,District - Jaisalmer  16,Total,All ages,508247,279101,229146,99595,62779,36816,84298,55874,28424,2372,2044,328,227,175,52,785,686,99,11913,4000,7913
C3010,08,16,0000,District - Jaisalmer  16,Total,0-4,77588,41263,36325,1387,777,610,1387,777,610,0,0,0,0,0,0,0,0,0,0,0,0
C3010,08,16,0000,District - Jaisalmer  16,Total,5,16614,9177,7437,2706,1671,1035,2706,1671,1035,0,0,0,0,0,0,0,0,0,0,0,0
C3010,08,16,0000,District - Jaisalmer  16,Total,6,17824,9513,8311,5366,3296,2070,5366,3296,2070,0,0,0,0,0,0,0,0,0,0,0,0
C3010,08,16,0000,District - Jaisalmer  16,Total,7,11769,6278,5491,6674,4045,2629,6674,4045,2629,0,0,0,0,0,0,0,0,0,0,0,0
C3010,08,16,0000,District - Jaisalmer  16,Total,8,19943,10615,9328,11659,7180,4479,11659,7180,4479,0,0,0,0,0,0,0,0,0,0,0,0
C3010,08,16,0000,District - Jaisalmer  16,Total,9,9895,5407,4488,6722,4176,2546,6722,4176,2546,0,0,0,0,0,0,0,0,0,0,0,0
C3010,08,16,0000,District - Jaisalmer  16,Total,10,19439,10527,8912,12143,7799,4344,12143,7799,4344,0,0,0,0,0,0,0,0,0,0,0,0
C3010,08,16,0000,District - Jaisalmer  16,Total,11,7666,4321,3345,5274,3475,1799,5274,3475,1799,0,0,0,0,0,0,0,0,0,0,0,0
C3010,08,16,0000,District - Jaisalmer  16,Total,12,15939,8940,6999,9330,6401,2929,9330,6401,2929,0,0,0,0,0,0,0,0,0,0,0,0
C3010,08,16,0000,District - Jaisalmer  16,Total,13,9182,5088,4094,4974,3439,1535,4974,3439,1535,0,0,0,0,0,0,0,0,0,0,0,0
C3010,08,16,0000,District - Jaisalmer  16,Total,14,10405,5980,4425,5134,3707,1427,5134,3707,1427,0,0,0,0,0,0,0,0,0,0,0,0
C3010,08,16,0000,District - Jaisalmer  16,Total,15-19,46657,28235,18422,13936,10246,3690,11920,9034,2886,747,600,147,59,48,11,190,146,44,1020,418,602
C3010,08,16,0000,District - Jaisalmer  16,Total,20-24,43407,24181,19226,5478,3243,2235,1009,874,135,1390,1225,165,90,73,17,308,287,21,2681,784,1897
C3010,08,16,0000,District - Jaisalmer  16,Total,25-29,38160,20740,17420,3228,1137,2091,0,0,0,177,166,11,29,22,7,169,153,16,2853,796,2057
C3010,08,16,0000,District - Jaisalmer  16,Total,30-34,33003,18200,14803,2553,903,1650,0,0,0,25,22,3,17,8,9,53,47,6,2458,826,1632
C3010,08,16,0000,District - Jaisalmer  16,Total,35-59,99416,54993,44423,2922,1209,1713,0,0,0,28,26,2,27,21,6,57,48,9,2810,1114,1696
C3010,08,16,0000,District - Jaisalmer  16,Total,60+,30399,15049,15350,78,52,26,0,0,0,2,2,0,5,3,2,5,2,3,66,45,21
C3010,08,16,0000,District - Jaisalmer  16,Total,Age not stated,941,594,347,31,23,8,0,0,0,3,3,0,0,0,0,3,3,0,25,17,8
C3010,08,16,0000,District - Jaisalmer  16,Rural,All ages,431853,236309,195544,80432,50850,29582,67006,45440,21566,1202,1150,52,110,72,38,262,202,60,11852,3986,7866
C3010,08,16,0000,District - Jaisalmer  16,Rural,0-4,68519,36381,32138,905,512,393,905,512,393,0,0,0,0,0,0,0,0,0,0,0,0
C3010,08,16,0000,District - Jaisalmer  16,Rural,5,14546,8067,6479,1981,1271,710,1981,1271,710,0,0,0,0,0,0,0,0,0,0,0,0
C3010,08,16,0000,District - Jaisalmer  16,Rural,6,15849,8454,7395,4405,2746,1659,4405,2746,1659,0,0,0,0,0,0,0,0,0,0,0,0
C3010,08,16,0000,District - Jaisalmer  16,Rural,7,10110,5411,4699,5412,3360,2052,5412,3360,2052,0,0,0,0,0,0,0,0,0,0,0,0
C3010,08,16,0000,District - Jaisalmer  16,Rural,8,17495,9276,8219,9803,6106,3697,9803,6106,3697,0,0,0,0,0,0,0,0,0,0,0,0
C3010,08,16,0000,District - Jaisalmer  16,Rural,9,8492,4659,3833,5527,3503,2024,5527,3503,2024,0,0,0,0,0,0,0,0,0,0,0,0
C3010,08,16,0000,District - Jaisalmer  16,Rural,10,16922,9152,7770,10122,6627,3495,10122,6627,3495,0,0,0,0,0,0,0,0,0,0,0,0
C3010,08,16,0000,District - Jaisalmer  16,Rural,11,6332,3559,2773,4110,2781,1329,4110,2781,1329,0,0,0,0,0,0,0,0,0,0,0,0
C3010,08,16,0000,District - Jaisalmer  16,Rural,12,13752,7704,6048,7612,5354,2258,7612,5354,2258,0,0,0,0,0,0,0,0,0,0,0,0
C3010,08,16,0000,District - Jaisalmer  16,Rural,13,7679,4272,3407,3815,2750,1065,3815,2750,1065,0,0,0,0,0,0,0,0,0,0,0,0
C3010,08,16,0000,District - Jaisalmer  16,Rural,14,8755,5053,3702,3923,2938,985,3923,2938,985,0,0,0,0,0,0,0,0,0,0,0,0
C3010,08,16,0000,District - Jaisalmer  16,Rural,15-19,39274,23851,15423,10132,7666,2466,8611,6812,1799,334,314,20,21,12,9,146,110,36,1020,418,602
C3010,08,16,0000,District - Jaisalmer  16,Rural,20-24,36200,19971,16229,4248,2213,2035,780,680,100,714,688,26,34,25,9,44,36,8,2676,784,1892
C3010,08,16,0000,District - Jaisalmer  16,Rural,25-29,31373,17121,14252,2993,933,2060,0,0,0,113,109,4,20,15,5,19,15,4,2841,794,2047
C3010,08,16,0000,District - Jaisalmer  16,Rural,30-34,26773,14698,12075,2487,852,1635,0,0,0,17,15,2,14,6,8,11,9,2,2445,822,1623
C3010,08,16,0000,District - Jaisalmer  16,Rural,35-59,82299,44889,37410,2853,1168,1685,0,0,0,21,21,0,16,11,5,35,28,7,2781,1108,1673
C3010,08,16,0000,District - Jaisalmer  16,Rural,60+,26712,13297,13415,76,50,26,0,0,0,2,2,0,5,3,2,4,1,3,65,44,21
C3010,08,16,0000,District - Jaisalmer  16,Rural,Age not stated,771,494,277,28,20,8,0,0,0,1,1,0,0,0,0,3,3,0,24,16,8
C3010,08,16,0000,District - Jaisalmer  16,Urban,All ages,76394,42792,33602,19163,11929,7234,17292,10434,6858,1170,894,276,117,103,14,523,484,39,61,14,47
C3010,08,16,0000,District - Jaisalmer  16,Urban,0-4,9069,4882,4187,482,265,217,482,265,217,0,0,0,0,0,0,0,0,0,0,0,0
C3010,08,16,0000,District - Jaisalmer  16,Urban,5,2068,1110,958,725,400,325,725,400,325,0,0,0,0,0,0,0,0,0,0,0,0
C3010,08,16,0000,District - Jaisalmer  16,Urban,6,1975,1059,916,961,550,411,961,550,411,0,0,0,0,0,0,0,0,0,0,0,0
C3010,08,16,0000,District - Jaisalmer  16,Urban,7,1659,867,792,1262,685,577,1262,685,577,0,0,0,0,0,0,0,0,0,0,0,0
C3010,08,16,0000,District - Jaisalmer  16,Urban,8,2448,1339,1109,1856,1074,782,1856,1074,782,0,0,0,0,0,0,0,0,0,0,0,0
C3010,08,16,0000,District - Jaisalmer  16,Urban,9,1403,748,655,1195,673,522,1195,673,522,0,0,0,0,0,0,0,0,0,0,0,0
C3010,08,16,0000,District - Jaisalmer  16,Urban,10,2517,1375,1142,2021,1172,849,2021,1172,849,0,0,0,0,0,0,0,0,0,0,0,0
C3010,08,16,0000,District - Jaisalmer  16,Urban,11,1334,762,572,1164,694,470,1164,694,470,0,0,0,0,0,0,0,0,0,0,0,0
C3010,08,16,0000,District - Jaisalmer  16,Urban,12,2187,1236,951,1718,1047,671,1718,1047,671,0,0,0,0,0,0,0,0,0,0,0,0
C3010,08,16,0000,District - Jaisalmer  16,Urban,13,1503,816,687,1159,689,470,1159,689,470,0,0,0,0,0,0,0,0,0,0,0,0
C3010,08,16,0000,District - Jaisalmer  16,Urban,14,1650,927,723,1211,769,442,1211,769,442,0,0,0,0,0,0,0,0,0,0,0,0
C3010,08,16,0000,District - Jaisalmer  16,Urban,15-19,7383,4384,2999,3804,2580,1224,3309,2222,1087,413,286,127,38,36,2,44,36,8,0,0,0
C3010,08,16,0000,District - Jaisalmer  16,Urban,20-24,7207,4210,2997,1230,1030,200,229,194,35,676,537,139,56,48,8,264,251,13,5,0,5
C3010,08,16,0000,District - Jaisalmer  16,Urban,25-29,6787,3619,3168,235,204,31,0,0,0,64,57,7,9,7,2,150,138,12,12,2,10
C3010,08,16,0000,District - Jaisalmer  16,Urban,30-34,6230,3502,2728,66,51,15,0,0,0,8,7,1,3,2,1,42,38,4,13,4,9
C3010,08,16,0000,District - Jaisalmer  16,Urban,35-59,17117,10104,7013,69,41,28,0,0,0,7,5,2,11,10,1,22,20,2,29,6,23
C3010,08,16,0000,District - Jaisalmer  16,Urban,60+,3687,1752,1935,2,2,0,0,0,0,0,0,0,0,0,0,1,1,0,1,1,0
C3010,08,16,0000,District - Jaisalmer  16,Urban,Age not stated,170,100,70,3,3,0,0,0,0,2,2,0,0,0,0,0,0,0,1,1,0
C3010,08,17,0000,District - Barmer  17,Total,All ages,1964835,1038247,926588,447015,262819,184196,365281,231604,133677,7559,6435,1124,746,473,273,1348,947,401,72081,23360,48721
C3010,08,17,0000,District - Barmer  17,Total,0-4,302215,157221,144994,4307,2444,1863,4307,2444,1863,0,0,0,0,0,0,0,0,0,0,0,0
C3010,08,17,0000,District - Barmer  17,Total,5,65539,34722,30817,9373,5494,3879,9373,5494,3879,0,0,0,0,0,0,0,0,0,0,0,0
C3010,08,17,0000,District - Barmer  17,Total,6,68081,35198,32883,22299,13180,9119,22299,13180,9119,0,0,0,0,0,0,0,0,0,0,0,0
C3010,08,17,0000,District - Barmer  17,Total,7,48265,25668,22597,33291,19517,13774,33291,19517,13774,0,0,0,0,0,0,0,0,0,0,0,0
C3010,08,17,0000,District - Barmer  17,Total,8,75154,39624,35530,53420,31537,21883,53420,31537,21883,0,0,0,0,0,0,0,0,0,0,0,0
C3010,08,17,0000,District - Barmer  17,Total,9,38746,20612,18134,29991,17891,12100,29991,17891,12100,0,0,0,0,0,0,0,0,0,0,0,0
C3010,08,17,0000,District - Barmer  17,Total,10,76253,40593,35660,54884,33842,21042,54884,33842,21042,0,0,0,0,0,0,0,0,0,0,0,0
C3010,08,17,0000,District - Barmer  17,Total,11,30314,16574,13740,22710,14499,8211,22710,14499,8211,0,0,0,0,0,0,0,0,0,0,0,0
C3010,08,17,0000,District - Barmer  17,Total,12,63589,34371,29218,41434,27427,14007,41434,27427,14007,0,0,0,0,0,0,0,0,0,0,0,0
C3010,08,17,0000,District - Barmer  17,Total,13,36716,19341,17375,21629,14608,7021,21629,14608,7021,0,0,0,0,0,0,0,0,0,0,0,0
C3010,08,17,0000,District - Barmer  17,Total,14,42463,22746,19717,21861,15095,6766,21861,15095,6766,0,0,0,0,0,0,0,0,0,0,0,0
C3010,08,17,0000,District - Barmer  17,Total,15-19,175113,101967,73146,55858,37785,18073,46791,33346,13445,2172,1698,474,179,117,62,639,460,179,6077,2164,3913
C3010,08,17,0000,District - Barmer  17,Total,20-24,159006,85879,73127,25164,11645,13519,3291,2724,567,4428,3865,563,251,167,84,244,174,70,16950,4715,12235
C3010,08,17,0000,District - Barmer  17,Total,25-29,137296,71615,65681,18491,5811,12680,0,0,0,699,638,61,128,82,46,157,111,46,17507,4980,12527
C3010,08,17,0000,District - Barmer  17,Total,30-34,119945,61958,57987,15897,5289,10608,0,0,0,116,104,12,55,28,27,121,79,42,15605,5078,10527
C3010,08,17,0000,District - Barmer  17,Total,35-59,386679,203302,183377,15505,6362,9143,0,0,0,89,83,6,101,56,45,150,96,54,15165,6127,9038
C3010,08,17,0000,District - Barmer  17,Total,60+,128579,61065,67514,421,238,183,0,0,0,15,13,2,20,13,7,23,17,6,363,195,168
C3010,08,17,0000,District - Barmer  17,Total,Age not stated,10882,5791,5091,480,155,325,0,0,0,40,34,6,12,10,2,14,10,4,414,101,313
C3010,08,17,0000,District - Barmer  17,Rural,All ages,1819431,959844,859587,407914,239365,168549,329002,210144,118858,5081,4645,436,563,367,196,1244,868,376,72024,23341,48683
C3010,08,17,0000,District - Barmer  17,Rural,0-4,285579,148477,137102,3295,1882,1413,3295,1882,1413,0,0,0,0,0,0,0,0,0,0,0,0
C3010,08,17,0000,District - Barmer  17,Rural,5,61604,32604,29000,7747,4595,3152,7747,4595,3152,0,0,0,0,0,0,0,0,0,0,0,0
C3010,08,17,0000,District - Barmer  17,Rural,6,64440,33291,31149,20183,12042,8141,20183,12042,8141,0,0,0,0,0,0,0,0,0,0,0,0
C3010,08,17,0000,District - Barmer  17,Rural,7,45002,23938,21064,30525,18002,12523,30525,18002,12523,0,0,0,0,0,0,0,0,0,0,0,0
C3010,08,17,0000,District - Barmer  17,Rural,8,70771,37278,33493,49670,29461,20209,49670,29461,20209,0,0,0,0,0,0,0,0,0,0,0,0
C3010,08,17,0000,District - Barmer  17,Rural,9,36190,19288,16902,27705,16671,11034,27705,16671,11034,0,0,0,0,0,0,0,0,0,0,0,0
C3010,08,17,0000,District - Barmer  17,Rural,10,71346,37949,33397,50747,31531,19216,50747,31531,19216,0,0,0,0,0,0,0,0,0,0,0,0
C3010,08,17,0000,District - Barmer  17,Rural,11,27706,15128,12578,20388,13159,7229,20388,13159,7229,0,0,0,0,0,0,0,0,0,0,0,0
C3010,08,17,0000,District - Barmer  17,Rural,12,59151,31927,27224,37826,25292,12534,37826,25292,12534,0,0,0,0,0,0,0,0,0,0,0,0
C3010,08,17,0000,District - Barmer  17,Rural,13,33740,17775,15965,19295,13232,6063,19295,13232,6063,0,0,0,0,0,0,0,0,0,0,0,0
C3010,08,17,0000,District - Barmer  17,Rural,14,39200,20957,18243,19454,13604,5850,19454,13604,5850,0,0,0,0,0,0,0,0,0,0,0,0
C3010,08,17,0000,District - Barmer  17,Rural,15-19,159318,92676,66642,47596,32228,15368,39524,28427,11097,1282,1123,159,123,86,37,592,429,163,6075,2163,3912
C3010,08,17,0000,District - Barmer  17,Rural,20-24,145003,78110,66893,23032,10065,12967,2643,2246,397,3066,2833,233,177,127,50,211,147,64,16935,4712,12223
C3010,08,17,0000,District - Barmer  17,Rural,25-29,125760,65574,60186,18298,5668,12630,0,0,0,560,526,34,101,69,32,140,95,45,17497,4978,12519
C3010,08,17,0000,District - Barmer  17,Rural,30-34,109472,56364,53108,15857,5262,10595,0,0,0,89,86,3,51,25,26,117,76,41,15600,5075,10525
C3010,08,17,0000,District - Barmer  17,Rural,35-59,354945,186050,168895,15428,6303,9125,0,0,0,53,49,4,83,41,42,148,95,53,15144,6118,9026
C3010,08,17,0000,District - Barmer  17,Rural,60+,120447,57315,63132,406,228,178,0,0,0,7,7,0,17,10,7,23,17,6,359,194,165
C3010,08,17,0000,District - Barmer  17,Rural,Age not stated,9757,5143,4614,462,140,322,0,0,0,24,21,3,11,9,2,13,9,4,414,101,313
C3010,08,17,0000,District - Barmer  17,Urban,All ages,145404,78403,67001,39101,23454,15647,36279,21460,14819,2478,1790,688,183,106,77,104,79,25,57,19,38
C3010,08,17,0000,District - Barmer  17,Urban,0-4,16636,8744,7892,1012,562,450,1012,562,450,0,0,0,0,0,0,0,0,0,0,0,0
C3010,08,17,0000,District - Barmer  17,Urban,5,3935,2118,1817,1626,899,727,1626,899,727,0,0,0,0,0,0,0,0,0,0,0,0
C3010,08,17,0000,District - Barmer  17,Urban,6,3641,1907,1734,2116,1138,978,2116,1138,978,0,0,0,0,0,0,0,0,0,0,0,0
C3010,08,17,0000,District - Barmer  17,Urban,7,3263,1730,1533,2766,1515,1251,2766,1515,1251,0,0,0,0,0,0,0,0,0,0,0,0
C3010,08,17,0000,District - Barmer  17,Urban,8,4383,2346,2037,3750,2076,1674,3750,2076,1674,0,0,0,0,0,0,0,0,0,0,0,0
C3010,08,17,0000,District - Barmer  17,Urban,9,2556,1324,1232,2286,1220,1066,2286,1220,1066,0,0,0,0,0,0,0,0,0,0,0,0
C3010,08,17,0000,District - Barmer  17,Urban,10,4907,2644,2263,4137,2311,1826,4137,2311,1826,0,0,0,0,0,0,0,0,0,0,0,0
C3010,08,17,0000,District - Barmer  17,Urban,11,2608,1446,1162,2322,1340,982,2322,1340,982,0,0,0,0,0,0,0,0,0,0,0,0
C3010,08,17,0000,District - Barmer  17,Urban,12,4438,2444,1994,3608,2135,1473,3608,2135,1473,0,0,0,0,0,0,0,0,0,0,0,0
C3010,08,17,0000,District - Barmer  17,Urban,13,2976,1566,1410,2334,1376,958,2334,1376,958,0,0,0,0,0,0,0,0,0,0,0,0
C3010,08,17,0000,District - Barmer  17,Urban,14,3263,1789,1474,2407,1491,916,2407,1491,916,0,0,0,0,0,0,0,0,0,0,0,0
C3010,08,17,0000,District - Barmer  17,Urban,15-19,15795,9291,6504,8262,5557,2705,7267,4919,2348,890,575,315,56,31,25,47,31,16,2,1,1
C3010,08,17,0000,District - Barmer  17,Urban,20-24,14003,7769,6234,2132,1580,552,648,478,170,1362,1032,330,74,40,34,33,27,6,15,3,12
C3010,08,17,0000,District - Barmer  17,Urban,25-29,11536,6041,5495,193,143,50,0,0,0,139,112,27,27,13,14,17,16,1,10,2,8
C3010,08,17,0000,District - Barmer  17,Urban,30-34,10473,5594,4879,40,27,13,0,0,0,27,18,9,4,3,1,4,3,1,5,3,2
C3010,08,17,0000,District - Barmer  17,Urban,35-59,31734,17252,14482,77,59,18,0,0,0,36,34,2,18,15,3,2,1,1,21,9,12
C3010,08,17,0000,District - Barmer  17,Urban,60+,8132,3750,4382,15,10,5,0,0,0,8,6,2,3,3,0,0,0,0,4,1,3
C3010,08,17,0000,District - Barmer  17,Urban,Age not stated,1125,648,477,18,15,3,0,0,0,16,13,3,1,1,0,1,1,0,0,0,0
C3010,08,18,0000,District - Jalor  18,Total,All ages,1448940,737880,711060,275854,182359,93495,258823,174865,83958,3899,3433,466,342,174,168,320,202,118,12470,3685,8785
C3010,08,18,0000,District - Jalor  18,Total,0-4,212461,110307,102154,2709,1625,1084,2709,1625,1084,0,0,0,0,0,0,0,0,0,0,0,0
C3010,08,18,0000,District - Jalor  18,Total,5,49296,26170,23126,6584,4124,2460,6584,4124,2460,0,0,0,0,0,0,0,0,0,0,0,0
C3010,08,18,0000,District - Jalor  18,Total,6,49333,25437,23896,13935,8669,5266,13935,8669,5266,0,0,0,0,0,0,0,0,0,0,0,0
C3010,08,18,0000,District - Jalor  18,Total,7,38224,20243,17981,24255,14904,9351,24255,14904,9351,0,0,0,0,0,0,0,0,0,0,0,0
C3010,08,18,0000,District - Jalor  18,Total,8,56113,29283,26830,37939,23367,14572,37939,23367,14572,0,0,0,0,0,0,0,0,0,0,0,0
C3010,08,18,0000,District - Jalor  18,Total,9,31028,16422,14606,22938,14234,8704,22938,14234,8704,0,0,0,0,0,0,0,0,0,0,0,0
C3010,08,18,0000,District - Jalor  18,Total,10,57450,30312,27138,39380,25557,13823,39380,25557,13823,0,0,0,0,0,0,0,0,0,0,0,0
C3010,08,18,0000,District - Jalor  18,Total,11,24765,13496,11269,17885,12014,5871,17885,12014,5871,0,0,0,0,0,0,0,0,0,0,0,0
C3010,08,18,0000,District - Jalor  18,Total,12,50457,27025,23432,31002,22183,8819,31002,22183,8819,0,0,0,0,0,0,0,0,0,0,0,0
C3010,08,18,0000,District - Jalor  18,Total,13,30476,15636,14840,16777,12331,4446,16777,12331,4446,0,0,0,0,0,0,0,0,0,0,0,0
C3010,08,18,0000,District - Jalor  18,Total,14,34671,17571,17100,15585,12046,3539,15585,12046,3539,0,0,0,0,0,0,0,0,0,0,0,0
C3010,08,18,0000,District - Jalor  18,Total,15-19,125623,66144,59479,30978,23956,7022,28159,22424,5735,1331,1083,248,112,46,66,190,108,82,1186,295,891
C3010,08,18,0000,District - Jalor  18,Total,20-24,107847,51883,55964,7203,4194,3009,1675,1387,288,2230,2031,199,100,49,51,54,36,18,3144,691,2453
C3010,08,18,0000,District - Jalor  18,Total,25-29,97198,47161,50037,3543,1132,2411,0,0,0,268,258,10,46,23,23,25,17,8,3204,834,2370
C3010,08,18,0000,District - Jalor  18,Total,30-34,90931,44226,46705,2923,990,1933,0,0,0,33,30,3,24,14,10,12,10,2,2854,936,1918
C3010,08,18,0000,District - Jalor  18,Total,35-59,289949,148071,141878,2063,943,1120,0,0,0,20,17,3,42,31,11,28,24,4,1973,871,1102
C3010,08,18,0000,District - Jalor  18,Total,60+,96767,45020,51747,93,63,30,0,0,0,4,4,0,16,10,6,7,4,3,66,45,21
C3010,08,18,0000,District - Jalor  18,Total,Age not stated,6351,3473,2878,62,27,35,0,0,0,13,10,3,2,1,1,4,3,1,43,13,30
C3010,08,18,0000,District - Jalor  18,Rural,All ages,1338946,679637,659309,248710,165557,83153,233326,159256,74070,2487,2334,153,234,119,115,279,174,105,12384,3674,8710
C3010,08,18,0000,District - Jalor  18,Rural,0-4,198501,103023,95478,2150,1317,833,2150,1317,833,0,0,0,0,0,0,0,0,0,0,0,0
C3010,08,18,0000,District - Jalor  18,Rural,5,45855,24327,21528,5698,3610,2088,5698,3610,2088,0,0,0,0,0,0,0,0,0,0,0,0
C3010,08,18,0000,District - Jalor  18,Rural,6,46318,23875,22443,12704,7995,4709,12704,7995,4709,0,0,0,0,0,0,0,0,0,0,0,0
C3010,08,18,0000,District - Jalor  18,Rural,7,35408,18797,16611,22095,13714,8381,22095,13714,8381,0,0,0,0,0,0,0,0,0,0,0,0
C3010,08,18,0000,District - Jalor  18,Rural,8,52306,27271,25035,35001,21704,13297,35001,21704,13297,0,0,0,0,0,0,0,0,0,0,0,0
C3010,08,18,0000,District - Jalor  18,Rural,9,28812,15235,13577,21099,13192,7907,21099,13192,7907,0,0,0,0,0,0,0,0,0,0,0,0
C3010,08,18,0000,District - Jalor  18,Rural,10,53420,28205,25215,36274,23751,12523,36274,23751,12523,0,0,0,0,0,0,0,0,0,0,0,0
C3010,08,18,0000,District - Jalor  18,Rural,11,22872,12444,10428,16270,11037,5233,16270,11037,5233,0,0,0,0,0,0,0,0,0,0,0,0
C3010,08,18,0000,District - Jalor  18,Rural,12,46888,25076,21812,28320,20539,7781,28320,20539,7781,0,0,0,0,0,0,0,0,0,0,0,0
C3010,08,18,0000,District - Jalor  18,Rural,13,28173,14443,13730,15083,11313,3770,15083,11313,3770,0,0,0,0,0,0,0,0,0,0,0,0
C3010,08,18,0000,District - Jalor  18,Rural,14,32046,16162,15884,13832,10913,2919,13832,10913,2919,0,0,0,0,0,0,0,0,0,0,0,0
C3010,08,18,0000,District - Jalor  18,Rural,15-19,114186,59502,54684,25651,20163,5488,23437,19039,4398,796,710,86,68,27,41,166,93,73,1184,294,890
C3010,08,18,0000,District - Jalor  18,Rural,20-24,97992,46525,51467,6033,3250,2783,1363,1132,231,1430,1370,60,65,31,34,44,29,15,3131,688,2443
C3010,08,18,0000,District - Jalor  18,Rural,25-29,88931,42890,46041,3460,1076,2384,0,0,0,216,210,6,35,18,17,22,14,8,3187,834,2353
C3010,08,18,0000,District - Jalor  18,Rural,30-34,83387,40447,42940,2882,975,1907,0,0,0,26,26,0,18,9,9,10,8,2,2828,932,1896
C3010,08,18,0000,District - Jalor  18,Rural,35-59,267321,136003,131318,2019,929,1090,0,0,0,14,13,1,33,25,8,27,23,4,1945,868,1077
C3010,08,18,0000,District - Jalor  18,Rural,60+,90730,42243,48487,87,58,29,0,0,0,1,1,0,14,8,6,6,4,2,66,45,21
C3010,08,18,0000,District - Jalor  18,Rural,Age not stated,5800,3169,2631,52,21,31,0,0,0,4,4,0,1,1,0,4,3,1,43,13,30
C3010,08,18,0000,District - Jalor  18,Urban,All ages,109994,58243,51751,27144,16802,10342,25497,15609,9888,1412,1099,313,108,55,53,41,28,13,86,11,75
C3010,08,18,0000,District - Jalor  18,Urban,0-4,13960,7284,6676,559,308,251,559,308,251,0,0,0,0,0,0,0,0,0,0,0,0
C3010,08,18,0000,District - Jalor  18,Urban,5,3441,1843,1598,886,514,372,886,514,372,0,0,0,0,0,0,0,0,0,0,0,0
C3010,08,18,0000,District - Jalor  18,Urban,6,3015,1562,1453,1231,674,557,1231,674,557,0,0,0,0,0,0,0,0,0,0,0,0
C3010,08,18,0000,District - Jalor  18,Urban,7,2816,1446,1370,2160,1190,970,2160,1190,970,0,0,0,0,0,0,0,0,0,0,0,0
C3010,08,18,0000,District - Jalor  18,Urban,8,3807,2012,1795,2938,1663,1275,2938,1663,1275,0,0,0,0,0,0,0,0,0,0,0,0
C3010,08,18,0000,District - Jalor  18,Urban,9,2216,1187,1029,1839,1042,797,1839,1042,797,0,0,0,0,0,0,0,0,0,0,0,0
C3010,08,18,0000,District - Jalor  18,Urban,10,4030,2107,1923,3106,1806,1300,3106,1806,1300,0,0,0,0,0,0,0,0,0,0,0,0
C3010,08,18,0000,District - Jalor  18,Urban,11,1893,1052,841,1615,977,638,1615,977,638,0,0,0,0,0,0,0,0,0,0,0,0
C3010,08,18,0000,District - Jalor  18,Urban,12,3569,1949,1620,2682,1644,1038,2682,1644,1038,0,0,0,0,0,0,0,0,0,0,0,0
C3010,08,18,0000,District - Jalor  18,Urban,13,2303,1193,1110,1694,1018,676,1694,1018,676,0,0,0,0,0,0,0,0,0,0,0,0
C3010,08,18,0000,District - Jalor  18,Urban,14,2625,1409,1216,1753,1133,620,1753,1133,620,0,0,0,0,0,0,0,0,0,0,0,0
C3010,08,18,0000,District - Jalor  18,Urban,15-19,11437,6642,4795,5327,3793,1534,4722,3385,1337,535,373,162,44,19,25,24,15,9,2,1,1
C3010,08,18,0000,District - Jalor  18,Urban,20-24,9855,5358,4497,1170,944,226,312,255,57,800,661,139,35,18,17,10,7,3,13,3,10
C3010,08,18,0000,District - Jalor  18,Urban,25-29,8267,4271,3996,83,56,27,0,0,0,52,48,4,11,5,6,3,3,0,17,0,17
C3010,08,18,0000,District - Jalor  18,Urban,30-34,7544,3779,3765,41,15,26,0,0,0,7,4,3,6,5,1,2,2,0,26,4,22
C3010,08,18,0000,District - Jalor  18,Urban,35-59,22628,12068,10560,44,14,30,0,0,0,6,4,2,9,6,3,1,1,0,28,3,25
C3010,08,18,0000,District - Jalor  18,Urban,60+,6037,2777,3260,6,5,1,0,0,0,3,3,0,2,2,0,1,0,1,0,0,0
C3010,08,18,0000,District - Jalor  18,Urban,Age not stated,551,304,247,10,6,4,0,0,0,9,6,3,1,0,1,0,0,0,0,0,0
C3010,08,19,0000,District - Sirohi  19,Total,All ages,851107,437949,413158,188836,117340,71496,168393,107420,60973,3993,2996,997,510,354,156,407,266,141,15533,6304,9229
C3010,08,19,0000,District - Sirohi  19,Total,0-4,115362,59861,55501,2638,1556,1082,2638,1556,1082,0,0,0,0,0,0,0,0,0,0,0,0
C3010,08,19,0000,District - Sirohi  19,Total,5,27568,14641,12927,6395,3877,2518,6395,3877,2518,0,0,0,0,0,0,0,0,0,0,0,0
C3010,08,19,0000,District - Sirohi  19,Total,6,26055,13580,12475,11405,6904,4501,11405,6904,4501,0,0,0,0,0,0,0,0,0,0,0,0
C3010,08,19,0000,District - Sirohi  19,Total,7,23103,12356,10747,16953,10113,6840,16953,10113,6840,0,0,0,0,0,0,0,0,0,0,0,0
C3010,08,19,0000,District - Sirohi  19,Total,8,29585,15693,13892,21399,12991,8408,21399,12991,8408,0,0,0,0,0,0,0,0,0,0,0,0
C3010,08,19,0000,District - Sirohi  19,Total,9,17983,9673,8310,14199,8565,5634,14199,8565,5634,0,0,0,0,0,0,0,0,0,0,0,0
C3010,08,19,0000,District - Sirohi  19,Total,10,30519,16252,14267,22007,13637,8370,22007,13637,8370,0,0,0,0,0,0,0,0,0,0,0,0
C3010,08,19,0000,District - Sirohi  19,Total,11,13930,7665,6265,11094,6926,4168,11094,6926,4168,0,0,0,0,0,0,0,0,0,0,0,0
C3010,08,19,0000,District - Sirohi  19,Total,12,25179,13585,11594,16965,11120,5845,16965,11120,5845,0,0,0,0,0,0,0,0,0,0,0,0
C3010,08,19,0000,District - Sirohi  19,Total,13,16634,8918,7716,10960,7247,3713,10960,7247,3713,0,0,0,0,0,0,0,0,0,0,0,0
C3010,08,19,0000,District - Sirohi  19,Total,14,17636,9438,8198,10110,6950,3160,10110,6950,3160,0,0,0,0,0,0,0,0,0,0,0,0
C3010,08,19,0000,District - Sirohi  19,Total,15-19,76827,40513,36314,26147,18024,8123,22930,16470,6460,1356,913,443,108,78,30,175,83,92,1578,480,1098
C3010,08,19,0000,District - Sirohi  19,Total,20-24,67223,33721,33502,7559,4352,3207,1338,1064,274,2381,1870,511,169,107,62,93,75,18,3578,1236,2342
C3010,08,19,0000,District - Sirohi  19,Total,25-29,62835,31246,31589,4078,1706,2372,0,0,0,184,153,31,103,75,28,52,45,7,3739,1433,2306
C3010,08,19,0000,District - Sirohi  19,Total,30-34,56891,28644,28247,3384,1416,1968,0,0,0,30,24,6,44,32,12,31,24,7,3279,1336,1943
C3010,08,19,0000,District - Sirohi  19,Total,35-59,185971,95460,90511,3360,1853,1507,0,0,0,28,27,1,77,58,19,46,35,11,3209,1733,1476
C3010,08,19,0000,District - Sirohi  19,Total,60+,55609,25526,30083,135,82,53,0,0,0,7,6,1,8,3,5,9,3,6,111,70,41
C3010,08,19,0000,District - Sirohi  19,Total,Age not stated,2197,1177,1020,48,21,27,0,0,0,7,3,4,1,1,0,1,1,0,39,16,23
C3010,08,19,0000,District - Sirohi  19,Rural,All ages,700217,357178,343039,149505,94339,55166,131714,86131,45583,1816,1589,227,287,221,66,208,112,96,15480,6286,9194
C3010,08,19,0000,District - Sirohi  19,Rural,0-4,99362,51232,48130,1606,960,646,1606,960,646,0,0,0,0,0,0,0,0,0,0,0,0
C3010,08,19,0000,District - Sirohi  19,Rural,5,23591,12453,11138,4845,2965,1880,4845,2965,1880,0,0,0,0,0,0,0,0,0,0,0,0
C3010,08,19,0000,District - Sirohi  19,Rural,6,22498,11653,10845,9359,5767,3592,9359,5767,3592,0,0,0,0,0,0,0,0,0,0,0,0
C3010,08,19,0000,District - Sirohi  19,Rural,7,19586,10517,9069,13912,8481,5431,13912,8481,5431,0,0,0,0,0,0,0,0,0,0,0,0
C3010,08,19,0000,District - Sirohi  19,Rural,8,25386,13460,11926,17711,10951,6760,17711,10951,6760,0,0,0,0,0,0,0,0,0,0,0,0
C3010,08,19,0000,District - Sirohi  19,Rural,9,15163,8200,6963,11633,7180,4453,11633,7180,4453,0,0,0,0,0,0,0,0,0,0,0,0
C3010,08,19,0000,District - Sirohi  19,Rural,10,25868,13772,12096,17879,11364,6515,17879,11364,6515,0,0,0,0,0,0,0,0,0,0,0,0
C3010,08,19,0000,District - Sirohi  19,Rural,11,11141,6144,4997,8517,5477,3040,8517,5477,3040,0,0,0,0,0,0,0,0,0,0,0,0
C3010,08,19,0000,District - Sirohi  19,Rural,12,21092,11359,9733,13459,9108,4351,13459,9108,4351,0,0,0,0,0,0,0,0,0,0,0,0
C3010,08,19,0000,District - Sirohi  19,Rural,13,13590,7308,6282,8469,5827,2642,8469,5827,2642,0,0,0,0,0,0,0,0,0,0,0,0
C3010,08,19,0000,District - Sirohi  19,Rural,14,14460,7766,6694,7680,5507,2173,7680,5507,2173,0,0,0,0,0,0,0,0,0,0,0,0
C3010,08,19,0000,District - Sirohi  19,Rural,15-19,61621,32057,29564,18178,12917,5261,15839,11862,3977,599,489,110,53,43,10,112,44,68,1575,479,1096
C3010,08,19,0000,District - Sirohi  19,Rural,20-24,52937,25769,27168,5551,2961,2590,805,682,123,1083,984,99,59,44,15,29,16,13,3575,1235,2340
C3010,08,19,0000,District - Sirohi  19,Rural,25-29,50030,24481,25549,3905,1576,2329,0,0,0,95,82,13,64,49,15,17,13,4,3729,1432,2297
C3010,08,19,0000,District - Sirohi  19,Rural,30-34,45275,22512,22763,3342,1394,1948,0,0,0,21,17,4,38,30,8,14,11,3,3269,1336,1933
C3010,08,19,0000,District - Sirohi  19,Rural,35-59,150784,76420,74364,3298,1812,1486,0,0,0,14,14,0,66,51,15,30,25,5,3188,1722,1466
C3010,08,19,0000,District - Sirohi  19,Rural,60+,45902,21058,24844,118,73,45,0,0,0,2,2,0,6,3,3,5,2,3,105,66,39
C3010,08,19,0000,District - Sirohi  19,Rural,Age not stated,1931,1017,914,43,19,24,0,0,0,2,1,1,1,1,0,1,1,0,39,16,23
C3010,08,19,0000,District - Sirohi  19,Urban,All ages,150890,80771,70119,39331,23001,16330,36679,21289,15390,2177,1407,770,223,133,90,199,154,45,53,18,35
C3010,08,19,0000,District - Sirohi  19,Urban,0-4,16000,8629,7371,1032,596,436,1032,596,436,0,0,0,0,0,0,0,0,0,0,0,0
C3010,08,19,0000,District - Sirohi  19,Urban,5,3977,2188,1789,1550,912,638,1550,912,638,0,0,0,0,0,0,0,0,0,0,0,0
C3010,08,19,0000,District - Sirohi  19,Urban,6,3557,1927,1630,2046,1137,909,2046,1137,909,0,0,0,0,0,0,0,0,0,0,0,0
C3010,08,19,0000,District - Sirohi  19,Urban,7,3517,1839,1678,3041,1632,1409,3041,1632,1409,0,0,0,0,0,0,0,0,0,0,0,0
C3010,08,19,0000,District - Sirohi  19,Urban,8,4199,2233,1966,3688,2040,1648,3688,2040,1648,0,0,0,0,0,0,0,0,0,0,0,0
C3010,08,19,0000,District - Sirohi  19,Urban,9,2820,1473,1347,2566,1385,1181,2566,1385,1181,0,0,0,0,0,0,0,0,0,0,0,0
C3010,08,19,0000,District - Sirohi  19,Urban,10,4651,2480,2171,4128,2273,1855,4128,2273,1855,0,0,0,0,0,0,0,0,0,0,0,0
C3010,08,19,0000,District - Sirohi  19,Urban,11,2789,1521,1268,2577,1449,1128,2577,1449,1128,0,0,0,0,0,0,0,0,0,0,0,0
C3010,08,19,0000,District - Sirohi  19,Urban,12,4087,2226,1861,3506,2012,1494,3506,2012,1494,0,0,0,0,0,0,0,0,0,0,0,0
C3010,08,19,0000,District - Sirohi  19,Urban,13,3044,1610,1434,2491,1420,1071,2491,1420,1071,0,0,0,0,0,0,0,0,0,0,0,0
C3010,08,19,0000,District - Sirohi  19,Urban,14,3176,1672,1504,2430,1443,987,2430,1443,987,0,0,0,0,0,0,0,0,0,0,0,0
C3010,08,19,0000,District - Sirohi  19,Urban,15-19,15206,8456,6750,7969,5107,2862,7091,4608,2483,757,424,333,55,35,20,63,39,24,3,1,2
C3010,08,19,0000,District - Sirohi  19,Urban,20-24,14286,7952,6334,2008,1391,617,533,382,151,1298,886,412,110,63,47,64,59,5,3,1,2
C3010,08,19,0000,District - Sirohi  19,Urban,25-29,12805,6765,6040,173,130,43,0,0,0,89,71,18,39,26,13,35,32,3,10,1,9
C3010,08,19,0000,District - Sirohi  19,Urban,30-34,11616,6132,5484,42,22,20,0,0,0,9,7,2,6,2,4,17,13,4,10,0,10
C3010,08,19,0000,District - Sirohi  19,Urban,35-59,35187,19040,16147,62,41,21,0,0,0,14,13,1,11,7,4,16,10,6,21,11,10
C3010,08,19,0000,District - Sirohi  19,Urban,60+,9707,4468,5239,17,9,8,0,0,0,5,4,1,2,0,2,4,1,3,6,4,2
C3010,08,19,0000,District - Sirohi  19,Urban,Age not stated,266,160,106,5,2,3,0,0,0,5,2,3,0,0,0,0,0,0,0,0,0
C3010,08,20,0000,District - Pali  20,Total,All ages,1820251,918856,901395,401224,254373,146851,388645,245203,143442,9895,7809,2086,751,525,226,750,487,263,1183,349,834
C3010,08,20,0000,District - Pali  20,Total,0-4,228999,118351,110648,7049,3912,3137,7049,3912,3137,0,0,0,0,0,0,0,0,0,0,0,0
C3010,08,20,0000,District - Pali  20,Total,5,55166,29325,25841,14691,8644,6047,14691,8644,6047,0,0,0,0,0,0,0,0,0,0,0,0
C3010,08,20,0000,District - Pali  20,Total,6,53699,27859,25840,25647,14714,10933,25647,14714,10933,0,0,0,0,0,0,0,0,0,0,0,0
C3010,08,20,0000,District - Pali  20,Total,7,49211,25616,23595,36502,20945,15557,36502,20945,15557,0,0,0,0,0,0,0,0,0,0,0,0
C3010,08,20,0000,District - Pali  20,Total,8,60739,31600,29139,46924,26992,19932,46924,26992,19932,0,0,0,0,0,0,0,0,0,0,0,0
C3010,08,20,0000,District - Pali  20,Total,9,40583,21374,19209,33249,19299,13950,33249,19299,13950,0,0,0,0,0,0,0,0,0,0,0,0
C3010,08,20,0000,District - Pali  20,Total,10,66160,35015,31145,51380,31006,20374,51380,31006,20374,0,0,0,0,0,0,0,0,0,0,0,0
C3010,08,20,0000,District - Pali  20,Total,11,33743,18603,15140,27359,17134,10225,27359,17134,10225,0,0,0,0,0,0,0,0,0,0,0,0
C3010,08,20,0000,District - Pali  20,Total,12,58509,31177,27332,41920,27250,14670,41920,27250,14670,0,0,0,0,0,0,0,0,0,0,0,0
C3010,08,20,0000,District - Pali  20,Total,13,39384,20236,19148,25905,17325,8580,25905,17325,8580,0,0,0,0,0,0,0,0,0,0,0,0
C3010,08,20,0000,District - Pali  20,Total,14,42000,21557,20443,24052,17049,7003,24052,17049,7003,0,0,0,0,0,0,0,0,0,0,0,0
C3010,08,20,0000,District - Pali  20,Total,15-19,163949,83798,80151,54710,41055,13655,50568,38268,12300,3334,2333,1001,216,139,77,490,301,189,102,14,88
C3010,08,20,0000,District - Pali  20,Total,20-24,131820,64159,67661,9712,7695,2017,3399,2665,734,5726,4715,1011,260,187,73,129,88,41,198,40,158
C3010,08,20,0000,District - Pali  20,Total,25-29,119308,56937,62371,1024,758,266,0,0,0,617,567,50,120,100,20,59,47,12,228,44,184
C3010,08,20,0000,District - Pali  20,Total,30-34,116432,55833,60599,371,194,177,0,0,0,113,103,10,40,25,15,16,12,4,202,54,148
C3010,08,20,0000,District - Pali  20,Total,35-59,407058,207067,199991,589,319,270,0,0,0,72,66,6,85,59,26,37,27,10,395,167,228
C3010,08,20,0000,District - Pali  20,Total,60+,145975,66669,79306,106,62,44,0,0,0,13,9,4,26,13,13,16,12,4,51,28,23
C3010,08,20,0000,District - Pali  20,Total,Age not stated,7516,3680,3836,34,20,14,0,0,0,20,16,4,4,2,2,3,0,3,7,2,5
C3010,08,20,0000,District - Pali  20,Rural,All ages,1429364,714698,714666,299874,194702,105172,292640,189179,103461,5181,4539,642,396,299,97,526,357,169,1131,328,803
C3010,08,20,0000,District - Pali  20,Rural,0-4,184022,94946,89076,4360,2475,1885,4360,2475,1885,0,0,0,0,0,0,0,0,0,0,0,0
C3010,08,20,0000,District - Pali  20,Rural,5,44188,23476,20712,10586,6350,4236,10586,6350,4236,0,0,0,0,0,0,0,0,0,0,0,0
C3010,08,20,0000,District - Pali  20,Rural,6,43559,22587,20972,20115,11687,8428,20115,11687,8428,0,0,0,0,0,0,0,0,0,0,0,0
C3010,08,20,0000,District - Pali  20,Rural,7,39286,20437,18849,28503,16554,11949,28503,16554,11949,0,0,0,0,0,0,0,0,0,0,0,0
C3010,08,20,0000,District - Pali  20,Rural,8,48481,25139,23342,36804,21384,15420,36804,21384,15420,0,0,0,0,0,0,0,0,0,0,0,0
C3010,08,20,0000,District - Pali  20,Rural,9,32519,17124,15395,26193,15445,10748,26193,15445,10748,0,0,0,0,0,0,0,0,0,0,0,0
C3010,08,20,0000,District - Pali  20,Rural,10,52280,27567,24713,39760,24422,15338,39760,24422,15338,0,0,0,0,0,0,0,0,0,0,0,0
C3010,08,20,0000,District - Pali  20,Rural,11,26541,14697,11844,21019,13512,7507,21019,13512,7507,0,0,0,0,0,0,0,0,0,0,0,0
C3010,08,20,0000,District - Pali  20,Rural,12,46259,24648,21611,32049,21466,10583,32049,21466,10583,0,0,0,0,0,0,0,0,0,0,0,0
C3010,08,20,0000,District - Pali  20,Rural,13,30899,15938,14961,19338,13551,5787,19338,13551,5787,0,0,0,0,0,0,0,0,0,0,0,0
C3010,08,20,0000,District - Pali  20,Rural,14,32866,16839,16027,17667,13200,4467,17667,13200,4467,0,0,0,0,0,0,0,0,0,0,0,0
C3010,08,20,0000,District - Pali  20,Rural,15-19,123626,61685,61941,36085,28871,7214,33972,27307,6665,1562,1248,314,87,67,20,363,235,128,101,14,87
C3010,08,20,0000,District - Pali  20,Rural,20-24,97764,46044,51720,5736,4789,947,2274,1826,448,3076,2777,299,125,100,25,70,48,22,191,38,153
C3010,08,20,0000,District - Pali  20,Rural,25-29,89967,42275,47692,744,523,221,0,0,0,401,379,22,77,65,12,42,36,6,224,43,181
C3010,08,20,0000,District - Pali  20,Rural,30-34,88716,42048,46668,315,159,156,0,0,0,83,81,2,28,19,9,10,7,3,194,52,142
C3010,08,20,0000,District - Pali  20,Rural,35-59,319542,160390,159152,497,254,243,0,0,0,42,39,3,56,37,19,26,21,5,373,157,216
C3010,08,20,0000,District - Pali  20,Rural,60+,122162,55657,66505,81,46,35,0,0,0,7,5,2,20,9,11,13,10,3,41,22,19
C3010,08,20,0000,District - Pali  20,Rural,Age not stated,6687,3201,3486,22,14,8,0,0,0,10,10,0,3,2,1,2,0,2,7,2,5
C3010,08,20,0000,District - Pali  20,Urban,All ages,390887,204158,186729,101350,59671,41679,96005,56024,39981,4714,3270,1444,355,226,129,224,130,94,52,21,31
C3010,08,20,0000,District - Pali  20,Urban,0-4,44977,23405,21572,2689,1437,1252,2689,1437,1252,0,0,0,0,0,0,0,0,0,0,0,0
C3010,08,20,0000,District - Pali  20,Urban,5,10978,5849,5129,4105,2294,1811,4105,2294,1811,0,0,0,0,0,0,0,0,0,0,0,0
C3010,08,20,0000,District - Pali  20,Urban,6,10140,5272,4868,5532,3027,2505,5532,3027,2505,0,0,0,0,0,0,0,0,0,0,0,0
C3010,08,20,0000,District - Pali  20,Urban,7,9925,5179,4746,7999,4391,3608,7999,4391,3608,0,0,0,0,0,0,0,0,0,0,0,0
C3010,08,20,0000,District - Pali  20,Urban,8,12258,6461,5797,10120,5608,4512,10120,5608,4512,0,0,0,0,0,0,0,0,0,0,0,0
C3010,08,20,0000,District - Pali  20,Urban,9,8064,4250,3814,7056,3854,3202,7056,3854,3202,0,0,0,0,0,0,0,0,0,0,0,0
C3010,08,20,0000,District - Pali  20,Urban,10,13880,7448,6432,11620,6584,5036,11620,6584,5036,0,0,0,0,0,0,0,0,0,0,0,0
C3010,08,20,0000,District - Pali  20,Urban,11,7202,3906,3296,6340,3622,2718,6340,3622,2718,0,0,0,0,0,0,0,0,0,0,0,0
C3010,08,20,0000,District - Pali  20,Urban,12,12250,6529,5721,9871,5784,4087,9871,5784,4087,0,0,0,0,0,0,0,0,0,0,0,0
C3010,08,20,0000,District - Pali  20,Urban,13,8485,4298,4187,6567,3774,2793,6567,3774,2793,0,0,0,0,0,0,0,0,0,0,0,0
C3010,08,20,0000,District - Pali  20,Urban,14,9134,4718,4416,6385,3849,2536,6385,3849,2536,0,0,0,0,0,0,0,0,0,0,0,0
C3010,08,20,0000,District - Pali  20,Urban,15-19,40323,22113,18210,18625,12184,6441,16596,10961,5635,1772,1085,687,129,72,57,127,66,61,1,0,1
C3010,08,20,0000,District - Pali  20,Urban,20-24,34056,18115,15941,3976,2906,1070,1125,839,286,2650,1938,712,135,87,48,59,40,19,7,2,5
C3010,08,20,0000,District - Pali  20,Urban,25-29,29341,14662,14679,280,235,45,0,0,0,216,188,28,43,35,8,17,11,6,4,1,3
C3010,08,20,0000,District - Pali  20,Urban,30-34,27716,13785,13931,56,35,21,0,0,0,30,22,8,12,6,6,6,5,1,8,2,6
C3010,08,20,0000,District - Pali  20,Urban,35-59,87516,46677,40839,92,65,27,0,0,0,30,27,3,29,22,7,11,6,5,22,10,12
C3010,08,20,0000,District - Pali  20,Urban,60+,23813,11012,12801,25,16,9,0,0,0,6,4,2,6,4,2,3,2,1,10,6,4
C3010,08,20,0000,District - Pali  20,Urban,Age not stated,829,479,350,12,6,6,0,0,0,10,6,4,1,0,1,1,0,1,0,0,0
C3010,08,21,0000,District - Ajmer  21,Total,All ages,2181670,1129920,1051750,478870,289673,189197,442871,269935,172936,27354,16225,11129,2351,1482,869,1269,685,584,5025,1346,3679
C3010,08,21,0000,District - Ajmer  21,Total,0-4,255578,132450,123128,6334,3373,2961,6334,3373,2961,0,0,0,0,0,0,0,0,0,0,0,0
C3010,08,21,0000,District - Ajmer  21,Total,5,60116,31781,28335,10884,6233,4651,10884,6233,4651,0,0,0,0,0,0,0,0,0,0,0,0
C3010,08,21,0000,District - Ajmer  21,Total,6,57992,30179,27813,23030,13425,9605,23030,13425,9605,0,0,0,0,0,0,0,0,0,0,0,0
C3010,08,21,0000,District - Ajmer  21,Total,7,52635,27557,25078,38858,22367,16491,38858,22367,16491,0,0,0,0,0,0,0,0,0,0,0,0
C3010,08,21,0000,District - Ajmer  21,Total,8,67588,35307,32281,51795,30206,21589,51795,30206,21589,0,0,0,0,0,0,0,0,0,0,0,0
C3010,08,21,0000,District - Ajmer  21,Total,9,43588,22927,20661,35577,20696,14881,35577,20696,14881,0,0,0,0,0,0,0,0,0,0,0,0
C3010,08,21,0000,District - Ajmer  21,Total,10,69959,37229,32730,54047,32673,21374,54047,32673,21374,0,0,0,0,0,0,0,0,0,0,0,0
C3010,08,21,0000,District - Ajmer  21,Total,11,39444,21478,17966,32027,19503,12524,32027,19503,12524,0,0,0,0,0,0,0,0,0,0,0,0
C3010,08,21,0000,District - Ajmer  21,Total,12,62020,33085,28935,44554,27727,16827,44554,27727,16827,0,0,0,0,0,0,0,0,0,0,0,0
C3010,08,21,0000,District - Ajmer  21,Total,13,45295,23611,21684,31276,19240,12036,31276,19240,12036,0,0,0,0,0,0,0,0,0,0,0,0
C3010,08,21,0000,District - Ajmer  21,Total,14,46790,24857,21933,29547,18801,10746,29547,18801,10746,0,0,0,0,0,0,0,0,0,0,0,0
C3010,08,21,0000,District - Ajmer  21,Total,15-19,216266,114913,101353,88321,56179,32142,78336,51057,27279,8278,4285,3993,723,452,271,611,301,310,373,84,289
C3010,08,21,0000,District - Ajmer  21,Total,20-24,187512,98842,88670,25567,16017,9550,6606,4634,1972,16896,10445,6451,934,593,341,346,198,148,785,147,638
C3010,08,21,0000,District - Ajmer  21,Total,25-29,164413,84536,79877,2941,1640,1301,0,0,0,1501,1050,451,455,312,143,183,108,75,802,170,632
C3010,08,21,0000,District - Ajmer  21,Total,30-34,149668,75644,74024,1246,449,797,0,0,0,247,171,76,84,46,38,51,33,18,864,199,665
C3010,08,21,0000,District - Ajmer  21,Total,35-59,501022,261670,239352,2518,952,1566,0,0,0,311,203,108,121,65,56,56,31,25,2030,653,1377
C3010,08,21,0000,District - Ajmer  21,Total,60+,155711,70589,85122,257,151,106,0,0,0,66,43,23,26,9,17,13,10,3,152,89,63
C3010,08,21,0000,District - Ajmer  21,Total,Age not stated,6073,3265,2808,91,41,50,0,0,0,55,28,27,8,5,3,9,4,5,19,4,15
C3010,08,21,0000,District - Ajmer  21,Rural,All ages,1306994,669903,637091,249610,163087,86523,239016,157552,81464,4610,3580,1030,575,414,161,495,244,251,4914,1297,3617
C3010,08,21,0000,District - Ajmer  21,Rural,0-4,174383,89971,84412,2117,1211,906,2117,1211,906,0,0,0,0,0,0,0,0,0,0,0,0
C3010,08,21,0000,District - Ajmer  21,Rural,5,41023,21573,19450,5415,3299,2116,5415,3299,2116,0,0,0,0,0,0,0,0,0,0,0,0
C3010,08,21,0000,District - Ajmer  21,Rural,6,40027,20835,19192,15028,9197,5831,15028,9197,5831,0,0,0,0,0,0,0,0,0,0,0,0
C3010,08,21,0000,District - Ajmer  21,Rural,7,34610,18112,16498,23914,14357,9557,23914,14357,9557,0,0,0,0,0,0,0,0,0,0,0,0
C3010,08,21,0000,District - Ajmer  21,Rural,8,45162,23491,21671,32500,19791,12709,32500,19791,12709,0,0,0,0,0,0,0,0,0,0,0,0
C3010,08,21,0000,District - Ajmer  21,Rural,9,28135,14850,13285,21681,13275,8406,21681,13275,8406,0,0,0,0,0,0,0,0,0,0,0,0
C3010,08,21,0000,District - Ajmer  21,Rural,10,45038,23813,21225,32268,20636,11632,32268,20636,11632,0,0,0,0,0,0,0,0,0,0,0,0
C3010,08,21,0000,District - Ajmer  21,Rural,11,23609,13062,10547,17617,11663,5954,17617,11663,5954,0,0,0,0,0,0,0,0,0,0,0,0
C3010,08,21,0000,District - Ajmer  21,Rural,12,38601,20603,17998,24567,16745,7822,24567,16745,7822,0,0,0,0,0,0,0,0,0,0,0,0
C3010,08,21,0000,District - Ajmer  21,Rural,13,27656,14473,13183,16384,11236,5148,16384,11236,5148,0,0,0,0,0,0,0,0,0,0,0,0
C3010,08,21,0000,District - Ajmer  21,Rural,14,27780,14807,12973,14442,10377,4065,14442,10377,4065,0,0,0,0,0,0,0,0,0,0,0,0
C3010,08,21,0000,District - Ajmer  21,Rural,15-19,122071,65205,56866,33173,25338,7835,30928,23979,6949,1408,993,415,180,154,26,291,129,162,366,83,283
C3010,08,21,0000,District - Ajmer  21,Rural,20-24,102184,52676,49508,6063,4401,1662,2155,1786,369,2806,2242,564,240,182,58,91,50,41,771,141,630
C3010,08,21,0000,District - Ajmer  21,Rural,25-29,91767,46377,45390,1177,479,698,0,0,0,280,247,33,57,40,17,52,29,23,788,163,625
C3010,08,21,0000,District - Ajmer  21,Rural,30-34,84787,41949,42838,947,261,686,0,0,0,54,46,8,27,11,16,18,12,6,848,192,656
C3010,08,21,0000,District - Ajmer  21,Rural,35-59,282585,144738,137847,2107,709,1398,0,0,0,43,40,3,54,20,34,27,16,11,1983,633,1350
C3010,08,21,0000,District - Ajmer  21,Rural,60+,94083,41534,52549,176,101,75,0,0,0,11,7,4,15,5,10,10,7,3,140,82,58
C3010,08,21,0000,District - Ajmer  21,Rural,Age not stated,3493,1834,1659,34,11,23,0,0,0,8,5,3,2,2,0,6,1,5,18,3,15
C3010,08,21,0000,District - Ajmer  21,Urban,All ages,874676,460017,414659,229260,126586,102674,203855,112383,91472,22744,12645,10099,1776,1068,708,774,441,333,111,49,62
C3010,08,21,0000,District - Ajmer  21,Urban,0-4,81195,42479,38716,4217,2162,2055,4217,2162,2055,0,0,0,0,0,0,0,0,0,0,0,0
C3010,08,21,0000,District - Ajmer  21,Urban,5,19093,10208,8885,5469,2934,2535,5469,2934,2535,0,0,0,0,0,0,0,0,0,0,0,0
C3010,08,21,0000,District - Ajmer  21,Urban,6,17965,9344,8621,8002,4228,3774,8002,4228,3774,0,0,0,0,0,0,0,0,0,0,0,0
C3010,08,21,0000,District - Ajmer  21,Urban,7,18025,9445,8580,14944,8010,6934,14944,8010,6934,0,0,0,0,0,0,0,0,0,0,0,0
C3010,08,21,0000,District - Ajmer  21,Urban,8,22426,11816,10610,19295,10415,8880,19295,10415,8880,0,0,0,0,0,0,0,0,0,0,0,0
C3010,08,21,0000,District - Ajmer  21,Urban,9,15453,8077,7376,13896,7421,6475,13896,7421,6475,0,0,0,0,0,0,0,0,0,0,0,0
C3010,08,21,0000,District - Ajmer  21,Urban,10,24921,13416,11505,21779,12037,9742,21779,12037,9742,0,0,0,0,0,0,0,0,0,0,0,0
C3010,08,21,0000,District - Ajmer  21,Urban,11,15835,8416,7419,14410,7840,6570,14410,7840,6570,0,0,0,0,0,0,0,0,0,0,0,0
C3010,08,21,0000,District - Ajmer  21,Urban,12,23419,12482,10937,19987,10982,9005,19987,10982,9005,0,0,0,0,0,0,0,0,0,0,0,0
C3010,08,21,0000,District - Ajmer  21,Urban,13,17639,9138,8501,14892,8004,6888,14892,8004,6888,0,0,0,0,0,0,0,0,0,0,0,0
C3010,08,21,0000,District - Ajmer  21,Urban,14,19010,10050,8960,15105,8424,6681,15105,8424,6681,0,0,0,0,0,0,0,0,0,0,0,0
C3010,08,21,0000,District - Ajmer  21,Urban,15-19,94195,49708,44487,55148,30841,24307,47408,27078,20330,6870,3292,3578,543,298,245,320,172,148,7,1,6
C3010,08,21,0000,District - Ajmer  21,Urban,20-24,85328,46166,39162,19504,11616,7888,4451,2848,1603,14090,8203,5887,694,411,283,255,148,107,14,6,8
C3010,08,21,0000,District - Ajmer  21,Urban,25-29,72646,38159,34487,1764,1161,603,0,0,0,1221,803,418,398,272,126,131,79,52,14,7,7
C3010,08,21,0000,District - Ajmer  21,Urban,30-34,64881,33695,31186,299,188,111,0,0,0,193,125,68,57,35,22,33,21,12,16,7,9
C3010,08,21,0000,District - Ajmer  21,Urban,35-59,218437,116932,101505,411,243,168,0,0,0,268,163,105,67,45,22,29,15,14,47,20,27
C3010,08,21,0000,District - Ajmer  21,Urban,60+,61628,29055,32573,81,50,31,0,0,0,55,36,19,11,4,7,3,3,0,12,7,5
C3010,08,21,0000,District - Ajmer  21,Urban,Age not stated,2580,1431,1149,57,30,27,0,0,0,47,23,24,6,3,3,3,3,0,1,1,0
C3010,08,22,0000,District - Tonk  22,Total,All ages,1211671,626436,585235,249827,164120,85707,236086,155684,80402,10479,6988,3491,541,350,191,717,395,322,2004,703,1301
C3010,08,22,0000,District - Tonk  22,Total,0-4,149987,77571,72416,3158,1816,1342,3158,1816,1342,0,0,0,0,0,0,0,0,0,0,0,0
C3010,08,22,0000,District - Tonk  22,Total,5,36606,19222,17384,6492,3998,2494,6492,3998,2494,0,0,0,0,0,0,0,0,0,0,0,0
C3010,08,22,0000,District - Tonk  22,Total,6,37135,19305,17830,13455,8105,5350,13455,8105,5350,0,0,0,0,0,0,0,0,0,0,0,0
C3010,08,22,0000,District - Tonk  22,Total,7,31417,16392,15025,20962,12592,8370,20962,12592,8370,0,0,0,0,0,0,0,0,0,0,0,0
C3010,08,22,0000,District - Tonk  22,Total,8,41797,22036,19761,29647,18229,11418,29647,18229,11418,0,0,0,0,0,0,0,0,0,0,0,0
C3010,08,22,0000,District - Tonk  22,Total,9,25592,13512,12080,19260,11900,7360,19260,11900,7360,0,0,0,0,0,0,0,0,0,0,0,0
C3010,08,22,0000,District - Tonk  22,Total,10,41727,22087,19640,29688,19008,10680,29688,19008,10680,0,0,0,0,0,0,0,0,0,0,0,0
C3010,08,22,0000,District - Tonk  22,Total,11,22178,11984,10194,16443,10686,5757,16443,10686,5757,0,0,0,0,0,0,0,0,0,0,0,0
C3010,08,22,0000,District - Tonk  22,Total,12,35326,18796,16530,23236,15716,7520,23236,15716,7520,0,0,0,0,0,0,0,0,0,0,0,0
C3010,08,22,0000,District - Tonk  22,Total,13,27730,14539,13191,17364,12021,5343,17364,12021,5343,0,0,0,0,0,0,0,0,0,0,0,0
C3010,08,22,0000,District - Tonk  22,Total,14,26068,13726,12342,14936,10474,4462,14936,10474,4462,0,0,0,0,0,0,0,0,0,0,0,0
C3010,08,22,0000,District - Tonk  22,Total,15-19,116757,61743,55014,41614,30280,11334,37839,28166,9673,3081,1807,1274,133,89,44,394,184,210,167,34,133
C3010,08,22,0000,District - Tonk  22,Total,20-24,100019,51199,48820,10779,7707,3072,3606,2973,633,6463,4412,2051,181,114,67,155,108,47,374,100,274
C3010,08,22,0000,District - Tonk  22,Total,25-29,87996,45175,42821,1224,846,378,0,0,0,682,575,107,107,88,19,70,49,21,365,134,231
C3010,08,22,0000,District - Tonk  22,Total,30-34,80816,40388,40428,596,253,343,0,0,0,114,96,18,28,17,11,17,13,4,437,127,310
C3010,08,22,0000,District - Tonk  22,Total,35-59,253872,133015,120857,753,358,395,0,0,0,52,40,12,60,26,34,47,22,25,594,270,324
C3010,08,22,0000,District - Tonk  22,Total,60+,87418,41141,46277,117,72,45,0,0,0,19,15,4,23,11,12,23,12,11,52,34,18
C3010,08,22,0000,District - Tonk  22,Total,Age not stated,9230,4605,4625,103,59,44,0,0,0,68,43,25,9,5,4,11,7,4,15,4,11
C3010,08,22,0000,District - Tonk  22,Rural,All ages,958503,496092,462411,185138,128378,56760,177636,122912,54724,4910,4369,541,279,197,82,430,231,199,1883,669,1214
C3010,08,22,0000,District - Tonk  22,Rural,0-4,120888,62451,58437,1925,1147,778,1925,1147,778,0,0,0,0,0,0,0,0,0,0,0,0
C3010,08,22,0000,District - Tonk  22,Rural,5,29535,15522,14013,4695,2947,1748,4695,2947,1748,0,0,0,0,0,0,0,0,0,0,0,0
C3010,08,22,0000,District - Tonk  22,Rural,6,30000,15566,14434,10524,6524,4000,10524,6524,4000,0,0,0,0,0,0,0,0,0,0,0,0
C3010,08,22,0000,District - Tonk  22,Rural,7,25270,13211,12059,16573,10196,6377,16573,10196,6377,0,0,0,0,0,0,0,0,0,0,0,0
C3010,08,22,0000,District - Tonk  22,Rural,8,33291,17524,15767,23275,14630,8645,23275,14630,8645,0,0,0,0,0,0,0,0,0,0,0,0
C3010,08,22,0000,District - Tonk  22,Rural,9,20650,10934,9716,15288,9711,5577,15288,9711,5577,0,0,0,0,0,0,0,0,0,0,0,0
C3010,08,22,0000,District - Tonk  22,Rural,10,32872,17375,15497,22870,15132,7738,22870,15132,7738,0,0,0,0,0,0,0,0,0,0,0,0
C3010,08,22,0000,District - Tonk  22,Rural,11,17461,9525,7936,12621,8586,4035,12621,8586,4035,0,0,0,0,0,0,0,0,0,0,0,0
C3010,08,22,0000,District - Tonk  22,Rural,12,27834,14904,12930,17607,12580,5027,17607,12580,5027,0,0,0,0,0,0,0,0,0,0,0,0
C3010,08,22,0000,District - Tonk  22,Rural,13,21903,11607,10296,13102,9697,3405,13102,9697,3405,0,0,0,0,0,0,0,0,0,0,0,0
C3010,08,22,0000,District - Tonk  22,Rural,14,20109,10745,9364,10909,8276,2633,10909,8276,2633,0,0,0,0,0,0,0,0,0,0,0,0
C3010,08,22,0000,District - Tonk  22,Rural,15-19,88286,47534,40752,27639,22621,5018,25859,21353,4506,1300,1087,213,60,40,20,258,109,149,162,32,130
C3010,08,22,0000,District - Tonk  22,Rural,20-24,76354,39012,37342,5995,5161,834,2388,2133,255,3081,2797,284,82,68,14,92,68,24,352,95,257
C3010,08,22,0000,District - Tonk  22,Rural,25-29,69315,35668,33647,853,590,263,0,0,0,413,384,29,62,53,9,27,22,5,351,131,220
C3010,08,22,0000,District - Tonk  22,Rural,30-34,63897,31820,32077,523,205,318,0,0,0,67,59,8,18,11,7,12,10,2,426,125,301
C3010,08,22,0000,District - Tonk  22,Rural,35-59,202603,105803,96800,617,301,316,0,0,0,19,18,1,40,18,22,20,10,10,538,255,283
C3010,08,22,0000,District - Tonk  22,Rural,60+,72877,34276,38601,82,53,29,0,0,0,8,8,0,15,7,8,19,11,8,40,27,13
C3010,08,22,0000,District - Tonk  22,Rural,Age not stated,5358,2615,2743,40,21,19,0,0,0,22,16,6,2,0,2,2,1,1,14,4,10
C3010,08,22,0000,District - Tonk  22,Urban,All ages,253168,130344,122824,64689,35742,28947,58450,32772,25678,5569,2619,2950,262,153,109,287,164,123,121,34,87
C3010,08,22,0000,District - Tonk  22,Urban,0-4,29099,15120,13979,1233,669,564,1233,669,564,0,0,0,0,0,0,0,0,0,0,0,0
C3010,08,22,0000,District - Tonk  22,Urban,5,7071,3700,3371,1797,1051,746,1797,1051,746,0,0,0,0,0,0,0,0,0,0,0,0
C3010,08,22,0000,District - Tonk  22,Urban,6,7135,3739,3396,2931,1581,1350,2931,1581,1350,0,0,0,0,0,0,0,0,0,0,0,0
C3010,08,22,0000,District - Tonk  22,Urban,7,6147,3181,2966,4389,2396,1993,4389,2396,1993,0,0,0,0,0,0,0,0,0,0,0,0
C3010,08,22,0000,District - Tonk  22,Urban,8,8506,4512,3994,6372,3599,2773,6372,3599,2773,0,0,0,0,0,0,0,0,0,0,0,0
C3010,08,22,0000,District - Tonk  22,Urban,9,4942,2578,2364,3972,2189,1783,3972,2189,1783,0,0,0,0,0,0,0,0,0,0,0,0
C3010,08,22,0000,District - Tonk  22,Urban,10,8855,4712,4143,6818,3876,2942,6818,3876,2942,0,0,0,0,0,0,0,0,0,0,0,0
C3010,08,22,0000,District - Tonk  22,Urban,11,4717,2459,2258,3822,2100,1722,3822,2100,1722,0,0,0,0,0,0,0,0,0,0,0,0
C3010,08,22,0000,District - Tonk  22,Urban,12,7492,3892,3600,5629,3136,2493,5629,3136,2493,0,0,0,0,0,0,0,0,0,0,0,0
C3010,08,22,0000,District - Tonk  22,Urban,13,5827,2932,2895,4262,2324,1938,4262,2324,1938,0,0,0,0,0,0,0,0,0,0,0,0
C3010,08,22,0000,District - Tonk  22,Urban,14,5959,2981,2978,4027,2198,1829,4027,2198,1829,0,0,0,0,0,0,0,0,0,0,0,0
C3010,08,22,0000,District - Tonk  22,Urban,15-19,28471,14209,14262,13975,7659,6316,11980,6813,5167,1781,720,1061,73,49,24,136,75,61,5,2,3
C3010,08,22,0000,District - Tonk  22,Urban,20-24,23665,12187,11478,4784,2546,2238,1218,840,378,3382,1615,1767,99,46,53,63,40,23,22,5,17
C3010,08,22,0000,District - Tonk  22,Urban,25-29,18681,9507,9174,371,256,115,0,0,0,269,191,78,45,35,10,43,27,16,14,3,11
C3010,08,22,0000,District - Tonk  22,Urban,30-34,16919,8568,8351,73,48,25,0,0,0,47,37,10,10,6,4,5,3,2,11,2,9
C3010,08,22,0000,District - Tonk  22,Urban,35-59,51269,27212,24057,136,57,79,0,0,0,33,22,11,20,8,12,27,12,15,56,15,41
C3010,08,22,0000,District - Tonk  22,Urban,60+,14541,6865,7676,35,19,16,0,0,0,11,7,4,8,4,4,4,1,3,12,7,5
C3010,08,22,0000,District - Tonk  22,Urban,Age not stated,3872,1990,1882,63,38,25,0,0,0,46,27,19,7,5,2,9,6,3,1,0,1
C3010,08,23,0000,District - Bundi  23,Total,All ages,962620,504818,457802,233784,140030,93754,208306,128312,79994,7041,5115,1926,428,314,114,482,241,241,17527,6048,11479
C3010,08,23,0000,District - Bundi  23,Total,0-4,115623,60238,55385,2942,1616,1326,2942,1616,1326,0,0,0,0,0,0,0,0,0,0,0,0
C3010,08,23,0000,District - Bundi  23,Total,5,28663,15369,13294,6643,3953,2690,6643,3953,2690,0,0,0,0,0,0,0,0,0,0,0,0
C3010,08,23,0000,District - Bundi  23,Total,6,30565,15848,14717,13230,7679,5551,13230,7679,5551,0,0,0,0,0,0,0,0,0,0,0,0
C3010,08,23,0000,District - Bundi  23,Total,7,24674,12940,11734,18267,10368,7899,18267,10368,7899,0,0,0,0,0,0,0,0,0,0,0,0
C3010,08,23,0000,District - Bundi  23,Total,8,33328,17663,15665,25691,14947,10744,25691,14947,10744,0,0,0,0,0,0,0,0,0,0,0,0
C3010,08,23,0000,District - Bundi  23,Total,9,21285,11294,9991,17389,10033,7356,17389,10033,7356,0,0,0,0,0,0,0,0,0,0,0,0
C3010,08,23,0000,District - Bundi  23,Total,10,33246,17621,15625,25683,15304,10379,25683,15304,10379,0,0,0,0,0,0,0,0,0,0,0,0
C3010,08,23,0000,District - Bundi  23,Total,11,16310,8817,7493,13242,7907,5335,13242,7907,5335,0,0,0,0,0,0,0,0,0,0,0,0
C3010,08,23,0000,District - Bundi  23,Total,12,31827,17314,14513,23097,14516,8581,23097,14516,8581,0,0,0,0,0,0,0,0,0,0,0,0
C3010,08,23,0000,District - Bundi  23,Total,13,19937,10626,9311,13917,8716,5201,13917,8716,5201,0,0,0,0,0,0,0,0,0,0,0,0
C3010,08,23,0000,District - Bundi  23,Total,14,21804,11812,9992,13724,8983,4741,13724,8983,4741,0,0,0,0,0,0,0,0,0,0,0,0
C3010,08,23,0000,District - Bundi  23,Total,15-19,94157,50966,43191,35782,24193,11589,31945,22225,9720,2041,1330,711,116,88,28,263,108,155,1417,442,975
C3010,08,23,0000,District - Bundi  23,Total,20-24,80331,41840,38491,11139,6651,4488,2536,2065,471,4352,3229,1123,141,120,21,92,57,35,4018,1180,2838
C3010,08,23,0000,District - Bundi  23,Total,25-29,72738,38046,34692,4890,1898,2992,0,0,0,514,451,63,83,65,18,53,36,17,4240,1346,2894
C3010,08,23,0000,District - Bundi  23,Total,30-34,66214,33484,32730,3982,1427,2555,0,0,0,64,54,10,26,16,10,25,14,11,3867,1343,2524
C3010,08,23,0000,District - Bundi  23,Total,35-59,204172,108487,95685,3816,1679,2137,0,0,0,44,33,11,44,19,25,34,18,16,3694,1609,2085
C3010,08,23,0000,District - Bundi  23,Total,60+,63780,30335,33445,229,108,121,0,0,0,10,7,3,18,6,12,8,4,4,193,91,102
C3010,08,23,0000,District - Bundi  23,Total,Age not stated,3966,2118,1848,121,52,69,0,0,0,16,11,5,0,0,0,7,4,3,98,37,61
C3010,08,23,0000,District - Bundi  23,Rural,All ages,783058,410483,372575,183890,111658,72232,162547,102525,60022,3271,2771,500,225,150,75,386,176,210,17461,6036,11425
C3010,08,23,0000,District - Bundi  23,Rural,0-4,97316,50613,46703,1954,1111,843,1954,1111,843,0,0,0,0,0,0,0,0,0,0,0,0
C3010,08,23,0000,District - Bundi  23,Rural,5,23921,12799,11122,4860,2974,1886,4860,2974,1886,0,0,0,0,0,0,0,0,0,0,0,0
C3010,08,23,0000,District - Bundi  23,Rural,6,26219,13531,12688,10857,6361,4496,10857,6361,4496,0,0,0,0,0,0,0,0,0,0,0,0
C3010,08,23,0000,District - Bundi  23,Rural,7,20347,10715,9632,14751,8510,6241,14751,8510,6241,0,0,0,0,0,0,0,0,0,0,0,0
C3010,08,23,0000,District - Bundi  23,Rural,8,27894,14757,13137,21090,12387,8703,21090,12387,8703,0,0,0,0,0,0,0,0,0,0,0,0
C3010,08,23,0000,District - Bundi  23,Rural,9,17563,9379,8184,14073,8283,5790,14073,8283,5790,0,0,0,0,0,0,0,0,0,0,0,0
C3010,08,23,0000,District - Bundi  23,Rural,10,27540,14520,13020,20764,12540,8224,20764,12540,8224,0,0,0,0,0,0,0,0,0,0,0,0
C3010,08,23,0000,District - Bundi  23,Rural,11,12847,6941,5906,10151,6185,3966,10151,6185,3966,0,0,0,0,0,0,0,0,0,0,0,0
C3010,08,23,0000,District - Bundi  23,Rural,12,26258,14242,12016,18455,11846,6609,18455,11846,6609,0,0,0,0,0,0,0,0,0,0,0,0
C3010,08,23,0000,District - Bundi  23,Rural,13,16010,8605,7405,10728,6992,3736,10728,6992,3736,0,0,0,0,0,0,0,0,0,0,0,0
C3010,08,23,0000,District - Bundi  23,Rural,14,17653,9629,8024,10550,7222,3328,10550,7222,3328,0,0,0,0,0,0,0,0,0,0,0,0
C3010,08,23,0000,District - Bundi  23,Rural,15-19,74373,40317,34056,25159,17855,7304,22586,16612,5974,893,688,205,54,35,19,212,79,133,1414,441,973
C3010,08,23,0000,District - Bundi  23,Rural,20-24,63054,32678,30376,7861,4499,3362,1728,1502,226,2009,1739,270,52,43,9,66,37,29,4006,1178,2828
C3010,08,23,0000,District - Bundi  23,Rural,25-29,58362,30614,27748,4601,1678,2923,0,0,0,289,274,15,51,38,13,36,21,15,4225,1345,2880
C3010,08,23,0000,District - Bundi  23,Rural,30-34,53436,27038,26398,3940,1404,2536,0,0,0,44,38,6,19,13,6,24,13,11,3853,1340,2513
C3010,08,23,0000,District - Bundi  23,Rural,35-59,164433,87220,77213,3767,1661,2106,0,0,0,23,21,2,36,16,20,34,18,16,3674,1606,2068
C3010,08,23,0000,District - Bundi  23,Rural,60+,52613,25192,27421,215,102,113,0,0,0,4,4,0,13,5,8,7,4,3,191,89,102
C3010,08,23,0000,District - Bundi  23,Rural,Age not stated,3219,1693,1526,114,48,66,0,0,0,9,7,2,0,0,0,7,4,3,98,37,61
C3010,08,23,0000,District - Bundi  23,Urban,All ages,179562,94335,85227,49894,28372,21522,45759,25787,19972,3770,2344,1426,203,164,39,96,65,31,66,12,54
C3010,08,23,0000,District - Bundi  23,Urban,0-4,18307,9625,8682,988,505,483,988,505,483,0,0,0,0,0,0,0,0,0,0,0,0
C3010,08,23,0000,District - Bundi  23,Urban,5,4742,2570,2172,1783,979,804,1783,979,804,0,0,0,0,0,0,0,0,0,0,0,0
C3010,08,23,0000,District - Bundi  23,Urban,6,4346,2317,2029,2373,1318,1055,2373,1318,1055,0,0,0,0,0,0,0,0,0,0,0,0
C3010,08,23,0000,District - Bundi  23,Urban,7,4327,2225,2102,3516,1858,1658,3516,1858,1658,0,0,0,0,0,0,0,0,0,0,0,0
C3010,08,23,0000,District - Bundi  23,Urban,8,5434,2906,2528,4601,2560,2041,4601,2560,2041,0,0,0,0,0,0,0,0,0,0,0,0
C3010,08,23,0000,District - Bundi  23,Urban,9,3722,1915,1807,3316,1750,1566,3316,1750,1566,0,0,0,0,0,0,0,0,0,0,0,0
C3010,08,23,0000,District - Bundi  23,Urban,10,5706,3101,2605,4919,2764,2155,4919,2764,2155,0,0,0,0,0,0,0,0,0,0,0,0
C3010,08,23,0000,District - Bundi  23,Urban,11,3463,1876,1587,3091,1722,1369,3091,1722,1369,0,0,0,0,0,0,0,0,0,0,0,0
C3010,08,23,0000,District - Bundi  23,Urban,12,5569,3072,2497,4642,2670,1972,4642,2670,1972,0,0,0,0,0,0,0,0,0,0,0,0
C3010,08,23,0000,District - Bundi  23,Urban,13,3927,2021,1906,3189,1724,1465,3189,1724,1465,0,0,0,0,0,0,0,0,0,0,0,0
C3010,08,23,0000,District - Bundi  23,Urban,14,4151,2183,1968,3174,1761,1413,3174,1761,1413,0,0,0,0,0,0,0,0,0,0,0,0
C3010,08,23,0000,District - Bundi  23,Urban,15-19,19784,10649,9135,10623,6338,4285,9359,5613,3746,1148,642,506,62,53,9,51,29,22,3,1,2
C3010,08,23,0000,District - Bundi  23,Urban,20-24,17277,9162,8115,3278,2152,1126,808,563,245,2343,1490,853,89,77,12,26,20,6,12,2,10
C3010,08,23,0000,District - Bundi  23,Urban,25-29,14376,7432,6944,289,220,69,0,0,0,225,177,48,32,27,5,17,15,2,15,1,14
C3010,08,23,0000,District - Bundi  23,Urban,30-34,12778,6446,6332,42,23,19,0,0,0,20,16,4,7,3,4,1,1,0,14,3,11
C3010,08,23,0000,District - Bundi  23,Urban,35-59,39739,21267,18472,49,18,31,0,0,0,21,12,9,8,3,5,0,0,0,20,3,17
C3010,08,23,0000,District - Bundi  23,Urban,60+,11167,5143,6024,14,6,8,0,0,0,6,3,3,5,1,4,1,0,1,2,2,0
C3010,08,23,0000,District - Bundi  23,Urban,Age not stated,747,425,322,7,4,3,0,0,0,7,4,3,0,0,0,0,0,0,0,0,0
C3010,08,24,0000,District - Bhilwara  24,Total,All ages,2013789,1026650,987139,365096,229869,135227,346437,218532,127905,13704,9045,4659,987,699,288,750,398,352,3218,1195,2023
C3010,08,24,0000,District - Bhilwara  24,Total,0-4,241979,123653,118326,4886,2739,2147,4886,2739,2147,0,0,0,0,0,0,0,0,0,0,0,0
C3010,08,24,0000,District - Bhilwara  24,Total,5,59881,31048,28833,9450,5552,3898,9450,5552,3898,0,0,0,0,0,0,0,0,0,0,0,0
C3010,08,24,0000,District - Bhilwara  24,Total,6,57755,29852,27903,22272,13331,8941,22272,13331,8941,0,0,0,0,0,0,0,0,0,0,0,0
C3010,08,24,0000,District - Bhilwara  24,Total,7,51970,27042,24928,34951,20757,14194,34951,20757,14194,0,0,0,0,0,0,0,0,0,0,0,0
C3010,08,24,0000,District - Bhilwara  24,Total,8,66988,34545,32443,46200,27872,18328,46200,27872,18328,0,0,0,0,0,0,0,0,0,0,0,0
C3010,08,24,0000,District - Bhilwara  24,Total,9,39979,20736,19243,30076,18031,12045,30076,18031,12045,0,0,0,0,0,0,0,0,0,0,0,0
C3010,08,24,0000,District - Bhilwara  24,Total,10,64574,33446,31128,44648,27956,16692,44648,27956,16692,0,0,0,0,0,0,0,0,0,0,0,0
C3010,08,24,0000,District - Bhilwara  24,Total,11,30715,16612,14103,23325,14733,8592,23325,14733,8592,0,0,0,0,0,0,0,0,0,0,0,0
C3010,08,24,0000,District - Bhilwara  24,Total,12,57438,30146,27292,35924,23714,12210,35924,23714,12210,0,0,0,0,0,0,0,0,0,0,0,0
C3010,08,24,0000,District - Bhilwara  24,Total,13,37294,19066,18228,22487,14664,7823,22487,14664,7823,0,0,0,0,0,0,0,0,0,0,0,0
C3010,08,24,0000,District - Bhilwara  24,Total,14,36770,19086,17684,19880,13205,6675,19880,13205,6675,0,0,0,0,0,0,0,0,0,0,0,0
C3010,08,24,0000,District - Bhilwara  24,Total,15-19,176699,90230,86469,53914,36230,17684,48545,33174,15371,4404,2605,1799,274,182,92,416,191,225,275,78,197
C3010,08,24,0000,District - Bhilwara  24,Total,20-24,159784,80488,79296,13143,8990,4153,3793,2804,989,8241,5614,2627,379,300,79,187,115,72,543,157,386
C3010,08,24,0000,District - Bhilwara  24,Total,25-29,151810,75906,75904,1536,893,643,0,0,0,662,550,112,121,93,28,51,37,14,702,213,489
C3010,08,24,0000,District - Bhilwara  24,Total,30-34,143943,72569,71374,791,349,442,0,0,0,113,91,22,46,33,13,18,12,6,614,213,401
C3010,08,24,0000,District - Bhilwara  24,Total,35-59,455824,238099,217725,1198,621,577,0,0,0,107,77,30,95,50,45,45,25,20,951,469,482
C3010,08,24,0000,District - Bhilwara  24,Total,60+,155894,72389,83505,149,89,60,0,0,0,27,19,8,35,13,22,7,5,2,80,52,28
C3010,08,24,0000,District - Bhilwara  24,Total,Age not stated,24492,11737,12755,266,143,123,0,0,0,150,89,61,37,28,9,26,13,13,53,13,40
C3010,08,24,0000,District - Bhilwara  24,Rural,All ages,1598938,807979,790959,262489,171984,90505,253370,166420,86950,5163,3942,1221,385,253,132,468,220,248,3103,1149,1954
C3010,08,24,0000,District - Bhilwara  24,Rural,0-4,197730,100493,97237,2505,1466,1039,2505,1466,1039,0,0,0,0,0,0,0,0,0,0,0,0
C3010,08,24,0000,District - Bhilwara  24,Rural,5,48908,25170,23738,6090,3654,2436,6090,3654,2436,0,0,0,0,0,0,0,0,0,0,0,0
C3010,08,24,0000,District - Bhilwara  24,Rural,6,48059,24784,23275,17795,10880,6915,17795,10880,6915,0,0,0,0,0,0,0,0,0,0,0,0
C3010,08,24,0000,District - Bhilwara  24,Rural,7,41992,21792,20200,27034,16424,10610,27034,16424,10610,0,0,0,0,0,0,0,0,0,0,0,0
C3010,08,24,0000,District - Bhilwara  24,Rural,8,54745,28199,26546,36228,22449,13779,36228,22449,13779,0,0,0,0,0,0,0,0,0,0,0,0
C3010,08,24,0000,District - Bhilwara  24,Rural,9,32227,16749,15478,23301,14394,8907,23301,14394,8907,0,0,0,0,0,0,0,0,0,0,0,0
C3010,08,24,0000,District - Bhilwara  24,Rural,10,52144,26908,25236,34209,22157,12052,34209,22157,12052,0,0,0,0,0,0,0,0,0,0,0,0
C3010,08,24,0000,District - Bhilwara  24,Rural,11,23779,12935,10844,17157,11339,5818,17157,11339,5818,0,0,0,0,0,0,0,0,0,0,0,0
C3010,08,24,0000,District - Bhilwara  24,Rural,12,46033,24018,22015,26689,18363,8326,26689,18363,8326,0,0,0,0,0,0,0,0,0,0,0,0
C3010,08,24,0000,District - Bhilwara  24,Rural,13,29343,14975,14368,16079,11145,4934,16079,11145,4934,0,0,0,0,0,0,0,0,0,0,0,0
C3010,08,24,0000,District - Bhilwara  24,Rural,14,28740,14927,13813,13808,9832,3976,13808,9832,3976,0,0,0,0,0,0,0,0,0,0,0,0
C3010,08,24,0000,District - Bhilwara  24,Rural,15-19,135556,68152,67404,32397,23798,8599,30170,22477,7693,1586,1079,507,88,57,31,286,110,176,267,75,192
C3010,08,24,0000,District - Bhilwara  24,Rural,20-24,119008,58672,60336,6165,4592,1573,2305,1840,465,3115,2457,658,122,88,34,91,54,37,532,153,379
C3010,08,24,0000,District - Bhilwara  24,Rural,25-29,114319,56555,57764,1066,544,522,0,0,0,311,283,28,46,36,10,22,20,2,687,205,482
C3010,08,24,0000,District - Bhilwara  24,Rural,30-34,111180,55241,55939,696,292,404,0,0,0,59,54,5,27,21,6,13,9,4,597,208,389
C3010,08,24,0000,District - Bhilwara  24,Rural,35-59,364784,188834,175950,1030,534,496,0,0,0,33,31,2,64,35,29,37,20,17,896,448,448
C3010,08,24,0000,District - Bhilwara  24,Rural,60+,131957,60905,71052,116,68,48,0,0,0,10,6,4,30,12,18,5,3,2,71,47,24
C3010,08,24,0000,District - Bhilwara  24,Rural,Age not stated,18434,8670,9764,124,53,71,0,0,0,49,32,17,8,4,4,14,4,10,53,13,40
C3010,08,24,0000,District - Bhilwara  24,Urban,All ages,414851,218671,196180,102607,57885,44722,93067,52112,40955,8541,5103,3438,602,446,156,282,178,104,115,46,69
C3010,08,24,0000,District - Bhilwara  24,Urban,0-4,44249,23160,21089,2381,1273,1108,2381,1273,1108,0,0,0,0,0,0,0,0,0,0,0,0
C3010,08,24,0000,District - Bhilwara  24,Urban,5,10973,5878,5095,3360,1898,1462,3360,1898,1462,0,0,0,0,0,0,0,0,0,0,0,0
C3010,08,24,0000,District - Bhilwara  24,Urban,6,9696,5068,4628,4477,2451,2026,4477,2451,2026,0,0,0,0,0,0,0,0,0,0,0,0
C3010,08,24,0000,District - Bhilwara  24,Urban,7,9978,5250,4728,7917,4333,3584,7917,4333,3584,0,0,0,0,0,0,0,0,0,0,0,0
C3010,08,24,0000,District - Bhilwara  24,Urban,8,12243,6346,5897,9972,5423,4549,9972,5423,4549,0,0,0,0,0,0,0,0,0,0,0,0
C3010,08,24,0000,District - Bhilwara  24,Urban,9,7752,3987,3765,6775,3637,3138,6775,3637,3138,0,0,0,0,0,0,0,0,0,0,0,0
C3010,08,24,0000,District - Bhilwara  24,Urban,10,12430,6538,5892,10439,5799,4640,10439,5799,4640,0,0,0,0,0,0,0,0,0,0,0,0
C3010,08,24,0000,District - Bhilwara  24,Urban,11,6936,3677,3259,6168,3394,2774,6168,3394,2774,0,0,0,0,0,0,0,0,0,0,0,0
C3010,08,24,0000,District - Bhilwara  24,Urban,12,11405,6128,5277,9235,5351,3884,9235,5351,3884,0,0,0,0,0,0,0,0,0,0,0,0
C3010,08,24,0000,District - Bhilwara  24,Urban,13,7951,4091,3860,6408,3519,2889,6408,3519,2889,0,0,0,0,0,0,0,0,0,0,0,0
C3010,08,24,0000,District - Bhilwara  24,Urban,14,8030,4159,3871,6072,3373,2699,6072,3373,2699,0,0,0,0,0,0,0,0,0,0,0,0
C3010,08,24,0000,District - Bhilwara  24,Urban,15-19,41143,22078,19065,21517,12432,9085,18375,10697,7678,2818,1526,1292,186,125,61,130,81,49,8,3,5
C3010,08,24,0000,District - Bhilwara  24,Urban,20-24,40776,21816,18960,6978,4398,2580,1488,964,524,5126,3157,1969,257,212,45,96,61,35,11,4,7
C3010,08,24,0000,District - Bhilwara  24,Urban,25-29,37491,19351,18140,470,349,121,0,0,0,351,267,84,75,57,18,29,17,12,15,8,7
C3010,08,24,0000,District - Bhilwara  24,Urban,30-34,32763,17328,15435,95,57,38,0,0,0,54,37,17,19,12,7,5,3,2,17,5,12
C3010,08,24,0000,District - Bhilwara  24,Urban,35-59,91040,49265,41775,168,87,81,0,0,0,74,46,28,31,15,16,8,5,3,55,21,34
C3010,08,24,0000,District - Bhilwara  24,Urban,60+,23937,11484,12453,33,21,12,0,0,0,17,13,4,5,1,4,2,2,0,9,5,4
C3010,08,24,0000,District - Bhilwara  24,Urban,Age not stated,6058,3067,2991,142,90,52,0,0,0,101,57,44,29,24,5,12,9,3,0,0,0
C3010,08,25,0000,District - Rajsamand *  25,Total,All ages,987024,493459,493565,209155,125615,83540,201536,121172,80364,4991,3458,1533,260,166,94,283,144,139,2085,675,1410
C3010,08,25,0000,District - Rajsamand *  25,Total,0-4,122257,62850,59407,2889,1569,1320,2889,1569,1320,0,0,0,0,0,0,0,0,0,0,0,0
C3010,08,25,0000,District - Rajsamand *  25,Total,5,29745,15695,14050,6297,3723,2574,6297,3723,2574,0,0,0,0,0,0,0,0,0,0,0,0
C3010,08,25,0000,District - Rajsamand *  25,Total,6,28182,14516,13666,14186,7944,6242,14186,7944,6242,0,0,0,0,0,0,0,0,0,0,0,0
C3010,08,25,0000,District - Rajsamand *  25,Total,7,26693,13802,12891,20923,11658,9265,20923,11658,9265,0,0,0,0,0,0,0,0,0,0,0,0
C3010,08,25,0000,District - Rajsamand *  25,Total,8,32319,16710,15609,26399,14853,11546,26399,14853,11546,0,0,0,0,0,0,0,0,0,0,0,0
C3010,08,25,0000,District - Rajsamand *  25,Total,9,21249,10866,10383,18179,10071,8108,18179,10071,8108,0,0,0,0,0,0,0,0,0,0,0,0
C3010,08,25,0000,District - Rajsamand *  25,Total,10,31844,16620,15224,25901,15218,10683,25901,15218,10683,0,0,0,0,0,0,0,0,0,0,0,0
C3010,08,25,0000,District - Rajsamand *  25,Total,11,15922,8508,7414,13566,8020,5546,13566,8020,5546,0,0,0,0,0,0,0,0,0,0,0,0
C3010,08,25,0000,District - Rajsamand *  25,Total,12,28288,14796,13492,20946,13065,7881,20946,13065,7881,0,0,0,0,0,0,0,0,0,0,0,0
C3010,08,25,0000,District - Rajsamand *  25,Total,13,18756,9575,9181,13026,8204,4822,13026,8204,4822,0,0,0,0,0,0,0,0,0,0,0,0
C3010,08,25,0000,District - Rajsamand *  25,Total,14,18543,9518,9025,11352,7449,3903,11352,7449,3903,0,0,0,0,0,0,0,0,0,0,0,0
C3010,08,25,0000,District - Rajsamand *  25,Total,15-19,86886,42561,44325,28025,19147,8878,25968,17984,7984,1729,1062,667,48,31,17,125,51,74,155,19,136
C3010,08,25,0000,District - Rajsamand *  25,Total,20-24,75194,35795,39399,5285,3695,1590,1904,1414,490,2917,2123,794,75,60,15,71,37,34,318,61,257
C3010,08,25,0000,District - Rajsamand *  25,Total,25-29,70148,33375,36773,665,326,339,0,0,0,221,177,44,46,35,11,30,25,5,368,89,279
C3010,08,25,0000,District - Rajsamand *  25,Total,30-34,66776,32103,34673,488,167,321,0,0,0,51,39,12,33,15,18,18,9,9,386,104,282
C3010,08,25,0000,District - Rajsamand *  25,Total,35-59,229456,115958,113498,912,435,477,0,0,0,54,41,13,47,23,24,32,19,13,779,352,427
C3010,08,25,0000,District - Rajsamand *  25,Total,60+,83024,39299,43725,99,58,41,0,0,0,7,5,2,11,2,9,6,3,3,75,48,27
C3010,08,25,0000,District - Rajsamand *  25,Total,Age not stated,1742,912,830,17,13,4,0,0,0,12,11,1,0,0,0,1,0,1,4,2,2
C3010,08,25,0000,District - Rajsamand *  25,Rural,All ages,858301,426630,431671,172424,105293,67131,167427,102427,65000,2548,1970,578,176,110,66,198,113,85,2075,673,1402
C3010,08,25,0000,District - Rajsamand *  25,Rural,0-4,109322,56097,53225,1893,1041,852,1893,1041,852,0,0,0,0,0,0,0,0,0,0,0,0
C3010,08,25,0000,District - Rajsamand *  25,Rural,5,26452,13903,12549,4862,2902,1960,4862,2902,1960,0,0,0,0,0,0,0,0,0,0,0,0
C3010,08,25,0000,District - Rajsamand *  25,Rural,6,25174,12994,12180,12345,7003,5342,12345,7003,5342,0,0,0,0,0,0,0,0,0,0,0,0
C3010,08,25,0000,District - Rajsamand *  25,Rural,7,23641,12195,11446,18256,10210,8046,18256,10210,8046,0,0,0,0,0,0,0,0,0,0,0,0
C3010,08,25,0000,District - Rajsamand *  25,Rural,8,28555,14731,13824,23027,13036,9991,23027,13036,9991,0,0,0,0,0,0,0,0,0,0,0,0
C3010,08,25,0000,District - Rajsamand *  25,Rural,9,18692,9577,9115,15798,8855,6943,15798,8855,6943,0,0,0,0,0,0,0,0,0,0,0,0
C3010,08,25,0000,District - Rajsamand *  25,Rural,10,27978,14555,13423,22396,13298,9098,22396,13298,9098,0,0,0,0,0,0,0,0,0,0,0,0
C3010,08,25,0000,District - Rajsamand *  25,Rural,11,13589,7287,6302,11366,6848,4518,11366,6848,4518,0,0,0,0,0,0,0,0,0,0,0,0
C3010,08,25,0000,District - Rajsamand *  25,Rural,12,24625,12841,11784,17711,11261,6450,17711,11261,6450,0,0,0,0,0,0,0,0,0,0,0,0
C3010,08,25,0000,District - Rajsamand *  25,Rural,13,15977,8138,7839,10559,6880,3679,10559,6880,3679,0,0,0,0,0,0,0,0,0,0,0,0
C3010,08,25,0000,District - Rajsamand *  25,Rural,14,15719,8000,7719,8940,6111,2829,8940,6111,2829,0,0,0,0,0,0,0,0,0,0,0,0
C3010,08,25,0000,District - Rajsamand *  25,Rural,15-19,73750,35689,38061,20015,14574,5441,18906,13914,4992,847,586,261,29,18,11,79,37,42,154,19,135
C3010,08,25,0000,District - Rajsamand *  25,Rural,20-24,63748,29914,33834,3291,2411,880,1368,1068,300,1519,1223,296,44,36,8,45,25,20,315,59,256
C3010,08,25,0000,District - Rajsamand *  25,Rural,25-29,59340,28098,31242,546,242,304,0,0,0,123,109,14,31,23,8,25,21,4,367,89,278
C3010,08,25,0000,District - Rajsamand *  25,Rural,30-34,56663,26877,29786,457,151,306,0,0,0,31,27,4,26,12,14,16,8,8,384,104,280
C3010,08,25,0000,District - Rajsamand *  25,Rural,35-59,199528,99922,99606,863,410,453,0,0,0,22,20,2,38,19,19,27,19,8,776,352,424
C3010,08,25,0000,District - Rajsamand *  25,Rural,60+,74314,35187,39127,92,56,36,0,0,0,4,3,1,8,2,6,5,3,2,75,48,27
C3010,08,25,0000,District - Rajsamand *  25,Rural,Age not stated,1234,625,609,7,4,3,0,0,0,2,2,0,0,0,0,1,0,1,4,2,2
C3010,08,25,0000,District - Rajsamand *  25,Urban,All ages,128723,66829,61894,36731,20322,16409,34109,18745,15364,2443,1488,955,84,56,28,85,31,54,10,2,8
C3010,08,25,0000,District - Rajsamand *  25,Urban,0-4,12935,6753,6182,996,528,468,996,528,468,0,0,0,0,0,0,0,0,0,0,0,0
C3010,08,25,0000,District - Rajsamand *  25,Urban,5,3293,1792,1501,1435,821,614,1435,821,614,0,0,0,0,0,0,0,0,0,0,0,0
C3010,08,25,0000,District - Rajsamand *  25,Urban,6,3008,1522,1486,1841,941,900,1841,941,900,0,0,0,0,0,0,0,0,0,0,0,0
C3010,08,25,0000,District - Rajsamand *  25,Urban,7,3052,1607,1445,2667,1448,1219,2667,1448,1219,0,0,0,0,0,0,0,0,0,0,0,0
C3010,08,25,0000,District - Rajsamand *  25,Urban,8,3764,1979,1785,3372,1817,1555,3372,1817,1555,0,0,0,0,0,0,0,0,0,0,0,0
C3010,08,25,0000,District - Rajsamand *  25,Urban,9,2557,1289,1268,2381,1216,1165,2381,1216,1165,0,0,0,0,0,0,0,0,0,0,0,0
C3010,08,25,0000,District - Rajsamand *  25,Urban,10,3866,2065,1801,3505,1920,1585,3505,1920,1585,0,0,0,0,0,0,0,0,0,0,0,0
C3010,08,25,0000,District - Rajsamand *  25,Urban,11,2333,1221,1112,2200,1172,1028,2200,1172,1028,0,0,0,0,0,0,0,0,0,0,0,0
C3010,08,25,0000,District - Rajsamand *  25,Urban,12,3663,1955,1708,3235,1804,1431,3235,1804,1431,0,0,0,0,0,0,0,0,0,0,0,0
C3010,08,25,0000,District - Rajsamand *  25,Urban,13,2779,1437,1342,2467,1324,1143,2467,1324,1143,0,0,0,0,0,0,0,0,0,0,0,0
C3010,08,25,0000,District - Rajsamand *  25,Urban,14,2824,1518,1306,2412,1338,1074,2412,1338,1074,0,0,0,0,0,0,0,0,0,0,0,0
C3010,08,25,0000,District - Rajsamand *  25,Urban,15-19,13136,6872,6264,8010,4573,3437,7062,4070,2992,882,476,406,19,13,6,46,14,32,1,0,1
C3010,08,25,0000,District - Rajsamand *  25,Urban,20-24,11446,5881,5565,1994,1284,710,536,346,190,1398,900,498,31,24,7,26,12,14,3,2,1
C3010,08,25,0000,District - Rajsamand *  25,Urban,25-29,10808,5277,5531,119,84,35,0,0,0,98,68,30,15,12,3,5,4,1,1,0,1
C3010,08,25,0000,District - Rajsamand *  25,Urban,30-34,10113,5226,4887,31,16,15,0,0,0,20,12,8,7,3,4,2,1,1,2,0,2
C3010,08,25,0000,District - Rajsamand *  25,Urban,35-59,29928,16036,13892,49,25,24,0,0,0,32,21,11,9,4,5,5,0,5,3,0,3
C3010,08,25,0000,District - Rajsamand *  25,Urban,60+,8710,4112,4598,7,2,5,0,0,0,3,2,1,3,0,3,1,0,1,0,0,0
C3010,08,25,0000,District - Rajsamand *  25,Urban,Age not stated,508,287,221,10,9,1,0,0,0,10,9,1,0,0,0,0,0,0,0,0,0
C3010,08,26,0000,District - Udaipur  26,Total,All ages,2633312,1336004,1297308,589363,340287,249076,514733,304470,210263,27759,17834,9925,1691,1152,539,1172,638,534,44008,16193,27815
C3010,08,26,0000,District - Udaipur  26,Total,0-4,335536,172130,163406,9941,5458,4483,9941,5458,4483,0,0,0,0,0,0,0,0,0,0,0,0
C3010,08,26,0000,District - Udaipur  26,Total,5,77026,39823,37203,17532,9943,7589,17532,9943,7589,0,0,0,0,0,0,0,0,0,0,0,0
C3010,08,26,0000,District - Udaipur  26,Total,6,79146,40449,38697,32762,18437,14325,32762,18437,14325,0,0,0,0,0,0,0,0,0,0,0,0
C3010,08,26,0000,District - Udaipur  26,Total,7,68028,35174,32854,49928,27955,21973,49928,27955,21973,0,0,0,0,0,0,0,0,0,0,0,0
C3010,08,26,0000,District - Udaipur  26,Total,8,90776,46954,43822,65957,37731,28226,65957,37731,28226,0,0,0,0,0,0,0,0,0,0,0,0
C3010,08,26,0000,District - Udaipur  26,Total,9,53230,27261,25969,41598,23509,18089,41598,23509,18089,0,0,0,0,0,0,0,0,0,0,0,0
C3010,08,26,0000,District - Udaipur  26,Total,10,91863,47419,44444,66702,39002,27700,66702,39002,27700,0,0,0,0,0,0,0,0,0,0,0,0
C3010,08,26,0000,District - Udaipur  26,Total,11,36867,19652,17215,29333,17271,12062,29333,17271,12062,0,0,0,0,0,0,0,0,0,0,0,0
C3010,08,26,0000,District - Udaipur  26,Total,12,81025,42137,38888,54282,32983,21299,54282,32983,21299,0,0,0,0,0,0,0,0,0,0,0,0
C3010,08,26,0000,District - Udaipur  26,Total,13,44025,22615,21410,29775,17890,11885,29775,17890,11885,0,0,0,0,0,0,0,0,0,0,0,0
C3010,08,26,0000,District - Udaipur  26,Total,14,52608,26940,25668,30992,19002,11990,30992,19002,11990,0,0,0,0,0,0,0,0,0,0,0,0
C3010,08,26,0000,District - Udaipur  26,Total,15-19,238958,119549,119409,90210,55340,34870,78625,50001,28624,7252,3999,3253,375,250,125,483,199,284,3475,891,2584
C3010,08,26,0000,District - Udaipur  26,Total,20-24,218056,105743,112313,33994,19628,14366,7306,5288,2018,17356,11569,5787,583,395,188,249,151,98,8500,2225,6275
C3010,08,26,0000,District - Udaipur  26,Total,25-29,206137,101013,105124,12054,5068,6986,0,0,0,2267,1661,606,398,306,92,173,112,61,9216,2989,6227
C3010,08,26,0000,District - Udaipur  26,Total,30-34,187928,93697,94231,9033,3399,5634,0,0,0,353,240,113,97,64,33,81,50,31,8502,3045,5457
C3010,08,26,0000,District - Udaipur  26,Total,35-59,580897,300695,280202,13958,6841,7117,0,0,0,385,268,117,186,106,80,135,87,48,13252,6380,6872
C3010,08,26,0000,District - Udaipur  26,Total,60+,182233,90112,92121,1069,710,359,0,0,0,61,40,21,39,22,17,36,29,7,933,619,314
C3010,08,26,0000,District - Udaipur  26,Total,Age not stated,8973,4641,4332,243,120,123,0,0,0,85,57,28,13,9,4,15,10,5,130,44,86
C3010,08,26,0000,District - Udaipur  26,Rural,All ages,2142995,1078441,1064554,441650,258663,182987,388771,235649,153122,7611,6055,1556,671,442,229,794,420,374,43803,16097,27706
C3010,08,26,0000,District - Udaipur  26,Rural,0-4,293212,149606,143606,5856,3235,2621,5856,3235,2621,0,0,0,0,0,0,0,0,0,0,0,0
C3010,08,26,0000,District - Udaipur  26,Rural,5,66331,34111,32220,12460,7179,5281,12460,7179,5281,0,0,0,0,0,0,0,0,0,0,0,0
C3010,08,26,0000,District - Udaipur  26,Rural,6,69844,35559,34285,26822,15265,11557,26822,15265,11557,0,0,0,0,0,0,0,0,0,0,0,0
C3010,08,26,0000,District - Udaipur  26,Rural,7,58194,30007,28187,41045,23219,17826,41045,23219,17826,0,0,0,0,0,0,0,0,0,0,0,0
C3010,08,26,0000,District - Udaipur  26,Rural,8,78395,40345,38050,54704,31632,23072,54704,31632,23072,0,0,0,0,0,0,0,0,0,0,0,0
C3010,08,26,0000,District - Udaipur  26,Rural,9,44802,22853,21949,33626,19288,14338,33626,19288,14338,0,0,0,0,0,0,0,0,0,0,0,0
C3010,08,26,0000,District - Udaipur  26,Rural,10,77891,39923,37968,53863,32001,21862,53863,32001,21862,0,0,0,0,0,0,0,0,0,0,0,0
C3010,08,26,0000,District - Udaipur  26,Rural,11,28759,15357,13402,21635,13136,8499,21635,13136,8499,0,0,0,0,0,0,0,0,0,0,0,0
C3010,08,26,0000,District - Udaipur  26,Rural,12,68095,35236,32859,42550,26622,15928,42550,26622,15928,0,0,0,0,0,0,0,0,0,0,0,0
C3010,08,26,0000,District - Udaipur  26,Rural,13,34819,17899,16920,21375,13509,7866,21375,13509,7866,0,0,0,0,0,0,0,0,0,0,0,0
C3010,08,26,0000,District - Udaipur  26,Rural,14,42585,21701,20884,22181,14286,7895,22181,14286,7895,0,0,0,0,0,0,0,0,0,0,0,0
C3010,08,26,0000,District - Udaipur  26,Rural,15-19,188516,92776,95740,54767,35814,18953,48562,33085,15477,2236,1597,639,142,100,42,357,142,215,3470,890,2580
C3010,08,26,0000,District - Udaipur  26,Rural,20-24,168131,79409,88722,17474,9387,8087,4092,3192,900,4572,3760,812,195,136,59,141,84,57,8474,2215,6259
C3010,08,26,0000,District - Udaipur  26,Rural,25-29,162332,78819,83513,9988,3634,6354,0,0,0,612,537,75,114,81,33,87,50,37,9175,2966,6209
C3010,08,26,0000,District - Udaipur  26,Rural,30-34,149129,73870,75259,8666,3181,5485,0,0,0,99,85,14,47,30,17,56,34,22,8464,3032,5432
C3010,08,26,0000,District - Udaipur  26,Rural,35-59,455713,233799,221914,13492,6550,6942,0,0,0,66,56,10,139,77,62,110,76,34,13177,6341,6836
C3010,08,26,0000,District - Udaipur  26,Rural,60+,148683,73338,75345,984,656,328,0,0,0,9,6,3,31,16,15,31,25,6,913,609,304
C3010,08,26,0000,District - Udaipur  26,Rural,Age not stated,7564,3833,3731,162,69,93,0,0,0,17,14,3,3,2,1,12,9,3,130,44,86
C3010,08,26,0000,District - Udaipur  26,Urban,All ages,490317,257563,232754,147713,81624,66089,125962,68821,57141,20148,11779,8369,1020,710,310,378,218,160,205,96,109
C3010,08,26,0000,District - Udaipur  26,Urban,0-4,42324,22524,19800,4085,2223,1862,4085,2223,1862,0,0,0,0,0,0,0,0,0,0,0,0
C3010,08,26,0000,District - Udaipur  26,Urban,5,10695,5712,4983,5072,2764,2308,5072,2764,2308,0,0,0,0,0,0,0,0,0,0,0,0
C3010,08,26,0000,District - Udaipur  26,Urban,6,9302,4890,4412,5940,3172,2768,5940,3172,2768,0,0,0,0,0,0,0,0,0,0,0,0
C3010,08,26,0000,District - Udaipur  26,Urban,7,9834,5167,4667,8883,4736,4147,8883,4736,4147,0,0,0,0,0,0,0,0,0,0,0,0
C3010,08,26,0000,District - Udaipur  26,Urban,8,12381,6609,5772,11253,6099,5154,11253,6099,5154,0,0,0,0,0,0,0,0,0,0,0,0
C3010,08,26,0000,District - Udaipur  26,Urban,9,8428,4408,4020,7972,4221,3751,7972,4221,3751,0,0,0,0,0,0,0,0,0,0,0,0
C3010,08,26,0000,District - Udaipur  26,Urban,10,13972,7496,6476,12839,7001,5838,12839,7001,5838,0,0,0,0,0,0,0,0,0,0,0,0
C3010,08,26,0000,District - Udaipur  26,Urban,11,8108,4295,3813,7698,4135,3563,7698,4135,3563,0,0,0,0,0,0,0,0,0,0,0,0
C3010,08,26,0000,District - Udaipur  26,Urban,12,12930,6901,6029,11732,6361,5371,11732,6361,5371,0,0,0,0,0,0,0,0,0,0,0,0
C3010,08,26,0000,District - Udaipur  26,Urban,13,9206,4716,4490,8400,4381,4019,8400,4381,4019,0,0,0,0,0,0,0,0,0,0,0,0
C3010,08,26,0000,District - Udaipur  26,Urban,14,10023,5239,4784,8811,4716,4095,8811,4716,4095,0,0,0,0,0,0,0,0,0,0,0,0
C3010,08,26,0000,District - Udaipur  26,Urban,15-19,50442,26773,23669,35443,19526,15917,30063,16916,13147,5016,2402,2614,233,150,83,126,57,69,5,1,4
C3010,08,26,0000,District - Udaipur  26,Urban,20-24,49925,26334,23591,16520,10241,6279,3214,2096,1118,12784,7809,4975,388,259,129,108,67,41,26,10,16
C3010,08,26,0000,District - Udaipur  26,Urban,25-29,43805,22194,21611,2066,1434,632,0,0,0,1655,1124,531,284,225,59,86,62,24,41,23,18
C3010,08,26,0000,District - Udaipur  26,Urban,30-34,38799,19827,18972,367,218,149,0,0,0,254,155,99,50,34,16,25,16,9,38,13,25
C3010,08,26,0000,District - Udaipur  26,Urban,35-59,125184,66896,58288,466,291,175,0,0,0,319,212,107,47,29,18,25,11,14,75,39,36
C3010,08,26,0000,District - Udaipur  26,Urban,60+,33550,16774,16776,85,54,31,0,0,0,52,34,18,8,6,2,5,4,1,20,10,10
C3010,08,26,0000,District - Udaipur  26,Urban,Age not stated,1409,808,601,81,51,30,0,0,0,68,43,25,10,7,3,3,1,2,0,0,0
C3010,08,27,0000,District - Dungarpur  27,Total,All ages,1107643,547791,559852,206657,124078,82579,199197,118656,80541,6562,4907,1655,483,335,148,213,108,105,202,72,130
C3010,08,27,0000,District - Dungarpur  27,Total,0-4,163491,83410,80081,3897,2165,1732,3897,2165,1732,0,0,0,0,0,0,0,0,0,0,0,0
C3010,08,27,0000,District - Dungarpur  27,Total,5,33062,17047,16015,7369,4158,3211,7369,4158,3211,0,0,0,0,0,0,0,0,0,0,0,0
C3010,08,27,0000,District - Dungarpur  27,Total,6,35094,18034,17060,15237,8582,6655,15237,8582,6655,0,0,0,0,0,0,0,0,0,0,0,0
C3010,08,27,0000,District - Dungarpur  27,Total,7,29249,14859,14390,20943,11611,9332,20943,11611,9332,0,0,0,0,0,0,0,0,0,0,0,0
C3010,08,27,0000,District - Dungarpur  27,Total,8,36425,18685,17740,26598,15073,11525,26598,15073,11525,0,0,0,0,0,0,0,0,0,0,0,0
C3010,08,27,0000,District - Dungarpur  27,Total,9,24474,12662,11812,18919,10932,7987,18919,10932,7987,0,0,0,0,0,0,0,0,0,0,0,0
C3010,08,27,0000,District - Dungarpur  27,Total,10,36373,18545,17828,25263,14805,10458,25263,14805,10458,0,0,0,0,0,0,0,0,0,0,0,0
C3010,08,27,0000,District - Dungarpur  27,Total,11,17022,9173,7849,12679,7721,4958,12679,7721,4958,0,0,0,0,0,0,0,0,0,0,0,0
C3010,08,27,0000,District - Dungarpur  27,Total,12,32211,16656,15555,19562,12176,7386,19562,12176,7386,0,0,0,0,0,0,0,0,0,0,0,0
C3010,08,27,0000,District - Dungarpur  27,Total,13,18686,9589,9097,11100,6919,4181,11100,6919,4181,0,0,0,0,0,0,0,0,0,0,0,0
C3010,08,27,0000,District - Dungarpur  27,Total,14,22839,11403,11436,11281,7109,4172,11281,7109,4172,0,0,0,0,0,0,0,0,0,0,0,0
C3010,08,27,0000,District - Dungarpur  27,Total,15-19,96126,46545,49581,26652,17491,9161,24349,15989,8360,2072,1375,697,123,86,37,87,38,49,21,3,18
C3010,08,27,0000,District - Dungarpur  27,Total,20-24,84824,39355,45469,5926,4446,1480,2000,1416,584,3725,2909,816,122,75,47,60,39,21,19,7,12
C3010,08,27,0000,District - Dungarpur  27,Total,25-29,75742,35530,40212,563,449,114,0,0,0,412,350,62,98,80,18,19,13,6,34,6,28
C3010,08,27,0000,District - Dungarpur  27,Total,30-34,73436,34560,38876,128,96,32,0,0,0,55,52,3,37,28,9,3,1,2,33,15,18
C3010,08,27,0000,District - Dungarpur  27,Total,35-59,211896,107097,104799,151,95,56,0,0,0,39,31,8,63,42,21,9,4,5,40,18,22
C3010,08,27,0000,District - Dungarpur  27,Total,60+,71982,33209,38773,38,26,12,0,0,0,13,11,2,15,9,6,3,1,2,7,5,2
C3010,08,27,0000,District - Dungarpur  27,Total,Age not stated,44711,21432,23279,351,224,127,0,0,0,246,179,67,25,15,10,32,12,20,48,18,30
C3010,08,27,0000,District - Dungarpur  27,Rural,All ages,1026787,505664,521123,188006,113536,74470,182335,109275,73060,4956,3878,1078,353,236,117,166,77,89,196,70,126
C3010,08,27,0000,District - Dungarpur  27,Rural,0-4,155307,79085,76222,3452,1931,1521,3452,1931,1521,0,0,0,0,0,0,0,0,0,0,0,0
C3010,08,27,0000,District - Dungarpur  27,Rural,5,31323,16080,15243,6725,3784,2941,6725,3784,2941,0,0,0,0,0,0,0,0,0,0,0,0
C3010,08,27,0000,District - Dungarpur  27,Rural,6,33530,17207,16323,14368,8103,6265,14368,8103,6265,0,0,0,0,0,0,0,0,0,0,0,0
C3010,08,27,0000,District - Dungarpur  27,Rural,7,27612,13984,13628,19565,10842,8723,19565,10842,8723,0,0,0,0,0,0,0,0,0,0,0,0
C3010,08,27,0000,District - Dungarpur  27,Rural,8,34467,17641,16826,24956,14164,10792,24956,14164,10792,0,0,0,0,0,0,0,0,0,0,0,0
C3010,08,27,0000,District - Dungarpur  27,Rural,9,23077,11943,11134,17702,10283,7419,17702,10283,7419,0,0,0,0,0,0,0,0,0,0,0,0
C3010,08,27,0000,District - Dungarpur  27,Rural,10,34008,17295,16713,23301,13730,9571,23301,13730,9571,0,0,0,0,0,0,0,0,0,0,0,0
C3010,08,27,0000,District - Dungarpur  27,Rural,11,15630,8397,7233,11499,7032,4467,11499,7032,4467,0,0,0,0,0,0,0,0,0,0,0,0
C3010,08,27,0000,District - Dungarpur  27,Rural,12,30142,15574,14568,17903,11262,6641,17903,11262,6641,0,0,0,0,0,0,0,0,0,0,0,0
C3010,08,27,0000,District - Dungarpur  27,Rural,13,17217,8854,8363,9968,6326,3642,9968,6326,3642,0,0,0,0,0,0,0,0,0,0,0,0
C3010,08,27,0000,District - Dungarpur  27,Rural,14,21280,10594,10686,10112,6463,3649,10112,6463,3649,0,0,0,0,0,0,0,0,0,0,0,0
C3010,08,27,0000,District - Dungarpur  27,Rural,15-19,88574,42609,45965,22780,15292,7488,21066,14122,6944,1539,1086,453,85,56,29,69,25,44,21,3,18
C3010,08,27,0000,District - Dungarpur  27,Rural,20-24,77821,35576,42245,4756,3656,1100,1718,1233,485,2889,2341,548,87,47,40,44,28,16,18,7,11
C3010,08,27,0000,District - Dungarpur  27,Rural,25-29,70120,32732,37388,452,368,84,0,0,0,337,294,43,66,57,9,15,11,4,34,6,28
C3010,08,27,0000,District - Dungarpur  27,Rural,30-34,68138,31817,36321,116,85,31,0,0,0,47,45,2,33,24,9,3,1,2,33,15,18
C3010,08,27,0000,District - Dungarpur  27,Rural,35-59,195942,98538,97404,121,78,43,0,0,0,24,22,2,52,35,17,8,3,5,37,18,19
C3010,08,27,0000,District - Dungarpur  27,Rural,60+,67769,31221,36548,31,20,11,0,0,0,10,8,2,12,6,6,2,1,1,7,5,2
C3010,08,27,0000,District - Dungarpur  27,Rural,Age not stated,34830,16517,18313,199,117,82,0,0,0,110,82,28,18,11,7,25,8,17,46,16,30
C3010,08,27,0000,District - Dungarpur  27,Urban,All ages,80856,42127,38729,18651,10542,8109,16862,9381,7481,1606,1029,577,130,99,31,47,31,16,6,2,4
C3010,08,27,0000,District - Dungarpur  27,Urban,0-4,8184,4325,3859,445,234,211,445,234,211,0,0,0,0,0,0,0,0,0,0,0,0
C3010,08,27,0000,District - Dungarpur  27,Urban,5,1739,967,772,644,374,270,644,374,270,0,0,0,0,0,0,0,0,0,0,0,0
C3010,08,27,0000,District - Dungarpur  27,Urban,6,1564,827,737,869,479,390,869,479,390,0,0,0,0,0,0,0,0,0,0,0,0
C3010,08,27,0000,District - Dungarpur  27,Urban,7,1637,875,762,1378,769,609,1378,769,609,0,0,0,0,0,0,0,0,0,0,0,0
C3010,08,27,0000,District - Dungarpur  27,Urban,8,1958,1044,914,1642,909,733,1642,909,733,0,0,0,0,0,0,0,0,0,0,0,0
C3010,08,27,0000,District - Dungarpur  27,Urban,9,1397,719,678,1217,649,568,1217,649,568,0,0,0,0,0,0,0,0,0,0,0,0
C3010,08,27,0000,District - Dungarpur  27,Urban,10,2365,1250,1115,1962,1075,887,1962,1075,887,0,0,0,0,0,0,0,0,0,0,0,0
C3010,08,27,0000,District - Dungarpur  27,Urban,11,1392,776,616,1180,689,491,1180,689,491,0,0,0,0,0,0,0,0,0,0,0,0
C3010,08,27,0000,District - Dungarpur  27,Urban,12,2069,1082,987,1659,914,745,1659,914,745,0,0,0,0,0,0,0,0,0,0,0,0
C3010,08,27,0000,District - Dungarpur  27,Urban,13,1469,735,734,1132,593,539,1132,593,539,0,0,0,0,0,0,0,0,0,0,0,0
C3010,08,27,0000,District - Dungarpur  27,Urban,14,1559,809,750,1169,646,523,1169,646,523,0,0,0,0,0,0,0,0,0,0,0,0
C3010,08,27,0000,District - Dungarpur  27,Urban,15-19,7552,3936,3616,3872,2199,1673,3283,1867,1416,533,289,244,38,30,8,18,13,5,0,0,0
C3010,08,27,0000,District - Dungarpur  27,Urban,20-24,7003,3779,3224,1170,790,380,282,183,99,836,568,268,35,28,7,16,11,5,1,0,1
C3010,08,27,0000,District - Dungarpur  27,Urban,25-29,5622,2798,2824,111,81,30,0,0,0,75,56,19,32,23,9,4,2,2,0,0,0
C3010,08,27,0000,District - Dungarpur  27,Urban,30-34,5298,2743,2555,12,11,1,0,0,0,8,7,1,4,4,0,0,0,0,0,0,0
C3010,08,27,0000,District - Dungarpur  27,Urban,35-59,15954,8559,7395,30,17,13,0,0,0,15,9,6,11,7,4,1,1,0,3,0,3
C3010,08,27,0000,District - Dungarpur  27,Urban,60+,4213,1988,2225,7,6,1,0,0,0,3,3,0,3,3,0,1,0,1,0,0,0
C3010,08,27,0000,District - Dungarpur  27,Urban,Age not stated,9881,4915,4966,152,107,45,0,0,0,136,97,39,7,4,3,7,4,3,2,2,0
C3010,08,28,0000,District - Banswara  28,Total,All ages,1501589,760686,740903,261661,165061,96600,248402,155803,92599,8879,6690,2189,646,436,210,372,222,150,3362,1910,1452
C3010,08,28,0000,District - Banswara  28,Total,0-4,219593,111578,108015,3245,1841,1404,3245,1841,1404,0,0,0,0,0,0,0,0,0,0,0,0
C3010,08,28,0000,District - Banswara  28,Total,5,44613,22834,21779,6461,3684,2777,6461,3684,2777,0,0,0,0,0,0,0,0,0,0,0,0
C3010,08,28,0000,District - Banswara  28,Total,6,51034,26088,24946,16860,9709,7151,16860,9709,7151,0,0,0,0,0,0,0,0,0,0,0,0
C3010,08,28,0000,District - Banswara  28,Total,7,39428,20308,19120,23193,13411,9782,23193,13411,9782,0,0,0,0,0,0,0,0,0,0,0,0
C3010,08,28,0000,District - Banswara  28,Total,8,54648,27945,26703,33664,19835,13829,33664,19835,13829,0,0,0,0,0,0,0,0,0,0,0,0
C3010,08,28,0000,District - Banswara  28,Total,9,32496,16873,15623,22267,13377,8890,22267,13377,8890,0,0,0,0,0,0,0,0,0,0,0,0
C3010,08,28,0000,District - Banswara  28,Total,10,53992,27495,26497,33304,20363,12941,33304,20363,12941,0,0,0,0,0,0,0,0,0,0,0,0
C3010,08,28,0000,District - Banswara  28,Total,11,22934,12388,10546,15918,10075,5843,15918,10075,5843,0,0,0,0,0,0,0,0,0,0,0,0
C3010,08,28,0000,District - Banswara  28,Total,12,49012,25349,23663,27137,17796,9341,27137,17796,9341,0,0,0,0,0,0,0,0,0,0,0,0
C3010,08,28,0000,District - Banswara  28,Total,13,24837,12946,11891,14181,9278,4903,14181,9278,4903,0,0,0,0,0,0,0,0,0,0,0,0
C3010,08,28,0000,District - Banswara  28,Total,14,32222,16774,15448,15583,10641,4942,15583,10641,4942,0,0,0,0,0,0,0,0,0,0,0,0
C3010,08,28,0000,District - Banswara  28,Total,15-19,130896,65839,65057,36654,25267,11387,33336,23204,10132,2609,1699,910,153,108,45,138,78,60,418,178,240
C3010,08,28,0000,District - Banswara  28,Total,20-24,118101,59229,58872,9565,7329,2236,3253,2589,664,5289,4155,1134,191,145,46,100,57,43,732,383,349
C3010,08,28,0000,District - Banswara  28,Total,25-29,109178,54079,55099,1510,1082,428,0,0,0,669,588,81,91,64,27,46,33,13,704,397,307
C3010,08,28,0000,District - Banswara  28,Total,30-34,103145,51579,51566,721,454,267,0,0,0,100,82,18,56,34,22,17,13,4,548,325,223
C3010,08,28,0000,District - Banswara  28,Total,35-59,284101,147222,136879,962,639,323,0,0,0,47,39,8,98,49,49,26,20,6,791,531,260
C3010,08,28,0000,District - Banswara  28,Total,60+,84061,38536,45525,105,69,36,0,0,0,11,6,5,23,13,10,14,5,9,57,45,12
C3010,08,28,0000,District - Banswara  28,Total,Age not stated,47298,23624,23674,331,211,120,0,0,0,154,121,33,34,23,11,31,16,15,112,51,61
C3010,08,28,0000,District - Banswara  28,Rural,All ages,1394226,705110,689116,231362,148438,82924,221449,141228,80221,5895,4881,1014,435,274,161,236,152,84,3347,1903,1444
C3010,08,28,0000,District - Banswara  28,Rural,0-4,209447,106130,103317,2533,1469,1064,2533,1469,1064,0,0,0,0,0,0,0,0,0,0,0,0
C3010,08,28,0000,District - Banswara  28,Rural,5,42207,21539,20668,5578,3197,2381,5578,3197,2381,0,0,0,0,0,0,0,0,0,0,0,0
C3010,08,28,0000,District - Banswara  28,Rural,6,48780,24903,23877,15684,9071,6613,15684,9071,6613,0,0,0,0,0,0,0,0,0,0,0,0
C3010,08,28,0000,District - Banswara  28,Rural,7,37109,19146,17963,21200,12394,8806,21200,12394,8806,0,0,0,0,0,0,0,0,0,0,0,0
C3010,08,28,0000,District - Banswara  28,Rural,8,51770,26384,25386,31116,18428,12688,31116,18428,12688,0,0,0,0,0,0,0,0,0,0,0,0
C3010,08,28,0000,District - Banswara  28,Rural,9,30532,15857,14675,20484,12434,8050,20484,12434,8050,0,0,0,0,0,0,0,0,0,0,0,0
C3010,08,28,0000,District - Banswara  28,Rural,10,50694,25778,24916,30362,18815,11547,30362,18815,11547,0,0,0,0,0,0,0,0,0,0,0,0
C3010,08,28,0000,District - Banswara  28,Rural,11,21054,11401,9653,14173,9134,5039,14173,9134,5039,0,0,0,0,0,0,0,0,0,0,0,0
C3010,08,28,0000,District - Banswara  28,Rural,12,45962,23732,22230,24489,16349,8140,24489,16349,8140,0,0,0,0,0,0,0,0,0,0,0,0
C3010,08,28,0000,District - Banswara  28,Rural,13,22547,11805,10742,12228,8276,3952,12228,8276,3952,0,0,0,0,0,0,0,0,0,0,0,0
C3010,08,28,0000,District - Banswara  28,Rural,14,29794,15538,14256,13587,9595,3992,13587,9595,3992,0,0,0,0,0,0,0,0,0,0,0,0
C3010,08,28,0000,District - Banswara  28,Rural,15-19,118823,59484,59339,29383,21223,8160,27248,19808,7440,1554,1131,423,77,50,27,88,56,32,416,178,238
C3010,08,28,0000,District - Banswara  28,Rural,20-24,107404,53488,53916,7189,5782,1407,2767,2258,509,3533,3029,504,116,83,33,42,30,12,731,382,349
C3010,08,28,0000,District - Banswara  28,Rural,25-29,100261,49753,50508,1336,955,381,0,0,0,543,498,45,62,41,21,27,19,8,704,397,307
C3010,08,28,0000,District - Banswara  28,Rural,30-34,95157,47569,47588,682,433,249,0,0,0,79,72,7,42,26,16,15,11,4,546,324,222
C3010,08,28,0000,District - Banswara  28,Rural,35-59,257899,133580,124319,919,610,309,0,0,0,27,25,2,88,42,46,22,17,5,782,526,256
C3010,08,28,0000,District - Banswara  28,Rural,60+,77675,35508,42167,93,64,29,0,0,0,9,6,3,16,9,7,12,4,8,56,45,11
C3010,08,28,0000,District - Banswara  28,Rural,Age not stated,47111,23515,23596,326,209,117,0,0,0,150,120,30,34,23,11,30,15,15,112,51,61
C3010,08,28,0000,District - Banswara  28,Urban,All ages,107363,55576,51787,30299,16623,13676,26953,14575,12378,2984,1809,1175,211,162,49,136,70,66,15,7,8
C3010,08,28,0000,District - Banswara  28,Urban,0-4,10146,5448,4698,712,372,340,712,372,340,0,0,0,0,0,0,0,0,0,0,0,0
C3010,08,28,0000,District - Banswara  28,Urban,5,2406,1295,1111,883,487,396,883,487,396,0,0,0,0,0,0,0,0,0,0,0,0
C3010,08,28,0000,District - Banswara  28,Urban,6,2254,1185,1069,1176,638,538,1176,638,538,0,0,0,0,0,0,0,0,0,0,0,0
C3010,08,28,0000,District - Banswara  28,Urban,7,2319,1162,1157,1993,1017,976,1993,1017,976,0,0,0,0,0,0,0,0,0,0,0,0
C3010,08,28,0000,District - Banswara  28,Urban,8,2878,1561,1317,2548,1407,1141,2548,1407,1141,0,0,0,0,0,0,0,0,0,0,0,0
C3010,08,28,0000,District - Banswara  28,Urban,9,1964,1016,948,1783,943,840,1783,943,840,0,0,0,0,0,0,0,0,0,0,0,0
C3010,08,28,0000,District - Banswara  28,Urban,10,3298,1717,1581,2942,1548,1394,2942,1548,1394,0,0,0,0,0,0,0,0,0,0,0,0
C3010,08,28,0000,District - Banswara  28,Urban,11,1880,987,893,1745,941,804,1745,941,804,0,0,0,0,0,0,0,0,0,0,0,0
C3010,08,28,0000,District - Banswara  28,Urban,12,3050,1617,1433,2648,1447,1201,2648,1447,1201,0,0,0,0,0,0,0,0,0,0,0,0
C3010,08,28,0000,District - Banswara  28,Urban,13,2290,1141,1149,1953,1002,951,1953,1002,951,0,0,0,0,0,0,0,0,0,0,0,0
C3010,08,28,0000,District - Banswara  28,Urban,14,2428,1236,1192,1996,1046,950,1996,1046,950,0,0,0,0,0,0,0,0,0,0,0,0
C3010,08,28,0000,District - Banswara  28,Urban,15-19,12073,6355,5718,7271,4044,3227,6088,3396,2692,1055,568,487,76,58,18,50,22,28,2,0,2
C3010,08,28,0000,District - Banswara  28,Urban,20-24,10697,5741,4956,2376,1547,829,486,331,155,1756,1126,630,75,62,13,58,27,31,1,1,0
C3010,08,28,0000,District - Banswara  28,Urban,25-29,8917,4326,4591,174,127,47,0,0,0,126,90,36,29,23,6,19,14,5,0,0,0
C3010,08,28,0000,District - Banswara  28,Urban,30-34,7988,4010,3978,39,21,18,0,0,0,21,10,11,14,8,6,2,2,0,2,1,1
C3010,08,28,0000,District - Banswara  28,Urban,35-59,26202,13642,12560,43,29,14,0,0,0,20,14,6,10,7,3,4,3,1,9,5,4
C3010,08,28,0000,District - Banswara  28,Urban,60+,6386,3028,3358,12,5,7,0,0,0,2,0,2,7,4,3,2,1,1,1,0,1
C3010,08,28,0000,District - Banswara  28,Urban,Age not stated,187,109,78,5,2,3,0,0,0,4,1,3,0,0,0,1,1,0,0,0,0
C3010,08,29,0000,District - Chittaurgarh  29,Total,All ages,1803524,918063,885461,341418,209195,132223,327322,200314,127008,11147,7390,3757,857,664,193,591,309,282,1501,518,983
C3010,08,29,0000,District - Chittaurgarh  29,Total,0-4,211036,109075,101961,4521,2453,2068,4521,2453,2068,0,0,0,0,0,0,0,0,0,0,0,0
C3010,08,29,0000,District - Chittaurgarh  29,Total,5,49941,26425,23516,9013,5241,3772,9013,5241,3772,0,0,0,0,0,0,0,0,0,0,0,0
C3010,08,29,0000,District - Chittaurgarh  29,Total,6,50390,25900,24490,20705,11742,8963,20705,11742,8963,0,0,0,0,0,0,0,0,0,0,0,0
C3010,08,29,0000,District - Chittaurgarh  29,Total,7,45089,23195,21894,33248,18697,14551,33248,18697,14551,0,0,0,0,0,0,0,0,0,0,0,0
C3010,08,29,0000,District - Chittaurgarh  29,Total,8,57353,29484,27869,43561,24710,18851,43561,24710,18851,0,0,0,0,0,0,0,0,0,0,0,0
C3010,08,29,0000,District - Chittaurgarh  29,Total,9,35402,18094,17308,28778,16128,12650,28778,16128,12650,0,0,0,0,0,0,0,0,0,0,0,0
C3010,08,29,0000,District - Chittaurgarh  29,Total,10,55522,28900,26622,41931,24880,17051,41931,24880,17051,0,0,0,0,0,0,0,0,0,0,0,0
C3010,08,29,0000,District - Chittaurgarh  29,Total,11,26518,14354,12164,21580,12990,8590,21580,12990,8590,0,0,0,0,0,0,0,0,0,0,0,0
C3010,08,29,0000,District - Chittaurgarh  29,Total,12,50967,27012,23955,34313,21901,12412,34313,21901,12412,0,0,0,0,0,0,0,0,0,0,0,0
C3010,08,29,0000,District - Chittaurgarh  29,Total,13,32127,16613,15514,20951,13399,7552,20951,13399,7552,0,0,0,0,0,0,0,0,0,0,0,0
C3010,08,29,0000,District - Chittaurgarh  29,Total,14,34425,17986,16439,19323,12963,6360,19323,12963,6360,0,0,0,0,0,0,0,0,0,0,0,0
C3010,08,29,0000,District - Chittaurgarh  29,Total,15-19,164078,83255,80823,50109,34912,15197,45821,32437,13384,3598,2107,1491,267,205,62,294,129,165,129,34,95
C3010,08,29,0000,District - Chittaurgarh  29,Total,20-24,154018,76449,77569,11084,7888,3196,3577,2773,804,6796,4694,2102,296,250,46,160,91,69,255,80,175
C3010,08,29,0000,District - Chittaurgarh  29,Total,25-29,140082,69511,70571,1008,667,341,0,0,0,534,439,95,146,120,26,64,42,22,264,66,198
C3010,08,29,0000,District - Chittaurgarh  29,Total,30-34,134006,66827,67179,461,198,263,0,0,0,97,68,29,44,33,11,27,16,11,293,81,212
C3010,08,29,0000,District - Chittaurgarh  29,Total,35-59,420541,216897,203644,650,326,324,0,0,0,71,50,21,74,42,32,35,23,12,470,211,259
C3010,08,29,0000,District - Chittaurgarh  29,Total,60+,137158,65499,71659,145,78,67,0,0,0,25,15,10,30,14,16,8,6,2,82,43,39
C3010,08,29,0000,District - Chittaurgarh  29,Total,Age not stated,4871,2587,2284,37,22,15,0,0,0,26,17,9,0,0,0,3,2,1,8,3,5
C3010,08,29,0000,District - Chittaurgarh  29,Rural,All ages,1514255,767555,746700,264281,166685,97596,256988,161649,95339,5059,4036,1023,409,312,97,361,185,176,1464,503,961
C3010,08,29,0000,District - Chittaurgarh  29,Rural,0-4,181030,93329,87701,2837,1608,1229,2837,1608,1229,0,0,0,0,0,0,0,0,0,0,0,0
C3010,08,29,0000,District - Chittaurgarh  29,Rural,5,42696,22505,20191,6702,3972,2730,6702,3972,2730,0,0,0,0,0,0,0,0,0,0,0,0
C3010,08,29,0000,District - Chittaurgarh  29,Rural,6,44126,22610,21516,17614,10083,7531,17614,10083,7531,0,0,0,0,0,0,0,0,0,0,0,0
C3010,08,29,0000,District - Chittaurgarh  29,Rural,7,38231,19630,18601,27293,15531,11762,27293,15531,11762,0,0,0,0,0,0,0,0,0,0,0,0
C3010,08,29,0000,District - Chittaurgarh  29,Rural,8,49336,25288,24048,36438,20899,15539,36438,20899,15539,0,0,0,0,0,0,0,0,0,0,0,0
C3010,08,29,0000,District - Chittaurgarh  29,Rural,9,29942,15263,14679,23748,13469,10279,23748,13469,10279,0,0,0,0,0,0,0,0,0,0,0,0
C3010,08,29,0000,District - Chittaurgarh  29,Rural,10,47132,24425,22707,34352,20748,13604,34352,20748,13604,0,0,0,0,0,0,0,0,0,0,0,0
C3010,08,29,0000,District - Chittaurgarh  29,Rural,11,21450,11610,9840,16850,10385,6465,16850,10385,6465,0,0,0,0,0,0,0,0,0,0,0,0
C3010,08,29,0000,District - Chittaurgarh  29,Rural,12,43184,22823,20361,27508,18096,9412,27508,18096,9412,0,0,0,0,0,0,0,0,0,0,0,0
C3010,08,29,0000,District - Chittaurgarh  29,Rural,13,26410,13728,12682,15987,10797,5190,15987,10797,5190,0,0,0,0,0,0,0,0,0,0,0,0
C3010,08,29,0000,District - Chittaurgarh  29,Rural,14,28305,14817,13488,14351,10247,4104,14351,10247,4104,0,0,0,0,0,0,0,0,0,0,0,0
C3010,08,29,0000,District - Chittaurgarh  29,Rural,15-19,135002,68081,66921,32993,25221,7772,30985,23885,7100,1566,1133,433,113,87,26,203,83,120,126,33,93
C3010,08,29,0000,District - Chittaurgarh  29,Rural,20-24,125837,61992,63845,5891,4749,1142,2323,1929,394,3104,2571,533,129,116,13,84,54,30,251,79,172
C3010,08,29,0000,District - Chittaurgarh  29,Rural,25-29,115247,56999,58248,651,399,252,0,0,0,298,260,38,69,57,12,27,18,9,257,64,193
C3010,08,29,0000,District - Chittaurgarh  29,Rural,30-34,111562,55404,56158,381,147,234,0,0,0,52,43,9,24,16,8,17,10,7,288,78,210
C3010,08,29,0000,District - Chittaurgarh  29,Rural,35-59,351367,180051,171316,554,265,289,0,0,0,23,18,5,51,27,24,22,14,8,458,206,252
C3010,08,29,0000,District - Chittaurgarh  29,Rural,60+,119681,57051,62630,115,59,56,0,0,0,9,5,4,23,9,14,7,5,2,76,40,36
C3010,08,29,0000,District - Chittaurgarh  29,Rural,Age not stated,3717,1949,1768,16,10,6,0,0,0,7,6,1,0,0,0,1,1,0,8,3,5
C3010,08,29,0000,District - Chittaurgarh  29,Urban,All ages,289269,150508,138761,77137,42510,34627,70334,38665,31669,6088,3354,2734,448,352,96,230,124,106,37,15,22
C3010,08,29,0000,District - Chittaurgarh  29,Urban,0-4,30006,15746,14260,1684,845,839,1684,845,839,0,0,0,0,0,0,0,0,0,0,0,0
C3010,08,29,0000,District - Chittaurgarh  29,Urban,5,7245,3920,3325,2311,1269,1042,2311,1269,1042,0,0,0,0,0,0,0,0,0,0,0,0
C3010,08,29,0000,District - Chittaurgarh  29,Urban,6,6264,3290,2974,3091,1659,1432,3091,1659,1432,0,0,0,0,0,0,0,0,0,0,0,0
C3010,08,29,0000,District - Chittaurgarh  29,Urban,7,6858,3565,3293,5955,3166,2789,5955,3166,2789,0,0,0,0,0,0,0,0,0,0,0,0
C3010,08,29,0000,District - Chittaurgarh  29,Urban,8,8017,4196,3821,7123,3811,3312,7123,3811,3312,0,0,0,0,0,0,0,0,0,0,0,0
C3010,08,29,0000,District - Chittaurgarh  29,Urban,9,5460,2831,2629,5030,2659,2371,5030,2659,2371,0,0,0,0,0,0,0,0,0,0,0,0
C3010,08,29,0000,District - Chittaurgarh  29,Urban,10,8390,4475,3915,7579,4132,3447,7579,4132,3447,0,0,0,0,0,0,0,0,0,0,0,0
C3010,08,29,0000,District - Chittaurgarh  29,Urban,11,5068,2744,2324,4730,2605,2125,4730,2605,2125,0,0,0,0,0,0,0,0,0,0,0,0
C3010,08,29,0000,District - Chittaurgarh  29,Urban,12,7783,4189,3594,6805,3805,3000,6805,3805,3000,0,0,0,0,0,0,0,0,0,0,0,0
C3010,08,29,0000,District - Chittaurgarh  29,Urban,13,5717,2885,2832,4964,2602,2362,4964,2602,2362,0,0,0,0,0,0,0,0,0,0,0,0
C3010,08,29,0000,District - Chittaurgarh  29,Urban,14,6120,3169,2951,4972,2716,2256,4972,2716,2256,0,0,0,0,0,0,0,0,0,0,0,0
C3010,08,29,0000,District - Chittaurgarh  29,Urban,15-19,29076,15174,13902,17116,9691,7425,14836,8552,6284,2032,974,1058,154,118,36,91,46,45,3,1,2
C3010,08,29,0000,District - Chittaurgarh  29,Urban,20-24,28181,14457,13724,5193,3139,2054,1254,844,410,3692,2123,1569,167,134,33,76,37,39,4,1,3
C3010,08,29,0000,District - Chittaurgarh  29,Urban,25-29,24835,12512,12323,357,268,89,0,0,0,236,179,57,77,63,14,37,24,13,7,2,5
C3010,08,29,0000,District - Chittaurgarh  29,Urban,30-34,22444,11423,11021,80,51,29,0,0,0,45,25,20,20,17,3,10,6,4,5,3,2
C3010,08,29,0000,District - Chittaurgarh  29,Urban,35-59,69174,36846,32328,96,61,35,0,0,0,48,32,16,23,15,8,13,9,4,12,5,7
C3010,08,29,0000,District - Chittaurgarh  29,Urban,60+,17477,8448,9029,30,19,11,0,0,0,16,10,6,7,5,2,1,1,0,6,3,3
C3010,08,29,0000,District - Chittaurgarh  29,Urban,Age not stated,1154,638,516,21,12,9,0,0,0,19,11,8,0,0,0,2,1,1,0,0,0
C3010,08,30,0000,District - Kota  30,Total,All ages,1568525,827128,741397,447867,250977,196890,394398,225528,168870,27750,17280,10470,3017,2352,665,1999,1415,584,20703,4402,16301
C3010,08,30,0000,District - Kota  30,Total,0-4,168079,87635,80444,7664,4144,3520,7664,4144,3520,0,0,0,0,0,0,0,0,0,0,0,0
C3010,08,30,0000,District - Kota  30,Total,5,41984,22506,19478,12783,7133,5650,12783,7133,5650,0,0,0,0,0,0,0,0,0,0,0,0
C3010,08,30,0000,District - Kota  30,Total,6,40847,21121,19726,22077,12042,10035,22077,12042,10035,0,0,0,0,0,0,0,0,0,0,0,0
C3010,08,30,0000,District - Kota  30,Total,7,37441,19488,17953,31244,16753,14491,31244,16753,14491,0,0,0,0,0,0,0,0,0,0,0,0
C3010,08,30,0000,District - Kota  30,Total,8,49470,25899,23571,42218,22797,19421,42218,22797,19421,0,0,0,0,0,0,0,0,0,0,0,0
C3010,08,30,0000,District - Kota  30,Total,9,30298,15909,14389,27086,14606,12480,27086,14606,12480,0,0,0,0,0,0,0,0,0,0,0,0
C3010,08,30,0000,District - Kota  30,Total,10,53043,28663,24380,45941,25784,20157,45941,25784,20157,0,0,0,0,0,0,0,0,0,0,0,0
C3010,08,30,0000,District - Kota  30,Total,11,27414,14631,12783,24763,13635,11128,24763,13635,11128,0,0,0,0,0,0,0,0,0,0,0,0
C3010,08,30,0000,District - Kota  30,Total,12,49804,27227,22577,41570,24018,17552,41570,24018,17552,0,0,0,0,0,0,0,0,0,0,0,0
C3010,08,30,0000,District - Kota  30,Total,13,32174,16708,15466,26314,14602,11712,26314,14602,11712,0,0,0,0,0,0,0,0,0,0,0,0
C3010,08,30,0000,District - Kota  30,Total,14,36254,19271,16983,27364,15947,11417,27364,15947,11417,0,0,0,0,0,0,0,0,0,0,0,0
C3010,08,30,0000,District - Kota  30,Total,15-19,165374,90792,74582,87931,54065,33866,76994,48053,28941,7268,3889,3379,1350,1071,279,1107,791,316,1212,261,951
C3010,08,30,0000,District - Kota  30,Total,20-24,145440,76653,68787,31574,19258,12316,8380,6014,2366,17690,11354,6336,939,747,192,502,369,133,4063,774,3289
C3010,08,30,0000,District - Kota  30,Total,25-29,127727,65798,61929,7493,2838,4655,0,0,0,1918,1438,480,413,323,90,238,154,84,4924,923,4001
C3010,08,30,0000,District - Kota  30,Total,30-34,112147,57114,55033,5513,1272,4241,0,0,0,319,217,102,97,60,37,43,29,14,5054,966,4088
C3010,08,30,0000,District - Kota  30,Total,35-59,349273,187305,161968,5862,1849,4013,0,0,0,385,266,119,151,106,45,85,57,28,5241,1420,3821
C3010,08,30,0000,District - Kota  30,Total,60+,96100,47273,48827,287,140,147,0,0,0,95,71,24,33,18,15,12,5,7,147,46,101
C3010,08,30,0000,District - Kota  30,Total,Age not stated,5656,3135,2521,183,94,89,0,0,0,75,45,30,34,27,7,12,10,2,62,12,50
C3010,08,30,0000,District - Kota  30,Rural,All ages,729948,382495,347453,200456,112424,88032,175383,104277,71106,4144,3456,688,287,197,90,344,180,164,20298,4314,15984
C3010,08,30,0000,District - Kota  30,Rural,0-4,86361,44795,41566,2005,1105,900,2005,1105,900,0,0,0,0,0,0,0,0,0,0,0,0
C3010,08,30,0000,District - Kota  30,Rural,5,21563,11526,10037,4880,2794,2086,4880,2794,2086,0,0,0,0,0,0,0,0,0,0,0,0
C3010,08,30,0000,District - Kota  30,Rural,6,21885,11230,10655,11526,6394,5132,11526,6394,5132,0,0,0,0,0,0,0,0,0,0,0,0
C3010,08,30,0000,District - Kota  30,Rural,7,18348,9474,8874,15235,8202,7033,15235,8202,7033,0,0,0,0,0,0,0,0,0,0,0,0
C3010,08,30,0000,District - Kota  30,Rural,8,25498,13289,12209,21753,11864,9889,21753,11864,9889,0,0,0,0,0,0,0,0,0,0,0,0
C3010,08,30,0000,District - Kota  30,Rural,9,15248,8015,7233,13564,7409,6155,13564,7409,6155,0,0,0,0,0,0,0,0,0,0,0,0
C3010,08,30,0000,District - Kota  30,Rural,10,26764,14399,12365,23007,13095,9912,23007,13095,9912,0,0,0,0,0,0,0,0,0,0,0,0
C3010,08,30,0000,District - Kota  30,Rural,11,12396,6672,5724,11009,6238,4771,11009,6238,4771,0,0,0,0,0,0,0,0,0,0,0,0
C3010,08,30,0000,District - Kota  30,Rural,12,24952,13624,11328,20101,11995,8106,20101,11995,8106,0,0,0,0,0,0,0,0,0,0,0,0
C3010,08,30,0000,District - Kota  30,Rural,13,14911,7856,7055,11418,6759,4659,11418,6759,4659,0,0,0,0,0,0,0,0,0,0,0,0
C3010,08,30,0000,District - Kota  30,Rural,14,17263,9228,8035,11862,7504,4358,11862,7504,4358,0,0,0,0,0,0,0,0,0,0,0,0
C3010,08,30,0000,District - Kota  30,Rural,15-19,71387,39273,32114,28984,20082,8902,26446,18852,7594,1111,849,262,58,43,15,186,82,104,1183,256,927
C3010,08,30,0000,District - Kota  30,Rural,20-24,61085,31644,29441,9284,5112,4172,2577,2066,511,2556,2169,387,84,69,15,65,44,21,4002,764,3238
C3010,08,30,0000,District - Kota  30,Rural,25-29,55604,28679,26925,5351,1331,4020,0,0,0,384,352,32,67,42,25,41,28,13,4859,909,3950
C3010,08,30,0000,District - Kota  30,Rural,30-34,50055,25350,24705,5087,1026,4061,0,0,0,52,49,3,29,14,15,19,8,11,4987,955,4032
C3010,08,30,0000,District - Kota  30,Rural,35-59,153035,81149,71886,5178,1443,3735,0,0,0,23,22,1,37,23,14,28,15,13,5090,1383,3707
C3010,08,30,0000,District - Kota  30,Rural,60+,51289,25045,26244,143,53,90,0,0,0,11,10,1,11,5,6,4,2,2,117,36,81
C3010,08,30,0000,District - Kota  30,Rural,Age not stated,2304,1247,1057,69,18,51,0,0,0,7,5,2,1,1,0,1,1,0,60,11,49
C3010,08,30,0000,District - Kota  30,Urban,All ages,838577,444633,393944,247411,138553,108858,219015,121251,97764,23606,13824,9782,2730,2155,575,1655,1235,420,405,88,317
C3010,08,30,0000,District - Kota  30,Urban,0-4,81718,42840,38878,5659,3039,2620,5659,3039,2620,0,0,0,0,0,0,0,0,0,0,0,0
C3010,08,30,0000,District - Kota  30,Urban,5,20421,10980,9441,7903,4339,3564,7903,4339,3564,0,0,0,0,0,0,0,0,0,0,0,0
C3010,08,30,0000,District - Kota  30,Urban,6,18962,9891,9071,10551,5648,4903,10551,5648,4903,0,0,0,0,0,0,0,0,0,0,0,0
C3010,08,30,0000,District - Kota  30,Urban,7,19093,10014,9079,16009,8551,7458,16009,8551,7458,0,0,0,0,0,0,0,0,0,0,0,0
C3010,08,30,0000,District - Kota  30,Urban,8,23972,12610,11362,20465,10933,9532,20465,10933,9532,0,0,0,0,0,0,0,0,0,0,0,0
C3010,08,30,0000,District - Kota  30,Urban,9,15050,7894,7156,13522,7197,6325,13522,7197,6325,0,0,0,0,0,0,0,0,0,0,0,0
C3010,08,30,0000,District - Kota  30,Urban,10,26279,14264,12015,22934,12689,10245,22934,12689,10245,0,0,0,0,0,0,0,0,0,0,0,0
C3010,08,30,0000,District - Kota  30,Urban,11,15018,7959,7059,13754,7397,6357,13754,7397,6357,0,0,0,0,0,0,0,0,0,0,0,0
C3010,08,30,0000,District - Kota  30,Urban,12,24852,13603,11249,21469,12023,9446,21469,12023,9446,0,0,0,0,0,0,0,0,0,0,0,0
C3010,08,30,0000,District - Kota  30,Urban,13,17263,8852,8411,14896,7843,7053,14896,7843,7053,0,0,0,0,0,0,0,0,0,0,0,0
C3010,08,30,0000,District - Kota  30,Urban,14,18991,10043,8948,15502,8443,7059,15502,8443,7059,0,0,0,0,0,0,0,0,0,0,0,0
C3010,08,30,0000,District - Kota  30,Urban,15-19,93987,51519,42468,58947,33983,24964,50548,29201,21347,6157,3040,3117,1292,1028,264,921,709,212,29,5,24
C3010,08,30,0000,District - Kota  30,Urban,20-24,84355,45009,39346,22290,14146,8144,5803,3948,1855,15134,9185,5949,855,678,177,437,325,112,61,10,51
C3010,08,30,0000,District - Kota  30,Urban,25-29,72123,37119,35004,2142,1507,635,0,0,0,1534,1086,448,346,281,65,197,126,71,65,14,51
C3010,08,30,0000,District - Kota  30,Urban,30-34,62092,31764,30328,426,246,180,0,0,0,267,168,99,68,46,22,24,21,3,67,11,56
C3010,08,30,0000,District - Kota  30,Urban,35-59,196238,106156,90082,684,406,278,0,0,0,362,244,118,114,83,31,57,42,15,151,37,114
C3010,08,30,0000,District - Kota  30,Urban,60+,44811,22228,22583,144,87,57,0,0,0,84,61,23,22,13,9,8,3,5,30,10,20
C3010,08,30,0000,District - Kota  30,Urban,Age not stated,3352,1888,1464,114,76,38,0,0,0,68,40,28,33,26,7,11,9,2,2,1,1
C3010,08,31,0000,District - Baran *  31,Total,All ages,1021653,535137,486516,235797,144874,90923,226074,138073,88001,7406,5686,1720,381,263,118,401,254,147,1535,598,937
C3010,08,31,0000,District - Baran *  31,Total,0-4,127761,66227,61534,2427,1331,1096,2427,1331,1096,0,0,0,0,0,0,0,0,0,0,0,0
C3010,08,31,0000,District - Baran *  31,Total,5,30223,16094,14129,5512,3264,2248,5512,3264,2248,0,0,0,0,0,0,0,0,0,0,0,0
C3010,08,31,0000,District - Baran *  31,Total,6,31575,16462,15113,13772,7846,5926,13772,7846,5926,0,0,0,0,0,0,0,0,0,0,0,0
C3010,08,31,0000,District - Baran *  31,Total,7,25873,13573,12300,19199,10802,8397,19199,10802,8397,0,0,0,0,0,0,0,0,0,0,0,0
C3010,08,31,0000,District - Baran *  31,Total,8,36803,19188,17615,28239,15867,12372,28239,15867,12372,0,0,0,0,0,0,0,0,0,0,0,0
C3010,08,31,0000,District - Baran *  31,Total,9,21558,11293,10265,18084,10114,7970,18084,10114,7970,0,0,0,0,0,0,0,0,0,0,0,0
C3010,08,31,0000,District - Baran *  31,Total,10,38328,20294,18034,30439,17542,12897,30439,17542,12897,0,0,0,0,0,0,0,0,0,0,0,0
C3010,08,31,0000,District - Baran *  31,Total,11,17260,9398,7862,14637,8588,6049,14637,8588,6049,0,0,0,0,0,0,0,0,0,0,0,0
C3010,08,31,0000,District - Baran *  31,Total,12,35950,19541,16409,26825,16521,10304,26825,16521,10304,0,0,0,0,0,0,0,0,0,0,0,0
C3010,08,31,0000,District - Baran *  31,Total,13,20857,11063,9794,15065,9275,5790,15065,9275,5790,0,0,0,0,0,0,0,0,0,0,0,0
C3010,08,31,0000,District - Baran *  31,Total,14,23898,12767,11131,14998,9829,5169,14998,9829,5169,0,0,0,0,0,0,0,0,0,0,0,0
C3010,08,31,0000,District - Baran *  31,Total,15-19,97259,53276,43983,35936,25960,9976,33520,24386,9134,2005,1356,649,72,48,24,226,129,97,113,41,72
C3010,08,31,0000,District - Baran *  31,Total,20-24,83603,43318,40285,8489,6643,1846,3357,2708,649,4681,3708,973,122,94,28,92,67,25,237,66,171
C3010,08,31,0000,District - Baran *  31,Total,25-29,77484,39885,37599,975,681,294,0,0,0,554,488,66,80,66,14,32,22,10,309,105,204
C3010,08,31,0000,District - Baran *  31,Total,30-34,70955,35881,35074,442,198,244,0,0,0,78,66,12,30,15,15,18,11,7,316,106,210
C3010,08,31,0000,District - Baran *  31,Total,35-59,208211,110775,97436,650,343,307,0,0,0,62,49,13,64,35,29,28,20,8,496,239,257
C3010,08,31,0000,District - Baran *  31,Total,60+,71340,34617,36723,85,57,28,0,0,0,14,11,3,12,5,7,3,3,0,56,38,18
C3010,08,31,0000,District - Baran *  31,Total,Age not stated,2715,1485,1230,23,13,10,0,0,0,12,8,4,1,0,1,2,2,0,8,3,5
C3010,08,31,0000,District - Baran *  31,Rural,All ages,849638,445205,404433,189405,118626,70779,182883,113811,69072,4472,3874,598,259,172,87,302,188,114,1489,581,908
C3010,08,31,0000,District - Baran *  31,Rural,0-4,107528,55745,51783,1431,817,614,1431,817,614,0,0,0,0,0,0,0,0,0,0,0,0
C3010,08,31,0000,District - Baran *  31,Rural,5,25369,13421,11948,3912,2336,1576,3912,2336,1576,0,0,0,0,0,0,0,0,0,0,0,0
C3010,08,31,0000,District - Baran *  31,Rural,6,26916,14043,12873,11459,6573,4886,11459,6573,4886,0,0,0,0,0,0,0,0,0,0,0,0
C3010,08,31,0000,District - Baran *  31,Rural,7,21359,11271,10088,15626,8899,6727,15626,8899,6727,0,0,0,0,0,0,0,0,0,0,0,0
C3010,08,31,0000,District - Baran *  31,Rural,8,30961,16136,14825,23551,13307,10244,23551,13307,10244,0,0,0,0,0,0,0,0,0,0,0,0
C3010,08,31,0000,District - Baran *  31,Rural,9,18028,9415,8613,15041,8459,6582,15041,8459,6582,0,0,0,0,0,0,0,0,0,0,0,0
C3010,08,31,0000,District - Baran *  31,Rural,10,32288,17059,15229,25430,14762,10668,25430,14762,10668,0,0,0,0,0,0,0,0,0,0,0,0
C3010,08,31,0000,District - Baran *  31,Rural,11,14046,7713,6333,11824,7063,4761,11824,7063,4761,0,0,0,0,0,0,0,0,0,0,0,0
C3010,08,31,0000,District - Baran *  31,Rural,12,30357,16562,13795,22390,14024,8366,22390,14024,8366,0,0,0,0,0,0,0,0,0,0,0,0
C3010,08,31,0000,District - Baran *  31,Rural,13,17057,9146,7911,12106,7679,4427,12106,7679,4427,0,0,0,0,0,0,0,0,0,0,0,0
C3010,08,31,0000,District - Baran *  31,Rural,14,19912,10713,9199,12120,8206,3914,12120,8206,3914,0,0,0,0,0,0,0,0,0,0,0,0
C3010,08,31,0000,District - Baran *  31,Rural,15-19,79494,43628,35866,26948,20605,6343,25482,19539,5943,1136,900,236,46,32,14,176,98,78,108,36,72
C3010,08,31,0000,District - Baran *  31,Rural,20-24,68145,35329,32816,5727,4839,888,2511,2147,364,2857,2529,328,66,50,16,62,47,15,231,66,165
C3010,08,31,0000,District - Baran *  31,Rural,25-29,63852,33072,30780,770,527,243,0,0,0,390,363,27,52,44,8,25,17,8,303,103,200
C3010,08,31,0000,District - Baran *  31,Rural,30-34,58440,29564,28876,391,168,223,0,0,0,47,46,1,26,12,14,13,7,6,305,103,202
C3010,08,31,0000,District - Baran *  31,Rural,35-59,172773,91632,81141,596,308,288,0,0,0,35,30,5,56,29,27,22,15,7,483,234,249
C3010,08,31,0000,District - Baran *  31,Rural,60+,61236,29726,31510,71,48,23,0,0,0,5,4,1,12,5,7,3,3,0,51,36,15
C3010,08,31,0000,District - Baran *  31,Rural,Age not stated,1877,1030,847,12,6,6,0,0,0,2,2,0,1,0,1,1,1,0,8,3,5
C3010,08,31,0000,District - Baran *  31,Urban,All ages,172015,89932,82083,46392,26248,20144,43191,24262,18929,2934,1812,1122,122,91,31,99,66,33,46,17,29
C3010,08,31,0000,District - Baran *  31,Urban,0-4,20233,10482,9751,996,514,482,996,514,482,0,0,0,0,0,0,0,0,0,0,0,0
C3010,08,31,0000,District - Baran *  31,Urban,5,4854,2673,2181,1600,928,672,1600,928,672,0,0,0,0,0,0,0,0,0,0,0,0
C3010,08,31,0000,District - Baran *  31,Urban,6,4659,2419,2240,2313,1273,1040,2313,1273,1040,0,0,0,0,0,0,0,0,0,0,0,0
C3010,08,31,0000,District - Baran *  31,Urban,7,4514,2302,2212,3573,1903,1670,3573,1903,1670,0,0,0,0,0,0,0,0,0,0,0,0
C3010,08,31,0000,District - Baran *  31,Urban,8,5842,3052,2790,4688,2560,2128,4688,2560,2128,0,0,0,0,0,0,0,0,0,0,0,0
C3010,08,31,0000,District - Baran *  31,Urban,9,3530,1878,1652,3043,1655,1388,3043,1655,1388,0,0,0,0,0,0,0,0,0,0,0,0
C3010,08,31,0000,District - Baran *  31,Urban,10,6040,3235,2805,5009,2780,2229,5009,2780,2229,0,0,0,0,0,0,0,0,0,0,0,0
C3010,08,31,0000,District - Baran *  31,Urban,11,3214,1685,1529,2813,1525,1288,2813,1525,1288,0,0,0,0,0,0,0,0,0,0,0,0
C3010,08,31,0000,District - Baran *  31,Urban,12,5593,2979,2614,4435,2497,1938,4435,2497,1938,0,0,0,0,0,0,0,0,0,0,0,0
C3010,08,31,0000,District - Baran *  31,Urban,13,3800,1917,1883,2959,1596,1363,2959,1596,1363,0,0,0,0,0,0,0,0,0,0,0,0
C3010,08,31,0000,District - Baran *  31,Urban,14,3986,2054,1932,2878,1623,1255,2878,1623,1255,0,0,0,0,0,0,0,0,0,0,0,0
C3010,08,31,0000,District - Baran *  31,Urban,15-19,17765,9648,8117,8988,5355,3633,8038,4847,3191,869,456,413,26,16,10,50,31,19,5,5,0
C3010,08,31,0000,District - Baran *  31,Urban,20-24,15458,7989,7469,2762,1804,958,846,561,285,1824,1179,645,56,44,12,30,20,10,6,0,6
C3010,08,31,0000,District - Baran *  31,Urban,25-29,13632,6813,6819,205,154,51,0,0,0,164,125,39,28,22,6,7,5,2,6,2,4
C3010,08,31,0000,District - Baran *  31,Urban,30-34,12515,6317,6198,51,30,21,0,0,0,31,20,11,4,3,1,5,4,1,11,3,8
C3010,08,31,0000,District - Baran *  31,Urban,35-59,35438,19143,16295,54,35,19,0,0,0,27,19,8,8,6,2,6,5,1,13,5,8
C3010,08,31,0000,District - Baran *  31,Urban,60+,10104,4891,5213,14,9,5,0,0,0,9,7,2,0,0,0,0,0,0,5,2,3
C3010,08,31,0000,District - Baran *  31,Urban,Age not stated,838,455,383,11,7,4,0,0,0,10,6,4,0,0,0,1,1,0,0,0,0
C3010,08,32,0000,District - Jhalawar  32,Total,All ages,1180323,612804,567519,281017,160776,120241,229439,140508,88931,6482,4763,1719,496,272,224,482,268,214,44118,14965,29153
C3010,08,32,0000,District - Jhalawar  32,Total,0-4,140357,72418,67939,2220,1232,988,2220,1232,988,0,0,0,0,0,0,0,0,0,0,0,0
C3010,08,32,0000,District - Jhalawar  32,Total,5,34880,18225,16655,5847,3421,2426,5847,3421,2426,0,0,0,0,0,0,0,0,0,0,0,0
C3010,08,32,0000,District - Jhalawar  32,Total,6,34062,17576,16486,14694,8484,6210,14694,8484,6210,0,0,0,0,0,0,0,0,0,0,0,0
C3010,08,32,0000,District - Jhalawar  32,Total,7,29150,15143,14007,21677,12255,9422,21677,12255,9422,0,0,0,0,0,0,0,0,0,0,0,0
C3010,08,32,0000,District - Jhalawar  32,Total,8,41816,21502,20314,31611,17829,13782,31611,17829,13782,0,0,0,0,0,0,0,0,0,0,0,0
C3010,08,32,0000,District - Jhalawar  32,Total,9,23021,11926,11095,18869,10622,8247,18869,10622,8247,0,0,0,0,0,0,0,0,0,0,0,0
C3010,08,32,0000,District - Jhalawar  32,Total,10,41998,22012,19986,31491,18677,12814,31491,18677,12814,0,0,0,0,0,0,0,0,0,0,0,0
C3010,08,32,0000,District - Jhalawar  32,Total,11,17173,9359,7814,13767,8369,5398,13767,8369,5398,0,0,0,0,0,0,0,0,0,0,0,0
C3010,08,32,0000,District - Jhalawar  32,Total,12,38251,20759,17492,26045,16568,9477,26045,16568,9477,0,0,0,0,0,0,0,0,0,0,0,0
C3010,08,32,0000,District - Jhalawar  32,Total,13,20732,11136,9596,13650,8828,4822,13650,8828,4822,0,0,0,0,0,0,0,0,0,0,0,0
C3010,08,32,0000,District - Jhalawar  32,Total,14,23615,12759,10856,13806,9289,4517,13806,9289,4517,0,0,0,0,0,0,0,0,0,0,0,0
C3010,08,32,0000,District - Jhalawar  32,Total,15-19,106393,57051,49342,39152,25524,13628,33151,22832,10319,2036,1330,706,127,63,64,221,103,118,3617,1196,2421
C3010,08,32,0000,District - Jhalawar  32,Total,20-24,95302,49152,46150,17049,8428,8621,2611,2102,509,3809,2903,906,136,89,47,109,67,42,10384,3267,7117
C3010,08,32,0000,District - Jhalawar  32,Total,25-29,87415,44133,43282,11560,3929,7631,0,0,0,461,404,57,75,47,28,54,33,21,10970,3445,7525
C3010,08,32,0000,District - Jhalawar  32,Total,30-34,84683,42466,42217,10958,3642,7316,0,0,0,73,56,17,39,19,20,33,17,16,10813,3550,7263
C3010,08,32,0000,District - Jhalawar  32,Total,35-59,254983,134289,120694,7599,3268,4331,0,0,0,46,30,16,84,40,44,39,29,10,7430,3169,4261
C3010,08,32,0000,District - Jhalawar  32,Total,60+,91549,45451,46098,404,207,197,0,0,0,9,7,2,22,8,14,12,10,2,361,182,179
C3010,08,32,0000,District - Jhalawar  32,Total,Age not stated,14943,7447,7496,618,204,414,0,0,0,48,33,15,13,6,7,14,9,5,543,156,387
C3010,08,32,0000,District - Jhalawar  32,Rural,All ages,1012081,524425,487656,235714,135471,100243,188343,117582,70761,3182,2732,450,321,161,160,355,215,140,43513,14781,28732
C3010,08,32,0000,District - Jhalawar  32,Rural,0-4,122536,62966,59570,1421,785,636,1421,785,636,0,0,0,0,0,0,0,0,0,0,0,0
C3010,08,32,0000,District - Jhalawar  32,Rural,5,30543,15916,14627,4316,2580,1736,4316,2580,1736,0,0,0,0,0,0,0,0,0,0,0,0
C3010,08,32,0000,District - Jhalawar  32,Rural,6,30075,15468,14607,12582,7330,5252,12582,7330,5252,0,0,0,0,0,0,0,0,0,0,0,0
C3010,08,32,0000,District - Jhalawar  32,Rural,7,25146,13075,12071,18277,10459,7818,18277,10459,7818,0,0,0,0,0,0,0,0,0,0,0,0
C3010,08,32,0000,District - Jhalawar  32,Rural,8,36553,18811,17742,27096,15457,11639,27096,15457,11639,0,0,0,0,0,0,0,0,0,0,0,0
C3010,08,32,0000,District - Jhalawar  32,Rural,9,20088,10375,9713,16217,9195,7022,16217,9195,7022,0,0,0,0,0,0,0,0,0,0,0,0
C3010,08,32,0000,District - Jhalawar  32,Rural,10,36531,19051,17480,26785,16019,10766,26785,16019,10766,0,0,0,0,0,0,0,0,0,0,0,0
C3010,08,32,0000,District - Jhalawar  32,Rural,11,14455,7920,6535,11289,7030,4259,11289,7030,4259,0,0,0,0,0,0,0,0,0,0,0,0
C3010,08,32,0000,District - Jhalawar  32,Rural,12,33231,18003,15228,21793,14142,7651,21793,14142,7651,0,0,0,0,0,0,0,0,0,0,0,0
C3010,08,32,0000,District - Jhalawar  32,Rural,13,17471,9502,7969,10953,7410,3543,10953,7410,3543,0,0,0,0,0,0,0,0,0,0,0,0
C3010,08,32,0000,District - Jhalawar  32,Rural,14,19863,10741,9122,10887,7644,3243,10887,7644,3243,0,0,0,0,0,0,0,0,0,0,0,0
C3010,08,32,0000,District - Jhalawar  32,Rural,15-19,89014,47713,41301,29527,19925,9602,24839,17937,6902,896,695,201,57,29,28,155,78,77,3580,1186,2394
C3010,08,32,0000,District - Jhalawar  32,Rural,20-24,79475,40664,38811,14189,6592,7597,1888,1594,294,1899,1680,219,69,38,31,70,48,22,10263,3232,7031
C3010,08,32,0000,District - Jhalawar  32,Rural,25-29,73770,37200,36570,11218,3731,7487,0,0,0,285,272,13,54,28,26,45,28,17,10834,3403,7431
C3010,08,32,0000,District - Jhalawar  32,Rural,30-34,72058,36105,35953,10789,3588,7201,0,0,0,46,40,6,37,17,20,23,16,7,10683,3515,7168
C3010,08,32,0000,District - Jhalawar  32,Rural,35-59,216811,113829,102982,7397,3194,4203,0,0,0,22,18,4,73,37,36,38,28,10,7264,3111,4153
C3010,08,32,0000,District - Jhalawar  32,Rural,60+,80667,40212,40455,380,196,184,0,0,0,2,2,0,20,7,13,11,9,2,347,178,169
C3010,08,32,0000,District - Jhalawar  32,Rural,Age not stated,13794,6874,6920,598,194,404,0,0,0,32,25,7,11,5,6,13,8,5,542,156,386
C3010,08,32,0000,District - Jhalawar  32,Urban,All ages,168242,88379,79863,45303,25305,19998,41096,22926,18170,3300,2031,1269,175,111,64,127,53,74,605,184,421
C3010,08,32,0000,District - Jhalawar  32,Urban,0-4,17821,9452,8369,799,447,352,799,447,352,0,0,0,0,0,0,0,0,0,0,0,0
C3010,08,32,0000,District - Jhalawar  32,Urban,5,4337,2309,2028,1531,841,690,1531,841,690,0,0,0,0,0,0,0,0,0,0,0,0
C3010,08,32,0000,District - Jhalawar  32,Urban,6,3987,2108,1879,2112,1154,958,2112,1154,958,0,0,0,0,0,0,0,0,0,0,0,0
C3010,08,32,0000,District - Jhalawar  32,Urban,7,4004,2068,1936,3400,1796,1604,3400,1796,1604,0,0,0,0,0,0,0,0,0,0,0,0
C3010,08,32,0000,District - Jhalawar  32,Urban,8,5263,2691,2572,4515,2372,2143,4515,2372,2143,0,0,0,0,0,0,0,0,0,0,0,0
C3010,08,32,0000,District - Jhalawar  32,Urban,9,2933,1551,1382,2652,1427,1225,2652,1427,1225,0,0,0,0,0,0,0,0,0,0,0,0
C3010,08,32,0000,District - Jhalawar  32,Urban,10,5467,2961,2506,4706,2658,2048,4706,2658,2048,0,0,0,0,0,0,0,0,0,0,0,0
C3010,08,32,0000,District - Jhalawar  32,Urban,11,2718,1439,1279,2478,1339,1139,2478,1339,1139,0,0,0,0,0,0,0,0,0,0,0,0
C3010,08,32,0000,District - Jhalawar  32,Urban,12,5020,2756,2264,4252,2426,1826,4252,2426,1826,0,0,0,0,0,0,0,0,0,0,0,0
C3010,08,32,0000,District - Jhalawar  32,Urban,13,3261,1634,1627,2697,1418,1279,2697,1418,1279,0,0,0,0,0,0,0,0,0,0,0,0
C3010,08,32,0000,District - Jhalawar  32,Urban,14,3752,2018,1734,2919,1645,1274,2919,1645,1274,0,0,0,0,0,0,0,0,0,0,0,0
C3010,08,32,0000,District - Jhalawar  32,Urban,15-19,17379,9338,8041,9625,5599,4026,8312,4895,3417,1140,635,505,70,34,36,66,25,41,37,10,27
C3010,08,32,0000,District - Jhalawar  32,Urban,20-24,15827,8488,7339,2860,1836,1024,723,508,215,1910,1223,687,67,51,16,39,19,20,121,35,86
C3010,08,32,0000,District - Jhalawar  32,Urban,25-29,13645,6933,6712,342,198,144,0,0,0,176,132,44,21,19,2,9,5,4,136,42,94
C3010,08,32,0000,District - Jhalawar  32,Urban,30-34,12625,6361,6264,169,54,115,0,0,0,27,16,11,2,2,0,10,1,9,130,35,95
C3010,08,32,0000,District - Jhalawar  32,Urban,35-59,38172,20460,17712,202,74,128,0,0,0,24,12,12,11,3,8,1,1,0,166,58,108
C3010,08,32,0000,District - Jhalawar  32,Urban,60+,10882,5239,5643,24,11,13,0,0,0,7,5,2,2,1,1,1,1,0,14,4,10
C3010,08,32,0000,District - Jhalawar  32,Urban,Age not stated,1149,573,576,20,10,10,0,0,0,16,8,8,2,1,1,1,1,0,1,0,1
