Table Name,State Code,District Code,Tehsil Code,Area Name,Total/ Rural/ Urban,Age-group,Total population - Persons,Total population - Males,Total population - Females,Population attending educational institutions - Persons,Population attending educational institutions - Males,Population attending educational institutions - Females,Type of educational institution - School - Persons,Type of educational institution - School - Males,Type of educational institution - School - Females,Type of educational institution - College - Persons,Type of educational institution - College - Males,Type of educational institution - College - Females,Type of educational institution - Vocational institute - Persons,Type of educational institution - Vocational institute - Males,Type of educational institution - Vocational institute - Females,Type of educational institution - Other institute - Persons,Type of educational institution - Other institute - Males,Type of educational institution - Other institute - Females,Type of educational institution - Literacy centre - Persons,Type of educational institution - Literacy centre - Males,Type of educational institution - Literacy centre - Females,,
C3010,33,0,0,State - TAMIL NADU  33,Total,All ages,62405679,31400909,31004770,13588307,7179855,6408452,12596995,6584608,6012387,12596995,418555,299241,196527,133886,62641,59537,33815,25722,17452,8991,8461,,
C3010,33,0,0,State - TAMIL NADU  33,Total,0-4,5098462,2619883,2478579,306817,159980,146837,306817,159980,146837,0,0,0,0,0,0,0,0,0,0,0,0,,
C3010,33,0,0,State - TAMIL NADU  33,Total,5,1108208,575431,532777,524591,273761,250830,524591,273761,250830,0,0,0,0,0,0,0,0,0,0,0,0,,
C3010,33,0,0,State - TAMIL NADU  33,Total,6,1028490,530302,498188,784451,405649,378802,784451,405649,378802,0,0,0,0,0,0,0,0,0,0,0,0,,
C3010,33,0,0,State - TAMIL NADU  33,Total,7,1151945,594075,557870,1051147,544051,507096,1051147,544051,507096,0,0,0,0,0,0,0,0,0,0,0,0,,
C3010,33,0,0,State - TAMIL NADU  33,Total,8,1215263,617029,598234,1132647,577293,555354,1132647,577293,555354,0,0,0,0,0,0,0,0,0,0,0,0,,
C3010,33,0,0,State - TAMIL NADU  33,Total,9,1096180,558557,537623,1031555,527769,503786,1031555,527769,503786,0,0,0,0,0,0,0,0,0,0,0,0,,12596995
C3010,33,0,0,State - TAMIL NADU  33,Total,10,1361472,706839,654633,1235662,645897,589765,1235662,645897,589765,0,0,0,0,0,0,0,0,0,0,0,0,,
C3010,33,0,0,State - TAMIL NADU  33,Total,11,1032455,533545,498910,950881,494272,456609,950881,494272,456609,0,0,0,0,0,0,0,0,0,0,0,0,,
C3010,33,0,0,State - TAMIL NADU  33,Total,12,1312936,680658,632278,1141257,598384,542873,1141257,598384,542873,0,0,0,0,0,0,0,0,0,0,0,0,,
C3010,33,0,0,State - TAMIL NADU  33,Total,13,1204733,606677,598056,1016582,520891,495691,1016582,520891,495691,0,0,0,0,0,0,0,0,0,0,0,0,,
C3010,33,0,0,State - TAMIL NADU  33,Total,14,1100730,559084,541646,868254,451288,416966,868254,451288,416966,0,0,0,0,0,0,0,0,0,0,0,0,,
C3010,33,0,0,State - TAMIL NADU  33,Total,15-19,6183767,3135595,3048172,2736839,1485441,1251398,2350568,1266548,1084020,260337,136785,123552,102950,70176,32774,22244,11574,10670,740,358,382,,2350568
C3010,33,0,0,State - TAMIL NADU  33,Total,20-24,5801384,2872914,2928470,673950,406762,267188,202583,118825,83758,392536,237123,155413,60026,40875,19151,17047,9138,7909,1758,801,957,,260337
C3010,33,0,0,State - TAMIL NADU  33,Total,25-29,5719070,2732907,2986163,66982,47077,19905,0,0,0,37300,26495,10805,16894,12656,4238,10398,6937,3461,2390,989,1401,,102950
C3010,33,0,0,State - TAMIL NADU  33,Total,30-34,4687799,2344412,2343387,19250,12157,7093,0,0,0,8944,5885,3059,4703,3143,1560,3611,2197,1414,1992,932,1060,,22244
C3010,33,0,0,State - TAMIL NADU  33,Total,35-59,17366443,8773413,8593030,32618,20261,12357,0,0,0,11979,8286,3693,7670,4411,3259,4806,3116,1690,8163,4448,3715,,740
C3010,33,0,0,State - TAMIL NADU  33,Total,60+,5507400,2735800,2771600,7698,4742,2956,0,0,0,2423,1628,795,2216,1239,977,885,549,336,2174,1326,848,,2736839
C3010,33,0,0,State - TAMIL NADU  33,Total,Age not stated,428942,223788,205154,7126,4180,2946,0,0,0,4277,2353,1924,2068,1386,682,546,304,242,235,137,98,,
C3010,33,0,0,State - TAMIL NADU  33,Rural,All ages,34921681,17531494,17390187,7399959,3969660,3430299,7059230,3745175,3314055,232299,152033,80266,76755,54835,21920,20469,12111,8358,11206,5506,5700,,
C3010,33,0,0,State - TAMIL NADU  33,Rural,0-4,2999803,1548451,1451352,124814,65958,58856,124814,65958,58856,0,0,0,0,0,0,0,0,0,0,0,0,,
C3010,33,0,0,State - TAMIL NADU  33,Rural,5,634167,330862,303305,287272,150996,136276,287272,150996,136276,0,0,0,0,0,0,0,0,0,0,0,0,,
C3010,33,0,0,State - TAMIL NADU  33,Rural,6,598674,310682,287992,465777,242581,223196,465777,242581,223196,0,0,0,0,0,0,0,0,0,0,0,0,,
C3010,33,0,0,State - TAMIL NADU  33,Rural,7,686361,354258,332103,626313,324856,301457,626313,324856,301457,0,0,0,0,0,0,0,0,0,0,0,0,,
C3010,33,0,0,State - TAMIL NADU  33,Rural,8,725858,370496,355362,676519,347340,329179,676519,347340,329179,0,0,0,0,0,0,0,0,0,0,0,0,,
C3010,33,0,0,State - TAMIL NADU  33,Rural,9,660489,338179,322310,621775,320100,301675,621775,320100,301675,0,0,0,0,0,0,0,0,0,0,0,0,,
C3010,33,0,0,State - TAMIL NADU  33,Rural,10,798840,415721,383119,720784,379044,341740,720784,379044,341740,0,0,0,0,0,0,0,0,0,0,0,0,,
C3010,33,0,0,State - TAMIL NADU  33,Rural,11,587871,304877,282994,539843,282719,257124,539843,282719,257124,0,0,0,0,0,0,0,0,0,0,0,0,,
C3010,33,0,0,State - TAMIL NADU  33,Rural,12,774697,402925,371772,663046,351349,311697,663046,351349,311697,0,0,0,0,0,0,0,0,0,0,0,0,,
C3010,33,0,0,State - TAMIL NADU  33,Rural,13,694582,351401,343181,573557,298684,274873,573557,298684,274873,0,0,0,0,0,0,0,0,0,0,0,0,,
C3010,33,0,0,State - TAMIL NADU  33,Rural,14,620590,316861,303729,473277,251143,222134,473277,251143,222134,0,0,0,0,0,0,0,0,0,0,0,0,,
C3010,33,0,0,State - TAMIL NADU  33,Rural,15-19,3477060,1771011,1706049,1323795,755618,568177,1187047,668815,518232,86165,51603,34562,41561,30195,11366,8615,4827,3788,407,178,229,,
C3010,33,0,0,State - TAMIL NADU  33,Rural,20-24,3104691,1551058,1553633,254832,166625,88207,99206,61590,37616,126862,85533,41329,22306,16006,6300,5431,3086,2345,1027,410,617,,
C3010,33,0,0,State - TAMIL NADU  33,Rural,25-29,3053491,1452229,1601262,23294,17153,6141,0,0,0,12691,9947,2744,6130,4666,1464,2979,2019,960,1494,521,973,,
C3010,33,0,0,State - TAMIL NADU  33,Rural,30-34,2463318,1214333,1248985,6795,4374,2421,0,0,0,2633,1972,661,1787,1174,613,1083,686,397,1292,542,750,,
C3010,33,0,0,State - TAMIL NADU  33,Rural,35-59,9655593,4797207,4858386,13515,8100,5415,0,0,0,2847,2224,623,3362,1810,1552,1822,1154,668,5484,2912,2572,,
C3010,33,0,0,State - TAMIL NADU  33,Rural,60+,3222748,1615844,1606904,3389,2107,1282,0,0,0,493,355,138,1067,594,473,411,263,148,1418,895,523,,
C3010,33,0,0,State - TAMIL NADU  33,Rural,Age not stated,162848,85099,77749,1362,913,449,0,0,0,608,399,209,542,390,152,128,76,52,84,48,36,,
C3010,33,0,0,State - TAMIL NADU  33,Urban,All ages,27483998,13869415,13614583,6188348,3210195,2978153,5537765,2839433,2698332,485497,266522,218975,119772,79051,40721,39068,21704,17364,6246,3485,2761,,
C3010,33,0,0,State - TAMIL NADU  33,Urban,0-4,2098659,1071432,1027227,182003,94022,87981,182003,94022,87981,0,0,0,0,0,0,0,0,0,0,0,0,,
C3010,33,0,0,State - TAMIL NADU  33,Urban,5,474041,244569,229472,237319,122765,114554,237319,122765,114554,0,0,0,0,0,0,0,0,0,0,0,0,,
C3010,33,0,0,State - TAMIL NADU  33,Urban,6,429816,219620,210196,318674,163068,155606,318674,163068,155606,0,0,0,0,0,0,0,0,0,0,0,0,,
C3010,33,0,0,State - TAMIL NADU  33,Urban,7,465584,239817,225767,424834,219195,205639,424834,219195,205639,0,0,0,0,0,0,0,0,0,0,0,0,,
C3010,33,0,0,State - TAMIL NADU  33,Urban,8,489405,246533,242872,456128,229953,226175,456128,229953,226175,0,0,0,0,0,0,0,0,0,0,0,0,,
C3010,33,0,0,State - TAMIL NADU  33,Urban,9,435691,220378,215313,409780,207669,202111,409780,207669,202111,0,0,0,0,0,0,0,0,0,0,0,0,,
C3010,33,0,0,State - TAMIL NADU  33,Urban,10,562632,291118,271514,514878,266853,248025,514878,266853,248025,0,0,0,0,0,0,0,0,0,0,0,0,,
C3010,33,0,0,State - TAMIL NADU  33,Urban,11,444584,228668,215916,411038,211553,199485,411038,211553,199485,0,0,0,0,0,0,0,0,0,0,0,0,,
C3010,33,0,0,State - TAMIL NADU  33,Urban,12,538239,277733,260506,478211,247035,231176,478211,247035,231176,0,0,0,0,0,0,0,0,0,0,0,0,,
C3010,33,0,0,State - TAMIL NADU  33,Urban,13,510151,255276,254875,443025,222207,220818,443025,222207,220818,0,0,0,0,0,0,0,0,0,0,0,0,,
C3010,33,0,0,State - TAMIL NADU  33,Urban,14,480140,242223,237917,394977,200145,194832,394977,200145,194832,0,0,0,0,0,0,0,0,0,0,0,0,,
C3010,33,0,0,State - TAMIL NADU  33,Urban,15-19,2706707,1364584,1342123,1413044,729823,683221,1163521,597733,565788,174172,85182,88990,61389,39981,21408,13629,6747,6882,333,180,153,,
C3010,33,0,0,State - TAMIL NADU  33,Urban,20-24,2696693,1321856,1374837,419118,240137,178981,103377,57235,46142,265674,151590,114084,37720,24869,12851,11616,6052,5564,731,391,340,,
C3010,33,0,0,State - TAMIL NADU  33,Urban,25-29,2665579,1280678,1384901,43688,29924,13764,0,0,0,24609,16548,8061,10764,7990,2774,7419,4918,2501,896,468,428,,
C3010,33,0,0,State - TAMIL NADU  33,Urban,30-34,2224481,1130079,1094402,12455,7783,4672,0,0,0,6311,3913,2398,2916,1969,947,2528,1511,1017,700,390,310,,
C3010,33,0,0,State - TAMIL NADU  33,Urban,35-59,7710850,3976206,3734644,19103,12161,6942,0,0,0,9132,6062,3070,4308,2601,1707,2984,1962,1022,2679,1536,1143,,
C3010,33,0,0,State - TAMIL NADU  33,Urban,60+,2284652,1119956,1164696,4309,2635,1674,0,0,0,1930,1273,657,1149,645,504,474,286,188,756,431,325,,
C3010,33,0,0,State - TAMIL NADU  33,Urban,Age not stated,266094,138689,127405,5764,3267,2497,0,0,0,3669,1954,1715,1526,996,530,418,228,190,151,89,62,,
C3010,33,1,0,District - Thiruvallur  01,Total,All ages,2754756,1397407,1357349,627929,331887,296042,571500,297124,274376,43186,26100,17086,8393,6016,2377,3639,2109,1530,1211,538,673,,
C3010,33,1,0,District - Thiruvallur  01,Total,0-4,231935,118396,113539,21302,11094,10208,21302,11094,10208,0,0,0,0,0,0,0,0,0,0,0,0,,
C3010,33,1,0,District - Thiruvallur  01,Total,5,50816,26123,24693,27795,14514,13281,27795,14514,13281,0,0,0,0,0,0,0,0,0,0,0,0,,
C3010,33,1,0,District - Thiruvallur  01,Total,6,47010,23957,23053,36032,18513,17519,36032,18513,17519,0,0,0,0,0,0,0,0,0,0,0,0,,
C3010,33,1,0,District - Thiruvallur  01,Total,7,49986,25630,24356,45068,23181,21887,45068,23181,21887,0,0,0,0,0,0,0,0,0,0,0,0,,
C3010,33,1,0,District - Thiruvallur  01,Total,8,54011,27058,26953,49834,25010,24824,49834,25010,24824,0,0,0,0,0,0,0,0,0,0,0,0,,
C3010,33,1,0,District - Thiruvallur  01,Total,9,47097,23730,23367,44070,22278,21792,44070,22278,21792,0,0,0,0,0,0,0,0,0,0,0,0,,
C3010,33,1,0,District - Thiruvallur  01,Total,10,61530,32010,29520,55549,28978,26571,55549,28978,26571,0,0,0,0,0,0,0,0,0,0,0,0,,
C3010,33,1,0,District - Thiruvallur  01,Total,11,46415,23768,22647,42708,21963,20745,42708,21963,20745,0,0,0,0,0,0,0,0,0,0,0,0,,
C3010,33,1,0,District - Thiruvallur  01,Total,12,57855,29821,28034,50742,26368,24374,50742,26368,24374,0,0,0,0,0,0,0,0,0,0,0,0,,
C3010,33,1,0,District - Thiruvallur  01,Total,13,53280,26504,26776,45946,23226,22720,45946,23226,22720,0,0,0,0,0,0,0,0,0,0,0,0,,
C3010,33,1,0,District - Thiruvallur  01,Total,14,48448,24702,23746,39571,20567,19004,39571,20567,19004,0,0,0,0,0,0,0,0,0,0,0,0,,
C3010,33,1,0,District - Thiruvallur  01,Total,15-19,272269,140107,132162,124915,68413,56502,104238,56466,47772,14802,8036,6766,4404,3135,1269,1431,759,672,40,17,23,,
C3010,33,1,0,District - Thiruvallur  01,Total,20-24,281817,140622,141195,35496,21833,13663,8645,4966,3679,23592,14720,8872,2108,1537,571,1005,565,440,146,45,101,,
C3010,33,1,0,District - Thiruvallur  01,Total,25-29,279201,135920,143281,4653,3237,1416,0,0,0,2786,1976,810,1002,755,247,678,448,230,187,58,129,,
C3010,33,1,0,District - Thiruvallur  01,Total,30-34,221196,114161,107035,1395,911,484,0,0,0,746,491,255,289,217,72,231,144,87,129,59,70,,
C3010,33,1,0,District - Thiruvallur  01,Total,35-59,741199,383338,357861,2305,1469,836,0,0,0,1018,720,298,478,306,172,241,161,80,568,282,286,,
C3010,33,1,0,District - Thiruvallur  01,Total,60+,198251,95171,103080,406,254,152,0,0,0,150,107,43,93,56,37,27,17,10,136,74,62,,
C3010,33,1,0,District - Thiruvallur  01,Total,Age not stated,12440,6389,6051,142,78,64,0,0,0,92,50,42,19,10,9,26,15,11,5,3,2,,
C3010,33,1,0,District - Thiruvallur  01,Rural,All ages,1254674,629052,625622,280339,149403,130936,265967,139752,126215,10419,7210,3209,2082,1467,615,937,572,365,934,402,532,,
C3010,33,1,0,District - Thiruvallur  01,Rural,0-4,111758,56932,54826,7652,4007,3645,7652,4007,3645,0,0,0,0,0,0,0,0,0,0,0,0,,
C3010,33,1,0,District - Thiruvallur  01,Rural,5,24054,12372,11682,12517,6576,5941,12517,6576,5941,0,0,0,0,0,0,0,0,0,0,0,0,,
C3010,33,1,0,District - Thiruvallur  01,Rural,6,22763,11616,11147,18058,9264,8794,18058,9264,8794,0,0,0,0,0,0,0,0,0,0,0,0,,
C3010,33,1,0,District - Thiruvallur  01,Rural,7,24775,12700,12075,22639,11634,11005,22639,11634,11005,0,0,0,0,0,0,0,0,0,0,0,0,,
C3010,33,1,0,District - Thiruvallur  01,Rural,8,26975,13509,13466,25004,12588,12416,25004,12588,12416,0,0,0,0,0,0,0,0,0,0,0,0,,
C3010,33,1,0,District - Thiruvallur  01,Rural,9,23836,12038,11798,22413,11383,11030,22413,11383,11030,0,0,0,0,0,0,0,0,0,0,0,0,,
C3010,33,1,0,District - Thiruvallur  01,Rural,10,30067,15606,14461,27043,14109,12934,27043,14109,12934,0,0,0,0,0,0,0,0,0,0,0,0,,
C3010,33,1,0,District - Thiruvallur  01,Rural,11,21963,11151,10812,20303,10393,9910,20303,10393,9910,0,0,0,0,0,0,0,0,0,0,0,0,,
C3010,33,1,0,District - Thiruvallur  01,Rural,12,28701,14697,14004,24781,12887,11894,24781,12887,11894,0,0,0,0,0,0,0,0,0,0,0,0,,
C3010,33,1,0,District - Thiruvallur  01,Rural,13,25739,12826,12913,21805,11171,10634,21805,11171,10634,0,0,0,0,0,0,0,0,0,0,0,0,,
C3010,33,1,0,District - Thiruvallur  01,Rural,14,22953,11646,11307,18123,9545,8578,18123,9545,8578,0,0,0,0,0,0,0,0,0,0,0,0,,
C3010,33,1,0,District - Thiruvallur  01,Rural,15-19,127042,65496,61546,47420,27463,19957,42192,24105,18087,3644,2280,1364,1131,814,317,433,257,176,20,7,13,,
C3010,33,1,0,District - Thiruvallur  01,Rural,20-24,120996,60427,60569,9967,6675,3292,3437,2090,1347,5676,4056,1620,506,357,149,245,143,102,103,29,74,,
C3010,33,1,0,District - Thiruvallur  01,Rural,25-29,119531,57619,61912,1241,894,347,0,0,0,719,584,135,230,172,58,136,93,43,156,45,111,,
C3010,33,1,0,District - Thiruvallur  01,Rural,30-34,92332,46768,45564,373,240,133,0,0,0,170,126,44,65,45,20,41,28,13,97,41,56,,
C3010,33,1,0,District - Thiruvallur  01,Rural,35-59,331422,166780,164642,794,454,340,0,0,0,164,131,33,111,57,54,67,43,24,452,223,229,,
C3010,33,1,0,District - Thiruvallur  01,Rural,60+,95861,44904,50957,172,99,73,0,0,0,26,19,7,31,18,13,10,5,5,105,57,48,,
C3010,33,1,0,District - Thiruvallur  01,Rural,Age not stated,3906,1965,1941,34,21,13,0,0,0,20,14,6,8,4,4,5,3,2,1,0,1,,
C3010,33,1,0,District - Thiruvallur  01,Urban,All ages,1500082,768355,731727,347590,182484,165106,305533,157372,148161,32767,18890,13877,6311,4549,1762,2702,1537,1165,277,136,141,,
C3010,33,1,0,District - Thiruvallur  01,Urban,0-4,120177,61464,58713,13650,7087,6563,13650,7087,6563,0,0,0,0,0,0,0,0,0,0,0,0,,
C3010,33,1,0,District - Thiruvallur  01,Urban,5,26762,13751,13011,15278,7938,7340,15278,7938,7340,0,0,0,0,0,0,0,0,0,0,0,0,,
C3010,33,1,0,District - Thiruvallur  01,Urban,6,24247,12341,11906,17974,9249,8725,17974,9249,8725,0,0,0,0,0,0,0,0,0,0,0,0,,
C3010,33,1,0,District - Thiruvallur  01,Urban,7,25211,12930,12281,22429,11547,10882,22429,11547,10882,0,0,0,0,0,0,0,0,0,0,0,0,,
C3010,33,1,0,District - Thiruvallur  01,Urban,8,27036,13549,13487,24830,12422,12408,24830,12422,12408,0,0,0,0,0,0,0,0,0,0,0,0,,
C3010,33,1,0,District - Thiruvallur  01,Urban,9,23261,11692,11569,21657,10895,10762,21657,10895,10762,0,0,0,0,0,0,0,0,0,0,0,0,,
C3010,33,1,0,District - Thiruvallur  01,Urban,10,31463,16404,15059,28506,14869,13637,28506,14869,13637,0,0,0,0,0,0,0,0,0,0,0,0,,
C3010,33,1,0,District - Thiruvallur  01,Urban,11,24452,12617,11835,22405,11570,10835,22405,11570,10835,0,0,0,0,0,0,0,0,0,0,0,0,,
C3010,33,1,0,District - Thiruvallur  01,Urban,12,29154,15124,14030,25961,13481,12480,25961,13481,12480,0,0,0,0,0,0,0,0,0,0,0,0,,
C3010,33,1,0,District - Thiruvallur  01,Urban,13,27541,13678,13863,24141,12055,12086,24141,12055,12086,0,0,0,0,0,0,0,0,0,0,0,0,,
C3010,33,1,0,District - Thiruvallur  01,Urban,14,25495,13056,12439,21448,11022,10426,21448,11022,10426,0,0,0,0,0,0,0,0,0,0,0,0,,
C3010,33,1,0,District - Thiruvallur  01,Urban,15-19,145227,74611,70616,77495,40950,36545,62046,32361,29685,11158,5756,5402,3273,2321,952,998,502,496,20,10,10,,
C3010,33,1,0,District - Thiruvallur  01,Urban,20-24,160821,80195,80626,25529,15158,10371,5208,2876,2332,17916,10664,7252,1602,1180,422,760,422,338,43,16,27,,
C3010,33,1,0,District - Thiruvallur  01,Urban,25-29,159670,78301,81369,3412,2343,1069,0,0,0,2067,1392,675,772,583,189,542,355,187,31,13,18,,
C3010,33,1,0,District - Thiruvallur  01,Urban,30-34,128864,67393,61471,1022,671,351,0,0,0,576,365,211,224,172,52,190,116,74,32,18,14,,
C3010,33,1,0,District - Thiruvallur  01,Urban,35-59,409777,216558,193219,1511,1015,496,0,0,0,854,589,265,367,249,118,174,118,56,116,59,57,,
C3010,33,1,0,District - Thiruvallur  01,Urban,60+,102390,50267,52123,234,155,79,0,0,0,124,88,36,62,38,24,17,12,5,31,17,14,,
C3010,33,1,0,District - Thiruvallur  01,Urban,Age not stated,8534,4424,4110,108,57,51,0,0,0,72,36,36,11,6,5,21,12,9,4,3,1,,
C3010,33,2,0,District - Chennai  02,Total,All ages,4343645,2219539,2124106,952492,495814,456678,809911,413603,396308,116139,65465,50674,17746,11691,6055,6944,4027,2917,1752,1028,724,,
C3010,33,2,0,District - Chennai  02,Total,0-4,299356,151721,147635,34418,17735,16683,34418,17735,16683,0,0,0,0,0,0,0,0,0,0,0,0,,
C3010,33,2,0,District - Chennai  02,Total,5,69908,35678,34230,38003,19443,18560,38003,19443,18560,0,0,0,0,0,0,0,0,0,0,0,0,,
C3010,33,2,0,District - Chennai  02,Total,6,64076,32321,31755,44903,22694,22209,44903,22694,22209,0,0,0,0,0,0,0,0,0,0,0,0,,
C3010,33,2,0,District - Chennai  02,Total,7,66028,34140,31888,57203,29619,27584,57203,29619,27584,0,0,0,0,0,0,0,0,0,0,0,0,,
C3010,33,2,0,District - Chennai  02,Total,8,72770,36689,36081,64202,32381,31821,64202,32381,31821,0,0,0,0,0,0,0,0,0,0,0,0,,
C3010,33,2,0,District - Chennai  02,Total,9,61215,30585,30630,54909,27486,27423,54909,27486,27423,0,0,0,0,0,0,0,0,0,0,0,0,,
C3010,33,2,0,District - Chennai  02,Total,10,89809,46543,43266,78037,40386,37651,78037,40386,37651,0,0,0,0,0,0,0,0,0,0,0,0,,
C3010,33,2,0,District - Chennai  02,Total,11,66509,34152,32357,58630,30070,28560,58630,30070,28560,0,0,0,0,0,0,0,0,0,0,0,0,,
C3010,33,2,0,District - Chennai  02,Total,12,80581,41614,38967,68553,35243,33310,68553,35243,33310,0,0,0,0,0,0,0,0,0,0,0,0,,
C3010,33,2,0,District - Chennai  02,Total,13,73958,36759,37199,62433,30885,31548,62433,30885,31548,0,0,0,0,0,0,0,0,0,0,0,0,,
C3010,33,2,0,District - Chennai  02,Total,14,70140,35453,34687,56467,28477,27990,56467,28477,27990,0,0,0,0,0,0,0,0,0,0,0,0,,
C3010,33,2,0,District - Chennai  02,Total,15-19,410863,210259,200604,223625,115529,108096,177337,91165,86172,36242,18217,18025,7962,5096,2866,1990,1004,986,94,47,47,,
C3010,33,2,0,District - Chennai  02,Total,20-24,452191,224627,227564,84146,48532,35614,14816,8019,6797,63088,36600,26488,4485,2951,1534,1594,875,719,163,87,76,,
C3010,33,2,0,District - Chennai  02,Total,25-29,444743,220147,224596,12091,8178,3913,0,0,0,7581,4978,2603,2510,1858,652,1753,1212,541,247,130,117,,
C3010,33,2,0,District - Chennai  02,Total,30-34,366428,191662,174766,3606,2238,1368,0,0,0,2184,1336,848,717,485,232,517,308,209,188,109,79,,
C3010,33,2,0,District - Chennai  02,Total,35-59,1175953,616731,559222,6278,3982,2296,0,0,0,3753,2434,1319,1072,664,408,696,407,289,757,477,280,,
C3010,33,2,0,District - Chennai  02,Total,60+,350826,173462,177364,1613,1023,590,0,0,0,940,622,318,319,202,117,148,80,68,206,119,87,,
C3010,33,2,0,District - Chennai  02,Total,Age not stated,128291,66996,61295,3375,1913,1462,0,0,0,2351,1278,1073,681,435,246,246,141,105,97,59,38,,
C3010,33,2,0,District - Chennai  02,Rural,All ages,0,0,0,0,0,0,0,0,0,0,0,0,0,0,0,0,0,0,0,0,0,,
C3010,33,2,0,District - Chennai  02,Rural,0-4,0,0,0,0,0,0,0,0,0,0,0,0,0,0,0,0,0,0,0,0,0,,
C3010,33,2,0,District - Chennai  02,Rural,5,0,0,0,0,0,0,0,0,0,0,0,0,0,0,0,0,0,0,0,0,0,,
C3010,33,2,0,District - Chennai  02,Rural,6,0,0,0,0,0,0,0,0,0,0,0,0,0,0,0,0,0,0,0,0,0,,
C3010,33,2,0,District - Chennai  02,Rural,7,0,0,0,0,0,0,0,0,0,0,0,0,0,0,0,0,0,0,0,0,0,,
C3010,33,2,0,District - Chennai  02,Rural,8,0,0,0,0,0,0,0,0,0,0,0,0,0,0,0,0,0,0,0,0,0,,
C3010,33,2,0,District - Chennai  02,Rural,9,0,0,0,0,0,0,0,0,0,0,0,0,0,0,0,0,0,0,0,0,0,,
C3010,33,2,0,District - Chennai  02,Rural,10,0,0,0,0,0,0,0,0,0,0,0,0,0,0,0,0,0,0,0,0,0,,
C3010,33,2,0,District - Chennai  02,Rural,11,0,0,0,0,0,0,0,0,0,0,0,0,0,0,0,0,0,0,0,0,0,,
C3010,33,2,0,District - Chennai  02,Rural,12,0,0,0,0,0,0,0,0,0,0,0,0,0,0,0,0,0,0,0,0,0,,
C3010,33,2,0,District - Chennai  02,Rural,13,0,0,0,0,0,0,0,0,0,0,0,0,0,0,0,0,0,0,0,0,0,,
C3010,33,2,0,District - Chennai  02,Rural,14,0,0,0,0,0,0,0,0,0,0,0,0,0,0,0,0,0,0,0,0,0,,
C3010,33,2,0,District - Chennai  02,Rural,15-19,0,0,0,0,0,0,0,0,0,0,0,0,0,0,0,0,0,0,0,0,0,,
C3010,33,2,0,District - Chennai  02,Rural,20-24,0,0,0,0,0,0,0,0,0,0,0,0,0,0,0,0,0,0,0,0,0,,
C3010,33,2,0,District - Chennai  02,Rural,25-29,0,0,0,0,0,0,0,0,0,0,0,0,0,0,0,0,0,0,0,0,0,,
C3010,33,2,0,District - Chennai  02,Rural,30-34,0,0,0,0,0,0,0,0,0,0,0,0,0,0,0,0,0,0,0,0,0,,
C3010,33,2,0,District - Chennai  02,Rural,35-59,0,0,0,0,0,0,0,0,0,0,0,0,0,0,0,0,0,0,0,0,0,,
C3010,33,2,0,District - Chennai  02,Rural,60+,0,0,0,0,0,0,0,0,0,0,0,0,0,0,0,0,0,0,0,0,0,,
C3010,33,2,0,District - Chennai  02,Rural,Age not stated,0,0,0,0,0,0,0,0,0,0,0,0,0,0,0,0,0,0,0,0,0,,
C3010,33,2,0,District - Chennai  02,Urban,All ages,4343645,2219539,2124106,952492,495814,456678,809911,413603,396308,116139,65465,50674,17746,11691,6055,6944,4027,2917,1752,1028,724,,
C3010,33,2,0,District - Chennai  02,Urban,0-4,299356,151721,147635,34418,17735,16683,34418,17735,16683,0,0,0,0,0,0,0,0,0,0,0,0,,
C3010,33,2,0,District - Chennai  02,Urban,5,69908,35678,34230,38003,19443,18560,38003,19443,18560,0,0,0,0,0,0,0,0,0,0,0,0,,
C3010,33,2,0,District - Chennai  02,Urban,6,64076,32321,31755,44903,22694,22209,44903,22694,22209,0,0,0,0,0,0,0,0,0,0,0,0,,
C3010,33,2,0,District - Chennai  02,Urban,7,66028,34140,31888,57203,29619,27584,57203,29619,27584,0,0,0,0,0,0,0,0,0,0,0,0,,
C3010,33,2,0,District - Chennai  02,Urban,8,72770,36689,36081,64202,32381,31821,64202,32381,31821,0,0,0,0,0,0,0,0,0,0,0,0,,
C3010,33,2,0,District - Chennai  02,Urban,9,61215,30585,30630,54909,27486,27423,54909,27486,27423,0,0,0,0,0,0,0,0,0,0,0,0,,
C3010,33,2,0,District - Chennai  02,Urban,10,89809,46543,43266,78037,40386,37651,78037,40386,37651,0,0,0,0,0,0,0,0,0,0,0,0,,
C3010,33,2,0,District - Chennai  02,Urban,11,66509,34152,32357,58630,30070,28560,58630,30070,28560,0,0,0,0,0,0,0,0,0,0,0,0,,
C3010,33,2,0,District - Chennai  02,Urban,12,80581,41614,38967,68553,35243,33310,68553,35243,33310,0,0,0,0,0,0,0,0,0,0,0,0,,
C3010,33,2,0,District - Chennai  02,Urban,13,73958,36759,37199,62433,30885,31548,62433,30885,31548,0,0,0,0,0,0,0,0,0,0,0,0,,
C3010,33,2,0,District - Chennai  02,Urban,14,70140,35453,34687,56467,28477,27990,56467,28477,27990,0,0,0,0,0,0,0,0,0,0,0,0,,
C3010,33,2,0,District - Chennai  02,Urban,15-19,410863,210259,200604,223625,115529,108096,177337,91165,86172,36242,18217,18025,7962,5096,2866,1990,1004,986,94,47,47,,
C3010,33,2,0,District - Chennai  02,Urban,20-24,452191,224627,227564,84146,48532,35614,14816,8019,6797,63088,36600,26488,4485,2951,1534,1594,875,719,163,87,76,,
C3010,33,2,0,District - Chennai  02,Urban,25-29,444743,220147,224596,12091,8178,3913,0,0,0,7581,4978,2603,2510,1858,652,1753,1212,541,247,130,117,,
C3010,33,2,0,District - Chennai  02,Urban,30-34,366428,191662,174766,3606,2238,1368,0,0,0,2184,1336,848,717,485,232,517,308,209,188,109,79,,
C3010,33,2,0,District - Chennai  02,Urban,35-59,1175953,616731,559222,6278,3982,2296,0,0,0,3753,2434,1319,1072,664,408,696,407,289,757,477,280,,
C3010,33,2,0,District - Chennai  02,Urban,60+,350826,173462,177364,1613,1023,590,0,0,0,940,622,318,319,202,117,148,80,68,206,119,87,,
C3010,33,2,0,District - Chennai  02,Urban,Age not stated,128291,66996,61295,3375,1913,1462,0,0,0,2351,1278,1073,681,435,246,246,141,105,97,59,38,,
C3010,33,3,0,District - Kancheepuram  03,Total,All ages,2877468,1457242,1420226,665496,349775,315721,614730,317802,296928,35080,21101,13979,10064,7420,2644,4784,3022,1762,838,430,408,,
C3010,33,3,0,District - Kancheepuram  03,Total,0-4,236095,120307,115788,19861,10258,9603,19861,10258,9603,0,0,0,0,0,0,0,0,0,0,0,0,,
C3010,33,3,0,District - Kancheepuram  03,Total,5,52591,27017,25574,27862,14423,13439,27862,14423,13439,0,0,0,0,0,0,0,0,0,0,0,0,,
C3010,33,3,0,District - Kancheepuram  03,Total,6,48573,24673,23900,37553,19066,18487,37553,19066,18487,0,0,0,0,0,0,0,0,0,0,0,0,,
C3010,33,3,0,District - Kancheepuram  03,Total,7,52637,26973,25664,47869,24535,23334,47869,24535,23334,0,0,0,0,0,0,0,0,0,0,0,0,,
C3010,33,3,0,District - Kancheepuram  03,Total,8,57614,28850,28764,53448,26802,26646,53448,26802,26646,0,0,0,0,0,0,0,0,0,0,0,0,,
C3010,33,3,0,District - Kancheepuram  03,Total,9,49566,24863,24703,46535,23378,23157,46535,23378,23157,0,0,0,0,0,0,0,0,0,0,0,0,,
C3010,33,3,0,District - Kancheepuram  03,Total,10,65535,33889,31646,59713,30975,28738,59713,30975,28738,0,0,0,0,0,0,0,0,0,0,0,0,,
C3010,33,3,0,District - Kancheepuram  03,Total,11,49017,25214,23803,45357,23321,22036,45357,23321,22036,0,0,0,0,0,0,0,0,0,0,0,0,,
C3010,33,3,0,District - Kancheepuram  03,Total,12,62497,32140,30357,55077,28389,26688,55077,28389,26688,0,0,0,0,0,0,0,0,0,0,0,0,,
C3010,33,3,0,District - Kancheepuram  03,Total,13,57323,28633,28690,49456,24869,24587,49456,24869,24587,0,0,0,0,0,0,0,0,0,0,0,0,,
C3010,33,3,0,District - Kancheepuram  03,Total,14,51610,26057,25553,42060,21585,20475,42060,21585,20475,0,0,0,0,0,0,0,0,0,0,0,0,,
C3010,33,3,0,District - Kancheepuram  03,Total,15-19,292030,148879,143151,135383,73613,61770,116270,62206,54064,12741,7064,5677,4949,3581,1368,1361,728,633,62,34,28,,
C3010,33,3,0,District - Kancheepuram  03,Total,20-24,288917,145143,143774,37783,23299,14484,13669,7995,5674,19030,11726,7304,3389,2579,810,1591,946,645,104,53,51,,
C3010,33,3,0,District - Kancheepuram  03,Total,25-29,278989,135359,143630,3952,2891,1061,0,0,0,1926,1395,531,948,745,203,958,705,253,120,46,74,,
C3010,33,3,0,District - Kancheepuram  03,Total,30-34,221418,113751,107667,1230,833,397,0,0,0,523,342,181,233,163,70,393,297,96,81,31,50,,
C3010,33,3,0,District - Kancheepuram  03,Total,35-59,768748,393956,374792,1869,1207,662,0,0,0,682,451,231,399,250,149,429,313,116,359,193,166,,
C3010,33,3,0,District - Kancheepuram  03,Total,60+,233860,116152,117708,363,240,123,0,0,0,131,96,35,85,49,36,44,27,17,103,68,35,,
C3010,33,3,0,District - Kancheepuram  03,Total,Age not stated,10448,5386,5062,125,91,34,0,0,0,47,27,20,61,53,8,8,6,2,9,5,4,,
C3010,33,3,0,District - Kancheepuram  03,Rural,All ages,1342502,676095,666407,308980,162990,145990,297335,154917,142418,7434,5194,2240,2815,2106,709,906,535,371,490,238,252,,
C3010,33,3,0,District - Kancheepuram  03,Rural,0-4,115977,59016,56961,6780,3496,3284,6780,3496,3284,0,0,0,0,0,0,0,0,0,0,0,0,,
C3010,33,3,0,District - Kancheepuram  03,Rural,5,25516,13138,12378,12719,6598,6121,12719,6598,6121,0,0,0,0,0,0,0,0,0,0,0,0,,
C3010,33,3,0,District - Kancheepuram  03,Rural,6,24208,12342,11866,18937,9647,9290,18937,9647,9290,0,0,0,0,0,0,0,0,0,0,0,0,,
C3010,33,3,0,District - Kancheepuram  03,Rural,7,26924,13725,13199,24445,12461,11984,24445,12461,11984,0,0,0,0,0,0,0,0,0,0,0,0,,
C3010,33,3,0,District - Kancheepuram  03,Rural,8,30342,15173,15169,28047,14069,13978,28047,14069,13978,0,0,0,0,0,0,0,0,0,0,0,0,,
C3010,33,3,0,District - Kancheepuram  03,Rural,9,26249,13216,13033,24639,12434,12205,24639,12434,12205,0,0,0,0,0,0,0,0,0,0,0,0,,
C3010,33,3,0,District - Kancheepuram  03,Rural,10,33635,17334,16301,30459,15781,14678,30459,15781,14678,0,0,0,0,0,0,0,0,0,0,0,0,,
C3010,33,3,0,District - Kancheepuram  03,Rural,11,24053,12380,11673,22166,11423,10743,22166,11423,10743,0,0,0,0,0,0,0,0,0,0,0,0,,
C3010,33,3,0,District - Kancheepuram  03,Rural,12,32697,16767,15930,28423,14674,13749,28423,14674,13749,0,0,0,0,0,0,0,0,0,0,0,0,,
C3010,33,3,0,District - Kancheepuram  03,Rural,13,28896,14419,14477,24473,12408,12065,24473,12408,12065,0,0,0,0,0,0,0,0,0,0,0,0,,
C3010,33,3,0,District - Kancheepuram  03,Rural,14,25685,12970,12715,20328,10535,9793,20328,10535,9793,0,0,0,0,0,0,0,0,0,0,0,0,,
C3010,33,3,0,District - Kancheepuram  03,Rural,15-19,143411,72913,70498,55214,31307,23907,50303,27930,22373,3029,2044,985,1452,1097,355,399,220,179,31,16,15,,
C3010,33,3,0,District - Kancheepuram  03,Rural,20-24,129028,65517,63511,10680,7044,3636,5616,3461,2155,3812,2694,1118,914,707,207,286,162,124,52,20,32,,
C3010,33,3,0,District - Kancheepuram  03,Rural,25-29,121063,58689,62374,790,573,217,0,0,0,399,314,85,213,156,57,119,86,33,59,17,42,,
C3010,33,3,0,District - Kancheepuram  03,Rural,30-34,92423,46557,45866,219,136,83,0,0,0,84,63,21,58,37,21,31,23,8,46,13,33,,
C3010,33,3,0,District - Kancheepuram  03,Rural,35-59,347079,174392,172687,482,283,199,0,0,0,82,62,20,113,64,49,49,27,22,238,130,108,,
C3010,33,3,0,District - Kancheepuram  03,Rural,60+,110305,55024,55281,122,79,43,0,0,0,18,14,4,29,14,15,17,12,5,58,39,19,,
C3010,33,3,0,District - Kancheepuram  03,Rural,Age not stated,5011,2523,2488,57,42,15,0,0,0,10,3,7,36,31,5,5,5,0,6,3,3,,
C3010,33,3,0,District - Kancheepuram  03,Urban,All ages,1534966,781147,753819,356516,186785,169731,317395,162885,154510,27646,15907,11739,7249,5314,1935,3878,2487,1391,348,192,156,,
C3010,33,3,0,District - Kancheepuram  03,Urban,0-4,120118,61291,58827,13081,6762,6319,13081,6762,6319,0,0,0,0,0,0,0,0,0,0,0,0,,
C3010,33,3,0,District - Kancheepuram  03,Urban,5,27075,13879,13196,15143,7825,7318,15143,7825,7318,0,0,0,0,0,0,0,0,0,0,0,0,,
C3010,33,3,0,District - Kancheepuram  03,Urban,6,24365,12331,12034,18616,9419,9197,18616,9419,9197,0,0,0,0,0,0,0,0,0,0,0,0,,
C3010,33,3,0,District - Kancheepuram  03,Urban,7,25713,13248,12465,23424,12074,11350,23424,12074,11350,0,0,0,0,0,0,0,0,0,0,0,0,,
C3010,33,3,0,District - Kancheepuram  03,Urban,8,27272,13677,13595,25401,12733,12668,25401,12733,12668,0,0,0,0,0,0,0,0,0,0,0,0,,
C3010,33,3,0,District - Kancheepuram  03,Urban,9,23317,11647,11670,21896,10944,10952,21896,10944,10952,0,0,0,0,0,0,0,0,0,0,0,0,,
C3010,33,3,0,District - Kancheepuram  03,Urban,10,31900,16555,15345,29254,15194,14060,29254,15194,14060,0,0,0,0,0,0,0,0,0,0,0,0,,
C3010,33,3,0,District - Kancheepuram  03,Urban,11,24964,12834,12130,23191,11898,11293,23191,11898,11293,0,0,0,0,0,0,0,0,0,0,0,0,,
C3010,33,3,0,District - Kancheepuram  03,Urban,12,29800,15373,14427,26654,13715,12939,26654,13715,12939,0,0,0,0,0,0,0,0,0,0,0,0,,
C3010,33,3,0,District - Kancheepuram  03,Urban,13,28427,14214,14213,24983,12461,12522,24983,12461,12522,0,0,0,0,0,0,0,0,0,0,0,0,,
C3010,33,3,0,District - Kancheepuram  03,Urban,14,25925,13087,12838,21732,11050,10682,21732,11050,10682,0,0,0,0,0,0,0,0,0,0,0,0,,
C3010,33,3,0,District - Kancheepuram  03,Urban,15-19,148619,75966,72653,80169,42306,37863,65967,34276,31691,9712,5020,4692,3497,2484,1013,962,508,454,31,18,13,,
C3010,33,3,0,District - Kancheepuram  03,Urban,20-24,159889,79626,80263,27103,16255,10848,8053,4534,3519,15218,9032,6186,2475,1872,603,1305,784,521,52,33,19,,
C3010,33,3,0,District - Kancheepuram  03,Urban,25-29,157926,76670,81256,3162,2318,844,0,0,0,1527,1081,446,735,589,146,839,619,220,61,29,32,,
C3010,33,3,0,District - Kancheepuram  03,Urban,30-34,128995,67194,61801,1011,697,314,0,0,0,439,279,160,175,126,49,362,274,88,35,18,17,,
C3010,33,3,0,District - Kancheepuram  03,Urban,35-59,421669,219564,202105,1387,924,463,0,0,0,600,389,211,286,186,100,380,286,94,121,63,58,,
C3010,33,3,0,District - Kancheepuram  03,Urban,60+,123555,61128,62427,241,161,80,0,0,0,113,82,31,56,35,21,27,15,12,45,29,16,,
C3010,33,3,0,District - Kancheepuram  03,Urban,Age not stated,5437,2863,2574,68,49,19,0,0,0,37,24,13,25,22,3,3,1,2,3,2,1,,
C3010,33,4,0,District - Vellore  04,Total,All ages,3477317,1741083,1736234,790108,416263,373845,747718,389699,358019,28807,17753,11054,9292,6342,2950,2869,1599,1270,1422,870,552,,
C3010,33,4,0,District - Vellore  04,Total,0-4,303706,156092,147614,15796,8249,7547,15796,8249,7547,0,0,0,0,0,0,0,0,0,0,0,0,,
C3010,33,4,0,District - Vellore  04,Total,5,66521,34526,31995,30618,15905,14713,30618,15905,14713,0,0,0,0,0,0,0,0,0,0,0,0,,
C3010,33,4,0,District - Vellore  04,Total,6,61953,31836,30117,46809,24127,22682,46809,24127,22682,0,0,0,0,0,0,0,0,0,0,0,0,,
C3010,33,4,0,District - Vellore  04,Total,7,73147,37293,35854,66228,33912,32316,66228,33912,32316,0,0,0,0,0,0,0,0,0,0,0,0,,
C3010,33,4,0,District - Vellore  04,Total,8,76067,38317,37750,70652,35706,34946,70652,35706,34946,0,0,0,0,0,0,0,0,0,0,0,0,,
C3010,33,4,0,District - Vellore  04,Total,9,68998,35074,33924,64915,33134,31781,64915,33134,31781,0,0,0,0,0,0,0,0,0,0,0,0,,
C3010,33,4,0,District - Vellore  04,Total,10,83316,42665,40651,75551,38912,36639,75551,38912,36639,0,0,0,0,0,0,0,0,0,0,0,0,,
C3010,33,4,0,District - Vellore  04,Total,11,63211,32155,31056,58266,29687,28579,58266,29687,28579,0,0,0,0,0,0,0,0,0,0,0,0,,
C3010,33,4,0,District - Vellore  04,Total,12,81080,41556,39524,69937,36211,33726,69937,36211,33726,0,0,0,0,0,0,0,0,0,0,0,0,,
C3010,33,4,0,District - Vellore  04,Total,13,75014,37387,37627,62595,31643,30952,62595,31643,30952,0,0,0,0,0,0,0,0,0,0,0,0,,
C3010,33,4,0,District - Vellore  04,Total,14,66430,33818,32612,51668,26908,24760,51668,26908,24760,0,0,0,0,0,0,0,0,0,0,0,0,,
C3010,33,4,0,District - Vellore  04,Total,15-19,351329,177610,173719,141001,78734,62267,124307,68796,55511,10742,5978,4764,4855,3381,1474,1043,552,491,54,27,27,,
C3010,33,4,0,District - Vellore  04,Total,20-24,324407,162082,162325,29950,19064,10886,10376,6509,3867,15770,10081,5689,2857,1939,918,778,421,357,169,114,55,,
C3010,33,4,0,District - Vellore  04,Total,25-29,304192,144310,159882,2994,2090,904,0,0,0,1460,1074,386,862,606,256,437,271,166,235,139,96,,
C3010,33,4,0,District - Vellore  04,Total,30-34,248188,122610,125578,954,609,345,0,0,0,347,257,90,249,160,89,184,90,94,174,102,72,,
C3010,33,4,0,District - Vellore  04,Total,35-59,917368,465975,451393,1605,1011,594,0,0,0,348,259,89,303,161,142,336,206,130,618,385,233,,
C3010,33,4,0,District - Vellore  04,Total,60+,296324,139485,156839,395,238,157,0,0,0,64,43,21,104,58,46,62,38,24,165,99,66,,
C3010,33,4,0,District - Vellore  04,Total,Age not stated,16066,8292,7774,174,123,51,0,0,0,76,61,15,62,37,25,29,21,8,7,4,3,,
C3010,33,4,0,District - Vellore  04,Rural,All ages,2169319,1088090,1081229,479983,255433,224550,462698,243872,218826,11427,7704,3723,3743,2729,1014,1308,767,541,807,361,446,,
C3010,33,4,0,District - Vellore  04,Rural,0-4,195526,100862,94664,7855,4179,3676,7855,4179,3676,0,0,0,0,0,0,0,0,0,0,0,0,,
C3010,33,4,0,District - Vellore  04,Rural,5,41622,21703,19919,18582,9675,8907,18582,9675,8907,0,0,0,0,0,0,0,0,0,0,0,0,,
C3010,33,4,0,District - Vellore  04,Rural,6,39386,20468,18918,30195,15751,14444,30195,15751,14444,0,0,0,0,0,0,0,0,0,0,0,0,,
C3010,33,4,0,District - Vellore  04,Rural,7,47707,24513,23194,43341,22367,20974,43341,22367,20974,0,0,0,0,0,0,0,0,0,0,0,0,,
C3010,33,4,0,District - Vellore  04,Rural,8,49216,25000,24216,45901,23419,22482,45901,23419,22482,0,0,0,0,0,0,0,0,0,0,0,0,,
C3010,33,4,0,District - Vellore  04,Rural,9,45144,23070,22074,42616,21907,20709,42616,21907,20709,0,0,0,0,0,0,0,0,0,0,0,0,,
C3010,33,4,0,District - Vellore  04,Rural,10,52265,26909,25356,47479,24642,22837,47479,24642,22837,0,0,0,0,0,0,0,0,0,0,0,0,,
C3010,33,4,0,District - Vellore  04,Rural,11,39498,20102,19396,36639,18707,17932,36639,18707,17932,0,0,0,0,0,0,0,0,0,0,0,0,,
C3010,33,4,0,District - Vellore  04,Rural,12,51233,26096,25137,44190,22819,21371,44190,22819,21371,0,0,0,0,0,0,0,0,0,0,0,0,,
C3010,33,4,0,District - Vellore  04,Rural,13,46727,23416,23311,38918,19915,19003,38918,19915,19003,0,0,0,0,0,0,0,0,0,0,0,0,,
C3010,33,4,0,District - Vellore  04,Rural,14,40861,20928,19933,31541,16657,14884,31541,16657,14884,0,0,0,0,0,0,0,0,0,0,0,0,,
C3010,33,4,0,District - Vellore  04,Rural,15-19,212413,109007,103406,76882,44780,32102,69943,40265,29678,4396,2719,1677,2024,1508,516,489,275,214,30,13,17,,
C3010,33,4,0,District - Vellore  04,Rural,20-24,194394,98200,96194,13037,8789,4248,5498,3569,1929,6095,4237,1858,1069,779,290,301,172,129,74,32,42,,
C3010,33,4,0,District - Vellore  04,Rural,25-29,185861,88134,97727,1224,914,310,0,0,0,615,496,119,323,260,63,187,133,54,99,25,74,,
C3010,33,4,0,District - Vellore  04,Rural,30-34,151086,74460,76626,387,229,158,0,0,0,120,92,28,90,61,29,85,45,40,92,31,61,,
C3010,33,4,0,District - Vellore  04,Rural,35-59,571589,288137,283452,895,505,390,0,0,0,145,115,30,176,91,85,190,108,82,384,191,193,,
C3010,33,4,0,District - Vellore  04,Rural,60+,196208,92719,103489,224,120,104,0,0,0,24,16,8,44,21,23,34,17,17,122,66,56,,
C3010,33,4,0,District - Vellore  04,Rural,Age not stated,8583,4366,4217,77,58,19,0,0,0,32,29,3,17,9,8,22,17,5,6,3,3,,
C3010,33,4,0,District - Vellore  04,Urban,All ages,1307998,652993,655005,310125,160830,149295,285020,145827,139193,17380,10049,7331,5549,3613,1936,1561,832,729,615,509,106,,
C3010,33,4,0,District - Vellore  04,Urban,0-4,108180,55230,52950,7941,4070,3871,7941,4070,3871,0,0,0,0,0,0,0,0,0,0,0,0,,
C3010,33,4,0,District - Vellore  04,Urban,5,24899,12823,12076,12036,6230,5806,12036,6230,5806,0,0,0,0,0,0,0,0,0,0,0,0,,
C3010,33,4,0,District - Vellore  04,Urban,6,22567,11368,11199,16614,8376,8238,16614,8376,8238,0,0,0,0,0,0,0,0,0,0,0,0,,
C3010,33,4,0,District - Vellore  04,Urban,7,25440,12780,12660,22887,11545,11342,22887,11545,11342,0,0,0,0,0,0,0,0,0,0,0,0,,
C3010,33,4,0,District - Vellore  04,Urban,8,26851,13317,13534,24751,12287,12464,24751,12287,12464,0,0,0,0,0,0,0,0,0,0,0,0,,
C3010,33,4,0,District - Vellore  04,Urban,9,23854,12004,11850,22299,11227,11072,22299,11227,11072,0,0,0,0,0,0,0,0,0,0,0,0,,
C3010,33,4,0,District - Vellore  04,Urban,10,31051,15756,15295,28072,14270,13802,28072,14270,13802,0,0,0,0,0,0,0,0,0,0,0,0,,
C3010,33,4,0,District - Vellore  04,Urban,11,23713,12053,11660,21627,10980,10647,21627,10980,10647,0,0,0,0,0,0,0,0,0,0,0,0,,
C3010,33,4,0,District - Vellore  04,Urban,12,29847,15460,14387,25747,13392,12355,25747,13392,12355,0,0,0,0,0,0,0,0,0,0,0,0,,
C3010,33,4,0,District - Vellore  04,Urban,13,28287,13971,14316,23677,11728,11949,23677,11728,11949,0,0,0,0,0,0,0,0,0,0,0,0,,
C3010,33,4,0,District - Vellore  04,Urban,14,25569,12890,12679,20127,10251,9876,20127,10251,9876,0,0,0,0,0,0,0,0,0,0,0,0,,
C3010,33,4,0,District - Vellore  04,Urban,15-19,138916,68603,70313,64119,33954,30165,54364,28531,25833,6346,3259,3087,2831,1873,958,554,277,277,24,14,10,,
C3010,33,4,0,District - Vellore  04,Urban,20-24,130013,63882,66131,16913,10275,6638,4878,2940,1938,9675,5844,3831,1788,1160,628,477,249,228,95,82,13,,
C3010,33,4,0,District - Vellore  04,Urban,25-29,118331,56176,62155,1770,1176,594,0,0,0,845,578,267,539,346,193,250,138,112,136,114,22,,
C3010,33,4,0,District - Vellore  04,Urban,30-34,97102,48150,48952,567,380,187,0,0,0,227,165,62,159,99,60,99,45,54,82,71,11,,
C3010,33,4,0,District - Vellore  04,Urban,35-59,345779,177838,167941,710,506,204,0,0,0,203,144,59,127,70,57,146,98,48,234,194,40,,
C3010,33,4,0,District - Vellore  04,Urban,60+,100116,46766,53350,171,118,53,0,0,0,40,27,13,60,37,23,28,21,7,43,33,10,,
C3010,33,4,0,District - Vellore  04,Urban,Age not stated,7483,3926,3557,97,65,32,0,0,0,44,32,12,45,28,17,7,4,3,1,1,0,,
C3010,33,5,0,District - Dharmapuri  05,Total,All ages,2856300,1473597,1382703,646285,354119,292166,616859,334263,282596,22069,14932,7137,4895,3486,1409,1427,874,553,1035,564,471,,
C3010,33,5,0,District - Dharmapuri  05,Total,0-4,273367,145840,127527,11524,6291,5233,11524,6291,5233,0,0,0,0,0,0,0,0,0,0,0,0,,
C3010,33,5,0,District - Dharmapuri  05,Total,5,58649,31629,27020,28680,15504,13176,28680,15504,13176,0,0,0,0,0,0,0,0,0,0,0,0,,
C3010,33,5,0,District - Dharmapuri  05,Total,6,54559,29360,25199,42825,23183,19642,42825,23183,19642,0,0,0,0,0,0,0,0,0,0,0,0,,
C3010,33,5,0,District - Dharmapuri  05,Total,7,66512,35514,30998,60515,32572,27943,60515,32572,27943,0,0,0,0,0,0,0,0,0,0,0,0,,
C3010,33,5,0,District - Dharmapuri  05,Total,8,69017,36319,32698,63434,33727,29707,63434,33727,29707,0,0,0,0,0,0,0,0,0,0,0,0,,
C3010,33,5,0,District - Dharmapuri  05,Total,9,61713,32349,29364,57278,30344,26934,57278,30344,26934,0,0,0,0,0,0,0,0,0,0,0,0,,
C3010,33,5,0,District - Dharmapuri  05,Total,10,72942,38645,34297,63420,34147,29273,63420,34147,29273,0,0,0,0,0,0,0,0,0,0,0,0,,
C3010,33,5,0,District - Dharmapuri  05,Total,11,53908,28041,25867,48449,25567,22882,48449,25567,22882,0,0,0,0,0,0,0,0,0,0,0,0,,
C3010,33,5,0,District - Dharmapuri  05,Total,12,70104,36536,33568,56514,30075,26439,56514,30075,26439,0,0,0,0,0,0,0,0,0,0,0,0,,
C3010,33,5,0,District - Dharmapuri  05,Total,13,60817,31241,29576,48213,25293,22920,48213,25293,22920,0,0,0,0,0,0,0,0,0,0,0,0,,
C3010,33,5,0,District - Dharmapuri  05,Total,14,52371,27397,24974,38648,20688,17960,38648,20688,17960,0,0,0,0,0,0,0,0,0,0,0,0,,
C3010,33,5,0,District - Dharmapuri  05,Total,15-19,273156,145394,127762,100711,58569,42142,90841,52488,38353,7060,4199,2861,2318,1625,693,471,249,222,21,8,13,,
C3010,33,5,0,District - Dharmapuri  05,Total,20-24,254888,130080,124808,20994,14603,6391,6518,4384,2134,12609,8924,3685,1435,1049,386,350,211,139,82,35,47,,
C3010,33,5,0,District - Dharmapuri  05,Total,25-29,261019,124668,136351,2597,1931,666,0,0,0,1587,1229,358,588,456,132,271,184,87,151,62,89,,
C3010,33,5,0,District - Dharmapuri  05,Total,30-34,209560,103914,105646,751,476,275,0,0,0,348,235,113,163,106,57,102,65,37,138,70,68,,
C3010,33,5,0,District - Dharmapuri  05,Total,35-59,734973,381035,353938,1432,948,484,0,0,0,410,308,102,299,195,104,191,134,57,532,311,221,,
C3010,33,5,0,District - Dharmapuri  05,Total,60+,224075,113056,111019,257,171,86,0,0,0,44,30,14,62,34,28,40,29,11,111,78,33,,
C3010,33,5,0,District - Dharmapuri  05,Total,Age not stated,4670,2579,2091,43,30,13,0,0,0,11,7,4,30,21,9,2,2,0,0,0,0,,
C3010,33,5,0,District - Dharmapuri  05,Rural,All ages,2400354,1240122,1160232,533938,295383,238555,514030,281093,232937,14555,10620,3935,3330,2480,850,1052,657,395,971,533,438,,
C3010,33,5,0,District - Dharmapuri  05,Rural,0-4,232340,124655,107685,8073,4499,3574,8073,4499,3574,0,0,0,0,0,0,0,0,0,0,0,0,,
C3010,33,5,0,District - Dharmapuri  05,Rural,5,49247,26632,22615,23671,12859,10812,23671,12859,10812,0,0,0,0,0,0,0,0,0,0,0,0,,
C3010,33,5,0,District - Dharmapuri  05,Rural,6,46074,24907,21167,36107,19666,16441,36107,19666,16441,0,0,0,0,0,0,0,0,0,0,0,0,,
C3010,33,5,0,District - Dharmapuri  05,Rural,7,56816,30415,26401,51523,27833,23690,51523,27833,23690,0,0,0,0,0,0,0,0,0,0,0,0,,
C3010,33,5,0,District - Dharmapuri  05,Rural,8,59250,31357,27893,54235,29061,25174,54235,29061,25174,0,0,0,0,0,0,0,0,0,0,0,0,,
C3010,33,5,0,District - Dharmapuri  05,Rural,9,53008,27881,25127,49019,26110,22909,49019,26110,22909,0,0,0,0,0,0,0,0,0,0,0,0,,
C3010,33,5,0,District - Dharmapuri  05,Rural,10,62072,33002,29070,53457,28981,24476,53457,28981,24476,0,0,0,0,0,0,0,0,0,0,0,0,,
C3010,33,5,0,District - Dharmapuri  05,Rural,11,45598,23819,21779,40705,21655,19050,40705,21655,19050,0,0,0,0,0,0,0,0,0,0,0,0,,
C3010,33,5,0,District - Dharmapuri  05,Rural,12,60037,31335,28702,47720,25556,22164,47720,25556,22164,0,0,0,0,0,0,0,0,0,0,0,0,,
C3010,33,5,0,District - Dharmapuri  05,Rural,13,51788,26733,25055,40403,21410,18993,40403,21410,18993,0,0,0,0,0,0,0,0,0,0,0,0,,
C3010,33,5,0,District - Dharmapuri  05,Rural,14,43986,23082,20904,31748,17188,14560,31748,17188,14560,0,0,0,0,0,0,0,0,0,0,0,0,,
C3010,33,5,0,District - Dharmapuri  05,Rural,15-19,228544,122590,105954,78706,47059,31647,72100,42643,29457,4653,3005,1648,1596,1215,381,340,190,150,17,6,11,,
C3010,33,5,0,District - Dharmapuri  05,Rural,20-24,210192,107826,102366,14961,10963,3998,5269,3632,1637,8435,6430,2005,947,730,217,239,140,99,71,31,40,,
C3010,33,5,0,District - Dharmapuri  05,Rural,25-29,216054,102909,113145,1789,1362,427,0,0,0,1051,861,190,413,316,97,184,128,56,141,57,84,,
C3010,33,5,0,District - Dharmapuri  05,Rural,30-34,173053,85214,87839,517,335,182,0,0,0,198,152,46,106,63,43,83,53,30,130,67,63,,
C3010,33,5,0,District - Dharmapuri  05,Rural,35-59,616091,317884,298207,1068,686,382,0,0,0,188,153,35,202,117,85,168,117,51,510,299,211,,
C3010,33,5,0,District - Dharmapuri  05,Rural,60+,192499,97778,94721,204,136,68,0,0,0,19,12,7,47,24,23,36,27,9,102,73,29,,
C3010,33,5,0,District - Dharmapuri  05,Rural,Age not stated,3705,2103,1602,32,24,8,0,0,0,11,7,4,19,15,4,2,2,0,0,0,0,,
C3010,33,5,0,District - Dharmapuri  05,Urban,All ages,455946,233475,222471,112347,58736,53611,102829,53170,49659,7514,4312,3202,1565,1006,559,375,217,158,64,31,33,,
C3010,33,5,0,District - Dharmapuri  05,Urban,0-4,41027,21185,19842,3451,1792,1659,3451,1792,1659,0,0,0,0,0,0,0,0,0,0,0,0,,
C3010,33,5,0,District - Dharmapuri  05,Urban,5,9402,4997,4405,5009,2645,2364,5009,2645,2364,0,0,0,0,0,0,0,0,0,0,0,0,,
C3010,33,5,0,District - Dharmapuri  05,Urban,6,8485,4453,4032,6718,3517,3201,6718,3517,3201,0,0,0,0,0,0,0,0,0,0,0,0,,
C3010,33,5,0,District - Dharmapuri  05,Urban,7,9696,5099,4597,8992,4739,4253,8992,4739,4253,0,0,0,0,0,0,0,0,0,0,0,0,,
C3010,33,5,0,District - Dharmapuri  05,Urban,8,9767,4962,4805,9199,4666,4533,9199,4666,4533,0,0,0,0,0,0,0,0,0,0,0,0,,
C3010,33,5,0,District - Dharmapuri  05,Urban,9,8705,4468,4237,8259,4234,4025,8259,4234,4025,0,0,0,0,0,0,0,0,0,0,0,0,,
C3010,33,5,0,District - Dharmapuri  05,Urban,10,10870,5643,5227,9963,5166,4797,9963,5166,4797,0,0,0,0,0,0,0,0,0,0,0,0,,
C3010,33,5,0,District - Dharmapuri  05,Urban,11,8310,4222,4088,7744,3912,3832,7744,3912,3832,0,0,0,0,0,0,0,0,0,0,0,0,,
C3010,33,5,0,District - Dharmapuri  05,Urban,12,10067,5201,4866,8794,4519,4275,8794,4519,4275,0,0,0,0,0,0,0,0,0,0,0,0,,
C3010,33,5,0,District - Dharmapuri  05,Urban,13,9029,4508,4521,7810,3883,3927,7810,3883,3927,0,0,0,0,0,0,0,0,0,0,0,0,,
C3010,33,5,0,District - Dharmapuri  05,Urban,14,8385,4315,4070,6900,3500,3400,6900,3500,3400,0,0,0,0,0,0,0,0,0,0,0,0,,
C3010,33,5,0,District - Dharmapuri  05,Urban,15-19,44612,22804,21808,22005,11510,10495,18741,9845,8896,2407,1194,1213,722,410,312,131,59,72,4,2,2,,
C3010,33,5,0,District - Dharmapuri  05,Urban,20-24,44696,22254,22442,6033,3640,2393,1249,752,497,4174,2494,1680,488,319,169,111,71,40,11,4,7,,
C3010,33,5,0,District - Dharmapuri  05,Urban,25-29,44965,21759,23206,808,569,239,0,0,0,536,368,168,175,140,35,87,56,31,10,5,5,,
C3010,33,5,0,District - Dharmapuri  05,Urban,30-34,36507,18700,17807,234,141,93,0,0,0,150,83,67,57,43,14,19,12,7,8,3,5,,
C3010,33,5,0,District - Dharmapuri  05,Urban,35-59,118882,63151,55731,364,262,102,0,0,0,222,155,67,97,78,19,23,17,6,22,12,10,,
C3010,33,5,0,District - Dharmapuri  05,Urban,60+,31576,15278,16298,53,35,18,0,0,0,25,18,7,15,10,5,4,2,2,9,5,4,,
C3010,33,5,0,District - Dharmapuri  05,Urban,Age not stated,965,476,489,11,6,5,0,0,0,0,0,0,11,6,5,0,0,0,0,0,0,,
C3010,33,6,0,District - Tiruvannamalai  06,Total,All ages,2186125,1095859,1090266,482468,257246,225222,463851,244167,219684,10784,7519,3265,5903,4466,1437,1345,817,528,585,277,308,,
C3010,33,6,0,District - Tiruvannamalai  06,Total,0-4,184509,94596,89913,8051,4340,3711,8051,4340,3711,0,0,0,0,0,0,0,0,0,0,0,0,,
C3010,33,6,0,District - Tiruvannamalai  06,Total,5,38631,19995,18636,19780,10309,9471,19780,10309,9471,0,0,0,0,0,0,0,0,0,0,0,0,,
C3010,33,6,0,District - Tiruvannamalai  06,Total,6,38155,19564,18591,31027,16019,15008,31027,16019,15008,0,0,0,0,0,0,0,0,0,0,0,0,,
C3010,33,6,0,District - Tiruvannamalai  06,Total,7,45645,23409,22236,42269,21766,20503,42269,21766,20503,0,0,0,0,0,0,0,0,0,0,0,0,,
C3010,33,6,0,District - Tiruvannamalai  06,Total,8,47712,24220,23492,44923,22870,22053,44923,22870,22053,0,0,0,0,0,0,0,0,0,0,0,0,,
C3010,33,6,0,District - Tiruvannamalai  06,Total,9,44222,22508,21714,41951,21422,20529,41951,21422,20529,0,0,0,0,0,0,0,0,0,0,0,0,,
C3010,33,6,0,District - Tiruvannamalai  06,Total,10,51708,26740,24968,46899,24456,22443,46899,24456,22443,0,0,0,0,0,0,0,0,0,0,0,0,,
C3010,33,6,0,District - Tiruvannamalai  06,Total,11,40213,20555,19658,37127,19158,17969,37127,19158,17969,0,0,0,0,0,0,0,0,0,0,0,0,,
C3010,33,6,0,District - Tiruvannamalai  06,Total,12,51583,26651,24932,44072,23245,20827,44072,23245,20827,0,0,0,0,0,0,0,0,0,0,0,0,,
C3010,33,6,0,District - Tiruvannamalai  06,Total,13,48352,24041,24311,39959,20409,19550,39959,20409,19550,0,0,0,0,0,0,0,0,0,0,0,0,,
C3010,33,6,0,District - Tiruvannamalai  06,Total,14,41584,21180,20404,31846,16752,15094,31846,16752,15094,0,0,0,0,0,0,0,0,0,0,0,0,,
C3010,33,6,0,District - Tiruvannamalai  06,Total,15-19,229652,116396,113256,77966,45223,32743,69646,39390,30256,4384,3011,1373,3453,2579,874,462,236,226,21,7,14,,
C3010,33,6,0,District - Tiruvannamalai  06,Total,20-24,198418,100970,97448,14201,9608,4593,6301,4031,2270,5653,3918,1735,1804,1409,395,393,228,165,50,22,28,,
C3010,33,6,0,District - Tiruvannamalai  06,Total,25-29,183206,88933,94273,1153,872,281,0,0,0,509,411,98,356,281,75,232,162,70,56,18,38,,
C3010,33,6,0,District - Tiruvannamalai  06,Total,30-34,142772,69415,73357,317,201,116,0,0,0,97,74,23,65,47,18,86,58,28,69,22,47,,
C3010,33,6,0,District - Tiruvannamalai  06,Total,35-59,585377,289698,295679,672,428,244,0,0,0,123,92,31,124,77,47,144,114,30,281,145,136,,
C3010,33,6,0,District - Tiruvannamalai  06,Total,60+,205050,102124,102926,194,121,73,0,0,0,12,11,1,59,35,24,21,16,5,102,59,43,,
C3010,33,6,0,District - Tiruvannamalai  06,Total,Age not stated,9336,4864,4472,61,47,14,0,0,0,6,2,4,42,38,4,7,3,4,6,4,2,,
C3010,33,6,0,District - Tiruvannamalai  06,Rural,All ages,1785364,895738,889626,387375,208021,179354,374635,198602,176033,7181,5393,1788,4065,3153,912,966,617,349,528,256,272,,
C3010,33,6,0,District - Tiruvannamalai  06,Rural,0-4,152411,78279,74132,5292,2895,2397,5292,2895,2397,0,0,0,0,0,0,0,0,0,0,0,0,,
C3010,33,6,0,District - Tiruvannamalai  06,Rural,5,31363,16273,15090,15846,8245,7601,15846,8245,7601,0,0,0,0,0,0,0,0,0,0,0,0,,
C3010,33,6,0,District - Tiruvannamalai  06,Rural,6,31664,16249,15415,25962,13432,12530,25962,13432,12530,0,0,0,0,0,0,0,0,0,0,0,0,,
C3010,33,6,0,District - Tiruvannamalai  06,Rural,7,38088,19567,18521,35267,18207,17060,35267,18207,17060,0,0,0,0,0,0,0,0,0,0,0,0,,
C3010,33,6,0,District - Tiruvannamalai  06,Rural,8,39911,20280,19631,37560,19159,18401,37560,19159,18401,0,0,0,0,0,0,0,0,0,0,0,0,,
C3010,33,6,0,District - Tiruvannamalai  06,Rural,9,37257,18984,18273,35308,18070,17238,35308,18070,17238,0,0,0,0,0,0,0,0,0,0,0,0,,
C3010,33,6,0,District - Tiruvannamalai  06,Rural,10,42762,22107,20655,38653,20168,18485,38653,20168,18485,0,0,0,0,0,0,0,0,0,0,0,0,,
C3010,33,6,0,District - Tiruvannamalai  06,Rural,11,32933,16879,16054,30295,15693,14602,30295,15693,14602,0,0,0,0,0,0,0,0,0,0,0,0,,
C3010,33,6,0,District - Tiruvannamalai  06,Rural,12,42530,22012,20518,36107,19129,16978,36107,19129,16978,0,0,0,0,0,0,0,0,0,0,0,0,,
C3010,33,6,0,District - Tiruvannamalai  06,Rural,13,39541,19706,19835,32363,16651,15712,32363,16651,15712,0,0,0,0,0,0,0,0,0,0,0,0,,
C3010,33,6,0,District - Tiruvannamalai  06,Rural,14,33706,17320,16386,25387,13583,11804,25387,13583,11804,0,0,0,0,0,0,0,0,0,0,0,0,,
C3010,33,6,0,District - Tiruvannamalai  06,Rural,15-19,186153,94711,91442,58039,34745,23294,52146,30381,21765,3043,2270,773,2508,1917,591,327,174,153,15,3,12,,
C3010,33,6,0,District - Tiruvannamalai  06,Rural,20-24,158249,81134,77115,9476,6751,2725,4449,2989,1460,3659,2717,942,1072,869,203,249,155,94,47,21,26,,
C3010,33,6,0,District - Tiruvannamalai  06,Rural,25-29,146153,71131,75022,803,634,169,0,0,0,341,296,45,242,199,43,171,122,49,49,17,32,,
C3010,33,6,0,District - Tiruvannamalai  06,Rural,30-34,114287,55275,59012,239,151,88,0,0,0,59,47,12,44,32,12,73,53,20,63,19,44,,
C3010,33,6,0,District - Tiruvannamalai  06,Rural,35-59,478123,235351,242772,549,354,195,0,0,0,67,54,13,104,66,38,123,99,24,255,135,120,,
C3010,33,6,0,District - Tiruvannamalai  06,Rural,60+,171501,85919,85582,172,108,64,0,0,0,8,7,1,53,32,21,16,11,5,95,58,37,,
C3010,33,6,0,District - Tiruvannamalai  06,Rural,Age not stated,8732,4561,4171,57,46,11,0,0,0,4,2,2,42,38,4,7,3,4,4,3,1,,
C3010,33,6,0,District - Tiruvannamalai  06,Urban,All ages,400761,200121,200640,95093,49225,45868,89216,45565,43651,3603,2126,1477,1838,1313,525,379,200,179,57,21,36,,
C3010,33,6,0,District - Tiruvannamalai  06,Urban,0-4,32098,16317,15781,2759,1445,1314,2759,1445,1314,0,0,0,0,0,0,0,0,0,0,0,0,,
C3010,33,6,0,District - Tiruvannamalai  06,Urban,5,7268,3722,3546,3934,2064,1870,3934,2064,1870,0,0,0,0,0,0,0,0,0,0,0,0,,
C3010,33,6,0,District - Tiruvannamalai  06,Urban,6,6491,3315,3176,5065,2587,2478,5065,2587,2478,0,0,0,0,0,0,0,0,0,0,0,0,,
C3010,33,6,0,District - Tiruvannamalai  06,Urban,7,7557,3842,3715,7002,3559,3443,7002,3559,3443,0,0,0,0,0,0,0,0,0,0,0,0,,
C3010,33,6,0,District - Tiruvannamalai  06,Urban,8,7801,3940,3861,7363,3711,3652,7363,3711,3652,0,0,0,0,0,0,0,0,0,0,0,0,,
C3010,33,6,0,District - Tiruvannamalai  06,Urban,9,6965,3524,3441,6643,3352,3291,6643,3352,3291,0,0,0,0,0,0,0,0,0,0,0,0,,
C3010,33,6,0,District - Tiruvannamalai  06,Urban,10,8946,4633,4313,8246,4288,3958,8246,4288,3958,0,0,0,0,0,0,0,0,0,0,0,0,,
C3010,33,6,0,District - Tiruvannamalai  06,Urban,11,7280,3676,3604,6832,3465,3367,6832,3465,3367,0,0,0,0,0,0,0,0,0,0,0,0,,
C3010,33,6,0,District - Tiruvannamalai  06,Urban,12,9053,4639,4414,7965,4116,3849,7965,4116,3849,0,0,0,0,0,0,0,0,0,0,0,0,,
C3010,33,6,0,District - Tiruvannamalai  06,Urban,13,8811,4335,4476,7596,3758,3838,7596,3758,3838,0,0,0,0,0,0,0,0,0,0,0,0,,
C3010,33,6,0,District - Tiruvannamalai  06,Urban,14,7878,3860,4018,6459,3169,3290,6459,3169,3290,0,0,0,0,0,0,0,0,0,0,0,0,,
C3010,33,6,0,District - Tiruvannamalai  06,Urban,15-19,43499,21685,21814,19927,10478,9449,17500,9009,8491,1341,741,600,945,662,283,135,62,73,6,4,2,,
C3010,33,6,0,District - Tiruvannamalai  06,Urban,20-24,40169,19836,20333,4725,2857,1868,1852,1042,810,1994,1201,793,732,540,192,144,73,71,3,1,2,,
C3010,33,6,0,District - Tiruvannamalai  06,Urban,25-29,37053,17802,19251,350,238,112,0,0,0,168,115,53,114,82,32,61,40,21,7,1,6,,
C3010,33,6,0,District - Tiruvannamalai  06,Urban,30-34,28485,14140,14345,78,50,28,0,0,0,38,27,11,21,15,6,13,5,8,6,3,3,,
C3010,33,6,0,District - Tiruvannamalai  06,Urban,35-59,107254,54347,52907,123,74,49,0,0,0,56,38,18,20,11,9,21,15,6,26,10,16,,
C3010,33,6,0,District - Tiruvannamalai  06,Urban,60+,33549,16205,17344,22,13,9,0,0,0,4,4,0,6,3,3,5,5,0,7,1,6,,
C3010,33,6,0,District - Tiruvannamalai  06,Urban,Age not stated,604,303,301,4,1,3,0,0,0,2,0,2,0,0,0,0,0,0,2,1,1,,
C3010,33,7,0,District - Viluppuram  07,Total,All ages,2960373,1492442,1467931,660939,355264,305675,634803,337788,297015,18082,12104,5978,5408,3985,1423,1505,835,670,1141,552,589,,
C3010,33,7,0,District - Viluppuram  07,Total,0-4,266073,135102,130971,12437,6660,5777,12437,6660,5777,0,0,0,0,0,0,0,0,0,0,0,0,,
C3010,33,7,0,District - Viluppuram  07,Total,5,54140,27908,26232,24259,12715,11544,24259,12715,11544,0,0,0,0,0,0,0,0,0,0,0,0,,
C3010,33,7,0,District - Viluppuram  07,Total,6,52962,27247,25715,41255,21393,19862,41255,21393,19862,0,0,0,0,0,0,0,0,0,0,0,0,,
C3010,33,7,0,District - Viluppuram  07,Total,7,62234,31882,30352,55610,28776,26834,55610,28776,26834,0,0,0,0,0,0,0,0,0,0,0,0,,
C3010,33,7,0,District - Viluppuram  07,Total,8,67526,33909,33617,61928,31388,30540,61928,31388,30540,0,0,0,0,0,0,0,0,0,0,0,0,,
C3010,33,7,0,District - Viluppuram  07,Total,9,61261,31140,30121,56958,29272,27686,56958,29272,27686,0,0,0,0,0,0,0,0,0,0,0,0,,
C3010,33,7,0,District - Viluppuram  07,Total,10,76200,38877,37323,66905,34886,32019,66905,34886,32019,0,0,0,0,0,0,0,0,0,0,0,0,,
C3010,33,7,0,District - Viluppuram  07,Total,11,53554,27683,25871,48558,25508,23050,48558,25508,23050,0,0,0,0,0,0,0,0,0,0,0,0,,
C3010,33,7,0,District - Viluppuram  07,Total,12,72765,37553,35212,60451,32270,28181,60451,32270,28181,0,0,0,0,0,0,0,0,0,0,0,0,,
C3010,33,7,0,District - Viluppuram  07,Total,13,64730,32778,31952,52508,27662,24846,52508,27662,24846,0,0,0,0,0,0,0,0,0,0,0,0,,
C3010,33,7,0,District - Viluppuram  07,Total,14,55034,28282,26752,41711,22542,19169,41711,22542,19169,0,0,0,0,0,0,0,0,0,0,0,0,,
C3010,33,7,0,District - Viluppuram  07,Total,15-19,314123,157985,156138,112722,65071,47651,103291,58991,44300,6284,3876,2408,2505,1881,624,592,306,286,50,17,33,,
C3010,33,7,0,District - Viluppuram  07,Total,20-24,269907,137424,132483,21052,14046,7006,8932,5725,3207,9917,6783,3134,1690,1290,400,405,208,197,108,40,68,,
C3010,33,7,0,District - Viluppuram  07,Total,25-29,255123,124036,131087,2248,1676,572,0,0,0,1265,990,275,570,449,121,263,169,94,150,68,82,,
C3010,33,7,0,District - Viluppuram  07,Total,30-34,197640,97590,100050,641,412,229,0,0,0,255,188,67,166,115,51,96,57,39,124,52,72,,
C3010,33,7,0,District - Viluppuram  07,Total,35-59,771071,385083,385988,1264,723,541,0,0,0,264,204,60,330,158,172,105,67,38,565,294,271,,
C3010,33,7,0,District - Viluppuram  07,Total,60+,250144,129903,120241,334,203,131,0,0,0,43,29,14,124,76,48,31,22,9,136,76,60,,
C3010,33,7,0,District - Viluppuram  07,Total,Age not stated,15886,8060,7826,98,61,37,0,0,0,54,34,20,23,16,7,13,6,7,8,5,3,,
C3010,33,7,0,District - Viluppuram  07,Rural,All ages,2533456,1277415,1256041,555197,299960,255237,537577,287526,250051,11858,8571,3287,3734,2779,955,943,560,383,1085,524,561,,
C3010,33,7,0,District - Viluppuram  07,Rural,0-4,230864,117346,113518,9376,5063,4313,9376,5063,4313,0,0,0,0,0,0,0,0,0,0,0,0,,
C3010,33,7,0,District - Viluppuram  07,Rural,5,46480,23979,22501,20319,10717,9602,20319,10717,9602,0,0,0,0,0,0,0,0,0,0,0,0,,
C3010,33,7,0,District - Viluppuram  07,Rural,6,46107,23723,22384,35998,18668,17330,35998,18668,17330,0,0,0,0,0,0,0,0,0,0,0,0,,
C3010,33,7,0,District - Viluppuram  07,Rural,7,54232,27800,26432,48206,24989,23217,48206,24989,23217,0,0,0,0,0,0,0,0,0,0,0,0,,
C3010,33,7,0,District - Viluppuram  07,Rural,8,59127,29564,29563,53928,27242,26686,53928,27242,26686,0,0,0,0,0,0,0,0,0,0,0,0,,
C3010,33,7,0,District - Viluppuram  07,Rural,9,53843,27339,26504,49844,25619,24225,49844,25619,24225,0,0,0,0,0,0,0,0,0,0,0,0,,
C3010,33,7,0,District - Viluppuram  07,Rural,10,66401,33813,32588,57750,30123,27627,57750,30123,27627,0,0,0,0,0,0,0,0,0,0,0,0,,
C3010,33,7,0,District - Viluppuram  07,Rural,11,45971,23803,22168,41398,21853,19545,41398,21853,19545,0,0,0,0,0,0,0,0,0,0,0,0,,
C3010,33,7,0,District - Viluppuram  07,Rural,12,63001,32555,30446,51523,27681,23842,51523,27681,23842,0,0,0,0,0,0,0,0,0,0,0,0,,
C3010,33,7,0,District - Viluppuram  07,Rural,13,55642,28228,27414,44309,23536,20773,44309,23536,20773,0,0,0,0,0,0,0,0,0,0,0,0,,
C3010,33,7,0,District - Viluppuram  07,Rural,14,46857,24038,22819,34663,18856,15807,34663,18856,15807,0,0,0,0,0,0,0,0,0,0,0,0,,
C3010,33,7,0,District - Viluppuram  07,Rural,15-19,267984,134725,133259,89317,52685,36632,83127,48457,34670,4084,2719,1365,1696,1293,403,364,201,163,46,15,31,,
C3010,33,7,0,District - Viluppuram  07,Rural,20-24,227162,116182,110980,15061,10556,4505,7136,4722,2414,6480,4805,1675,1085,845,240,258,146,112,102,38,64,,
C3010,33,7,0,District - Viluppuram  07,Rural,25-29,214584,104590,109994,1627,1247,380,0,0,0,894,732,162,431,343,88,161,109,52,141,63,78,,
C3010,33,7,0,District - Viluppuram  07,Rural,30-34,165521,81518,84003,472,311,161,0,0,0,173,137,36,128,89,39,55,36,19,116,49,67,,
C3010,33,7,0,District - Viluppuram  07,Rural,35-59,657866,327153,330713,1049,595,454,0,0,0,168,137,31,271,132,139,67,44,23,543,282,261,,
C3010,33,7,0,District - Viluppuram  07,Rural,60+,217221,113650,103571,279,170,109,0,0,0,18,13,5,105,65,40,26,19,7,130,73,57,,
C3010,33,7,0,District - Viluppuram  07,Rural,Age not stated,14593,7409,7184,78,49,29,0,0,0,41,28,13,18,12,6,12,5,7,7,4,3,,
C3010,33,7,0,District - Viluppuram  07,Urban,All ages,426917,215027,211890,105742,55304,50438,97226,50262,46964,6224,3533,2691,1674,1206,468,562,275,287,56,28,28,,
C3010,33,7,0,District - Viluppuram  07,Urban,0-4,35209,17756,17453,3061,1597,1464,3061,1597,1464,0,0,0,0,0,0,0,0,0,0,0,0,,
C3010,33,7,0,District - Viluppuram  07,Urban,5,7660,3929,3731,3940,1998,1942,3940,1998,1942,0,0,0,0,0,0,0,0,0,0,0,0,,
C3010,33,7,0,District - Viluppuram  07,Urban,6,6855,3524,3331,5257,2725,2532,5257,2725,2532,0,0,0,0,0,0,0,0,0,0,0,0,,
C3010,33,7,0,District - Viluppuram  07,Urban,7,8002,4082,3920,7404,3787,3617,7404,3787,3617,0,0,0,0,0,0,0,0,0,0,0,0,,
C3010,33,7,0,District - Viluppuram  07,Urban,8,8399,4345,4054,8000,4146,3854,8000,4146,3854,0,0,0,0,0,0,0,0,0,0,0,0,,
C3010,33,7,0,District - Viluppuram  07,Urban,9,7418,3801,3617,7114,3653,3461,7114,3653,3461,0,0,0,0,0,0,0,0,0,0,0,0,,
C3010,33,7,0,District - Viluppuram  07,Urban,10,9799,5064,4735,9155,4763,4392,9155,4763,4392,0,0,0,0,0,0,0,0,0,0,0,0,,
C3010,33,7,0,District - Viluppuram  07,Urban,11,7583,3880,3703,7160,3655,3505,7160,3655,3505,0,0,0,0,0,0,0,0,0,0,0,0,,
C3010,33,7,0,District - Viluppuram  07,Urban,12,9764,4998,4766,8928,4589,4339,8928,4589,4339,0,0,0,0,0,0,0,0,0,0,0,0,,
C3010,33,7,0,District - Viluppuram  07,Urban,13,9088,4550,4538,8199,4126,4073,8199,4126,4073,0,0,0,0,0,0,0,0,0,0,0,0,,
C3010,33,7,0,District - Viluppuram  07,Urban,14,8177,4244,3933,7048,3686,3362,7048,3686,3362,0,0,0,0,0,0,0,0,0,0,0,0,,
C3010,33,7,0,District - Viluppuram  07,Urban,15-19,46139,23260,22879,23405,12386,11019,20164,10534,9630,2200,1157,1043,809,588,221,228,105,123,4,2,2,,
C3010,33,7,0,District - Viluppuram  07,Urban,20-24,42745,21242,21503,5991,3490,2501,1796,1003,793,3437,1978,1459,605,445,160,147,62,85,6,2,4,,
C3010,33,7,0,District - Viluppuram  07,Urban,25-29,40539,19446,21093,621,429,192,0,0,0,371,258,113,139,106,33,102,60,42,9,5,4,,
C3010,33,7,0,District - Viluppuram  07,Urban,30-34,32119,16072,16047,169,101,68,0,0,0,82,51,31,38,26,12,41,21,20,8,3,5,,
C3010,33,7,0,District - Viluppuram  07,Urban,35-59,113205,57930,55275,215,128,87,0,0,0,96,67,29,59,26,33,38,23,15,22,12,10,,
C3010,33,7,0,District - Viluppuram  07,Urban,60+,32923,16253,16670,55,33,22,0,0,0,25,16,9,19,11,8,5,3,2,6,3,3,,
C3010,33,7,0,District - Viluppuram  07,Urban,Age not stated,1293,651,642,20,12,8,0,0,0,13,6,7,5,4,1,1,1,0,1,1,0,,
C3010,33,8,0,District - Salem  08,Total,All ages,3016346,1563633,1452713,608404,340323,268081,566795,313632,253163,31951,20452,11499,6711,4464,2247,2249,1370,879,698,405,293,,
C3010,33,8,0,District - Salem  08,Total,0-4,243789,131674,112115,12620,6796,5824,12620,6796,5824,0,0,0,0,0,0,0,0,0,0,0,0,,
C3010,33,8,0,District - Salem  08,Total,5,56120,30491,25629,23382,12719,10663,23382,12719,10663,0,0,0,0,0,0,0,0,0,0,0,0,,
C3010,33,8,0,District - Salem  08,Total,6,51950,27964,23986,38122,20586,17536,38122,20586,17536,0,0,0,0,0,0,0,0,0,0,0,0,,
C3010,33,8,0,District - Salem  08,Total,7,56352,30283,26069,49671,26878,22793,49671,26878,22793,0,0,0,0,0,0,0,0,0,0,0,0,,
C3010,33,8,0,District - Salem  08,Total,8,59278,31447,27831,53860,28738,25122,53860,28738,25122,0,0,0,0,0,0,0,0,0,0,0,0,,
C3010,33,8,0,District - Salem  08,Total,9,53184,28770,24414,48678,26547,22131,48678,26547,22131,0,0,0,0,0,0,0,0,0,0,0,0,,
C3010,33,8,0,District - Salem  08,Total,10,66120,36440,29680,57442,31957,25485,57442,31957,25485,0,0,0,0,0,0,0,0,0,0,0,0,,
C3010,33,8,0,District - Salem  08,Total,11,49376,26873,22503,43645,24009,19636,43645,24009,19636,0,0,0,0,0,0,0,0,0,0,0,0,,
C3010,33,8,0,District - Salem  08,Total,12,63542,35179,28363,51800,28982,22818,51800,28982,22818,0,0,0,0,0,0,0,0,0,0,0,0,,
C3010,33,8,0,District - Salem  08,Total,13,57045,30957,26088,44695,24642,20053,44695,24642,20053,0,0,0,0,0,0,0,0,0,0,0,0,,
C3010,33,8,0,District - Salem  08,Total,14,50192,27211,22981,36720,20248,16472,36720,20248,16472,0,0,0,0,0,0,0,0,0,0,0,0,,
C3010,33,8,0,District - Salem  08,Total,15-19,283892,153905,129987,114034,65892,48142,98814,56948,41866,10707,6079,4628,3612,2352,1260,879,502,377,22,11,11,,
C3010,33,8,0,District - Salem  08,Total,20-24,269879,137565,132314,27898,18172,9726,7346,4582,2764,18175,12063,6112,1777,1175,602,536,322,214,64,30,34,,
C3010,33,8,0,District - Salem  08,Total,25-29,278137,134265,143872,3135,2362,773,0,0,0,1936,1495,441,706,563,143,412,272,140,81,32,49,,
C3010,33,8,0,District - Salem  08,Total,30-34,229357,115503,113854,775,543,232,0,0,0,388,293,95,176,121,55,128,75,53,83,54,29,,
C3010,33,8,0,District - Salem  08,Total,35-59,865454,442876,422578,1461,951,510,0,0,0,573,411,162,306,178,128,227,153,74,355,209,146,,
C3010,33,8,0,District - Salem  08,Total,60+,268793,134837,133956,334,217,117,0,0,0,94,60,34,103,53,50,46,36,10,91,68,23,,
C3010,33,8,0,District - Salem  08,Total,Age not stated,13886,7393,6493,132,84,48,0,0,0,78,51,27,31,22,9,21,10,11,2,1,1,,
C3010,33,8,0,District - Salem  08,Rural,All ages,1626162,852453,773709,316682,183331,133351,302789,173291,129498,10559,7684,2875,2079,1514,565,844,577,267,411,265,146,,
C3010,33,8,0,District - Salem  08,Rural,0-4,136130,75025,61105,4885,2682,2203,4885,2682,2203,0,0,0,0,0,0,0,0,0,0,0,0,,
C3010,33,8,0,District - Salem  08,Rural,5,30659,17086,13573,12026,6721,5305,12026,6721,5305,0,0,0,0,0,0,0,0,0,0,0,0,,
C3010,33,8,0,District - Salem  08,Rural,6,28817,15920,12897,21566,11930,9636,21566,11930,9636,0,0,0,0,0,0,0,0,0,0,0,0,,
C3010,33,8,0,District - Salem  08,Rural,7,31446,17101,14345,27634,15148,12486,27634,15148,12486,0,0,0,0,0,0,0,0,0,0,0,0,,
C3010,33,8,0,District - Salem  08,Rural,8,33205,18057,15148,30050,16447,13603,30050,16447,13603,0,0,0,0,0,0,0,0,0,0,0,0,,
C3010,33,8,0,District - Salem  08,Rural,9,29805,16468,13337,27247,15208,12039,27247,15208,12039,0,0,0,0,0,0,0,0,0,0,0,0,,
C3010,33,8,0,District - Salem  08,Rural,10,37270,20916,16354,31968,18206,13762,31968,18206,13762,0,0,0,0,0,0,0,0,0,0,0,0,,
C3010,33,8,0,District - Salem  08,Rural,11,26504,14777,11727,23391,13245,10146,23391,13245,10146,0,0,0,0,0,0,0,0,0,0,0,0,,
C3010,33,8,0,District - Salem  08,Rural,12,35541,20255,15286,28477,16537,11940,28477,16537,11940,0,0,0,0,0,0,0,0,0,0,0,0,,
C3010,33,8,0,District - Salem  08,Rural,13,31020,17323,13697,23868,13715,10153,23868,13715,10153,0,0,0,0,0,0,0,0,0,0,0,0,,
C3010,33,8,0,District - Salem  08,Rural,14,26836,15043,11793,19108,11053,8055,19108,11053,8055,0,0,0,0,0,0,0,0,0,0,0,0,,
C3010,33,8,0,District - Salem  08,Rural,15-19,151480,84312,67168,53435,33060,20375,48543,29744,18799,3509,2299,1210,1010,768,242,359,243,116,14,6,8,,
C3010,33,8,0,District - Salem  08,Rural,20-24,141051,73492,67559,10737,7677,3060,4026,2655,1371,5969,4506,1463,502,350,152,201,145,56,39,21,18,,
C3010,33,8,0,District - Salem  08,Rural,25-29,146697,71116,75581,1192,944,248,0,0,0,728,602,126,291,237,54,127,88,39,46,17,29,,
C3010,33,8,0,District - Salem  08,Rural,30-34,118863,59536,59327,314,229,85,0,0,0,133,107,26,75,49,26,51,35,16,55,38,17,,
C3010,33,8,0,District - Salem  08,Rural,35-59,463500,235417,228083,610,408,202,0,0,0,179,144,35,148,80,68,83,49,34,200,135,65,,
C3010,33,8,0,District - Salem  08,Rural,60+,150935,77029,73906,143,100,43,0,0,0,27,15,12,47,27,20,13,11,2,56,47,9,,
C3010,33,8,0,District - Salem  08,Rural,Age not stated,6403,3580,2823,31,21,10,0,0,0,14,11,3,6,3,3,10,6,4,1,1,0,,
C3010,33,8,0,District - Salem  08,Urban,All ages,1390184,711180,679004,291722,156992,134730,264006,140341,123665,21392,12768,8624,4632,2950,1682,1405,793,612,287,140,147,,
C3010,33,8,0,District - Salem  08,Urban,0-4,107659,56649,51010,7735,4114,3621,7735,4114,3621,0,0,0,0,0,0,0,0,0,0,0,0,,
C3010,33,8,0,District - Salem  08,Urban,5,25461,13405,12056,11356,5998,5358,11356,5998,5358,0,0,0,0,0,0,0,0,0,0,0,0,,
C3010,33,8,0,District - Salem  08,Urban,6,23133,12044,11089,16556,8656,7900,16556,8656,7900,0,0,0,0,0,0,0,0,0,0,0,0,,
C3010,33,8,0,District - Salem  08,Urban,7,24906,13182,11724,22037,11730,10307,22037,11730,10307,0,0,0,0,0,0,0,0,0,0,0,0,,
C3010,33,8,0,District - Salem  08,Urban,8,26073,13390,12683,23810,12291,11519,23810,12291,11519,0,0,0,0,0,0,0,0,0,0,0,0,,
C3010,33,8,0,District - Salem  08,Urban,9,23379,12302,11077,21431,11339,10092,21431,11339,10092,0,0,0,0,0,0,0,0,0,0,0,0,,
C3010,33,8,0,District - Salem  08,Urban,10,28850,15524,13326,25474,13751,11723,25474,13751,11723,0,0,0,0,0,0,0,0,0,0,0,0,,
C3010,33,8,0,District - Salem  08,Urban,11,22872,12096,10776,20254,10764,9490,20254,10764,9490,0,0,0,0,0,0,0,0,0,0,0,0,,
C3010,33,8,0,District - Salem  08,Urban,12,28001,14924,13077,23323,12445,10878,23323,12445,10878,0,0,0,0,0,0,0,0,0,0,0,0,,
C3010,33,8,0,District - Salem  08,Urban,13,26025,13634,12391,20827,10927,9900,20827,10927,9900,0,0,0,0,0,0,0,0,0,0,0,0,,
C3010,33,8,0,District - Salem  08,Urban,14,23356,12168,11188,17612,9195,8417,17612,9195,8417,0,0,0,0,0,0,0,0,0,0,0,0,,
C3010,33,8,0,District - Salem  08,Urban,15-19,132412,69593,62819,60599,32832,27767,50271,27204,23067,7198,3780,3418,2602,1584,1018,520,259,261,8,5,3,,
C3010,33,8,0,District - Salem  08,Urban,20-24,128828,64073,64755,17161,10495,6666,3320,1927,1393,12206,7557,4649,1275,825,450,335,177,158,25,9,16,,
C3010,33,8,0,District - Salem  08,Urban,25-29,131440,63149,68291,1943,1418,525,0,0,0,1208,893,315,415,326,89,285,184,101,35,15,20,,
C3010,33,8,0,District - Salem  08,Urban,30-34,110494,55967,54527,461,314,147,0,0,0,255,186,69,101,72,29,77,40,37,28,16,12,,
C3010,33,8,0,District - Salem  08,Urban,35-59,401954,207459,194495,851,543,308,0,0,0,394,267,127,158,98,60,144,104,40,155,74,81,,
C3010,33,8,0,District - Salem  08,Urban,60+,117858,57808,60050,191,117,74,0,0,0,67,45,22,56,26,30,33,25,8,35,21,14,,
C3010,33,8,0,District - Salem  08,Urban,Age not stated,7483,3813,3670,101,63,38,0,0,0,64,40,24,25,19,6,11,4,7,1,0,1,,
C3010,33,9,0,District - Namakkal   *  09,Total,All ages,1493462,759551,733911,291539,159781,131758,260735,141127,119608,23454,14369,9085,5664,3410,2254,1095,566,529,591,309,282,,
C3010,33,9,0,District - Namakkal   *  09,Total,0-4,105782,55947,49835,5302,2837,2465,5302,2837,2465,0,0,0,0,0,0,0,0,0,0,0,0,,
C3010,33,9,0,District - Namakkal   *  09,Total,5,24405,12995,11410,9782,5314,4468,9782,5314,4468,0,0,0,0,0,0,0,0,0,0,0,0,,
C3010,33,9,0,District - Namakkal   *  09,Total,6,22498,11867,10631,16355,8660,7695,16355,8660,7695,0,0,0,0,0,0,0,0,0,0,0,0,,
C3010,33,9,0,District - Namakkal   *  09,Total,7,24634,12864,11770,22169,11642,10527,22169,11642,10527,0,0,0,0,0,0,0,0,0,0,0,0,,
C3010,33,9,0,District - Namakkal   *  09,Total,8,24746,13007,11739,22959,12106,10853,22959,12106,10853,0,0,0,0,0,0,0,0,0,0,0,0,,
C3010,33,9,0,District - Namakkal   *  09,Total,9,23337,12277,11060,21720,11525,10195,21720,11525,10195,0,0,0,0,0,0,0,0,0,0,0,0,,
C3010,33,9,0,District - Namakkal   *  09,Total,10,28149,15201,12948,24941,13666,11275,24941,13666,11275,0,0,0,0,0,0,0,0,0,0,0,0,,
C3010,33,9,0,District - Namakkal   *  09,Total,11,21733,11556,10177,19533,10479,9054,19533,10479,9054,0,0,0,0,0,0,0,0,0,0,0,0,,
C3010,33,9,0,District - Namakkal   *  09,Total,12,27445,14569,12876,23257,12529,10728,23257,12529,10728,0,0,0,0,0,0,0,0,0,0,0,0,,
C3010,33,9,0,District - Namakkal   *  09,Total,13,25047,13152,11895,20452,10931,9521,20452,10931,9521,0,0,0,0,0,0,0,0,0,0,0,0,,
C3010,33,9,0,District - Namakkal   *  09,Total,14,22487,11991,10496,17180,9342,7838,17180,9342,7838,0,0,0,0,0,0,0,0,0,0,0,0,,
C3010,33,9,0,District - Namakkal   *  09,Total,15-19,134482,71366,63116,64839,36336,28503,52966,29688,23278,8153,4494,3659,3237,1928,1309,462,217,245,21,9,12,,
C3010,33,9,0,District - Namakkal   *  09,Total,20-24,131114,65741,65373,19095,11816,7279,4119,2408,1711,13110,8330,4780,1544,918,626,262,130,132,60,30,30,,
C3010,33,9,0,District - Namakkal   *  09,Total,25-29,132718,63837,68881,1990,1369,621,0,0,0,1267,907,360,449,305,144,198,131,67,76,26,50,,
C3010,33,9,0,District - Namakkal   *  09,Total,30-34,113175,56982,56193,543,333,210,0,0,0,309,203,106,108,72,36,69,29,40,57,29,28,,
C3010,33,9,0,District - Namakkal   *  09,Total,35-59,456988,228997,227991,942,606,336,0,0,0,393,306,87,198,112,86,66,40,26,285,148,137,,
C3010,33,9,0,District - Namakkal   *  09,Total,60+,154945,77007,77938,249,165,84,0,0,0,74,50,24,79,44,35,13,9,4,83,62,21,,
C3010,33,9,0,District - Namakkal   *  09,Total,Age not stated,19777,10195,9582,231,125,106,0,0,0,148,79,69,49,31,18,25,10,15,9,5,4,,
C3010,33,9,0,District - Namakkal   *  09,Rural,All ages,948230,482365,465865,181996,100957,81039,162655,89079,73576,14528,9175,5353,3858,2166,1692,537,319,218,418,218,200,,
C3010,33,9,0,District - Namakkal   *  09,Rural,0-4,67076,35739,31337,3031,1638,1393,3031,1638,1393,0,0,0,0,0,0,0,0,0,0,0,0,,
C3010,33,9,0,District - Namakkal   *  09,Rural,5,14958,8001,6957,5997,3293,2704,5997,3293,2704,0,0,0,0,0,0,0,0,0,0,0,0,,
C3010,33,9,0,District - Namakkal   *  09,Rural,6,13959,7410,6549,10187,5416,4771,10187,5416,4771,0,0,0,0,0,0,0,0,0,0,0,0,,
C3010,33,9,0,District - Namakkal   *  09,Rural,7,15406,8102,7304,13795,7310,6485,13795,7310,6485,0,0,0,0,0,0,0,0,0,0,0,0,,
C3010,33,9,0,District - Namakkal   *  09,Rural,8,15584,8287,7297,14387,7689,6698,14387,7689,6698,0,0,0,0,0,0,0,0,0,0,0,0,,
C3010,33,9,0,District - Namakkal   *  09,Rural,9,14700,7836,6864,13657,7357,6300,13657,7357,6300,0,0,0,0,0,0,0,0,0,0,0,0,,
C3010,33,9,0,District - Namakkal   *  09,Rural,10,17808,9680,8128,15703,8685,7018,15703,8685,7018,0,0,0,0,0,0,0,0,0,0,0,0,,
C3010,33,9,0,District - Namakkal   *  09,Rural,11,13431,7152,6279,12074,6480,5594,12074,6480,5594,0,0,0,0,0,0,0,0,0,0,0,0,,
C3010,33,9,0,District - Namakkal   *  09,Rural,12,17330,9272,8058,14726,8020,6706,14726,8020,6706,0,0,0,0,0,0,0,0,0,0,0,0,,
C3010,33,9,0,District - Namakkal   *  09,Rural,13,15597,8223,7374,12812,6902,5910,12812,6902,5910,0,0,0,0,0,0,0,0,0,0,0,0,,
C3010,33,9,0,District - Namakkal   *  09,Rural,14,13903,7525,6378,10671,5926,4745,10671,5926,4745,0,0,0,0,0,0,0,0,0,0,0,0,,
C3010,33,9,0,District - Namakkal   *  09,Rural,15-19,83934,44746,39188,40211,22926,17285,32803,18729,14074,4991,2879,2112,2197,1201,996,209,113,96,11,4,7,,
C3010,33,9,0,District - Namakkal   *  09,Rural,20-24,81967,41323,40644,12177,7620,4557,2812,1634,1178,8117,5285,2832,1087,607,480,122,75,47,39,19,20,,
C3010,33,9,0,District - Namakkal   *  09,Rural,25-29,82842,40108,42734,1255,860,395,0,0,0,804,577,227,285,187,98,107,77,30,59,19,40,,
C3010,33,9,0,District - Namakkal   *  09,Rural,30-34,69781,35146,34635,367,225,142,0,0,0,222,145,77,73,49,24,38,16,22,34,15,19,,
C3010,33,9,0,District - Namakkal   *  09,Rural,35-59,292485,144920,147565,671,434,237,0,0,0,286,222,64,136,76,60,41,26,15,208,110,98,,
C3010,33,9,0,District - Namakkal   *  09,Rural,60+,106599,53217,53382,176,120,56,0,0,0,50,34,16,52,29,23,11,8,3,63,49,14,,
C3010,33,9,0,District - Namakkal   *  09,Rural,Age not stated,10870,5678,5192,99,56,43,0,0,0,58,33,25,28,17,11,9,4,5,4,2,2,,
C3010,33,9,0,District - Namakkal   *  09,Urban,All ages,545232,277186,268046,109543,58824,50719,98080,52048,46032,8926,5194,3732,1806,1244,562,558,247,311,173,91,82,,
C3010,33,9,0,District - Namakkal   *  09,Urban,0-4,38706,20208,18498,2271,1199,1072,2271,1199,1072,0,0,0,0,0,0,0,0,0,0,0,0,,
C3010,33,9,0,District - Namakkal   *  09,Urban,5,9447,4994,4453,3785,2021,1764,3785,2021,1764,0,0,0,0,0,0,0,0,0,0,0,0,,
C3010,33,9,0,District - Namakkal   *  09,Urban,6,8539,4457,4082,6168,3244,2924,6168,3244,2924,0,0,0,0,0,0,0,0,0,0,0,0,,
C3010,33,9,0,District - Namakkal   *  09,Urban,7,9228,4762,4466,8374,4332,4042,8374,4332,4042,0,0,0,0,0,0,0,0,0,0,0,0,,
C3010,33,9,0,District - Namakkal   *  09,Urban,8,9162,4720,4442,8572,4417,4155,8572,4417,4155,0,0,0,0,0,0,0,0,0,0,0,0,,
C3010,33,9,0,District - Namakkal   *  09,Urban,9,8637,4441,4196,8063,4168,3895,8063,4168,3895,0,0,0,0,0,0,0,0,0,0,0,0,,
C3010,33,9,0,District - Namakkal   *  09,Urban,10,10341,5521,4820,9238,4981,4257,9238,4981,4257,0,0,0,0,0,0,0,0,0,0,0,0,,
C3010,33,9,0,District - Namakkal   *  09,Urban,11,8302,4404,3898,7459,3999,3460,7459,3999,3460,0,0,0,0,0,0,0,0,0,0,0,0,,
C3010,33,9,0,District - Namakkal   *  09,Urban,12,10115,5297,4818,8531,4509,4022,8531,4509,4022,0,0,0,0,0,0,0,0,0,0,0,0,,
C3010,33,9,0,District - Namakkal   *  09,Urban,13,9450,4929,4521,7640,4029,3611,7640,4029,3611,0,0,0,0,0,0,0,0,0,0,0,0,,
C3010,33,9,0,District - Namakkal   *  09,Urban,14,8584,4466,4118,6509,3416,3093,6509,3416,3093,0,0,0,0,0,0,0,0,0,0,0,0,,
C3010,33,9,0,District - Namakkal   *  09,Urban,15-19,50548,26620,23928,24628,13410,11218,20163,10959,9204,3162,1615,1547,1040,727,313,253,104,149,10,5,5,,
C3010,33,9,0,District - Namakkal   *  09,Urban,20-24,49147,24418,24729,6918,4196,2722,1307,774,533,4993,3045,1948,457,311,146,140,55,85,21,11,10,,
C3010,33,9,0,District - Namakkal   *  09,Urban,25-29,49876,23729,26147,735,509,226,0,0,0,463,330,133,164,118,46,91,54,37,17,7,10,,
C3010,33,9,0,District - Namakkal   *  09,Urban,30-34,43394,21836,21558,176,108,68,0,0,0,87,58,29,35,23,12,31,13,18,23,14,9,,
C3010,33,9,0,District - Namakkal   *  09,Urban,35-59,164503,84077,80426,271,172,99,0,0,0,107,84,23,62,36,26,25,14,11,77,38,39,,
C3010,33,9,0,District - Namakkal   *  09,Urban,60+,48346,23790,24556,73,45,28,0,0,0,24,16,8,27,15,12,2,1,1,20,13,7,,
C3010,33,9,0,District - Namakkal   *  09,Urban,Age not stated,8907,4517,4390,132,69,63,0,0,0,90,46,44,21,14,7,16,6,10,5,3,2,,
C3010,33,10,0,District - Erode  10,Total,All ages,2581500,1309278,1272222,458520,244021,214499,422611,222847,199764,27064,15395,11669,5869,4130,1739,2467,1354,1113,509,295,214,,
C3010,33,10,0,District - Erode  10,Total,0-4,174934,89952,84982,7387,3842,3545,7387,3842,3545,0,0,0,0,0,0,0,0,0,0,0,0,,
C3010,33,10,0,District - Erode  10,Total,5,40584,21068,19516,14083,7391,6692,14083,7391,6692,0,0,0,0,0,0,0,0,0,0,0,0,,
C3010,33,10,0,District - Erode  10,Total,6,37325,19357,17968,25605,13257,12348,25605,13257,12348,0,0,0,0,0,0,0,0,0,0,0,0,,
C3010,33,10,0,District - Erode  10,Total,7,39647,20353,19294,35616,18423,17193,35616,18423,17193,0,0,0,0,0,0,0,0,0,0,0,0,,
C3010,33,10,0,District - Erode  10,Total,8,40350,20645,19705,37165,19177,17988,37165,19177,17988,0,0,0,0,0,0,0,0,0,0,0,0,,
C3010,33,10,0,District - Erode  10,Total,9,37029,18850,18179,34394,17598,16796,34394,17598,16796,0,0,0,0,0,0,0,0,0,0,0,0,,
C3010,33,10,0,District - Erode  10,Total,10,46823,24341,22482,41616,21803,19813,41616,21803,19813,0,0,0,0,0,0,0,0,0,0,0,0,,
C3010,33,10,0,District - Erode  10,Total,11,35513,18454,17059,32147,16882,15265,32147,16882,15265,0,0,0,0,0,0,0,0,0,0,0,0,,
C3010,33,10,0,District - Erode  10,Total,12,45284,23532,21752,38201,20212,17989,38201,20212,17989,0,0,0,0,0,0,0,0,0,0,0,0,,
C3010,33,10,0,District - Erode  10,Total,13,41153,21109,20044,33891,17748,16143,33891,17748,16143,0,0,0,0,0,0,0,0,0,0,0,0,,
C3010,33,10,0,District - Erode  10,Total,14,38408,19888,18520,29418,15549,13869,29418,15549,13869,0,0,0,0,0,0,0,0,0,0,0,0,,
C3010,33,10,0,District - Erode  10,Total,15-19,223276,116287,106989,100398,54599,45799,85811,46530,39281,10382,5297,5085,3161,2245,916,1025,514,511,19,13,6,,
C3010,33,10,0,District - Erode  10,Total,20-24,222396,110458,111938,24724,14942,9782,7277,4435,2842,14814,8779,6035,1881,1337,544,708,371,337,44,20,24,,
C3010,33,10,0,District - Erode  10,Total,25-29,232232,110457,121775,2097,1486,611,0,0,0,1211,880,331,428,324,104,396,254,142,62,28,34,,
C3010,33,10,0,District - Erode  10,Total,30-34,200930,100394,100536,589,370,219,0,0,0,264,174,90,122,72,50,137,86,51,66,38,28,,
C3010,33,10,0,District - Erode  10,Total,35-59,830319,422650,407669,892,554,338,0,0,0,301,211,90,192,104,88,164,102,62,235,137,98,,
C3010,33,10,0,District - Erode  10,Total,60+,287089,147014,140075,229,144,85,0,0,0,54,33,21,60,29,31,34,25,9,81,57,24,,
C3010,33,10,0,District - Erode  10,Total,Age not stated,8208,4469,3739,68,44,24,0,0,0,38,21,17,25,19,6,3,2,1,2,2,0,,
C3010,33,10,0,District - Erode  10,Rural,All ages,1387537,705436,682101,227472,123372,104100,213614,114341,99273,9862,6093,3769,2776,2180,596,924,583,341,296,175,121,,
C3010,33,10,0,District - Erode  10,Rural,0-4,93966,48594,45372,3199,1690,1509,3199,1690,1509,0,0,0,0,0,0,0,0,0,0,0,0,,
C3010,33,10,0,District - Erode  10,Rural,5,21534,11239,10295,7213,3835,3378,7213,3835,3378,0,0,0,0,0,0,0,0,0,0,0,0,,
C3010,33,10,0,District - Erode  10,Rural,6,19999,10302,9697,13868,7141,6727,13868,7141,6727,0,0,0,0,0,0,0,0,0,0,0,0,,
C3010,33,10,0,District - Erode  10,Rural,7,21200,10824,10376,18769,9677,9092,18769,9677,9092,0,0,0,0,0,0,0,0,0,0,0,0,,
C3010,33,10,0,District - Erode  10,Rural,8,21326,10984,10342,19361,10096,9265,19361,10096,9265,0,0,0,0,0,0,0,0,0,0,0,0,,
C3010,33,10,0,District - Erode  10,Rural,9,19603,10066,9537,17976,9302,8674,17976,9302,8674,0,0,0,0,0,0,0,0,0,0,0,0,,
C3010,33,10,0,District - Erode  10,Rural,10,24735,12978,11757,21426,11384,10042,21426,11384,10042,0,0,0,0,0,0,0,0,0,0,0,0,,
C3010,33,10,0,District - Erode  10,Rural,11,18261,9481,8780,16198,8542,7656,16198,8542,7656,0,0,0,0,0,0,0,0,0,0,0,0,,
C3010,33,10,0,District - Erode  10,Rural,12,24449,12588,11861,19817,10437,9380,19817,10437,9380,0,0,0,0,0,0,0,0,0,0,0,0,,
C3010,33,10,0,District - Erode  10,Rural,13,21486,11077,10409,16957,9049,7908,16957,9049,7908,0,0,0,0,0,0,0,0,0,0,0,0,,
C3010,33,10,0,District - Erode  10,Rural,14,19754,10366,9388,14270,7765,6505,14270,7765,6505,0,0,0,0,0,0,0,0,0,0,0,0,,
C3010,33,10,0,District - Erode  10,Rural,15-19,116997,62045,54952,46767,26699,20068,40929,23151,17778,3925,2141,1784,1529,1196,333,372,203,169,12,8,4,,
C3010,33,10,0,District - Erode  10,Rural,20-24,114611,58123,56488,9960,6516,3444,3631,2272,1359,5192,3375,1817,876,712,164,231,145,86,30,12,18,,
C3010,33,10,0,District - Erode  10,Rural,25-29,120404,57701,62703,891,682,209,0,0,0,505,391,114,185,152,33,161,119,42,40,20,20,,
C3010,33,10,0,District - Erode  10,Rural,30-34,103622,51743,51879,227,159,68,0,0,0,93,69,24,49,33,16,46,34,12,39,23,16,,
C3010,33,10,0,District - Erode  10,Rural,35-59,450181,226394,223787,429,293,136,0,0,0,119,95,24,85,52,33,89,62,27,136,84,52,,
C3010,33,10,0,District - Erode  10,Rural,60+,171688,88908,82780,107,74,33,0,0,0,10,7,3,33,19,14,25,20,5,39,28,11,,
C3010,33,10,0,District - Erode  10,Rural,Age not stated,3721,2023,1698,37,31,6,0,0,0,18,15,3,19,16,3,0,0,0,0,0,0,,
C3010,33,10,0,District - Erode  10,Urban,All ages,1193963,603842,590121,231048,120649,110399,208997,108506,100491,17202,9302,7900,3093,1950,1143,1543,771,772,213,120,93,,
C3010,33,10,0,District - Erode  10,Urban,0-4,80968,41358,39610,4188,2152,2036,4188,2152,2036,0,0,0,0,0,0,0,0,0,0,0,0,,
C3010,33,10,0,District - Erode  10,Urban,5,19050,9829,9221,6870,3556,3314,6870,3556,3314,0,0,0,0,0,0,0,0,0,0,0,0,,
C3010,33,10,0,District - Erode  10,Urban,6,17326,9055,8271,11737,6116,5621,11737,6116,5621,0,0,0,0,0,0,0,0,0,0,0,0,,
C3010,33,10,0,District - Erode  10,Urban,7,18447,9529,8918,16847,8746,8101,16847,8746,8101,0,0,0,0,0,0,0,0,0,0,0,0,,
C3010,33,10,0,District - Erode  10,Urban,8,19024,9661,9363,17804,9081,8723,17804,9081,8723,0,0,0,0,0,0,0,0,0,0,0,0,,
C3010,33,10,0,District - Erode  10,Urban,9,17426,8784,8642,16418,8296,8122,16418,8296,8122,0,0,0,0,0,0,0,0,0,0,0,0,,
C3010,33,10,0,District - Erode  10,Urban,10,22088,11363,10725,20190,10419,9771,20190,10419,9771,0,0,0,0,0,0,0,0,0,0,0,0,,
C3010,33,10,0,District - Erode  10,Urban,11,17252,8973,8279,15949,8340,7609,15949,8340,7609,0,0,0,0,0,0,0,0,0,0,0,0,,
C3010,33,10,0,District - Erode  10,Urban,12,20835,10944,9891,18384,9775,8609,18384,9775,8609,0,0,0,0,0,0,0,0,0,0,0,0,,
C3010,33,10,0,District - Erode  10,Urban,13,19667,10032,9635,16934,8699,8235,16934,8699,8235,0,0,0,0,0,0,0,0,0,0,0,0,,
C3010,33,10,0,District - Erode  10,Urban,14,18654,9522,9132,15148,7784,7364,15148,7784,7364,0,0,0,0,0,0,0,0,0,0,0,0,,
C3010,33,10,0,District - Erode  10,Urban,15-19,106279,54242,52037,53631,27900,25731,44882,23379,21503,6457,3156,3301,1632,1049,583,653,311,342,7,5,2,,
C3010,33,10,0,District - Erode  10,Urban,20-24,107785,52335,55450,14764,8426,6338,3646,2163,1483,9622,5404,4218,1005,625,380,477,226,251,14,8,6,,
C3010,33,10,0,District - Erode  10,Urban,25-29,111828,52756,59072,1206,804,402,0,0,0,706,489,217,243,172,71,235,135,100,22,8,14,,
C3010,33,10,0,District - Erode  10,Urban,30-34,97308,48651,48657,362,211,151,0,0,0,171,105,66,73,39,34,91,52,39,27,15,12,,
C3010,33,10,0,District - Erode  10,Urban,35-59,380138,196256,183882,463,261,202,0,0,0,182,116,66,107,52,55,75,40,35,99,53,46,,
C3010,33,10,0,District - Erode  10,Urban,60+,115401,58106,57295,122,70,52,0,0,0,44,26,18,27,10,17,9,5,4,42,29,13,,
C3010,33,10,0,District - Erode  10,Urban,Age not stated,4487,2446,2041,31,13,18,0,0,0,20,6,14,6,3,3,3,2,1,2,2,0,,
C3010,33,11,0,District - The Nilgiris  11,Total,All ages,762141,378351,383790,169102,87060,82042,157481,80243,77238,8489,4875,3614,2095,1419,676,981,501,480,56,22,34,,
C3010,33,11,0,District - The Nilgiris  11,Total,0-4,60427,30378,30049,2331,1226,1105,2331,1226,1105,0,0,0,0,0,0,0,0,0,0,0,0,,
C3010,33,11,0,District - The Nilgiris  11,Total,5,13052,6624,6428,4445,2314,2131,4445,2314,2131,0,0,0,0,0,0,0,0,0,0,0,0,,
C3010,33,11,0,District - The Nilgiris  11,Total,6,12381,6381,6000,8890,4618,4272,8890,4618,4272,0,0,0,0,0,0,0,0,0,0,0,0,,
C3010,33,11,0,District - The Nilgiris  11,Total,7,13187,6683,6504,12191,6168,6023,12191,6168,6023,0,0,0,0,0,0,0,0,0,0,0,0,,
C3010,33,11,0,District - The Nilgiris  11,Total,8,13778,7008,6770,13058,6682,6376,13058,6682,6376,0,0,0,0,0,0,0,0,0,0,0,0,,
C3010,33,11,0,District - The Nilgiris  11,Total,9,12798,6443,6355,12290,6210,6080,12290,6210,6080,0,0,0,0,0,0,0,0,0,0,0,0,,
C3010,33,11,0,District - The Nilgiris  11,Total,10,15917,8128,7789,15029,7710,7319,15029,7710,7319,0,0,0,0,0,0,0,0,0,0,0,0,,
C3010,33,11,0,District - The Nilgiris  11,Total,11,12142,6139,6003,11631,5886,5745,11631,5886,5745,0,0,0,0,0,0,0,0,0,0,0,0,,
C3010,33,11,0,District - The Nilgiris  11,Total,12,15785,8128,7657,14715,7599,7116,14715,7599,7116,0,0,0,0,0,0,0,0,0,0,0,0,,
C3010,33,11,0,District - The Nilgiris  11,Total,13,15098,7499,7599,13855,6900,6955,13855,6900,6955,0,0,0,0,0,0,0,0,0,0,0,0,,
C3010,33,11,0,District - The Nilgiris  11,Total,14,14488,7286,7202,12727,6400,6327,12727,6400,6327,0,0,0,0,0,0,0,0,0,0,0,0,,
C3010,33,11,0,District - The Nilgiris  11,Total,15-19,76068,37609,38459,39128,19913,19215,34444,17397,17047,3102,1563,1539,1139,777,362,440,175,265,3,1,2,,
C3010,33,11,0,District - The Nilgiris  11,Total,20-24,75098,36326,38772,7542,4533,3009,1875,1133,742,4743,2838,1905,667,446,221,248,113,135,9,3,6,,
C3010,33,11,0,District - The Nilgiris  11,Total,25-29,73083,34556,38527,740,545,195,0,0,0,434,332,102,174,125,49,126,85,41,6,3,3,,
C3010,33,11,0,District - The Nilgiris  11,Total,30-34,60417,29774,30643,203,128,75,0,0,0,84,58,26,50,27,23,62,40,22,7,3,4,,
C3010,33,11,0,District - The Nilgiris  11,Total,35-59,225524,114235,111289,271,197,74,0,0,0,94,67,27,54,37,17,99,84,15,24,9,15,,
C3010,33,11,0,District - The Nilgiris  11,Total,60+,51211,24181,27030,34,20,14,0,0,0,16,9,7,8,5,3,4,3,1,6,3,3,,
C3010,33,11,0,District - The Nilgiris  11,Total,Age not stated,1687,973,714,22,11,11,0,0,0,16,8,8,3,2,1,2,1,1,1,0,1,,
C3010,33,11,0,District - The Nilgiris  11,Rural,All ages,307532,151874,155658,64096,33432,30664,60826,31342,29484,2460,1577,883,577,379,198,205,122,83,28,12,16,,
C3010,33,11,0,District - The Nilgiris  11,Rural,0-4,24565,12425,12140,720,372,348,720,372,348,0,0,0,0,0,0,0,0,0,0,0,0,,
C3010,33,11,0,District - The Nilgiris  11,Rural,5,5134,2613,2521,1765,918,847,1765,918,847,0,0,0,0,0,0,0,0,0,0,0,0,,
C3010,33,11,0,District - The Nilgiris  11,Rural,6,4933,2563,2370,3658,1903,1755,3658,1903,1755,0,0,0,0,0,0,0,0,0,0,0,0,,
C3010,33,11,0,District - The Nilgiris  11,Rural,7,5276,2618,2658,4879,2421,2458,4879,2421,2458,0,0,0,0,0,0,0,0,0,0,0,0,,
C3010,33,11,0,District - The Nilgiris  11,Rural,8,5447,2757,2690,5140,2628,2512,5140,2628,2512,0,0,0,0,0,0,0,0,0,0,0,0,,
C3010,33,11,0,District - The Nilgiris  11,Rural,9,5070,2566,2504,4844,2459,2385,4844,2459,2385,0,0,0,0,0,0,0,0,0,0,0,0,,
C3010,33,11,0,District - The Nilgiris  11,Rural,10,6246,3180,3066,5870,3014,2856,5870,3014,2856,0,0,0,0,0,0,0,0,0,0,0,0,,
C3010,33,11,0,District - The Nilgiris  11,Rural,11,4681,2396,2285,4454,2288,2166,4454,2288,2166,0,0,0,0,0,0,0,0,0,0,0,0,,
C3010,33,11,0,District - The Nilgiris  11,Rural,12,6169,3170,2999,5704,2938,2766,5704,2938,2766,0,0,0,0,0,0,0,0,0,0,0,0,,
C3010,33,11,0,District - The Nilgiris  11,Rural,13,5886,2961,2925,5377,2715,2662,5377,2715,2662,0,0,0,0,0,0,0,0,0,0,0,0,,
C3010,33,11,0,District - The Nilgiris  11,Rural,14,5441,2751,2690,4714,2401,2313,4714,2401,2313,0,0,0,0,0,0,0,0,0,0,0,0,,
C3010,33,11,0,District - The Nilgiris  11,Rural,15-19,29467,14582,14885,14233,7538,6695,12999,6818,6181,857,488,369,280,179,101,95,52,43,2,1,1,,
C3010,33,11,0,District - The Nilgiris  11,Rural,20-24,29262,14003,15259,2349,1555,794,702,467,235,1401,933,468,187,123,64,56,31,25,3,1,2,,
C3010,33,11,0,District - The Nilgiris  11,Rural,25-29,29459,13990,15469,239,180,59,0,0,0,130,99,31,71,55,16,34,24,10,4,2,2,,
C3010,33,11,0,District - The Nilgiris  11,Rural,30-34,24022,11739,12283,54,33,21,0,0,0,27,20,7,14,5,9,8,5,3,5,3,2,,
C3010,33,11,0,District - The Nilgiris  11,Rural,35-59,94151,46998,47153,82,57,25,0,0,0,37,29,8,21,14,7,11,9,2,13,5,8,,
C3010,33,11,0,District - The Nilgiris  11,Rural,60+,21772,10228,11544,9,7,2,0,0,0,3,3,0,4,3,1,1,1,0,1,0,1,,
C3010,33,11,0,District - The Nilgiris  11,Rural,Age not stated,551,334,217,5,5,0,0,0,0,5,5,0,0,0,0,0,0,0,0,0,0,,
C3010,33,11,0,District - The Nilgiris  11,Urban,All ages,454609,226477,228132,105006,53628,51378,96655,48901,47754,6029,3298,2731,1518,1040,478,776,379,397,28,10,18,,
C3010,33,11,0,District - The Nilgiris  11,Urban,0-4,35862,17953,17909,1611,854,757,1611,854,757,0,0,0,0,0,0,0,0,0,0,0,0,,
C3010,33,11,0,District - The Nilgiris  11,Urban,5,7918,4011,3907,2680,1396,1284,2680,1396,1284,0,0,0,0,0,0,0,0,0,0,0,0,,
C3010,33,11,0,District - The Nilgiris  11,Urban,6,7448,3818,3630,5232,2715,2517,5232,2715,2517,0,0,0,0,0,0,0,0,0,0,0,0,,
C3010,33,11,0,District - The Nilgiris  11,Urban,7,7911,4065,3846,7312,3747,3565,7312,3747,3565,0,0,0,0,0,0,0,0,0,0,0,0,,
C3010,33,11,0,District - The Nilgiris  11,Urban,8,8331,4251,4080,7918,4054,3864,7918,4054,3864,0,0,0,0,0,0,0,0,0,0,0,0,,
C3010,33,11,0,District - The Nilgiris  11,Urban,9,7728,3877,3851,7446,3751,3695,7446,3751,3695,0,0,0,0,0,0,0,0,0,0,0,0,,
C3010,33,11,0,District - The Nilgiris  11,Urban,10,9671,4948,4723,9159,4696,4463,9159,4696,4463,0,0,0,0,0,0,0,0,0,0,0,0,,
C3010,33,11,0,District - The Nilgiris  11,Urban,11,7461,3743,3718,7177,3598,3579,7177,3598,3579,0,0,0,0,0,0,0,0,0,0,0,0,,
C3010,33,11,0,District - The Nilgiris  11,Urban,12,9616,4958,4658,9011,4661,4350,9011,4661,4350,0,0,0,0,0,0,0,0,0,0,0,0,,
C3010,33,11,0,District - The Nilgiris  11,Urban,13,9212,4538,4674,8478,4185,4293,8478,4185,4293,0,0,0,0,0,0,0,0,0,0,0,0,,
C3010,33,11,0,District - The Nilgiris  11,Urban,14,9047,4535,4512,8013,3999,4014,8013,3999,4014,0,0,0,0,0,0,0,0,0,0,0,0,,
C3010,33,11,0,District - The Nilgiris  11,Urban,15-19,46601,23027,23574,24895,12375,12520,21445,10579,10866,2245,1075,1170,859,598,261,345,123,222,1,0,1,,
C3010,33,11,0,District - The Nilgiris  11,Urban,20-24,45836,22323,23513,5193,2978,2215,1173,666,507,3342,1905,1437,480,323,157,192,82,110,6,2,4,,
C3010,33,11,0,District - The Nilgiris  11,Urban,25-29,43624,20566,23058,501,365,136,0,0,0,304,233,71,103,70,33,92,61,31,2,1,1,,
C3010,33,11,0,District - The Nilgiris  11,Urban,30-34,36395,18035,18360,149,95,54,0,0,0,57,38,19,36,22,14,54,35,19,2,0,2,,
C3010,33,11,0,District - The Nilgiris  11,Urban,35-59,131373,67237,64136,189,140,49,0,0,0,57,38,19,33,23,10,88,75,13,11,4,7,,
C3010,33,11,0,District - The Nilgiris  11,Urban,60+,29439,13953,15486,25,13,12,0,0,0,13,6,7,4,2,2,3,2,1,5,3,2,,
C3010,33,11,0,District - The Nilgiris  11,Urban,Age not stated,1136,639,497,17,6,11,0,0,0,11,3,8,3,2,1,2,1,1,1,0,1,,
C3010,33,12,0,District - Coimbatore  12,Total,All ages,4271856,2176031,2095825,804076,415831,388245,734896,377557,357339,45501,23465,22036,17559,11450,6109,4840,2678,2162,1280,681,599,,
C3010,33,12,0,District - Coimbatore  12,Total,0-4,310882,157819,153063,20424,10598,9826,20424,10598,9826,0,0,0,0,0,0,0,0,0,0,0,0,,
C3010,33,12,0,District - Coimbatore  12,Total,5,69899,36081,33818,29911,15478,14433,29911,15478,14433,0,0,0,0,0,0,0,0,0,0,0,0,,
C3010,33,12,0,District - Coimbatore  12,Total,6,64536,32968,31568,47058,23995,23063,47058,23995,23063,0,0,0,0,0,0,0,0,0,0,0,0,,
C3010,33,12,0,District - Coimbatore  12,Total,7,68092,34731,33361,62207,31826,30381,62207,31826,30381,0,0,0,0,0,0,0,0,0,0,0,0,,
C3010,33,12,0,District - Coimbatore  12,Total,8,67705,34074,33631,63043,31794,31249,63043,31794,31249,0,0,0,0,0,0,0,0,0,0,0,0,,
C3010,33,12,0,District - Coimbatore  12,Total,9,62832,31365,31467,58903,29517,29386,58903,29517,29386,0,0,0,0,0,0,0,0,0,0,0,0,,
C3010,33,12,0,District - Coimbatore  12,Total,10,75875,38955,36920,68706,35422,33284,68706,35422,33284,0,0,0,0,0,0,0,0,0,0,0,0,,
C3010,33,12,0,District - Coimbatore  12,Total,11,60519,31093,29426,55268,28510,26758,55268,28510,26758,0,0,0,0,0,0,0,0,0,0,0,0,,
C3010,33,12,0,District - Coimbatore  12,Total,12,71308,36570,34738,61717,31816,29901,61717,31816,29901,0,0,0,0,0,0,0,0,0,0,0,0,,
C3010,33,12,0,District - Coimbatore  12,Total,13,66381,33408,32973,55612,28329,27283,55612,28329,27283,0,0,0,0,0,0,0,0,0,0,0,0,,
C3010,33,12,0,District - Coimbatore  12,Total,14,64115,32551,31564,49727,25600,24127,49727,25600,24127,0,0,0,0,0,0,0,0,0,0,0,0,,
C3010,33,12,0,District - Coimbatore  12,Total,15-19,381253,195212,186041,173381,89950,83431,145074,75102,69972,17740,8269,9471,8909,5766,3143,1600,781,819,58,32,26,,
C3010,33,12,0,District - Coimbatore  12,Total,20-24,406927,200791,206136,49643,27714,21929,17246,9570,7676,24494,13139,11355,6001,4006,1995,1755,936,819,147,63,84,,
C3010,33,12,0,District - Coimbatore  12,Total,25-29,429737,209065,220672,3972,2619,1353,0,0,0,1696,1110,586,1235,870,365,839,559,280,202,80,122,,
C3010,33,12,0,District - Coimbatore  12,Total,30-34,360715,187564,173151,1277,768,509,0,0,0,474,284,190,389,247,142,265,157,108,149,80,69,,
C3010,33,12,0,District - Coimbatore  12,Total,35-59,1272776,661558,611218,2106,1270,836,0,0,0,619,400,219,640,348,292,281,193,88,566,329,237,,
C3010,33,12,0,District - Coimbatore  12,Total,60+,391497,197719,193778,528,322,206,0,0,0,148,98,50,195,114,81,45,24,21,140,86,54,,
C3010,33,12,0,District - Coimbatore  12,Total,Age not stated,46807,24507,22300,593,303,290,0,0,0,330,165,165,190,99,91,55,28,27,18,11,7,,
C3010,33,12,0,District - Coimbatore  12,Rural,All ages,1451653,734699,716954,250026,132208,117818,236108,123538,112570,7479,4290,3189,4886,3517,1369,1031,585,446,522,278,244,,
C3010,33,12,0,District - Coimbatore  12,Rural,0-4,106212,53907,52305,4571,2408,2163,4571,2408,2163,0,0,0,0,0,0,0,0,0,0,0,0,,
C3010,33,12,0,District - Coimbatore  12,Rural,5,23975,12383,11592,9278,4800,4478,9278,4800,4478,0,0,0,0,0,0,0,0,0,0,0,0,,
C3010,33,12,0,District - Coimbatore  12,Rural,6,22662,11560,11102,17267,8841,8426,17267,8841,8426,0,0,0,0,0,0,0,0,0,0,0,0,,
C3010,33,12,0,District - Coimbatore  12,Rural,7,23618,12044,11574,21695,11084,10611,21695,11084,10611,0,0,0,0,0,0,0,0,0,0,0,0,,
C3010,33,12,0,District - Coimbatore  12,Rural,8,23519,11988,11531,22035,11289,10746,22035,11289,10746,0,0,0,0,0,0,0,0,0,0,0,0,,
C3010,33,12,0,District - Coimbatore  12,Rural,9,22143,11107,11036,20842,10457,10385,20842,10457,10385,0,0,0,0,0,0,0,0,0,0,0,0,,
C3010,33,12,0,District - Coimbatore  12,Rural,10,25599,13058,12541,23220,11905,11315,23220,11905,11315,0,0,0,0,0,0,0,0,0,0,0,0,,
C3010,33,12,0,District - Coimbatore  12,Rural,11,20066,10364,9702,18283,9542,8741,18283,9542,8741,0,0,0,0,0,0,0,0,0,0,0,0,,
C3010,33,12,0,District - Coimbatore  12,Rural,12,24070,12374,11696,20525,10659,9866,20525,10659,9866,0,0,0,0,0,0,0,0,0,0,0,0,,
C3010,33,12,0,District - Coimbatore  12,Rural,13,21854,11105,10749,17822,9322,8500,17822,9322,8500,0,0,0,0,0,0,0,0,0,0,0,0,,
C3010,33,12,0,District - Coimbatore  12,Rural,14,20719,10541,10178,15593,8177,7416,15593,8177,7416,0,0,0,0,0,0,0,0,0,0,0,0,,
C3010,33,12,0,District - Coimbatore  12,Rural,15-19,121730,63562,58168,47162,26540,20622,40800,22622,18178,3072,1612,1460,2874,2092,782,394,203,191,22,11,11,,
C3010,33,12,0,District - Coimbatore  12,Rural,20-24,125223,61211,64012,9921,6011,3910,4177,2432,1745,3931,2325,1606,1374,1010,364,383,221,162,56,23,33,,
C3010,33,12,0,District - Coimbatore  12,Rural,25-29,137349,65787,71562,721,507,214,0,0,0,282,218,64,221,162,59,131,90,41,87,37,50,,
C3010,33,12,0,District - Coimbatore  12,Rural,30-34,116100,58971,57129,251,157,94,0,0,0,69,51,18,81,52,29,37,21,16,64,33,31,,
C3010,33,12,0,District - Coimbatore  12,Rural,35-59,448207,228182,220025,587,353,234,0,0,0,78,58,20,215,124,91,63,39,24,231,132,99,,
C3010,33,12,0,District - Coimbatore  12,Rural,60+,158607,81264,77343,162,109,53,0,0,0,13,10,3,74,51,23,16,9,7,59,39,20,,
C3010,33,12,0,District - Coimbatore  12,Rural,Age not stated,10000,5291,4709,91,47,44,0,0,0,34,16,18,47,26,21,7,2,5,3,3,0,,
C3010,33,12,0,District - Coimbatore  12,Urban,All ages,2820203,1441332,1378871,554050,283623,270427,498788,254019,244769,38022,19175,18847,12673,7933,4740,3809,2093,1716,758,403,355,,
C3010,33,12,0,District - Coimbatore  12,Urban,0-4,204670,103912,100758,15853,8190,7663,15853,8190,7663,0,0,0,0,0,0,0,0,0,0,0,0,,
C3010,33,12,0,District - Coimbatore  12,Urban,5,45924,23698,22226,20633,10678,9955,20633,10678,9955,0,0,0,0,0,0,0,0,0,0,0,0,,
C3010,33,12,0,District - Coimbatore  12,Urban,6,41874,21408,20466,29791,15154,14637,29791,15154,14637,0,0,0,0,0,0,0,0,0,0,0,0,,
C3010,33,12,0,District - Coimbatore  12,Urban,7,44474,22687,21787,40512,20742,19770,40512,20742,19770,0,0,0,0,0,0,0,0,0,0,0,0,,
C3010,33,12,0,District - Coimbatore  12,Urban,8,44186,22086,22100,41008,20505,20503,41008,20505,20503,0,0,0,0,0,0,0,0,0,0,0,0,,
C3010,33,12,0,District - Coimbatore  12,Urban,9,40689,20258,20431,38061,19060,19001,38061,19060,19001,0,0,0,0,0,0,0,0,0,0,0,0,,
C3010,33,12,0,District - Coimbatore  12,Urban,10,50276,25897,24379,45486,23517,21969,45486,23517,21969,0,0,0,0,0,0,0,0,0,0,0,0,,
C3010,33,12,0,District - Coimbatore  12,Urban,11,40453,20729,19724,36985,18968,18017,36985,18968,18017,0,0,0,0,0,0,0,0,0,0,0,0,,
C3010,33,12,0,District - Coimbatore  12,Urban,12,47238,24196,23042,41192,21157,20035,41192,21157,20035,0,0,0,0,0,0,0,0,0,0,0,0,,
C3010,33,12,0,District - Coimbatore  12,Urban,13,44527,22303,22224,37790,19007,18783,37790,19007,18783,0,0,0,0,0,0,0,0,0,0,0,0,,
C3010,33,12,0,District - Coimbatore  12,Urban,14,43396,22010,21386,34134,17423,16711,34134,17423,16711,0,0,0,0,0,0,0,0,0,0,0,0,,
C3010,33,12,0,District - Coimbatore  12,Urban,15-19,259523,131650,127873,126219,63410,62809,104274,52480,51794,14668,6657,8011,6035,3674,2361,1206,578,628,36,21,15,,
C3010,33,12,0,District - Coimbatore  12,Urban,20-24,281704,139580,142124,39722,21703,18019,13069,7138,5931,20563,10814,9749,4627,2996,1631,1372,715,657,91,40,51,,
C3010,33,12,0,District - Coimbatore  12,Urban,25-29,292388,143278,149110,3251,2112,1139,0,0,0,1414,892,522,1014,708,306,708,469,239,115,43,72,,
C3010,33,12,0,District - Coimbatore  12,Urban,30-34,244615,128593,116022,1026,611,415,0,0,0,405,233,172,308,195,113,228,136,92,85,47,38,,
C3010,33,12,0,District - Coimbatore  12,Urban,35-59,824569,433376,391193,1519,917,602,0,0,0,541,342,199,425,224,201,218,154,64,335,197,138,,
C3010,33,12,0,District - Coimbatore  12,Urban,60+,232890,116455,116435,366,213,153,0,0,0,135,88,47,121,63,58,29,15,14,81,47,34,,
C3010,33,12,0,District - Coimbatore  12,Urban,Age not stated,36807,19216,17591,502,256,246,0,0,0,296,149,147,143,73,70,48,26,22,15,8,7,,
C3010,33,13,0,District - Dindigul  13,Total,All ages,1923014,968137,954877,392870,208722,184148,369459,195109,174350,16356,9159,7197,5099,3336,1763,1402,825,577,554,293,261,,
C3010,33,13,0,District - Dindigul  13,Total,0-4,154855,80023,74832,8006,4136,3870,8006,4136,3870,0,0,0,0,0,0,0,0,0,0,0,0,,
C3010,33,13,0,District - Dindigul  13,Total,5,33271,17351,15920,14931,7749,7182,14931,7749,7182,0,0,0,0,0,0,0,0,0,0,0,0,,
C3010,33,13,0,District - Dindigul  13,Total,6,30792,16034,14758,23138,12094,11044,23138,12094,11044,0,0,0,0,0,0,0,0,0,0,0,0,,
C3010,33,13,0,District - Dindigul  13,Total,7,34917,18119,16798,31541,16453,15088,31541,16453,15088,0,0,0,0,0,0,0,0,0,0,0,0,,
C3010,33,13,0,District - Dindigul  13,Total,8,36374,18429,17945,33595,17093,16502,33595,17093,16502,0,0,0,0,0,0,0,0,0,0,0,0,,
C3010,33,13,0,District - Dindigul  13,Total,9,33508,17196,16312,31283,16084,15199,31283,16084,15199,0,0,0,0,0,0,0,0,0,0,0,0,,
C3010,33,13,0,District - Dindigul  13,Total,10,42061,21998,20063,37775,19950,17825,37775,19950,17825,0,0,0,0,0,0,0,0,0,0,0,0,,
C3010,33,13,0,District - Dindigul  13,Total,11,30758,16187,14571,28154,14958,13196,28154,14958,13196,0,0,0,0,0,0,0,0,0,0,0,0,,
C3010,33,13,0,District - Dindigul  13,Total,12,39521,20848,18673,33888,18223,15665,33888,18223,15665,0,0,0,0,0,0,0,0,0,0,0,0,,
C3010,33,13,0,District - Dindigul  13,Total,13,36395,18619,17776,29931,15737,14194,29931,15737,14194,0,0,0,0,0,0,0,0,0,0,0,0,,
C3010,33,13,0,District - Dindigul  13,Total,14,33068,16923,16145,25154,13265,11889,25154,13265,11889,0,0,0,0,0,0,0,0,0,0,0,0,,
C3010,33,13,0,District - Dindigul  13,Total,15-19,185801,94529,91272,75988,41263,34725,66506,36103,30403,6185,2975,3210,2678,1851,827,599,325,274,20,9,11,,
C3010,33,13,0,District - Dindigul  13,Total,20-24,168764,82648,86116,16639,9900,6739,5557,3264,2293,9022,5380,3642,1629,1001,628,379,230,149,52,25,27,,
C3010,33,13,0,District - Dindigul  13,Total,25-29,175265,82659,92606,1345,915,430,0,0,0,727,520,207,346,238,108,210,134,76,62,23,39,,
C3010,33,13,0,District - Dindigul  13,Total,30-34,145812,72433,73379,412,246,166,0,0,0,152,109,43,120,67,53,69,40,29,71,30,41,,
C3010,33,13,0,District - Dindigul  13,Total,35-59,553919,278904,275015,744,438,306,0,0,0,171,114,57,194,95,99,114,74,40,265,155,110,,
C3010,33,13,0,District - Dindigul  13,Total,60+,175032,88914,86118,208,127,81,0,0,0,45,28,17,62,33,29,21,17,4,80,49,31,,
C3010,33,13,0,District - Dindigul  13,Total,Age not stated,12901,6323,6578,138,91,47,0,0,0,54,33,21,70,51,19,10,5,5,4,2,2,,
C3010,33,13,0,District - Dindigul  13,Rural,All ages,1249762,629073,620689,242602,130438,112164,230267,122884,107383,8262,4902,3360,3083,2083,1000,568,339,229,422,230,192,,
C3010,33,13,0,District - Dindigul  13,Rural,0-4,102332,53047,49285,4073,2123,1950,4073,2123,1950,0,0,0,0,0,0,0,0,0,0,0,0,,
C3010,33,13,0,District - Dindigul  13,Rural,5,21566,11327,10239,9273,4872,4401,9273,4872,4401,0,0,0,0,0,0,0,0,0,0,0,0,,
C3010,33,13,0,District - Dindigul  13,Rural,6,20109,10610,9499,15047,7982,7065,15047,7982,7065,0,0,0,0,0,0,0,0,0,0,0,0,,
C3010,33,13,0,District - Dindigul  13,Rural,7,23131,12013,11118,20690,10835,9855,20690,10835,9855,0,0,0,0,0,0,0,0,0,0,0,0,,
C3010,33,13,0,District - Dindigul  13,Rural,8,24113,12265,11848,22039,11272,10767,22039,11272,10767,0,0,0,0,0,0,0,0,0,0,0,0,,
C3010,33,13,0,District - Dindigul  13,Rural,9,22202,11383,10819,20536,10548,9988,20536,10548,9988,0,0,0,0,0,0,0,0,0,0,0,0,,
C3010,33,13,0,District - Dindigul  13,Rural,10,27897,14626,13271,24728,13127,11601,24728,13127,11601,0,0,0,0,0,0,0,0,0,0,0,0,,
C3010,33,13,0,District - Dindigul  13,Rural,11,19647,10395,9252,17750,9515,8235,17750,9515,8235,0,0,0,0,0,0,0,0,0,0,0,0,,
C3010,33,13,0,District - Dindigul  13,Rural,12,25686,13566,12120,21546,11681,9865,21546,11681,9865,0,0,0,0,0,0,0,0,0,0,0,0,,
C3010,33,13,0,District - Dindigul  13,Rural,13,23040,11767,11273,18336,9731,8605,18336,9731,8605,0,0,0,0,0,0,0,0,0,0,0,0,,
C3010,33,13,0,District - Dindigul  13,Rural,14,20674,10549,10125,14997,8021,6976,14997,8021,6976,0,0,0,0,0,0,0,0,0,0,0,0,,
C3010,33,13,0,District - Dindigul  13,Rural,15-19,118925,60811,58114,42885,24109,18776,37958,21205,16753,3021,1554,1467,1650,1214,436,244,131,113,12,5,7,,
C3010,33,13,0,District - Dindigul  13,Rural,20-24,107133,52939,54194,9036,5560,3476,3294,1972,1322,4669,2928,1741,913,567,346,126,76,50,34,17,17,,
C3010,33,13,0,District - Dindigul  13,Rural,25-29,111240,52208,59032,680,449,231,0,0,0,358,263,95,198,121,77,76,48,28,48,17,31,,
C3010,33,13,0,District - Dindigul  13,Rural,30-34,92213,45583,46630,252,159,93,0,0,0,79,63,16,91,51,40,28,19,9,54,26,28,,
C3010,33,13,0,District - Dindigul  13,Rural,35-59,363001,181356,181645,501,308,193,0,0,0,91,65,26,122,61,61,80,55,25,208,127,81,,
C3010,33,13,0,District - Dindigul  13,Rural,60+,118464,60530,57934,150,86,64,0,0,0,25,14,11,49,26,23,13,10,3,63,36,27,,
C3010,33,13,0,District - Dindigul  13,Rural,Age not stated,8389,4098,4291,83,60,23,0,0,0,19,15,4,60,43,17,1,0,1,3,2,1,,
C3010,33,13,0,District - Dindigul  13,Urban,All ages,673252,339064,334188,150268,78284,71984,139192,72225,66967,8094,4257,3837,2016,1253,763,834,486,348,132,63,69,,
C3010,33,13,0,District - Dindigul  13,Urban,0-4,52523,26976,25547,3933,2013,1920,3933,2013,1920,0,0,0,0,0,0,0,0,0,0,0,0,,
C3010,33,13,0,District - Dindigul  13,Urban,5,11705,6024,5681,5658,2877,2781,5658,2877,2781,0,0,0,0,0,0,0,0,0,0,0,0,,
C3010,33,13,0,District - Dindigul  13,Urban,6,10683,5424,5259,8091,4112,3979,8091,4112,3979,0,0,0,0,0,0,0,0,0,0,0,0,,
C3010,33,13,0,District - Dindigul  13,Urban,7,11786,6106,5680,10851,5618,5233,10851,5618,5233,0,0,0,0,0,0,0,0,0,0,0,0,,
C3010,33,13,0,District - Dindigul  13,Urban,8,12261,6164,6097,11556,5821,5735,11556,5821,5735,0,0,0,0,0,0,0,0,0,0,0,0,,
C3010,33,13,0,District - Dindigul  13,Urban,9,11306,5813,5493,10747,5536,5211,10747,5536,5211,0,0,0,0,0,0,0,0,0,0,0,0,,
C3010,33,13,0,District - Dindigul  13,Urban,10,14164,7372,6792,13047,6823,6224,13047,6823,6224,0,0,0,0,0,0,0,0,0,0,0,0,,
C3010,33,13,0,District - Dindigul  13,Urban,11,11111,5792,5319,10404,5443,4961,10404,5443,4961,0,0,0,0,0,0,0,0,0,0,0,0,,
C3010,33,13,0,District - Dindigul  13,Urban,12,13835,7282,6553,12342,6542,5800,12342,6542,5800,0,0,0,0,0,0,0,0,0,0,0,0,,
C3010,33,13,0,District - Dindigul  13,Urban,13,13355,6852,6503,11595,6006,5589,11595,6006,5589,0,0,0,0,0,0,0,0,0,0,0,0,,
C3010,33,13,0,District - Dindigul  13,Urban,14,12394,6374,6020,10157,5244,4913,10157,5244,4913,0,0,0,0,0,0,0,0,0,0,0,0,,
C3010,33,13,0,District - Dindigul  13,Urban,15-19,66876,33718,33158,33103,17154,15949,28548,14898,13650,3164,1421,1743,1028,637,391,355,194,161,8,4,4,,
C3010,33,13,0,District - Dindigul  13,Urban,20-24,61631,29709,31922,7603,4340,3263,2263,1292,971,4353,2452,1901,716,434,282,253,154,99,18,8,10,,
C3010,33,13,0,District - Dindigul  13,Urban,25-29,64025,30451,33574,665,466,199,0,0,0,369,257,112,148,117,31,134,86,48,14,6,8,,
C3010,33,13,0,District - Dindigul  13,Urban,30-34,53599,26850,26749,160,87,73,0,0,0,73,46,27,29,16,13,41,21,20,17,4,13,,
C3010,33,13,0,District - Dindigul  13,Urban,35-59,190918,97548,93370,243,130,113,0,0,0,80,49,31,72,34,38,34,19,15,57,28,29,,
C3010,33,13,0,District - Dindigul  13,Urban,60+,56568,28384,28184,58,41,17,0,0,0,20,14,6,13,7,6,8,7,1,17,13,4,,
C3010,33,13,0,District - Dindigul  13,Urban,Age not stated,4512,2225,2287,55,31,24,0,0,0,35,18,17,10,8,2,9,5,4,1,0,1,,
C3010,33,14,0,District - Karur  *  14,Total,All ages,935686,465538,470148,179053,95661,83392,167297,88539,78758,8944,5336,3608,1509,1046,463,1077,634,443,226,106,120,,
C3010,33,14,0,District - Karur  *  14,Total,0-4,73625,38218,35407,3259,1717,1542,3259,1717,1542,0,0,0,0,0,0,0,0,0,0,0,0,,
C3010,33,14,0,District - Karur  *  14,Total,5,15410,7922,7488,6301,3237,3064,6301,3237,3064,0,0,0,0,0,0,0,0,0,0,0,0,,
C3010,33,14,0,District - Karur  *  14,Total,6,14244,7383,6861,10819,5671,5148,10819,5671,5148,0,0,0,0,0,0,0,0,0,0,0,0,,
C3010,33,14,0,District - Karur  *  14,Total,7,16235,8282,7953,14806,7627,7179,14806,7627,7179,0,0,0,0,0,0,0,0,0,0,0,0,,
C3010,33,14,0,District - Karur  *  14,Total,8,16076,8246,7830,15147,7807,7340,15147,7807,7340,0,0,0,0,0,0,0,0,0,0,0,0,,
C3010,33,14,0,District - Karur  *  14,Total,9,15604,8013,7591,14726,7638,7088,14726,7638,7088,0,0,0,0,0,0,0,0,0,0,0,0,,
C3010,33,14,0,District - Karur  *  14,Total,10,18427,9580,8847,16736,8827,7909,16736,8827,7909,0,0,0,0,0,0,0,0,0,0,0,0,,
C3010,33,14,0,District - Karur  *  14,Total,11,13507,7053,6454,12558,6614,5944,12558,6614,5944,0,0,0,0,0,0,0,0,0,0,0,0,,
C3010,33,14,0,District - Karur  *  14,Total,12,17671,9234,8437,15498,8279,7219,15498,8279,7219,0,0,0,0,0,0,0,0,0,0,0,0,,
C3010,33,14,0,District - Karur  *  14,Total,13,16234,8210,8024,13756,7140,6616,13756,7140,6616,0,0,0,0,0,0,0,0,0,0,0,0,,
C3010,33,14,0,District - Karur  *  14,Total,14,14404,7280,7124,11307,5911,5396,11307,5911,5396,0,0,0,0,0,0,0,0,0,0,0,0,,
C3010,33,14,0,District - Karur  *  14,Total,15-19,81812,41474,40338,34751,19190,15561,30587,16895,13692,3080,1604,1476,727,519,208,347,168,179,10,4,6,,
C3010,33,14,0,District - Karur  *  14,Total,20-24,81209,39727,41482,7594,4769,2825,1797,1176,621,5113,3173,1940,446,307,139,218,105,113,20,8,12,,
C3010,33,14,0,District - Karur  *  14,Total,25-29,83564,39153,44411,923,661,262,0,0,0,504,381,123,193,130,63,194,137,57,32,13,19,,
C3010,33,14,0,District - Karur  *  14,Total,30-34,71350,35270,36080,282,182,100,0,0,0,119,81,38,52,36,16,95,60,35,16,5,11,,
C3010,33,14,0,District - Karur  *  14,Total,35-59,288253,141647,146606,506,328,178,0,0,0,109,82,27,72,42,30,192,138,54,133,66,67,,
C3010,33,14,0,District - Karur  *  14,Total,60+,96910,48151,48759,75,55,20,0,0,0,13,9,4,17,10,7,31,26,5,14,10,4,,
C3010,33,14,0,District - Karur  *  14,Total,Age not stated,1151,695,456,9,8,1,0,0,0,6,6,0,2,2,0,0,0,0,1,0,1,,
C3010,33,14,0,District - Karur  *  14,Rural,All ages,624430,310922,313508,113090,60894,52196,107317,57285,50032,4303,2670,1633,810,563,247,467,286,181,193,90,103,,
C3010,33,14,0,District - Karur  *  14,Rural,0-4,49688,25862,23826,1612,855,757,1612,855,757,0,0,0,0,0,0,0,0,0,0,0,0,,
C3010,33,14,0,District - Karur  *  14,Rural,5,10306,5269,5037,3865,1989,1876,3865,1989,1876,0,0,0,0,0,0,0,0,0,0,0,0,,
C3010,33,14,0,District - Karur  *  14,Rural,6,9561,4944,4617,7152,3738,3414,7152,3738,3414,0,0,0,0,0,0,0,0,0,0,0,0,,
C3010,33,14,0,District - Karur  *  14,Rural,7,10953,5566,5387,9784,5042,4742,9784,5042,4742,0,0,0,0,0,0,0,0,0,0,0,0,,
C3010,33,14,0,District - Karur  *  14,Rural,8,10813,5535,5278,10104,5203,4901,10104,5203,4901,0,0,0,0,0,0,0,0,0,0,0,0,,
C3010,33,14,0,District - Karur  *  14,Rural,9,10522,5397,5125,9841,5111,4730,9841,5111,4730,0,0,0,0,0,0,0,0,0,0,0,0,,
C3010,33,14,0,District - Karur  *  14,Rural,10,12399,6423,5976,11057,5842,5215,11057,5842,5215,0,0,0,0,0,0,0,0,0,0,0,0,,
C3010,33,14,0,District - Karur  *  14,Rural,11,8736,4601,4135,8013,4269,3744,8013,4269,3744,0,0,0,0,0,0,0,0,0,0,0,0,,
C3010,33,14,0,District - Karur  *  14,Rural,12,11887,6290,5597,10161,5532,4629,10161,5532,4629,0,0,0,0,0,0,0,0,0,0,0,0,,
C3010,33,14,0,District - Karur  *  14,Rural,13,10782,5480,5302,8888,4676,4212,8888,4676,4212,0,0,0,0,0,0,0,0,0,0,0,0,,
C3010,33,14,0,District - Karur  *  14,Rural,14,9501,4841,4660,7201,3838,3363,7201,3838,3363,0,0,0,0,0,0,0,0,0,0,0,0,,
C3010,33,14,0,District - Karur  *  14,Rural,15-19,54175,27824,26351,20678,11703,8975,18594,10502,8092,1526,829,697,387,283,104,165,88,77,6,1,5,,
C3010,33,14,0,District - Karur  *  14,Rural,20-24,52807,26188,26619,3843,2489,1354,1045,688,357,2441,1587,854,244,164,80,94,42,52,19,8,11,,
C3010,33,14,0,District - Karur  *  14,Rural,25-29,53908,25389,28519,455,324,131,0,0,0,236,178,58,114,78,36,77,56,21,28,12,16,,
C3010,33,14,0,District - Karur  *  14,Rural,30-34,45584,22466,23118,138,91,47,0,0,0,51,36,15,27,18,9,45,32,13,15,5,10,,
C3010,33,14,0,District - Karur  *  14,Rural,35-59,192751,93638,99113,255,157,98,0,0,0,38,30,8,30,15,15,74,58,16,113,54,59,,
C3010,33,14,0,District - Karur  *  14,Rural,60+,69269,34709,34560,38,30,8,0,0,0,8,7,1,6,3,3,12,10,2,12,10,2,,
C3010,33,14,0,District - Karur  *  14,Rural,Age not stated,788,500,288,5,5,0,0,0,0,3,3,0,2,2,0,0,0,0,0,0,0,,
C3010,33,14,0,District - Karur  *  14,Urban,All ages,311256,154616,156640,65963,34767,31196,59980,31254,28726,4641,2666,1975,699,483,216,610,348,262,33,16,17,,
C3010,33,14,0,District - Karur  *  14,Urban,0-4,23937,12356,11581,1647,862,785,1647,862,785,0,0,0,0,0,0,0,0,0,0,0,0,,
C3010,33,14,0,District - Karur  *  14,Urban,5,5104,2653,2451,2436,1248,1188,2436,1248,1188,0,0,0,0,0,0,0,0,0,0,0,0,,
C3010,33,14,0,District - Karur  *  14,Urban,6,4683,2439,2244,3667,1933,1734,3667,1933,1734,0,0,0,0,0,0,0,0,0,0,0,0,,
C3010,33,14,0,District - Karur  *  14,Urban,7,5282,2716,2566,5022,2585,2437,5022,2585,2437,0,0,0,0,0,0,0,0,0,0,0,0,,
C3010,33,14,0,District - Karur  *  14,Urban,8,5263,2711,2552,5043,2604,2439,5043,2604,2439,0,0,0,0,0,0,0,0,0,0,0,0,,
C3010,33,14,0,District - Karur  *  14,Urban,9,5082,2616,2466,4885,2527,2358,4885,2527,2358,0,0,0,0,0,0,0,0,0,0,0,0,,
C3010,33,14,0,District - Karur  *  14,Urban,10,6028,3157,2871,5679,2985,2694,5679,2985,2694,0,0,0,0,0,0,0,0,0,0,0,0,,
C3010,33,14,0,District - Karur  *  14,Urban,11,4771,2452,2319,4545,2345,2200,4545,2345,2200,0,0,0,0,0,0,0,0,0,0,0,0,,
C3010,33,14,0,District - Karur  *  14,Urban,12,5784,2944,2840,5337,2747,2590,5337,2747,2590,0,0,0,0,0,0,0,0,0,0,0,0,,
C3010,33,14,0,District - Karur  *  14,Urban,13,5452,2730,2722,4868,2464,2404,4868,2464,2404,0,0,0,0,0,0,0,0,0,0,0,0,,
C3010,33,14,0,District - Karur  *  14,Urban,14,4903,2439,2464,4106,2073,2033,4106,2073,2033,0,0,0,0,0,0,0,0,0,0,0,0,,
C3010,33,14,0,District - Karur  *  14,Urban,15-19,27637,13650,13987,14073,7487,6586,11993,6393,5600,1554,775,779,340,236,104,182,80,102,4,3,1,,
C3010,33,14,0,District - Karur  *  14,Urban,20-24,28402,13539,14863,3751,2280,1471,752,488,264,2672,1586,1086,202,143,59,124,63,61,1,0,1,,
C3010,33,14,0,District - Karur  *  14,Urban,25-29,29656,13764,15892,468,337,131,0,0,0,268,203,65,79,52,27,117,81,36,4,1,3,,
C3010,33,14,0,District - Karur  *  14,Urban,30-34,25766,12804,12962,144,91,53,0,0,0,68,45,23,25,18,7,50,28,22,1,0,1,,
C3010,33,14,0,District - Karur  *  14,Urban,35-59,95502,48009,47493,251,171,80,0,0,0,71,52,19,42,27,15,118,80,38,20,12,8,,
C3010,33,14,0,District - Karur  *  14,Urban,60+,27641,13442,14199,37,25,12,0,0,0,5,2,3,11,7,4,19,16,3,2,0,2,,
C3010,33,14,0,District - Karur  *  14,Urban,Age not stated,363,195,168,4,3,1,0,0,0,3,3,0,0,0,0,0,0,0,1,0,1,,
C3010,33,15,0,District - Tiruchirappalli  15,Total,All ages,2418366,1208534,1209832,560871,293336,267535,497501,255936,241565,49869,28721,21148,10520,7122,3398,2546,1350,1196,435,207,228,,
C3010,33,15,0,District - Tiruchirappalli  15,Total,0-4,192160,98074,94086,11548,5865,5683,11548,5865,5683,0,0,0,0,0,0,0,0,0,0,0,0,,
C3010,33,15,0,District - Tiruchirappalli  15,Total,5,39372,20440,18932,17780,9296,8484,17780,9296,8484,0,0,0,0,0,0,0,0,0,0,0,0,,
C3010,33,15,0,District - Tiruchirappalli  15,Total,6,38511,19648,18863,30573,15680,14893,30573,15680,14893,0,0,0,0,0,0,0,0,0,0,0,0,,
C3010,33,15,0,District - Tiruchirappalli  15,Total,7,43348,22112,21236,40635,20777,19858,40635,20777,19858,0,0,0,0,0,0,0,0,0,0,0,0,,
C3010,33,15,0,District - Tiruchirappalli  15,Total,8,44419,22252,22167,42537,21398,21139,42537,21398,21139,0,0,0,0,0,0,0,0,0,0,0,0,,
C3010,33,15,0,District - Tiruchirappalli  15,Total,9,41924,21326,20598,40377,20576,19801,40377,20576,19801,0,0,0,0,0,0,0,0,0,0,0,0,,
C3010,33,15,0,District - Tiruchirappalli  15,Total,10,50571,26339,24232,47665,24952,22713,47665,24952,22713,0,0,0,0,0,0,0,0,0,0,0,0,,
C3010,33,15,0,District - Tiruchirappalli  15,Total,11,39073,20096,18977,37155,19114,18041,37155,19114,18041,0,0,0,0,0,0,0,0,0,0,0,0,,
C3010,33,15,0,District - Tiruchirappalli  15,Total,12,49023,25435,23588,44846,23391,21455,44846,23391,21455,0,0,0,0,0,0,0,0,0,0,0,0,,
C3010,33,15,0,District - Tiruchirappalli  15,Total,13,47264,23668,23596,42043,21275,20768,42043,21275,20768,0,0,0,0,0,0,0,0,0,0,0,0,,
C3010,33,15,0,District - Tiruchirappalli  15,Total,14,42582,21493,21089,35724,18159,17565,35724,18159,17565,0,0,0,0,0,0,0,0,0,0,0,0,,
C3010,33,15,0,District - Tiruchirappalli  15,Total,15-19,243898,122692,121206,126191,65730,60461,100822,52030,48792,18577,9411,9166,5701,3717,1984,1080,564,516,11,8,3,,
C3010,33,15,0,District - Tiruchirappalli  15,Total,20-24,224602,112782,111820,36962,22488,14474,5796,3423,2373,27475,16706,10769,2983,2042,941,676,302,374,32,15,17,,
C3010,33,15,0,District - Tiruchirappalli  15,Total,25-29,213185,101140,112045,3634,2553,1081,0,0,0,2302,1596,706,810,643,167,447,292,155,75,22,53,,
C3010,33,15,0,District - Tiruchirappalli  15,Total,30-34,181955,90056,91899,896,552,344,0,0,0,479,318,161,201,131,70,162,84,78,54,19,35,,
C3010,33,15,0,District - Tiruchirappalli  15,Total,35-59,700422,349745,350677,1422,926,496,0,0,0,626,433,193,440,291,149,152,96,56,204,106,98,,
C3010,33,15,0,District - Tiruchirappalli  15,Total,60+,218034,107032,111002,265,164,101,0,0,0,114,79,35,68,37,31,26,12,14,57,36,21,,
C3010,33,15,0,District - Tiruchirappalli  15,Total,Age not stated,8023,4204,3819,618,440,178,0,0,0,296,178,118,317,261,56,3,0,3,2,1,1,,
C3010,33,15,0,District - Tiruchirappalli  15,Rural,All ages,1279204,638617,640587,276688,147358,129330,260062,136487,123575,13117,8476,4641,2336,1728,608,863,520,343,310,147,163,,
C3010,33,15,0,District - Tiruchirappalli  15,Rural,0-4,108742,55766,52976,4253,2200,2053,4253,2200,2053,0,0,0,0,0,0,0,0,0,0,0,0,,
C3010,33,15,0,District - Tiruchirappalli  15,Rural,5,21199,11069,10130,8774,4642,4132,8774,4642,4132,0,0,0,0,0,0,0,0,0,0,0,0,,
C3010,33,15,0,District - Tiruchirappalli  15,Rural,6,21720,11220,10500,17656,9166,8490,17656,9166,8490,0,0,0,0,0,0,0,0,0,0,0,0,,
C3010,33,15,0,District - Tiruchirappalli  15,Rural,7,24571,12570,12001,22949,11799,11150,22949,11799,11150,0,0,0,0,0,0,0,0,0,0,0,0,,
C3010,33,15,0,District - Tiruchirappalli  15,Rural,8,25098,12641,12457,24013,12177,11836,24013,12177,11836,0,0,0,0,0,0,0,0,0,0,0,0,,
C3010,33,15,0,District - Tiruchirappalli  15,Rural,9,23935,12224,11711,23008,11792,11216,23008,11792,11216,0,0,0,0,0,0,0,0,0,0,0,0,,
C3010,33,15,0,District - Tiruchirappalli  15,Rural,10,27880,14593,13287,26060,13766,12294,26060,13766,12294,0,0,0,0,0,0,0,0,0,0,0,0,,
C3010,33,15,0,District - Tiruchirappalli  15,Rural,11,20701,10681,10020,19580,10133,9447,19580,10133,9447,0,0,0,0,0,0,0,0,0,0,0,0,,
C3010,33,15,0,District - Tiruchirappalli  15,Rural,12,26962,14117,12845,24278,12897,11381,24278,12897,11381,0,0,0,0,0,0,0,0,0,0,0,0,,
C3010,33,15,0,District - Tiruchirappalli  15,Rural,13,25363,12801,12562,22015,11356,10659,22015,11356,10659,0,0,0,0,0,0,0,0,0,0,0,0,,
C3010,33,15,0,District - Tiruchirappalli  15,Rural,14,22091,11248,10843,17835,9284,8551,17835,9284,8551,0,0,0,0,0,0,0,0,0,0,0,0,,
C3010,33,15,0,District - Tiruchirappalli  15,Rural,15-19,125295,63407,61888,53254,29454,23800,46804,25513,21291,4703,2722,1981,1299,933,366,444,283,161,4,3,1,,
C3010,33,15,0,District - Tiruchirappalli  15,Rural,20-24,112876,56734,56142,11113,7327,3786,2837,1762,1075,7401,4953,2448,645,495,150,212,110,102,18,7,11,,
C3010,33,15,0,District - Tiruchirappalli  15,Rural,25-29,109983,52399,57584,1070,819,251,0,0,0,680,544,136,239,199,40,100,64,36,51,12,39,,
C3010,33,15,0,District - Tiruchirappalli  15,Rural,30-34,90879,45087,45792,282,192,90,0,0,0,142,111,31,50,36,14,46,28,18,44,17,27,,
C3010,33,15,0,District - Tiruchirappalli  15,Rural,35-59,368781,180379,188402,405,258,147,0,0,0,142,111,31,66,39,27,45,28,17,152,80,72,,
C3010,33,15,0,District - Tiruchirappalli  15,Rural,60+,119678,59893,59785,100,64,36,0,0,0,18,13,5,26,16,10,15,7,8,41,28,13,,
C3010,33,15,0,District - Tiruchirappalli  15,Rural,Age not stated,3450,1788,1662,43,32,11,0,0,0,31,22,9,11,10,1,1,0,1,0,0,0,,
C3010,33,15,0,District - Tiruchirappalli  15,Urban,All ages,1139162,569917,569245,284183,145978,138205,237439,119449,117990,36752,20245,16507,8184,5394,2790,1683,830,853,125,60,65,,
C3010,33,15,0,District - Tiruchirappalli  15,Urban,0-4,83418,42308,41110,7295,3665,3630,7295,3665,3630,0,0,0,0,0,0,0,0,0,0,0,0,,
C3010,33,15,0,District - Tiruchirappalli  15,Urban,5,18173,9371,8802,9006,4654,4352,9006,4654,4352,0,0,0,0,0,0,0,0,0,0,0,0,,
C3010,33,15,0,District - Tiruchirappalli  15,Urban,6,16791,8428,8363,12917,6514,6403,12917,6514,6403,0,0,0,0,0,0,0,0,0,0,0,0,,
C3010,33,15,0,District - Tiruchirappalli  15,Urban,7,18777,9542,9235,17686,8978,8708,17686,8978,8708,0,0,0,0,0,0,0,0,0,0,0,0,,
C3010,33,15,0,District - Tiruchirappalli  15,Urban,8,19321,9611,9710,18524,9221,9303,18524,9221,9303,0,0,0,0,0,0,0,0,0,0,0,0,,
C3010,33,15,0,District - Tiruchirappalli  15,Urban,9,17989,9102,8887,17369,8784,8585,17369,8784,8585,0,0,0,0,0,0,0,0,0,0,0,0,,
C3010,33,15,0,District - Tiruchirappalli  15,Urban,10,22691,11746,10945,21605,11186,10419,21605,11186,10419,0,0,0,0,0,0,0,0,0,0,0,0,,
C3010,33,15,0,District - Tiruchirappalli  15,Urban,11,18372,9415,8957,17575,8981,8594,17575,8981,8594,0,0,0,0,0,0,0,0,0,0,0,0,,
C3010,33,15,0,District - Tiruchirappalli  15,Urban,12,22061,11318,10743,20568,10494,10074,20568,10494,10074,0,0,0,0,0,0,0,0,0,0,0,0,,
C3010,33,15,0,District - Tiruchirappalli  15,Urban,13,21901,10867,11034,20028,9919,10109,20028,9919,10109,0,0,0,0,0,0,0,0,0,0,0,0,,
C3010,33,15,0,District - Tiruchirappalli  15,Urban,14,20491,10245,10246,17889,8875,9014,17889,8875,9014,0,0,0,0,0,0,0,0,0,0,0,0,,
C3010,33,15,0,District - Tiruchirappalli  15,Urban,15-19,118603,59285,59318,72937,36276,36661,54018,26517,27501,13874,6689,7185,4402,2784,1618,636,281,355,7,5,2,,
C3010,33,15,0,District - Tiruchirappalli  15,Urban,20-24,111726,56048,55678,25849,15161,10688,2959,1661,1298,20074,11753,8321,2338,1547,791,464,192,272,14,8,6,,
C3010,33,15,0,District - Tiruchirappalli  15,Urban,25-29,103202,48741,54461,2564,1734,830,0,0,0,1622,1052,570,571,444,127,347,228,119,24,10,14,,
C3010,33,15,0,District - Tiruchirappalli  15,Urban,30-34,91076,44969,46107,614,360,254,0,0,0,337,207,130,151,95,56,116,56,60,10,2,8,,
C3010,33,15,0,District - Tiruchirappalli  15,Urban,35-59,331641,169366,162275,1017,668,349,0,0,0,484,322,162,374,252,122,107,68,39,52,26,26,,
C3010,33,15,0,District - Tiruchirappalli  15,Urban,60+,98356,47139,51217,165,100,65,0,0,0,96,66,30,42,21,21,11,5,6,16,8,8,,
C3010,33,15,0,District - Tiruchirappalli  15,Urban,Age not stated,4573,2416,2157,575,408,167,0,0,0,265,156,109,306,251,55,2,0,2,2,1,1,,
C3010,33,16,0,District - Perambalur  *  16,Total,All ages,493646,246141,247505,112253,61764,50489,105097,57021,48076,5852,3838,2014,912,697,215,301,171,130,91,37,54,,
C3010,33,16,0,District - Perambalur  *  16,Total,0-4,43517,22418,21099,1764,937,827,1764,937,827,0,0,0,0,0,0,0,0,0,0,0,0,,
C3010,33,16,0,District - Perambalur  *  16,Total,5,8671,4544,4127,4045,2164,1881,4045,2164,1881,0,0,0,0,0,0,0,0,0,0,0,0,,
C3010,33,16,0,District - Perambalur  *  16,Total,6,8290,4262,4028,6646,3396,3250,6646,3396,3250,0,0,0,0,0,0,0,0,0,0,0,0,,
C3010,33,16,0,District - Perambalur  *  16,Total,7,9538,5009,4529,8938,4698,4240,8938,4698,4240,0,0,0,0,0,0,0,0,0,0,0,0,,
C3010,33,16,0,District - Perambalur  *  16,Total,8,10141,5247,4894,9728,5025,4703,9728,5025,4703,0,0,0,0,0,0,0,0,0,0,0,0,,
C3010,33,16,0,District - Perambalur  *  16,Total,9,9386,4753,4633,9024,4587,4437,9024,4587,4437,0,0,0,0,0,0,0,0,0,0,0,0,,
C3010,33,16,0,District - Perambalur  *  16,Total,10,11087,5768,5319,10357,5455,4902,10357,5455,4902,0,0,0,0,0,0,0,0,0,0,0,0,,
C3010,33,16,0,District - Perambalur  *  16,Total,11,8630,4668,3962,8102,4436,3666,8102,4436,3666,0,0,0,0,0,0,0,0,0,0,0,0,,
C3010,33,16,0,District - Perambalur  *  16,Total,12,10933,5775,5158,9773,5213,4560,9773,5213,4560,0,0,0,0,0,0,0,0,0,0,0,0,,
C3010,33,16,0,District - Perambalur  *  16,Total,13,10416,5471,4945,9020,4906,4114,9020,4906,4114,0,0,0,0,0,0,0,0,0,0,0,0,,
C3010,33,16,0,District - Perambalur  *  16,Total,14,9153,4805,4348,7399,4092,3307,7399,4092,3307,0,0,0,0,0,0,0,0,0,0,0,0,,
C3010,33,16,0,District - Perambalur  *  16,Total,15-19,49822,25616,24206,22147,13203,8944,19188,11370,7818,2301,1358,943,520,399,121,131,75,56,7,1,6,,
C3010,33,16,0,District - Perambalur  *  16,Total,20-24,41699,20554,21145,4568,3130,1438,1113,742,371,3137,2159,978,237,187,50,70,38,32,11,4,7,,
C3010,33,16,0,District - Perambalur  *  16,Total,25-29,42363,19345,23018,437,330,107,0,0,0,290,229,61,84,67,17,48,31,17,15,3,12,,
C3010,33,16,0,District - Perambalur  *  16,Total,30-34,33619,16061,17558,104,70,34,0,0,0,43,33,10,28,21,7,25,13,12,8,3,5,,
C3010,33,16,0,District - Perambalur  *  16,Total,35-59,140292,67974,72318,156,96,60,0,0,0,62,45,17,31,17,14,25,14,11,38,20,18,,
C3010,33,16,0,District - Perambalur  *  16,Total,60+,45180,23352,21828,36,19,17,0,0,0,11,8,3,12,6,6,2,0,2,11,5,6,,
C3010,33,16,0,District - Perambalur  *  16,Total,Age not stated,909,519,390,9,7,2,0,0,0,8,6,2,0,0,0,0,0,0,1,1,0,,
C3010,33,16,0,District - Perambalur  *  16,Rural,All ages,414426,206807,207619,90484,50187,40297,86125,46880,39245,3524,2705,819,594,477,117,154,89,65,87,36,51,,
C3010,33,16,0,District - Perambalur  *  16,Rural,0-4,37082,19130,17952,1403,741,662,1403,741,662,0,0,0,0,0,0,0,0,0,0,0,0,,
C3010,33,16,0,District - Perambalur  *  16,Rural,5,7338,3860,3478,3447,1860,1587,3447,1860,1587,0,0,0,0,0,0,0,0,0,0,0,0,,
C3010,33,16,0,District - Perambalur  *  16,Rural,6,7002,3607,3395,5694,2904,2790,5694,2904,2790,0,0,0,0,0,0,0,0,0,0,0,0,,
C3010,33,16,0,District - Perambalur  *  16,Rural,7,8097,4222,3875,7610,3966,3644,7610,3966,3644,0,0,0,0,0,0,0,0,0,0,0,0,,
C3010,33,16,0,District - Perambalur  *  16,Rural,8,8652,4491,4161,8295,4301,3994,8295,4301,3994,0,0,0,0,0,0,0,0,0,0,0,0,,
C3010,33,16,0,District - Perambalur  *  16,Rural,9,8015,4060,3955,7692,3918,3774,7692,3918,3774,0,0,0,0,0,0,0,0,0,0,0,0,,
C3010,33,16,0,District - Perambalur  *  16,Rural,10,9356,4878,4478,8714,4599,4115,8714,4599,4115,0,0,0,0,0,0,0,0,0,0,0,0,,
C3010,33,16,0,District - Perambalur  *  16,Rural,11,7135,3848,3287,6662,3643,3019,6662,3643,3019,0,0,0,0,0,0,0,0,0,0,0,0,,
C3010,33,16,0,District - Perambalur  *  16,Rural,12,9110,4813,4297,8063,4306,3757,8063,4306,3757,0,0,0,0,0,0,0,0,0,0,0,0,,
C3010,33,16,0,District - Perambalur  *  16,Rural,13,8573,4486,4087,7319,3984,3335,7319,3984,3335,0,0,0,0,0,0,0,0,0,0,0,0,,
C3010,33,16,0,District - Perambalur  *  16,Rural,14,7481,3962,3519,5913,3312,2601,5913,3312,2601,0,0,0,0,0,0,0,0,0,0,0,0,,
C3010,33,16,0,District - Perambalur  *  16,Rural,15-19,40359,20830,19529,16150,10018,6132,14409,8727,5682,1341,989,352,329,271,58,64,30,34,7,1,6,,
C3010,33,16,0,District - Perambalur  *  16,Rural,20-24,34314,16993,17321,3001,2253,748,904,619,285,1894,1478,416,148,124,24,45,28,17,10,4,6,,
C3010,33,16,0,District - Perambalur  *  16,Rural,25-29,35552,16249,19303,303,243,60,0,0,0,204,171,33,60,49,11,26,20,6,13,3,10,,
C3010,33,16,0,District - Perambalur  *  16,Rural,30-34,28141,13488,14653,70,51,19,0,0,0,32,27,5,22,16,6,8,5,3,8,3,5,,
C3010,33,16,0,District - Perambalur  *  16,Rural,35-59,118572,57321,61251,116,71,45,0,0,0,43,32,11,25,13,12,10,6,4,38,20,18,,
C3010,33,16,0,District - Perambalur  *  16,Rural,60+,38898,20153,18745,25,12,13,0,0,0,4,4,0,10,4,6,1,0,1,10,4,6,,
C3010,33,16,0,District - Perambalur  *  16,Rural,Age not stated,749,416,333,7,5,2,0,0,0,6,4,2,0,0,0,0,0,0,1,1,0,,
C3010,33,16,0,District - Perambalur  *  16,Urban,All ages,79220,39334,39886,21769,11577,10192,18972,10141,8831,2328,1133,1195,318,220,98,147,82,65,4,1,3,,
C3010,33,16,0,District - Perambalur  *  16,Urban,0-4,6435,3288,3147,361,196,165,361,196,165,0,0,0,0,0,0,0,0,0,0,0,0,,
C3010,33,16,0,District - Perambalur  *  16,Urban,5,1333,684,649,598,304,294,598,304,294,0,0,0,0,0,0,0,0,0,0,0,0,,
C3010,33,16,0,District - Perambalur  *  16,Urban,6,1288,655,633,952,492,460,952,492,460,0,0,0,0,0,0,0,0,0,0,0,0,,
C3010,33,16,0,District - Perambalur  *  16,Urban,7,1441,787,654,1328,732,596,1328,732,596,0,0,0,0,0,0,0,0,0,0,0,0,,
C3010,33,16,0,District - Perambalur  *  16,Urban,8,1489,756,733,1433,724,709,1433,724,709,0,0,0,0,0,0,0,0,0,0,0,0,,
C3010,33,16,0,District - Perambalur  *  16,Urban,9,1371,693,678,1332,669,663,1332,669,663,0,0,0,0,0,0,0,0,0,0,0,0,,
C3010,33,16,0,District - Perambalur  *  16,Urban,10,1731,890,841,1643,856,787,1643,856,787,0,0,0,0,0,0,0,0,0,0,0,0,,
C3010,33,16,0,District - Perambalur  *  16,Urban,11,1495,820,675,1440,793,647,1440,793,647,0,0,0,0,0,0,0,0,0,0,0,0,,
C3010,33,16,0,District - Perambalur  *  16,Urban,12,1823,962,861,1710,907,803,1710,907,803,0,0,0,0,0,0,0,0,0,0,0,0,,
C3010,33,16,0,District - Perambalur  *  16,Urban,13,1843,985,858,1701,922,779,1701,922,779,0,0,0,0,0,0,0,0,0,0,0,0,,
C3010,33,16,0,District - Perambalur  *  16,Urban,14,1672,843,829,1486,780,706,1486,780,706,0,0,0,0,0,0,0,0,0,0,0,0,,
C3010,33,16,0,District - Perambalur  *  16,Urban,15-19,9463,4786,4677,5997,3185,2812,4779,2643,2136,960,369,591,191,128,63,67,45,22,0,0,0,,
C3010,33,16,0,District - Perambalur  *  16,Urban,20-24,7385,3561,3824,1567,877,690,209,123,86,1243,681,562,89,63,26,25,10,15,1,0,1,,
C3010,33,16,0,District - Perambalur  *  16,Urban,25-29,6811,3096,3715,134,87,47,0,0,0,86,58,28,24,18,6,22,11,11,2,0,2,,
C3010,33,16,0,District - Perambalur  *  16,Urban,30-34,5478,2573,2905,34,19,15,0,0,0,11,6,5,6,5,1,17,8,9,0,0,0,,
C3010,33,16,0,District - Perambalur  *  16,Urban,35-59,21720,10653,11067,40,25,15,0,0,0,19,13,6,6,4,2,15,8,7,0,0,0,,
C3010,33,16,0,District - Perambalur  *  16,Urban,60+,6282,3199,3083,11,7,4,0,0,0,7,4,3,2,2,0,1,0,1,1,1,0,,
C3010,33,16,0,District - Perambalur  *  16,Urban,Age not stated,160,103,57,2,2,0,0,0,0,2,2,0,0,0,0,0,0,0,0,0,0,,
C3010,33,17,0,District - Ariyalur  *  17,Total,All ages,695524,346763,348761,153383,82091,71292,145971,77080,68891,5805,3904,1901,1151,850,301,368,213,155,88,44,44,,
C3010,33,17,0,District - Ariyalur  *  17,Total,0-4,64099,32886,31213,2085,1090,995,2085,1090,995,0,0,0,0,0,0,0,0,0,0,0,0,,
C3010,33,17,0,District - Ariyalur  *  17,Total,5,13050,6736,6314,6246,3221,3025,6246,3221,3025,0,0,0,0,0,0,0,0,0,0,0,0,,
C3010,33,17,0,District - Ariyalur  *  17,Total,6,11950,6104,5846,9538,4883,4655,9538,4883,4655,0,0,0,0,0,0,0,0,0,0,0,0,,
C3010,33,17,0,District - Ariyalur  *  17,Total,7,13868,7006,6862,12970,6573,6397,12970,6573,6397,0,0,0,0,0,0,0,0,0,0,0,0,,
C3010,33,17,0,District - Ariyalur  *  17,Total,8,15026,7586,7440,14319,7256,7063,14319,7256,7063,0,0,0,0,0,0,0,0,0,0,0,0,,
C3010,33,17,0,District - Ariyalur  *  17,Total,9,13454,6927,6527,12905,6672,6233,12905,6672,6233,0,0,0,0,0,0,0,0,0,0,0,0,,
C3010,33,17,0,District - Ariyalur  *  17,Total,10,15657,8014,7643,14599,7568,7031,14599,7568,7031,0,0,0,0,0,0,0,0,0,0,0,0,,
C3010,33,17,0,District - Ariyalur  *  17,Total,11,11644,6108,5536,10907,5773,5134,10907,5773,5134,0,0,0,0,0,0,0,0,0,0,0,0,,
C3010,33,17,0,District - Ariyalur  *  17,Total,12,15116,7824,7292,13386,7104,6282,13386,7104,6282,0,0,0,0,0,0,0,0,0,0,0,0,,
C3010,33,17,0,District - Ariyalur  *  17,Total,13,13667,6851,6816,11781,6130,5651,11781,6130,5651,0,0,0,0,0,0,0,0,0,0,0,0,,
C3010,33,17,0,District - Ariyalur  *  17,Total,14,11874,5919,5955,9703,5013,4690,9703,5013,4690,0,0,0,0,0,0,0,0,0,0,0,0,,
C3010,33,17,0,District - Ariyalur  *  17,Total,15-19,66442,33392,33050,28545,16445,12100,25888,14728,11160,1988,1239,749,512,397,115,155,81,74,2,0,2,,
C3010,33,17,0,District - Ariyalur  *  17,Total,20-24,58228,28703,29525,5286,3553,1733,1644,1069,575,3212,2191,1021,336,238,98,84,48,36,10,7,3,,
C3010,33,17,0,District - Ariyalur  *  17,Total,25-29,62580,28900,33680,671,511,160,0,0,0,408,325,83,177,134,43,68,45,23,18,7,11,,
C3010,33,17,0,District - Ariyalur  *  17,Total,30-34,50329,24651,25678,175,119,56,0,0,0,82,62,20,57,40,17,23,10,13,13,7,6,,
C3010,33,17,0,District - Ariyalur  *  17,Total,35-59,193785,95442,98343,214,145,69,0,0,0,93,71,22,54,34,20,31,23,8,36,17,19,,
C3010,33,17,0,District - Ariyalur  *  17,Total,60+,63633,33107,30526,41,27,14,0,0,0,12,9,3,13,6,7,7,6,1,9,6,3,,
C3010,33,17,0,District - Ariyalur  *  17,Total,Age not stated,1122,607,515,12,8,4,0,0,0,10,7,3,2,1,1,0,0,0,0,0,0,,
C3010,33,17,0,District - Ariyalur  *  17,Rural,All ages,616539,307670,308869,133291,72060,61231,127425,67939,59486,4505,3149,1356,982,752,230,292,177,115,87,43,44,,
C3010,33,17,0,District - Ariyalur  *  17,Rural,0-4,57197,29387,27810,1643,857,786,1643,857,786,0,0,0,0,0,0,0,0,0,0,0,0,,
C3010,33,17,0,District - Ariyalur  *  17,Rural,5,11564,5976,5588,5555,2865,2690,5555,2865,2690,0,0,0,0,0,0,0,0,0,0,0,0,,
C3010,33,17,0,District - Ariyalur  *  17,Rural,6,10618,5426,5192,8504,4359,4145,8504,4359,4145,0,0,0,0,0,0,0,0,0,0,0,0,,
C3010,33,17,0,District - Ariyalur  *  17,Rural,7,12372,6244,6128,11569,5860,5709,11569,5860,5709,0,0,0,0,0,0,0,0,0,0,0,0,,
C3010,33,17,0,District - Ariyalur  *  17,Rural,8,13364,6764,6600,12733,6473,6260,12733,6473,6260,0,0,0,0,0,0,0,0,0,0,0,0,,
C3010,33,17,0,District - Ariyalur  *  17,Rural,9,12040,6219,5821,11533,5984,5549,11533,5984,5549,0,0,0,0,0,0,0,0,0,0,0,0,,
C3010,33,17,0,District - Ariyalur  *  17,Rural,10,13853,7121,6732,12874,6711,6163,12874,6711,6163,0,0,0,0,0,0,0,0,0,0,0,0,,
C3010,33,17,0,District - Ariyalur  *  17,Rural,11,10262,5396,4866,9607,5107,4500,9607,5107,4500,0,0,0,0,0,0,0,0,0,0,0,0,,
C3010,33,17,0,District - Ariyalur  *  17,Rural,12,13359,6981,6378,11759,6318,5441,11759,6318,5441,0,0,0,0,0,0,0,0,0,0,0,0,,
C3010,33,17,0,District - Ariyalur  *  17,Rural,13,11901,6019,5882,10153,5362,4791,10153,5362,4791,0,0,0,0,0,0,0,0,0,0,0,0,,
C3010,33,17,0,District - Ariyalur  *  17,Rural,14,10235,5138,5097,8236,4317,3919,8236,4317,3919,0,0,0,0,0,0,0,0,0,0,0,0,,
C3010,33,17,0,District - Ariyalur  *  17,Rural,15-19,58351,29450,28901,23890,14149,9741,21828,12771,9057,1490,958,532,446,354,92,124,66,58,2,0,2,,
C3010,33,17,0,District - Ariyalur  *  17,Rural,20-24,51287,25338,25949,4286,2995,1291,1431,955,476,2507,1783,724,278,211,67,60,39,21,10,7,3,,
C3010,33,17,0,District - Ariyalur  *  17,Rural,25-29,55397,25621,29776,565,436,129,0,0,0,342,278,64,150,116,34,55,35,20,18,7,11,,
C3010,33,17,0,District - Ariyalur  *  17,Rural,30-34,44356,21791,22565,150,107,43,0,0,0,67,53,14,52,37,15,18,10,8,13,7,6,,
C3010,33,17,0,District - Ariyalur  *  17,Rural,35-59,172135,84496,87639,188,128,60,0,0,0,80,63,17,44,28,16,29,21,8,35,16,19,,
C3010,33,17,0,District - Ariyalur  *  17,Rural,60+,57245,29765,27480,36,25,11,0,0,0,10,8,2,11,5,6,6,6,0,9,6,3,,
C3010,33,17,0,District - Ariyalur  *  17,Rural,Age not stated,1003,538,465,10,7,3,0,0,0,9,6,3,1,1,0,0,0,0,0,0,0,,
C3010,33,17,0,District - Ariyalur  *  17,Urban,All ages,78985,39093,39892,20092,10031,10061,18546,9141,9405,1300,755,545,169,98,71,76,36,40,1,1,0,,
C3010,33,17,0,District - Ariyalur  *  17,Urban,0-4,6902,3499,3403,442,233,209,442,233,209,0,0,0,0,0,0,0,0,0,0,0,0,,
C3010,33,17,0,District - Ariyalur  *  17,Urban,5,1486,760,726,691,356,335,691,356,335,0,0,0,0,0,0,0,0,0,0,0,0,,
C3010,33,17,0,District - Ariyalur  *  17,Urban,6,1332,678,654,1034,524,510,1034,524,510,0,0,0,0,0,0,0,0,0,0,0,0,,
C3010,33,17,0,District - Ariyalur  *  17,Urban,7,1496,762,734,1401,713,688,1401,713,688,0,0,0,0,0,0,0,0,0,0,0,0,,
C3010,33,17,0,District - Ariyalur  *  17,Urban,8,1662,822,840,1586,783,803,1586,783,803,0,0,0,0,0,0,0,0,0,0,0,0,,
C3010,33,17,0,District - Ariyalur  *  17,Urban,9,1414,708,706,1372,688,684,1372,688,684,0,0,0,0,0,0,0,0,0,0,0,0,,
C3010,33,17,0,District - Ariyalur  *  17,Urban,10,1804,893,911,1725,857,868,1725,857,868,0,0,0,0,0,0,0,0,0,0,0,0,,
C3010,33,17,0,District - Ariyalur  *  17,Urban,11,1382,712,670,1300,666,634,1300,666,634,0,0,0,0,0,0,0,0,0,0,0,0,,
C3010,33,17,0,District - Ariyalur  *  17,Urban,12,1757,843,914,1627,786,841,1627,786,841,0,0,0,0,0,0,0,0,0,0,0,0,,
C3010,33,17,0,District - Ariyalur  *  17,Urban,13,1766,832,934,1628,768,860,1628,768,860,0,0,0,0,0,0,0,0,0,0,0,0,,
C3010,33,17,0,District - Ariyalur  *  17,Urban,14,1639,781,858,1467,696,771,1467,696,771,0,0,0,0,0,0,0,0,0,0,0,0,,
C3010,33,17,0,District - Ariyalur  *  17,Urban,15-19,8091,3942,4149,4655,2296,2359,4060,1957,2103,498,281,217,66,43,23,31,15,16,0,0,0,,
C3010,33,17,0,District - Ariyalur  *  17,Urban,20-24,6941,3365,3576,1000,558,442,213,114,99,705,408,297,58,27,31,24,9,15,0,0,0,,
C3010,33,17,0,District - Ariyalur  *  17,Urban,25-29,7183,3279,3904,106,75,31,0,0,0,66,47,19,27,18,9,13,10,3,0,0,0,,
C3010,33,17,0,District - Ariyalur  *  17,Urban,30-34,5973,2860,3113,25,12,13,0,0,0,15,9,6,5,3,2,5,0,5,0,0,0,,
C3010,33,17,0,District - Ariyalur  *  17,Urban,35-59,21650,10946,10704,26,17,9,0,0,0,13,8,5,10,6,4,2,2,0,1,1,0,,
C3010,33,17,0,District - Ariyalur  *  17,Urban,60+,6388,3342,3046,5,2,3,0,0,0,2,1,1,2,1,1,1,0,1,0,0,0,,
C3010,33,17,0,District - Ariyalur  *  17,Urban,Age not stated,119,69,50,2,1,1,0,0,0,1,1,0,1,0,1,0,0,0,0,0,0,,
C3010,33,18,0,District - Cuddalore  18,Total,All ages,2285395,1150908,1134487,534596,284113,250483,499544,262320,237224,24960,15406,9554,7674,5067,2607,1853,1061,792,565,259,306,,
C3010,33,18,0,District - Cuddalore  18,Total,0-4,204146,104182,99964,10967,5908,5059,10967,5908,5059,0,0,0,0,0,0,0,0,0,0,0,0,,
C3010,33,18,0,District - Cuddalore  18,Total,5,42720,21994,20726,21119,10960,10159,21119,10960,10159,0,0,0,0,0,0,0,0,0,0,0,0,,
C3010,33,18,0,District - Cuddalore  18,Total,6,38098,19469,18629,29258,15022,14236,29258,15022,14236,0,0,0,0,0,0,0,0,0,0,0,0,,
C3010,33,18,0,District - Cuddalore  18,Total,7,44257,22635,21622,40345,20736,19609,40345,20736,19609,0,0,0,0,0,0,0,0,0,0,0,0,,
C3010,33,18,0,District - Cuddalore  18,Total,8,48605,24397,24208,45486,22892,22594,45486,22892,22594,0,0,0,0,0,0,0,0,0,0,0,0,,
C3010,33,18,0,District - Cuddalore  18,Total,9,42647,21457,21190,40431,20433,19998,40431,20433,19998,0,0,0,0,0,0,0,0,0,0,0,0,,
C3010,33,18,0,District - Cuddalore  18,Total,10,53817,27646,26171,49434,25642,23792,49434,25642,23792,0,0,0,0,0,0,0,0,0,0,0,0,,
C3010,33,18,0,District - Cuddalore  18,Total,11,39840,20412,19428,37236,19277,17959,37236,19277,17959,0,0,0,0,0,0,0,0,0,0,0,0,,
C3010,33,18,0,District - Cuddalore  18,Total,12,51984,26717,25267,46318,24198,22120,46318,24198,22120,0,0,0,0,0,0,0,0,0,0,0,0,,
C3010,33,18,0,District - Cuddalore  18,Total,13,47508,23895,23613,41373,21462,19911,41373,21462,19911,0,0,0,0,0,0,0,0,0,0,0,0,,
C3010,33,18,0,District - Cuddalore  18,Total,14,41483,21183,20300,34364,18204,16160,34364,18204,16160,0,0,0,0,0,0,0,0,0,0,0,0,,
C3010,33,18,0,District - Cuddalore  18,Total,15-19,235561,119138,116423,107991,60393,47598,95214,52727,42487,8427,4851,3576,3682,2444,1238,648,360,288,20,11,9,,
C3010,33,18,0,District - Cuddalore  18,Total,20-24,209172,104250,104922,24843,15252,9591,7999,4859,3140,13964,8649,5315,2352,1459,893,473,264,209,55,21,34,,
C3010,33,18,0,District - Cuddalore  18,Total,25-29,209680,99101,110579,2952,2148,804,0,0,0,1706,1266,440,870,663,207,302,192,110,74,27,47,,
C3010,33,18,0,District - Cuddalore  18,Total,30-34,169711,84048,85663,826,562,264,0,0,0,385,284,101,258,185,73,128,75,53,55,18,37,,
C3010,33,18,0,District - Cuddalore  18,Total,35-59,617988,312966,305022,1346,851,495,0,0,0,396,305,91,411,260,151,248,144,104,291,142,149,,
C3010,33,18,0,District - Cuddalore  18,Total,60+,181559,93944,87615,250,152,98,0,0,0,56,43,13,75,45,30,52,24,28,67,40,27,,
C3010,33,18,0,District - Cuddalore  18,Total,Age not stated,6619,3474,3145,57,21,36,0,0,0,26,8,18,26,11,15,2,2,0,3,0,3,,
C3010,33,18,0,District - Cuddalore  18,Rural,All ages,1531034,771786,759248,345747,186782,158965,329026,174985,154041,12071,8540,3531,3156,2440,716,1004,599,405,490,218,272,,
C3010,33,18,0,District - Cuddalore  18,Rural,0-4,141643,72235,69408,5539,3035,2504,5539,3035,2504,0,0,0,0,0,0,0,0,0,0,0,0,,
C3010,33,18,0,District - Cuddalore  18,Rural,5,29050,14945,14105,13855,7177,6678,13855,7177,6678,0,0,0,0,0,0,0,0,0,0,0,0,,
C3010,33,18,0,District - Cuddalore  18,Rural,6,25800,13210,12590,19944,10265,9679,19944,10265,9679,0,0,0,0,0,0,0,0,0,0,0,0,,
C3010,33,18,0,District - Cuddalore  18,Rural,7,30652,15578,15074,27748,14204,13544,27748,14204,13544,0,0,0,0,0,0,0,0,0,0,0,0,,
C3010,33,18,0,District - Cuddalore  18,Rural,8,33647,16885,16762,31341,15782,15559,31341,15782,15559,0,0,0,0,0,0,0,0,0,0,0,0,,
C3010,33,18,0,District - Cuddalore  18,Rural,9,29649,14921,14728,28047,14190,13857,28047,14190,13857,0,0,0,0,0,0,0,0,0,0,0,0,,
C3010,33,18,0,District - Cuddalore  18,Rural,10,37005,19013,17992,33715,17524,16191,33715,17524,16191,0,0,0,0,0,0,0,0,0,0,0,0,,
C3010,33,18,0,District - Cuddalore  18,Rural,11,26269,13566,12703,24361,12754,11607,24361,12754,11607,0,0,0,0,0,0,0,0,0,0,0,0,,
C3010,33,18,0,District - Cuddalore  18,Rural,12,35316,18168,17148,31003,16340,14663,31003,16340,14663,0,0,0,0,0,0,0,0,0,0,0,0,,
C3010,33,18,0,District - Cuddalore  18,Rural,13,31794,16053,15741,27119,14308,12811,27119,14308,12811,0,0,0,0,0,0,0,0,0,0,0,0,,
C3010,33,18,0,District - Cuddalore  18,Rural,14,27253,13936,13317,21985,11838,10147,21985,11838,10147,0,0,0,0,0,0,0,0,0,0,0,0,,
C3010,33,18,0,District - Cuddalore  18,Rural,15-19,159207,81037,78170,65150,38298,26852,59274,34268,25006,4158,2713,1445,1361,1110,251,341,199,142,16,8,8,,
C3010,33,18,0,District - Cuddalore  18,Rural,20-24,137642,69803,67839,12716,8795,3921,5095,3300,1795,6568,4726,1842,808,628,180,202,125,77,43,16,27,,
C3010,33,18,0,District - Cuddalore  18,Rural,25-29,137305,65709,71596,1586,1239,347,0,0,0,930,764,166,426,341,85,164,113,51,66,21,45,,
C3010,33,18,0,District - Cuddalore  18,Rural,30-34,107166,53075,54091,446,311,135,0,0,0,186,154,32,146,103,43,68,43,25,46,11,35,,
C3010,33,18,0,District - Cuddalore  18,Rural,35-59,412505,205880,206625,977,594,383,0,0,0,185,151,34,346,215,131,185,99,86,261,129,132,,
C3010,33,18,0,District - Cuddalore  18,Rural,60+,124533,65378,59155,198,119,79,0,0,0,36,27,9,63,40,23,43,19,24,56,33,23,,
C3010,33,18,0,District - Cuddalore  18,Rural,Age not stated,4598,2394,2204,17,9,8,0,0,0,8,5,3,6,3,3,1,1,0,2,0,2,,
C3010,33,18,0,District - Cuddalore  18,Urban,All ages,754361,379122,375239,188849,97331,91518,170518,87335,83183,12889,6866,6023,4518,2627,1891,849,462,387,75,41,34,,
C3010,33,18,0,District - Cuddalore  18,Urban,0-4,62503,31947,30556,5428,2873,2555,5428,2873,2555,0,0,0,0,0,0,0,0,0,0,0,0,,
C3010,33,18,0,District - Cuddalore  18,Urban,5,13670,7049,6621,7264,3783,3481,7264,3783,3481,0,0,0,0,0,0,0,0,0,0,0,0,,
C3010,33,18,0,District - Cuddalore  18,Urban,6,12298,6259,6039,9314,4757,4557,9314,4757,4557,0,0,0,0,0,0,0,0,0,0,0,0,,
C3010,33,18,0,District - Cuddalore  18,Urban,7,13605,7057,6548,12597,6532,6065,12597,6532,6065,0,0,0,0,0,0,0,0,0,0,0,0,,
C3010,33,18,0,District - Cuddalore  18,Urban,8,14958,7512,7446,14145,7110,7035,14145,7110,7035,0,0,0,0,0,0,0,0,0,0,0,0,,
C3010,33,18,0,District - Cuddalore  18,Urban,9,12998,6536,6462,12384,6243,6141,12384,6243,6141,0,0,0,0,0,0,0,0,0,0,0,0,,
C3010,33,18,0,District - Cuddalore  18,Urban,10,16812,8633,8179,15719,8118,7601,15719,8118,7601,0,0,0,0,0,0,0,0,0,0,0,0,,
C3010,33,18,0,District - Cuddalore  18,Urban,11,13571,6846,6725,12875,6523,6352,12875,6523,6352,0,0,0,0,0,0,0,0,0,0,0,0,,
C3010,33,18,0,District - Cuddalore  18,Urban,12,16668,8549,8119,15315,7858,7457,15315,7858,7457,0,0,0,0,0,0,0,0,0,0,0,0,,
C3010,33,18,0,District - Cuddalore  18,Urban,13,15714,7842,7872,14254,7154,7100,14254,7154,7100,0,0,0,0,0,0,0,0,0,0,0,0,,
C3010,33,18,0,District - Cuddalore  18,Urban,14,14230,7247,6983,12379,6366,6013,12379,6366,6013,0,0,0,0,0,0,0,0,0,0,0,0,,
C3010,33,18,0,District - Cuddalore  18,Urban,15-19,76354,38101,38253,42841,22095,20746,35940,18459,17481,4269,2138,2131,2321,1334,987,307,161,146,4,3,1,,
C3010,33,18,0,District - Cuddalore  18,Urban,20-24,71530,34447,37083,12127,6457,5670,2904,1559,1345,7396,3923,3473,1544,831,713,271,139,132,12,5,7,,
C3010,33,18,0,District - Cuddalore  18,Urban,25-29,72375,33392,38983,1366,909,457,0,0,0,776,502,274,444,322,122,138,79,59,8,6,2,,
C3010,33,18,0,District - Cuddalore  18,Urban,30-34,62545,30973,31572,380,251,129,0,0,0,199,130,69,112,82,30,60,32,28,9,7,2,,
C3010,33,18,0,District - Cuddalore  18,Urban,35-59,205483,107086,98397,369,257,112,0,0,0,211,154,57,65,45,20,63,45,18,30,13,17,,
C3010,33,18,0,District - Cuddalore  18,Urban,60+,57026,28566,28460,52,33,19,0,0,0,20,16,4,12,5,7,9,5,4,11,7,4,,
C3010,33,18,0,District - Cuddalore  18,Urban,Age not stated,2021,1080,941,40,12,28,0,0,0,18,3,15,20,8,12,1,1,0,1,0,1,,
C3010,33,19,0,District - Nagapattinam  *  19,Total,All ages,1488839,739074,749765,337004,173001,164003,319157,162257,156900,12718,7243,5475,3952,2807,1145,901,558,343,276,136,140,,
C3010,33,19,0,District - Nagapattinam  *  19,Total,0-4,129910,65979,63931,5788,3063,2725,5788,3063,2725,0,0,0,0,0,0,0,0,0,0,0,0,,
C3010,33,19,0,District - Nagapattinam  *  19,Total,5,28272,14542,13730,14628,7524,7104,14628,7524,7104,0,0,0,0,0,0,0,0,0,0,0,0,,
C3010,33,19,0,District - Nagapattinam  *  19,Total,6,25164,12875,12289,20215,10348,9867,20215,10348,9867,0,0,0,0,0,0,0,0,0,0,0,0,,
C3010,33,19,0,District - Nagapattinam  *  19,Total,7,28645,14693,13952,26474,13631,12843,26474,13631,12843,0,0,0,0,0,0,0,0,0,0,0,0,,
C3010,33,19,0,District - Nagapattinam  *  19,Total,8,31536,15706,15830,29613,14794,14819,29613,14794,14819,0,0,0,0,0,0,0,0,0,0,0,0,,
C3010,33,19,0,District - Nagapattinam  *  19,Total,9,27256,13638,13618,25988,13032,12956,25988,13032,12956,0,0,0,0,0,0,0,0,0,0,0,0,,
C3010,33,19,0,District - Nagapattinam  *  19,Total,10,33992,17395,16597,31467,16155,15312,31467,16155,15312,0,0,0,0,0,0,0,0,0,0,0,0,,
C3010,33,19,0,District - Nagapattinam  *  19,Total,11,24697,12470,12227,23166,11716,11450,23166,11716,11450,0,0,0,0,0,0,0,0,0,0,0,0,,
C3010,33,19,0,District - Nagapattinam  *  19,Total,12,33408,17001,16407,29870,15231,14639,29870,15231,14639,0,0,0,0,0,0,0,0,0,0,0,0,,
C3010,33,19,0,District - Nagapattinam  *  19,Total,13,29398,14307,15091,25475,12544,12931,25475,12544,12931,0,0,0,0,0,0,0,0,0,0,0,0,,
C3010,33,19,0,District - Nagapattinam  *  19,Total,14,27574,13411,14163,22262,11031,11231,22262,11031,11231,0,0,0,0,0,0,0,0,0,0,0,0,,
C3010,33,19,0,District - Nagapattinam  *  19,Total,15-19,154668,76673,77995,67156,35048,32108,59290,30455,28835,5087,2621,2466,2330,1684,646,428,276,152,21,12,9,,
C3010,33,19,0,District - Nagapattinam  *  19,Total,20-24,133394,65928,67466,13083,7728,5355,4921,2733,2188,6800,4042,2758,1066,791,275,267,144,123,29,18,11,,
C3010,33,19,0,District - Nagapattinam  *  19,Total,25-29,125322,58034,67288,912,634,278,0,0,0,522,364,158,240,178,62,112,76,36,38,16,22,,
C3010,33,19,0,District - Nagapattinam  *  19,Total,30-34,105237,50995,54242,255,167,88,0,0,0,112,80,32,72,42,30,40,32,8,31,13,18,,
C3010,33,19,0,District - Nagapattinam  *  19,Total,35-59,408604,203573,205031,426,234,192,0,0,0,117,88,29,157,66,91,43,25,18,109,55,54,,
C3010,33,19,0,District - Nagapattinam  *  19,Total,60+,132079,67056,65023,136,70,66,0,0,0,39,24,15,48,26,22,8,3,5,41,17,24,,
C3010,33,19,0,District - Nagapattinam  *  19,Total,Age not stated,9683,4798,4885,90,51,39,0,0,0,41,24,17,39,20,19,3,2,1,7,5,2,,
C3010,33,19,0,District - Nagapattinam  *  19,Rural,All ages,1158557,576010,582547,258208,133440,124768,247534,126504,121030,7324,4526,2798,2456,1865,591,657,430,227,237,115,122,,
C3010,33,19,0,District - Nagapattinam  *  19,Rural,0-4,103004,52261,50743,3688,1959,1729,3688,1959,1729,0,0,0,0,0,0,0,0,0,0,0,0,,
C3010,33,19,0,District - Nagapattinam  *  19,Rural,5,22157,11357,10800,11186,5717,5469,11186,5717,5469,0,0,0,0,0,0,0,0,0,0,0,0,,
C3010,33,19,0,District - Nagapattinam  *  19,Rural,6,19902,10202,9700,16052,8240,7812,16052,8240,7812,0,0,0,0,0,0,0,0,0,0,0,0,,
C3010,33,19,0,District - Nagapattinam  *  19,Rural,7,22789,11670,11119,21034,10816,10218,21034,10816,10218,0,0,0,0,0,0,0,0,0,0,0,0,,
C3010,33,19,0,District - Nagapattinam  *  19,Rural,8,25298,12607,12691,23746,11881,11865,23746,11881,11865,0,0,0,0,0,0,0,0,0,0,0,0,,
C3010,33,19,0,District - Nagapattinam  *  19,Rural,9,21767,10956,10811,20763,10465,10298,20763,10465,10298,0,0,0,0,0,0,0,0,0,0,0,0,,
C3010,33,19,0,District - Nagapattinam  *  19,Rural,10,27000,13917,13083,24962,12896,12066,24962,12896,12066,0,0,0,0,0,0,0,0,0,0,0,0,,
C3010,33,19,0,District - Nagapattinam  *  19,Rural,11,19391,9848,9543,18162,9250,8912,18162,9250,8912,0,0,0,0,0,0,0,0,0,0,0,0,,
C3010,33,19,0,District - Nagapattinam  *  19,Rural,12,26546,13467,13079,23666,12053,11613,23666,12053,11613,0,0,0,0,0,0,0,0,0,0,0,0,,
C3010,33,19,0,District - Nagapattinam  *  19,Rural,13,22956,11171,11785,19819,9788,10031,19819,9788,10031,0,0,0,0,0,0,0,0,0,0,0,0,,
C3010,33,19,0,District - Nagapattinam  *  19,Rural,14,21394,10436,10958,17010,8472,8538,17010,8472,8538,0,0,0,0,0,0,0,0,0,0,0,0,,
C3010,33,19,0,District - Nagapattinam  *  19,Rural,15-19,120292,59905,60387,48686,26042,22644,43982,22979,21003,2927,1710,1217,1429,1124,305,334,222,112,14,7,7,,
C3010,33,19,0,District - Nagapattinam  *  19,Rural,20-24,101775,50637,51138,8207,5070,3137,3464,1988,1476,3881,2438,1443,650,517,133,187,112,75,25,15,10,,
C3010,33,19,0,District - Nagapattinam  *  19,Rural,25-29,95367,44135,51232,586,409,177,0,0,0,336,237,99,153,112,41,67,47,20,30,13,17,,
C3010,33,19,0,District - Nagapattinam  *  19,Rural,30-34,79900,38395,41505,193,130,63,0,0,0,77,59,18,59,34,25,29,25,4,28,12,16,,
C3010,33,19,0,District - Nagapattinam  *  19,Rural,35-59,318713,158467,160246,306,166,140,0,0,0,64,51,13,116,48,68,30,19,11,96,48,48,,
C3010,33,19,0,District - Nagapattinam  *  19,Rural,60+,102806,52842,49964,103,58,45,0,0,0,22,18,4,36,21,15,7,3,4,38,16,22,,
C3010,33,19,0,District - Nagapattinam  *  19,Rural,Age not stated,7500,3737,3763,39,28,11,0,0,0,17,13,4,13,9,4,3,2,1,6,4,2,,
C3010,33,19,0,District - Nagapattinam  *  19,Urban,All ages,330282,163064,167218,78796,39561,39235,71623,35753,35870,5394,2717,2677,1496,942,554,244,128,116,39,21,18,,
C3010,33,19,0,District - Nagapattinam  *  19,Urban,0-4,26906,13718,13188,2100,1104,996,2100,1104,996,0,0,0,0,0,0,0,0,0,0,0,0,,
C3010,33,19,0,District - Nagapattinam  *  19,Urban,5,6115,3185,2930,3442,1807,1635,3442,1807,1635,0,0,0,0,0,0,0,0,0,0,0,0,,
C3010,33,19,0,District - Nagapattinam  *  19,Urban,6,5262,2673,2589,4163,2108,2055,4163,2108,2055,0,0,0,0,0,0,0,0,0,0,0,0,,
C3010,33,19,0,District - Nagapattinam  *  19,Urban,7,5856,3023,2833,5440,2815,2625,5440,2815,2625,0,0,0,0,0,0,0,0,0,0,0,0,,
C3010,33,19,0,District - Nagapattinam  *  19,Urban,8,6238,3099,3139,5867,2913,2954,5867,2913,2954,0,0,0,0,0,0,0,0,0,0,0,0,,
C3010,33,19,0,District - Nagapattinam  *  19,Urban,9,5489,2682,2807,5225,2567,2658,5225,2567,2658,0,0,0,0,0,0,0,0,0,0,0,0,,
C3010,33,19,0,District - Nagapattinam  *  19,Urban,10,6992,3478,3514,6505,3259,3246,6505,3259,3246,0,0,0,0,0,0,0,0,0,0,0,0,,
C3010,33,19,0,District - Nagapattinam  *  19,Urban,11,5306,2622,2684,5004,2466,2538,5004,2466,2538,0,0,0,0,0,0,0,0,0,0,0,0,,
C3010,33,19,0,District - Nagapattinam  *  19,Urban,12,6862,3534,3328,6204,3178,3026,6204,3178,3026,0,0,0,0,0,0,0,0,0,0,0,0,,
C3010,33,19,0,District - Nagapattinam  *  19,Urban,13,6442,3136,3306,5656,2756,2900,5656,2756,2900,0,0,0,0,0,0,0,0,0,0,0,0,,
C3010,33,19,0,District - Nagapattinam  *  19,Urban,14,6180,2975,3205,5252,2559,2693,5252,2559,2693,0,0,0,0,0,0,0,0,0,0,0,0,,
C3010,33,19,0,District - Nagapattinam  *  19,Urban,15-19,34376,16768,17608,18470,9006,9464,15308,7476,7832,2160,911,1249,901,560,341,94,54,40,7,5,2,,
C3010,33,19,0,District - Nagapattinam  *  19,Urban,20-24,31619,15291,16328,4876,2658,2218,1457,745,712,2919,1604,1315,416,274,142,80,32,48,4,3,1,,
C3010,33,19,0,District - Nagapattinam  *  19,Urban,25-29,29955,13899,16056,326,225,101,0,0,0,186,127,59,87,66,21,45,29,16,8,3,5,,
C3010,33,19,0,District - Nagapattinam  *  19,Urban,30-34,25337,12600,12737,62,37,25,0,0,0,35,21,14,13,8,5,11,7,4,3,1,2,,
C3010,33,19,0,District - Nagapattinam  *  19,Urban,35-59,89891,45106,44785,120,68,52,0,0,0,53,37,16,41,18,23,13,6,7,13,7,6,,
C3010,33,19,0,District - Nagapattinam  *  19,Urban,60+,29273,14214,15059,33,12,21,0,0,0,17,6,11,12,5,7,1,0,1,3,1,2,,
C3010,33,19,0,District - Nagapattinam  *  19,Urban,Age not stated,2183,1061,1122,51,23,28,0,0,0,24,11,13,26,11,15,0,0,0,1,1,0,,
C3010,33,20,0,District - Thiruvarur  20,Total,All ages,1169474,580784,588690,261132,135273,125859,248469,127369,121100,9065,5417,3648,2358,1788,570,890,540,350,350,159,191,,
C3010,33,20,0,District - Thiruvarur  20,Total,0-4,99565,50514,49051,4007,2012,1995,4007,2012,1995,0,0,0,0,0,0,0,0,0,0,0,0,,
C3010,33,20,0,District - Thiruvarur  20,Total,5,21656,11052,10604,10836,5587,5249,10836,5587,5249,0,0,0,0,0,0,0,0,0,0,0,0,,
C3010,33,20,0,District - Thiruvarur  20,Total,6,18878,9549,9329,15015,7661,7354,15015,7661,7354,0,0,0,0,0,0,0,0,0,0,0,0,,
C3010,33,20,0,District - Thiruvarur  20,Total,7,22138,11331,10807,20641,10564,10077,20641,10564,10077,0,0,0,0,0,0,0,0,0,0,0,0,,
C3010,33,20,0,District - Thiruvarur  20,Total,8,23435,11785,11650,22212,11224,10988,22212,11224,10988,0,0,0,0,0,0,0,0,0,0,0,0,,
C3010,33,20,0,District - Thiruvarur  20,Total,9,21095,10592,10503,20155,10161,9994,20155,10161,9994,0,0,0,0,0,0,0,0,0,0,0,0,,
C3010,33,20,0,District - Thiruvarur  20,Total,10,25500,13200,12300,23801,12332,11469,23801,12332,11469,0,0,0,0,0,0,0,0,0,0,0,0,,
C3010,33,20,0,District - Thiruvarur  20,Total,11,19223,9786,9437,18261,9339,8922,18261,9339,8922,0,0,0,0,0,0,0,0,0,0,0,0,,
C3010,33,20,0,District - Thiruvarur  20,Total,12,25245,12827,12418,22983,11781,11202,22983,11781,11202,0,0,0,0,0,0,0,0,0,0,0,0,,
C3010,33,20,0,District - Thiruvarur  20,Total,13,22578,11013,11565,20126,9977,10149,20126,9977,10149,0,0,0,0,0,0,0,0,0,0,0,0,,
C3010,33,20,0,District - Thiruvarur  20,Total,14,21429,10364,11065,17785,8761,9024,17785,8761,9024,0,0,0,0,0,0,0,0,0,0,0,0,,
C3010,33,20,0,District - Thiruvarur  20,Total,15-19,119701,59173,60528,53812,28642,25170,48509,25486,23023,3667,1965,1702,1279,976,303,350,211,139,7,4,3,,
C3010,33,20,0,District - Thiruvarur  20,Total,20-24,105512,51945,53567,9913,6194,3719,4138,2484,1654,4785,3011,1774,715,548,167,247,143,104,28,8,20,,
C3010,33,20,0,District - Thiruvarur  20,Total,25-29,101874,47294,54580,769,549,220,0,0,0,402,299,103,194,163,31,124,74,50,49,13,36,,
C3010,33,20,0,District - Thiruvarur  20,Total,30-34,85834,41617,44217,239,147,92,0,0,0,91,61,30,51,33,18,59,41,18,38,12,26,,
C3010,33,20,0,District - Thiruvarur  20,Total,35-59,334092,166744,167348,453,264,189,0,0,0,82,62,20,93,51,42,94,59,35,184,92,92,,
C3010,33,20,0,District - Thiruvarur  20,Total,60+,99242,50671,48571,91,63,28,0,0,0,9,8,1,22,13,9,16,12,4,44,30,14,,
C3010,33,20,0,District - Thiruvarur  20,Total,Age not stated,2477,1327,1150,33,15,18,0,0,0,29,11,18,4,4,0,0,0,0,0,0,0,,
C3010,33,20,0,District - Thiruvarur  20,Rural,All ages,932231,463502,468729,205366,106627,98739,197411,101402,96009,5497,3506,1991,1525,1200,325,598,365,233,335,154,181,,
C3010,33,20,0,District - Thiruvarur  20,Rural,0-4,80564,40944,39620,2668,1342,1326,2668,1342,1326,0,0,0,0,0,0,0,0,0,0,0,0,,
C3010,33,20,0,District - Thiruvarur  20,Rural,5,17498,8902,8596,8648,4468,4180,8648,4468,4180,0,0,0,0,0,0,0,0,0,0,0,0,,
C3010,33,20,0,District - Thiruvarur  20,Rural,6,15264,7725,7539,12172,6205,5967,12172,6205,5967,0,0,0,0,0,0,0,0,0,0,0,0,,
C3010,33,20,0,District - Thiruvarur  20,Rural,7,18037,9250,8787,16800,8615,8185,16800,8615,8185,0,0,0,0,0,0,0,0,0,0,0,0,,
C3010,33,20,0,District - Thiruvarur  20,Rural,8,19052,9573,9479,18036,9120,8916,18036,9120,8916,0,0,0,0,0,0,0,0,0,0,0,0,,
C3010,33,20,0,District - Thiruvarur  20,Rural,9,17235,8679,8556,16455,8328,8127,16455,8328,8127,0,0,0,0,0,0,0,0,0,0,0,0,,
C3010,33,20,0,District - Thiruvarur  20,Rural,10,20618,10679,9939,19184,9956,9228,19184,9956,9228,0,0,0,0,0,0,0,0,0,0,0,0,,
C3010,33,20,0,District - Thiruvarur  20,Rural,11,15349,7834,7515,14575,7477,7098,14575,7477,7098,0,0,0,0,0,0,0,0,0,0,0,0,,
C3010,33,20,0,District - Thiruvarur  20,Rural,12,20377,10330,10047,18489,9463,9026,18489,9463,9026,0,0,0,0,0,0,0,0,0,0,0,0,,
C3010,33,20,0,District - Thiruvarur  20,Rural,13,17960,8766,9194,15959,7927,8032,15959,7927,8032,0,0,0,0,0,0,0,0,0,0,0,0,,
C3010,33,20,0,District - Thiruvarur  20,Rural,14,16834,8162,8672,13871,6851,7020,13871,6851,7020,0,0,0,0,0,0,0,0,0,0,0,0,,
C3010,33,20,0,District - Thiruvarur  20,Rural,15-19,95247,47145,48102,40590,21781,18809,37297,19691,17606,2230,1283,947,828,662,166,228,141,87,7,4,3,,
C3010,33,20,0,District - Thiruvarur  20,Rural,20-24,82478,40826,41652,6735,4318,2417,3257,1959,1298,2846,1902,944,445,355,90,162,95,67,25,7,18,,
C3010,33,20,0,District - Thiruvarur  20,Rural,25-29,79970,37270,42700,524,384,140,0,0,0,275,221,54,129,108,21,73,42,31,47,13,34,,
C3010,33,20,0,District - Thiruvarur  20,Rural,30-34,67211,32520,34691,181,114,67,0,0,0,63,45,18,38,27,11,44,31,13,36,11,25,,
C3010,33,20,0,District - Thiruvarur  20,Rural,35-59,267116,132946,134170,377,216,161,0,0,0,56,46,10,68,37,31,75,44,31,178,89,89,,
C3010,33,20,0,District - Thiruvarur  20,Rural,60+,79592,40986,38606,78,56,22,0,0,0,5,5,0,15,9,6,16,12,4,42,30,12,,
C3010,33,20,0,District - Thiruvarur  20,Rural,Age not stated,1829,965,864,24,6,18,0,0,0,22,4,18,2,2,0,0,0,0,0,0,0,,
C3010,33,20,0,District - Thiruvarur  20,Urban,All ages,237243,117282,119961,55766,28646,27120,51058,25967,25091,3568,1911,1657,833,588,245,292,175,117,15,5,10,,
C3010,33,20,0,District - Thiruvarur  20,Urban,0-4,19001,9570,9431,1339,670,669,1339,670,669,0,0,0,0,0,0,0,0,0,0,0,0,,
C3010,33,20,0,District - Thiruvarur  20,Urban,5,4158,2150,2008,2188,1119,1069,2188,1119,1069,0,0,0,0,0,0,0,0,0,0,0,0,,
C3010,33,20,0,District - Thiruvarur  20,Urban,6,3614,1824,1790,2843,1456,1387,2843,1456,1387,0,0,0,0,0,0,0,0,0,0,0,0,,
C3010,33,20,0,District - Thiruvarur  20,Urban,7,4101,2081,2020,3841,1949,1892,3841,1949,1892,0,0,0,0,0,0,0,0,0,0,0,0,,
C3010,33,20,0,District - Thiruvarur  20,Urban,8,4383,2212,2171,4176,2104,2072,4176,2104,2072,0,0,0,0,0,0,0,0,0,0,0,0,,
C3010,33,20,0,District - Thiruvarur  20,Urban,9,3860,1913,1947,3700,1833,1867,3700,1833,1867,0,0,0,0,0,0,0,0,0,0,0,0,,
C3010,33,20,0,District - Thiruvarur  20,Urban,10,4882,2521,2361,4617,2376,2241,4617,2376,2241,0,0,0,0,0,0,0,0,0,0,0,0,,
C3010,33,20,0,District - Thiruvarur  20,Urban,11,3874,1952,1922,3686,1862,1824,3686,1862,1824,0,0,0,0,0,0,0,0,0,0,0,0,,
C3010,33,20,0,District - Thiruvarur  20,Urban,12,4868,2497,2371,4494,2318,2176,4494,2318,2176,0,0,0,0,0,0,0,0,0,0,0,0,,
C3010,33,20,0,District - Thiruvarur  20,Urban,13,4618,2247,2371,4167,2050,2117,4167,2050,2117,0,0,0,0,0,0,0,0,0,0,0,0,,
C3010,33,20,0,District - Thiruvarur  20,Urban,14,4595,2202,2393,3914,1910,2004,3914,1910,2004,0,0,0,0,0,0,0,0,0,0,0,0,,
C3010,33,20,0,District - Thiruvarur  20,Urban,15-19,24454,12028,12426,13222,6861,6361,11212,5795,5417,1437,682,755,451,314,137,122,70,52,0,0,0,,
C3010,33,20,0,District - Thiruvarur  20,Urban,20-24,23034,11119,11915,3178,1876,1302,881,525,356,1939,1109,830,270,193,77,85,48,37,3,1,2,,
C3010,33,20,0,District - Thiruvarur  20,Urban,25-29,21904,10024,11880,245,165,80,0,0,0,127,78,49,65,55,10,51,32,19,2,0,2,,
C3010,33,20,0,District - Thiruvarur  20,Urban,30-34,18623,9097,9526,58,33,25,0,0,0,28,16,12,13,6,7,15,10,5,2,1,1,,
C3010,33,20,0,District - Thiruvarur  20,Urban,35-59,66976,33798,33178,76,48,28,0,0,0,26,16,10,25,14,11,19,15,4,6,3,3,,
C3010,33,20,0,District - Thiruvarur  20,Urban,60+,19650,9685,9965,13,7,6,0,0,0,4,3,1,7,4,3,0,0,0,2,0,2,,
C3010,33,20,0,District - Thiruvarur  20,Urban,Age not stated,648,362,286,9,9,0,0,0,0,7,7,0,2,2,0,0,0,0,0,0,0,,
C3010,33,21,0,District - Thanjavur  21,Total,All ages,2216138,1096638,1119500,499789,259353,240436,466707,240482,226225,22222,12433,9789,8297,5098,3199,2301,1228,1073,262,112,150,,
C3010,33,21,0,District - Thanjavur  21,Total,0-4,185494,94263,91231,10037,5216,4821,10037,5216,4821,0,0,0,0,0,0,0,0,0,0,0,0,,
C3010,33,21,0,District - Thanjavur  21,Total,5,39269,20361,18908,19163,10034,9129,19163,10034,9129,0,0,0,0,0,0,0,0,0,0,0,0,,
C3010,33,21,0,District - Thanjavur  21,Total,6,34869,17892,16977,27195,13967,13228,27195,13967,13228,0,0,0,0,0,0,0,0,0,0,0,0,,
C3010,33,21,0,District - Thanjavur  21,Total,7,40215,20586,19629,37177,19096,18081,37177,19096,18081,0,0,0,0,0,0,0,0,0,0,0,0,,
C3010,33,21,0,District - Thanjavur  21,Total,8,42952,21506,21446,40753,20492,20261,40753,20492,20261,0,0,0,0,0,0,0,0,0,0,0,0,,
C3010,33,21,0,District - Thanjavur  21,Total,9,39276,19670,19606,37519,18843,18676,37519,18843,18676,0,0,0,0,0,0,0,0,0,0,0,0,,
C3010,33,21,0,District - Thanjavur  21,Total,10,48007,24762,23245,44864,23223,21641,44864,23223,21641,0,0,0,0,0,0,0,0,0,0,0,0,,
C3010,33,21,0,District - Thanjavur  21,Total,11,36337,18730,17607,34354,17790,16564,34354,17790,16564,0,0,0,0,0,0,0,0,0,0,0,0,,
C3010,33,21,0,District - Thanjavur  21,Total,12,47281,24361,22920,42719,22218,20501,42719,22218,20501,0,0,0,0,0,0,0,0,0,0,0,0,,
C3010,33,21,0,District - Thanjavur  21,Total,13,43400,21445,21955,37869,18992,18877,37869,18992,18877,0,0,0,0,0,0,0,0,0,0,0,0,,
C3010,33,21,0,District - Thanjavur  21,Total,14,40242,20106,20136,33079,16939,16140,33079,16939,16140,0,0,0,0,0,0,0,0,0,0,0,0,,
C3010,33,21,0,District - Thanjavur  21,Total,15-19,226393,112901,113492,106231,55599,50632,92670,48383,44287,8379,4180,4199,4188,2513,1675,976,511,465,18,12,6,,
C3010,33,21,0,District - Thanjavur  21,Total,20-24,203290,99796,103494,25477,14798,10679,9308,5289,4019,12550,7369,5181,2870,1769,1101,721,356,365,28,15,13,,
C3010,33,21,0,District - Thanjavur  21,Total,25-29,197331,91229,106102,1867,1322,545,0,0,0,853,609,244,620,481,139,355,223,132,39,9,30,,
C3010,33,21,0,District - Thanjavur  21,Total,30-34,166851,80865,85986,538,302,236,0,0,0,200,119,81,189,111,78,111,58,53,38,14,24,,
C3010,33,21,0,District - Thanjavur  21,Total,35-59,627058,310264,316794,747,421,326,0,0,0,184,128,56,337,179,158,116,68,48,110,46,64,,
C3010,33,21,0,District - Thanjavur  21,Total,60+,194163,95872,98291,145,78,67,0,0,0,23,15,8,72,35,37,21,12,9,29,16,13,,
C3010,33,21,0,District - Thanjavur  21,Total,Age not stated,3710,2029,1681,55,23,32,0,0,0,33,13,20,21,10,11,1,0,1,0,0,0,,
C3010,33,21,0,District - Thanjavur  21,Rural,All ages,1467577,726493,741084,319789,166722,153067,306147,158384,147763,8792,5483,3309,3695,2240,1455,957,536,421,198,79,119,,
C3010,33,21,0,District - Thanjavur  21,Rural,0-4,127463,64780,62683,5292,2745,2547,5292,2745,2547,0,0,0,0,0,0,0,0,0,0,0,0,,
C3010,33,21,0,District - Thanjavur  21,Rural,5,26701,13894,12807,12583,6638,5945,12583,6638,5945,0,0,0,0,0,0,0,0,0,0,0,0,,
C3010,33,21,0,District - Thanjavur  21,Rural,6,23419,12039,11380,18359,9443,8916,18359,9443,8916,0,0,0,0,0,0,0,0,0,0,0,0,,
C3010,33,21,0,District - Thanjavur  21,Rural,7,27574,14040,13534,25317,12949,12368,25317,12949,12368,0,0,0,0,0,0,0,0,0,0,0,0,,
C3010,33,21,0,District - Thanjavur  21,Rural,8,29266,14637,14629,27629,13892,13737,27629,13892,13737,0,0,0,0,0,0,0,0,0,0,0,0,,
C3010,33,21,0,District - Thanjavur  21,Rural,9,26986,13502,13484,25656,12872,12784,25656,12872,12784,0,0,0,0,0,0,0,0,0,0,0,0,,
C3010,33,21,0,District - Thanjavur  21,Rural,10,32525,16790,15735,30136,15620,14516,30136,15620,14516,0,0,0,0,0,0,0,0,0,0,0,0,,
C3010,33,21,0,District - Thanjavur  21,Rural,11,23870,12241,11629,22436,11581,10855,22436,11581,10855,0,0,0,0,0,0,0,0,0,0,0,0,,
C3010,33,21,0,District - Thanjavur  21,Rural,12,32101,16519,15582,28651,14895,13756,28651,14895,13756,0,0,0,0,0,0,0,0,0,0,0,0,,
C3010,33,21,0,District - Thanjavur  21,Rural,13,28826,14185,14641,24792,12431,12361,24792,12431,12361,0,0,0,0,0,0,0,0,0,0,0,0,,
C3010,33,21,0,District - Thanjavur  21,Rural,14,26622,13241,13381,21413,10929,10484,21413,10929,10484,0,0,0,0,0,0,0,0,0,0,0,0,,
C3010,33,21,0,District - Thanjavur  21,Rural,15-19,149883,75340,74543,63653,34239,29414,58069,30978,27091,3337,1911,1426,1831,1107,724,403,234,169,13,9,4,,
C3010,33,21,0,District - Thanjavur  21,Rural,20-24,131713,65143,66570,12235,7450,4785,5814,3411,2403,4932,3179,1753,1189,716,473,284,136,148,16,8,8,,
C3010,33,21,0,District - Thanjavur  21,Rural,25-29,128877,59865,69012,826,593,233,0,0,0,370,279,91,275,211,64,153,99,54,28,4,24,,
C3010,33,21,0,District - Thanjavur  21,Rural,30-34,106924,51996,54928,243,149,94,0,0,0,68,52,16,96,59,37,52,30,22,27,8,19,,
C3010,33,21,0,District - Thanjavur  21,Rural,35-59,414498,203313,211185,455,238,217,0,0,0,73,56,17,240,115,125,52,30,22,90,37,53,,
C3010,33,21,0,District - Thanjavur  21,Rural,60+,127773,63544,64229,96,52,44,0,0,0,10,5,5,50,27,23,12,7,5,24,13,11,,
C3010,33,21,0,District - Thanjavur  21,Rural,Age not stated,2556,1424,1132,17,6,11,0,0,0,2,1,1,14,5,9,1,0,1,0,0,0,,
C3010,33,21,0,District - Thanjavur  21,Urban,All ages,748561,370145,378416,180000,92631,87369,160560,82098,78462,13430,6950,6480,4602,2858,1744,1344,692,652,64,33,31,,
C3010,33,21,0,District - Thanjavur  21,Urban,0-4,58031,29483,28548,4745,2471,2274,4745,2471,2274,0,0,0,0,0,0,0,0,0,0,0,0,,
C3010,33,21,0,District - Thanjavur  21,Urban,5,12568,6467,6101,6580,3396,3184,6580,3396,3184,0,0,0,0,0,0,0,0,0,0,0,0,,
C3010,33,21,0,District - Thanjavur  21,Urban,6,11450,5853,5597,8836,4524,4312,8836,4524,4312,0,0,0,0,0,0,0,0,0,0,0,0,,
C3010,33,21,0,District - Thanjavur  21,Urban,7,12641,6546,6095,11860,6147,5713,11860,6147,5713,0,0,0,0,0,0,0,0,0,0,0,0,,
C3010,33,21,0,District - Thanjavur  21,Urban,8,13686,6869,6817,13124,6600,6524,13124,6600,6524,0,0,0,0,0,0,0,0,0,0,0,0,,
C3010,33,21,0,District - Thanjavur  21,Urban,9,12290,6168,6122,11863,5971,5892,11863,5971,5892,0,0,0,0,0,0,0,0,0,0,0,0,,
C3010,33,21,0,District - Thanjavur  21,Urban,10,15482,7972,7510,14728,7603,7125,14728,7603,7125,0,0,0,0,0,0,0,0,0,0,0,0,,
C3010,33,21,0,District - Thanjavur  21,Urban,11,12467,6489,5978,11918,6209,5709,11918,6209,5709,0,0,0,0,0,0,0,0,0,0,0,0,,
C3010,33,21,0,District - Thanjavur  21,Urban,12,15180,7842,7338,14068,7323,6745,14068,7323,6745,0,0,0,0,0,0,0,0,0,0,0,0,,
C3010,33,21,0,District - Thanjavur  21,Urban,13,14574,7260,7314,13077,6561,6516,13077,6561,6516,0,0,0,0,0,0,0,0,0,0,0,0,,
C3010,33,21,0,District - Thanjavur  21,Urban,14,13620,6865,6755,11666,6010,5656,11666,6010,5656,0,0,0,0,0,0,0,0,0,0,0,0,,
C3010,33,21,0,District - Thanjavur  21,Urban,15-19,76510,37561,38949,42578,21360,21218,34601,17405,17196,5042,2269,2773,2357,1406,951,573,277,296,5,3,2,,
C3010,33,21,0,District - Thanjavur  21,Urban,20-24,71577,34653,36924,13242,7348,5894,3494,1878,1616,7618,4190,3428,1681,1053,628,437,220,217,12,7,5,,
C3010,33,21,0,District - Thanjavur  21,Urban,25-29,68454,31364,37090,1041,729,312,0,0,0,483,330,153,345,270,75,202,124,78,11,5,6,,
C3010,33,21,0,District - Thanjavur  21,Urban,30-34,59927,28869,31058,295,153,142,0,0,0,132,67,65,93,52,41,59,28,31,11,6,5,,
C3010,33,21,0,District - Thanjavur  21,Urban,35-59,212560,106951,105609,292,183,109,0,0,0,111,72,39,97,64,33,64,38,26,20,9,11,,
C3010,33,21,0,District - Thanjavur  21,Urban,60+,66390,32328,34062,49,26,23,0,0,0,13,10,3,22,8,14,9,5,4,5,3,2,,
C3010,33,21,0,District - Thanjavur  21,Urban,Age not stated,1154,605,549,38,17,21,0,0,0,31,12,19,7,5,2,0,0,0,0,0,0,,
C3010,33,22,0,District - Pudukkottai  22,Total,All ages,1459601,724300,735301,325417,170307,155110,310318,161012,149306,10584,6277,4307,3186,2376,810,769,390,379,560,252,308,,
C3010,33,22,0,District - Pudukkottai  22,Total,0-4,133540,68132,65408,7247,3704,3543,7247,3704,3543,0,0,0,0,0,0,0,0,0,0,0,0,,
C3010,33,22,0,District - Pudukkottai  22,Total,5,25588,13121,12467,13124,6769,6355,13124,6769,6355,0,0,0,0,0,0,0,0,0,0,0,0,,
C3010,33,22,0,District - Pudukkottai  22,Total,6,24692,12749,11943,20414,10583,9831,20414,10583,9831,0,0,0,0,0,0,0,0,0,0,0,0,,
C3010,33,22,0,District - Pudukkottai  22,Total,7,28996,14871,14125,27363,14084,13279,27363,14084,13279,0,0,0,0,0,0,0,0,0,0,0,0,,
C3010,33,22,0,District - Pudukkottai  22,Total,8,29485,14839,14646,28295,14286,14009,28295,14286,14009,0,0,0,0,0,0,0,0,0,0,0,0,,
C3010,33,22,0,District - Pudukkottai  22,Total,9,27796,14144,13652,26899,13733,13166,26899,13733,13166,0,0,0,0,0,0,0,0,0,0,0,0,,
C3010,33,22,0,District - Pudukkottai  22,Total,10,33006,16908,16098,30977,15958,15019,30977,15958,15019,0,0,0,0,0,0,0,0,0,0,0,0,,
C3010,33,22,0,District - Pudukkottai  22,Total,11,24106,12392,11714,22838,11852,10986,22838,11852,10986,0,0,0,0,0,0,0,0,0,0,0,0,,
C3010,33,22,0,District - Pudukkottai  22,Total,12,32117,16515,15602,28799,15057,13742,28799,15057,13742,0,0,0,0,0,0,0,0,0,0,0,0,,
C3010,33,22,0,District - Pudukkottai  22,Total,13,28534,14160,14374,24793,12651,12142,24793,12651,12142,0,0,0,0,0,0,0,0,0,0,0,0,,
C3010,33,22,0,District - Pudukkottai  22,Total,14,26742,13328,13414,21273,11030,10243,21273,11030,10243,0,0,0,0,0,0,0,0,0,0,0,0,,
C3010,33,22,0,District - Pudukkottai  22,Total,15-19,153046,74978,78068,59982,32431,27551,53900,28727,25173,3948,2167,1781,1785,1383,402,328,145,183,21,9,12,,
C3010,33,22,0,District - Pudukkottai  22,Total,20-24,138311,67844,70467,11519,6963,4556,4396,2578,1818,5927,3582,2345,915,672,243,230,115,115,51,16,35,,
C3010,33,22,0,District - Pudukkottai  22,Total,25-29,129587,60777,68810,861,603,258,0,0,0,484,369,115,210,154,56,98,55,43,69,25,44,,
C3010,33,22,0,District - Pudukkottai  22,Total,30-34,105448,52818,52630,300,180,120,0,0,0,101,68,33,79,55,24,43,27,16,77,30,47,,
C3010,33,22,0,District - Pudukkottai  22,Total,35-59,392615,193730,198885,559,318,241,0,0,0,99,75,24,142,80,62,57,40,17,261,123,138,,
C3010,33,22,0,District - Pudukkottai  22,Total,60+,122264,60908,61356,149,85,64,0,0,0,16,10,6,40,19,21,13,8,5,80,48,32,,
C3010,33,22,0,District - Pudukkottai  22,Total,Age not stated,3728,2086,1642,25,20,5,0,0,0,9,6,3,15,13,2,0,0,0,1,1,0,,
C3010,33,22,0,District - Pudukkottai  22,Rural,All ages,1211217,600511,610706,263729,138750,124979,254272,132611,121661,6312,4024,2288,2174,1649,525,484,243,241,487,223,264,,
C3010,33,22,0,District - Pudukkottai  22,Rural,0-4,112929,57509,55420,5213,2630,2583,5213,2630,2583,0,0,0,0,0,0,0,0,0,0,0,0,,
C3010,33,22,0,District - Pudukkottai  22,Rural,5,21180,10825,10355,10608,5468,5140,10608,5468,5140,0,0,0,0,0,0,0,0,0,0,0,0,,
C3010,33,22,0,District - Pudukkottai  22,Rural,6,20530,10573,9957,17026,8816,8210,17026,8816,8210,0,0,0,0,0,0,0,0,0,0,0,0,,
C3010,33,22,0,District - Pudukkottai  22,Rural,7,24416,12515,11901,22988,11829,11159,22988,11829,11159,0,0,0,0,0,0,0,0,0,0,0,0,,
C3010,33,22,0,District - Pudukkottai  22,Rural,8,24725,12422,12303,23660,11939,11721,23660,11939,11721,0,0,0,0,0,0,0,0,0,0,0,0,,
C3010,33,22,0,District - Pudukkottai  22,Rural,9,23344,11853,11491,22565,11494,11071,22565,11494,11071,0,0,0,0,0,0,0,0,0,0,0,0,,
C3010,33,22,0,District - Pudukkottai  22,Rural,10,27703,14223,13480,25931,13414,12517,25931,13414,12517,0,0,0,0,0,0,0,0,0,0,0,0,,
C3010,33,22,0,District - Pudukkottai  22,Rural,11,19853,10211,9642,18735,9738,8997,18735,9738,8997,0,0,0,0,0,0,0,0,0,0,0,0,,
C3010,33,22,0,District - Pudukkottai  22,Rural,12,27141,14013,13128,24189,12729,11460,24189,12729,11460,0,0,0,0,0,0,0,0,0,0,0,0,,
C3010,33,22,0,District - Pudukkottai  22,Rural,13,23657,11864,11793,20347,10551,9796,20347,10551,9796,0,0,0,0,0,0,0,0,0,0,0,0,,
C3010,33,22,0,District - Pudukkottai  22,Rural,14,22138,11070,11068,17311,9065,8246,17311,9065,8246,0,0,0,0,0,0,0,0,0,0,0,0,,
C3010,33,22,0,District - Pudukkottai  22,Rural,15-19,127521,62423,65098,46077,25390,20687,42285,22870,19415,2314,1425,889,1242,1001,241,217,86,131,19,8,11,,
C3010,33,22,0,District - Pudukkottai  22,Rural,20-24,113613,56030,57583,7710,4821,2889,3414,2068,1346,3531,2242,1289,584,423,161,137,75,62,44,13,31,,
C3010,33,22,0,District - Pudukkottai  22,Rural,25-29,106253,50039,56214,580,407,173,0,0,0,319,249,70,141,105,36,56,31,25,64,22,42,,
C3010,33,22,0,District - Pudukkottai  22,Rural,30-34,85064,42724,42340,213,124,89,0,0,0,66,49,17,54,33,21,25,17,8,68,25,43,,
C3010,33,22,0,District - Pudukkottai  22,Rural,35-59,325275,159025,166250,448,252,196,0,0,0,66,49,17,111,63,48,39,27,12,232,113,119,,
C3010,33,22,0,District - Pudukkottai  22,Rural,60+,102580,51326,51254,110,67,43,0,0,0,12,7,5,29,12,17,10,7,3,59,41,18,,
C3010,33,22,0,District - Pudukkottai  22,Rural,Age not stated,3295,1866,1429,18,16,2,0,0,0,4,3,1,13,12,1,0,0,0,1,1,0,,
C3010,33,22,0,District - Pudukkottai  22,Urban,All ages,248384,123789,124595,61688,31557,30131,56046,28401,27645,4272,2253,2019,1012,727,285,285,147,138,73,29,44,,
C3010,33,22,0,District - Pudukkottai  22,Urban,0-4,20611,10623,9988,2034,1074,960,2034,1074,960,0,0,0,0,0,0,0,0,0,0,0,0,,
C3010,33,22,0,District - Pudukkottai  22,Urban,5,4408,2296,2112,2516,1301,1215,2516,1301,1215,0,0,0,0,0,0,0,0,0,0,0,0,,
C3010,33,22,0,District - Pudukkottai  22,Urban,6,4162,2176,1986,3388,1767,1621,3388,1767,1621,0,0,0,0,0,0,0,0,0,0,0,0,,
C3010,33,22,0,District - Pudukkottai  22,Urban,7,4580,2356,2224,4375,2255,2120,4375,2255,2120,0,0,0,0,0,0,0,0,0,0,0,0,,
C3010,33,22,0,District - Pudukkottai  22,Urban,8,4760,2417,2343,4635,2347,2288,4635,2347,2288,0,0,0,0,0,0,0,0,0,0,0,0,,
C3010,33,22,0,District - Pudukkottai  22,Urban,9,4452,2291,2161,4334,2239,2095,4334,2239,2095,0,0,0,0,0,0,0,0,0,0,0,0,,
C3010,33,22,0,District - Pudukkottai  22,Urban,10,5303,2685,2618,5046,2544,2502,5046,2544,2502,0,0,0,0,0,0,0,0,0,0,0,0,,
C3010,33,22,0,District - Pudukkottai  22,Urban,11,4253,2181,2072,4103,2114,1989,4103,2114,1989,0,0,0,0,0,0,0,0,0,0,0,0,,
C3010,33,22,0,District - Pudukkottai  22,Urban,12,4976,2502,2474,4610,2328,2282,4610,2328,2282,0,0,0,0,0,0,0,0,0,0,0,0,,
C3010,33,22,0,District - Pudukkottai  22,Urban,13,4877,2296,2581,4446,2100,2346,4446,2100,2346,0,0,0,0,0,0,0,0,0,0,0,0,,
C3010,33,22,0,District - Pudukkottai  22,Urban,14,4604,2258,2346,3962,1965,1997,3962,1965,1997,0,0,0,0,0,0,0,0,0,0,0,0,,
C3010,33,22,0,District - Pudukkottai  22,Urban,15-19,25525,12555,12970,13905,7041,6864,11615,5857,5758,1634,742,892,543,382,161,111,59,52,2,1,1,,
C3010,33,22,0,District - Pudukkottai  22,Urban,20-24,24698,11814,12884,3809,2142,1667,982,510,472,2396,1340,1056,331,249,82,93,40,53,7,3,4,,
C3010,33,22,0,District - Pudukkottai  22,Urban,25-29,23334,10738,12596,281,196,85,0,0,0,165,120,45,69,49,20,42,24,18,5,3,2,,
C3010,33,22,0,District - Pudukkottai  22,Urban,30-34,20384,10094,10290,87,56,31,0,0,0,35,19,16,25,22,3,18,10,8,9,5,4,,
C3010,33,22,0,District - Pudukkottai  22,Urban,35-59,67340,34705,32635,111,66,45,0,0,0,33,26,7,31,17,14,18,13,5,29,10,19,,
C3010,33,22,0,District - Pudukkottai  22,Urban,60+,19684,9582,10102,39,18,21,0,0,0,4,3,1,11,7,4,3,1,2,21,7,14,,
C3010,33,22,0,District - Pudukkottai  22,Urban,Age not stated,433,220,213,7,4,3,0,0,0,5,3,2,2,1,1,0,0,0,0,0,0,,
C3010,33,23,0,District - Sivaganga  23,Total,All ages,1155356,566947,588409,256498,133708,122790,240438,124121,116317,12513,7176,5337,2430,1858,572,730,363,367,387,190,197,,
C3010,33,23,0,District - Sivaganga  23,Total,0-4,93911,47941,45970,4924,2617,2307,4924,2617,2307,0,0,0,0,0,0,0,0,0,0,0,0,,
C3010,33,23,0,District - Sivaganga  23,Total,5,20325,10488,9837,9665,5025,4640,9665,5025,4640,0,0,0,0,0,0,0,0,0,0,0,0,,
C3010,33,23,0,District - Sivaganga  23,Total,6,18655,9633,9022,14027,7230,6797,14027,7230,6797,0,0,0,0,0,0,0,0,0,0,0,0,,
C3010,33,23,0,District - Sivaganga  23,Total,7,21152,10777,10375,19290,9856,9434,19290,9856,9434,0,0,0,0,0,0,0,0,0,0,0,0,,
C3010,33,23,0,District - Sivaganga  23,Total,8,22903,11627,11276,21392,10886,10506,21392,10886,10506,0,0,0,0,0,0,0,0,0,0,0,0,,
C3010,33,23,0,District - Sivaganga  23,Total,9,20247,10259,9988,19122,9714,9408,19122,9714,9408,0,0,0,0,0,0,0,0,0,0,0,0,,
C3010,33,23,0,District - Sivaganga  23,Total,10,26079,13402,12677,24104,12458,11646,24104,12458,11646,0,0,0,0,0,0,0,0,0,0,0,0,,
C3010,33,23,0,District - Sivaganga  23,Total,11,18468,9442,9026,17354,8932,8422,17354,8932,8422,0,0,0,0,0,0,0,0,0,0,0,0,,
C3010,33,23,0,District - Sivaganga  23,Total,12,24889,12893,11996,22400,11746,10654,22400,11746,10654,0,0,0,0,0,0,0,0,0,0,0,0,,
C3010,33,23,0,District - Sivaganga  23,Total,13,22736,11341,11395,19952,10139,9813,19952,10139,9813,0,0,0,0,0,0,0,0,0,0,0,0,,
C3010,33,23,0,District - Sivaganga  23,Total,14,21402,10756,10646,17602,9072,8530,17602,9072,8530,0,0,0,0,0,0,0,0,0,0,0,0,,
C3010,33,23,0,District - Sivaganga  23,Total,15-19,118659,57760,60899,54279,28626,25653,47287,24591,22696,5143,2685,2458,1475,1173,302,361,171,190,13,6,7,,
C3010,33,23,0,District - Sivaganga  23,Total,20-24,102838,49322,53516,10457,6169,4288,3319,1855,1464,6414,3823,2591,540,411,129,159,68,91,25,12,13,,
C3010,33,23,0,District - Sivaganga  23,Total,25-29,98106,44620,53486,903,624,279,0,0,0,583,416,167,174,127,47,112,69,43,34,12,22,,
C3010,33,23,0,District - Sivaganga  23,Total,30-34,80914,39135,41779,256,157,99,0,0,0,124,81,43,79,58,21,21,9,12,32,9,23,,
C3010,33,23,0,District - Sivaganga  23,Total,35-59,320751,155555,165196,529,319,210,0,0,0,155,118,37,105,58,47,54,32,22,215,111,104,,
C3010,33,23,0,District - Sivaganga  23,Total,60+,114974,57760,57214,153,81,72,0,0,0,38,18,20,38,17,21,13,7,6,64,39,25,,
C3010,33,23,0,District - Sivaganga  23,Total,Age not stated,8347,4236,4111,89,57,32,0,0,0,56,35,21,19,14,5,10,7,3,4,1,3,,
C3010,33,23,0,District - Sivaganga  23,Rural,All ages,829272,405093,424179,177544,93097,84447,169393,87860,81533,5906,3763,2143,1427,1076,351,474,227,247,344,171,173,,
C3010,33,23,0,District - Sivaganga  23,Rural,0-4,67790,34518,33272,2696,1434,1262,2696,1434,1262,0,0,0,0,0,0,0,0,0,0,0,0,,
C3010,33,23,0,District - Sivaganga  23,Rural,5,14420,7399,7021,6734,3480,3254,6734,3480,3254,0,0,0,0,0,0,0,0,0,0,0,0,,
C3010,33,23,0,District - Sivaganga  23,Rural,6,13410,6890,6520,10094,5177,4917,10094,5177,4917,0,0,0,0,0,0,0,0,0,0,0,0,,
C3010,33,23,0,District - Sivaganga  23,Rural,7,15335,7768,7567,13880,7049,6831,13880,7049,6831,0,0,0,0,0,0,0,0,0,0,0,0,,
C3010,33,23,0,District - Sivaganga  23,Rural,8,16821,8632,8189,15609,8040,7569,15609,8040,7569,0,0,0,0,0,0,0,0,0,0,0,0,,
C3010,33,23,0,District - Sivaganga  23,Rural,9,14748,7433,7315,13837,6997,6840,13837,6997,6840,0,0,0,0,0,0,0,0,0,0,0,0,,
C3010,33,23,0,District - Sivaganga  23,Rural,10,19148,9807,9341,17566,9059,8507,17566,9059,8507,0,0,0,0,0,0,0,0,0,0,0,0,,
C3010,33,23,0,District - Sivaganga  23,Rural,11,12979,6632,6347,12095,6233,5862,12095,6233,5862,0,0,0,0,0,0,0,0,0,0,0,0,,
C3010,33,23,0,District - Sivaganga  23,Rural,12,18232,9407,8825,16210,8496,7714,16210,8496,7714,0,0,0,0,0,0,0,0,0,0,0,0,,
C3010,33,23,0,District - Sivaganga  23,Rural,13,16176,8025,8151,13981,7120,6861,13981,7120,6861,0,0,0,0,0,0,0,0,0,0,0,0,,
C3010,33,23,0,District - Sivaganga  23,Rural,14,15117,7608,7509,12109,6335,5774,12109,6335,5774,0,0,0,0,0,0,0,0,0,0,0,0,,
C3010,33,23,0,District - Sivaganga  23,Rural,15-19,85546,41297,44249,35522,19167,16355,32057,17006,15051,2389,1375,1014,845,681,164,222,101,121,9,4,5,,
C3010,33,23,0,District - Sivaganga  23,Rural,20-24,72151,34722,37429,5982,3734,2248,2525,1434,1091,3018,2013,1005,313,229,84,110,51,59,16,7,9,,
C3010,33,23,0,District - Sivaganga  23,Rural,25-29,68208,31116,37092,525,357,168,0,0,0,317,233,84,112,80,32,68,34,34,28,10,18,,
C3010,33,23,0,District - Sivaganga  23,Rural,30-34,54610,26308,28302,150,90,60,0,0,0,50,35,15,53,39,14,17,8,9,30,8,22,,
C3010,33,23,0,District - Sivaganga  23,Rural,35-59,231296,110177,121119,381,219,162,0,0,0,76,68,8,64,24,40,42,24,18,199,103,96,,
C3010,33,23,0,District - Sivaganga  23,Rural,60+,86758,44046,42712,109,64,45,0,0,0,17,11,6,25,11,14,9,4,5,58,38,20,,
C3010,33,23,0,District - Sivaganga  23,Rural,Age not stated,6527,3308,3219,64,46,18,0,0,0,39,28,11,15,12,3,6,5,1,4,1,3,,
C3010,33,23,0,District - Sivaganga  23,Urban,All ages,326084,161854,164230,78954,40611,38343,71045,36261,34784,6607,3413,3194,1003,782,221,256,136,120,43,19,24,,
C3010,33,23,0,District - Sivaganga  23,Urban,0-4,26121,13423,12698,2228,1183,1045,2228,1183,1045,0,0,0,0,0,0,0,0,0,0,0,0,,
C3010,33,23,0,District - Sivaganga  23,Urban,5,5905,3089,2816,2931,1545,1386,2931,1545,1386,0,0,0,0,0,0,0,0,0,0,0,0,,
C3010,33,23,0,District - Sivaganga  23,Urban,6,5245,2743,2502,3933,2053,1880,3933,2053,1880,0,0,0,0,0,0,0,0,0,0,0,0,,
C3010,33,23,0,District - Sivaganga  23,Urban,7,5817,3009,2808,5410,2807,2603,5410,2807,2603,0,0,0,0,0,0,0,0,0,0,0,0,,
C3010,33,23,0,District - Sivaganga  23,Urban,8,6082,2995,3087,5783,2846,2937,5783,2846,2937,0,0,0,0,0,0,0,0,0,0,0,0,,
C3010,33,23,0,District - Sivaganga  23,Urban,9,5499,2826,2673,5285,2717,2568,5285,2717,2568,0,0,0,0,0,0,0,0,0,0,0,0,,
C3010,33,23,0,District - Sivaganga  23,Urban,10,6931,3595,3336,6538,3399,3139,6538,3399,3139,0,0,0,0,0,0,0,0,0,0,0,0,,
C3010,33,23,0,District - Sivaganga  23,Urban,11,5489,2810,2679,5259,2699,2560,5259,2699,2560,0,0,0,0,0,0,0,0,0,0,0,0,,
C3010,33,23,0,District - Sivaganga  23,Urban,12,6657,3486,3171,6190,3250,2940,6190,3250,2940,0,0,0,0,0,0,0,0,0,0,0,0,,
C3010,33,23,0,District - Sivaganga  23,Urban,13,6560,3316,3244,5971,3019,2952,5971,3019,2952,0,0,0,0,0,0,0,0,0,0,0,0,,
C3010,33,23,0,District - Sivaganga  23,Urban,14,6285,3148,3137,5493,2737,2756,5493,2737,2756,0,0,0,0,0,0,0,0,0,0,0,0,,
C3010,33,23,0,District - Sivaganga  23,Urban,15-19,33113,16463,16650,18757,9459,9298,15230,7585,7645,2754,1310,1444,630,492,138,139,70,69,4,2,2,,
C3010,33,23,0,District - Sivaganga  23,Urban,20-24,30687,14600,16087,4475,2435,2040,794,421,373,3396,1810,1586,227,182,45,49,17,32,9,5,4,,
C3010,33,23,0,District - Sivaganga  23,Urban,25-29,29898,13504,16394,378,267,111,0,0,0,266,183,83,62,47,15,44,35,9,6,2,4,,
C3010,33,23,0,District - Sivaganga  23,Urban,30-34,26304,12827,13477,106,67,39,0,0,0,74,46,28,26,19,7,4,1,3,2,1,1,,
C3010,33,23,0,District - Sivaganga  23,Urban,35-59,89455,45378,44077,148,100,48,0,0,0,79,50,29,41,34,7,12,8,4,16,8,8,,
C3010,33,23,0,District - Sivaganga  23,Urban,60+,28216,13714,14502,44,17,27,0,0,0,21,7,14,13,6,7,4,3,1,6,1,5,,
C3010,33,23,0,District - Sivaganga  23,Urban,Age not stated,1820,928,892,25,11,14,0,0,0,17,7,10,4,2,2,4,2,2,0,0,0,,
C3010,33,24,0,District - Madurai  24,Total,All ages,2578201,1303363,1274838,572824,303505,269319,524755,275462,249293,33588,19065,14523,10800,6843,3957,2858,1729,1129,823,406,417,,
C3010,33,24,0,District - Madurai  24,Total,0-4,208330,108156,100174,16043,8367,7676,16043,8367,7676,0,0,0,0,0,0,0,0,0,0,0,0,,
C3010,33,24,0,District - Madurai  24,Total,5,45694,23907,21787,24142,12762,11380,24142,12762,11380,0,0,0,0,0,0,0,0,0,0,0,0,,
C3010,33,24,0,District - Madurai  24,Total,6,41252,21263,19989,31400,16148,15252,31400,16148,15252,0,0,0,0,0,0,0,0,0,0,0,0,,
C3010,33,24,0,District - Madurai  24,Total,7,47070,24557,22513,43052,22481,20571,43052,22481,20571,0,0,0,0,0,0,0,0,0,0,0,0,,
C3010,33,24,0,District - Madurai  24,Total,8,49392,25060,24332,46006,23452,22554,46006,23452,22554,0,0,0,0,0,0,0,0,0,0,0,0,,
C3010,33,24,0,District - Madurai  24,Total,9,42254,21687,20567,39658,20396,19262,39658,20396,19262,0,0,0,0,0,0,0,0,0,0,0,0,,
C3010,33,24,0,District - Madurai  24,Total,10,55664,29266,26398,50326,26634,23692,50326,26634,23692,0,0,0,0,0,0,0,0,0,0,0,0,,
C3010,33,24,0,District - Madurai  24,Total,11,41787,21777,20010,38148,19994,18154,38148,19994,18154,0,0,0,0,0,0,0,0,0,0,0,0,,
C3010,33,24,0,District - Madurai  24,Total,12,52315,27367,24948,45044,23851,21193,45044,23851,21193,0,0,0,0,0,0,0,0,0,0,0,0,,
C3010,33,24,0,District - Madurai  24,Total,13,48650,24495,24155,40429,20710,19719,40429,20710,19719,0,0,0,0,0,0,0,0,0,0,0,0,,
C3010,33,24,0,District - Madurai  24,Total,14,45260,22831,22429,35114,18253,16861,35114,18253,16861,0,0,0,0,0,0,0,0,0,0,0,0,,
C3010,33,24,0,District - Madurai  24,Total,15-19,260844,133213,127631,122693,66237,56456,103400,55545,47855,12674,6485,6189,5567,3589,1978,1017,599,418,35,19,16,,
C3010,33,24,0,District - Madurai  24,Total,20-24,241654,118656,122998,34892,20453,14439,11993,6869,5124,18589,10984,7605,3418,2084,1334,808,475,333,84,41,43,,
C3010,33,24,0,District - Madurai  24,Total,25-29,240167,115556,124611,2779,1959,820,0,0,0,1320,946,374,869,656,213,475,307,168,115,50,65,,
C3010,33,24,0,District - Madurai  24,Total,30-34,195017,98550,96467,772,483,289,0,0,0,274,191,83,232,152,80,174,102,72,92,38,54,,
C3010,33,24,0,District - Madurai  24,Total,35-59,705374,358537,346837,1397,823,574,0,0,0,352,247,105,390,208,182,284,177,107,371,191,180,,
C3010,33,24,0,District - Madurai  24,Total,60+,217829,107696,110133,399,215,184,0,0,0,93,60,33,148,59,89,60,45,15,98,51,47,,
C3010,33,24,0,District - Madurai  24,Total,Age not stated,39648,20789,18859,530,287,243,0,0,0,286,152,134,176,95,81,40,24,16,28,16,12,,
C3010,33,24,0,District - Madurai  24,Rural,All ages,1134025,573036,560989,237637,130738,106899,225507,122558,102949,8270,5553,2717,2640,1905,735,781,509,272,439,213,226,,
C3010,33,24,0,District - Madurai  24,Rural,0-4,97812,51503,46309,4217,2258,1959,4217,2258,1959,0,0,0,0,0,0,0,0,0,0,0,0,,
C3010,33,24,0,District - Madurai  24,Rural,5,20746,10958,9788,9951,5390,4561,9951,5390,4561,0,0,0,0,0,0,0,0,0,0,0,0,,
C3010,33,24,0,District - Madurai  24,Rural,6,19202,10000,9202,14695,7660,7035,14695,7660,7035,0,0,0,0,0,0,0,0,0,0,0,0,,
C3010,33,24,0,District - Madurai  24,Rural,7,22527,11791,10736,20450,10739,9711,20450,10739,9711,0,0,0,0,0,0,0,0,0,0,0,0,,
C3010,33,24,0,District - Madurai  24,Rural,8,23805,12254,11551,22005,11430,10575,22005,11430,10575,0,0,0,0,0,0,0,0,0,0,0,0,,
C3010,33,24,0,District - Madurai  24,Rural,9,20293,10542,9751,18946,9878,9068,18946,9878,9068,0,0,0,0,0,0,0,0,0,0,0,0,,
C3010,33,24,0,District - Madurai  24,Rural,10,26679,14147,12532,23615,12699,10916,23615,12699,10916,0,0,0,0,0,0,0,0,0,0,0,0,,
C3010,33,24,0,District - Madurai  24,Rural,11,18521,9728,8793,16600,8838,7762,16600,8838,7762,0,0,0,0,0,0,0,0,0,0,0,0,,
C3010,33,24,0,District - Madurai  24,Rural,12,25220,13402,11818,20871,11397,9474,20871,11397,9474,0,0,0,0,0,0,0,0,0,0,0,0,,
C3010,33,24,0,District - Madurai  24,Rural,13,22066,11204,10862,17367,9206,8161,17367,9206,8161,0,0,0,0,0,0,0,0,0,0,0,0,,
C3010,33,24,0,District - Madurai  24,Rural,14,20166,10332,9834,14478,7971,6507,14478,7971,6507,0,0,0,0,0,0,0,0,0,0,0,0,,
C3010,33,24,0,District - Madurai  24,Rural,15-19,115002,60109,54893,42512,25386,17126,37904,22398,15506,2870,1742,1128,1360,995,365,358,241,117,20,10,10,,
C3010,33,24,0,District - Madurai  24,Rural,20-24,100394,50818,49576,10092,6648,3444,4408,2694,1714,4680,3242,1438,764,571,193,197,126,71,43,15,28,,
C3010,33,24,0,District - Madurai  24,Rural,25-29,98787,47158,51629,753,548,205,0,0,0,400,319,81,196,151,45,97,56,41,60,22,38,,
C3010,33,24,0,District - Madurai  24,Rural,30-34,77711,38357,39354,224,142,82,0,0,0,77,65,12,61,36,25,41,23,18,45,18,27,,
C3010,33,24,0,District - Madurai  24,Rural,35-59,304297,150525,153772,473,286,187,0,0,0,89,73,16,128,72,56,55,36,19,201,105,96,,
C3010,33,24,0,District - Madurai  24,Rural,60+,98595,48456,50139,161,102,59,0,0,0,34,27,7,60,30,30,17,15,2,50,30,20,,
C3010,33,24,0,District - Madurai  24,Rural,Age not stated,22202,11752,10450,227,160,67,0,0,0,120,85,35,71,50,21,16,12,4,20,13,7,,
C3010,33,24,0,District - Madurai  24,Urban,All ages,1444176,730327,713849,335187,172767,162420,299248,152904,146344,25318,13512,11806,8160,4938,3222,2077,1220,857,384,193,191,,
C3010,33,24,0,District - Madurai  24,Urban,0-4,110518,56653,53865,11826,6109,5717,11826,6109,5717,0,0,0,0,0,0,0,0,0,0,0,0,,
C3010,33,24,0,District - Madurai  24,Urban,5,24948,12949,11999,14191,7372,6819,14191,7372,6819,0,0,0,0,0,0,0,0,0,0,0,0,,
C3010,33,24,0,District - Madurai  24,Urban,6,22050,11263,10787,16705,8488,8217,16705,8488,8217,0,0,0,0,0,0,0,0,0,0,0,0,,
C3010,33,24,0,District - Madurai  24,Urban,7,24543,12766,11777,22602,11742,10860,22602,11742,10860,0,0,0,0,0,0,0,0,0,0,0,0,,
C3010,33,24,0,District - Madurai  24,Urban,8,25587,12806,12781,24001,12022,11979,24001,12022,11979,0,0,0,0,0,0,0,0,0,0,0,0,,
C3010,33,24,0,District - Madurai  24,Urban,9,21961,11145,10816,20712,10518,10194,20712,10518,10194,0,0,0,0,0,0,0,0,0,0,0,0,,
C3010,33,24,0,District - Madurai  24,Urban,10,28985,15119,13866,26711,13935,12776,26711,13935,12776,0,0,0,0,0,0,0,0,0,0,0,0,,
C3010,33,24,0,District - Madurai  24,Urban,11,23266,12049,11217,21548,11156,10392,21548,11156,10392,0,0,0,0,0,0,0,0,0,0,0,0,,
C3010,33,24,0,District - Madurai  24,Urban,12,27095,13965,13130,24173,12454,11719,24173,12454,11719,0,0,0,0,0,0,0,0,0,0,0,0,,
C3010,33,24,0,District - Madurai  24,Urban,13,26584,13291,13293,23062,11504,11558,23062,11504,11558,0,0,0,0,0,0,0,0,0,0,0,0,,
C3010,33,24,0,District - Madurai  24,Urban,14,25094,12499,12595,20636,10282,10354,20636,10282,10354,0,0,0,0,0,0,0,0,0,0,0,0,,
C3010,33,24,0,District - Madurai  24,Urban,15-19,145842,73104,72738,80181,40851,39330,65496,33147,32349,9804,4743,5061,4207,2594,1613,659,358,301,15,9,6,,
C3010,33,24,0,District - Madurai  24,Urban,20-24,141260,67838,73422,24800,13805,10995,7585,4175,3410,13909,7742,6167,2654,1513,1141,611,349,262,41,26,15,,
C3010,33,24,0,District - Madurai  24,Urban,25-29,141380,68398,72982,2026,1411,615,0,0,0,920,627,293,673,505,168,378,251,127,55,28,27,,
C3010,33,24,0,District - Madurai  24,Urban,30-34,117306,60193,57113,548,341,207,0,0,0,197,126,71,171,116,55,133,79,54,47,20,27,,
C3010,33,24,0,District - Madurai  24,Urban,35-59,401077,208012,193065,924,537,387,0,0,0,263,174,89,262,136,126,229,141,88,170,86,84,,
C3010,33,24,0,District - Madurai  24,Urban,60+,119234,59240,59994,238,113,125,0,0,0,59,33,26,88,29,59,43,30,13,48,21,27,,
C3010,33,24,0,District - Madurai  24,Urban,Age not stated,17446,9037,8409,303,127,176,0,0,0,166,67,99,105,45,60,24,12,12,8,3,5,,
C3010,33,25,0,District - Theni  *  25,Total,All ages,1093950,552986,540964,239259,131461,107798,228854,124848,104006,6739,4091,2648,2625,1915,710,840,498,342,201,109,92,,
C3010,33,25,0,District - Theni  *  25,Total,0-4,88642,46698,41944,4542,2416,2126,4542,2416,2126,0,0,0,0,0,0,0,0,0,0,0,0,,
C3010,33,25,0,District - Theni  *  25,Total,5,19968,10639,9329,9210,4933,4277,9210,4933,4277,0,0,0,0,0,0,0,0,0,0,0,0,,
C3010,33,25,0,District - Theni  *  25,Total,6,17517,9368,8149,13213,7109,6104,13213,7109,6104,0,0,0,0,0,0,0,0,0,0,0,0,,
C3010,33,25,0,District - Theni  *  25,Total,7,20691,10924,9767,19227,10174,9053,19227,10174,9053,0,0,0,0,0,0,0,0,0,0,0,0,,
C3010,33,25,0,District - Theni  *  25,Total,8,21983,11482,10501,20889,10961,9928,20889,10961,9928,0,0,0,0,0,0,0,0,0,0,0,0,,
C3010,33,25,0,District - Theni  *  25,Total,9,19534,10406,9128,18713,10012,8701,18713,10012,8701,0,0,0,0,0,0,0,0,0,0,0,0,,
C3010,33,25,0,District - Theni  *  25,Total,10,24082,12750,11332,22426,11979,10447,22426,11979,10447,0,0,0,0,0,0,0,0,0,0,0,0,,
C3010,33,25,0,District - Theni  *  25,Total,11,18932,10084,8848,17712,9529,8183,17712,9529,8183,0,0,0,0,0,0,0,0,0,0,0,0,,
C3010,33,25,0,District - Theni  *  25,Total,12,24246,12858,11388,21492,11630,9862,21492,11630,9862,0,0,0,0,0,0,0,0,0,0,0,0,,
C3010,33,25,0,District - Theni  *  25,Total,13,22688,11720,10968,19429,10342,9087,19429,10342,9087,0,0,0,0,0,0,0,0,0,0,0,0,,
C3010,33,25,0,District - Theni  *  25,Total,14,20544,10640,9904,16323,8797,7526,16323,8797,7526,0,0,0,0,0,0,0,0,0,0,0,0,,
C3010,33,25,0,District - Theni  *  25,Total,15-19,107814,55561,52253,46557,27393,19164,42145,24759,17386,2741,1453,1288,1296,948,348,361,228,133,14,5,9,,
C3010,33,25,0,District - Theni  *  25,Total,20-24,92638,45415,47223,8289,5369,2920,3533,2207,1326,3551,2324,1227,930,696,234,257,135,122,18,7,11,,
C3010,33,25,0,District - Theni  *  25,Total,25-29,98815,46870,51945,578,428,150,0,0,0,261,192,69,189,149,40,108,79,29,20,8,12,,
C3010,33,25,0,District - Theni  *  25,Total,30-34,83332,41099,42233,204,124,80,0,0,0,64,41,23,60,41,19,49,26,23,31,16,15,,
C3010,33,25,0,District - Theni  *  25,Total,35-59,305610,154506,151104,315,175,140,0,0,0,87,60,27,90,41,49,44,21,23,94,53,41,,
C3010,33,25,0,District - Theni  *  25,Total,60+,100022,48284,51738,83,57,26,0,0,0,8,6,2,44,29,15,10,5,5,21,17,4,,
C3010,33,25,0,District - Theni  *  25,Total,Age not stated,6892,3682,3210,57,33,24,0,0,0,27,15,12,16,11,5,11,4,7,3,3,0,,
C3010,33,25,0,District - Theni  *  25,Rural,All ages,502109,255152,246957,106809,60128,46681,103550,57850,45700,1827,1305,522,973,722,251,339,186,153,120,65,55,,
C3010,33,25,0,District - Theni  *  25,Rural,0-4,41374,22031,19343,1628,864,764,1628,864,764,0,0,0,0,0,0,0,0,0,0,0,0,,
C3010,33,25,0,District - Theni  *  25,Rural,5,8936,4803,4133,4283,2322,1961,4283,2322,1961,0,0,0,0,0,0,0,0,0,0,0,0,,
C3010,33,25,0,District - Theni  *  25,Rural,6,8446,4591,3855,6666,3671,2995,6666,3671,2995,0,0,0,0,0,0,0,0,0,0,0,0,,
C3010,33,25,0,District - Theni  *  25,Rural,7,9775,5208,4567,9114,4865,4249,9114,4865,4249,0,0,0,0,0,0,0,0,0,0,0,0,,
C3010,33,25,0,District - Theni  *  25,Rural,8,10568,5637,4931,10005,5376,4629,10005,5376,4629,0,0,0,0,0,0,0,0,0,0,0,0,,
C3010,33,25,0,District - Theni  *  25,Rural,9,9349,5012,4337,8935,4815,4120,8935,4815,4120,0,0,0,0,0,0,0,0,0,0,0,0,,
C3010,33,25,0,District - Theni  *  25,Rural,10,11565,6255,5310,10671,5839,4832,10671,5839,4832,0,0,0,0,0,0,0,0,0,0,0,0,,
C3010,33,25,0,District - Theni  *  25,Rural,11,8971,4789,4182,8310,4500,3810,8310,4500,3810,0,0,0,0,0,0,0,0,0,0,0,0,,
C3010,33,25,0,District - Theni  *  25,Rural,12,11350,6141,5209,9803,5471,4332,9803,5471,4332,0,0,0,0,0,0,0,0,0,0,0,0,,
C3010,33,25,0,District - Theni  *  25,Rural,13,10527,5501,5026,8714,4749,3965,8714,4749,3965,0,0,0,0,0,0,0,0,0,0,0,0,,
C3010,33,25,0,District - Theni  *  25,Rural,14,9318,4868,4450,7018,3888,3130,7018,3888,3130,0,0,0,0,0,0,0,0,0,0,0,0,,
C3010,33,25,0,District - Theni  *  25,Rural,15-19,49539,25942,23597,18416,11530,6886,17114,10657,6457,681,444,237,463,339,124,151,87,64,7,3,4,,
C3010,33,25,0,District - Theni  *  25,Rural,20-24,41540,20960,20580,2789,1957,832,1289,833,456,1043,785,258,359,289,70,93,48,45,5,2,3,,
C3010,33,25,0,District - Theni  *  25,Rural,25-29,44496,21120,23376,186,132,54,0,0,0,60,44,16,63,48,15,49,37,12,14,3,11,,
C3010,33,25,0,District - Theni  *  25,Rural,30-34,36997,18180,18817,79,47,32,0,0,0,18,15,3,24,18,6,15,3,12,22,11,11,,
C3010,33,25,0,District - Theni  *  25,Rural,35-59,138590,69265,69325,123,62,61,0,0,0,8,6,2,36,13,23,19,7,12,60,36,24,,
C3010,33,25,0,District - Theni  *  25,Rural,60+,47169,22893,24276,33,18,15,0,0,0,1,1,0,18,8,10,4,1,3,10,8,2,,
C3010,33,25,0,District - Theni  *  25,Rural,Age not stated,3599,1956,1643,36,22,14,0,0,0,16,10,6,10,7,3,8,3,5,2,2,0,,
C3010,33,25,0,District - Theni  *  25,Urban,All ages,591841,297834,294007,132450,71333,61117,125304,66998,58306,4912,2786,2126,1652,1193,459,501,312,189,81,44,37,,
C3010,33,25,0,District - Theni  *  25,Urban,0-4,47268,24667,22601,2914,1552,1362,2914,1552,1362,0,0,0,0,0,0,0,0,0,0,0,0,,
C3010,33,25,0,District - Theni  *  25,Urban,5,11032,5836,5196,4927,2611,2316,4927,2611,2316,0,0,0,0,0,0,0,0,0,0,0,0,,
C3010,33,25,0,District - Theni  *  25,Urban,6,9071,4777,4294,6547,3438,3109,6547,3438,3109,0,0,0,0,0,0,0,0,0,0,0,0,,
C3010,33,25,0,District - Theni  *  25,Urban,7,10916,5716,5200,10113,5309,4804,10113,5309,4804,0,0,0,0,0,0,0,0,0,0,0,0,,
C3010,33,25,0,District - Theni  *  25,Urban,8,11415,5845,5570,10884,5585,5299,10884,5585,5299,0,0,0,0,0,0,0,0,0,0,0,0,,
C3010,33,25,0,District - Theni  *  25,Urban,9,10185,5394,4791,9778,5197,4581,9778,5197,4581,0,0,0,0,0,0,0,0,0,0,0,0,,
C3010,33,25,0,District - Theni  *  25,Urban,10,12517,6495,6022,11755,6140,5615,11755,6140,5615,0,0,0,0,0,0,0,0,0,0,0,0,,
C3010,33,25,0,District - Theni  *  25,Urban,11,9961,5295,4666,9402,5029,4373,9402,5029,4373,0,0,0,0,0,0,0,0,0,0,0,0,,
C3010,33,25,0,District - Theni  *  25,Urban,12,12896,6717,6179,11689,6159,5530,11689,6159,5530,0,0,0,0,0,0,0,0,0,0,0,0,,
C3010,33,25,0,District - Theni  *  25,Urban,13,12161,6219,5942,10715,5593,5122,10715,5593,5122,0,0,0,0,0,0,0,0,0,0,0,0,,
C3010,33,25,0,District - Theni  *  25,Urban,14,11226,5772,5454,9305,4909,4396,9305,4909,4396,0,0,0,0,0,0,0,0,0,0,0,0,,
C3010,33,25,0,District - Theni  *  25,Urban,15-19,58275,29619,28656,28141,15863,12278,25031,14102,10929,2060,1009,1051,833,609,224,210,141,69,7,2,5,,
C3010,33,25,0,District - Theni  *  25,Urban,20-24,51098,24455,26643,5500,3412,2088,2244,1374,870,2508,1539,969,571,407,164,164,87,77,13,5,8,,
C3010,33,25,0,District - Theni  *  25,Urban,25-29,54319,25750,28569,392,296,96,0,0,0,201,148,53,126,101,25,59,42,17,6,5,1,,
C3010,33,25,0,District - Theni  *  25,Urban,30-34,46335,22919,23416,125,77,48,0,0,0,46,26,20,36,23,13,34,23,11,9,5,4,,
C3010,33,25,0,District - Theni  *  25,Urban,35-59,167020,85241,81779,192,113,79,0,0,0,79,54,25,54,28,26,25,14,11,34,17,17,,
C3010,33,25,0,District - Theni  *  25,Urban,60+,52853,25391,27462,50,39,11,0,0,0,7,5,2,26,21,5,6,4,2,11,9,2,,
C3010,33,25,0,District - Theni  *  25,Urban,Age not stated,3293,1726,1567,21,11,10,0,0,0,11,5,6,6,4,2,3,1,2,1,1,0,,
C3010,33,26,0,District - Virudhunagar  26,Total,All ages,1751301,870376,880925,370555,197088,173467,345631,181528,164103,15235,9005,6230,7980,5585,2395,1197,696,501,512,274,238,,
C3010,33,26,0,District - Virudhunagar  26,Total,0-4,148593,75711,72882,8385,4334,4051,8385,4334,4051,0,0,0,0,0,0,0,0,0,0,0,0,,
C3010,33,26,0,District - Virudhunagar  26,Total,5,31440,16204,15236,14653,7501,7152,14653,7501,7152,0,0,0,0,0,0,0,0,0,0,0,0,,
C3010,33,26,0,District - Virudhunagar  26,Total,6,29114,14888,14226,22304,11423,10881,22304,11423,10881,0,0,0,0,0,0,0,0,0,0,0,0,,
C3010,33,26,0,District - Virudhunagar  26,Total,7,32651,16822,15829,30141,15563,14578,30141,15563,14578,0,0,0,0,0,0,0,0,0,0,0,0,,
C3010,33,26,0,District - Virudhunagar  26,Total,8,34481,17240,17241,32350,16211,16139,32350,16211,16139,0,0,0,0,0,0,0,0,0,0,0,0,,
C3010,33,26,0,District - Virudhunagar  26,Total,9,31594,16068,15526,29862,15230,14632,29862,15230,14632,0,0,0,0,0,0,0,0,0,0,0,0,,
C3010,33,26,0,District - Virudhunagar  26,Total,10,38060,19640,18420,34649,18020,16629,34649,18020,16629,0,0,0,0,0,0,0,0,0,0,0,0,,
C3010,33,26,0,District - Virudhunagar  26,Total,11,30460,15734,14726,27659,14447,13212,27659,14447,13212,0,0,0,0,0,0,0,0,0,0,0,0,,
C3010,33,26,0,District - Virudhunagar  26,Total,12,36213,18671,17542,30426,15992,14434,30426,15992,14434,0,0,0,0,0,0,0,0,0,0,0,0,,
C3010,33,26,0,District - Virudhunagar  26,Total,13,33201,16584,16617,26259,13639,12620,26259,13639,12620,0,0,0,0,0,0,0,0,0,0,0,0,,
C3010,33,26,0,District - Virudhunagar  26,Total,14,31606,16031,15575,22603,12136,10467,22603,12136,10467,0,0,0,0,0,0,0,0,0,0,0,0,,
C3010,33,26,0,District - Virudhunagar  26,Total,15-19,182255,91125,91130,73056,41228,31828,60665,33651,27014,6807,3714,3093,5040,3568,1472,523,285,238,21,10,11,,
C3010,33,26,0,District - Virudhunagar  26,Total,20-24,159580,75998,83582,15989,9905,6084,5675,3381,2294,7644,4719,2925,2265,1585,680,348,199,149,57,21,36,,
C3010,33,26,0,District - Virudhunagar  26,Total,25-29,157643,74734,82909,1012,736,276,0,0,0,462,353,109,316,239,77,170,117,53,64,27,37,,
C3010,33,26,0,District - Virudhunagar  26,Total,30-34,131797,64883,66914,294,184,110,0,0,0,93,62,31,88,55,33,60,40,20,53,27,26,,
C3010,33,26,0,District - Virudhunagar  26,Total,35-59,478632,240526,238106,618,377,241,0,0,0,134,102,32,176,86,90,63,39,24,245,150,95,,
C3010,33,26,0,District - Virudhunagar  26,Total,60+,151809,73379,78430,179,99,80,0,0,0,37,24,13,58,29,29,18,9,9,66,37,29,,
C3010,33,26,0,District - Virudhunagar  26,Total,Age not stated,12172,6138,6034,116,63,53,0,0,0,58,31,27,37,23,14,15,7,8,6,2,4,,
C3010,33,26,0,District - Virudhunagar  26,Rural,All ages,973956,482626,491330,201999,109043,92956,188677,100832,87845,7506,4382,3124,4972,3368,1604,527,296,231,317,165,152,,
C3010,33,26,0,District - Virudhunagar  26,Rural,0-4,85760,43748,42012,3566,1844,1722,3566,1844,1722,0,0,0,0,0,0,0,0,0,0,0,0,,
C3010,33,26,0,District - Virudhunagar  26,Rural,5,17602,9037,8565,7740,3961,3779,7740,3961,3779,0,0,0,0,0,0,0,0,0,0,0,0,,
C3010,33,26,0,District - Virudhunagar  26,Rural,6,16825,8639,8186,12873,6638,6235,12873,6638,6235,0,0,0,0,0,0,0,0,0,0,0,0,,
C3010,33,26,0,District - Virudhunagar  26,Rural,7,19087,9832,9255,17474,9034,8440,17474,9034,8440,0,0,0,0,0,0,0,0,0,0,0,0,,
C3010,33,26,0,District - Virudhunagar  26,Rural,8,20259,10126,10133,18856,9470,9386,18856,9470,9386,0,0,0,0,0,0,0,0,0,0,0,0,,
C3010,33,26,0,District - Virudhunagar  26,Rural,9,18577,9458,9119,17464,8932,8532,17464,8932,8532,0,0,0,0,0,0,0,0,0,0,0,0,,
C3010,33,26,0,District - Virudhunagar  26,Rural,10,22372,11530,10842,20140,10508,9632,20140,10508,9632,0,0,0,0,0,0,0,0,0,0,0,0,,
C3010,33,26,0,District - Virudhunagar  26,Rural,11,17093,8836,8257,15275,8028,7247,15275,8028,7247,0,0,0,0,0,0,0,0,0,0,0,0,,
C3010,33,26,0,District - Virudhunagar  26,Rural,12,20965,10914,10051,17117,9210,7907,17117,9210,7907,0,0,0,0,0,0,0,0,0,0,0,0,,
C3010,33,26,0,District - Virudhunagar  26,Rural,13,18695,9310,9385,14077,7454,6623,14077,7454,6623,0,0,0,0,0,0,0,0,0,0,0,0,,
C3010,33,26,0,District - Virudhunagar  26,Rural,14,17643,9010,8633,11865,6636,5229,11865,6636,5229,0,0,0,0,0,0,0,0,0,0,0,0,,
C3010,33,26,0,District - Virudhunagar  26,Rural,15-19,103589,51827,51762,36442,21599,14843,29756,17528,12228,3243,1750,1493,3177,2182,995,251,131,120,15,8,7,,
C3010,33,26,0,District - Virudhunagar  26,Rural,20-24,88374,42438,45936,7924,4958,2966,2474,1589,885,3856,2326,1530,1415,950,465,141,79,62,38,14,24,,
C3010,33,26,0,District - Virudhunagar  26,Rural,25-29,85070,40365,44705,539,392,147,0,0,0,258,201,57,162,122,40,74,53,21,45,16,29,,
C3010,33,26,0,District - Virudhunagar  26,Rural,30-34,69911,34271,35640,154,94,60,0,0,0,56,35,21,46,28,18,19,12,7,33,19,14,,
C3010,33,26,0,District - Virudhunagar  26,Rural,35-59,258641,127864,130777,338,199,139,0,0,0,54,43,11,110,54,56,27,15,12,147,87,60,,
C3010,33,26,0,District - Virudhunagar  26,Rural,60+,86390,41894,44496,100,56,44,0,0,0,17,14,3,39,18,21,10,4,6,34,20,14,,
C3010,33,26,0,District - Virudhunagar  26,Rural,Age not stated,7103,3527,3576,55,30,25,0,0,0,22,13,9,23,14,9,5,2,3,5,1,4,,
C3010,33,26,0,District - Virudhunagar  26,Urban,All ages,777345,387750,389595,168556,88045,80511,156954,80696,76258,7729,4623,3106,3008,2217,791,670,400,270,195,109,86,,
C3010,33,26,0,District - Virudhunagar  26,Urban,0-4,62833,31963,30870,4819,2490,2329,4819,2490,2329,0,0,0,0,0,0,0,0,0,0,0,0,,
C3010,33,26,0,District - Virudhunagar  26,Urban,5,13838,7167,6671,6913,3540,3373,6913,3540,3373,0,0,0,0,0,0,0,0,0,0,0,0,,
C3010,33,26,0,District - Virudhunagar  26,Urban,6,12289,6249,6040,9431,4785,4646,9431,4785,4646,0,0,0,0,0,0,0,0,0,0,0,0,,
C3010,33,26,0,District - Virudhunagar  26,Urban,7,13564,6990,6574,12667,6529,6138,12667,6529,6138,0,0,0,0,0,0,0,0,0,0,0,0,,
C3010,33,26,0,District - Virudhunagar  26,Urban,8,14222,7114,7108,13494,6741,6753,13494,6741,6753,0,0,0,0,0,0,0,0,0,0,0,0,,
C3010,33,26,0,District - Virudhunagar  26,Urban,9,13017,6610,6407,12398,6298,6100,12398,6298,6100,0,0,0,0,0,0,0,0,0,0,0,0,,
C3010,33,26,0,District - Virudhunagar  26,Urban,10,15688,8110,7578,14509,7512,6997,14509,7512,6997,0,0,0,0,0,0,0,0,0,0,0,0,,
C3010,33,26,0,District - Virudhunagar  26,Urban,11,13367,6898,6469,12384,6419,5965,12384,6419,5965,0,0,0,0,0,0,0,0,0,0,0,0,,
C3010,33,26,0,District - Virudhunagar  26,Urban,12,15248,7757,7491,13309,6782,6527,13309,6782,6527,0,0,0,0,0,0,0,0,0,0,0,0,,
C3010,33,26,0,District - Virudhunagar  26,Urban,13,14506,7274,7232,12182,6185,5997,12182,6185,5997,0,0,0,0,0,0,0,0,0,0,0,0,,
C3010,33,26,0,District - Virudhunagar  26,Urban,14,13963,7021,6942,10738,5500,5238,10738,5500,5238,0,0,0,0,0,0,0,0,0,0,0,0,,
C3010,33,26,0,District - Virudhunagar  26,Urban,15-19,78666,39298,39368,36614,19629,16985,30909,16123,14786,3564,1964,1600,1863,1386,477,272,154,118,6,2,4,,
C3010,33,26,0,District - Virudhunagar  26,Urban,20-24,71206,33560,37646,8065,4947,3118,3201,1792,1409,3788,2393,1395,850,635,215,207,120,87,19,7,12,,
C3010,33,26,0,District - Virudhunagar  26,Urban,25-29,72573,34369,38204,473,344,129,0,0,0,204,152,52,154,117,37,96,64,32,19,11,8,,
C3010,33,26,0,District - Virudhunagar  26,Urban,30-34,61886,30612,31274,140,90,50,0,0,0,37,27,10,42,27,15,41,28,13,20,8,12,,
C3010,33,26,0,District - Virudhunagar  26,Urban,35-59,219991,112662,107329,280,178,102,0,0,0,80,59,21,66,32,34,36,24,12,98,63,35,,
C3010,33,26,0,District - Virudhunagar  26,Urban,60+,65419,31485,33934,79,43,36,0,0,0,20,10,10,19,11,8,8,5,3,32,17,15,,
C3010,33,26,0,District - Virudhunagar  26,Urban,Age not stated,5069,2611,2458,61,33,28,0,0,0,36,18,18,14,9,5,10,5,5,1,1,0,,
C3010,33,27,0,District - Ramanathapuram  27,Total,All ages,1187604,583376,604228,277869,145849,132020,263861,136565,127296,10392,6673,3719,2626,2050,576,836,511,325,154,50,104,,
C3010,33,27,0,District - Ramanathapuram  27,Total,0-4,106318,54028,52290,5828,2942,2886,5828,2942,2886,0,0,0,0,0,0,0,0,0,0,0,0,,
C3010,33,27,0,District - Ramanathapuram  27,Total,5,22161,11339,10822,11221,5764,5457,11221,5764,5457,0,0,0,0,0,0,0,0,0,0,0,0,,
C3010,33,27,0,District - Ramanathapuram  27,Total,6,21108,10802,10306,16462,8463,7999,16462,8463,7999,0,0,0,0,0,0,0,0,0,0,0,0,,
C3010,33,27,0,District - Ramanathapuram  27,Total,7,23574,12001,11573,21814,11084,10730,21814,11084,10730,0,0,0,0,0,0,0,0,0,0,0,0,,
C3010,33,27,0,District - Ramanathapuram  27,Total,8,26222,13252,12970,24813,12575,12238,24813,12575,12238,0,0,0,0,0,0,0,0,0,0,0,0,,
C3010,33,27,0,District - Ramanathapuram  27,Total,9,23076,11652,11424,22068,11151,10917,22068,11151,10917,0,0,0,0,0,0,0,0,0,0,0,0,,
C3010,33,27,0,District - Ramanathapuram  27,Total,10,28672,14674,13998,26681,13697,12984,26681,13697,12984,0,0,0,0,0,0,0,0,0,0,0,0,,
C3010,33,27,0,District - Ramanathapuram  27,Total,11,20228,10255,9973,18963,9642,9321,18963,9642,9321,0,0,0,0,0,0,0,0,0,0,0,0,,
C3010,33,27,0,District - Ramanathapuram  27,Total,12,28468,14696,13772,25348,13179,12169,25348,13179,12169,0,0,0,0,0,0,0,0,0,0,0,0,,
C3010,33,27,0,District - Ramanathapuram  27,Total,13,24787,12170,12617,21132,10616,10516,21132,10616,10516,0,0,0,0,0,0,0,0,0,0,0,0,,
C3010,33,27,0,District - Ramanathapuram  27,Total,14,23938,11784,12154,18784,9596,9188,18784,9596,9188,0,0,0,0,0,0,0,0,0,0,0,0,,
C3010,33,27,0,District - Ramanathapuram  27,Total,15-19,129196,63226,65970,53862,29954,23908,47695,26015,21680,4250,2503,1747,1493,1180,313,416,253,163,8,3,5,,
C3010,33,27,0,District - Ramanathapuram  27,Total,20-24,107792,52222,55570,9469,6207,3262,3052,1841,1211,5435,3641,1794,773,606,167,191,115,76,18,4,14,,
C3010,33,27,0,District - Ramanathapuram  27,Total,25-29,100568,46298,54270,848,632,216,0,0,0,488,371,117,213,171,42,129,86,43,18,4,14,,
C3010,33,27,0,District - Ramanathapuram  27,Total,30-34,81553,38959,42594,212,123,89,0,0,0,101,67,34,48,34,14,43,19,24,20,3,17,,
C3010,33,27,0,District - Ramanathapuram  27,Total,35-59,313725,153586,160139,259,145,114,0,0,0,87,67,20,53,23,30,42,28,14,77,27,50,,
C3010,33,27,0,District - Ramanathapuram  27,Total,60+,103539,51034,52505,84,63,21,0,0,0,25,21,4,32,24,8,15,10,5,12,8,4,,
C3010,33,27,0,District - Ramanathapuram  27,Total,Age not stated,2679,1398,1281,21,16,5,0,0,0,6,3,3,14,12,2,0,0,0,1,1,0,,
C3010,33,27,0,District - Ramanathapuram  27,Rural,All ages,885210,433290,451920,200938,106566,94372,192606,100676,91930,5856,4049,1807,1863,1479,384,498,323,175,115,39,76,,
C3010,33,27,0,District - Ramanathapuram  27,Rural,0-4,79488,40456,39032,3345,1726,1619,3345,1726,1619,0,0,0,0,0,0,0,0,0,0,0,0,,
C3010,33,27,0,District - Ramanathapuram  27,Rural,5,16190,8304,7886,7938,4086,3852,7938,4086,3852,0,0,0,0,0,0,0,0,0,0,0,0,,
C3010,33,27,0,District - Ramanathapuram  27,Rural,6,15876,8112,7764,12437,6403,6034,12437,6403,6034,0,0,0,0,0,0,0,0,0,0,0,0,,
C3010,33,27,0,District - Ramanathapuram  27,Rural,7,17692,9072,8620,16316,8355,7961,16316,8355,7961,0,0,0,0,0,0,0,0,0,0,0,0,,
C3010,33,27,0,District - Ramanathapuram  27,Rural,8,19811,10053,9758,18719,9544,9175,18719,9544,9175,0,0,0,0,0,0,0,0,0,0,0,0,,
C3010,33,27,0,District - Ramanathapuram  27,Rural,9,17424,8783,8641,16634,8401,8233,16634,8401,8233,0,0,0,0,0,0,0,0,0,0,0,0,,
C3010,33,27,0,District - Ramanathapuram  27,Rural,10,21526,10975,10551,19943,10216,9727,19943,10216,9727,0,0,0,0,0,0,0,0,0,0,0,0,,
C3010,33,27,0,District - Ramanathapuram  27,Rural,11,14868,7584,7284,13862,7108,6754,13862,7108,6754,0,0,0,0,0,0,0,0,0,0,0,0,,
C3010,33,27,0,District - Ramanathapuram  27,Rural,12,21330,11088,10242,18813,9874,8939,18813,9874,8939,0,0,0,0,0,0,0,0,0,0,0,0,,
C3010,33,27,0,District - Ramanathapuram  27,Rural,13,18532,9112,9420,15590,7889,7701,15590,7889,7701,0,0,0,0,0,0,0,0,0,0,0,0,,
C3010,33,27,0,District - Ramanathapuram  27,Rural,14,17543,8773,8770,13469,7065,6404,13469,7065,6404,0,0,0,0,0,0,0,0,0,0,0,0,,
C3010,33,27,0,District - Ramanathapuram  27,Rural,15-19,95945,46911,49034,36951,21201,15750,33233,18579,14654,2351,1554,797,1077,880,197,284,185,99,6,3,3,,
C3010,33,27,0,District - Ramanathapuram  27,Rural,20-24,78561,37987,40574,6026,4073,1953,2307,1430,877,3082,2166,916,521,408,113,107,67,40,9,2,7,,
C3010,33,27,0,District - Ramanathapuram  27,Rural,25-29,72584,33232,39352,518,388,130,0,0,0,302,235,67,152,118,34,52,32,20,12,3,9,,
C3010,33,27,0,District - Ramanathapuram  27,Rural,30-34,58272,27460,30812,129,86,43,0,0,0,56,45,11,39,27,12,19,13,6,15,1,14,,
C3010,33,27,0,District - Ramanathapuram  27,Rural,35-59,236622,114096,122526,176,94,82,0,0,0,45,35,10,39,17,22,27,18,9,65,24,41,,
C3010,33,27,0,District - Ramanathapuram  27,Rural,60+,80848,40180,40668,55,44,11,0,0,0,16,13,3,23,18,5,9,8,1,7,5,2,,
C3010,33,27,0,District - Ramanathapuram  27,Rural,Age not stated,2098,1112,986,17,13,4,0,0,0,4,1,3,12,11,1,0,0,0,1,1,0,,
C3010,33,27,0,District - Ramanathapuram  27,Urban,All ages,302394,150086,152308,76931,39283,37648,71255,35889,35366,4536,2624,1912,763,571,192,338,188,150,39,11,28,,
C3010,33,27,0,District - Ramanathapuram  27,Urban,0-4,26830,13572,13258,2483,1216,1267,2483,1216,1267,0,0,0,0,0,0,0,0,0,0,0,0,,
C3010,33,27,0,District - Ramanathapuram  27,Urban,5,5971,3035,2936,3283,1678,1605,3283,1678,1605,0,0,0,0,0,0,0,0,0,0,0,0,,
C3010,33,27,0,District - Ramanathapuram  27,Urban,6,5232,2690,2542,4025,2060,1965,4025,2060,1965,0,0,0,0,0,0,0,0,0,0,0,0,,
C3010,33,27,0,District - Ramanathapuram  27,Urban,7,5882,2929,2953,5498,2729,2769,5498,2729,2769,0,0,0,0,0,0,0,0,0,0,0,0,,
C3010,33,27,0,District - Ramanathapuram  27,Urban,8,6411,3199,3212,6094,3031,3063,6094,3031,3063,0,0,0,0,0,0,0,0,0,0,0,0,,
C3010,33,27,0,District - Ramanathapuram  27,Urban,9,5652,2869,2783,5434,2750,2684,5434,2750,2684,0,0,0,0,0,0,0,0,0,0,0,0,,
C3010,33,27,0,District - Ramanathapuram  27,Urban,10,7146,3699,3447,6738,3481,3257,6738,3481,3257,0,0,0,0,0,0,0,0,0,0,0,0,,
C3010,33,27,0,District - Ramanathapuram  27,Urban,11,5360,2671,2689,5101,2534,2567,5101,2534,2567,0,0,0,0,0,0,0,0,0,0,0,0,,
C3010,33,27,0,District - Ramanathapuram  27,Urban,12,7138,3608,3530,6535,3305,3230,6535,3305,3230,0,0,0,0,0,0,0,0,0,0,0,0,,
C3010,33,27,0,District - Ramanathapuram  27,Urban,13,6255,3058,3197,5542,2727,2815,5542,2727,2815,0,0,0,0,0,0,0,0,0,0,0,0,,
C3010,33,27,0,District - Ramanathapuram  27,Urban,14,6395,3011,3384,5315,2531,2784,5315,2531,2784,0,0,0,0,0,0,0,0,0,0,0,0,,
C3010,33,27,0,District - Ramanathapuram  27,Urban,15-19,33251,16315,16936,16911,8753,8158,14462,7436,7026,1899,949,950,416,300,116,132,68,64,2,0,2,,
C3010,33,27,0,District - Ramanathapuram  27,Urban,20-24,29231,14235,14996,3443,2134,1309,745,411,334,2353,1475,878,252,198,54,84,48,36,9,2,7,,
C3010,33,27,0,District - Ramanathapuram  27,Urban,25-29,27984,13066,14918,330,244,86,0,0,0,186,136,50,61,53,8,77,54,23,6,1,5,,
C3010,33,27,0,District - Ramanathapuram  27,Urban,30-34,23281,11499,11782,83,37,46,0,0,0,45,22,23,9,7,2,24,6,18,5,2,3,,
C3010,33,27,0,District - Ramanathapuram  27,Urban,35-59,77103,39490,37613,83,51,32,0,0,0,42,32,10,14,6,8,15,10,5,12,3,9,,
C3010,33,27,0,District - Ramanathapuram  27,Urban,60+,22691,10854,11837,29,19,10,0,0,0,9,8,1,9,6,3,6,2,4,5,3,2,,
C3010,33,27,0,District - Ramanathapuram  27,Urban,Age not stated,581,286,295,4,3,1,0,0,0,2,2,0,2,1,1,0,0,0,0,0,0,,
C3010,33,28,0,District - Thoothukkudi  28,Total,All ages,1572273,766823,805450,353787,180855,172932,331533,168485,163048,14605,7665,6940,6149,4000,2149,1240,592,648,260,113,147,,
C3010,33,28,0,District - Thoothukkudi  28,Total,0-4,127967,65318,62649,7740,3925,3815,7740,3925,3815,0,0,0,0,0,0,0,0,0,0,0,0,,
C3010,33,28,0,District - Thoothukkudi  28,Total,5,28713,14826,13887,12946,6646,6300,12946,6646,6300,0,0,0,0,0,0,0,0,0,0,0,0,,
C3010,33,28,0,District - Thoothukkudi  28,Total,6,27731,14287,13444,21243,10957,10286,21243,10957,10286,0,0,0,0,0,0,0,0,0,0,0,0,,
C3010,33,28,0,District - Thoothukkudi  28,Total,7,28906,14761,14145,26994,13807,13187,26994,13807,13187,0,0,0,0,0,0,0,0,0,0,0,0,,
C3010,33,28,0,District - Thoothukkudi  28,Total,8,30190,15312,14878,28792,14628,14164,28792,14628,14164,0,0,0,0,0,0,0,0,0,0,0,0,,
C3010,33,28,0,District - Thoothukkudi  28,Total,9,28743,14663,14080,27541,14056,13485,27541,14056,13485,0,0,0,0,0,0,0,0,0,0,0,0,,
C3010,33,28,0,District - Thoothukkudi  28,Total,10,33944,17352,16592,31783,16288,15495,31783,16288,15495,0,0,0,0,0,0,0,0,0,0,0,0,,
C3010,33,28,0,District - Thoothukkudi  28,Total,11,28458,14736,13722,26691,13833,12858,26691,13833,12858,0,0,0,0,0,0,0,0,0,0,0,0,,
C3010,33,28,0,District - Thoothukkudi  28,Total,12,33875,17330,16545,30182,15520,14662,30182,15520,14662,0,0,0,0,0,0,0,0,0,0,0,0,,
C3010,33,28,0,District - Thoothukkudi  28,Total,13,32458,15832,16626,27314,13389,13925,27314,13389,13925,0,0,0,0,0,0,0,0,0,0,0,0,,
C3010,33,28,0,District - Thoothukkudi  28,Total,14,30896,14948,15948,23622,11692,11930,23622,11692,11930,0,0,0,0,0,0,0,0,0,0,0,0,,
C3010,33,28,0,District - Thoothukkudi  28,Total,15-19,165959,78720,87239,72090,36925,35165,61663,31113,30550,6059,3074,2985,3790,2491,1299,560,242,318,18,5,13,,
C3010,33,28,0,District - Thoothukkudi  28,Total,20-24,143440,66496,76944,14827,7959,6868,5022,2631,2391,7716,4054,3662,1693,1103,590,375,162,213,21,9,12,,
C3010,33,28,0,District - Thoothukkudi  28,Total,25-29,137135,64473,72662,961,599,362,0,0,0,453,288,165,323,202,121,161,100,61,24,9,15,,
C3010,33,28,0,District - Thoothukkudi  28,Total,30-34,110656,54020,56636,296,176,120,0,0,0,119,71,48,82,58,24,63,37,26,32,10,22,,
C3010,33,28,0,District - Thoothukkudi  28,Total,35-59,421471,206087,215384,521,308,213,0,0,0,173,121,52,169,95,74,59,38,21,120,54,66,,
C3010,33,28,0,District - Thoothukkudi  28,Total,60+,151714,72660,79054,159,94,65,0,0,0,38,29,9,70,35,35,13,8,5,38,22,16,,
C3010,33,28,0,District - Thoothukkudi  28,Total,Age not stated,10017,5002,5015,85,53,32,0,0,0,47,28,19,22,16,6,9,5,4,7,4,3,,
C3010,33,28,0,District - Thoothukkudi  28,Rural,All ages,907500,439254,468246,199218,103177,96041,189514,97548,91966,6108,3432,2676,2956,1892,1064,464,228,236,176,77,99,,
C3010,33,28,0,District - Thoothukkudi  28,Rural,0-4,74120,38032,36088,3620,1872,1748,3620,1872,1748,0,0,0,0,0,0,0,0,0,0,0,0,,
C3010,33,28,0,District - Thoothukkudi  28,Rural,5,16385,8537,7848,7175,3676,3499,7175,3676,3499,0,0,0,0,0,0,0,0,0,0,0,0,,
C3010,33,28,0,District - Thoothukkudi  28,Rural,6,16183,8327,7856,12590,6494,6096,12590,6494,6096,0,0,0,0,0,0,0,0,0,0,0,0,,
C3010,33,28,0,District - Thoothukkudi  28,Rural,7,17065,8705,8360,15962,8147,7815,15962,8147,7815,0,0,0,0,0,0,0,0,0,0,0,0,,
C3010,33,28,0,District - Thoothukkudi  28,Rural,8,17919,9180,8739,17071,8749,8322,17071,8749,8322,0,0,0,0,0,0,0,0,0,0,0,0,,
C3010,33,28,0,District - Thoothukkudi  28,Rural,9,17391,8931,8460,16674,8561,8113,16674,8561,8113,0,0,0,0,0,0,0,0,0,0,0,0,,
C3010,33,28,0,District - Thoothukkudi  28,Rural,10,20309,10475,9834,18962,9828,9134,18962,9828,9134,0,0,0,0,0,0,0,0,0,0,0,0,,
C3010,33,28,0,District - Thoothukkudi  28,Rural,11,16820,8759,8061,15676,8191,7485,15676,8191,7485,0,0,0,0,0,0,0,0,0,0,0,0,,
C3010,33,28,0,District - Thoothukkudi  28,Rural,12,20483,10530,9953,17977,9348,8629,17977,9348,8629,0,0,0,0,0,0,0,0,0,0,0,0,,
C3010,33,28,0,District - Thoothukkudi  28,Rural,13,19358,9452,9906,15854,7851,8003,15854,7851,8003,0,0,0,0,0,0,0,0,0,0,0,0,,
C3010,33,28,0,District - Thoothukkudi  28,Rural,14,18189,8709,9480,13292,6666,6626,13292,6666,6626,0,0,0,0,0,0,0,0,0,0,0,0,,
C3010,33,28,0,District - Thoothukkudi  28,Rural,15-19,97162,45330,51832,36707,19432,17275,32148,16746,15402,2500,1391,1109,1805,1182,623,242,110,132,12,3,9,,
C3010,33,28,0,District - Thoothukkudi  28,Rural,20-24,80837,37366,43471,6655,3747,2908,2513,1419,1094,3225,1778,1447,777,486,291,125,59,66,15,5,10,,
C3010,33,28,0,District - Thoothukkudi  28,Rural,25-29,75287,35328,39959,464,292,172,0,0,0,223,150,73,173,106,67,51,31,20,17,5,12,,
C3010,33,28,0,District - Thoothukkudi  28,Rural,30-34,59673,28759,30914,143,84,59,0,0,0,59,37,22,49,33,16,13,7,6,22,7,15,,
C3010,33,28,0,District - Thoothukkudi  28,Rural,35-59,240108,114526,125582,262,153,109,0,0,0,60,43,17,99,57,42,23,15,8,80,38,42,,
C3010,33,28,0,District - Thoothukkudi  28,Rural,60+,94834,45611,49223,88,52,36,0,0,0,19,16,3,41,18,23,4,2,2,24,16,8,,
C3010,33,28,0,District - Thoothukkudi  28,Rural,Age not stated,5377,2697,2680,46,34,12,0,0,0,22,17,5,12,10,2,6,4,2,6,3,3,,
C3010,33,28,0,District - Thoothukkudi  28,Urban,All ages,664773,327569,337204,154569,77678,76891,142019,70937,71082,8497,4233,4264,3193,2108,1085,776,364,412,84,36,48,,
C3010,33,28,0,District - Thoothukkudi  28,Urban,0-4,53847,27286,26561,4120,2053,2067,4120,2053,2067,0,0,0,0,0,0,0,0,0,0,0,0,,
C3010,33,28,0,District - Thoothukkudi  28,Urban,5,12328,6289,6039,5771,2970,2801,5771,2970,2801,0,0,0,0,0,0,0,0,0,0,0,0,,
C3010,33,28,0,District - Thoothukkudi  28,Urban,6,11548,5960,5588,8653,4463,4190,8653,4463,4190,0,0,0,0,0,0,0,0,0,0,0,0,,
C3010,33,28,0,District - Thoothukkudi  28,Urban,7,11841,6056,5785,11032,5660,5372,11032,5660,5372,0,0,0,0,0,0,0,0,0,0,0,0,,
C3010,33,28,0,District - Thoothukkudi  28,Urban,8,12271,6132,6139,11721,5879,5842,11721,5879,5842,0,0,0,0,0,0,0,0,0,0,0,0,,
C3010,33,28,0,District - Thoothukkudi  28,Urban,9,11352,5732,5620,10867,5495,5372,10867,5495,5372,0,0,0,0,0,0,0,0,0,0,0,0,,
C3010,33,28,0,District - Thoothukkudi  28,Urban,10,13635,6877,6758,12821,6460,6361,12821,6460,6361,0,0,0,0,0,0,0,0,0,0,0,0,,
C3010,33,28,0,District - Thoothukkudi  28,Urban,11,11638,5977,5661,11015,5642,5373,11015,5642,5373,0,0,0,0,0,0,0,0,0,0,0,0,,
C3010,33,28,0,District - Thoothukkudi  28,Urban,12,13392,6800,6592,12205,6172,6033,12205,6172,6033,0,0,0,0,0,0,0,0,0,0,0,0,,
C3010,33,28,0,District - Thoothukkudi  28,Urban,13,13100,6380,6720,11460,5538,5922,11460,5538,5922,0,0,0,0,0,0,0,0,0,0,0,0,,
C3010,33,28,0,District - Thoothukkudi  28,Urban,14,12707,6239,6468,10330,5026,5304,10330,5026,5304,0,0,0,0,0,0,0,0,0,0,0,0,,
C3010,33,28,0,District - Thoothukkudi  28,Urban,15-19,68797,33390,35407,35383,17493,17890,29515,14367,15148,3559,1683,1876,1985,1309,676,318,132,186,6,2,4,,
C3010,33,28,0,District - Thoothukkudi  28,Urban,20-24,62603,29130,33473,8172,4212,3960,2509,1212,1297,4491,2276,2215,916,617,299,250,103,147,6,4,2,,
C3010,33,28,0,District - Thoothukkudi  28,Urban,25-29,61848,29145,32703,497,307,190,0,0,0,230,138,92,150,96,54,110,69,41,7,4,3,,
C3010,33,28,0,District - Thoothukkudi  28,Urban,30-34,50983,25261,25722,153,92,61,0,0,0,60,34,26,33,25,8,50,30,20,10,3,7,,
C3010,33,28,0,District - Thoothukkudi  28,Urban,35-59,181363,91561,89802,259,155,104,0,0,0,113,78,35,70,38,32,36,23,13,40,16,24,,
C3010,33,28,0,District - Thoothukkudi  28,Urban,60+,56880,27049,29831,71,42,29,0,0,0,19,13,6,29,17,12,9,6,3,14,6,8,,
C3010,33,28,0,District - Thoothukkudi  28,Urban,Age not stated,4640,2305,2335,39,19,20,0,0,0,25,11,14,10,6,4,3,1,2,1,1,0,,
C3010,33,29,0,District - Tirunelveli  29,Total,All ages,2723988,1333939,1390049,604887,316840,288047,567082,294947,272135,24309,13063,11246,10262,7026,3236,2791,1590,1201,443,214,229,,
C3010,33,29,0,District - Tirunelveli  29,Total,0-4,222302,113356,108946,13024,6673,6351,13024,6673,6351,0,0,0,0,0,0,0,0,0,0,0,0,,
C3010,33,29,0,District - Tirunelveli  29,Total,5,50705,26204,24501,22385,11619,10766,22385,11619,10766,0,0,0,0,0,0,0,0,0,0,0,0,,
C3010,33,29,0,District - Tirunelveli  29,Total,6,47168,24064,23104,36567,18620,17947,36567,18620,17947,0,0,0,0,0,0,0,0,0,0,0,0,,
C3010,33,29,0,District - Tirunelveli  29,Total,7,50544,25952,24592,47233,24292,22941,47233,24292,22941,0,0,0,0,0,0,0,0,0,0,0,0,,
C3010,33,29,0,District - Tirunelveli  29,Total,8,52976,27023,25953,50551,25826,24725,50551,25826,24725,0,0,0,0,0,0,0,0,0,0,0,0,,
C3010,33,29,0,District - Tirunelveli  29,Total,9,49511,25107,24404,47350,24052,23298,47350,24052,23298,0,0,0,0,0,0,0,0,0,0,0,0,,
C3010,33,29,0,District - Tirunelveli  29,Total,10,57828,29761,28067,54219,28053,26166,54219,28053,26166,0,0,0,0,0,0,0,0,0,0,0,0,,
C3010,33,29,0,District - Tirunelveli  29,Total,11,47652,24588,23064,44592,23074,21518,44592,23074,21518,0,0,0,0,0,0,0,0,0,0,0,0,,
C3010,33,29,0,District - Tirunelveli  29,Total,12,57864,29706,28158,51773,26906,24867,51773,26906,24867,0,0,0,0,0,0,0,0,0,0,0,0,,
C3010,33,29,0,District - Tirunelveli  29,Total,13,54382,27322,27060,45927,23677,22250,45927,23677,22250,0,0,0,0,0,0,0,0,0,0,0,0,,
C3010,33,29,0,District - Tirunelveli  29,Total,14,50910,25411,25499,39341,20483,18858,39341,20483,18858,0,0,0,0,0,0,0,0,0,0,0,0,,
C3010,33,29,0,District - Tirunelveli  29,Total,15-19,285602,138832,146770,121689,66128,55561,105094,56589,48505,9692,4822,4870,5596,4014,1582,1285,690,595,22,13,9,,
C3010,33,29,0,District - Tirunelveli  29,Total,20-24,247681,117942,129739,26842,15215,11627,9026,5083,3943,13205,7296,5909,3629,2295,1334,925,522,403,57,19,38,,
C3010,33,29,0,District - Tirunelveli  29,Total,25-29,239238,113073,126165,1885,1310,575,0,0,0,919,616,303,566,437,129,346,236,110,54,21,33,,
C3010,33,29,0,District - Tirunelveli  29,Total,30-34,191913,93563,98350,477,308,169,0,0,0,187,125,62,154,101,53,91,61,30,45,21,24,,
C3010,33,29,0,District - Tirunelveli  29,Total,35-59,746907,363712,383195,766,443,323,0,0,0,246,170,76,207,108,99,110,63,47,203,102,101,,
C3010,33,29,0,District - Tirunelveli  29,Total,60+,262854,124132,138722,198,116,82,0,0,0,40,25,15,69,39,30,29,15,14,60,37,23,,
C3010,33,29,0,District - Tirunelveli  29,Total,Age not stated,7951,4191,3760,68,45,23,0,0,0,20,9,11,41,32,9,5,3,2,2,1,1,,
C3010,33,29,0,District - Tirunelveli  29,Rural,All ages,1415742,688797,726945,302975,160292,142683,288574,151551,137023,8717,5047,3670,4374,2996,1378,1025,549,476,285,149,136,,
C3010,33,29,0,District - Tirunelveli  29,Rural,0-4,119719,60977,58742,5308,2754,2554,5308,2754,2554,0,0,0,0,0,0,0,0,0,0,0,0,,
C3010,33,29,0,District - Tirunelveli  29,Rural,5,27272,14051,13221,10889,5653,5236,10889,5653,5236,0,0,0,0,0,0,0,0,0,0,0,0,,
C3010,33,29,0,District - Tirunelveli  29,Rural,6,25668,13093,12575,19842,10061,9781,19842,10061,9781,0,0,0,0,0,0,0,0,0,0,0,0,,
C3010,33,29,0,District - Tirunelveli  29,Rural,7,27169,13940,13229,25269,12997,12272,25269,12997,12272,0,0,0,0,0,0,0,0,0,0,0,0,,
C3010,33,29,0,District - Tirunelveli  29,Rural,8,28653,14689,13964,27224,14001,13223,27224,14001,13223,0,0,0,0,0,0,0,0,0,0,0,0,,
C3010,33,29,0,District - Tirunelveli  29,Rural,9,27035,13676,13359,25718,13065,12653,25718,13065,12653,0,0,0,0,0,0,0,0,0,0,0,0,,
C3010,33,29,0,District - Tirunelveli  29,Rural,10,31134,16089,15045,28899,15041,13858,28899,15041,13858,0,0,0,0,0,0,0,0,0,0,0,0,,
C3010,33,29,0,District - Tirunelveli  29,Rural,11,25164,12996,12168,23257,12069,11188,23257,12069,11188,0,0,0,0,0,0,0,0,0,0,0,0,,
C3010,33,29,0,District - Tirunelveli  29,Rural,12,31004,15946,15058,27171,14236,12935,27171,14236,12935,0,0,0,0,0,0,0,0,0,0,0,0,,
C3010,33,29,0,District - Tirunelveli  29,Rural,13,28718,14397,14321,23442,12180,11262,23442,12180,11262,0,0,0,0,0,0,0,0,0,0,0,0,,
C3010,33,29,0,District - Tirunelveli  29,Rural,14,26307,13148,13159,19130,10164,8966,19130,10164,8966,0,0,0,0,0,0,0,0,0,0,0,0,,
C3010,33,29,0,District - Tirunelveli  29,Rural,15-19,149906,72204,77702,54898,30783,24115,48584,27021,21563,3400,1817,1583,2379,1672,707,520,264,256,15,9,6,,
C3010,33,29,0,District - Tirunelveli  29,Rural,20-24,126712,60094,66618,10456,6323,4133,3841,2309,1532,4769,2845,1924,1509,996,513,302,161,141,35,12,23,,
C3010,33,29,0,District - Tirunelveli  29,Rural,25-29,122016,57482,64534,765,552,213,0,0,0,349,255,94,262,201,61,120,82,38,34,14,20,,
C3010,33,29,0,District - Tirunelveli  29,Rural,30-34,95490,46041,49449,191,119,72,0,0,0,68,46,22,68,41,27,27,18,9,28,14,14,,
C3010,33,29,0,District - Tirunelveli  29,Rural,35-59,380077,182095,197982,374,201,173,0,0,0,109,69,40,91,44,47,42,18,24,132,70,62,,
C3010,33,29,0,District - Tirunelveli  29,Rural,60+,139268,65487,73781,105,67,38,0,0,0,16,13,3,36,18,18,13,6,7,40,30,10,,
C3010,33,29,0,District - Tirunelveli  29,Rural,Age not stated,4430,2392,2038,37,26,11,0,0,0,6,2,4,29,24,5,1,0,1,1,0,1,,
C3010,33,29,0,District - Tirunelveli  29,Urban,All ages,1308246,645142,663104,301912,156548,145364,278508,143396,135112,15592,8016,7576,5888,4030,1858,1766,1041,725,158,65,93,,
C3010,33,29,0,District - Tirunelveli  29,Urban,0-4,102583,52379,50204,7716,3919,3797,7716,3919,3797,0,0,0,0,0,0,0,0,0,0,0,0,,
C3010,33,29,0,District - Tirunelveli  29,Urban,5,23433,12153,11280,11496,5966,5530,11496,5966,5530,0,0,0,0,0,0,0,0,0,0,0,0,,
C3010,33,29,0,District - Tirunelveli  29,Urban,6,21500,10971,10529,16725,8559,8166,16725,8559,8166,0,0,0,0,0,0,0,0,0,0,0,0,,
C3010,33,29,0,District - Tirunelveli  29,Urban,7,23375,12012,11363,21964,11295,10669,21964,11295,10669,0,0,0,0,0,0,0,0,0,0,0,0,,
C3010,33,29,0,District - Tirunelveli  29,Urban,8,24323,12334,11989,23327,11825,11502,23327,11825,11502,0,0,0,0,0,0,0,0,0,0,0,0,,
C3010,33,29,0,District - Tirunelveli  29,Urban,9,22476,11431,11045,21632,10987,10645,21632,10987,10645,0,0,0,0,0,0,0,0,0,0,0,0,,
C3010,33,29,0,District - Tirunelveli  29,Urban,10,26694,13672,13022,25320,13012,12308,25320,13012,12308,0,0,0,0,0,0,0,0,0,0,0,0,,
C3010,33,29,0,District - Tirunelveli  29,Urban,11,22488,11592,10896,21335,11005,10330,21335,11005,10330,0,0,0,0,0,0,0,0,0,0,0,0,,
C3010,33,29,0,District - Tirunelveli  29,Urban,12,26860,13760,13100,24602,12670,11932,24602,12670,11932,0,0,0,0,0,0,0,0,0,0,0,0,,
C3010,33,29,0,District - Tirunelveli  29,Urban,13,25664,12925,12739,22485,11497,10988,22485,11497,10988,0,0,0,0,0,0,0,0,0,0,0,0,,
C3010,33,29,0,District - Tirunelveli  29,Urban,14,24603,12263,12340,20211,10319,9892,20211,10319,9892,0,0,0,0,0,0,0,0,0,0,0,0,,
C3010,33,29,0,District - Tirunelveli  29,Urban,15-19,135696,66628,69068,66791,35345,31446,56510,29568,26942,6292,3005,3287,3217,2342,875,765,426,339,7,4,3,,
C3010,33,29,0,District - Tirunelveli  29,Urban,20-24,120969,57848,63121,16386,8892,7494,5185,2774,2411,8436,4451,3985,2120,1299,821,623,361,262,22,7,15,,
C3010,33,29,0,District - Tirunelveli  29,Urban,25-29,117222,55591,61631,1120,758,362,0,0,0,570,361,209,304,236,68,226,154,72,20,7,13,,
C3010,33,29,0,District - Tirunelveli  29,Urban,30-34,96423,47522,48901,286,189,97,0,0,0,119,79,40,86,60,26,64,43,21,17,7,10,,
C3010,33,29,0,District - Tirunelveli  29,Urban,35-59,366830,181617,185213,392,242,150,0,0,0,137,101,36,116,64,52,68,45,23,71,32,39,,
C3010,33,29,0,District - Tirunelveli  29,Urban,60+,123586,58645,64941,93,49,44,0,0,0,24,12,12,33,21,12,16,9,7,20,7,13,,
C3010,33,29,0,District - Tirunelveli  29,Urban,Age not stated,3521,1799,1722,31,19,12,0,0,0,14,7,7,12,8,4,4,3,1,1,1,0,,
C3010,33,30,0,District - Kanniyakumari  30,Total,All ages,1676034,832269,843765,398902,199544,199358,363431,181675,181756,23434,10553,12881,9398,6143,3255,2492,1114,1378,147,59,88,,
C3010,33,30,0,District - Kanniyakumari  30,Total,0-4,130633,66162,64471,10170,5132,5038,10170,5132,5038,0,0,0,0,0,0,0,0,0,0,0,0,,
C3010,33,30,0,District - Kanniyakumari  30,Total,5,26607,13626,12981,13596,6941,6655,13596,6941,6655,0,0,0,0,0,0,0,0,0,0,0,0,,
C3010,33,30,0,District - Kanniyakumari  30,Total,6,24479,12537,11942,19990,10283,9707,19990,10283,9707,0,0,0,0,0,0,0,0,0,0,0,0,,
C3010,33,30,0,District - Kanniyakumari  30,Total,7,27099,13882,13217,25890,13257,12633,25890,13257,12633,0,0,0,0,0,0,0,0,0,0,0,0,,
C3010,33,30,0,District - Kanniyakumari  30,Total,8,28493,14497,13996,27663,14106,13557,27663,14106,13557,0,0,0,0,0,0,0,0,0,0,0,0,,
C3010,33,30,0,District - Kanniyakumari  30,Total,9,26023,13045,12978,25333,12688,12645,25333,12688,12645,0,0,0,0,0,0,0,0,0,0,0,0,,
C3010,33,30,0,District - Kanniyakumari  30,Total,10,31094,15950,15144,29991,15408,14583,29991,15408,14583,0,0,0,0,0,0,0,0,0,0,0,0,,
C3010,33,30,0,District - Kanniyakumari  30,Total,11,26545,13344,13201,25712,12912,12800,25712,12912,12800,0,0,0,0,0,0,0,0,0,0,0,0,,
C3010,33,30,0,District - Kanniyakumari  30,Total,12,32938,16751,16187,31476,15926,15550,31476,15926,15550,0,0,0,0,0,0,0,0,0,0,0,0,,
C3010,33,30,0,District - Kanniyakumari  30,Total,13,32239,16106,16133,30358,15028,15330,30358,15028,15330,0,0,0,0,0,0,0,0,0,0,0,0,,
C3010,33,30,0,District - Kanniyakumari  30,Total,14,32316,16055,16261,29072,14196,14876,29072,14196,14876,0,0,0,0,0,0,0,0,0,0,0,0,,
C3010,33,30,0,District - Kanniyakumari  30,Total,15-19,173901,85583,88318,101716,49164,52552,87006,42214,44792,8993,3595,5398,4787,2984,1803,923,367,556,7,4,3,,
C3010,33,30,0,District - Kanniyakumari  30,Total,20-24,165621,80857,84764,24777,12548,12229,7174,3584,3590,13002,6119,6883,3591,2445,1146,994,391,603,16,9,7,,
C3010,33,30,0,District - Kanniyakumari  30,Total,25-29,154267,74098,80169,2023,1307,716,0,0,0,958,578,380,672,487,185,376,232,144,17,10,7,,
C3010,33,30,0,District - Kanniyakumari  30,Total,30-34,124675,62069,62606,431,253,178,0,0,0,199,97,102,126,91,35,85,57,28,21,8,13,,
C3010,33,30,0,District - Kanniyakumari  30,Total,35-59,471195,233783,237412,543,304,239,0,0,0,228,135,93,154,87,67,99,63,36,62,19,43,,
C3010,33,30,0,District - Kanniyakumari  30,Total,60+,164498,81737,82761,111,59,52,0,0,0,36,24,12,37,22,15,15,4,11,23,9,14,,
C3010,33,30,0,District - Kanniyakumari  30,Total,Age not stated,3411,2187,1224,50,32,18,0,0,0,18,5,13,31,27,4,0,0,0,1,0,1,,
C3010,33,30,0,District - Kanniyakumari  30,Rural,All ages,582107,289516,292591,137761,68871,68890,127589,63586,64003,6640,3010,3630,2794,1930,864,664,315,349,74,30,44,,
C3010,33,30,0,District - Kanniyakumari  30,Rural,0-4,46271,23485,22786,3616,1790,1826,3616,1790,1826,0,0,0,0,0,0,0,0,0,0,0,0,,
C3010,33,30,0,District - Kanniyakumari  30,Rural,5,9515,4930,4585,4835,2495,2340,4835,2495,2340,0,0,0,0,0,0,0,0,0,0,0,0,,
C3010,33,30,0,District - Kanniyakumari  30,Rural,6,8567,4414,4153,7171,3700,3471,7171,3700,3471,0,0,0,0,0,0,0,0,0,0,0,0,,
C3010,33,30,0,District - Kanniyakumari  30,Rural,7,9631,4865,4766,9166,4624,4542,9166,4624,4542,0,0,0,0,0,0,0,0,0,0,0,0,,
C3010,33,30,0,District - Kanniyakumari  30,Rural,8,10092,5149,4943,9786,5003,4783,9786,5003,4783,0,0,0,0,0,0,0,0,0,0,0,0,,
C3010,33,30,0,District - Kanniyakumari  30,Rural,9,9319,4579,4740,9066,4443,4623,9066,4443,4623,0,0,0,0,0,0,0,0,0,0,0,0,,
C3010,33,30,0,District - Kanniyakumari  30,Rural,10,11011,5597,5414,10599,5401,5198,10599,5401,5198,0,0,0,0,0,0,0,0,0,0,0,0,,
C3010,33,30,0,District - Kanniyakumari  30,Rural,11,9283,4628,4655,8981,4464,4517,8981,4464,4517,0,0,0,0,0,0,0,0,0,0,0,0,,
C3010,33,30,0,District - Kanniyakumari  30,Rural,12,11870,6112,5758,11286,5766,5520,11286,5766,5520,0,0,0,0,0,0,0,0,0,0,0,0,,
C3010,33,30,0,District - Kanniyakumari  30,Rural,13,11482,5791,5691,10678,5327,5351,10678,5327,5351,0,0,0,0,0,0,0,0,0,0,0,0,,
C3010,33,30,0,District - Kanniyakumari  30,Rural,14,11383,5620,5763,9998,4805,5193,9998,4805,5193,0,0,0,0,0,0,0,0,0,0,0,0,,
C3010,33,30,0,District - Kanniyakumari  30,Rural,15-19,61961,30530,31431,33948,16535,17413,29866,14531,15335,2481,980,1501,1356,925,431,242,97,145,3,2,1,,
C3010,33,30,0,District - Kanniyakumari  30,Rural,20-24,58349,28604,29745,7700,3950,3750,2541,1237,1304,3752,1799,1953,1125,788,337,276,122,154,6,4,2,,
C3010,33,30,0,District - Kanniyakumari  30,Rural,25-29,53194,25770,27424,597,392,205,0,0,0,264,156,108,220,161,59,103,70,33,10,5,5,,
C3010,33,30,0,District - Kanniyakumari  30,Rural,30-34,42126,20905,21221,137,79,58,0,0,0,70,36,34,29,23,6,21,13,8,17,7,10,,
C3010,33,30,0,District - Kanniyakumari  30,Rural,35-59,161921,80230,81691,144,76,68,0,0,0,55,33,22,45,22,23,17,11,6,27,10,17,,
C3010,33,30,0,District - Kanniyakumari  30,Rural,60+,54852,27511,27341,34,13,21,0,0,0,7,2,5,11,7,4,5,2,3,11,2,9,,
C3010,33,30,0,District - Kanniyakumari  30,Rural,Age not stated,1280,796,484,19,8,11,0,0,0,11,4,7,8,4,4,0,0,0,0,0,0,,
C3010,33,30,0,District - Kanniyakumari  30,Urban,All ages,1093927,542753,551174,261141,130673,130468,235842,118089,117753,16794,7543,9251,6604,4213,2391,1828,799,1029,73,29,44,,
C3010,33,30,0,District - Kanniyakumari  30,Urban,0-4,84362,42677,41685,6554,3342,3212,6554,3342,3212,0,0,0,0,0,0,0,0,0,0,0,0,,
C3010,33,30,0,District - Kanniyakumari  30,Urban,5,17092,8696,8396,8761,4446,4315,8761,4446,4315,0,0,0,0,0,0,0,0,0,0,0,0,,
C3010,33,30,0,District - Kanniyakumari  30,Urban,6,15912,8123,7789,12819,6583,6236,12819,6583,6236,0,0,0,0,0,0,0,0,0,0,0,0,,
C3010,33,30,0,District - Kanniyakumari  30,Urban,7,17468,9017,8451,16724,8633,8091,16724,8633,8091,0,0,0,0,0,0,0,0,0,0,0,0,,
C3010,33,30,0,District - Kanniyakumari  30,Urban,8,18401,9348,9053,17877,9103,8774,17877,9103,8774,0,0,0,0,0,0,0,0,0,0,0,0,,
C3010,33,30,0,District - Kanniyakumari  30,Urban,9,16704,8466,8238,16267,8245,8022,16267,8245,8022,0,0,0,0,0,0,0,0,0,0,0,0,,
C3010,33,30,0,District - Kanniyakumari  30,Urban,10,20083,10353,9730,19392,10007,9385,19392,10007,9385,0,0,0,0,0,0,0,0,0,0,0,0,,
C3010,33,30,0,District - Kanniyakumari  30,Urban,11,17262,8716,8546,16731,8448,8283,16731,8448,8283,0,0,0,0,0,0,0,0,0,0,0,0,,
C3010,33,30,0,District - Kanniyakumari  30,Urban,12,21068,10639,10429,20190,10160,10030,20190,10160,10030,0,0,0,0,0,0,0,0,0,0,0,0,,
C3010,33,30,0,District - Kanniyakumari  30,Urban,13,20757,10315,10442,19680,9701,9979,19680,9701,9979,0,0,0,0,0,0,0,0,0,0,0,0,,
C3010,33,30,0,District - Kanniyakumari  30,Urban,14,20933,10435,10498,19074,9391,9683,19074,9391,9683,0,0,0,0,0,0,0,0,0,0,0,0,,
C3010,33,30,0,District - Kanniyakumari  30,Urban,15-19,111940,55053,56887,67768,32629,35139,57140,27683,29457,6512,2615,3897,3431,2059,1372,681,270,411,4,2,2,,
C3010,33,30,0,District - Kanniyakumari  30,Urban,20-24,107272,52253,55019,17077,8598,8479,4633,2347,2286,9250,4320,4930,2466,1657,809,718,269,449,10,5,5,,
C3010,33,30,0,District - Kanniyakumari  30,Urban,25-29,101073,48328,52745,1426,915,511,0,0,0,694,422,272,452,326,126,273,162,111,7,5,2,,
C3010,33,30,0,District - Kanniyakumari  30,Urban,30-34,82549,41164,41385,294,174,120,0,0,0,129,61,68,97,68,29,64,44,20,4,1,3,,
C3010,33,30,0,District - Kanniyakumari  30,Urban,35-59,309274,153553,155721,399,228,171,0,0,0,173,102,71,109,65,44,82,52,30,35,9,26,,
C3010,33,30,0,District - Kanniyakumari  30,Urban,60+,109646,54226,55420,77,46,31,0,0,0,29,22,7,26,15,11,10,2,8,12,7,5,,
C3010,33,30,0,District - Kanniyakumari  30,Urban,Age not stated,2131,1391,740,31,24,7,0,0,0,7,1,6,23,23,0,0,0,0,1,0,1,,
