Table Name,State Code,District Code,Tehsil Code,Area Name,Total/ Rural/ Urban,Age-group,Total population - Persons,Total population - Males,Total population - Females,Population attending educational institutions - Persons,Population attending educational institutions - Males,Population attending educational institutions - Females,Type of educational institution - School - Persons,Type of educational institution - School - Males,Type of educational institution - School - Females,Type of educational institution - College - Persons,Type of educational institution - College - Males,Type of educational institution - College - Females,Type of educational institution - Vocational institute - Persons,Type of educational institution - Vocational institute - Males,Type of educational institution - Vocational institute - Females,Type of educational institution - Other institute - Persons,Type of educational institution - Other institute - Males,Type of educational institution - Other institute - Females,Type of educational institution - Literacy centre - Persons,Type of educational institution - Literacy centre - Males,Type of educational institution - Literacy centre - Females
C3010,09,00,0000,State - UTTAR PRADESH  09,Total,All ages,166197921,87565369,78632552,37171705,22146626,15025079,34625154,20403702,14221452,2222688,1532998,689690,127197,94497,32700,99092,70741,28351,97574,44688,52886
C3010,09,00,0000,State - UTTAR PRADESH  09,Total,0-4,20721672,10741471,9980201,431425,232513,198912,431425,232513,198912,0,0,0,0,0,0,0,0,0,0,0,0
C3010,09,00,0000,State - UTTAR PRADESH  09,Total,5,5472211,2937216,2534995,842976,475641,367335,842976,475641,367335,0,0,0,0,0,0,0,0,0,0,0,0
C3010,09,00,0000,State - UTTAR PRADESH  09,Total,6,5430745,2830346,2600399,1666405,920665,745740,1666405,920665,745740,0,0,0,0,0,0,0,0,0,0,0,0
C3010,09,00,0000,State - UTTAR PRADESH  09,Total,7,4095286,2144766,1950520,2444755,1351842,1092913,2444755,1351842,1092913,0,0,0,0,0,0,0,0,0,0,0,0
C3010,09,00,0000,State - UTTAR PRADESH  09,Total,8,6506706,3453580,3053126,4295065,2417245,1877820,4295065,2417245,1877820,0,0,0,0,0,0,0,0,0,0,0,0
C3010,09,00,0000,State - UTTAR PRADESH  09,Total,9,3386278,1778582,1607696,2528102,1399306,1128796,2528102,1399306,1128796,0,0,0,0,0,0,0,0,0,0,0,0
C3010,09,00,0000,State - UTTAR PRADESH  09,Total,10,6989425,3805802,3183623,4928822,2865337,2063485,4928822,2865337,2063485,0,0,0,0,0,0,0,0,0,0,0,0
C3010,09,00,0000,State - UTTAR PRADESH  09,Total,11,2663137,1430368,1232769,2046117,1168260,877857,2046117,1168260,877857,0,0,0,0,0,0,0,0,0,0,0,0
C3010,09,00,0000,State - UTTAR PRADESH  09,Total,12,5738274,3120058,2618216,4003330,2367764,1635566,4003330,2367764,1635566,0,0,0,0,0,0,0,0,0,0,0,0
C3010,09,00,0000,State - UTTAR PRADESH  09,Total,13,3047586,1585504,1462082,2127115,1219649,907466,2127115,1219649,907466,0,0,0,0,0,0,0,0,0,0,0,0
C3010,09,00,0000,State - UTTAR PRADESH  09,Total,14,3872012,2044323,1827689,2406828,1438888,967940,2406828,1438888,967940,0,0,0,0,0,0,0,0,0,0,0,0
C3010,09,00,0000,State - UTTAR PRADESH  09,Total,15-19,16044841,8976423,7068418,6957302,4505241,2452061,6138969,3993601,2145368,731378,452570,278808,33184,23879,9305,47106,32039,15067,6665,3152,3513
C3010,09,00,0000,State - UTTAR PRADESH  09,Total,20-24,13311974,6974638,6337336,1962387,1394676,567711,765245,552991,212254,1125558,792910,332648,33359,25977,7382,19928,15439,4489,18297,7359,10938
C3010,09,00,0000,State - UTTAR PRADESH  09,Total,25-29,11792446,5981334,5811112,257110,196134,60976,0,0,0,196796,155436,41360,27172,21687,5485,13927,10894,3033,19215,8117,11098
C3010,09,00,0000,State - UTTAR PRADESH  09,Total,30-34,10814273,5339396,5474877,89427,61485,27942,0,0,0,57773,44153,13620,9021,6504,2517,4971,3453,1518,17662,7375,10287
C3010,09,00,0000,State - UTTAR PRADESH  09,Total,35-59,33924676,17838912,16085764,148090,106546,41544,0,0,0,90407,72168,18239,18634,12886,5748,9503,6494,3009,29546,14998,14548
C3010,09,00,0000,State - UTTAR PRADESH  09,Total,60+,11649468,6174894,5474574,27996,19856,8140,0,0,0,14656,11658,2998,4925,3004,1921,2712,1778,934,5703,3416,2287
C3010,09,00,0000,State - UTTAR PRADESH  09,Total,Age not stated,736911,407756,329155,8453,5578,2875,0,0,0,6120,4103,2017,902,560,342,945,644,301,486,271,215
C3010,09,00,0000,State - UTTAR PRADESH  09,Rural,All ages,131658339,69157470,62500869,28017938,17069571,10948367,26612326,16015226,10597100,1201163,932870,268293,60384,44737,15647,54760,36851,17909,89305,39887,49418
C3010,09,00,0000,State - UTTAR PRADESH  09,Rural,0-4,17211773,8888667,8323106,271364,146840,124524,271364,146840,124524,0,0,0,0,0,0,0,0,0,0,0,0
C3010,09,00,0000,State - UTTAR PRADESH  09,Rural,5,4557919,2444394,2113525,596474,339689,256785,596474,339689,256785,0,0,0,0,0,0,0,0,0,0,0,0
C3010,09,00,0000,State - UTTAR PRADESH  09,Rural,6,4489521,2337381,2152140,1297861,723079,574782,1297861,723079,574782,0,0,0,0,0,0,0,0,0,0,0,0
C3010,09,00,0000,State - UTTAR PRADESH  09,Rural,7,3346064,1750926,1595138,1944947,1083495,861452,1944947,1083495,861452,0,0,0,0,0,0,0,0,0,0,0,0
C3010,09,00,0000,State - UTTAR PRADESH  09,Rural,8,5344951,2835660,2509291,3480782,1973830,1506952,3480782,1973830,1506952,0,0,0,0,0,0,0,0,0,0,0,0
C3010,09,00,0000,State - UTTAR PRADESH  09,Rural,9,2743513,1440525,1302988,2033998,1135025,898973,2033998,1135025,898973,0,0,0,0,0,0,0,0,0,0,0,0
C3010,09,00,0000,State - UTTAR PRADESH  09,Rural,10,5676700,3094016,2582684,3966793,2332921,1633872,3966793,2332921,1633872,0,0,0,0,0,0,0,0,0,0,0,0
C3010,09,00,0000,State - UTTAR PRADESH  09,Rural,11,2066387,1111812,954575,1574333,912731,661602,1574333,912731,661602,0,0,0,0,0,0,0,0,0,0,0,0
C3010,09,00,0000,State - UTTAR PRADESH  09,Rural,12,4559308,2485290,2074018,3137304,1893396,1243908,3137304,1893396,1243908,0,0,0,0,0,0,0,0,0,0,0,0
C3010,09,00,0000,State - UTTAR PRADESH  09,Rural,13,2358494,1234033,1124461,1612500,952404,660096,1612500,952404,660096,0,0,0,0,0,0,0,0,0,0,0,0
C3010,09,00,0000,State - UTTAR PRADESH  09,Rural,14,2962358,1570447,1391911,1788784,1109717,679067,1788784,1109717,679067,0,0,0,0,0,0,0,0,0,0,0,0
C3010,09,00,0000,State - UTTAR PRADESH  09,Rural,15-19,12099227,6816726,5282501,4826863,3329067,1497796,4366176,3007141,1359035,411738,290292,121446,14967,11022,3945,28098,17891,10207,5884,2721,3163
C3010,09,00,0000,State - UTTAR PRADESH  09,Rural,20-24,10086238,5184733,4901505,1161608,892467,269141,541010,404958,136052,581151,463454,117697,13683,10988,2695,8780,6482,2298,16984,6585,10399
C3010,09,00,0000,State - UTTAR PRADESH  09,Rural,25-29,9188763,4620833,4567930,145610,115601,30009,0,0,0,110482,94527,15955,11195,9228,1967,6046,4540,1506,17887,7306,10581
C3010,09,00,0000,State - UTTAR PRADESH  09,Rural,30-34,8473730,4156074,4317656,59228,41314,17914,0,0,0,34716,29125,5591,4984,3492,1492,2952,1947,1005,16576,6750,9826
C3010,09,00,0000,State - UTTAR PRADESH  09,Rural,35-59,26277823,13734372,12543451,96550,71677,24873,0,0,0,52075,46387,5688,11529,7679,3850,6285,4277,2008,26661,13334,13327
C3010,09,00,0000,State - UTTAR PRADESH  09,Rural,60+,9624525,5127585,4496940,17895,12820,5075,0,0,0,7611,6602,1009,3465,2006,1459,1909,1250,659,4910,2962,1948
C3010,09,00,0000,State - UTTAR PRADESH  09,Rural,Age not stated,591045,323996,267049,5044,3498,1546,0,0,0,3390,2483,907,561,322,239,690,464,226,403,229,174
C3010,09,00,0000,State - UTTAR PRADESH  09,Urban,All ages,34539582,18407899,16131683,9153767,5077055,4076712,8012828,4388476,3624352,1021525,600128,421397,66813,49760,17053,44332,33890,10442,8269,4801,3468
C3010,09,00,0000,State - UTTAR PRADESH  09,Urban,0-4,3509899,1852804,1657095,160061,85673,74388,160061,85673,74388,0,0,0,0,0,0,0,0,0,0,0,0
C3010,09,00,0000,State - UTTAR PRADESH  09,Urban,5,914292,492822,421470,246502,135952,110550,246502,135952,110550,0,0,0,0,0,0,0,0,0,0,0,0
C3010,09,00,0000,State - UTTAR PRADESH  09,Urban,6,941224,492965,448259,368544,197586,170958,368544,197586,170958,0,0,0,0,0,0,0,0,0,0,0,0
C3010,09,00,0000,State - UTTAR PRADESH  09,Urban,7,749222,393840,355382,499808,268347,231461,499808,268347,231461,0,0,0,0,0,0,0,0,0,0,0,0
C3010,09,00,0000,State - UTTAR PRADESH  09,Urban,8,1161755,617920,543835,814283,443415,370868,814283,443415,370868,0,0,0,0,0,0,0,0,0,0,0,0
C3010,09,00,0000,State - UTTAR PRADESH  09,Urban,9,642765,338057,304708,494104,264281,229823,494104,264281,229823,0,0,0,0,0,0,0,0,0,0,0,0
C3010,09,00,0000,State - UTTAR PRADESH  09,Urban,10,1312725,711786,600939,962029,532416,429613,962029,532416,429613,0,0,0,0,0,0,0,0,0,0,0,0
C3010,09,00,0000,State - UTTAR PRADESH  09,Urban,11,596750,318556,278194,471784,255529,216255,471784,255529,216255,0,0,0,0,0,0,0,0,0,0,0,0
C3010,09,00,0000,State - UTTAR PRADESH  09,Urban,12,1178966,634768,544198,866026,474368,391658,866026,474368,391658,0,0,0,0,0,0,0,0,0,0,0,0
C3010,09,00,0000,State - UTTAR PRADESH  09,Urban,13,689092,351471,337621,514615,267245,247370,514615,267245,247370,0,0,0,0,0,0,0,0,0,0,0,0
C3010,09,00,0000,State - UTTAR PRADESH  09,Urban,14,909654,473876,435778,618044,329171,288873,618044,329171,288873,0,0,0,0,0,0,0,0,0,0,0,0
C3010,09,00,0000,State - UTTAR PRADESH  09,Urban,15-19,3945614,2159697,1785917,2130439,1176174,954265,1772793,986460,786333,319640,162278,157362,18217,12857,5360,19008,14148,4860,781,431,350
C3010,09,00,0000,State - UTTAR PRADESH  09,Urban,20-24,3225736,1789905,1435831,800779,502209,298570,224235,148033,76202,544407,329456,214951,19676,14989,4687,11148,8957,2191,1313,774,539
C3010,09,00,0000,State - UTTAR PRADESH  09,Urban,25-29,2603683,1360501,1243182,111500,80533,30967,0,0,0,86314,60909,25405,15977,12459,3518,7881,6354,1527,1328,811,517
C3010,09,00,0000,State - UTTAR PRADESH  09,Urban,30-34,2340543,1183322,1157221,30199,20171,10028,0,0,0,23057,15028,8029,4037,3012,1025,2019,1506,513,1086,625,461
C3010,09,00,0000,State - UTTAR PRADESH  09,Urban,35-59,7646853,4104540,3542313,51540,34869,16671,0,0,0,38332,25781,12551,7105,5207,1898,3218,2217,1001,2885,1664,1221
C3010,09,00,0000,State - UTTAR PRADESH  09,Urban,60+,2024943,1047309,977634,10101,7036,3065,0,0,0,7045,5056,1989,1460,998,462,803,528,275,793,454,339
C3010,09,00,0000,State - UTTAR PRADESH  09,Urban,Age not stated,145866,83760,62106,3409,2080,1329,0,0,0,2730,1620,1110,341,238,103,255,180,75,83,42,41
C3010,09,01,0000,District - Saharanpur  01,Total,All ages,2896863,1553322,1343541,704990,410067,294923,652152,374171,277981,39007,25396,13611,2546,1798,748,9465,8021,1444,1820,681,1139
C3010,09,01,0000,District - Saharanpur  01,Total,0-4,359185,191056,168129,10010,5450,4560,10010,5450,4560,0,0,0,0,0,0,0,0,0,0,0,0
C3010,09,01,0000,District - Saharanpur  01,Total,5,84556,46236,38320,16468,9357,7111,16468,9357,7111,0,0,0,0,0,0,0,0,0,0,0,0
C3010,09,01,0000,District - Saharanpur  01,Total,6,94485,50285,44200,36069,19893,16176,36069,19893,16176,0,0,0,0,0,0,0,0,0,0,0,0
C3010,09,01,0000,District - Saharanpur  01,Total,7,68472,36702,31770,47010,25993,21017,47010,25993,21017,0,0,0,0,0,0,0,0,0,0,0,0
C3010,09,01,0000,District - Saharanpur  01,Total,8,107968,58834,49134,79301,44657,34644,79301,44657,34644,0,0,0,0,0,0,0,0,0,0,0,0
C3010,09,01,0000,District - Saharanpur  01,Total,9,59958,31889,28069,47863,26090,21773,47863,26090,21773,0,0,0,0,0,0,0,0,0,0,0,0
C3010,09,01,0000,District - Saharanpur  01,Total,10,113309,61514,51795,86633,48700,37933,86633,48700,37933,0,0,0,0,0,0,0,0,0,0,0,0
C3010,09,01,0000,District - Saharanpur  01,Total,11,50770,27228,23542,40724,22559,18165,40724,22559,18165,0,0,0,0,0,0,0,0,0,0,0,0
C3010,09,01,0000,District - Saharanpur  01,Total,12,101879,55986,45893,75340,43541,31799,75340,43541,31799,0,0,0,0,0,0,0,0,0,0,0,0
C3010,09,01,0000,District - Saharanpur  01,Total,13,57760,30364,27396,41424,23232,18192,41424,23232,18192,0,0,0,0,0,0,0,0,0,0,0,0
C3010,09,01,0000,District - Saharanpur  01,Total,14,74620,39361,35259,47160,27269,19891,47160,27269,19891,0,0,0,0,0,0,0,0,0,0,0,0
C3010,09,01,0000,District - Saharanpur  01,Total,15-19,306865,171336,135529,131628,81522,50106,111489,68456,43033,13900,8064,5836,812,547,265,5265,4389,876,162,66,96
C3010,09,01,0000,District - Saharanpur  01,Total,20-24,242969,132782,110187,36214,25497,10717,12661,8974,3687,19604,13152,6452,740,580,160,2871,2677,194,338,114,224
C3010,09,01,0000,District - Saharanpur  01,Total,25-29,206315,108044,98271,4215,3152,1063,0,0,0,2745,2174,571,451,351,100,604,499,105,415,128,287
C3010,09,01,0000,District - Saharanpur  01,Total,30-34,189037,94419,94618,1496,907,589,0,0,0,826,595,231,127,77,50,181,115,66,362,120,242
C3010,09,01,0000,District - Saharanpur  01,Total,35-59,575772,307062,268710,2558,1671,887,0,0,0,1507,1102,405,285,173,112,338,207,131,428,189,239
C3010,09,01,0000,District - Saharanpur  01,Total,60+,190511,103324,87187,613,409,204,0,0,0,261,203,58,110,56,54,141,95,46,101,55,46
C3010,09,01,0000,District - Saharanpur  01,Total,Age not stated,12432,6900,5532,264,168,96,0,0,0,164,106,58,21,14,7,65,39,26,14,9,5
C3010,09,01,0000,District - Saharanpur  01,Rural,All ages,2149291,1153352,995939,510928,303318,207610,484053,283955,200098,20554,15602,4952,1225,867,358,3559,2355,1204,1537,539,998
C3010,09,01,0000,District - Saharanpur  01,Rural,0-4,279966,148790,131176,5830,3191,2639,5830,3191,2639,0,0,0,0,0,0,0,0,0,0,0,0
C3010,09,01,0000,District - Saharanpur  01,Rural,5,66152,36111,30041,11163,6357,4806,11163,6357,4806,0,0,0,0,0,0,0,0,0,0,0,0
C3010,09,01,0000,District - Saharanpur  01,Rural,6,73411,39087,34324,27719,15413,12306,27719,15413,12306,0,0,0,0,0,0,0,0,0,0,0,0
C3010,09,01,0000,District - Saharanpur  01,Rural,7,52854,28288,24566,36668,20374,16294,36668,20374,16294,0,0,0,0,0,0,0,0,0,0,0,0
C3010,09,01,0000,District - Saharanpur  01,Rural,8,83558,45687,37871,62293,35372,26921,62293,35372,26921,0,0,0,0,0,0,0,0,0,0,0,0
C3010,09,01,0000,District - Saharanpur  01,Rural,9,46055,24572,21483,37332,20530,16802,37332,20530,16802,0,0,0,0,0,0,0,0,0,0,0,0
C3010,09,01,0000,District - Saharanpur  01,Rural,10,86451,46984,39467,67230,38119,29111,67230,38119,29111,0,0,0,0,0,0,0,0,0,0,0,0
C3010,09,01,0000,District - Saharanpur  01,Rural,11,37401,20155,17246,30314,17059,13255,30314,17059,13255,0,0,0,0,0,0,0,0,0,0,0,0
C3010,09,01,0000,District - Saharanpur  01,Rural,12,76622,42305,34317,57280,33741,23539,57280,33741,23539,0,0,0,0,0,0,0,0,0,0,0,0
C3010,09,01,0000,District - Saharanpur  01,Rural,13,42422,22532,19890,30254,17571,12683,30254,17571,12683,0,0,0,0,0,0,0,0,0,0,0,0
C3010,09,01,0000,District - Saharanpur  01,Rural,14,54230,28680,25550,33949,20363,13586,33949,20363,13586,0,0,0,0,0,0,0,0,0,0,0,0
C3010,09,01,0000,District - Saharanpur  01,Rural,15-19,218224,122278,95946,85803,56429,29374,75446,49476,25970,7590,5143,2447,389,265,124,2250,1492,758,128,53,75
C3010,09,01,0000,District - Saharanpur  01,Rural,20-24,170470,92103,78367,19571,14883,4688,8575,6389,2186,9903,7810,2093,303,246,57,496,344,152,294,94,200
C3010,09,01,0000,District - Saharanpur  01,Rural,25-29,152339,79557,72782,2491,1901,590,0,0,0,1635,1430,205,220,182,38,258,173,85,378,116,262
C3010,09,01,0000,District - Saharanpur  01,Rural,30-34,140522,69977,70545,1024,623,401,0,0,0,482,401,81,71,38,33,138,82,56,333,102,231
C3010,09,01,0000,District - Saharanpur  01,Rural,35-59,414282,221258,193024,1476,1033,443,0,0,0,722,633,89,169,98,71,261,167,94,324,135,189
C3010,09,01,0000,District - Saharanpur  01,Rural,60+,145056,79803,65253,360,239,121,0,0,0,131,114,17,64,32,32,95,61,34,70,32,38
C3010,09,01,0000,District - Saharanpur  01,Rural,Age not stated,9276,5185,4091,171,120,51,0,0,0,91,71,20,9,6,3,61,36,25,10,7,3
C3010,09,01,0000,District - Saharanpur  01,Urban,All ages,747572,399970,347602,194062,106749,87313,168099,90216,77883,18453,9794,8659,1321,931,390,5906,5666,240,283,142,141
C3010,09,01,0000,District - Saharanpur  01,Urban,0-4,79219,42266,36953,4180,2259,1921,4180,2259,1921,0,0,0,0,0,0,0,0,0,0,0,0
C3010,09,01,0000,District - Saharanpur  01,Urban,5,18404,10125,8279,5305,3000,2305,5305,3000,2305,0,0,0,0,0,0,0,0,0,0,0,0
C3010,09,01,0000,District - Saharanpur  01,Urban,6,21074,11198,9876,8350,4480,3870,8350,4480,3870,0,0,0,0,0,0,0,0,0,0,0,0
C3010,09,01,0000,District - Saharanpur  01,Urban,7,15618,8414,7204,10342,5619,4723,10342,5619,4723,0,0,0,0,0,0,0,0,0,0,0,0
C3010,09,01,0000,District - Saharanpur  01,Urban,8,24410,13147,11263,17008,9285,7723,17008,9285,7723,0,0,0,0,0,0,0,0,0,0,0,0
C3010,09,01,0000,District - Saharanpur  01,Urban,9,13903,7317,6586,10531,5560,4971,10531,5560,4971,0,0,0,0,0,0,0,0,0,0,0,0
C3010,09,01,0000,District - Saharanpur  01,Urban,10,26858,14530,12328,19403,10581,8822,19403,10581,8822,0,0,0,0,0,0,0,0,0,0,0,0
C3010,09,01,0000,District - Saharanpur  01,Urban,11,13369,7073,6296,10410,5500,4910,10410,5500,4910,0,0,0,0,0,0,0,0,0,0,0,0
C3010,09,01,0000,District - Saharanpur  01,Urban,12,25257,13681,11576,18060,9800,8260,18060,9800,8260,0,0,0,0,0,0,0,0,0,0,0,0
C3010,09,01,0000,District - Saharanpur  01,Urban,13,15338,7832,7506,11170,5661,5509,11170,5661,5509,0,0,0,0,0,0,0,0,0,0,0,0
C3010,09,01,0000,District - Saharanpur  01,Urban,14,20390,10681,9709,13211,6906,6305,13211,6906,6305,0,0,0,0,0,0,0,0,0,0,0,0
C3010,09,01,0000,District - Saharanpur  01,Urban,15-19,88641,49058,39583,45825,25093,20732,36043,18980,17063,6310,2921,3389,423,282,141,3015,2897,118,34,13,21
C3010,09,01,0000,District - Saharanpur  01,Urban,20-24,72499,40679,31820,16643,10614,6029,4086,2585,1501,9701,5342,4359,437,334,103,2375,2333,42,44,20,24
C3010,09,01,0000,District - Saharanpur  01,Urban,25-29,53976,28487,25489,1724,1251,473,0,0,0,1110,744,366,231,169,62,346,326,20,37,12,25
C3010,09,01,0000,District - Saharanpur  01,Urban,30-34,48515,24442,24073,472,284,188,0,0,0,344,194,150,56,39,17,43,33,10,29,18,11
C3010,09,01,0000,District - Saharanpur  01,Urban,35-59,161490,85804,75686,1082,638,444,0,0,0,785,469,316,116,75,41,77,40,37,104,54,50
C3010,09,01,0000,District - Saharanpur  01,Urban,60+,45455,23521,21934,253,170,83,0,0,0,130,89,41,46,24,22,46,34,12,31,23,8
C3010,09,01,0000,District - Saharanpur  01,Urban,Age not stated,3156,1715,1441,93,48,45,0,0,0,73,35,38,12,8,4,4,3,1,4,2,2
C3010,09,02,0000,District - Muzaffarnagar  02,Total,All ages,3543362,1893832,1649530,828263,488786,339477,775489,454820,320669,44372,28356,16016,2557,1932,625,4640,3211,1429,1205,467,738
C3010,09,02,0000,District - Muzaffarnagar  02,Total,0-4,454634,244276,210358,10023,5537,4486,10023,5537,4486,0,0,0,0,0,0,0,0,0,0,0,0
C3010,09,02,0000,District - Muzaffarnagar  02,Total,5,106736,58255,48481,19303,11048,8255,19303,11048,8255,0,0,0,0,0,0,0,0,0,0,0,0
C3010,09,02,0000,District - Muzaffarnagar  02,Total,6,116532,62106,54426,38901,21807,17094,38901,21807,17094,0,0,0,0,0,0,0,0,0,0,0,0
C3010,09,02,0000,District - Muzaffarnagar  02,Total,7,85451,45863,39588,56657,31797,24860,56657,31797,24860,0,0,0,0,0,0,0,0,0,0,0,0
C3010,09,02,0000,District - Muzaffarnagar  02,Total,8,133166,72290,60876,97015,55221,41794,97015,55221,41794,0,0,0,0,0,0,0,0,0,0,0,0
C3010,09,02,0000,District - Muzaffarnagar  02,Total,9,75922,40553,35369,60017,33453,26564,60017,33453,26564,0,0,0,0,0,0,0,0,0,0,0,0
C3010,09,02,0000,District - Muzaffarnagar  02,Total,10,136115,74536,61579,103825,59912,43913,103825,59912,43913,0,0,0,0,0,0,0,0,0,0,0,0
C3010,09,02,0000,District - Muzaffarnagar  02,Total,11,64426,34776,29650,50771,29086,21685,50771,29086,21685,0,0,0,0,0,0,0,0,0,0,0,0
C3010,09,02,0000,District - Muzaffarnagar  02,Total,12,120214,65718,54496,87939,52046,35893,87939,52046,35893,0,0,0,0,0,0,0,0,0,0,0,0
C3010,09,02,0000,District - Muzaffarnagar  02,Total,13,72034,37237,34797,50473,28847,21626,50473,28847,21626,0,0,0,0,0,0,0,0,0,0,0,0
C3010,09,02,0000,District - Muzaffarnagar  02,Total,14,90904,47374,43530,55300,32899,22401,55300,32899,22401,0,0,0,0,0,0,0,0,0,0,0,0
C3010,09,02,0000,District - Muzaffarnagar  02,Total,15-19,368290,202035,166255,153277,96040,57237,132005,83450,48555,17256,9765,7491,812,621,191,3128,2174,954,76,30,46
C3010,09,02,0000,District - Muzaffarnagar  02,Total,20-24,286888,155229,131659,37367,25843,11524,13260,9717,3543,22514,14967,7547,723,583,140,666,507,159,204,69,135
C3010,09,02,0000,District - Muzaffarnagar  02,Total,25-29,249979,130812,119167,3646,2787,859,0,0,0,2697,2176,521,423,344,79,285,192,93,241,75,166
C3010,09,02,0000,District - Muzaffarnagar  02,Total,30-34,226935,113029,113906,1033,641,392,0,0,0,556,423,133,143,91,52,119,59,60,215,68,147
C3010,09,02,0000,District - Muzaffarnagar  02,Total,35-59,699232,369817,329415,2061,1387,674,0,0,0,1010,793,217,350,224,126,295,185,110,406,185,221
C3010,09,02,0000,District - Muzaffarnagar  02,Total,60+,243704,132930,110774,429,296,133,0,0,0,185,137,48,84,54,30,104,68,36,56,37,19
C3010,09,02,0000,District - Muzaffarnagar  02,Total,Age not stated,12200,6996,5204,226,139,87,0,0,0,154,95,59,22,15,7,43,26,17,7,3,4
C3010,09,02,0000,District - Muzaffarnagar  02,Rural,All ages,2639480,1414221,1225259,602625,362311,240314,572899,341413,231486,24255,17393,6862,1302,978,324,3399,2252,1147,770,275,495
C3010,09,02,0000,District - Muzaffarnagar  02,Rural,0-4,349107,187416,161691,5625,3107,2518,5625,3107,2518,0,0,0,0,0,0,0,0,0,0,0,0
C3010,09,02,0000,District - Muzaffarnagar  02,Rural,5,82295,45013,37282,13018,7459,5559,13018,7459,5559,0,0,0,0,0,0,0,0,0,0,0,0
C3010,09,02,0000,District - Muzaffarnagar  02,Rural,6,88800,47273,41527,28737,16132,12605,28737,16132,12605,0,0,0,0,0,0,0,0,0,0,0,0
C3010,09,02,0000,District - Muzaffarnagar  02,Rural,7,65002,34879,30123,43261,24405,18856,43261,24405,18856,0,0,0,0,0,0,0,0,0,0,0,0
C3010,09,02,0000,District - Muzaffarnagar  02,Rural,8,101520,55031,46489,74914,42678,32236,74914,42678,32236,0,0,0,0,0,0,0,0,0,0,0,0
C3010,09,02,0000,District - Muzaffarnagar  02,Rural,9,57692,30703,26989,46206,25784,20422,46206,25784,20422,0,0,0,0,0,0,0,0,0,0,0,0
C3010,09,02,0000,District - Muzaffarnagar  02,Rural,10,102548,56270,46278,79308,46098,33210,79308,46098,33210,0,0,0,0,0,0,0,0,0,0,0,0
C3010,09,02,0000,District - Muzaffarnagar  02,Rural,11,47367,25670,21697,37611,21798,15813,37611,21798,15813,0,0,0,0,0,0,0,0,0,0,0,0
C3010,09,02,0000,District - Muzaffarnagar  02,Rural,12,89897,49272,40625,66252,39766,26486,66252,39766,26486,0,0,0,0,0,0,0,0,0,0,0,0
C3010,09,02,0000,District - Muzaffarnagar  02,Rural,13,53210,27601,25609,37101,21688,15413,37101,21688,15413,0,0,0,0,0,0,0,0,0,0,0,0
C3010,09,02,0000,District - Muzaffarnagar  02,Rural,14,67002,35043,31959,40200,24626,15574,40200,24626,15574,0,0,0,0,0,0,0,0,0,0,0,0
C3010,09,02,0000,District - Muzaffarnagar  02,Rural,15-19,268505,148341,120164,104441,69197,35244,91566,60920,30646,10051,6371,3680,428,323,105,2348,1570,778,48,13,35
C3010,09,02,0000,District - Muzaffarnagar  02,Rural,20-24,206540,111882,94658,21527,16339,5188,9100,6952,2148,11597,8793,2804,311,265,46,396,288,108,123,41,82
C3010,09,02,0000,District - Muzaffarnagar  02,Rural,25-29,185316,97050,88266,2091,1686,405,0,0,0,1537,1345,192,216,183,33,189,116,73,149,42,107
C3010,09,02,0000,District - Muzaffarnagar  02,Rural,30-34,168191,83914,84277,652,418,234,0,0,0,344,279,65,85,54,31,98,48,50,125,37,88
C3010,09,02,0000,District - Muzaffarnagar  02,Rural,35-59,510605,270501,240104,1275,861,414,0,0,0,553,479,74,198,116,82,248,153,95,276,113,163
C3010,09,02,0000,District - Muzaffarnagar  02,Rural,60+,187781,103686,84095,266,180,86,0,0,0,89,70,19,51,29,22,80,53,27,46,28,18
C3010,09,02,0000,District - Muzaffarnagar  02,Rural,Age not stated,8102,4676,3426,140,89,51,0,0,0,84,56,28,13,8,5,40,24,16,3,1,2
C3010,09,02,0000,District - Muzaffarnagar  02,Urban,All ages,903882,479611,424271,225638,126475,99163,202590,113407,89183,20117,10963,9154,1255,954,301,1241,959,282,435,192,243
C3010,09,02,0000,District - Muzaffarnagar  02,Urban,0-4,105527,56860,48667,4398,2430,1968,4398,2430,1968,0,0,0,0,0,0,0,0,0,0,0,0
C3010,09,02,0000,District - Muzaffarnagar  02,Urban,5,24441,13242,11199,6285,3589,2696,6285,3589,2696,0,0,0,0,0,0,0,0,0,0,0,0
C3010,09,02,0000,District - Muzaffarnagar  02,Urban,6,27732,14833,12899,10164,5675,4489,10164,5675,4489,0,0,0,0,0,0,0,0,0,0,0,0
C3010,09,02,0000,District - Muzaffarnagar  02,Urban,7,20449,10984,9465,13396,7392,6004,13396,7392,6004,0,0,0,0,0,0,0,0,0,0,0,0
C3010,09,02,0000,District - Muzaffarnagar  02,Urban,8,31646,17259,14387,22101,12543,9558,22101,12543,9558,0,0,0,0,0,0,0,0,0,0,0,0
C3010,09,02,0000,District - Muzaffarnagar  02,Urban,9,18230,9850,8380,13811,7669,6142,13811,7669,6142,0,0,0,0,0,0,0,0,0,0,0,0
C3010,09,02,0000,District - Muzaffarnagar  02,Urban,10,33567,18266,15301,24517,13814,10703,24517,13814,10703,0,0,0,0,0,0,0,0,0,0,0,0
C3010,09,02,0000,District - Muzaffarnagar  02,Urban,11,17059,9106,7953,13160,7288,5872,13160,7288,5872,0,0,0,0,0,0,0,0,0,0,0,0
C3010,09,02,0000,District - Muzaffarnagar  02,Urban,12,30317,16446,13871,21687,12280,9407,21687,12280,9407,0,0,0,0,0,0,0,0,0,0,0,0
C3010,09,02,0000,District - Muzaffarnagar  02,Urban,13,18824,9636,9188,13372,7159,6213,13372,7159,6213,0,0,0,0,0,0,0,0,0,0,0,0
C3010,09,02,0000,District - Muzaffarnagar  02,Urban,14,23902,12331,11571,15100,8273,6827,15100,8273,6827,0,0,0,0,0,0,0,0,0,0,0,0
C3010,09,02,0000,District - Muzaffarnagar  02,Urban,15-19,99785,53694,46091,48836,26843,21993,40439,22530,17909,7205,3394,3811,384,298,86,780,604,176,28,17,11
C3010,09,02,0000,District - Muzaffarnagar  02,Urban,20-24,80348,43347,37001,15840,9504,6336,4160,2765,1395,10917,6174,4743,412,318,94,270,219,51,81,28,53
C3010,09,02,0000,District - Muzaffarnagar  02,Urban,25-29,64663,33762,30901,1555,1101,454,0,0,0,1160,831,329,207,161,46,96,76,20,92,33,59
C3010,09,02,0000,District - Muzaffarnagar  02,Urban,30-34,58744,29115,29629,381,223,158,0,0,0,212,144,68,58,37,21,21,11,10,90,31,59
C3010,09,02,0000,District - Muzaffarnagar  02,Urban,35-59,188627,99316,89311,786,526,260,0,0,0,457,314,143,152,108,44,47,32,15,130,72,58
C3010,09,02,0000,District - Muzaffarnagar  02,Urban,60+,55923,29244,26679,163,116,47,0,0,0,96,67,29,33,25,8,24,15,9,10,9,1
C3010,09,02,0000,District - Muzaffarnagar  02,Urban,Age not stated,4098,2320,1778,86,50,36,0,0,0,70,39,31,9,7,2,3,2,1,4,2,2
C3010,09,03,0000,District - Bijnor  03,Total,All ages,3131619,1651908,1479711,730914,419676,311238,689155,392572,296583,36307,23663,12644,2178,1658,520,2554,1469,1085,720,314,406
C3010,09,03,0000,District - Bijnor  03,Total,0-4,410073,214726,195347,9307,4973,4334,9307,4973,4334,0,0,0,0,0,0,0,0,0,0,0,0
C3010,09,03,0000,District - Bijnor  03,Total,5,96325,51356,44969,18091,10024,8067,18091,10024,8067,0,0,0,0,0,0,0,0,0,0,0,0
C3010,09,03,0000,District - Bijnor  03,Total,6,109431,57104,52327,36171,19524,16647,36171,19524,16647,0,0,0,0,0,0,0,0,0,0,0,0
C3010,09,03,0000,District - Bijnor  03,Total,7,78008,40899,37109,50497,27491,23006,50497,27491,23006,0,0,0,0,0,0,0,0,0,0,0,0
C3010,09,03,0000,District - Bijnor  03,Total,8,123627,65413,58214,86190,47494,38696,86190,47494,38696,0,0,0,0,0,0,0,0,0,0,0,0
C3010,09,03,0000,District - Bijnor  03,Total,9,67412,35310,32102,51737,28076,23661,51737,28076,23661,0,0,0,0,0,0,0,0,0,0,0,0
C3010,09,03,0000,District - Bijnor  03,Total,10,125977,67302,58675,92758,51792,40966,92758,51792,40966,0,0,0,0,0,0,0,0,0,0,0,0
C3010,09,03,0000,District - Bijnor  03,Total,11,56814,29997,26817,44085,24395,19690,44085,24395,19690,0,0,0,0,0,0,0,0,0,0,0,0
C3010,09,03,0000,District - Bijnor  03,Total,12,108145,58067,50078,77728,44425,33303,77728,44425,33303,0,0,0,0,0,0,0,0,0,0,0,0
C3010,09,03,0000,District - Bijnor  03,Total,13,66341,34283,32058,45718,25626,20092,45718,25626,20092,0,0,0,0,0,0,0,0,0,0,0,0
C3010,09,03,0000,District - Bijnor  03,Total,14,82269,42451,39818,49447,28454,20993,49447,28454,20993,0,0,0,0,0,0,0,0,0,0,0,0
C3010,09,03,0000,District - Bijnor  03,Total,15-19,331429,179301,152128,130326,79972,50354,114547,70820,43727,13475,7750,5725,741,574,167,1511,806,705,52,22,30
C3010,09,03,0000,District - Bijnor  03,Total,20-24,256471,139045,117426,33073,23214,9859,12879,9478,3401,19035,12912,6123,664,527,137,385,253,132,110,44,66
C3010,09,03,0000,District - Bijnor  03,Total,25-29,217081,112072,105009,3011,2318,693,0,0,0,2336,1845,491,366,305,61,202,135,67,107,33,74
C3010,09,03,0000,District - Bijnor  03,Total,30-34,195593,96639,98954,785,517,268,0,0,0,474,358,116,99,64,35,107,57,50,105,38,67
C3010,09,03,0000,District - Bijnor  03,Total,35-59,596488,315772,280716,1579,1109,470,0,0,0,806,658,148,230,146,84,277,173,104,266,132,134
C3010,09,03,0000,District - Bijnor  03,Total,60+,200187,106691,93496,345,231,114,0,0,0,140,110,30,69,35,34,60,41,19,76,45,31
C3010,09,03,0000,District - Bijnor  03,Total,Age not stated,9948,5480,4468,66,41,25,0,0,0,41,30,11,9,7,2,12,4,8,4,0,4
C3010,09,03,0000,District - Bijnor  03,Rural,All ages,2370268,1251936,1118332,551169,323569,227600,524265,304642,219623,23052,16536,6516,1429,1107,322,1820,1035,785,603,249,354
C3010,09,03,0000,District - Bijnor  03,Rural,0-4,318394,167006,151388,6341,3386,2955,6341,3386,2955,0,0,0,0,0,0,0,0,0,0,0,0
C3010,09,03,0000,District - Bijnor  03,Rural,5,75164,40222,34942,13724,7686,6038,13724,7686,6038,0,0,0,0,0,0,0,0,0,0,0,0
C3010,09,03,0000,District - Bijnor  03,Rural,6,84443,44098,40345,28540,15517,13023,28540,15517,13023,0,0,0,0,0,0,0,0,0,0,0,0
C3010,09,03,0000,District - Bijnor  03,Rural,7,60590,31875,28715,40029,21938,18091,40029,21938,18091,0,0,0,0,0,0,0,0,0,0,0,0
C3010,09,03,0000,District - Bijnor  03,Rural,8,94753,50090,44663,67607,37474,30133,67607,37474,30133,0,0,0,0,0,0,0,0,0,0,0,0
C3010,09,03,0000,District - Bijnor  03,Rural,9,52577,27634,24943,41085,22503,18582,41085,22503,18582,0,0,0,0,0,0,0,0,0,0,0,0
C3010,09,03,0000,District - Bijnor  03,Rural,10,95550,51243,44307,71723,40595,31128,71723,40595,31128,0,0,0,0,0,0,0,0,0,0,0,0
C3010,09,03,0000,District - Bijnor  03,Rural,11,43537,23051,20486,34172,19203,14969,34172,19203,14969,0,0,0,0,0,0,0,0,0,0,0,0
C3010,09,03,0000,District - Bijnor  03,Rural,12,80674,43320,37354,58773,34125,24648,58773,34125,24648,0,0,0,0,0,0,0,0,0,0,0,0
C3010,09,03,0000,District - Bijnor  03,Rural,13,50091,25913,24178,34630,19834,14796,34630,19834,14796,0,0,0,0,0,0,0,0,0,0,0,0
C3010,09,03,0000,District - Bijnor  03,Rural,14,60248,31077,29171,36081,21469,14612,36081,21469,14612,0,0,0,0,0,0,0,0,0,0,0,0
C3010,09,03,0000,District - Bijnor  03,Rural,15-19,242099,132176,109923,92609,60297,32312,82438,53888,28550,8612,5493,3119,474,376,98,1043,522,521,42,18,24
C3010,09,03,0000,District - Bijnor  03,Rural,20-24,186857,99951,86906,21789,16462,5327,9122,7024,2098,11890,8888,3002,423,336,87,263,180,83,91,34,57
C3010,09,03,0000,District - Bijnor  03,Rural,25-29,165557,85009,80548,1989,1599,390,0,0,0,1497,1260,237,254,211,43,142,100,42,96,28,68
C3010,09,03,0000,District - Bijnor  03,Rural,30-34,150189,74094,76095,585,393,192,0,0,0,326,263,63,80,53,27,91,49,42,88,28,60
C3010,09,03,0000,District - Bijnor  03,Rural,35-59,445886,236858,209028,1190,874,316,0,0,0,596,523,73,149,101,48,225,147,78,220,103,117
C3010,09,03,0000,District - Bijnor  03,Rural,60+,155240,83698,71542,251,181,70,0,0,0,102,85,17,41,24,17,45,34,11,63,38,25
C3010,09,03,0000,District - Bijnor  03,Rural,Age not stated,8419,4621,3798,51,33,18,0,0,0,29,24,5,8,6,2,11,3,8,3,0,3
C3010,09,03,0000,District - Bijnor  03,Urban,All ages,761351,399972,361379,179745,96107,83638,164890,87930,76960,13255,7127,6128,749,551,198,734,434,300,117,65,52
C3010,09,03,0000,District - Bijnor  03,Urban,0-4,91679,47720,43959,2966,1587,1379,2966,1587,1379,0,0,0,0,0,0,0,0,0,0,0,0
C3010,09,03,0000,District - Bijnor  03,Urban,5,21161,11134,10027,4367,2338,2029,4367,2338,2029,0,0,0,0,0,0,0,0,0,0,0,0
C3010,09,03,0000,District - Bijnor  03,Urban,6,24988,13006,11982,7631,4007,3624,7631,4007,3624,0,0,0,0,0,0,0,0,0,0,0,0
C3010,09,03,0000,District - Bijnor  03,Urban,7,17418,9024,8394,10468,5553,4915,10468,5553,4915,0,0,0,0,0,0,0,0,0,0,0,0
C3010,09,03,0000,District - Bijnor  03,Urban,8,28874,15323,13551,18583,10020,8563,18583,10020,8563,0,0,0,0,0,0,0,0,0,0,0,0
C3010,09,03,0000,District - Bijnor  03,Urban,9,14835,7676,7159,10652,5573,5079,10652,5573,5079,0,0,0,0,0,0,0,0,0,0,0,0
C3010,09,03,0000,District - Bijnor  03,Urban,10,30427,16059,14368,21035,11197,9838,21035,11197,9838,0,0,0,0,0,0,0,0,0,0,0,0
C3010,09,03,0000,District - Bijnor  03,Urban,11,13277,6946,6331,9913,5192,4721,9913,5192,4721,0,0,0,0,0,0,0,0,0,0,0,0
C3010,09,03,0000,District - Bijnor  03,Urban,12,27471,14747,12724,18955,10300,8655,18955,10300,8655,0,0,0,0,0,0,0,0,0,0,0,0
C3010,09,03,0000,District - Bijnor  03,Urban,13,16250,8370,7880,11088,5792,5296,11088,5792,5296,0,0,0,0,0,0,0,0,0,0,0,0
C3010,09,03,0000,District - Bijnor  03,Urban,14,22021,11374,10647,13366,6985,6381,13366,6985,6381,0,0,0,0,0,0,0,0,0,0,0,0
C3010,09,03,0000,District - Bijnor  03,Urban,15-19,89330,47125,42205,37717,19675,18042,32109,16932,15177,4863,2257,2606,267,198,69,468,284,184,10,4,6
C3010,09,03,0000,District - Bijnor  03,Urban,20-24,69614,39094,30520,11284,6752,4532,3757,2454,1303,7145,4024,3121,241,191,50,122,73,49,19,10,9
C3010,09,03,0000,District - Bijnor  03,Urban,25-29,51524,27063,24461,1022,719,303,0,0,0,839,585,254,112,94,18,60,35,25,11,5,6
C3010,09,03,0000,District - Bijnor  03,Urban,30-34,45404,22545,22859,200,124,76,0,0,0,148,95,53,19,11,8,16,8,8,17,10,7
C3010,09,03,0000,District - Bijnor  03,Urban,35-59,150602,78914,71688,389,235,154,0,0,0,210,135,75,81,45,36,52,26,26,46,29,17
C3010,09,03,0000,District - Bijnor  03,Urban,60+,44947,22993,21954,94,50,44,0,0,0,38,25,13,28,11,17,15,7,8,13,7,6
C3010,09,03,0000,District - Bijnor  03,Urban,Age not stated,1529,859,670,15,8,7,0,0,0,12,6,6,1,1,0,1,1,0,1,0,1
C3010,09,04,0000,District - Moradabad  04,Total,All ages,3810983,2032302,1778681,692110,423784,268326,655056,400088,254968,30977,19647,11330,1884,1273,611,2964,1813,1151,1229,963,266
C3010,09,04,0000,District - Moradabad  04,Total,0-4,513631,266910,246721,8912,4955,3957,8912,4955,3957,0,0,0,0,0,0,0,0,0,0,0,0
C3010,09,04,0000,District - Moradabad  04,Total,5,120629,64557,56072,15855,9086,6769,15855,9086,6769,0,0,0,0,0,0,0,0,0,0,0,0
C3010,09,04,0000,District - Moradabad  04,Total,6,139736,73431,66305,31245,17860,13385,31245,17860,13385,0,0,0,0,0,0,0,0,0,0,0,0
C3010,09,04,0000,District - Moradabad  04,Total,7,94130,50099,44031,44900,25900,19000,44900,25900,19000,0,0,0,0,0,0,0,0,0,0,0,0
C3010,09,04,0000,District - Moradabad  04,Total,8,159723,85626,74097,82049,47897,34152,82049,47897,34152,0,0,0,0,0,0,0,0,0,0,0,0
C3010,09,04,0000,District - Moradabad  04,Total,9,80455,42962,37493,47776,27827,19949,47776,27827,19949,0,0,0,0,0,0,0,0,0,0,0,0
C3010,09,04,0000,District - Moradabad  04,Total,10,165175,90933,74242,92353,56354,35999,92353,56354,35999,0,0,0,0,0,0,0,0,0,0,0,0
C3010,09,04,0000,District - Moradabad  04,Total,11,66277,35862,30415,40487,24294,16193,40487,24294,16193,0,0,0,0,0,0,0,0,0,0,0,0
C3010,09,04,0000,District - Moradabad  04,Total,12,137303,75512,61791,75213,46698,28515,75213,46698,28515,0,0,0,0,0,0,0,0,0,0,0,0
C3010,09,04,0000,District - Moradabad  04,Total,13,76362,40324,36038,40917,24746,16171,40917,24746,16171,0,0,0,0,0,0,0,0,0,0,0,0
C3010,09,04,0000,District - Moradabad  04,Total,14,103771,55027,48744,47483,29450,18033,47483,29450,18033,0,0,0,0,0,0,0,0,0,0,0,0
C3010,09,04,0000,District - Moradabad  04,Total,15-19,398848,224359,174489,125893,81038,44855,113181,73967,39214,10168,5512,4656,557,361,196,1887,1128,759,100,70,30
C3010,09,04,0000,District - Moradabad  04,Total,20-24,312543,168691,143852,32729,23070,9659,14685,11054,3631,16868,11158,5710,538,388,150,468,338,130,170,132,38
C3010,09,04,0000,District - Moradabad  04,Total,25-29,264011,136497,127514,3202,2502,700,0,0,0,2416,1901,515,340,257,83,206,132,74,240,212,28
C3010,09,04,0000,District - Moradabad  04,Total,30-34,240995,122779,118216,1026,698,328,0,0,0,583,395,188,107,81,26,112,46,66,224,176,48
C3010,09,04,0000,District - Moradabad  04,Total,35-59,709848,376522,333326,1636,1150,486,0,0,0,784,579,205,247,143,104,199,115,84,406,313,93
C3010,09,04,0000,District - Moradabad  04,Total,60+,215179,115276,99903,354,215,139,0,0,0,124,81,43,83,40,43,61,35,26,86,59,27
C3010,09,04,0000,District - Moradabad  04,Total,Age not stated,12367,6935,5432,80,44,36,0,0,0,34,21,13,12,3,9,31,19,12,3,1,2
C3010,09,04,0000,District - Moradabad  04,Rural,All ages,2647292,1415425,1231867,438166,285328,152838,424399,274921,149478,10883,8782,2101,680,469,211,1870,945,925,334,211,123
C3010,09,04,0000,District - Moradabad  04,Rural,0-4,384175,199283,184892,4150,2401,1749,4150,2401,1749,0,0,0,0,0,0,0,0,0,0,0,0
C3010,09,04,0000,District - Moradabad  04,Rural,5,89413,48023,41390,9302,5498,3804,9302,5498,3804,0,0,0,0,0,0,0,0,0,0,0,0
C3010,09,04,0000,District - Moradabad  04,Rural,6,104001,54733,49268,20625,12137,8488,20625,12137,8488,0,0,0,0,0,0,0,0,0,0,0,0
C3010,09,04,0000,District - Moradabad  04,Rural,7,68269,36725,31544,30919,18503,12416,30919,18503,12416,0,0,0,0,0,0,0,0,0,0,0,0
C3010,09,04,0000,District - Moradabad  04,Rural,8,116887,62999,53888,57613,34603,23010,57613,34603,23010,0,0,0,0,0,0,0,0,0,0,0,0
C3010,09,04,0000,District - Moradabad  04,Rural,9,57938,31187,26751,33309,20079,13230,33309,20079,13230,0,0,0,0,0,0,0,0,0,0,0,0
C3010,09,04,0000,District - Moradabad  04,Rural,10,119095,66055,53040,64583,41018,23565,64583,41018,23565,0,0,0,0,0,0,0,0,0,0,0,0
C3010,09,04,0000,District - Moradabad  04,Rural,11,45867,25042,20825,26927,16909,10018,26927,16909,10018,0,0,0,0,0,0,0,0,0,0,0,0
C3010,09,04,0000,District - Moradabad  04,Rural,12,95419,53156,42263,50016,32914,17102,50016,32914,17102,0,0,0,0,0,0,0,0,0,0,0,0
C3010,09,04,0000,District - Moradabad  04,Rural,13,52272,27895,24377,26105,16986,9119,26105,16986,9119,0,0,0,0,0,0,0,0,0,0,0,0
C3010,09,04,0000,District - Moradabad  04,Rural,14,70084,37667,32417,29480,20036,9444,29480,20036,9444,0,0,0,0,0,0,0,0,0,0,0,0
C3010,09,04,0000,District - Moradabad  04,Rural,15-19,259286,148829,110457,68044,50167,17877,63211,47012,16199,3427,2448,979,164,114,50,1204,569,635,38,24,14
C3010,09,04,0000,District - Moradabad  04,Rural,20-24,202872,107136,95736,14513,12034,2479,8159,6825,1334,5940,4937,1003,142,113,29,229,132,97,43,27,16
C3010,09,04,0000,District - Moradabad  04,Rural,25-29,181044,92819,88225,1274,1119,155,0,0,0,969,901,68,123,98,25,137,87,50,45,33,12
C3010,09,04,0000,District - Moradabad  04,Rural,30-34,167263,85262,82001,402,294,108,0,0,0,222,197,25,53,39,14,82,34,48,45,24,21
C3010,09,04,0000,District - Moradabad  04,Rural,35-59,469522,249629,219893,681,493,188,0,0,0,279,259,20,134,76,58,157,89,68,111,69,42
C3010,09,04,0000,District - Moradabad  04,Rural,60+,154592,83759,70833,183,117,66,0,0,0,35,31,4,56,27,29,42,26,16,50,33,17
C3010,09,04,0000,District - Moradabad  04,Rural,Age not stated,9293,5226,4067,40,20,20,0,0,0,11,9,2,8,2,6,19,8,11,2,1,1
C3010,09,04,0000,District - Moradabad  04,Urban,All ages,1163691,616877,546814,253944,138456,115488,230657,125167,105490,20094,10865,9229,1204,804,400,1094,868,226,895,752,143
C3010,09,04,0000,District - Moradabad  04,Urban,0-4,129456,67627,61829,4762,2554,2208,4762,2554,2208,0,0,0,0,0,0,0,0,0,0,0,0
C3010,09,04,0000,District - Moradabad  04,Urban,5,31216,16534,14682,6553,3588,2965,6553,3588,2965,0,0,0,0,0,0,0,0,0,0,0,0
C3010,09,04,0000,District - Moradabad  04,Urban,6,35735,18698,17037,10620,5723,4897,10620,5723,4897,0,0,0,0,0,0,0,0,0,0,0,0
C3010,09,04,0000,District - Moradabad  04,Urban,7,25861,13374,12487,13981,7397,6584,13981,7397,6584,0,0,0,0,0,0,0,0,0,0,0,0
C3010,09,04,0000,District - Moradabad  04,Urban,8,42836,22627,20209,24436,13294,11142,24436,13294,11142,0,0,0,0,0,0,0,0,0,0,0,0
C3010,09,04,0000,District - Moradabad  04,Urban,9,22517,11775,10742,14467,7748,6719,14467,7748,6719,0,0,0,0,0,0,0,0,0,0,0,0
C3010,09,04,0000,District - Moradabad  04,Urban,10,46080,24878,21202,27770,15336,12434,27770,15336,12434,0,0,0,0,0,0,0,0,0,0,0,0
C3010,09,04,0000,District - Moradabad  04,Urban,11,20410,10820,9590,13560,7385,6175,13560,7385,6175,0,0,0,0,0,0,0,0,0,0,0,0
C3010,09,04,0000,District - Moradabad  04,Urban,12,41884,22356,19528,25197,13784,11413,25197,13784,11413,0,0,0,0,0,0,0,0,0,0,0,0
C3010,09,04,0000,District - Moradabad  04,Urban,13,24090,12429,11661,14812,7760,7052,14812,7760,7052,0,0,0,0,0,0,0,0,0,0,0,0
C3010,09,04,0000,District - Moradabad  04,Urban,14,33687,17360,16327,18003,9414,8589,18003,9414,8589,0,0,0,0,0,0,0,0,0,0,0,0
C3010,09,04,0000,District - Moradabad  04,Urban,15-19,139562,75530,64032,57849,30871,26978,49970,26955,23015,6741,3064,3677,393,247,146,683,559,124,62,46,16
C3010,09,04,0000,District - Moradabad  04,Urban,20-24,109671,61555,48116,18216,11036,7180,6526,4229,2297,10928,6221,4707,396,275,121,239,206,33,127,105,22
C3010,09,04,0000,District - Moradabad  04,Urban,25-29,82967,43678,39289,1928,1383,545,0,0,0,1447,1000,447,217,159,58,69,45,24,195,179,16
C3010,09,04,0000,District - Moradabad  04,Urban,30-34,73732,37517,36215,624,404,220,0,0,0,361,198,163,54,42,12,30,12,18,179,152,27
C3010,09,04,0000,District - Moradabad  04,Urban,35-59,240326,126893,113433,955,657,298,0,0,0,505,320,185,113,67,46,42,26,16,295,244,51
C3010,09,04,0000,District - Moradabad  04,Urban,60+,60587,31517,29070,171,98,73,0,0,0,89,50,39,27,13,14,19,9,10,36,26,10
C3010,09,04,0000,District - Moradabad  04,Urban,Age not stated,3074,1709,1365,40,24,16,0,0,0,23,12,11,4,1,3,12,11,1,1,0,1
C3010,09,05,0000,District - Rampur  05,Total,All ages,1923739,1023775,899964,316769,195567,121202,300217,184990,115227,12814,8280,4534,923,628,295,2026,1309,717,789,360,429
C3010,09,05,0000,District - Rampur  05,Total,0-4,262095,135656,126439,4712,2595,2117,4712,2595,2117,0,0,0,0,0,0,0,0,0,0,0,0
C3010,09,05,0000,District - Rampur  05,Total,5,61775,32780,28995,8679,4963,3716,8679,4963,3716,0,0,0,0,0,0,0,0,0,0,0,0
C3010,09,05,0000,District - Rampur  05,Total,6,74353,38779,35574,16522,9521,7001,16522,9521,7001,0,0,0,0,0,0,0,0,0,0,0,0
C3010,09,05,0000,District - Rampur  05,Total,7,49000,25869,23131,20989,12220,8769,20989,12220,8769,0,0,0,0,0,0,0,0,0,0,0,0
C3010,09,05,0000,District - Rampur  05,Total,8,87032,46437,40595,39628,23412,16216,39628,23412,16216,0,0,0,0,0,0,0,0,0,0,0,0
C3010,09,05,0000,District - Rampur  05,Total,9,39689,21085,18604,21431,12556,8875,21431,12556,8875,0,0,0,0,0,0,0,0,0,0,0,0
C3010,09,05,0000,District - Rampur  05,Total,10,89901,49349,40552,44448,27461,16987,44448,27461,16987,0,0,0,0,0,0,0,0,0,0,0,0
C3010,09,05,0000,District - Rampur  05,Total,11,30515,16393,14122,16730,10190,6540,16730,10190,6540,0,0,0,0,0,0,0,0,0,0,0,0
C3010,09,05,0000,District - Rampur  05,Total,12,73230,40086,33144,35596,22593,13003,35596,22593,13003,0,0,0,0,0,0,0,0,0,0,0,0
C3010,09,05,0000,District - Rampur  05,Total,13,34995,18021,16974,16636,10141,6495,16636,10141,6495,0,0,0,0,0,0,0,0,0,0,0,0
C3010,09,05,0000,District - Rampur  05,Total,14,51321,26654,24667,20836,13151,7685,20836,13151,7685,0,0,0,0,0,0,0,0,0,0,0,0
C3010,09,05,0000,District - Rampur  05,Total,15-19,191544,106790,84754,53513,34911,18602,47409,31377,16032,4324,2429,1895,295,201,94,1387,861,526,98,43,55
C3010,09,05,0000,District - Rampur  05,Total,20-24,149790,80841,68949,13908,9712,4196,6601,4810,1791,6562,4405,2157,242,180,62,304,236,68,199,81,118
C3010,09,05,0000,District - Rampur  05,Total,25-29,132582,68432,64150,1465,1054,411,0,0,0,1068,817,251,139,105,34,91,63,28,167,69,98
C3010,09,05,0000,District - Rampur  05,Total,30-34,124093,63034,61059,539,349,190,0,0,0,311,228,83,64,44,20,49,26,23,115,51,64
C3010,09,05,0000,District - Rampur  05,Total,35-59,360870,193907,166963,882,586,296,0,0,0,454,336,118,132,78,54,136,86,50,160,86,74
C3010,09,05,0000,District - Rampur  05,Total,60+,103445,55117,48328,195,117,78,0,0,0,73,49,24,45,20,25,32,21,11,45,27,18
C3010,09,05,0000,District - Rampur  05,Total,Age not stated,7509,4545,2964,60,35,25,0,0,0,22,16,6,6,0,6,27,16,11,5,3,2
C3010,09,05,0000,District - Rampur  05,Rural,All ages,1443286,771204,672082,218298,142220,76078,210664,136646,74018,5394,4352,1042,404,262,142,1128,634,494,708,326,382
C3010,09,05,0000,District - Rampur  05,Rural,0-4,209961,108748,101213,3067,1722,1345,3067,1722,1345,0,0,0,0,0,0,0,0,0,0,0,0
C3010,09,05,0000,District - Rampur  05,Rural,5,49133,26135,22998,6401,3733,2668,6401,3733,2668,0,0,0,0,0,0,0,0,0,0,0,0
C3010,09,05,0000,District - Rampur  05,Rural,6,59243,31009,28234,12538,7356,5182,12538,7356,5182,0,0,0,0,0,0,0,0,0,0,0,0
C3010,09,05,0000,District - Rampur  05,Rural,7,38383,20323,18060,15652,9312,6340,15652,9312,6340,0,0,0,0,0,0,0,0,0,0,0,0
C3010,09,05,0000,District - Rampur  05,Rural,8,68394,36550,31844,29718,17987,11731,29718,17987,11731,0,0,0,0,0,0,0,0,0,0,0,0
C3010,09,05,0000,District - Rampur  05,Rural,9,30811,16471,14340,15993,9653,6340,15993,9653,6340,0,0,0,0,0,0,0,0,0,0,0,0
C3010,09,05,0000,District - Rampur  05,Rural,10,69302,38182,31120,32998,21040,11958,32998,21040,11958,0,0,0,0,0,0,0,0,0,0,0,0
C3010,09,05,0000,District - Rampur  05,Rural,11,22527,12224,10303,11610,7438,4172,11610,7438,4172,0,0,0,0,0,0,0,0,0,0,0,0
C3010,09,05,0000,District - Rampur  05,Rural,12,55312,30548,24764,25493,17030,8463,25493,17030,8463,0,0,0,0,0,0,0,0,0,0,0,0
C3010,09,05,0000,District - Rampur  05,Rural,13,25415,13248,12167,11044,7279,3765,11044,7279,3765,0,0,0,0,0,0,0,0,0,0,0,0
C3010,09,05,0000,District - Rampur  05,Rural,14,37279,19628,17651,13741,9496,4245,13741,9496,4245,0,0,0,0,0,0,0,0,0,0,0,0
C3010,09,05,0000,District - Rampur  05,Rural,15-19,134375,76824,57551,31444,23427,8017,28604,21528,7076,1854,1376,478,106,69,37,792,416,376,88,38,50
C3010,09,05,0000,District - Rampur  05,Rural,20-24,106543,56681,49862,6933,5548,1385,3805,3072,733,2720,2245,475,89,63,26,132,91,41,187,77,110
C3010,09,05,0000,District - Rampur  05,Rural,25-29,98951,50764,48187,750,583,167,0,0,0,486,445,41,61,42,19,46,32,14,157,64,93
C3010,09,05,0000,District - Rampur  05,Rural,30-34,93540,47604,45936,315,214,101,0,0,0,143,122,21,39,25,14,31,18,13,102,49,53
C3010,09,05,0000,District - Rampur  05,Rural,35-59,261168,140843,120325,455,314,141,0,0,0,153,133,20,73,48,25,94,59,35,135,74,61
C3010,09,05,0000,District - Rampur  05,Rural,60+,77065,41795,35270,123,73,50,0,0,0,28,21,7,34,15,19,26,16,10,35,21,14
C3010,09,05,0000,District - Rampur  05,Rural,Age not stated,5884,3627,2257,23,15,8,0,0,0,10,10,0,2,0,2,7,2,5,4,3,1
C3010,09,05,0000,District - Rampur  05,Urban,All ages,480453,252571,227882,98471,53347,45124,89553,48344,41209,7420,3928,3492,519,366,153,898,675,223,81,34,47
C3010,09,05,0000,District - Rampur  05,Urban,0-4,52134,26908,25226,1645,873,772,1645,873,772,0,0,0,0,0,0,0,0,0,0,0,0
C3010,09,05,0000,District - Rampur  05,Urban,5,12642,6645,5997,2278,1230,1048,2278,1230,1048,0,0,0,0,0,0,0,0,0,0,0,0
C3010,09,05,0000,District - Rampur  05,Urban,6,15110,7770,7340,3984,2165,1819,3984,2165,1819,0,0,0,0,0,0,0,0,0,0,0,0
C3010,09,05,0000,District - Rampur  05,Urban,7,10617,5546,5071,5337,2908,2429,5337,2908,2429,0,0,0,0,0,0,0,0,0,0,0,0
C3010,09,05,0000,District - Rampur  05,Urban,8,18638,9887,8751,9910,5425,4485,9910,5425,4485,0,0,0,0,0,0,0,0,0,0,0,0
C3010,09,05,0000,District - Rampur  05,Urban,9,8878,4614,4264,5438,2903,2535,5438,2903,2535,0,0,0,0,0,0,0,0,0,0,0,0
C3010,09,05,0000,District - Rampur  05,Urban,10,20599,11167,9432,11450,6421,5029,11450,6421,5029,0,0,0,0,0,0,0,0,0,0,0,0
C3010,09,05,0000,District - Rampur  05,Urban,11,7988,4169,3819,5120,2752,2368,5120,2752,2368,0,0,0,0,0,0,0,0,0,0,0,0
C3010,09,05,0000,District - Rampur  05,Urban,12,17918,9538,8380,10103,5563,4540,10103,5563,4540,0,0,0,0,0,0,0,0,0,0,0,0
C3010,09,05,0000,District - Rampur  05,Urban,13,9580,4773,4807,5592,2862,2730,5592,2862,2730,0,0,0,0,0,0,0,0,0,0,0,0
C3010,09,05,0000,District - Rampur  05,Urban,14,14042,7026,7016,7095,3655,3440,7095,3655,3440,0,0,0,0,0,0,0,0,0,0,0,0
C3010,09,05,0000,District - Rampur  05,Urban,15-19,57169,29966,27203,22069,11484,10585,18805,9849,8956,2470,1053,1417,189,132,57,595,445,150,10,5,5
C3010,09,05,0000,District - Rampur  05,Urban,20-24,43247,24160,19087,6975,4164,2811,2796,1738,1058,3842,2160,1682,153,117,36,172,145,27,12,4,8
C3010,09,05,0000,District - Rampur  05,Urban,25-29,33631,17668,15963,715,471,244,0,0,0,582,372,210,78,63,15,45,31,14,10,5,5
C3010,09,05,0000,District - Rampur  05,Urban,30-34,30553,15430,15123,224,135,89,0,0,0,168,106,62,25,19,6,18,8,10,13,2,11
C3010,09,05,0000,District - Rampur  05,Urban,35-59,99702,53064,46638,427,272,155,0,0,0,301,203,98,59,30,29,42,27,15,25,12,13
C3010,09,05,0000,District - Rampur  05,Urban,60+,26380,13322,13058,72,44,28,0,0,0,45,28,17,11,5,6,6,5,1,10,6,4
C3010,09,05,0000,District - Rampur  05,Urban,Age not stated,1625,918,707,37,20,17,0,0,0,12,6,6,4,0,4,20,14,6,1,0,1
C3010,09,06,0000,District - Jyotiba Phule Nagar *  06,Total,All ages,1499068,795228,703840,306521,188311,118210,293332,178792,114540,11544,8333,3211,581,442,139,928,680,248,136,64,72
C3010,09,06,0000,District - Jyotiba Phule Nagar *  06,Total,0-4,201772,104901,96871,3054,1687,1367,3054,1687,1367,0,0,0,0,0,0,0,0,0,0,0,0
C3010,09,06,0000,District - Jyotiba Phule Nagar *  06,Total,5,47395,25375,22020,6806,3956,2850,6806,3956,2850,0,0,0,0,0,0,0,0,0,0,0,0
C3010,09,06,0000,District - Jyotiba Phule Nagar *  06,Total,6,53078,27895,25183,13913,7858,6055,13913,7858,6055,0,0,0,0,0,0,0,0,0,0,0,0
C3010,09,06,0000,District - Jyotiba Phule Nagar *  06,Total,7,38520,20453,18067,21771,12527,9244,21771,12527,9244,0,0,0,0,0,0,0,0,0,0,0,0
C3010,09,06,0000,District - Jyotiba Phule Nagar *  06,Total,8,60670,32517,28153,37414,21789,15625,37414,21789,15625,0,0,0,0,0,0,0,0,0,0,0,0
C3010,09,06,0000,District - Jyotiba Phule Nagar *  06,Total,9,33814,17777,16037,23441,13430,10011,23441,13430,10011,0,0,0,0,0,0,0,0,0,0,0,0
C3010,09,06,0000,District - Jyotiba Phule Nagar *  06,Total,10,61033,33240,27793,40160,24017,16143,40160,24017,16143,0,0,0,0,0,0,0,0,0,0,0,0
C3010,09,06,0000,District - Jyotiba Phule Nagar *  06,Total,11,28554,15303,13251,19741,11783,7958,19741,11783,7958,0,0,0,0,0,0,0,0,0,0,0,0
C3010,09,06,0000,District - Jyotiba Phule Nagar *  06,Total,12,50063,27471,22592,32187,19753,12434,32187,19753,12434,0,0,0,0,0,0,0,0,0,0,0,0
C3010,09,06,0000,District - Jyotiba Phule Nagar *  06,Total,13,32896,17111,15785,19948,12167,7781,19948,12167,7781,0,0,0,0,0,0,0,0,0,0,0,0
C3010,09,06,0000,District - Jyotiba Phule Nagar *  06,Total,14,39350,20841,18509,21021,13083,7938,21021,13083,7938,0,0,0,0,0,0,0,0,0,0,0,0
C3010,09,06,0000,District - Jyotiba Phule Nagar *  06,Total,15-19,151848,84320,67528,53394,35740,17654,48604,32664,15940,3999,2521,1478,169,127,42,610,424,186,12,4,8
C3010,09,06,0000,District - Jyotiba Phule Nagar *  06,Total,20-24,117950,63102,54848,11914,9146,2768,5272,4078,1194,6253,4740,1513,156,130,26,200,181,19,33,17,16
C3010,09,06,0000,District - Jyotiba Phule Nagar *  06,Total,25-29,105394,54258,51136,1006,833,173,0,0,0,815,693,122,119,97,22,52,35,17,20,8,12
C3010,09,06,0000,District - Jyotiba Phule Nagar *  06,Total,30-34,97227,48774,48453,246,187,59,0,0,0,167,139,28,40,24,16,21,15,6,18,9,9
C3010,09,06,0000,District - Jyotiba Phule Nagar *  06,Total,35-59,283296,150444,132852,396,284,112,0,0,0,253,200,53,70,48,22,32,17,15,41,19,22
C3010,09,06,0000,District - Jyotiba Phule Nagar *  06,Total,60+,93699,50090,43609,90,60,30,0,0,0,42,31,11,26,16,10,10,6,4,12,7,5
C3010,09,06,0000,District - Jyotiba Phule Nagar *  06,Total,Age not stated,2509,1356,1153,19,11,8,0,0,0,15,9,6,1,0,1,3,2,1,0,0,0
C3010,09,06,0000,District - Jyotiba Phule Nagar *  06,Rural,All ages,1130881,601379,529502,226936,144113,82823,218769,137692,81077,7199,5784,1415,376,304,72,504,288,216,88,45,43
C3010,09,06,0000,District - Jyotiba Phule Nagar *  06,Rural,0-4,157886,82245,75641,1949,1094,855,1949,1094,855,0,0,0,0,0,0,0,0,0,0,0,0
C3010,09,06,0000,District - Jyotiba Phule Nagar *  06,Rural,5,37346,20130,17216,4899,2912,1987,4899,2912,1987,0,0,0,0,0,0,0,0,0,0,0,0
C3010,09,06,0000,District - Jyotiba Phule Nagar *  06,Rural,6,41231,21673,19558,10447,5952,4495,10447,5952,4495,0,0,0,0,0,0,0,0,0,0,0,0
C3010,09,06,0000,District - Jyotiba Phule Nagar *  06,Rural,7,29836,15972,13864,16646,9794,6852,16646,9794,6852,0,0,0,0,0,0,0,0,0,0,0,0
C3010,09,06,0000,District - Jyotiba Phule Nagar *  06,Rural,8,46499,25012,21487,28663,16934,11729,28663,16934,11729,0,0,0,0,0,0,0,0,0,0,0,0
C3010,09,06,0000,District - Jyotiba Phule Nagar *  06,Rural,9,26142,13709,12433,18120,10513,7607,18120,10513,7607,0,0,0,0,0,0,0,0,0,0,0,0
C3010,09,06,0000,District - Jyotiba Phule Nagar *  06,Rural,10,46067,25233,20834,30544,18659,11885,30544,18659,11885,0,0,0,0,0,0,0,0,0,0,0,0
C3010,09,06,0000,District - Jyotiba Phule Nagar *  06,Rural,11,21845,11742,10103,15115,9249,5866,15115,9249,5866,0,0,0,0,0,0,0,0,0,0,0,0
C3010,09,06,0000,District - Jyotiba Phule Nagar *  06,Rural,12,36589,20210,16379,23782,15049,8733,23782,15049,8733,0,0,0,0,0,0,0,0,0,0,0,0
C3010,09,06,0000,District - Jyotiba Phule Nagar *  06,Rural,13,24902,13001,11901,15066,9530,5536,15066,9530,5536,0,0,0,0,0,0,0,0,0,0,0,0
C3010,09,06,0000,District - Jyotiba Phule Nagar *  06,Rural,14,28503,15208,13295,15363,10051,5312,15363,10051,5312,0,0,0,0,0,0,0,0,0,0,0,0
C3010,09,06,0000,District - Jyotiba Phule Nagar *  06,Rural,15-19,108783,61259,47524,37625,27074,10551,34572,24973,9599,2578,1820,758,109,89,20,357,190,167,9,2,7
C3010,09,06,0000,District - Jyotiba Phule Nagar *  06,Rural,20-24,85371,44938,40433,7595,6354,1241,3603,2982,621,3822,3235,587,98,87,11,57,41,16,15,9,6
C3010,09,06,0000,District - Jyotiba Phule Nagar *  06,Rural,25-29,79735,40819,38916,647,575,72,0,0,0,514,474,40,83,70,13,38,25,13,12,6,6
C3010,09,06,0000,District - Jyotiba Phule Nagar *  06,Rural,30-34,74103,37239,36864,168,134,34,0,0,0,112,98,14,26,16,10,19,13,6,11,7,4
C3010,09,06,0000,District - Jyotiba Phule Nagar *  06,Rural,35-59,210070,111847,98223,238,189,49,0,0,0,140,129,11,44,32,12,24,13,11,30,15,15
C3010,09,06,0000,District - Jyotiba Phule Nagar *  06,Rural,60+,74087,40125,33962,61,44,17,0,0,0,27,23,4,16,10,6,7,5,2,11,6,5
C3010,09,06,0000,District - Jyotiba Phule Nagar *  06,Rural,Age not stated,1886,1017,869,8,6,2,0,0,0,6,5,1,0,0,0,2,1,1,0,0,0
C3010,09,06,0000,District - Jyotiba Phule Nagar *  06,Urban,All ages,368187,193849,174338,79585,44198,35387,74563,41100,33463,4345,2549,1796,205,138,67,424,392,32,48,19,29
C3010,09,06,0000,District - Jyotiba Phule Nagar *  06,Urban,0-4,43886,22656,21230,1105,593,512,1105,593,512,0,0,0,0,0,0,0,0,0,0,0,0
C3010,09,06,0000,District - Jyotiba Phule Nagar *  06,Urban,5,10049,5245,4804,1907,1044,863,1907,1044,863,0,0,0,0,0,0,0,0,0,0,0,0
C3010,09,06,0000,District - Jyotiba Phule Nagar *  06,Urban,6,11847,6222,5625,3466,1906,1560,3466,1906,1560,0,0,0,0,0,0,0,0,0,0,0,0
C3010,09,06,0000,District - Jyotiba Phule Nagar *  06,Urban,7,8684,4481,4203,5125,2733,2392,5125,2733,2392,0,0,0,0,0,0,0,0,0,0,0,0
C3010,09,06,0000,District - Jyotiba Phule Nagar *  06,Urban,8,14171,7505,6666,8751,4855,3896,8751,4855,3896,0,0,0,0,0,0,0,0,0,0,0,0
C3010,09,06,0000,District - Jyotiba Phule Nagar *  06,Urban,9,7672,4068,3604,5321,2917,2404,5321,2917,2404,0,0,0,0,0,0,0,0,0,0,0,0
C3010,09,06,0000,District - Jyotiba Phule Nagar *  06,Urban,10,14966,8007,6959,9616,5358,4258,9616,5358,4258,0,0,0,0,0,0,0,0,0,0,0,0
C3010,09,06,0000,District - Jyotiba Phule Nagar *  06,Urban,11,6709,3561,3148,4626,2534,2092,4626,2534,2092,0,0,0,0,0,0,0,0,0,0,0,0
C3010,09,06,0000,District - Jyotiba Phule Nagar *  06,Urban,12,13474,7261,6213,8405,4704,3701,8405,4704,3701,0,0,0,0,0,0,0,0,0,0,0,0
C3010,09,06,0000,District - Jyotiba Phule Nagar *  06,Urban,13,7994,4110,3884,4882,2637,2245,4882,2637,2245,0,0,0,0,0,0,0,0,0,0,0,0
C3010,09,06,0000,District - Jyotiba Phule Nagar *  06,Urban,14,10847,5633,5214,5658,3032,2626,5658,3032,2626,0,0,0,0,0,0,0,0,0,0,0,0
C3010,09,06,0000,District - Jyotiba Phule Nagar *  06,Urban,15-19,43065,23061,20004,15769,8666,7103,14032,7691,6341,1421,701,720,60,38,22,253,234,19,3,2,1
C3010,09,06,0000,District - Jyotiba Phule Nagar *  06,Urban,20-24,32579,18164,14415,4319,2792,1527,1669,1096,573,2431,1505,926,58,43,15,143,140,3,18,8,10
C3010,09,06,0000,District - Jyotiba Phule Nagar *  06,Urban,25-29,25659,13439,12220,359,258,101,0,0,0,301,219,82,36,27,9,14,10,4,8,2,6
C3010,09,06,0000,District - Jyotiba Phule Nagar *  06,Urban,30-34,23124,11535,11589,78,53,25,0,0,0,55,41,14,14,8,6,2,2,0,7,2,5
C3010,09,06,0000,District - Jyotiba Phule Nagar *  06,Urban,35-59,73226,38597,34629,158,95,63,0,0,0,113,71,42,26,16,10,8,4,4,11,4,7
C3010,09,06,0000,District - Jyotiba Phule Nagar *  06,Urban,60+,19612,9965,9647,29,16,13,0,0,0,15,8,7,10,6,4,3,1,2,1,1,0
C3010,09,06,0000,District - Jyotiba Phule Nagar *  06,Urban,Age not stated,623,339,284,11,5,6,0,0,0,9,4,5,1,0,1,1,1,0,0,0,0
C3010,09,07,0000,District - Meerut  07,Total,All ages,2997361,1601578,1395783,771488,441342,330146,703788,400214,303574,61388,36852,24536,2857,2103,754,2088,1552,536,1367,621,746
C3010,09,07,0000,District - Meerut  07,Total,0-4,342645,184359,158286,12519,6929,5590,12519,6929,5590,0,0,0,0,0,0,0,0,0,0,0,0
C3010,09,07,0000,District - Meerut  07,Total,5,83393,45711,37682,19724,11118,8606,19724,11118,8606,0,0,0,0,0,0,0,0,0,0,0,0
C3010,09,07,0000,District - Meerut  07,Total,6,91922,48877,43045,34406,18921,15485,34406,18921,15485,0,0,0,0,0,0,0,0,0,0,0,0
C3010,09,07,0000,District - Meerut  07,Total,7,68231,36566,31665,46628,25883,20745,46628,25883,20745,0,0,0,0,0,0,0,0,0,0,0,0
C3010,09,07,0000,District - Meerut  07,Total,8,105825,56878,48947,76826,42658,34168,76826,42658,34168,0,0,0,0,0,0,0,0,0,0,0,0
C3010,09,07,0000,District - Meerut  07,Total,9,61153,32643,28510,48567,26739,21828,48567,26739,21828,0,0,0,0,0,0,0,0,0,0,0,0
C3010,09,07,0000,District - Meerut  07,Total,10,112213,61212,51001,86120,48746,37374,86120,48746,37374,0,0,0,0,0,0,0,0,0,0,0,0
C3010,09,07,0000,District - Meerut  07,Total,11,55674,29873,25801,44740,24825,19915,44740,24825,19915,0,0,0,0,0,0,0,0,0,0,0,0
C3010,09,07,0000,District - Meerut  07,Total,12,103433,56083,47350,78060,44326,33734,78060,44326,33734,0,0,0,0,0,0,0,0,0,0,0,0
C3010,09,07,0000,District - Meerut  07,Total,13,63447,32516,30931,46830,25352,21478,46830,25352,21478,0,0,0,0,0,0,0,0,0,0,0,0
C3010,09,07,0000,District - Meerut  07,Total,14,82387,42737,39650,54428,30470,23958,54428,30470,23958,0,0,0,0,0,0,0,0,0,0,0,0
C3010,09,07,0000,District - Meerut  07,Total,15-19,338176,184406,153770,164114,96505,67609,140295,83519,56776,21692,11471,10221,887,642,245,1112,817,295,128,56,72
C3010,09,07,0000,District - Meerut  07,Total,20-24,265069,145835,119234,48783,32123,16660,14645,10728,3917,32643,20268,12375,810,631,179,470,378,92,215,118,97
C3010,09,07,0000,District - Meerut  07,Total,25-29,215946,113546,102400,5549,4085,1464,0,0,0,4417,3288,1129,610,452,158,298,237,61,224,108,116
C3010,09,07,0000,District - Meerut  07,Total,30-34,192134,97015,95119,1339,830,509,0,0,0,906,610,296,165,110,55,56,30,26,212,80,132
C3010,09,07,0000,District - Meerut  07,Total,35-59,619059,329390,289669,2359,1506,853,0,0,0,1448,1022,426,298,209,89,120,72,48,493,203,290
C3010,09,07,0000,District - Meerut  07,Total,60+,190510,100468,90042,439,300,139,0,0,0,238,172,66,79,56,23,29,17,12,93,55,38
C3010,09,07,0000,District - Meerut  07,Total,Age not stated,6144,3463,2681,57,26,31,0,0,0,44,21,23,8,3,5,3,1,2,2,1,1
C3010,09,07,0000,District - Meerut  07,Rural,All ages,1545378,826908,718470,391385,230812,160573,369143,215551,153592,19442,13530,5912,721,590,131,1071,792,279,1008,349,659
C3010,09,07,0000,District - Meerut  07,Rural,0-4,192962,104095,88867,3532,1962,1570,3532,1962,1570,0,0,0,0,0,0,0,0,0,0,0,0
C3010,09,07,0000,District - Meerut  07,Rural,5,46733,25552,21181,8064,4553,3511,8064,4553,3511,0,0,0,0,0,0,0,0,0,0,0,0
C3010,09,07,0000,District - Meerut  07,Rural,6,50823,27118,23705,17079,9546,7533,17079,9546,7533,0,0,0,0,0,0,0,0,0,0,0,0
C3010,09,07,0000,District - Meerut  07,Rural,7,36847,19818,17029,25964,14592,11372,25964,14592,11372,0,0,0,0,0,0,0,0,0,0,0,0
C3010,09,07,0000,District - Meerut  07,Rural,8,57270,30813,26457,43883,24528,19355,43883,24528,19355,0,0,0,0,0,0,0,0,0,0,0,0
C3010,09,07,0000,District - Meerut  07,Rural,9,33161,17750,15411,27538,15318,12220,27538,15318,12220,0,0,0,0,0,0,0,0,0,0,0,0
C3010,09,07,0000,District - Meerut  07,Rural,10,59123,32077,27046,47859,27171,20688,47859,27171,20688,0,0,0,0,0,0,0,0,0,0,0,0
C3010,09,07,0000,District - Meerut  07,Rural,11,28784,15518,13266,23901,13480,10421,23901,13480,10421,0,0,0,0,0,0,0,0,0,0,0,0
C3010,09,07,0000,District - Meerut  07,Rural,12,54128,29489,24639,42639,24711,17928,42639,24711,17928,0,0,0,0,0,0,0,0,0,0,0,0
C3010,09,07,0000,District - Meerut  07,Rural,13,32866,16913,15953,24719,13864,10855,24719,13864,10855,0,0,0,0,0,0,0,0,0,0,0,0
C3010,09,07,0000,District - Meerut  07,Rural,14,42888,22307,20581,28623,16736,11887,28623,16736,11887,0,0,0,0,0,0,0,0,0,0,0,0
C3010,09,07,0000,District - Meerut  07,Rural,15-19,170147,93758,76389,77076,48953,28123,68431,43708,24723,7588,4477,3111,230,176,54,733,561,172,94,31,63
C3010,09,07,0000,District - Meerut  07,Rural,20-24,128156,70969,57187,17140,12947,4193,6911,5382,1529,9712,7190,2522,205,183,22,169,138,31,143,54,89
C3010,09,07,0000,District - Meerut  07,Rural,25-29,105366,55654,49712,1607,1324,283,0,0,0,1262,1111,151,145,135,10,66,41,25,134,37,97
C3010,09,07,0000,District - Meerut  07,Rural,30-34,94064,47031,47033,514,320,194,0,0,0,292,239,53,39,30,9,17,6,11,166,45,121
C3010,09,07,0000,District - Meerut  07,Rural,35-59,301678,158933,142745,1054,677,377,0,0,0,517,456,61,70,46,24,65,35,30,402,140,262
C3010,09,07,0000,District - Meerut  07,Rural,60+,107543,57536,50007,178,125,53,0,0,0,63,54,9,29,20,9,19,10,9,67,41,26
C3010,09,07,0000,District - Meerut  07,Rural,Age not stated,2839,1577,1262,15,5,10,0,0,0,8,3,5,3,0,3,2,1,1,2,1,1
C3010,09,07,0000,District - Meerut  07,Urban,All ages,1451983,774670,677313,380103,210530,169573,334645,184663,149982,41946,23322,18624,2136,1513,623,1017,760,257,359,272,87
C3010,09,07,0000,District - Meerut  07,Urban,0-4,149683,80264,69419,8987,4967,4020,8987,4967,4020,0,0,0,0,0,0,0,0,0,0,0,0
C3010,09,07,0000,District - Meerut  07,Urban,5,36660,20159,16501,11660,6565,5095,11660,6565,5095,0,0,0,0,0,0,0,0,0,0,0,0
C3010,09,07,0000,District - Meerut  07,Urban,6,41099,21759,19340,17327,9375,7952,17327,9375,7952,0,0,0,0,0,0,0,0,0,0,0,0
C3010,09,07,0000,District - Meerut  07,Urban,7,31384,16748,14636,20664,11291,9373,20664,11291,9373,0,0,0,0,0,0,0,0,0,0,0,0
C3010,09,07,0000,District - Meerut  07,Urban,8,48555,26065,22490,32943,18130,14813,32943,18130,14813,0,0,0,0,0,0,0,0,0,0,0,0
C3010,09,07,0000,District - Meerut  07,Urban,9,27992,14893,13099,21029,11421,9608,21029,11421,9608,0,0,0,0,0,0,0,0,0,0,0,0
C3010,09,07,0000,District - Meerut  07,Urban,10,53090,29135,23955,38261,21575,16686,38261,21575,16686,0,0,0,0,0,0,0,0,0,0,0,0
C3010,09,07,0000,District - Meerut  07,Urban,11,26890,14355,12535,20839,11345,9494,20839,11345,9494,0,0,0,0,0,0,0,0,0,0,0,0
C3010,09,07,0000,District - Meerut  07,Urban,12,49305,26594,22711,35421,19615,15806,35421,19615,15806,0,0,0,0,0,0,0,0,0,0,0,0
C3010,09,07,0000,District - Meerut  07,Urban,13,30581,15603,14978,22111,11488,10623,22111,11488,10623,0,0,0,0,0,0,0,0,0,0,0,0
C3010,09,07,0000,District - Meerut  07,Urban,14,39499,20430,19069,25805,13734,12071,25805,13734,12071,0,0,0,0,0,0,0,0,0,0,0,0
C3010,09,07,0000,District - Meerut  07,Urban,15-19,168029,90648,77381,87038,47552,39486,71864,39811,32053,14104,6994,7110,657,466,191,379,256,123,34,25,9
C3010,09,07,0000,District - Meerut  07,Urban,20-24,136913,74866,62047,31643,19176,12467,7734,5346,2388,22931,13078,9853,605,448,157,301,240,61,72,64,8
C3010,09,07,0000,District - Meerut  07,Urban,25-29,110580,57892,52688,3942,2761,1181,0,0,0,3155,2177,978,465,317,148,232,196,36,90,71,19
C3010,09,07,0000,District - Meerut  07,Urban,30-34,98070,49984,48086,825,510,315,0,0,0,614,371,243,126,80,46,39,24,15,46,35,11
C3010,09,07,0000,District - Meerut  07,Urban,35-59,317381,170457,146924,1305,829,476,0,0,0,931,566,365,228,163,65,55,37,18,91,63,28
C3010,09,07,0000,District - Meerut  07,Urban,60+,82967,42932,40035,261,175,86,0,0,0,175,118,57,50,36,14,10,7,3,26,14,12
C3010,09,07,0000,District - Meerut  07,Urban,Age not stated,3305,1886,1419,42,21,21,0,0,0,36,18,18,5,3,2,1,0,1,0,0,0
C3010,09,08,0000,District - Baghpat *  08,Total,All ages,1163991,630077,533914,298763,178825,119938,277967,164415,113552,19066,13112,5954,872,731,141,750,502,248,108,65,43
C3010,09,08,0000,District - Baghpat *  08,Total,0-4,136056,73138,62918,3022,1656,1366,3022,1656,1366,0,0,0,0,0,0,0,0,0,0,0,0
C3010,09,08,0000,District - Baghpat *  08,Total,5,32937,18151,14786,6547,3807,2740,6547,3807,2740,0,0,0,0,0,0,0,0,0,0,0,0
C3010,09,08,0000,District - Baghpat *  08,Total,6,36261,19634,16627,13043,7446,5597,13043,7446,5597,0,0,0,0,0,0,0,0,0,0,0,0
C3010,09,08,0000,District - Baghpat *  08,Total,7,26479,14395,12084,18822,10691,8131,18822,10691,8131,0,0,0,0,0,0,0,0,0,0,0,0
C3010,09,08,0000,District - Baghpat *  08,Total,8,41239,22523,18716,31237,17966,13271,31237,17966,13271,0,0,0,0,0,0,0,0,0,0,0,0
C3010,09,08,0000,District - Baghpat *  08,Total,9,24572,13094,11478,20193,11206,8987,20193,11206,8987,0,0,0,0,0,0,0,0,0,0,0,0
C3010,09,08,0000,District - Baghpat *  08,Total,10,42917,23442,19475,34577,19884,14693,34577,19884,14693,0,0,0,0,0,0,0,0,0,0,0,0
C3010,09,08,0000,District - Baghpat *  08,Total,11,21193,11531,9662,17749,10167,7582,17749,10167,7582,0,0,0,0,0,0,0,0,0,0,0,0
C3010,09,08,0000,District - Baghpat *  08,Total,12,39154,21300,17854,30810,18059,12751,30810,18059,12751,0,0,0,0,0,0,0,0,0,0,0,0
C3010,09,08,0000,District - Baghpat *  08,Total,13,23996,12404,11592,18323,10374,7949,18323,10374,7949,0,0,0,0,0,0,0,0,0,0,0,0
C3010,09,08,0000,District - Baghpat *  08,Total,14,31507,16343,15164,22029,12799,9230,22029,12799,9230,0,0,0,0,0,0,0,0,0,0,0,0
C3010,09,08,0000,District - Baghpat *  08,Total,15-19,127482,71720,55762,65052,41547,23505,56290,36135,20155,7930,4832,3098,352,286,66,471,287,184,9,7,2
C3010,09,08,0000,District - Baghpat *  08,Total,20-24,96231,54801,41430,14958,11283,3675,5325,4225,1100,9240,6723,2517,241,215,26,137,108,29,15,12,3
C3010,09,08,0000,District - Baghpat *  08,Total,25-29,80981,43503,37478,1315,1119,196,0,0,0,1102,930,172,143,131,12,61,52,9,9,6,3
C3010,09,08,0000,District - Baghpat *  08,Total,30-34,70930,35846,35084,361,272,89,0,0,0,300,232,68,28,18,10,20,13,7,13,9,4
C3010,09,08,0000,District - Baghpat *  08,Total,35-59,233810,123065,110745,560,432,128,0,0,0,405,327,78,73,53,20,49,35,14,33,17,16
C3010,09,08,0000,District - Baghpat *  08,Total,60+,95172,53470,41702,136,102,34,0,0,0,69,57,12,32,27,5,11,6,5,24,12,12
C3010,09,08,0000,District - Baghpat *  08,Total,Age not stated,3074,1717,1357,29,15,14,0,0,0,20,11,9,3,1,2,1,1,0,5,2,3
C3010,09,08,0000,District - Baghpat *  08,Rural,All ages,934559,507166,427393,237817,143733,94084,223076,132980,90096,13512,9846,3666,576,471,105,569,386,183,84,50,34
C3010,09,08,0000,District - Baghpat *  08,Rural,0-4,109865,58952,50913,2001,1112,889,2001,1112,889,0,0,0,0,0,0,0,0,0,0,0,0
C3010,09,08,0000,District - Baghpat *  08,Rural,5,26595,14726,11869,4790,2804,1986,4790,2804,1986,0,0,0,0,0,0,0,0,0,0,0,0
C3010,09,08,0000,District - Baghpat *  08,Rural,6,29417,15925,13492,10251,5842,4409,10251,5842,4409,0,0,0,0,0,0,0,0,0,0,0,0
C3010,09,08,0000,District - Baghpat *  08,Rural,7,21309,11598,9711,15192,8632,6560,15192,8632,6560,0,0,0,0,0,0,0,0,0,0,0,0
C3010,09,08,0000,District - Baghpat *  08,Rural,8,33508,18303,15205,25648,14762,10886,25648,14762,10886,0,0,0,0,0,0,0,0,0,0,0,0
C3010,09,08,0000,District - Baghpat *  08,Rural,9,19965,10661,9304,16523,9214,7309,16523,9214,7309,0,0,0,0,0,0,0,0,0,0,0,0
C3010,09,08,0000,District - Baghpat *  08,Rural,10,34629,18893,15736,28281,16266,12015,28281,16266,12015,0,0,0,0,0,0,0,0,0,0,0,0
C3010,09,08,0000,District - Baghpat *  08,Rural,11,16888,9204,7684,14248,8232,6016,14248,8232,6016,0,0,0,0,0,0,0,0,0,0,0,0
C3010,09,08,0000,District - Baghpat *  08,Rural,12,31578,17192,14386,25133,14776,10357,25133,14776,10357,0,0,0,0,0,0,0,0,0,0,0,0
C3010,09,08,0000,District - Baghpat *  08,Rural,13,19108,9882,9226,14676,8385,6291,14676,8385,6291,0,0,0,0,0,0,0,0,0,0,0,0
C3010,09,08,0000,District - Baghpat *  08,Rural,14,25323,13109,12214,17772,10420,7352,17772,10420,7352,0,0,0,0,0,0,0,0,0,0,0,0
C3010,09,08,0000,District - Baghpat *  08,Rural,15-19,101333,57415,43918,50656,33246,17410,44329,29113,15216,5742,3738,2004,211,160,51,369,231,138,5,4,1
C3010,09,08,0000,District - Baghpat *  08,Rural,20-24,75556,43345,32211,10897,8591,2306,4232,3422,810,6410,4950,1460,149,132,17,96,78,18,10,9,1
C3010,09,08,0000,District - Baghpat *  08,Rural,25-29,64576,34838,29738,946,824,122,0,0,0,796,688,108,105,96,9,39,35,4,6,5,1
C3010,09,08,0000,District - Baghpat *  08,Rural,30-34,56303,28512,27791,255,200,55,0,0,0,210,171,39,21,14,7,13,7,6,11,8,3
C3010,09,08,0000,District - Baghpat *  08,Rural,35-59,186167,97896,88271,426,341,85,0,0,0,296,253,43,59,44,15,41,29,12,30,15,15
C3010,09,08,0000,District - Baghpat *  08,Rural,60+,79947,45309,34638,105,77,28,0,0,0,46,38,8,30,25,5,11,6,5,18,8,10
C3010,09,08,0000,District - Baghpat *  08,Rural,Age not stated,2492,1406,1086,17,9,8,0,0,0,12,8,4,1,0,1,0,0,0,4,1,3
C3010,09,08,0000,District - Baghpat *  08,Urban,All ages,229432,122911,106521,60946,35092,25854,54891,31435,23456,5554,3266,2288,296,260,36,181,116,65,24,15,9
C3010,09,08,0000,District - Baghpat *  08,Urban,0-4,26191,14186,12005,1021,544,477,1021,544,477,0,0,0,0,0,0,0,0,0,0,0,0
C3010,09,08,0000,District - Baghpat *  08,Urban,5,6342,3425,2917,1757,1003,754,1757,1003,754,0,0,0,0,0,0,0,0,0,0,0,0
C3010,09,08,0000,District - Baghpat *  08,Urban,6,6844,3709,3135,2792,1604,1188,2792,1604,1188,0,0,0,0,0,0,0,0,0,0,0,0
C3010,09,08,0000,District - Baghpat *  08,Urban,7,5170,2797,2373,3630,2059,1571,3630,2059,1571,0,0,0,0,0,0,0,0,0,0,0,0
C3010,09,08,0000,District - Baghpat *  08,Urban,8,7731,4220,3511,5589,3204,2385,5589,3204,2385,0,0,0,0,0,0,0,0,0,0,0,0
C3010,09,08,0000,District - Baghpat *  08,Urban,9,4607,2433,2174,3670,1992,1678,3670,1992,1678,0,0,0,0,0,0,0,0,0,0,0,0
C3010,09,08,0000,District - Baghpat *  08,Urban,10,8288,4549,3739,6296,3618,2678,6296,3618,2678,0,0,0,0,0,0,0,0,0,0,0,0
C3010,09,08,0000,District - Baghpat *  08,Urban,11,4305,2327,1978,3501,1935,1566,3501,1935,1566,0,0,0,0,0,0,0,0,0,0,0,0
C3010,09,08,0000,District - Baghpat *  08,Urban,12,7576,4108,3468,5677,3283,2394,5677,3283,2394,0,0,0,0,0,0,0,0,0,0,0,0
C3010,09,08,0000,District - Baghpat *  08,Urban,13,4888,2522,2366,3647,1989,1658,3647,1989,1658,0,0,0,0,0,0,0,0,0,0,0,0
C3010,09,08,0000,District - Baghpat *  08,Urban,14,6184,3234,2950,4257,2379,1878,4257,2379,1878,0,0,0,0,0,0,0,0,0,0,0,0
C3010,09,08,0000,District - Baghpat *  08,Urban,15-19,26149,14305,11844,14396,8301,6095,11961,7022,4939,2188,1094,1094,141,126,15,102,56,46,4,3,1
C3010,09,08,0000,District - Baghpat *  08,Urban,20-24,20675,11456,9219,4061,2692,1369,1093,803,290,2830,1773,1057,92,83,9,41,30,11,5,3,2
C3010,09,08,0000,District - Baghpat *  08,Urban,25-29,16405,8665,7740,369,295,74,0,0,0,306,242,64,38,35,3,22,17,5,3,1,2
C3010,09,08,0000,District - Baghpat *  08,Urban,30-34,14627,7334,7293,106,72,34,0,0,0,90,61,29,7,4,3,7,6,1,2,1,1
C3010,09,08,0000,District - Baghpat *  08,Urban,35-59,47643,25169,22474,134,91,43,0,0,0,109,74,35,14,9,5,8,6,2,3,2,1
C3010,09,08,0000,District - Baghpat *  08,Urban,60+,15225,8161,7064,31,25,6,0,0,0,23,19,4,2,2,0,0,0,0,6,4,2
C3010,09,08,0000,District - Baghpat *  08,Urban,Age not stated,582,311,271,12,6,6,0,0,0,8,3,5,2,1,1,1,1,0,1,1,0
C3010,09,09,0000,District - Ghaziabad  09,Total,All ages,3290586,1769042,1521544,887823,508699,379124,815105,464518,350587,64780,38438,26342,5045,3740,1305,2385,1757,628,508,246,262
C3010,09,09,0000,District - Ghaziabad  09,Total,0-4,375160,201643,173517,15748,8659,7089,15748,8659,7089,0,0,0,0,0,0,0,0,0,0,0,0
C3010,09,09,0000,District - Ghaziabad  09,Total,5,93362,51278,42084,24565,13902,10663,24565,13902,10663,0,0,0,0,0,0,0,0,0,0,0,0
C3010,09,09,0000,District - Ghaziabad  09,Total,6,97925,52593,45332,39249,21718,17531,39249,21718,17531,0,0,0,0,0,0,0,0,0,0,0,0
C3010,09,09,0000,District - Ghaziabad  09,Total,7,76549,40910,35639,54147,29611,24536,54147,29611,24536,0,0,0,0,0,0,0,0,0,0,0,0
C3010,09,09,0000,District - Ghaziabad  09,Total,8,115440,63011,52429,87564,49116,38448,87564,49116,38448,0,0,0,0,0,0,0,0,0,0,0,0
C3010,09,09,0000,District - Ghaziabad  09,Total,9,67653,36213,31440,55545,30446,25099,55545,30446,25099,0,0,0,0,0,0,0,0,0,0,0,0
C3010,09,09,0000,District - Ghaziabad  09,Total,10,122792,67598,55194,98243,55644,42599,98243,55644,42599,0,0,0,0,0,0,0,0,0,0,0,0
C3010,09,09,0000,District - Ghaziabad  09,Total,11,61195,33062,28133,51276,28563,22713,51276,28563,22713,0,0,0,0,0,0,0,0,0,0,0,0
C3010,09,09,0000,District - Ghaziabad  09,Total,12,111381,61274,50107,88540,50616,37924,88540,50616,37924,0,0,0,0,0,0,0,0,0,0,0,0
C3010,09,09,0000,District - Ghaziabad  09,Total,13,68325,35275,33050,53800,29029,24771,53800,29029,24771,0,0,0,0,0,0,0,0,0,0,0,0
C3010,09,09,0000,District - Ghaziabad  09,Total,14,85574,45526,40048,61459,34743,26716,61459,34743,26716,0,0,0,0,0,0,0,0,0,0,0,0
C3010,09,09,0000,District - Ghaziabad  09,Total,15-19,351219,195920,155299,189102,111221,77881,165039,98301,66738,21080,10808,10272,1696,1171,525,1236,910,326,51,31,20
C3010,09,09,0000,District - Ghaziabad  09,Total,20-24,288859,158241,130618,56712,36810,19902,19930,14170,5760,34605,20999,13606,1607,1221,386,503,386,117,67,34,33
C3010,09,09,0000,District - Ghaziabad  09,Total,25-29,257933,132282,125651,5852,4240,1612,0,0,0,4542,3268,1274,920,723,197,301,206,95,89,43,46
C3010,09,09,0000,District - Ghaziabad  09,Total,30-34,234341,118681,115660,2005,1418,587,0,0,0,1564,1106,458,281,220,61,91,62,29,69,30,39
C3010,09,09,0000,District - Ghaziabad  09,Total,35-59,684855,371322,313533,3351,2502,849,0,0,0,2516,1915,601,454,349,105,201,156,45,180,82,98
C3010,09,09,0000,District - Ghaziabad  09,Total,60+,183691,96043,87648,518,382,136,0,0,0,359,282,77,67,44,23,45,32,13,47,24,23
C3010,09,09,0000,District - Ghaziabad  09,Total,Age not stated,14332,8170,6162,147,79,68,0,0,0,114,60,54,20,12,8,8,5,3,5,2,3
C3010,09,09,0000,District - Ghaziabad  09,Rural,All ages,1474171,793186,680985,374966,221495,153471,357361,209324,148037,15690,10892,4798,850,668,182,785,492,293,280,119,161
C3010,09,09,0000,District - Ghaziabad  09,Rural,0-4,184710,98483,86227,4882,2645,2237,4882,2645,2237,0,0,0,0,0,0,0,0,0,0,0,0
C3010,09,09,0000,District - Ghaziabad  09,Rural,5,45236,24961,20275,9483,5493,3990,9483,5493,3990,0,0,0,0,0,0,0,0,0,0,0,0
C3010,09,09,0000,District - Ghaziabad  09,Rural,6,48553,26039,22514,17811,9964,7847,17811,9964,7847,0,0,0,0,0,0,0,0,0,0,0,0
C3010,09,09,0000,District - Ghaziabad  09,Rural,7,35767,19212,16555,24094,13309,10785,24094,13309,10785,0,0,0,0,0,0,0,0,0,0,0,0
C3010,09,09,0000,District - Ghaziabad  09,Rural,8,56225,30726,25499,41785,23607,18178,41785,23607,18178,0,0,0,0,0,0,0,0,0,0,0,0
C3010,09,09,0000,District - Ghaziabad  09,Rural,9,31229,16726,14503,25163,13931,11232,25163,13931,11232,0,0,0,0,0,0,0,0,0,0,0,0
C3010,09,09,0000,District - Ghaziabad  09,Rural,10,58534,32091,26443,46442,26448,19994,46442,26448,19994,0,0,0,0,0,0,0,0,0,0,0,0
C3010,09,09,0000,District - Ghaziabad  09,Rural,11,26858,14552,12306,22040,12545,9495,22040,12545,9495,0,0,0,0,0,0,0,0,0,0,0,0
C3010,09,09,0000,District - Ghaziabad  09,Rural,12,52733,29160,23573,41224,24174,17050,41224,24174,17050,0,0,0,0,0,0,0,0,0,0,0,0
C3010,09,09,0000,District - Ghaziabad  09,Rural,13,30680,15992,14688,23141,13047,10094,23141,13047,10094,0,0,0,0,0,0,0,0,0,0,0,0
C3010,09,09,0000,District - Ghaziabad  09,Rural,14,39963,21211,18752,27013,15854,11159,27013,15854,11159,0,0,0,0,0,0,0,0,0,0,0,0
C3010,09,09,0000,District - Ghaziabad  09,Rural,15-19,156658,88246,68412,71993,45738,26255,65678,41904,23774,5566,3355,2211,261,196,65,473,277,196,15,6,9
C3010,09,09,0000,District - Ghaziabad  09,Rural,20-24,124038,68610,55428,16730,12247,4483,8605,6403,2202,7732,5541,2191,251,212,39,112,79,33,30,12,18
C3010,09,09,0000,District - Ghaziabad  09,Rural,25-29,108339,56536,51803,1404,1103,301,0,0,0,1148,919,229,118,102,16,90,62,28,48,20,28
C3010,09,09,0000,District - Ghaziabad  09,Rural,30-34,96387,48948,47439,572,448,124,0,0,0,448,373,75,58,45,13,26,17,9,40,13,27
C3010,09,09,0000,District - Ghaziabad  09,Rural,35-59,279888,149844,130044,1012,814,198,0,0,0,705,625,80,127,92,35,63,43,20,117,54,63
C3010,09,09,0000,District - Ghaziabad  09,Rural,60+,93580,49157,44423,152,117,35,0,0,0,77,71,6,27,18,9,20,14,6,28,14,14
C3010,09,09,0000,District - Ghaziabad  09,Rural,Age not stated,4793,2692,2101,25,11,14,0,0,0,14,8,6,8,3,5,1,0,1,2,0,2
C3010,09,09,0000,District - Ghaziabad  09,Urban,All ages,1816415,975856,840559,512857,287204,225653,457744,255194,202550,49090,27546,21544,4195,3072,1123,1600,1265,335,228,127,101
C3010,09,09,0000,District - Ghaziabad  09,Urban,0-4,190450,103160,87290,10866,6014,4852,10866,6014,4852,0,0,0,0,0,0,0,0,0,0,0,0
C3010,09,09,0000,District - Ghaziabad  09,Urban,5,48126,26317,21809,15082,8409,6673,15082,8409,6673,0,0,0,0,0,0,0,0,0,0,0,0
C3010,09,09,0000,District - Ghaziabad  09,Urban,6,49372,26554,22818,21438,11754,9684,21438,11754,9684,0,0,0,0,0,0,0,0,0,0,0,0
C3010,09,09,0000,District - Ghaziabad  09,Urban,7,40782,21698,19084,30053,16302,13751,30053,16302,13751,0,0,0,0,0,0,0,0,0,0,0,0
C3010,09,09,0000,District - Ghaziabad  09,Urban,8,59215,32285,26930,45779,25509,20270,45779,25509,20270,0,0,0,0,0,0,0,0,0,0,0,0
C3010,09,09,0000,District - Ghaziabad  09,Urban,9,36424,19487,16937,30382,16515,13867,30382,16515,13867,0,0,0,0,0,0,0,0,0,0,0,0
C3010,09,09,0000,District - Ghaziabad  09,Urban,10,64258,35507,28751,51801,29196,22605,51801,29196,22605,0,0,0,0,0,0,0,0,0,0,0,0
C3010,09,09,0000,District - Ghaziabad  09,Urban,11,34337,18510,15827,29236,16018,13218,29236,16018,13218,0,0,0,0,0,0,0,0,0,0,0,0
C3010,09,09,0000,District - Ghaziabad  09,Urban,12,58648,32114,26534,47316,26442,20874,47316,26442,20874,0,0,0,0,0,0,0,0,0,0,0,0
C3010,09,09,0000,District - Ghaziabad  09,Urban,13,37645,19283,18362,30659,15982,14677,30659,15982,14677,0,0,0,0,0,0,0,0,0,0,0,0
C3010,09,09,0000,District - Ghaziabad  09,Urban,14,45611,24315,21296,34446,18889,15557,34446,18889,15557,0,0,0,0,0,0,0,0,0,0,0,0
C3010,09,09,0000,District - Ghaziabad  09,Urban,15-19,194561,107674,86887,117109,65483,51626,99361,56397,42964,15514,7453,8061,1435,975,460,763,633,130,36,25,11
C3010,09,09,0000,District - Ghaziabad  09,Urban,20-24,164821,89631,75190,39982,24563,15419,11325,7767,3558,26873,15458,11415,1356,1009,347,391,307,84,37,22,15
C3010,09,09,0000,District - Ghaziabad  09,Urban,25-29,149594,75746,73848,4448,3137,1311,0,0,0,3394,2349,1045,802,621,181,211,144,67,41,23,18
C3010,09,09,0000,District - Ghaziabad  09,Urban,30-34,137954,69733,68221,1433,970,463,0,0,0,1116,733,383,223,175,48,65,45,20,29,17,12
C3010,09,09,0000,District - Ghaziabad  09,Urban,35-59,404967,221478,183489,2339,1688,651,0,0,0,1811,1290,521,327,257,70,138,113,25,63,28,35
C3010,09,09,0000,District - Ghaziabad  09,Urban,60+,90111,46886,43225,366,265,101,0,0,0,282,211,71,40,26,14,25,18,7,19,10,9
C3010,09,09,0000,District - Ghaziabad  09,Urban,Age not stated,9539,5478,4061,122,68,54,0,0,0,100,52,48,12,9,3,7,5,2,3,2,1
C3010,09,10,0000,District - Gautam Buddha Nagar *  10,Total,All ages,1202030,652819,549211,305519,181105,124414,284750,167549,117201,17297,10983,6314,2663,2042,621,617,419,198,192,112,80
C3010,09,10,0000,District - Gautam Buddha Nagar *  10,Total,0-4,145921,78360,67561,3996,2249,1747,3996,2249,1747,0,0,0,0,0,0,0,0,0,0,0,0
C3010,09,10,0000,District - Gautam Buddha Nagar *  10,Total,5,34964,19331,15633,6573,3748,2825,6573,3748,2825,0,0,0,0,0,0,0,0,0,0,0,0
C3010,09,10,0000,District - Gautam Buddha Nagar *  10,Total,6,37474,20092,17382,12293,6726,5567,12293,6726,5567,0,0,0,0,0,0,0,0,0,0,0,0
C3010,09,10,0000,District - Gautam Buddha Nagar *  10,Total,7,27622,14863,12759,19714,10966,8748,19714,10966,8748,0,0,0,0,0,0,0,0,0,0,0,0
C3010,09,10,0000,District - Gautam Buddha Nagar *  10,Total,8,43246,23706,19540,33168,18854,14314,33168,18854,14314,0,0,0,0,0,0,0,0,0,0,0,0
C3010,09,10,0000,District - Gautam Buddha Nagar *  10,Total,9,24238,13106,11132,20423,11366,9057,20423,11366,9057,0,0,0,0,0,0,0,0,0,0,0,0
C3010,09,10,0000,District - Gautam Buddha Nagar *  10,Total,10,45331,24972,20359,36914,21162,15752,36914,21162,15752,0,0,0,0,0,0,0,0,0,0,0,0
C3010,09,10,0000,District - Gautam Buddha Nagar *  10,Total,11,20486,11245,9241,17587,10000,7587,17587,10000,7587,0,0,0,0,0,0,0,0,0,0,0,0
C3010,09,10,0000,District - Gautam Buddha Nagar *  10,Total,12,40206,22188,18018,32634,19020,13614,32634,19020,13614,0,0,0,0,0,0,0,0,0,0,0,0
C3010,09,10,0000,District - Gautam Buddha Nagar *  10,Total,13,22261,11631,10630,17812,9962,7850,17812,9962,7850,0,0,0,0,0,0,0,0,0,0,0,0
C3010,09,10,0000,District - Gautam Buddha Nagar *  10,Total,14,30199,16227,13972,22121,13113,9008,22121,13113,9008,0,0,0,0,0,0,0,0,0,0,0,0
C3010,09,10,0000,District - Gautam Buddha Nagar *  10,Total,15-19,117507,67817,49690,60936,39046,21890,54986,35508,19478,4980,2844,2136,741,551,190,207,128,79,22,15,7
C3010,09,10,0000,District - Gautam Buddha Nagar *  10,Total,20-24,107162,60005,47157,16662,11651,5011,6529,4875,1654,9055,5931,3124,895,713,182,153,115,38,30,17,13
C3010,09,10,0000,District - Gautam Buddha Nagar *  10,Total,25-29,99735,52471,47264,2086,1496,590,0,0,0,1372,958,414,551,429,122,130,93,37,33,16,17
C3010,09,10,0000,District - Gautam Buddha Nagar *  10,Total,30-34,87736,45891,41845,775,528,247,0,0,0,541,353,188,167,131,36,41,31,10,26,13,13
C3010,09,10,0000,District - Gautam Buddha Nagar *  10,Total,35-59,236649,128253,108396,1463,969,494,0,0,0,1073,706,367,264,188,76,73,41,32,53,34,19
C3010,09,10,0000,District - Gautam Buddha Nagar *  10,Total,60+,77042,40197,36845,322,219,103,0,0,0,248,168,80,36,25,11,13,11,2,25,15,10
C3010,09,10,0000,District - Gautam Buddha Nagar *  10,Total,Age not stated,4251,2464,1787,40,30,10,0,0,0,28,23,5,9,5,4,0,0,0,3,2,1
C3010,09,10,0000,District - Gautam Buddha Nagar *  10,Rural,All ages,752615,406131,346484,195787,118552,77235,188715,113236,75479,6279,4722,1557,527,403,124,168,131,37,98,60,38
C3010,09,10,0000,District - Gautam Buddha Nagar *  10,Rural,0-4,95890,51557,44333,1850,1070,780,1850,1070,780,0,0,0,0,0,0,0,0,0,0,0,0
C3010,09,10,0000,District - Gautam Buddha Nagar *  10,Rural,5,22683,12590,10093,3653,2110,1543,3653,2110,1543,0,0,0,0,0,0,0,0,0,0,0,0
C3010,09,10,0000,District - Gautam Buddha Nagar *  10,Rural,6,25251,13530,11721,7848,4305,3543,7848,4305,3543,0,0,0,0,0,0,0,0,0,0,0,0
C3010,09,10,0000,District - Gautam Buddha Nagar *  10,Rural,7,17728,9616,8112,12699,7152,5547,12699,7152,5547,0,0,0,0,0,0,0,0,0,0,0,0
C3010,09,10,0000,District - Gautam Buddha Nagar *  10,Rural,8,29133,16041,13092,22885,13137,9748,22885,13137,9748,0,0,0,0,0,0,0,0,0,0,0,0
C3010,09,10,0000,District - Gautam Buddha Nagar *  10,Rural,9,16064,8752,7312,13729,7724,6005,13729,7724,6005,0,0,0,0,0,0,0,0,0,0,0,0
C3010,09,10,0000,District - Gautam Buddha Nagar *  10,Rural,10,30506,16637,13869,25460,14521,10939,25460,14521,10939,0,0,0,0,0,0,0,0,0,0,0,0
C3010,09,10,0000,District - Gautam Buddha Nagar *  10,Rural,11,13267,7259,6008,11490,6571,4919,11490,6571,4919,0,0,0,0,0,0,0,0,0,0,0,0
C3010,09,10,0000,District - Gautam Buddha Nagar *  10,Rural,12,27309,15030,12279,22687,13363,9324,22687,13363,9324,0,0,0,0,0,0,0,0,0,0,0,0
C3010,09,10,0000,District - Gautam Buddha Nagar *  10,Rural,13,14603,7626,6977,11729,6682,5047,11729,6682,5047,0,0,0,0,0,0,0,0,0,0,0,0
C3010,09,10,0000,District - Gautam Buddha Nagar *  10,Rural,14,20598,10991,9607,15135,9151,5984,15135,9151,5984,0,0,0,0,0,0,0,0,0,0,0,0
C3010,09,10,0000,District - Gautam Buddha Nagar *  10,Rural,15-19,76723,44166,32557,37863,25841,12022,35338,24128,11210,2276,1531,745,169,128,41,71,49,22,9,5,4
C3010,09,10,0000,District - Gautam Buddha Nagar *  10,Rural,20-24,64174,35824,28350,7614,5986,1628,4212,3322,890,3175,2471,704,170,145,25,38,35,3,19,13,6
C3010,09,10,0000,District - Gautam Buddha Nagar *  10,Rural,25-29,54814,28616,26198,601,509,92,0,0,0,466,406,60,96,76,20,24,20,4,15,7,8
C3010,09,10,0000,District - Gautam Buddha Nagar *  10,Rural,30-34,48793,24951,23842,164,139,25,0,0,0,124,107,17,15,12,3,15,14,1,10,6,4
C3010,09,10,0000,District - Gautam Buddha Nagar *  10,Rural,35-59,139722,74176,65546,298,237,61,0,0,0,197,178,19,61,34,27,13,7,6,27,18,9
C3010,09,10,0000,District - Gautam Buddha Nagar *  10,Rural,60+,52560,27165,25395,70,46,24,0,0,0,33,23,10,15,8,7,7,6,1,15,9,6
C3010,09,10,0000,District - Gautam Buddha Nagar *  10,Rural,Age not stated,2797,1604,1193,12,8,4,0,0,0,8,6,2,1,0,1,0,0,0,3,2,1
C3010,09,10,0000,District - Gautam Buddha Nagar *  10,Urban,All ages,449415,246688,202727,109732,62553,47179,96035,54313,41722,11018,6261,4757,2136,1639,497,449,288,161,94,52,42
C3010,09,10,0000,District - Gautam Buddha Nagar *  10,Urban,0-4,50031,26803,23228,2146,1179,967,2146,1179,967,0,0,0,0,0,0,0,0,0,0,0,0
C3010,09,10,0000,District - Gautam Buddha Nagar *  10,Urban,5,12281,6741,5540,2920,1638,1282,2920,1638,1282,0,0,0,0,0,0,0,0,0,0,0,0
C3010,09,10,0000,District - Gautam Buddha Nagar *  10,Urban,6,12223,6562,5661,4445,2421,2024,4445,2421,2024,0,0,0,0,0,0,0,0,0,0,0,0
C3010,09,10,0000,District - Gautam Buddha Nagar *  10,Urban,7,9894,5247,4647,7015,3814,3201,7015,3814,3201,0,0,0,0,0,0,0,0,0,0,0,0
C3010,09,10,0000,District - Gautam Buddha Nagar *  10,Urban,8,14113,7665,6448,10283,5717,4566,10283,5717,4566,0,0,0,0,0,0,0,0,0,0,0,0
C3010,09,10,0000,District - Gautam Buddha Nagar *  10,Urban,9,8174,4354,3820,6694,3642,3052,6694,3642,3052,0,0,0,0,0,0,0,0,0,0,0,0
C3010,09,10,0000,District - Gautam Buddha Nagar *  10,Urban,10,14825,8335,6490,11454,6641,4813,11454,6641,4813,0,0,0,0,0,0,0,0,0,0,0,0
C3010,09,10,0000,District - Gautam Buddha Nagar *  10,Urban,11,7219,3986,3233,6097,3429,2668,6097,3429,2668,0,0,0,0,0,0,0,0,0,0,0,0
C3010,09,10,0000,District - Gautam Buddha Nagar *  10,Urban,12,12897,7158,5739,9947,5657,4290,9947,5657,4290,0,0,0,0,0,0,0,0,0,0,0,0
C3010,09,10,0000,District - Gautam Buddha Nagar *  10,Urban,13,7658,4005,3653,6083,3280,2803,6083,3280,2803,0,0,0,0,0,0,0,0,0,0,0,0
C3010,09,10,0000,District - Gautam Buddha Nagar *  10,Urban,14,9601,5236,4365,6986,3962,3024,6986,3962,3024,0,0,0,0,0,0,0,0,0,0,0,0
C3010,09,10,0000,District - Gautam Buddha Nagar *  10,Urban,15-19,40784,23651,17133,23073,13205,9868,19648,11380,8268,2704,1313,1391,572,423,149,136,79,57,13,10,3
C3010,09,10,0000,District - Gautam Buddha Nagar *  10,Urban,20-24,42988,24181,18807,9048,5665,3383,2317,1553,764,5880,3460,2420,725,568,157,115,80,35,11,4,7
C3010,09,10,0000,District - Gautam Buddha Nagar *  10,Urban,25-29,44921,23855,21066,1485,987,498,0,0,0,906,552,354,455,353,102,106,73,33,18,9,9
C3010,09,10,0000,District - Gautam Buddha Nagar *  10,Urban,30-34,38943,20940,18003,611,389,222,0,0,0,417,246,171,152,119,33,26,17,9,16,7,9
C3010,09,10,0000,District - Gautam Buddha Nagar *  10,Urban,35-59,96927,54077,42850,1165,732,433,0,0,0,876,528,348,203,154,49,60,34,26,26,16,10
C3010,09,10,0000,District - Gautam Buddha Nagar *  10,Urban,60+,24482,13032,11450,252,173,79,0,0,0,215,145,70,21,17,4,6,5,1,10,6,4
C3010,09,10,0000,District - Gautam Buddha Nagar *  10,Urban,Age not stated,1454,860,594,28,22,6,0,0,0,20,17,3,8,5,3,0,0,0,0,0,0
C3010,09,11,0000,District - Bulandshahr  11,Total,All ages,2913122,1550326,1362796,670262,407677,262585,636764,384699,252065,29961,20385,9576,2168,1667,501,958,706,252,411,220,191
C3010,09,11,0000,District - Bulandshahr  11,Total,0-4,362750,193434,169316,7931,4431,3500,7931,4431,3500,0,0,0,0,0,0,0,0,0,0,0,0
C3010,09,11,0000,District - Bulandshahr  11,Total,5,85710,46821,38889,14355,8265,6090,14355,8265,6090,0,0,0,0,0,0,0,0,0,0,0,0
C3010,09,11,0000,District - Bulandshahr  11,Total,6,93869,50200,43669,29589,16859,12730,29589,16859,12730,0,0,0,0,0,0,0,0,0,0,0,0
C3010,09,11,0000,District - Bulandshahr  11,Total,7,65992,35413,30579,42067,23893,18174,42067,23893,18174,0,0,0,0,0,0,0,0,0,0,0,0
C3010,09,11,0000,District - Bulandshahr  11,Total,8,107348,58190,49158,74544,43027,31517,74544,43027,31517,0,0,0,0,0,0,0,0,0,0,0,0
C3010,09,11,0000,District - Bulandshahr  11,Total,9,59762,32093,27669,45728,26001,19727,45728,26001,19727,0,0,0,0,0,0,0,0,0,0,0,0
C3010,09,11,0000,District - Bulandshahr  11,Total,10,117468,64419,53049,85596,50594,35002,85596,50594,35002,0,0,0,0,0,0,0,0,0,0,0,0
C3010,09,11,0000,District - Bulandshahr  11,Total,11,52715,28515,24200,39995,23248,16747,39995,23248,16747,0,0,0,0,0,0,0,0,0,0,0,0
C3010,09,11,0000,District - Bulandshahr  11,Total,12,104377,57033,47344,75135,45120,30015,75135,45120,30015,0,0,0,0,0,0,0,0,0,0,0,0
C3010,09,11,0000,District - Bulandshahr  11,Total,13,57836,29986,27850,39852,23227,16625,39852,23227,16625,0,0,0,0,0,0,0,0,0,0,0,0
C3010,09,11,0000,District - Bulandshahr  11,Total,14,80426,42434,37992,49290,30094,19196,49290,30094,19196,0,0,0,0,0,0,0,0,0,0,0,0
C3010,09,11,0000,District - Bulandshahr  11,Total,15-19,307793,174650,133143,128878,85200,43678,118015,78564,39451,9794,5833,3961,615,485,130,427,303,124,27,15,12
C3010,09,11,0000,District - Bulandshahr  11,Total,20-24,242959,134644,108315,31588,23284,8304,14667,11376,3291,16084,11232,4852,622,518,104,170,133,37,45,25,20
C3010,09,11,0000,District - Bulandshahr  11,Total,25-29,197448,103247,94201,2651,2173,478,0,0,0,2105,1751,354,381,315,66,98,77,21,67,30,37
C3010,09,11,0000,District - Bulandshahr  11,Total,30-34,175935,87779,88156,754,561,193,0,0,0,559,428,131,117,84,33,32,23,9,46,26,20
C3010,09,11,0000,District - Bulandshahr  11,Total,35-59,568183,293372,274811,1524,1155,369,0,0,0,1031,867,164,271,171,100,61,28,33,161,89,72
C3010,09,11,0000,District - Bulandshahr  11,Total,60+,208597,104886,103711,421,296,125,0,0,0,204,175,29,122,72,50,40,21,19,55,28,27
C3010,09,11,0000,District - Bulandshahr  11,Total,Age not stated,23954,13210,10744,364,249,115,0,0,0,184,99,85,40,22,18,130,121,9,10,7,3
C3010,09,11,0000,District - Bulandshahr  11,Rural,All ages,2238664,1192952,1045712,511166,317678,193488,491770,302854,188916,17208,13214,3994,1315,1021,294,591,444,147,282,145,137
C3010,09,11,0000,District - Bulandshahr  11,Rural,0-4,283850,151071,132779,4934,2777,2157,4934,2777,2157,0,0,0,0,0,0,0,0,0,0,0,0
C3010,09,11,0000,District - Bulandshahr  11,Rural,5,68151,37282,30869,10220,5919,4301,10220,5919,4301,0,0,0,0,0,0,0,0,0,0,0,0
C3010,09,11,0000,District - Bulandshahr  11,Rural,6,74338,39789,34549,22835,13119,9716,22835,13119,9716,0,0,0,0,0,0,0,0,0,0,0,0
C3010,09,11,0000,District - Bulandshahr  11,Rural,7,51664,27702,23962,33183,18928,14255,33183,18928,14255,0,0,0,0,0,0,0,0,0,0,0,0
C3010,09,11,0000,District - Bulandshahr  11,Rural,8,84676,45948,38728,59802,34664,25138,59802,34664,25138,0,0,0,0,0,0,0,0,0,0,0,0
C3010,09,11,0000,District - Bulandshahr  11,Rural,9,47025,25284,21741,36611,20951,15660,36611,20951,15660,0,0,0,0,0,0,0,0,0,0,0,0
C3010,09,11,0000,District - Bulandshahr  11,Rural,10,90584,49837,40747,67720,40384,27336,67720,40384,27336,0,0,0,0,0,0,0,0,0,0,0,0
C3010,09,11,0000,District - Bulandshahr  11,Rural,11,39664,21512,18152,30750,18082,12668,30750,18082,12668,0,0,0,0,0,0,0,0,0,0,0,0
C3010,09,11,0000,District - Bulandshahr  11,Rural,12,80733,44232,36501,59230,36131,23099,59230,36131,23099,0,0,0,0,0,0,0,0,0,0,0,0
C3010,09,11,0000,District - Bulandshahr  11,Rural,13,44044,22922,21122,30567,18228,12339,30567,18228,12339,0,0,0,0,0,0,0,0,0,0,0,0
C3010,09,11,0000,District - Bulandshahr  11,Rural,14,61446,32584,28862,37897,23839,14058,37897,23839,14058,0,0,0,0,0,0,0,0,0,0,0,0
C3010,09,11,0000,District - Bulandshahr  11,Rural,15-19,232595,133787,98808,93977,65748,28229,87536,61303,26233,5822,3985,1837,367,296,71,232,152,80,20,12,8
C3010,09,11,0000,District - Bulandshahr  11,Rural,20-24,181256,101018,80238,20101,16157,3944,10485,8529,1956,9109,7210,1899,376,319,57,104,85,19,27,14,13
C3010,09,11,0000,District - Bulandshahr  11,Rural,25-29,151192,79171,72021,1593,1389,204,0,0,0,1266,1133,133,220,182,38,59,52,7,48,22,26
C3010,09,11,0000,District - Bulandshahr  11,Rural,30-34,134060,66996,67064,443,354,89,0,0,0,316,267,49,76,54,22,22,16,6,29,17,12
C3010,09,11,0000,District - Bulandshahr  11,Rural,35-59,432700,222034,210666,870,670,200,0,0,0,538,483,55,183,112,71,36,17,19,113,58,55
C3010,09,11,0000,District - Bulandshahr  11,Rural,60+,169152,85246,83906,251,179,72,0,0,0,106,98,8,84,52,32,19,9,10,42,20,22
C3010,09,11,0000,District - Bulandshahr  11,Rural,Age not stated,11534,6537,4997,182,159,23,0,0,0,51,38,13,9,6,3,119,113,6,3,2,1
C3010,09,11,0000,District - Bulandshahr  11,Urban,All ages,674458,357374,317084,159096,89999,69097,144994,81845,63149,12753,7171,5582,853,646,207,367,262,105,129,75,54
C3010,09,11,0000,District - Bulandshahr  11,Urban,0-4,78900,42363,36537,2997,1654,1343,2997,1654,1343,0,0,0,0,0,0,0,0,0,0,0,0
C3010,09,11,0000,District - Bulandshahr  11,Urban,5,17559,9539,8020,4135,2346,1789,4135,2346,1789,0,0,0,0,0,0,0,0,0,0,0,0
C3010,09,11,0000,District - Bulandshahr  11,Urban,6,19531,10411,9120,6754,3740,3014,6754,3740,3014,0,0,0,0,0,0,0,0,0,0,0,0
C3010,09,11,0000,District - Bulandshahr  11,Urban,7,14328,7711,6617,8884,4965,3919,8884,4965,3919,0,0,0,0,0,0,0,0,0,0,0,0
C3010,09,11,0000,District - Bulandshahr  11,Urban,8,22672,12242,10430,14742,8363,6379,14742,8363,6379,0,0,0,0,0,0,0,0,0,0,0,0
C3010,09,11,0000,District - Bulandshahr  11,Urban,9,12737,6809,5928,9117,5050,4067,9117,5050,4067,0,0,0,0,0,0,0,0,0,0,0,0
C3010,09,11,0000,District - Bulandshahr  11,Urban,10,26884,14582,12302,17876,10210,7666,17876,10210,7666,0,0,0,0,0,0,0,0,0,0,0,0
C3010,09,11,0000,District - Bulandshahr  11,Urban,11,13051,7003,6048,9245,5166,4079,9245,5166,4079,0,0,0,0,0,0,0,0,0,0,0,0
C3010,09,11,0000,District - Bulandshahr  11,Urban,12,23644,12801,10843,15905,8989,6916,15905,8989,6916,0,0,0,0,0,0,0,0,0,0,0,0
C3010,09,11,0000,District - Bulandshahr  11,Urban,13,13792,7064,6728,9285,4999,4286,9285,4999,4286,0,0,0,0,0,0,0,0,0,0,0,0
C3010,09,11,0000,District - Bulandshahr  11,Urban,14,18980,9850,9130,11393,6255,5138,11393,6255,5138,0,0,0,0,0,0,0,0,0,0,0,0
C3010,09,11,0000,District - Bulandshahr  11,Urban,15-19,75198,40863,34335,34901,19452,15449,30479,17261,13218,3972,1848,2124,248,189,59,195,151,44,7,3,4
C3010,09,11,0000,District - Bulandshahr  11,Urban,20-24,61703,33626,28077,11487,7127,4360,4182,2847,1335,6975,4022,2953,246,199,47,66,48,18,18,11,7
C3010,09,11,0000,District - Bulandshahr  11,Urban,25-29,46256,24076,22180,1058,784,274,0,0,0,839,618,221,161,133,28,39,25,14,19,8,11
C3010,09,11,0000,District - Bulandshahr  11,Urban,30-34,41875,20783,21092,311,207,104,0,0,0,243,161,82,41,30,11,10,7,3,17,9,8
C3010,09,11,0000,District - Bulandshahr  11,Urban,35-59,135483,71338,64145,654,485,169,0,0,0,493,384,109,88,59,29,25,11,14,48,31,17
C3010,09,11,0000,District - Bulandshahr  11,Urban,60+,39445,19640,19805,170,117,53,0,0,0,98,77,21,38,20,18,21,12,9,13,8,5
C3010,09,11,0000,District - Bulandshahr  11,Urban,Age not stated,12420,6673,5747,182,90,92,0,0,0,133,61,72,31,16,15,11,8,3,7,5,2
C3010,09,12,0000,District - Aligarh  12,Total,All ages,2992286,1607402,1384884,693088,422410,270678,641673,386857,254816,45678,31432,14246,4064,3178,886,977,573,404,696,370,326
C3010,09,12,0000,District - Aligarh  12,Total,0-4,370294,195320,174974,8242,4495,3747,8242,4495,3747,0,0,0,0,0,0,0,0,0,0,0,0
C3010,09,12,0000,District - Aligarh  12,Total,5,91996,50013,41983,13978,8074,5904,13978,8074,5904,0,0,0,0,0,0,0,0,0,0,0,0
C3010,09,12,0000,District - Aligarh  12,Total,6,100656,53246,47410,29195,16471,12724,29195,16471,12724,0,0,0,0,0,0,0,0,0,0,0,0
C3010,09,12,0000,District - Aligarh  12,Total,7,68752,36503,32249,41098,23120,17978,41098,23120,17978,0,0,0,0,0,0,0,0,0,0,0,0
C3010,09,12,0000,District - Aligarh  12,Total,8,120459,64942,55517,78098,44647,33451,78098,44647,33451,0,0,0,0,0,0,0,0,0,0,0,0
C3010,09,12,0000,District - Aligarh  12,Total,9,58588,31257,27331,42709,24129,18580,42709,24129,18580,0,0,0,0,0,0,0,0,0,0,0,0
C3010,09,12,0000,District - Aligarh  12,Total,10,128786,70882,57904,90201,53043,37158,90201,53043,37158,0,0,0,0,0,0,0,0,0,0,0,0
C3010,09,12,0000,District - Aligarh  12,Total,11,47673,25828,21845,35570,20607,14963,35570,20607,14963,0,0,0,0,0,0,0,0,0,0,0,0
C3010,09,12,0000,District - Aligarh  12,Total,12,114885,63546,51339,80215,48387,31828,80215,48387,31828,0,0,0,0,0,0,0,0,0,0,0,0
C3010,09,12,0000,District - Aligarh  12,Total,13,51471,26769,24702,34771,19990,14781,34771,19990,14781,0,0,0,0,0,0,0,0,0,0,0,0
C3010,09,12,0000,District - Aligarh  12,Total,14,81374,43702,37672,50803,30984,19819,50803,30984,19819,0,0,0,0,0,0,0,0,0,0,0,0
C3010,09,12,0000,District - Aligarh  12,Total,15-19,306465,178361,128104,135839,90138,45701,120479,80463,40016,13693,8479,5214,1242,987,255,370,180,190,55,29,26
C3010,09,12,0000,District - Aligarh  12,Total,20-24,246994,138665,108329,41491,30170,11321,16314,12447,3867,23661,16564,7097,1207,970,237,210,139,71,99,50,49
C3010,09,12,0000,District - Aligarh  12,Total,25-29,212238,111948,100290,5534,4294,1240,0,0,0,4429,3464,965,833,663,170,162,111,51,110,56,54
C3010,09,12,0000,District - Aligarh  12,Total,30-34,187820,95249,92571,1645,1184,461,0,0,0,1229,918,311,250,173,77,56,36,20,110,57,53
C3010,09,12,0000,District - Aligarh  12,Total,35-59,588360,309699,278661,2946,2126,820,0,0,0,2169,1614,555,412,306,106,129,80,49,236,126,110
C3010,09,12,0000,District - Aligarh  12,Total,60+,206753,106378,100375,635,466,169,0,0,0,398,320,78,111,73,38,47,25,22,79,48,31
C3010,09,12,0000,District - Aligarh  12,Total,Age not stated,8722,5094,3628,118,85,33,0,0,0,99,73,26,9,6,3,3,2,1,7,4,3
C3010,09,12,0000,District - Aligarh  12,Rural,All ages,2127592,1146456,981136,483210,303380,179830,463437,287704,175733,17400,13963,3437,1369,1117,252,514,335,179,490,261,229
C3010,09,12,0000,District - Aligarh  12,Rural,0-4,274827,144872,129955,4694,2616,2078,4694,2616,2078,0,0,0,0,0,0,0,0,0,0,0,0
C3010,09,12,0000,District - Aligarh  12,Rural,5,68357,37264,31093,9048,5333,3715,9048,5333,3715,0,0,0,0,0,0,0,0,0,0,0,0
C3010,09,12,0000,District - Aligarh  12,Rural,6,74985,39607,35378,21603,12293,9310,21603,12293,9310,0,0,0,0,0,0,0,0,0,0,0,0
C3010,09,12,0000,District - Aligarh  12,Rural,7,50173,26761,23412,30772,17466,13306,30772,17466,13306,0,0,0,0,0,0,0,0,0,0,0,0
C3010,09,12,0000,District - Aligarh  12,Rural,8,89789,48566,41223,60214,34790,25424,60214,34790,25424,0,0,0,0,0,0,0,0,0,0,0,0
C3010,09,12,0000,District - Aligarh  12,Rural,9,42550,22901,19649,32102,18434,13668,32102,18434,13668,0,0,0,0,0,0,0,0,0,0,0,0
C3010,09,12,0000,District - Aligarh  12,Rural,10,94856,52357,42499,68961,41174,27787,68961,41174,27787,0,0,0,0,0,0,0,0,0,0,0,0
C3010,09,12,0000,District - Aligarh  12,Rural,11,32823,17912,14911,25335,15038,10297,25335,15038,10297,0,0,0,0,0,0,0,0,0,0,0,0
C3010,09,12,0000,District - Aligarh  12,Rural,12,83599,46439,37160,60247,37167,23080,60247,37167,23080,0,0,0,0,0,0,0,0,0,0,0,0
C3010,09,12,0000,District - Aligarh  12,Rural,13,34885,18287,16598,23927,14344,9583,23927,14344,9583,0,0,0,0,0,0,0,0,0,0,0,0
C3010,09,12,0000,District - Aligarh  12,Rural,14,57469,31230,26239,36393,23292,13101,36393,23292,13101,0,0,0,0,0,0,0,0,0,0,0,0
C3010,09,12,0000,District - Aligarh  12,Rural,15-19,206887,122848,84039,86082,61975,24107,79687,57268,22419,5779,4265,1514,384,317,67,192,102,90,40,23,17
C3010,09,12,0000,District - Aligarh  12,Rural,20-24,164670,92471,72199,19451,15838,3613,10454,8489,1965,8443,6911,1532,387,331,56,100,75,25,67,32,35
C3010,09,12,0000,District - Aligarh  12,Rural,25-29,148574,78471,70103,2058,1759,299,0,0,0,1636,1422,214,258,230,28,87,68,19,77,39,38
C3010,09,12,0000,District - Aligarh  12,Rural,30-34,132232,67233,64999,713,574,139,0,0,0,504,434,70,98,75,23,35,23,12,76,42,34
C3010,09,12,0000,District - Aligarh  12,Rural,35-59,407415,214458,192957,1307,1069,238,0,0,0,879,796,83,179,126,53,76,55,21,173,92,81
C3010,09,12,0000,District - Aligarh  12,Rural,60+,157535,81288,76247,264,187,77,0,0,0,128,110,18,61,36,25,23,11,12,52,30,22
C3010,09,12,0000,District - Aligarh  12,Rural,Age not stated,5966,3491,2475,39,31,8,0,0,0,31,25,6,2,2,0,1,1,0,5,3,2
C3010,09,12,0000,District - Aligarh  12,Urban,All ages,864694,460946,403748,209878,119030,90848,178236,99153,79083,28278,17469,10809,2695,2061,634,463,238,225,206,109,97
C3010,09,12,0000,District - Aligarh  12,Urban,0-4,95467,50448,45019,3548,1879,1669,3548,1879,1669,0,0,0,0,0,0,0,0,0,0,0,0
C3010,09,12,0000,District - Aligarh  12,Urban,5,23639,12749,10890,4930,2741,2189,4930,2741,2189,0,0,0,0,0,0,0,0,0,0,0,0
C3010,09,12,0000,District - Aligarh  12,Urban,6,25671,13639,12032,7592,4178,3414,7592,4178,3414,0,0,0,0,0,0,0,0,0,0,0,0
C3010,09,12,0000,District - Aligarh  12,Urban,7,18579,9742,8837,10326,5654,4672,10326,5654,4672,0,0,0,0,0,0,0,0,0,0,0,0
C3010,09,12,0000,District - Aligarh  12,Urban,8,30670,16376,14294,17884,9857,8027,17884,9857,8027,0,0,0,0,0,0,0,0,0,0,0,0
C3010,09,12,0000,District - Aligarh  12,Urban,9,16038,8356,7682,10607,5695,4912,10607,5695,4912,0,0,0,0,0,0,0,0,0,0,0,0
C3010,09,12,0000,District - Aligarh  12,Urban,10,33930,18525,15405,21240,11869,9371,21240,11869,9371,0,0,0,0,0,0,0,0,0,0,0,0
C3010,09,12,0000,District - Aligarh  12,Urban,11,14850,7916,6934,10235,5569,4666,10235,5569,4666,0,0,0,0,0,0,0,0,0,0,0,0
C3010,09,12,0000,District - Aligarh  12,Urban,12,31286,17107,14179,19968,11220,8748,19968,11220,8748,0,0,0,0,0,0,0,0,0,0,0,0
C3010,09,12,0000,District - Aligarh  12,Urban,13,16586,8482,8104,10844,5646,5198,10844,5646,5198,0,0,0,0,0,0,0,0,0,0,0,0
C3010,09,12,0000,District - Aligarh  12,Urban,14,23905,12472,11433,14410,7692,6718,14410,7692,6718,0,0,0,0,0,0,0,0,0,0,0,0
C3010,09,12,0000,District - Aligarh  12,Urban,15-19,99578,55513,44065,49757,28163,21594,40792,23195,17597,7914,4214,3700,858,670,188,178,78,100,15,6,9
C3010,09,12,0000,District - Aligarh  12,Urban,20-24,82324,46194,36130,22040,14332,7708,5860,3958,1902,15218,9653,5565,820,639,181,110,64,46,32,18,14
C3010,09,12,0000,District - Aligarh  12,Urban,25-29,63664,33477,30187,3476,2535,941,0,0,0,2793,2042,751,575,433,142,75,43,32,33,17,16
C3010,09,12,0000,District - Aligarh  12,Urban,30-34,55588,28016,27572,932,610,322,0,0,0,725,484,241,152,98,54,21,13,8,34,15,19
C3010,09,12,0000,District - Aligarh  12,Urban,35-59,180945,95241,85704,1639,1057,582,0,0,0,1290,818,472,233,180,53,53,25,28,63,34,29
C3010,09,12,0000,District - Aligarh  12,Urban,60+,49218,25090,24128,371,279,92,0,0,0,270,210,60,50,37,13,24,14,10,27,18,9
C3010,09,12,0000,District - Aligarh  12,Urban,Age not stated,2756,1603,1153,79,54,25,0,0,0,68,48,20,7,4,3,2,1,1,2,1,1
C3010,09,13,0000,District - Hathras *  13,Total,All ages,1336031,718930,617101,331503,198924,132579,311529,184591,126938,17756,12793,4963,1322,1051,271,444,299,145,452,190,262
C3010,09,13,0000,District - Hathras *  13,Total,0-4,168230,88698,79532,4368,2382,1986,4368,2382,1986,0,0,0,0,0,0,0,0,0,0,0,0
C3010,09,13,0000,District - Hathras *  13,Total,5,42099,22799,19300,7793,4444,3349,7793,4444,3349,0,0,0,0,0,0,0,0,0,0,0,0
C3010,09,13,0000,District - Hathras *  13,Total,6,44726,23768,20958,16781,9360,7421,16781,9360,7421,0,0,0,0,0,0,0,0,0,0,0,0
C3010,09,13,0000,District - Hathras *  13,Total,7,31078,16506,14572,21788,12073,9715,21788,12073,9715,0,0,0,0,0,0,0,0,0,0,0,0
C3010,09,13,0000,District - Hathras *  13,Total,8,54940,29481,25459,40897,23009,17888,40897,23009,17888,0,0,0,0,0,0,0,0,0,0,0,0
C3010,09,13,0000,District - Hathras *  13,Total,9,26013,13653,12360,21023,11493,9530,21023,11493,9530,0,0,0,0,0,0,0,0,0,0,0,0
C3010,09,13,0000,District - Hathras *  13,Total,10,57678,31508,26170,45081,25922,19159,45081,25922,19159,0,0,0,0,0,0,0,0,0,0,0,0
C3010,09,13,0000,District - Hathras *  13,Total,11,20434,10846,9588,16678,9319,7359,16678,9319,7359,0,0,0,0,0,0,0,0,0,0,0,0
C3010,09,13,0000,District - Hathras *  13,Total,12,52275,28803,23472,40042,23856,16186,40042,23856,16186,0,0,0,0,0,0,0,0,0,0,0,0
C3010,09,13,0000,District - Hathras *  13,Total,13,19766,10221,9545,14761,8438,6323,14761,8438,6323,0,0,0,0,0,0,0,0,0,0,0,0
C3010,09,13,0000,District - Hathras *  13,Total,14,36089,19240,16849,24050,14709,9341,24050,14709,9341,0,0,0,0,0,0,0,0,0,0,0,0
C3010,09,13,0000,District - Hathras *  13,Total,15-19,130514,77092,53422,59410,39925,19485,52001,34969,17032,6765,4478,2287,422,337,85,189,125,64,33,16,17
C3010,09,13,0000,District - Hathras *  13,Total,20-24,107320,60237,47083,15074,11136,3938,6266,4617,1649,8245,6097,2148,377,318,59,98,66,32,88,38,50
C3010,09,13,0000,District - Hathras *  13,Total,25-29,95587,50885,44702,1651,1317,334,0,0,0,1275,1037,238,233,195,38,73,60,13,70,25,45
C3010,09,13,0000,District - Hathras *  13,Total,30-34,85238,43501,41737,647,460,187,0,0,0,451,359,92,82,54,28,26,14,12,88,33,55
C3010,09,13,0000,District - Hathras *  13,Total,35-59,263388,139877,123511,1181,882,299,0,0,0,835,677,158,166,119,47,43,27,16,137,59,78
C3010,09,13,0000,District - Hathras *  13,Total,60+,96674,49625,47049,230,164,66,0,0,0,144,115,29,37,23,14,14,7,7,35,19,16
C3010,09,13,0000,District - Hathras *  13,Total,Age not stated,3982,2190,1792,48,35,13,0,0,0,41,30,11,5,5,0,1,0,1,1,0,1
C3010,09,13,0000,District - Hathras *  13,Rural,All ages,1071551,578159,493392,266255,162338,103917,252972,151930,101042,11773,9359,2414,816,677,139,301,216,85,393,156,237
C3010,09,13,0000,District - Hathras *  13,Rural,0-4,138862,73206,65656,3051,1649,1402,3051,1649,1402,0,0,0,0,0,0,0,0,0,0,0,0
C3010,09,13,0000,District - Hathras *  13,Rural,5,34528,18740,15788,5836,3342,2494,5836,3342,2494,0,0,0,0,0,0,0,0,0,0,0,0
C3010,09,13,0000,District - Hathras *  13,Rural,6,37057,19655,17402,13958,7770,6188,13958,7770,6188,0,0,0,0,0,0,0,0,0,0,0,0
C3010,09,13,0000,District - Hathras *  13,Rural,7,25341,13467,11874,18062,10046,8016,18062,10046,8016,0,0,0,0,0,0,0,0,0,0,0,0
C3010,09,13,0000,District - Hathras *  13,Rural,8,45229,24325,20904,34449,19434,15015,34449,19434,15015,0,0,0,0,0,0,0,0,0,0,0,0
C3010,09,13,0000,District - Hathras *  13,Rural,9,21268,11177,10091,17578,9663,7915,17578,9663,7915,0,0,0,0,0,0,0,0,0,0,0,0
C3010,09,13,0000,District - Hathras *  13,Rural,10,47059,25637,21422,37705,21683,16022,37705,21683,16022,0,0,0,0,0,0,0,0,0,0,0,0
C3010,09,13,0000,District - Hathras *  13,Rural,11,16282,8657,7625,13482,7595,5887,13482,7595,5887,0,0,0,0,0,0,0,0,0,0,0,0
C3010,09,13,0000,District - Hathras *  13,Rural,12,42343,23408,18935,33127,19989,13138,33127,19989,13138,0,0,0,0,0,0,0,0,0,0,0,0
C3010,09,13,0000,District - Hathras *  13,Rural,13,15292,7906,7386,11539,6732,4807,11539,6732,4807,0,0,0,0,0,0,0,0,0,0,0,0
C3010,09,13,0000,District - Hathras *  13,Rural,14,28712,15340,13372,19293,12098,7195,19293,12098,7195,0,0,0,0,0,0,0,0,0,0,0,0
C3010,09,13,0000,District - Hathras *  13,Rural,15-19,101355,60804,40551,44894,31870,13024,39973,28227,11746,4528,3343,1185,241,200,41,126,88,38,26,12,14
C3010,09,13,0000,District - Hathras *  13,Rural,20-24,83816,47197,36619,10537,8313,2224,4919,3702,1217,5224,4304,920,256,231,25,61,47,14,77,29,48
C3010,09,13,0000,District - Hathras *  13,Rural,25-29,76469,40761,35708,1182,974,208,0,0,0,930,784,146,142,125,17,52,46,6,58,19,39
C3010,09,13,0000,District - Hathras *  13,Rural,30-34,68234,34954,33280,501,362,139,0,0,0,350,293,57,50,31,19,21,11,10,80,27,53
C3010,09,13,0000,District - Hathras *  13,Rural,35-59,206712,109849,96863,866,673,193,0,0,0,614,529,85,102,73,29,30,19,11,120,52,68
C3010,09,13,0000,District - Hathras *  13,Rural,60+,79848,41335,38513,162,121,41,0,0,0,97,83,14,24,16,8,10,5,5,31,17,14
C3010,09,13,0000,District - Hathras *  13,Rural,Age not stated,3144,1741,1403,33,24,9,0,0,0,30,23,7,1,1,0,1,0,1,1,0,1
C3010,09,13,0000,District - Hathras *  13,Urban,All ages,264480,140771,123709,65248,36586,28662,58557,32661,25896,5983,3434,2549,506,374,132,143,83,60,59,34,25
C3010,09,13,0000,District - Hathras *  13,Urban,0-4,29368,15492,13876,1317,733,584,1317,733,584,0,0,0,0,0,0,0,0,0,0,0,0
C3010,09,13,0000,District - Hathras *  13,Urban,5,7571,4059,3512,1957,1102,855,1957,1102,855,0,0,0,0,0,0,0,0,0,0,0,0
C3010,09,13,0000,District - Hathras *  13,Urban,6,7669,4113,3556,2823,1590,1233,2823,1590,1233,0,0,0,0,0,0,0,0,0,0,0,0
C3010,09,13,0000,District - Hathras *  13,Urban,7,5737,3039,2698,3726,2027,1699,3726,2027,1699,0,0,0,0,0,0,0,0,0,0,0,0
C3010,09,13,0000,District - Hathras *  13,Urban,8,9711,5156,4555,6448,3575,2873,6448,3575,2873,0,0,0,0,0,0,0,0,0,0,0,0
C3010,09,13,0000,District - Hathras *  13,Urban,9,4745,2476,2269,3445,1830,1615,3445,1830,1615,0,0,0,0,0,0,0,0,0,0,0,0
C3010,09,13,0000,District - Hathras *  13,Urban,10,10619,5871,4748,7376,4239,3137,7376,4239,3137,0,0,0,0,0,0,0,0,0,0,0,0
C3010,09,13,0000,District - Hathras *  13,Urban,11,4152,2189,1963,3196,1724,1472,3196,1724,1472,0,0,0,0,0,0,0,0,0,0,0,0
C3010,09,13,0000,District - Hathras *  13,Urban,12,9932,5395,4537,6915,3867,3048,6915,3867,3048,0,0,0,0,0,0,0,0,0,0,0,0
C3010,09,13,0000,District - Hathras *  13,Urban,13,4474,2315,2159,3222,1706,1516,3222,1706,1516,0,0,0,0,0,0,0,0,0,0,0,0
C3010,09,13,0000,District - Hathras *  13,Urban,14,7377,3900,3477,4757,2611,2146,4757,2611,2146,0,0,0,0,0,0,0,0,0,0,0,0
C3010,09,13,0000,District - Hathras *  13,Urban,15-19,29159,16288,12871,14516,8055,6461,12028,6742,5286,2237,1135,1102,181,137,44,63,37,26,7,4,3
C3010,09,13,0000,District - Hathras *  13,Urban,20-24,23504,13040,10464,4537,2823,1714,1347,915,432,3021,1793,1228,121,87,34,37,19,18,11,9,2
C3010,09,13,0000,District - Hathras *  13,Urban,25-29,19118,10124,8994,469,343,126,0,0,0,345,253,92,91,70,21,21,14,7,12,6,6
C3010,09,13,0000,District - Hathras *  13,Urban,30-34,17004,8547,8457,146,98,48,0,0,0,101,66,35,32,23,9,5,3,2,8,6,2
C3010,09,13,0000,District - Hathras *  13,Urban,35-59,56676,30028,26648,315,209,106,0,0,0,221,148,73,64,46,18,13,8,5,17,7,10
C3010,09,13,0000,District - Hathras *  13,Urban,60+,16826,8290,8536,68,43,25,0,0,0,47,32,15,13,7,6,4,2,2,4,2,2
C3010,09,13,0000,District - Hathras *  13,Urban,Age not stated,838,449,389,15,11,4,0,0,0,11,7,4,4,4,0,0,0,0,0,0,0
C3010,09,14,0000,District - Mathura  14,Total,All ages,2074516,1127512,947004,496992,309909,187083,467589,288896,178693,25533,18285,7248,2363,2011,352,684,463,221,823,254,569
C3010,09,14,0000,District - Mathura  14,Total,0-4,269064,142777,126287,5852,3276,2576,5852,3276,2576,0,0,0,0,0,0,0,0,0,0,0,0
C3010,09,14,0000,District - Mathura  14,Total,5,64846,35721,29125,11068,6521,4547,11068,6521,4547,0,0,0,0,0,0,0,0,0,0,0,0
C3010,09,14,0000,District - Mathura  14,Total,6,71944,38281,33663,24026,13823,10203,24026,13823,10203,0,0,0,0,0,0,0,0,0,0,0,0
C3010,09,14,0000,District - Mathura  14,Total,7,46931,25349,21582,30892,17769,13123,30892,17769,13123,0,0,0,0,0,0,0,0,0,0,0,0
C3010,09,14,0000,District - Mathura  14,Total,8,85141,45946,39195,61927,35833,26094,61927,35833,26094,0,0,0,0,0,0,0,0,0,0,0,0
C3010,09,14,0000,District - Mathura  14,Total,9,39962,21570,18392,32051,18304,13747,32051,18304,13747,0,0,0,0,0,0,0,0,0,0,0,0
C3010,09,14,0000,District - Mathura  14,Total,10,87289,48175,39114,67139,40037,27102,67139,40037,27102,0,0,0,0,0,0,0,0,0,0,0,0
C3010,09,14,0000,District - Mathura  14,Total,11,34228,18801,15427,27623,16337,11286,27623,16337,11286,0,0,0,0,0,0,0,0,0,0,0,0
C3010,09,14,0000,District - Mathura  14,Total,12,76524,42396,34128,57630,35403,22227,57630,35403,22227,0,0,0,0,0,0,0,0,0,0,0,0
C3010,09,14,0000,District - Mathura  14,Total,13,36961,19604,17357,26862,16335,10527,26862,16335,10527,0,0,0,0,0,0,0,0,0,0,0,0
C3010,09,14,0000,District - Mathura  14,Total,14,53062,28571,24491,34582,22013,12569,34582,22013,12569,0,0,0,0,0,0,0,0,0,0,0,0
C3010,09,14,0000,District - Mathura  14,Total,15-19,194402,116118,78284,89237,63025,26212,78936,56135,22801,9244,6062,3182,757,637,120,262,177,85,38,14,24
C3010,09,14,0000,District - Mathura  14,Total,20-24,166968,93871,73097,23119,17590,5529,9001,7110,1891,13065,9658,3407,776,687,89,139,98,41,138,37,101
C3010,09,14,0000,District - Mathura  14,Total,25-29,149703,79158,70545,2421,1868,553,0,0,0,1707,1363,344,445,404,41,96,66,30,173,35,138
C3010,09,14,0000,District - Mathura  14,Total,30-34,135672,69562,66110,783,518,265,0,0,0,487,379,108,108,79,29,48,31,17,140,29,111
C3010,09,14,0000,District - Mathura  14,Total,35-59,411932,222335,189597,1442,1013,429,0,0,0,847,693,154,207,149,58,110,69,41,278,102,176
C3010,09,14,0000,District - Mathura  14,Total,60+,144800,76280,68520,273,204,69,0,0,0,131,98,33,62,49,13,27,21,6,53,36,17
C3010,09,14,0000,District - Mathura  14,Total,Age not stated,5087,2997,2090,65,40,25,0,0,0,52,32,20,8,6,2,2,1,1,3,1,2
C3010,09,14,0000,District - Mathura  14,Rural,All ages,1487493,809946,677547,345616,223382,122234,332623,212600,120023,10897,9481,1416,930,805,125,413,280,133,753,216,537
C3010,09,14,0000,District - Mathura  14,Rural,0-4,207032,109592,97440,3068,1754,1314,3068,1754,1314,0,0,0,0,0,0,0,0,0,0,0,0
C3010,09,14,0000,District - Mathura  14,Rural,5,49118,27072,22046,6733,4037,2696,6733,4037,2696,0,0,0,0,0,0,0,0,0,0,0,0
C3010,09,14,0000,District - Mathura  14,Rural,6,55623,29591,26032,17332,10113,7219,17332,10113,7219,0,0,0,0,0,0,0,0,0,0,0,0
C3010,09,14,0000,District - Mathura  14,Rural,7,34205,18521,15684,22105,12940,9165,22105,12940,9165,0,0,0,0,0,0,0,0,0,0,0,0
C3010,09,14,0000,District - Mathura  14,Rural,8,65179,35295,29884,47574,27918,19656,47574,27918,19656,0,0,0,0,0,0,0,0,0,0,0,0
C3010,09,14,0000,District - Mathura  14,Rural,9,29058,15736,13322,23377,13555,9822,23377,13555,9822,0,0,0,0,0,0,0,0,0,0,0,0
C3010,09,14,0000,District - Mathura  14,Rural,10,65727,36425,29302,51092,31009,20083,51092,31009,20083,0,0,0,0,0,0,0,0,0,0,0,0
C3010,09,14,0000,District - Mathura  14,Rural,11,23768,13082,10686,19168,11617,7551,19168,11617,7551,0,0,0,0,0,0,0,0,0,0,0,0
C3010,09,14,0000,District - Mathura  14,Rural,12,56399,31359,25040,42730,26989,15741,42730,26989,15741,0,0,0,0,0,0,0,0,0,0,0,0
C3010,09,14,0000,District - Mathura  14,Rural,13,25336,13544,11792,18096,11560,6536,18096,11560,6536,0,0,0,0,0,0,0,0,0,0,0,0
C3010,09,14,0000,District - Mathura  14,Rural,14,37827,20547,17280,24197,16311,7886,24197,16311,7886,0,0,0,0,0,0,0,0,0,0,0,0
C3010,09,14,0000,District - Mathura  14,Rural,15-19,132478,81338,51140,55962,43816,12146,51280,39928,11352,4196,3478,718,303,285,18,151,114,37,32,11,21
C3010,09,14,0000,District - Mathura  14,Rural,20-24,114437,64123,50314,11611,9900,1711,5871,4869,1002,5264,4695,569,278,248,30,71,55,16,127,33,94
C3010,09,14,0000,District - Mathura  14,Rural,25-29,105693,55766,49927,1124,881,243,0,0,0,759,692,67,147,131,16,57,32,25,161,26,135
C3010,09,14,0000,District - Mathura  14,Rural,30-34,95596,48814,46782,451,288,163,0,0,0,235,206,29,51,37,14,36,21,15,129,24,105
C3010,09,14,0000,District - Mathura  14,Rural,35-59,282414,151744,130670,825,565,260,0,0,0,375,351,24,123,85,38,74,41,33,253,88,165
C3010,09,14,0000,District - Mathura  14,Rural,60+,104477,55567,48910,154,117,37,0,0,0,56,50,6,25,16,9,23,17,6,50,34,16
C3010,09,14,0000,District - Mathura  14,Rural,Age not stated,3126,1830,1296,17,12,5,0,0,0,12,9,3,3,3,0,1,0,1,1,0,1
C3010,09,14,0000,District - Mathura  14,Urban,All ages,587023,317566,269457,151376,86527,64849,134966,76296,58670,14636,8804,5832,1433,1206,227,271,183,88,70,38,32
C3010,09,14,0000,District - Mathura  14,Urban,0-4,62032,33185,28847,2784,1522,1262,2784,1522,1262,0,0,0,0,0,0,0,0,0,0,0,0
C3010,09,14,0000,District - Mathura  14,Urban,5,15728,8649,7079,4335,2484,1851,4335,2484,1851,0,0,0,0,0,0,0,0,0,0,0,0
C3010,09,14,0000,District - Mathura  14,Urban,6,16321,8690,7631,6694,3710,2984,6694,3710,2984,0,0,0,0,0,0,0,0,0,0,0,0
C3010,09,14,0000,District - Mathura  14,Urban,7,12726,6828,5898,8787,4829,3958,8787,4829,3958,0,0,0,0,0,0,0,0,0,0,0,0
C3010,09,14,0000,District - Mathura  14,Urban,8,19962,10651,9311,14353,7915,6438,14353,7915,6438,0,0,0,0,0,0,0,0,0,0,0,0
C3010,09,14,0000,District - Mathura  14,Urban,9,10904,5834,5070,8674,4749,3925,8674,4749,3925,0,0,0,0,0,0,0,0,0,0,0,0
C3010,09,14,0000,District - Mathura  14,Urban,10,21562,11750,9812,16047,9028,7019,16047,9028,7019,0,0,0,0,0,0,0,0,0,0,0,0
C3010,09,14,0000,District - Mathura  14,Urban,11,10460,5719,4741,8455,4720,3735,8455,4720,3735,0,0,0,0,0,0,0,0,0,0,0,0
C3010,09,14,0000,District - Mathura  14,Urban,12,20125,11037,9088,14900,8414,6486,14900,8414,6486,0,0,0,0,0,0,0,0,0,0,0,0
C3010,09,14,0000,District - Mathura  14,Urban,13,11625,6060,5565,8766,4775,3991,8766,4775,3991,0,0,0,0,0,0,0,0,0,0,0,0
C3010,09,14,0000,District - Mathura  14,Urban,14,15235,8024,7211,10385,5702,4683,10385,5702,4683,0,0,0,0,0,0,0,0,0,0,0,0
C3010,09,14,0000,District - Mathura  14,Urban,15-19,61924,34780,27144,33275,19209,14066,27656,16207,11449,5048,2584,2464,454,352,102,111,63,48,6,3,3
C3010,09,14,0000,District - Mathura  14,Urban,20-24,52531,29748,22783,11508,7690,3818,3130,2241,889,7801,4963,2838,498,439,59,68,43,25,11,4,7
C3010,09,14,0000,District - Mathura  14,Urban,25-29,44010,23392,20618,1297,987,310,0,0,0,948,671,277,298,273,25,39,34,5,12,9,3
C3010,09,14,0000,District - Mathura  14,Urban,30-34,40076,20748,19328,332,230,102,0,0,0,252,173,79,57,42,15,12,10,2,11,5,6
C3010,09,14,0000,District - Mathura  14,Urban,35-59,129518,70591,58927,617,448,169,0,0,0,472,342,130,84,64,20,36,28,8,25,14,11
C3010,09,14,0000,District - Mathura  14,Urban,60+,40323,20713,19610,119,87,32,0,0,0,75,48,27,37,33,4,4,4,0,3,2,1
C3010,09,14,0000,District - Mathura  14,Urban,Age not stated,1961,1167,794,48,28,20,0,0,0,40,23,17,5,3,2,1,1,0,2,1,1
C3010,09,15,0000,District - Agra  15,Total,All ages,3620436,1961282,1659154,914907,551475,363432,843054,504940,338114,65622,42198,23424,3656,2629,1027,1708,1231,477,867,477,390
C3010,09,15,0000,District - Agra  15,Total,0-4,433392,231174,202218,15819,8835,6984,15819,8835,6984,0,0,0,0,0,0,0,0,0,0,0,0
C3010,09,15,0000,District - Agra  15,Total,5,105120,57757,47363,22536,12900,9636,22536,12900,9636,0,0,0,0,0,0,0,0,0,0,0,0
C3010,09,15,0000,District - Agra  15,Total,6,122093,65095,56998,43100,24248,18852,43100,24248,18852,0,0,0,0,0,0,0,0,0,0,0,0
C3010,09,15,0000,District - Agra  15,Total,7,78638,42288,36350,49016,27698,21318,49016,27698,21318,0,0,0,0,0,0,0,0,0,0,0,0
C3010,09,15,0000,District - Agra  15,Total,8,148075,80934,67141,101897,58773,43124,101897,58773,43124,0,0,0,0,0,0,0,0,0,0,0,0
C3010,09,15,0000,District - Agra  15,Total,9,67160,36223,30937,50699,28801,21898,50699,28801,21898,0,0,0,0,0,0,0,0,0,0,0,0
C3010,09,15,0000,District - Agra  15,Total,10,163981,91442,72539,119430,70696,48734,119430,70696,48734,0,0,0,0,0,0,0,0,0,0,0,0
C3010,09,15,0000,District - Agra  15,Total,11,55586,30503,25083,42351,24472,17879,42351,24472,17879,0,0,0,0,0,0,0,0,0,0,0,0
C3010,09,15,0000,District - Agra  15,Total,12,147366,82047,65319,106301,63996,42305,106301,63996,42305,0,0,0,0,0,0,0,0,0,0,0,0
C3010,09,15,0000,District - Agra  15,Total,13,55846,29559,26287,39861,22812,17049,39861,22812,17049,0,0,0,0,0,0,0,0,0,0,0,0
C3010,09,15,0000,District - Agra  15,Total,14,104250,56559,47691,67495,41060,26435,67495,41060,26435,0,0,0,0,0,0,0,0,0,0,0,0
C3010,09,15,0000,District - Agra  15,Total,15-19,377920,219323,158597,183099,117955,65144,161429,104727,56702,20182,12190,7992,965,719,246,463,286,177,60,33,27
C3010,09,15,0000,District - Agra  15,Total,20-24,301647,166268,135379,56104,37190,18914,23120,15922,7198,31721,20367,11354,849,616,233,297,216,81,117,69,48
C3010,09,15,0000,District - Agra  15,Total,25-29,258607,134475,124132,6855,4839,2016,0,0,0,5799,4071,1728,663,498,165,275,206,69,118,64,54
C3010,09,15,0000,District - Agra  15,Total,30-34,237080,119705,117375,2700,1830,870,0,0,0,2146,1462,684,269,181,88,176,133,43,109,54,55
C3010,09,15,0000,District - Agra  15,Total,35-59,728636,391575,337061,5945,4169,1776,0,0,0,4504,3191,1313,701,476,225,398,322,76,342,180,162
C3010,09,15,0000,District - Agra  15,Total,60+,207364,110751,96613,1138,838,300,0,0,0,795,614,181,161,107,54,81,57,24,101,60,41
C3010,09,15,0000,District - Agra  15,Total,Age not stated,27675,15604,12071,561,363,198,0,0,0,475,303,172,48,32,16,18,11,7,20,17,3
C3010,09,15,0000,District - Agra  15,Rural,All ages,2052727,1114110,938617,473017,300138,172879,456123,286369,169754,15115,12531,2584,894,668,226,485,352,133,400,218,182
C3010,09,15,0000,District - Agra  15,Rural,0-4,284011,150910,133101,5603,3178,2425,5603,3178,2425,0,0,0,0,0,0,0,0,0,0,0,0
C3010,09,15,0000,District - Agra  15,Rural,5,66803,36783,30020,10387,6097,4290,10387,6097,4290,0,0,0,0,0,0,0,0,0,0,0,0
C3010,09,15,0000,District - Agra  15,Rural,6,77679,41488,36191,24786,14241,10545,24786,14241,10545,0,0,0,0,0,0,0,0,0,0,0,0
C3010,09,15,0000,District - Agra  15,Rural,7,48180,25883,22297,29927,17196,12731,29927,17196,12731,0,0,0,0,0,0,0,0,0,0,0,0
C3010,09,15,0000,District - Agra  15,Rural,8,91793,50178,41615,64258,37773,26485,64258,37773,26485,0,0,0,0,0,0,0,0,0,0,0,0
C3010,09,15,0000,District - Agra  15,Rural,9,39041,21175,17866,30485,17687,12798,30485,17687,12798,0,0,0,0,0,0,0,0,0,0,0,0
C3010,09,15,0000,District - Agra  15,Rural,10,95012,53183,41829,71431,43388,28043,71431,43388,28043,0,0,0,0,0,0,0,0,0,0,0,0
C3010,09,15,0000,District - Agra  15,Rural,11,29420,16225,13195,23235,13901,9334,23235,13901,9334,0,0,0,0,0,0,0,0,0,0,0,0
C3010,09,15,0000,District - Agra  15,Rural,12,84371,47115,37256,61893,38885,23008,61893,38885,23008,0,0,0,0,0,0,0,0,0,0,0,0
C3010,09,15,0000,District - Agra  15,Rural,13,27932,14889,13043,19807,12100,7707,19807,12100,7707,0,0,0,0,0,0,0,0,0,0,0,0
C3010,09,15,0000,District - Agra  15,Rural,14,55770,30280,25490,34926,22857,12069,34926,22857,12069,0,0,0,0,0,0,0,0,0,0,0,0
C3010,09,15,0000,District - Agra  15,Rural,15-19,189859,113193,76666,76782,57038,19744,70556,52182,18374,5769,4516,1253,267,209,58,177,125,52,13,6,7
C3010,09,15,0000,District - Agra  15,Rural,20-24,160417,87136,73281,16090,12977,3113,8829,6884,1945,6910,5822,1088,225,188,37,85,65,20,41,18,23
C3010,09,15,0000,District - Agra  15,Rural,25-29,145070,75932,69138,1416,1206,210,0,0,0,1155,1029,126,129,100,29,66,43,23,66,34,32
C3010,09,15,0000,District - Agra  15,Rural,30-34,132200,67226,64974,559,453,106,0,0,0,382,343,39,68,47,21,49,36,13,60,27,33
C3010,09,15,0000,District - Agra  15,Rural,35-59,382493,205638,176855,1114,924,190,0,0,0,731,674,57,149,97,52,78,66,12,156,87,69
C3010,09,15,0000,District - Agra  15,Rural,60+,129808,69677,60131,216,158,58,0,0,0,88,82,6,47,24,23,26,15,11,55,37,18
C3010,09,15,0000,District - Agra  15,Rural,Age not stated,12868,7199,5669,102,79,23,0,0,0,80,65,15,9,3,6,4,2,2,9,9,0
C3010,09,15,0000,District - Agra  15,Urban,All ages,1567709,847172,720537,441890,251337,190553,386931,218571,168360,50507,29667,20840,2762,1961,801,1223,879,344,467,259,208
C3010,09,15,0000,District - Agra  15,Urban,0-4,149381,80264,69117,10216,5657,4559,10216,5657,4559,0,0,0,0,0,0,0,0,0,0,0,0
C3010,09,15,0000,District - Agra  15,Urban,5,38317,20974,17343,12149,6803,5346,12149,6803,5346,0,0,0,0,0,0,0,0,0,0,0,0
C3010,09,15,0000,District - Agra  15,Urban,6,44414,23607,20807,18314,10007,8307,18314,10007,8307,0,0,0,0,0,0,0,0,0,0,0,0
C3010,09,15,0000,District - Agra  15,Urban,7,30458,16405,14053,19089,10502,8587,19089,10502,8587,0,0,0,0,0,0,0,0,0,0,0,0
C3010,09,15,0000,District - Agra  15,Urban,8,56282,30756,25526,37639,21000,16639,37639,21000,16639,0,0,0,0,0,0,0,0,0,0,0,0
C3010,09,15,0000,District - Agra  15,Urban,9,28119,15048,13071,20214,11114,9100,20214,11114,9100,0,0,0,0,0,0,0,0,0,0,0,0
C3010,09,15,0000,District - Agra  15,Urban,10,68969,38259,30710,47999,27308,20691,47999,27308,20691,0,0,0,0,0,0,0,0,0,0,0,0
C3010,09,15,0000,District - Agra  15,Urban,11,26166,14278,11888,19116,10571,8545,19116,10571,8545,0,0,0,0,0,0,0,0,0,0,0,0
C3010,09,15,0000,District - Agra  15,Urban,12,62995,34932,28063,44408,25111,19297,44408,25111,19297,0,0,0,0,0,0,0,0,0,0,0,0
C3010,09,15,0000,District - Agra  15,Urban,13,27914,14670,13244,20054,10712,9342,20054,10712,9342,0,0,0,0,0,0,0,0,0,0,0,0
C3010,09,15,0000,District - Agra  15,Urban,14,48480,26279,22201,32569,18203,14366,32569,18203,14366,0,0,0,0,0,0,0,0,0,0,0,0
C3010,09,15,0000,District - Agra  15,Urban,15-19,188061,106130,81931,106317,60917,45400,90873,52545,38328,14413,7674,6739,698,510,188,286,161,125,47,27,20
C3010,09,15,0000,District - Agra  15,Urban,20-24,141230,79132,62098,40014,24213,15801,14291,9038,5253,24811,14545,10266,624,428,196,212,151,61,76,51,25
C3010,09,15,0000,District - Agra  15,Urban,25-29,113537,58543,54994,5439,3633,1806,0,0,0,4644,3042,1602,534,398,136,209,163,46,52,30,22
C3010,09,15,0000,District - Agra  15,Urban,30-34,104880,52479,52401,2141,1377,764,0,0,0,1764,1119,645,201,134,67,127,97,30,49,27,22
C3010,09,15,0000,District - Agra  15,Urban,35-59,346143,185937,160206,4831,3245,1586,0,0,0,3773,2517,1256,552,379,173,320,256,64,186,93,93
C3010,09,15,0000,District - Agra  15,Urban,60+,77556,41074,36482,922,680,242,0,0,0,707,532,175,114,83,31,55,42,13,46,23,23
C3010,09,15,0000,District - Agra  15,Urban,Age not stated,14807,8405,6402,459,284,175,0,0,0,395,238,157,39,29,10,14,9,5,11,8,3
C3010,09,16,0000,District - Firozabad  16,Total,All ages,2052958,1108668,944290,525013,312327,212686,493374,290671,202703,29046,19980,9066,1377,1023,354,561,360,201,655,293,362
C3010,09,16,0000,District - Firozabad  16,Total,0-4,264678,139384,125294,8034,4303,3731,8034,4303,3731,0,0,0,0,0,0,0,0,0,0,0,0
C3010,09,16,0000,District - Firozabad  16,Total,5,64853,35152,29701,13953,7788,6165,13953,7788,6165,0,0,0,0,0,0,0,0,0,0,0,0
C3010,09,16,0000,District - Firozabad  16,Total,6,70876,37666,33210,26413,14582,11831,26413,14582,11831,0,0,0,0,0,0,0,0,0,0,0,0
C3010,09,16,0000,District - Firozabad  16,Total,7,47986,25582,22404,32719,17984,14735,32719,17984,14735,0,0,0,0,0,0,0,0,0,0,0,0
C3010,09,16,0000,District - Firozabad  16,Total,8,85543,46866,38677,62336,35355,26981,62336,35355,26981,0,0,0,0,0,0,0,0,0,0,0,0
C3010,09,16,0000,District - Firozabad  16,Total,9,39262,20900,18362,31221,17201,14020,31221,17201,14020,0,0,0,0,0,0,0,0,0,0,0,0
C3010,09,16,0000,District - Firozabad  16,Total,10,91207,50527,40680,70697,40718,29979,70697,40718,29979,0,0,0,0,0,0,0,0,0,0,0,0
C3010,09,16,0000,District - Firozabad  16,Total,11,31244,16993,14251,25500,14431,11069,25500,14431,11069,0,0,0,0,0,0,0,0,0,0,0,0
C3010,09,16,0000,District - Firozabad  16,Total,12,79859,44874,34985,62058,36749,25309,62058,36749,25309,0,0,0,0,0,0,0,0,0,0,0,0
C3010,09,16,0000,District - Firozabad  16,Total,13,31637,16873,14764,23817,13528,10289,23817,13528,10289,0,0,0,0,0,0,0,0,0,0,0,0
C3010,09,16,0000,District - Firozabad  16,Total,14,53986,29164,24822,37135,22039,15096,37135,22039,15096,0,0,0,0,0,0,0,0,0,0,0,0
C3010,09,16,0000,District - Firozabad  16,Total,15-19,201915,118608,83307,99380,64737,34643,88020,57543,30477,10736,6770,3966,363,268,95,220,128,92,41,28,13
C3010,09,16,0000,District - Firozabad  16,Total,20-24,165090,90949,74141,26081,18725,7356,11471,8450,3021,14023,9851,4172,367,288,79,129,95,34,91,41,50
C3010,09,16,0000,District - Firozabad  16,Total,25-29,149020,77902,71118,2653,2041,612,0,0,0,2210,1734,476,257,215,42,85,61,24,101,31,70
C3010,09,16,0000,District - Firozabad  16,Total,30-34,136712,69353,67359,934,651,283,0,0,0,700,531,169,89,57,32,33,22,11,112,41,71
C3010,09,16,0000,District - Firozabad  16,Total,35-59,403187,215690,187497,1676,1212,464,0,0,0,1134,904,230,231,159,72,68,40,28,243,109,134
C3010,09,16,0000,District - Firozabad  16,Total,60+,130068,68849,61219,335,231,104,0,0,0,183,144,39,67,33,34,23,12,11,62,42,20
C3010,09,16,0000,District - Firozabad  16,Total,Age not stated,5835,3336,2499,71,52,19,0,0,0,60,46,14,3,3,0,3,2,1,5,1,4
C3010,09,16,0000,District - Firozabad  16,Rural,All ages,1430405,777113,653292,365186,222896,142290,348589,210034,138555,15104,11956,3148,671,505,166,297,191,106,525,210,315
C3010,09,16,0000,District - Firozabad  16,Rural,0-4,192065,100997,91068,4609,2491,2118,4609,2491,2118,0,0,0,0,0,0,0,0,0,0,0,0
C3010,09,16,0000,District - Firozabad  16,Rural,5,46900,25495,21405,8778,4938,3840,8778,4938,3840,0,0,0,0,0,0,0,0,0,0,0,0
C3010,09,16,0000,District - Firozabad  16,Rural,6,50922,27072,23850,18848,10418,8430,18848,10418,8430,0,0,0,0,0,0,0,0,0,0,0,0
C3010,09,16,0000,District - Firozabad  16,Rural,7,33917,18218,15699,23700,13146,10554,23700,13146,10554,0,0,0,0,0,0,0,0,0,0,0,0
C3010,09,16,0000,District - Firozabad  16,Rural,8,61213,33717,27496,46168,26353,19815,46168,26353,19815,0,0,0,0,0,0,0,0,0,0,0,0
C3010,09,16,0000,District - Firozabad  16,Rural,9,27640,14855,12785,22787,12687,10100,22787,12687,10100,0,0,0,0,0,0,0,0,0,0,0,0
C3010,09,16,0000,District - Firozabad  16,Rural,10,64698,36075,28623,52172,30356,21816,52172,30356,21816,0,0,0,0,0,0,0,0,0,0,0,0
C3010,09,16,0000,District - Firozabad  16,Rural,11,20832,11455,9377,17612,10121,7491,17612,10121,7491,0,0,0,0,0,0,0,0,0,0,0,0
C3010,09,16,0000,District - Firozabad  16,Rural,12,55940,31713,24227,45075,27117,17958,45075,27117,17958,0,0,0,0,0,0,0,0,0,0,0,0
C3010,09,16,0000,District - Firozabad  16,Rural,13,20514,11172,9342,16016,9425,6591,16016,9425,6591,0,0,0,0,0,0,0,0,0,0,0,0
C3010,09,16,0000,District - Firozabad  16,Rural,14,36226,19839,16387,25827,15857,9970,25827,15857,9970,0,0,0,0,0,0,0,0,0,0,0,0
C3010,09,16,0000,District - Firozabad  16,Rural,15-19,133341,80439,52902,65249,45593,19656,59260,41158,18102,5701,4230,1471,150,123,27,107,64,43,31,18,13
C3010,09,16,0000,District - Firozabad  16,Rural,20-24,109926,60839,49087,15049,11833,3216,7737,5967,1770,7024,5664,1360,155,131,24,62,45,17,71,26,45
C3010,09,16,0000,District - Firozabad  16,Rural,25-29,103876,54639,49237,1500,1225,275,0,0,0,1241,1064,177,131,105,26,45,33,12,83,23,60
C3010,09,16,0000,District - Firozabad  16,Rural,30-34,95400,48748,46652,593,441,152,0,0,0,422,365,57,51,30,21,21,13,8,99,33,66
C3010,09,16,0000,District - Firozabad  16,Rural,35-59,276417,148020,128397,986,740,246,0,0,0,612,541,71,137,93,44,47,27,20,190,79,111
C3010,09,16,0000,District - Firozabad  16,Rural,60+,96575,51522,45053,180,126,54,0,0,0,78,69,9,44,20,24,12,7,5,46,30,16
C3010,09,16,0000,District - Firozabad  16,Rural,Age not stated,4003,2298,1705,37,29,8,0,0,0,26,23,3,3,3,0,3,2,1,5,1,4
C3010,09,16,0000,District - Firozabad  16,Urban,All ages,622553,331555,290998,159827,89431,70396,144785,80637,64148,13942,8024,5918,706,518,188,264,169,95,130,83,47
C3010,09,16,0000,District - Firozabad  16,Urban,0-4,72613,38387,34226,3425,1812,1613,3425,1812,1613,0,0,0,0,0,0,0,0,0,0,0,0
C3010,09,16,0000,District - Firozabad  16,Urban,5,17953,9657,8296,5175,2850,2325,5175,2850,2325,0,0,0,0,0,0,0,0,0,0,0,0
C3010,09,16,0000,District - Firozabad  16,Urban,6,19954,10594,9360,7565,4164,3401,7565,4164,3401,0,0,0,0,0,0,0,0,0,0,0,0
C3010,09,16,0000,District - Firozabad  16,Urban,7,14069,7364,6705,9019,4838,4181,9019,4838,4181,0,0,0,0,0,0,0,0,0,0,0,0
C3010,09,16,0000,District - Firozabad  16,Urban,8,24330,13149,11181,16168,9002,7166,16168,9002,7166,0,0,0,0,0,0,0,0,0,0,0,0
C3010,09,16,0000,District - Firozabad  16,Urban,9,11622,6045,5577,8434,4514,3920,8434,4514,3920,0,0,0,0,0,0,0,0,0,0,0,0
C3010,09,16,0000,District - Firozabad  16,Urban,10,26509,14452,12057,18525,10362,8163,18525,10362,8163,0,0,0,0,0,0,0,0,0,0,0,0
C3010,09,16,0000,District - Firozabad  16,Urban,11,10412,5538,4874,7888,4310,3578,7888,4310,3578,0,0,0,0,0,0,0,0,0,0,0,0
C3010,09,16,0000,District - Firozabad  16,Urban,12,23919,13161,10758,16983,9632,7351,16983,9632,7351,0,0,0,0,0,0,0,0,0,0,0,0
C3010,09,16,0000,District - Firozabad  16,Urban,13,11123,5701,5422,7801,4103,3698,7801,4103,3698,0,0,0,0,0,0,0,0,0,0,0,0
C3010,09,16,0000,District - Firozabad  16,Urban,14,17760,9325,8435,11308,6182,5126,11308,6182,5126,0,0,0,0,0,0,0,0,0,0,0,0
C3010,09,16,0000,District - Firozabad  16,Urban,15-19,68574,38169,30405,34131,19144,14987,28760,16385,12375,5035,2540,2495,213,145,68,113,64,49,10,10,0
C3010,09,16,0000,District - Firozabad  16,Urban,20-24,55164,30110,25054,11032,6892,4140,3734,2483,1251,6999,4187,2812,212,157,55,67,50,17,20,15,5
C3010,09,16,0000,District - Firozabad  16,Urban,25-29,45144,23263,21881,1153,816,337,0,0,0,969,670,299,126,110,16,40,28,12,18,8,10
C3010,09,16,0000,District - Firozabad  16,Urban,30-34,41312,20605,20707,341,210,131,0,0,0,278,166,112,38,27,11,12,9,3,13,8,5
C3010,09,16,0000,District - Firozabad  16,Urban,35-59,126770,67670,59100,690,472,218,0,0,0,522,363,159,94,66,28,21,13,8,53,30,23
C3010,09,16,0000,District - Firozabad  16,Urban,60+,33493,17327,16166,155,105,50,0,0,0,105,75,30,23,13,10,11,5,6,16,12,4
C3010,09,16,0000,District - Firozabad  16,Urban,Age not stated,1832,1038,794,34,23,11,0,0,0,34,23,11,0,0,0,0,0,0,0,0,0
C3010,09,17,0000,District - Etah  17,Total,All ages,2790410,1509199,1281211,607253,374882,232371,570050,347863,222187,33148,24649,8499,1664,1202,462,935,631,304,1456,537,919
C3010,09,17,0000,District - Etah  17,Total,0-4,362298,190127,172171,7745,4230,3515,7745,4230,3515,0,0,0,0,0,0,0,0,0,0,0,0
C3010,09,17,0000,District - Etah  17,Total,5,95286,51693,43593,15529,8864,6665,15529,8864,6665,0,0,0,0,0,0,0,0,0,0,0,0
C3010,09,17,0000,District - Etah  17,Total,6,98857,52402,46455,30699,17188,13511,30699,17188,13511,0,0,0,0,0,0,0,0,0,0,0,0
C3010,09,17,0000,District - Etah  17,Total,7,68174,36255,31919,38521,21785,16736,38521,21785,16736,0,0,0,0,0,0,0,0,0,0,0,0
C3010,09,17,0000,District - Etah  17,Total,8,117515,63969,53546,72888,42269,30619,72888,42269,30619,0,0,0,0,0,0,0,0,0,0,0,0
C3010,09,17,0000,District - Etah  17,Total,9,55792,29724,26068,39534,22313,17221,39534,22313,17221,0,0,0,0,0,0,0,0,0,0,0,0
C3010,09,17,0000,District - Etah  17,Total,10,124668,69818,54850,84982,51034,33948,84982,51034,33948,0,0,0,0,0,0,0,0,0,0,0,0
C3010,09,17,0000,District - Etah  17,Total,11,42186,23163,19023,30962,18249,12713,30962,18249,12713,0,0,0,0,0,0,0,0,0,0,0,0
C3010,09,17,0000,District - Etah  17,Total,12,101993,57358,44635,70208,43045,27163,70208,43045,27163,0,0,0,0,0,0,0,0,0,0,0,0
C3010,09,17,0000,District - Etah  17,Total,13,47378,25326,22052,31766,18924,12842,31766,18924,12842,0,0,0,0,0,0,0,0,0,0,0,0
C3010,09,17,0000,District - Etah  17,Total,14,64761,35269,29492,39070,24333,14737,39070,24333,14737,0,0,0,0,0,0,0,0,0,0,0,0
C3010,09,17,0000,District - Etah  17,Total,15-19,259175,154354,104821,109499,75786,33713,96142,66555,29587,12394,8584,3810,460,350,110,402,258,144,101,39,62
C3010,09,17,0000,District - Etah  17,Total,20-24,215407,118801,96606,28388,21330,7058,12004,9074,2930,15496,11703,3793,441,337,104,184,130,54,263,86,177
C3010,09,17,0000,District - Etah  17,Total,25-29,202072,106586,95486,3490,2712,778,0,0,0,2775,2306,469,290,229,61,118,79,39,307,98,209
C3010,09,17,0000,District - Etah  17,Total,30-34,183821,94424,89397,1371,944,427,0,0,0,890,717,173,123,86,37,68,51,17,290,90,200
C3010,09,17,0000,District - Etah  17,Total,35-59,551419,294483,256936,2119,1546,573,0,0,0,1347,1145,202,265,154,111,118,81,37,389,166,223
C3010,09,17,0000,District - Etah  17,Total,60+,192303,101129,91174,412,275,137,0,0,0,188,146,42,80,41,39,41,31,10,103,57,46
C3010,09,17,0000,District - Etah  17,Total,Age not stated,7305,4318,2987,70,55,15,0,0,0,58,48,10,5,5,0,4,1,3,3,1,2
C3010,09,17,0000,District - Etah  17,Rural,All ages,2306747,1252724,1054023,488166,307986,180180,463942,288779,175163,21149,17513,3636,1065,760,305,620,430,190,1390,504,886
C3010,09,17,0000,District - Etah  17,Rural,0-4,305727,160316,145411,5713,3117,2596,5713,3117,2596,0,0,0,0,0,0,0,0,0,0,0,0
C3010,09,17,0000,District - Etah  17,Rural,5,80614,43689,36925,12025,6899,5126,12025,6899,5126,0,0,0,0,0,0,0,0,0,0,0,0
C3010,09,17,0000,District - Etah  17,Rural,6,84151,44656,39495,25405,14385,11020,25405,14385,11020,0,0,0,0,0,0,0,0,0,0,0,0
C3010,09,17,0000,District - Etah  17,Rural,7,56964,30319,26645,31510,17944,13566,31510,17944,13566,0,0,0,0,0,0,0,0,0,0,0,0
C3010,09,17,0000,District - Etah  17,Rural,8,99766,54569,45197,61370,35922,25448,61370,35922,25448,0,0,0,0,0,0,0,0,0,0,0,0
C3010,09,17,0000,District - Etah  17,Rural,9,46272,24656,21616,32662,18557,14105,32662,18557,14105,0,0,0,0,0,0,0,0,0,0,0,0
C3010,09,17,0000,District - Etah  17,Rural,10,104878,59174,45704,71508,43522,27986,71508,43522,27986,0,0,0,0,0,0,0,0,0,0,0,0
C3010,09,17,0000,District - Etah  17,Rural,11,33841,18627,15214,24713,14768,9945,24713,14768,9945,0,0,0,0,0,0,0,0,0,0,0,0
C3010,09,17,0000,District - Etah  17,Rural,12,84850,48069,36781,58340,36428,21912,58340,36428,21912,0,0,0,0,0,0,0,0,0,0,0,0
C3010,09,17,0000,District - Etah  17,Rural,13,38100,20526,17574,25293,15471,9822,25293,15471,9822,0,0,0,0,0,0,0,0,0,0,0,0
C3010,09,17,0000,District - Etah  17,Rural,14,51863,28498,23365,30885,19920,10965,30885,19920,10965,0,0,0,0,0,0,0,0,0,0,0,0
C3010,09,17,0000,District - Etah  17,Rural,15-19,206053,124803,81250,83113,60782,22331,74699,54266,20433,7821,6124,1697,260,208,52,239,149,90,94,35,59
C3010,09,17,0000,District - Etah  17,Rural,20-24,172938,95526,77412,19878,15917,3961,9819,7580,2239,9438,7975,1463,253,196,57,114,84,30,254,82,172
C3010,09,17,0000,District - Etah  17,Rural,25-29,167765,88650,79115,2514,1997,517,0,0,0,1959,1711,248,177,134,43,77,58,19,301,94,207
C3010,09,17,0000,District - Etah  17,Rural,30-34,152905,78880,74025,1112,780,332,0,0,0,680,585,95,98,67,31,55,42,13,279,86,193
C3010,09,17,0000,District - Etah  17,Rural,35-59,450399,241183,209216,1747,1311,436,0,0,0,1079,974,105,204,113,91,102,71,31,362,153,209
C3010,09,17,0000,District - Etah  17,Rural,60+,163424,86856,76568,326,223,103,0,0,0,130,108,22,68,37,31,31,25,6,97,53,44
C3010,09,17,0000,District - Etah  17,Rural,Age not stated,6237,3727,2510,52,43,9,0,0,0,42,36,6,5,5,0,2,1,1,3,1,2
C3010,09,17,0000,District - Etah  17,Urban,All ages,483663,256475,227188,119087,66896,52191,106108,59084,47024,11999,7136,4863,599,442,157,315,201,114,66,33,33
C3010,09,17,0000,District - Etah  17,Urban,0-4,56571,29811,26760,2032,1113,919,2032,1113,919,0,0,0,0,0,0,0,0,0,0,0,0
C3010,09,17,0000,District - Etah  17,Urban,5,14672,8004,6668,3504,1965,1539,3504,1965,1539,0,0,0,0,0,0,0,0,0,0,0,0
C3010,09,17,0000,District - Etah  17,Urban,6,14706,7746,6960,5294,2803,2491,5294,2803,2491,0,0,0,0,0,0,0,0,0,0,0,0
C3010,09,17,0000,District - Etah  17,Urban,7,11210,5936,5274,7011,3841,3170,7011,3841,3170,0,0,0,0,0,0,0,0,0,0,0,0
C3010,09,17,0000,District - Etah  17,Urban,8,17749,9400,8349,11518,6347,5171,11518,6347,5171,0,0,0,0,0,0,0,0,0,0,0,0
C3010,09,17,0000,District - Etah  17,Urban,9,9520,5068,4452,6872,3756,3116,6872,3756,3116,0,0,0,0,0,0,0,0,0,0,0,0
C3010,09,17,0000,District - Etah  17,Urban,10,19790,10644,9146,13474,7512,5962,13474,7512,5962,0,0,0,0,0,0,0,0,0,0,0,0
C3010,09,17,0000,District - Etah  17,Urban,11,8345,4536,3809,6249,3481,2768,6249,3481,2768,0,0,0,0,0,0,0,0,0,0,0,0
C3010,09,17,0000,District - Etah  17,Urban,12,17143,9289,7854,11868,6617,5251,11868,6617,5251,0,0,0,0,0,0,0,0,0,0,0,0
C3010,09,17,0000,District - Etah  17,Urban,13,9278,4800,4478,6473,3453,3020,6473,3453,3020,0,0,0,0,0,0,0,0,0,0,0,0
C3010,09,17,0000,District - Etah  17,Urban,14,12898,6771,6127,8185,4413,3772,8185,4413,3772,0,0,0,0,0,0,0,0,0,0,0,0
C3010,09,17,0000,District - Etah  17,Urban,15-19,53122,29551,23571,26386,15004,11382,21443,12289,9154,4573,2460,2113,200,142,58,163,109,54,7,4,3
C3010,09,17,0000,District - Etah  17,Urban,20-24,42469,23275,19194,8510,5413,3097,2185,1494,691,6058,3728,2330,188,141,47,70,46,24,9,4,5
C3010,09,17,0000,District - Etah  17,Urban,25-29,34307,17936,16371,976,715,261,0,0,0,816,595,221,113,95,18,41,21,20,6,4,2
C3010,09,17,0000,District - Etah  17,Urban,30-34,30916,15544,15372,259,164,95,0,0,0,210,132,78,25,19,6,13,9,4,11,4,7
C3010,09,17,0000,District - Etah  17,Urban,35-59,101020,53300,47720,372,235,137,0,0,0,268,171,97,61,41,20,16,10,6,27,13,14
C3010,09,17,0000,District - Etah  17,Urban,60+,28879,14273,14606,86,52,34,0,0,0,58,38,20,12,4,8,10,6,4,6,4,2
C3010,09,17,0000,District - Etah  17,Urban,Age not stated,1068,591,477,18,12,6,0,0,0,16,12,4,0,0,0,2,0,2,0,0,0
C3010,09,18,0000,District - Mainpuri  18,Total,All ages,1596718,859934,736784,406443,241674,164769,382472,224523,157949,22660,16243,6417,782,581,201,311,209,102,218,118,100
C3010,09,18,0000,District - Mainpuri  18,Total,0-4,197128,103855,93273,4112,2207,1905,4112,2207,1905,0,0,0,0,0,0,0,0,0,0,0,0
C3010,09,18,0000,District - Mainpuri  18,Total,5,54348,29115,25233,9520,5335,4185,9520,5335,4185,0,0,0,0,0,0,0,0,0,0,0,0
C3010,09,18,0000,District - Mainpuri  18,Total,6,51466,27141,24325,17679,9595,8084,17679,9595,8084,0,0,0,0,0,0,0,0,0,0,0,0
C3010,09,18,0000,District - Mainpuri  18,Total,7,40321,21215,19106,26288,14231,12057,26288,14231,12057,0,0,0,0,0,0,0,0,0,0,0,0
C3010,09,18,0000,District - Mainpuri  18,Total,8,61021,33028,27993,44886,25058,19828,44886,25058,19828,0,0,0,0,0,0,0,0,0,0,0,0
C3010,09,18,0000,District - Mainpuri  18,Total,9,35365,18760,16605,28708,15680,13028,28708,15680,13028,0,0,0,0,0,0,0,0,0,0,0,0
C3010,09,18,0000,District - Mainpuri  18,Total,10,65399,36794,28605,52801,30504,22297,52801,30504,22297,0,0,0,0,0,0,0,0,0,0,0,0
C3010,09,18,0000,District - Mainpuri  18,Total,11,31228,16975,14253,26571,14890,11681,26571,14890,11681,0,0,0,0,0,0,0,0,0,0,0,0
C3010,09,18,0000,District - Mainpuri  18,Total,12,47146,26340,20806,38636,22411,16225,38636,22411,16225,0,0,0,0,0,0,0,0,0,0,0,0
C3010,09,18,0000,District - Mainpuri  18,Total,13,36384,19139,17245,28765,16080,12685,28765,16080,12685,0,0,0,0,0,0,0,0,0,0,0,0
C3010,09,18,0000,District - Mainpuri  18,Total,14,35495,19563,15932,26206,15664,10542,26206,15664,10542,0,0,0,0,0,0,0,0,0,0,0,0
C3010,09,18,0000,District - Mainpuri  18,Total,15-19,155248,92194,63054,79870,53236,26634,70580,47035,23545,8910,5943,2967,234,171,63,130,78,52,16,9,7
C3010,09,18,0000,District - Mainpuri  18,Total,20-24,123622,67430,56192,18422,13620,4802,7720,5833,1887,10411,7563,2848,208,170,38,61,41,20,22,13,9
C3010,09,18,0000,District - Mainpuri  18,Total,25-29,115017,59579,55438,1945,1547,398,0,0,0,1715,1376,339,142,113,29,56,41,15,32,17,15
C3010,09,18,0000,District - Mainpuri  18,Total,30-34,105421,53241,52180,682,542,140,0,0,0,593,479,114,50,40,10,17,14,3,22,9,13
C3010,09,18,0000,District - Mainpuri  18,Total,35-59,324075,171650,152425,1139,929,210,0,0,0,904,781,123,116,71,45,34,29,5,85,48,37
C3010,09,18,0000,District - Mainpuri  18,Total,60+,114223,61690,52533,188,128,60,0,0,0,108,87,21,30,15,15,11,6,5,39,20,19
C3010,09,18,0000,District - Mainpuri  18,Total,Age not stated,3811,2225,1586,25,17,8,0,0,0,19,14,5,2,1,1,2,0,2,2,2,0
C3010,09,18,0000,District - Mainpuri  18,Rural,All ages,1363625,736658,626967,339741,204791,134950,322669,191608,131061,16127,12531,3596,511,382,129,246,169,77,188,101,87
C3010,09,18,0000,District - Mainpuri  18,Rural,0-4,171572,90313,81259,3062,1624,1438,3062,1624,1438,0,0,0,0,0,0,0,0,0,0,0,0
C3010,09,18,0000,District - Mainpuri  18,Rural,5,47378,25328,22050,7712,4334,3378,7712,4334,3378,0,0,0,0,0,0,0,0,0,0,0,0
C3010,09,18,0000,District - Mainpuri  18,Rural,6,44725,23581,21144,14956,8130,6826,14956,8130,6826,0,0,0,0,0,0,0,0,0,0,0,0
C3010,09,18,0000,District - Mainpuri  18,Rural,7,34904,18422,16482,22510,12269,10241,22510,12269,10241,0,0,0,0,0,0,0,0,0,0,0,0
C3010,09,18,0000,District - Mainpuri  18,Rural,8,53083,28656,24427,38855,21689,17166,38855,21689,17166,0,0,0,0,0,0,0,0,0,0,0,0
C3010,09,18,0000,District - Mainpuri  18,Rural,9,30581,16237,14344,24754,13557,11197,24754,13557,11197,0,0,0,0,0,0,0,0,0,0,0,0
C3010,09,18,0000,District - Mainpuri  18,Rural,10,56438,31826,24612,45590,26465,19125,45590,26465,19125,0,0,0,0,0,0,0,0,0,0,0,0
C3010,09,18,0000,District - Mainpuri  18,Rural,11,26542,14467,12075,22569,12744,9825,22569,12744,9825,0,0,0,0,0,0,0,0,0,0,0,0
C3010,09,18,0000,District - Mainpuri  18,Rural,12,39888,22367,17521,32662,19117,13545,32662,19117,13545,0,0,0,0,0,0,0,0,0,0,0,0
C3010,09,18,0000,District - Mainpuri  18,Rural,13,31127,16476,14651,24475,13924,10551,24475,13924,10551,0,0,0,0,0,0,0,0,0,0,0,0
C3010,09,18,0000,District - Mainpuri  18,Rural,14,29810,16557,13253,21804,13337,8467,21804,13337,8467,0,0,0,0,0,0,0,0,0,0,0,0
C3010,09,18,0000,District - Mainpuri  18,Rural,15-19,129684,77938,51746,64302,44518,19784,57559,39640,17919,6484,4703,1781,138,101,37,108,66,42,13,8,5
C3010,09,18,0000,District - Mainpuri  18,Rural,20-24,102840,56342,46498,13384,10521,2863,6161,4778,1383,7028,5588,1440,133,113,20,44,32,12,18,10,8
C3010,09,18,0000,District - Mainpuri  18,Rural,25-29,97900,50908,46992,1453,1203,250,0,0,0,1304,1095,209,82,66,16,37,27,10,30,15,15
C3010,09,18,0000,District - Mainpuri  18,Rural,30-34,89959,45654,44305,542,451,91,0,0,0,476,404,72,37,30,7,13,11,2,16,6,10
C3010,09,18,0000,District - Mainpuri  18,Rural,35-59,273896,145322,128574,927,778,149,0,0,0,728,652,76,93,58,35,32,27,5,74,41,33
C3010,09,18,0000,District - Mainpuri  18,Rural,60+,99946,54312,45634,164,115,49,0,0,0,92,76,16,27,14,13,10,6,4,35,19,16
C3010,09,18,0000,District - Mainpuri  18,Rural,Age not stated,3352,1952,1400,20,15,5,0,0,0,15,13,2,1,0,1,2,0,2,2,2,0
C3010,09,18,0000,District - Mainpuri  18,Urban,All ages,233093,123276,109817,66702,36883,29819,59803,32915,26888,6533,3712,2821,271,199,72,65,40,25,30,17,13
C3010,09,18,0000,District - Mainpuri  18,Urban,0-4,25556,13542,12014,1050,583,467,1050,583,467,0,0,0,0,0,0,0,0,0,0,0,0
C3010,09,18,0000,District - Mainpuri  18,Urban,5,6970,3787,3183,1808,1001,807,1808,1001,807,0,0,0,0,0,0,0,0,0,0,0,0
C3010,09,18,0000,District - Mainpuri  18,Urban,6,6741,3560,3181,2723,1465,1258,2723,1465,1258,0,0,0,0,0,0,0,0,0,0,0,0
C3010,09,18,0000,District - Mainpuri  18,Urban,7,5417,2793,2624,3778,1962,1816,3778,1962,1816,0,0,0,0,0,0,0,0,0,0,0,0
C3010,09,18,0000,District - Mainpuri  18,Urban,8,7938,4372,3566,6031,3369,2662,6031,3369,2662,0,0,0,0,0,0,0,0,0,0,0,0
C3010,09,18,0000,District - Mainpuri  18,Urban,9,4784,2523,2261,3954,2123,1831,3954,2123,1831,0,0,0,0,0,0,0,0,0,0,0,0
C3010,09,18,0000,District - Mainpuri  18,Urban,10,8961,4968,3993,7211,4039,3172,7211,4039,3172,0,0,0,0,0,0,0,0,0,0,0,0
C3010,09,18,0000,District - Mainpuri  18,Urban,11,4686,2508,2178,4002,2146,1856,4002,2146,1856,0,0,0,0,0,0,0,0,0,0,0,0
C3010,09,18,0000,District - Mainpuri  18,Urban,12,7258,3973,3285,5974,3294,2680,5974,3294,2680,0,0,0,0,0,0,0,0,0,0,0,0
C3010,09,18,0000,District - Mainpuri  18,Urban,13,5257,2663,2594,4290,2156,2134,4290,2156,2134,0,0,0,0,0,0,0,0,0,0,0,0
C3010,09,18,0000,District - Mainpuri  18,Urban,14,5685,3006,2679,4402,2327,2075,4402,2327,2075,0,0,0,0,0,0,0,0,0,0,0,0
C3010,09,18,0000,District - Mainpuri  18,Urban,15-19,25564,14256,11308,15568,8718,6850,13021,7395,5626,2426,1240,1186,96,70,26,22,12,10,3,1,2
C3010,09,18,0000,District - Mainpuri  18,Urban,20-24,20782,11088,9694,5038,3099,1939,1559,1055,504,3383,1975,1408,75,57,18,17,9,8,4,3,1
C3010,09,18,0000,District - Mainpuri  18,Urban,25-29,17117,8671,8446,492,344,148,0,0,0,411,281,130,60,47,13,19,14,5,2,2,0
C3010,09,18,0000,District - Mainpuri  18,Urban,30-34,15462,7587,7875,140,91,49,0,0,0,117,75,42,13,10,3,4,3,1,6,3,3
C3010,09,18,0000,District - Mainpuri  18,Urban,35-59,50179,26328,23851,212,151,61,0,0,0,176,129,47,23,13,10,2,2,0,11,7,4
C3010,09,18,0000,District - Mainpuri  18,Urban,60+,14277,7378,6899,24,13,11,0,0,0,16,11,5,3,1,2,1,0,1,4,1,3
C3010,09,18,0000,District - Mainpuri  18,Urban,Age not stated,459,273,186,5,2,3,0,0,0,4,1,3,1,1,0,0,0,0,0,0,0
C3010,09,19,0000,District - Budaun  19,Total,All ages,3069426,1666669,1402757,492351,318351,174000,474113,305418,168695,16238,11605,4633,1058,761,297,596,374,222,346,193,153
C3010,09,19,0000,District - Budaun  19,Total,0-4,428949,224091,204858,5233,2920,2313,5233,2920,2313,0,0,0,0,0,0,0,0,0,0,0,0
C3010,09,19,0000,District - Budaun  19,Total,5,104222,56941,47281,10721,6297,4424,10721,6297,4424,0,0,0,0,0,0,0,0,0,0,0,0
C3010,09,19,0000,District - Budaun  19,Total,6,113585,61183,52402,26300,15504,10796,26300,15504,10796,0,0,0,0,0,0,0,0,0,0,0,0
C3010,09,19,0000,District - Budaun  19,Total,7,79898,43016,36882,36238,21304,14934,36238,21304,14934,0,0,0,0,0,0,0,0,0,0,0,0
C3010,09,19,0000,District - Budaun  19,Total,8,133160,73648,59512,66921,40714,26207,66921,40714,26207,0,0,0,0,0,0,0,0,0,0,0,0
C3010,09,19,0000,District - Budaun  19,Total,9,66660,36129,30531,39468,23641,15827,39468,23641,15827,0,0,0,0,0,0,0,0,0,0,0,0
C3010,09,19,0000,District - Budaun  19,Total,10,135881,76891,58990,74476,47362,27114,74476,47362,27114,0,0,0,0,0,0,0,0,0,0,0,0
C3010,09,19,0000,District - Budaun  19,Total,11,49138,27136,22002,29250,18515,10735,29250,18515,10735,0,0,0,0,0,0,0,0,0,0,0,0
C3010,09,19,0000,District - Budaun  19,Total,12,115254,66041,49213,61029,40642,20387,61029,40642,20387,0,0,0,0,0,0,0,0,0,0,0,0
C3010,09,19,0000,District - Budaun  19,Total,13,43756,23450,20306,22111,14348,7763,22111,14348,7763,0,0,0,0,0,0,0,0,0,0,0,0
C3010,09,19,0000,District - Budaun  19,Total,14,77422,42069,35353,32354,22153,10201,32354,22153,10201,0,0,0,0,0,0,0,0,0,0,0,0
C3010,09,19,0000,District - Budaun  19,Total,15-19,270896,160271,110625,68908,50048,18860,62560,45983,16577,5763,3698,2065,258,180,78,300,173,127,27,14,13
C3010,09,19,0000,District - Budaun  19,Total,20-24,235378,127776,107602,16003,12250,3753,7452,6035,1417,8150,5919,2231,233,190,43,109,73,36,59,33,26
C3010,09,19,0000,District - Budaun  19,Total,25-29,219907,116634,103273,1633,1351,282,0,0,0,1328,1127,201,169,130,39,85,66,19,51,28,23
C3010,09,19,0000,District - Budaun  19,Total,30-34,204378,107347,97031,544,434,110,0,0,0,370,320,50,101,66,35,25,19,6,48,29,19
C3010,09,19,0000,District - Budaun  19,Total,35-59,593053,322492,270561,963,737,226,0,0,0,555,482,73,235,159,76,56,32,24,117,64,53
C3010,09,19,0000,District - Budaun  19,Total,60+,191212,97922,93290,181,119,62,0,0,0,62,50,12,59,35,24,18,10,8,42,24,18
C3010,09,19,0000,District - Budaun  19,Total,Age not stated,6677,3632,3045,18,12,6,0,0,0,10,9,1,3,1,2,3,1,2,2,1,1
C3010,09,19,0000,District - Budaun  19,Rural,All ages,2512290,1371980,1140310,375458,252468,122990,366026,244703,121323,8091,6888,1203,665,469,196,394,246,148,282,162,120
C3010,09,19,0000,District - Budaun  19,Rural,0-4,359377,187679,171698,3316,1876,1440,3316,1876,1440,0,0,0,0,0,0,0,0,0,0,0,0
C3010,09,19,0000,District - Budaun  19,Rural,5,87120,47735,39385,7329,4416,2913,7329,4416,2913,0,0,0,0,0,0,0,0,0,0,0,0
C3010,09,19,0000,District - Budaun  19,Rural,6,95141,51423,43718,20435,12268,8167,20435,12268,8167,0,0,0,0,0,0,0,0,0,0,0,0
C3010,09,19,0000,District - Budaun  19,Rural,7,66107,35667,30440,28462,17015,11447,28462,17015,11447,0,0,0,0,0,0,0,0,0,0,0,0
C3010,09,19,0000,District - Budaun  19,Rural,8,111466,61936,49530,54177,33575,20602,54177,33575,20602,0,0,0,0,0,0,0,0,0,0,0,0
C3010,09,19,0000,District - Budaun  19,Rural,9,55386,30111,25275,31920,19443,12477,31920,19443,12477,0,0,0,0,0,0,0,0,0,0,0,0
C3010,09,19,0000,District - Budaun  19,Rural,10,112639,64337,48302,60101,39258,20843,60101,39258,20843,0,0,0,0,0,0,0,0,0,0,0,0
C3010,09,19,0000,District - Budaun  19,Rural,11,39838,22207,17631,22787,14958,7829,22787,14958,7829,0,0,0,0,0,0,0,0,0,0,0,0
C3010,09,19,0000,District - Budaun  19,Rural,12,94432,54749,39683,48426,33491,14935,48426,33491,14935,0,0,0,0,0,0,0,0,0,0,0,0
C3010,09,19,0000,District - Budaun  19,Rural,13,33914,18440,15474,16020,11086,4934,16020,11086,4934,0,0,0,0,0,0,0,0,0,0,0,0
C3010,09,19,0000,District - Budaun  19,Rural,14,61852,34049,27803,24251,17725,6526,24251,17725,6526,0,0,0,0,0,0,0,0,0,0,0,0
C3010,09,19,0000,District - Budaun  19,Rural,15-19,210788,127336,83452,46337,37287,9050,43315,34939,8376,2671,2125,546,140,103,37,190,110,80,21,10,11
C3010,09,19,0000,District - Budaun  19,Rural,20-24,187702,101584,86118,9582,8144,1438,5487,4653,834,3864,3333,531,109,81,28,72,47,25,50,30,20
C3010,09,19,0000,District - Budaun  19,Rural,25-29,180293,96132,84161,1021,897,124,0,0,0,834,765,69,100,75,25,49,37,12,38,20,18
C3010,09,19,0000,District - Budaun  19,Rural,30-34,168408,89015,79393,396,324,72,0,0,0,272,245,27,66,42,24,19,13,6,39,24,15
C3010,09,19,0000,District - Budaun  19,Rural,35-59,481726,263548,218178,754,605,149,0,0,0,406,380,26,201,139,62,47,28,19,100,58,42
C3010,09,19,0000,District - Budaun  19,Rural,60+,160452,82960,77492,134,93,41,0,0,0,39,36,3,47,28,19,16,10,6,32,19,13
C3010,09,19,0000,District - Budaun  19,Rural,Age not stated,5649,3072,2577,10,7,3,0,0,0,5,4,1,2,1,1,1,1,0,2,1,1
C3010,09,19,0000,District - Budaun  19,Urban,All ages,557136,294689,262447,116893,65883,51010,108087,60715,47372,8147,4717,3430,393,292,101,202,128,74,64,31,33
C3010,09,19,0000,District - Budaun  19,Urban,0-4,69572,36412,33160,1917,1044,873,1917,1044,873,0,0,0,0,0,0,0,0,0,0,0,0
C3010,09,19,0000,District - Budaun  19,Urban,5,17102,9206,7896,3392,1881,1511,3392,1881,1511,0,0,0,0,0,0,0,0,0,0,0,0
C3010,09,19,0000,District - Budaun  19,Urban,6,18444,9760,8684,5865,3236,2629,5865,3236,2629,0,0,0,0,0,0,0,0,0,0,0,0
C3010,09,19,0000,District - Budaun  19,Urban,7,13791,7349,6442,7776,4289,3487,7776,4289,3487,0,0,0,0,0,0,0,0,0,0,0,0
C3010,09,19,0000,District - Budaun  19,Urban,8,21694,11712,9982,12744,7139,5605,12744,7139,5605,0,0,0,0,0,0,0,0,0,0,0,0
C3010,09,19,0000,District - Budaun  19,Urban,9,11274,6018,5256,7548,4198,3350,7548,4198,3350,0,0,0,0,0,0,0,0,0,0,0,0
C3010,09,19,0000,District - Budaun  19,Urban,10,23242,12554,10688,14375,8104,6271,14375,8104,6271,0,0,0,0,0,0,0,0,0,0,0,0
C3010,09,19,0000,District - Budaun  19,Urban,11,9300,4929,4371,6463,3557,2906,6463,3557,2906,0,0,0,0,0,0,0,0,0,0,0,0
C3010,09,19,0000,District - Budaun  19,Urban,12,20822,11292,9530,12603,7151,5452,12603,7151,5452,0,0,0,0,0,0,0,0,0,0,0,0
C3010,09,19,0000,District - Budaun  19,Urban,13,9842,5010,4832,6091,3262,2829,6091,3262,2829,0,0,0,0,0,0,0,0,0,0,0,0
C3010,09,19,0000,District - Budaun  19,Urban,14,15570,8020,7550,8103,4428,3675,8103,4428,3675,0,0,0,0,0,0,0,0,0,0,0,0
C3010,09,19,0000,District - Budaun  19,Urban,15-19,60108,32935,27173,22571,12761,9810,19245,11044,8201,3092,1573,1519,118,77,41,110,63,47,6,4,2
C3010,09,19,0000,District - Budaun  19,Urban,20-24,47676,26192,21484,6421,4106,2315,1965,1382,583,4286,2586,1700,124,109,15,37,26,11,9,3,6
C3010,09,19,0000,District - Budaun  19,Urban,25-29,39614,20502,19112,612,454,158,0,0,0,494,362,132,69,55,14,36,29,7,13,8,5
C3010,09,19,0000,District - Budaun  19,Urban,30-34,35970,18332,17638,148,110,38,0,0,0,98,75,23,35,24,11,6,6,0,9,5,4
C3010,09,19,0000,District - Budaun  19,Urban,35-59,111327,58944,52383,209,132,77,0,0,0,149,102,47,34,20,14,9,4,5,17,6,11
C3010,09,19,0000,District - Budaun  19,Urban,60+,30760,14962,15798,47,26,21,0,0,0,23,14,9,12,7,5,2,0,2,10,5,5
C3010,09,19,0000,District - Budaun  19,Urban,Age not stated,1028,560,468,8,5,3,0,0,0,5,5,0,1,0,1,2,0,2,0,0,0
C3010,09,20,0000,District - Bareilly  20,Total,All ages,3618589,1934119,1684470,714766,434411,280355,662316,403197,259119,36373,23092,13281,2455,1685,770,2317,1302,1015,11305,5135,6170
C3010,09,20,0000,District - Bareilly  20,Total,0-4,474688,247708,226980,8932,4910,4022,8932,4910,4022,0,0,0,0,0,0,0,0,0,0,0,0
C3010,09,20,0000,District - Bareilly  20,Total,5,118442,63530,54912,17840,10229,7611,17840,10229,7611,0,0,0,0,0,0,0,0,0,0,0,0
C3010,09,20,0000,District - Bareilly  20,Total,6,126087,66122,59965,36538,20766,15772,36538,20766,15772,0,0,0,0,0,0,0,0,0,0,0,0
C3010,09,20,0000,District - Bareilly  20,Total,7,94766,50462,44304,50406,28965,21441,50406,28965,21441,0,0,0,0,0,0,0,0,0,0,0,0
C3010,09,20,0000,District - Bareilly  20,Total,8,150423,80124,70299,86876,50415,36461,86876,50415,36461,0,0,0,0,0,0,0,0,0,0,0,0
C3010,09,20,0000,District - Bareilly  20,Total,9,78021,41597,36424,51532,29664,21868,51532,29664,21868,0,0,0,0,0,0,0,0,0,0,0,0
C3010,09,20,0000,District - Bareilly  20,Total,10,153117,83377,69740,94979,56882,38097,94979,56882,38097,0,0,0,0,0,0,0,0,0,0,0,0
C3010,09,20,0000,District - Bareilly  20,Total,11,60340,32488,27852,40083,23861,16222,40083,23861,16222,0,0,0,0,0,0,0,0,0,0,0,0
C3010,09,20,0000,District - Bareilly  20,Total,12,133762,73359,60403,79539,49366,30173,79539,49366,30173,0,0,0,0,0,0,0,0,0,0,0,0
C3010,09,20,0000,District - Bareilly  20,Total,13,59145,30475,28670,34185,20318,13867,34185,20318,13867,0,0,0,0,0,0,0,0,0,0,0,0
C3010,09,20,0000,District - Bareilly  20,Total,14,95191,49648,45543,46221,28978,17243,46221,28978,17243,0,0,0,0,0,0,0,0,0,0,0,0
C3010,09,20,0000,District - Bareilly  20,Total,15-19,355717,201130,154587,117515,77663,39852,102703,69248,33455,11936,6912,5024,767,471,296,1229,604,625,880,428,452
C3010,09,20,0000,District - Bareilly  20,Total,20-24,292440,157101,135339,35029,23615,11414,12482,9595,2887,19028,12247,6781,630,463,167,392,253,139,2497,1057,1440
C3010,09,20,0000,District - Bareilly  20,Total,25-29,263612,137565,126047,6331,3842,2489,0,0,0,3015,2269,746,481,354,127,227,143,84,2608,1076,1532
C3010,09,20,0000,District - Bareilly  20,Total,30-34,242057,124897,117160,3488,1788,1700,0,0,0,794,560,234,159,117,42,120,71,49,2415,1040,1375
C3010,09,20,0000,District - Bareilly  20,Total,35-59,708958,383970,324988,4658,2738,1920,0,0,0,1375,940,435,339,230,109,290,188,102,2654,1380,1274
C3010,09,20,0000,District - Bareilly  20,Total,60+,207303,108094,99209,568,379,189,0,0,0,191,142,49,77,49,28,55,39,16,245,149,96
C3010,09,20,0000,District - Bareilly  20,Total,Age not stated,4520,2472,2048,46,32,14,0,0,0,34,22,12,2,1,1,4,4,0,6,5,1
C3010,09,20,0000,District - Bareilly  20,Rural,All ages,2427139,1303590,1123549,451203,288473,162730,427871,273690,154181,10428,8810,1618,709,484,225,1314,641,673,10881,4848,6033
C3010,09,20,0000,District - Bareilly  20,Rural,0-4,349953,182410,167543,4153,2341,1812,4153,2341,1812,0,0,0,0,0,0,0,0,0,0,0,0
C3010,09,20,0000,District - Bareilly  20,Rural,5,86212,46333,39879,10318,6152,4166,10318,6152,4166,0,0,0,0,0,0,0,0,0,0,0,0
C3010,09,20,0000,District - Bareilly  20,Rural,6,91796,48345,43451,25142,14648,10494,25142,14648,10494,0,0,0,0,0,0,0,0,0,0,0,0
C3010,09,20,0000,District - Bareilly  20,Rural,7,67273,35943,31330,35052,20555,14497,35052,20555,14497,0,0,0,0,0,0,0,0,0,0,0,0
C3010,09,20,0000,District - Bareilly  20,Rural,8,107779,57571,50208,62046,36716,25330,62046,36716,25330,0,0,0,0,0,0,0,0,0,0,0,0
C3010,09,20,0000,District - Bareilly  20,Rural,9,54683,29222,25461,36129,21213,14916,36129,21213,14916,0,0,0,0,0,0,0,0,0,0,0,0
C3010,09,20,0000,District - Bareilly  20,Rural,10,106629,58485,48144,66269,40918,25351,66269,40918,25351,0,0,0,0,0,0,0,0,0,0,0,0
C3010,09,20,0000,District - Bareilly  20,Rural,11,39505,21395,18110,25903,16007,9896,25903,16007,9896,0,0,0,0,0,0,0,0,0,0,0,0
C3010,09,20,0000,District - Bareilly  20,Rural,12,90844,50418,40426,53420,34929,18491,53420,34929,18491,0,0,0,0,0,0,0,0,0,0,0,0
C3010,09,20,0000,District - Bareilly  20,Rural,13,36133,18892,17241,19788,12750,7038,19788,12750,7038,0,0,0,0,0,0,0,0,0,0,0,0
C3010,09,20,0000,District - Bareilly  20,Rural,14,61488,32454,29034,28087,19270,8817,28087,19270,8817,0,0,0,0,0,0,0,0,0,0,0,0
C3010,09,20,0000,District - Bareilly  20,Rural,15-19,216418,125811,90607,60036,46077,13959,54739,42422,12317,3498,2771,727,193,132,61,770,346,424,836,406,430
C3010,09,20,0000,District - Bareilly  20,Rural,20-24,184897,97909,86988,14850,11533,3317,6825,5769,1056,5263,4522,741,144,114,30,188,107,81,2430,1021,1409
C3010,09,20,0000,District - Bareilly  20,Rural,25-29,175548,91890,83658,3744,2053,1691,0,0,0,963,874,89,112,82,30,117,62,55,2552,1035,1517
C3010,09,20,0000,District - Bareilly  20,Rural,30-34,161297,84023,77274,2747,1315,1432,0,0,0,269,244,25,60,38,22,54,24,30,2364,1009,1355
C3010,09,20,0000,District - Bareilly  20,Rural,35-59,450074,245414,204660,3175,1779,1396,0,0,0,389,356,33,156,93,63,146,76,70,2484,1254,1230
C3010,09,20,0000,District - Bareilly  20,Rural,60+,143317,75266,68051,322,197,125,0,0,0,33,31,2,43,24,19,36,23,13,210,119,91
C3010,09,20,0000,District - Bareilly  20,Rural,Age not stated,3293,1809,1484,22,20,2,0,0,0,13,12,1,1,1,0,3,3,0,5,4,1
C3010,09,20,0000,District - Bareilly  20,Urban,All ages,1191450,630529,560921,263563,145938,117625,234445,129507,104938,25945,14282,11663,1746,1201,545,1003,661,342,424,287,137
C3010,09,20,0000,District - Bareilly  20,Urban,0-4,124735,65298,59437,4779,2569,2210,4779,2569,2210,0,0,0,0,0,0,0,0,0,0,0,0
C3010,09,20,0000,District - Bareilly  20,Urban,5,32230,17197,15033,7522,4077,3445,7522,4077,3445,0,0,0,0,0,0,0,0,0,0,0,0
C3010,09,20,0000,District - Bareilly  20,Urban,6,34291,17777,16514,11396,6118,5278,11396,6118,5278,0,0,0,0,0,0,0,0,0,0,0,0
C3010,09,20,0000,District - Bareilly  20,Urban,7,27493,14519,12974,15354,8410,6944,15354,8410,6944,0,0,0,0,0,0,0,0,0,0,0,0
C3010,09,20,0000,District - Bareilly  20,Urban,8,42644,22553,20091,24830,13699,11131,24830,13699,11131,0,0,0,0,0,0,0,0,0,0,0,0
C3010,09,20,0000,District - Bareilly  20,Urban,9,23338,12375,10963,15403,8451,6952,15403,8451,6952,0,0,0,0,0,0,0,0,0,0,0,0
C3010,09,20,0000,District - Bareilly  20,Urban,10,46488,24892,21596,28710,15964,12746,28710,15964,12746,0,0,0,0,0,0,0,0,0,0,0,0
C3010,09,20,0000,District - Bareilly  20,Urban,11,20835,11093,9742,14180,7854,6326,14180,7854,6326,0,0,0,0,0,0,0,0,0,0,0,0
C3010,09,20,0000,District - Bareilly  20,Urban,12,42918,22941,19977,26119,14437,11682,26119,14437,11682,0,0,0,0,0,0,0,0,0,0,0,0
C3010,09,20,0000,District - Bareilly  20,Urban,13,23012,11583,11429,14397,7568,6829,14397,7568,6829,0,0,0,0,0,0,0,0,0,0,0,0
C3010,09,20,0000,District - Bareilly  20,Urban,14,33703,17194,16509,18134,9708,8426,18134,9708,8426,0,0,0,0,0,0,0,0,0,0,0,0
C3010,09,20,0000,District - Bareilly  20,Urban,15-19,139299,75319,63980,57479,31586,25893,47964,26826,21138,8438,4141,4297,574,339,235,459,258,201,44,22,22
C3010,09,20,0000,District - Bareilly  20,Urban,20-24,107543,59192,48351,20179,12082,8097,5657,3826,1831,13765,7725,6040,486,349,137,204,146,58,67,36,31
C3010,09,20,0000,District - Bareilly  20,Urban,25-29,88064,45675,42389,2587,1789,798,0,0,0,2052,1395,657,369,272,97,110,81,29,56,41,15
C3010,09,20,0000,District - Bareilly  20,Urban,30-34,80760,40874,39886,741,473,268,0,0,0,525,316,209,99,79,20,66,47,19,51,31,20
C3010,09,20,0000,District - Bareilly  20,Urban,35-59,258884,138556,120328,1483,959,524,0,0,0,986,584,402,183,137,46,144,112,32,170,126,44
C3010,09,20,0000,District - Bareilly  20,Urban,60+,63986,32828,31158,246,182,64,0,0,0,158,111,47,34,25,9,19,16,3,35,30,5
C3010,09,20,0000,District - Bareilly  20,Urban,Age not stated,1227,663,564,24,12,12,0,0,0,21,10,11,1,0,1,1,1,0,1,1,0
C3010,09,21,0000,District - Pilibhit  21,Total,All ages,1645183,876368,768815,327919,201021,126898,311811,189334,122477,14263,10367,3896,731,553,178,753,562,191,361,205,156
C3010,09,21,0000,District - Pilibhit  21,Total,0-4,212822,109072,103750,3534,1923,1611,3534,1923,1611,0,0,0,0,0,0,0,0,0,0,0,0
C3010,09,21,0000,District - Pilibhit  21,Total,5,55272,29376,25896,7489,4283,3206,7489,4283,3206,0,0,0,0,0,0,0,0,0,0,0,0
C3010,09,21,0000,District - Pilibhit  21,Total,6,56434,28851,27583,15715,8637,7078,15715,8637,7078,0,0,0,0,0,0,0,0,0,0,0,0
C3010,09,21,0000,District - Pilibhit  21,Total,7,45051,23577,21474,26017,14630,11387,26017,14630,11387,0,0,0,0,0,0,0,0,0,0,0,0
C3010,09,21,0000,District - Pilibhit  21,Total,8,67764,35796,31968,42572,24187,18385,42572,24187,18385,0,0,0,0,0,0,0,0,0,0,0,0
C3010,09,21,0000,District - Pilibhit  21,Total,9,37987,19850,18137,26663,15019,11644,26663,15019,11644,0,0,0,0,0,0,0,0,0,0,0,0
C3010,09,21,0000,District - Pilibhit  21,Total,10,70249,38633,31616,46319,27759,18560,46319,27759,18560,0,0,0,0,0,0,0,0,0,0,0,0
C3010,09,21,0000,District - Pilibhit  21,Total,11,27566,14638,12928,19239,11242,7997,19239,11242,7997,0,0,0,0,0,0,0,0,0,0,0,0
C3010,09,21,0000,District - Pilibhit  21,Total,12,59151,32626,26525,36706,22823,13883,36706,22823,13883,0,0,0,0,0,0,0,0,0,0,0,0
C3010,09,21,0000,District - Pilibhit  21,Total,13,26841,13833,13008,16031,9649,6382,16031,9649,6382,0,0,0,0,0,0,0,0,0,0,0,0
C3010,09,21,0000,District - Pilibhit  21,Total,14,40902,21339,19563,20384,12924,7460,20384,12924,7460,0,0,0,0,0,0,0,0,0,0,0,0
C3010,09,21,0000,District - Pilibhit  21,Total,15-19,157548,90341,67207,51076,35705,15371,45356,31885,13471,5104,3379,1725,175,119,56,409,301,108,32,21,11
C3010,09,21,0000,District - Pilibhit  21,Total,20-24,131971,70984,60987,13260,9957,3303,5786,4373,1413,7108,5304,1804,148,125,23,159,126,33,59,29,30
C3010,09,21,0000,District - Pilibhit  21,Total,25-29,119771,62447,57324,1502,1251,251,0,0,0,1197,1011,186,165,143,22,83,66,17,57,31,26
C3010,09,21,0000,District - Pilibhit  21,Total,30-34,108636,55424,53212,455,346,109,0,0,0,307,254,53,69,51,18,26,17,9,53,24,29
C3010,09,21,0000,District - Pilibhit  21,Total,35-59,323802,175085,148717,746,559,187,0,0,0,429,342,87,139,97,42,51,36,15,127,84,43
C3010,09,21,0000,District - Pilibhit  21,Total,60+,99327,52060,47267,160,100,60,0,0,0,87,61,26,30,14,16,20,12,8,23,13,10
C3010,09,21,0000,District - Pilibhit  21,Total,Age not stated,4089,2436,1653,51,27,24,0,0,0,31,16,15,5,4,1,5,4,1,10,3,7
C3010,09,21,0000,District - Pilibhit  21,Rural,All ages,1350959,720322,630637,259640,162677,96963,251163,155744,95419,7316,6136,1180,406,297,109,441,320,121,314,180,134
C3010,09,21,0000,District - Pilibhit  21,Rural,0-4,183113,93655,89458,2493,1323,1170,2493,1323,1170,0,0,0,0,0,0,0,0,0,0,0,0
C3010,09,21,0000,District - Pilibhit  21,Rural,5,47463,25262,22201,5787,3346,2441,5787,3346,2441,0,0,0,0,0,0,0,0,0,0,0,0
C3010,09,21,0000,District - Pilibhit  21,Rural,6,48262,24593,23669,13127,7250,5877,13127,7250,5877,0,0,0,0,0,0,0,0,0,0,0,0
C3010,09,21,0000,District - Pilibhit  21,Rural,7,37807,19744,18063,21837,12318,9519,21837,12318,9519,0,0,0,0,0,0,0,0,0,0,0,0
C3010,09,21,0000,District - Pilibhit  21,Rural,8,57303,30277,27026,36167,20670,15497,36167,20670,15497,0,0,0,0,0,0,0,0,0,0,0,0
C3010,09,21,0000,District - Pilibhit  21,Rural,9,31995,16681,15314,22591,12762,9829,22591,12762,9829,0,0,0,0,0,0,0,0,0,0,0,0
C3010,09,21,0000,District - Pilibhit  21,Rural,10,58442,32279,26163,38717,23539,15178,38717,23539,15178,0,0,0,0,0,0,0,0,0,0,0,0
C3010,09,21,0000,District - Pilibhit  21,Rural,11,22286,11855,10431,15556,9272,6284,15556,9272,6284,0,0,0,0,0,0,0,0,0,0,0,0
C3010,09,21,0000,District - Pilibhit  21,Rural,12,48340,26747,21593,29773,18927,10846,29773,18927,10846,0,0,0,0,0,0,0,0,0,0,0,0
C3010,09,21,0000,District - Pilibhit  21,Rural,13,21162,10990,10172,12327,7720,4607,12327,7720,4607,0,0,0,0,0,0,0,0,0,0,0,0
C3010,09,21,0000,District - Pilibhit  21,Rural,14,32223,16925,15298,15516,10335,5181,15516,10335,5181,0,0,0,0,0,0,0,0,0,0,0,0
C3010,09,21,0000,District - Pilibhit  21,Rural,15-19,122542,71141,51401,35866,27140,8726,32972,24915,8057,2550,1987,563,90,60,30,230,162,68,24,16,8
C3010,09,21,0000,District - Pilibhit  21,Rural,20-24,105484,55988,49496,8062,6590,1472,4300,3367,933,3572,3087,485,65,51,14,78,60,18,47,25,22
C3010,09,21,0000,District - Pilibhit  21,Rural,25-29,99023,51528,47495,881,758,123,0,0,0,703,627,76,72,59,13,58,46,12,48,26,22
C3010,09,21,0000,District - Pilibhit  21,Rural,30-34,89684,46060,43624,314,250,64,0,0,0,193,178,15,49,35,14,20,14,6,52,23,29
C3010,09,21,0000,District - Pilibhit  21,Rural,35-59,259436,140691,118745,487,385,102,0,0,0,236,206,30,102,77,25,37,27,10,112,75,37
C3010,09,21,0000,District - Pilibhit  21,Rural,60+,83033,43897,39136,106,73,33,0,0,0,48,42,6,24,12,12,13,7,6,21,12,9
C3010,09,21,0000,District - Pilibhit  21,Rural,Age not stated,3361,2009,1352,33,19,14,0,0,0,14,9,5,4,3,1,5,4,1,10,3,7
C3010,09,21,0000,District - Pilibhit  21,Urban,All ages,294224,156046,138178,68279,38344,29935,60648,33590,27058,6947,4231,2716,325,256,69,312,242,70,47,25,22
C3010,09,21,0000,District - Pilibhit  21,Urban,0-4,29709,15417,14292,1041,600,441,1041,600,441,0,0,0,0,0,0,0,0,0,0,0,0
C3010,09,21,0000,District - Pilibhit  21,Urban,5,7809,4114,3695,1702,937,765,1702,937,765,0,0,0,0,0,0,0,0,0,0,0,0
C3010,09,21,0000,District - Pilibhit  21,Urban,6,8172,4258,3914,2588,1387,1201,2588,1387,1201,0,0,0,0,0,0,0,0,0,0,0,0
C3010,09,21,0000,District - Pilibhit  21,Urban,7,7244,3833,3411,4180,2312,1868,4180,2312,1868,0,0,0,0,0,0,0,0,0,0,0,0
C3010,09,21,0000,District - Pilibhit  21,Urban,8,10461,5519,4942,6405,3517,2888,6405,3517,2888,0,0,0,0,0,0,0,0,0,0,0,0
C3010,09,21,0000,District - Pilibhit  21,Urban,9,5992,3169,2823,4072,2257,1815,4072,2257,1815,0,0,0,0,0,0,0,0,0,0,0,0
C3010,09,21,0000,District - Pilibhit  21,Urban,10,11807,6354,5453,7602,4220,3382,7602,4220,3382,0,0,0,0,0,0,0,0,0,0,0,0
C3010,09,21,0000,District - Pilibhit  21,Urban,11,5280,2783,2497,3683,1970,1713,3683,1970,1713,0,0,0,0,0,0,0,0,0,0,0,0
C3010,09,21,0000,District - Pilibhit  21,Urban,12,10811,5879,4932,6933,3896,3037,6933,3896,3037,0,0,0,0,0,0,0,0,0,0,0,0
C3010,09,21,0000,District - Pilibhit  21,Urban,13,5679,2843,2836,3704,1929,1775,3704,1929,1775,0,0,0,0,0,0,0,0,0,0,0,0
C3010,09,21,0000,District - Pilibhit  21,Urban,14,8679,4414,4265,4868,2589,2279,4868,2589,2279,0,0,0,0,0,0,0,0,0,0,0,0
C3010,09,21,0000,District - Pilibhit  21,Urban,15-19,35006,19200,15806,15210,8565,6645,12384,6970,5414,2554,1392,1162,85,59,26,179,139,40,8,5,3
C3010,09,21,0000,District - Pilibhit  21,Urban,20-24,26487,14996,11491,5198,3367,1831,1486,1006,480,3536,2217,1319,83,74,9,81,66,15,12,4,8
C3010,09,21,0000,District - Pilibhit  21,Urban,25-29,20748,10919,9829,621,493,128,0,0,0,494,384,110,93,84,9,25,20,5,9,5,4
C3010,09,21,0000,District - Pilibhit  21,Urban,30-34,18952,9364,9588,141,96,45,0,0,0,114,76,38,20,16,4,6,3,3,1,1,0
C3010,09,21,0000,District - Pilibhit  21,Urban,35-59,64366,34394,29972,259,174,85,0,0,0,193,136,57,37,20,17,14,9,5,15,9,6
C3010,09,21,0000,District - Pilibhit  21,Urban,60+,16294,8163,8131,54,27,27,0,0,0,39,19,20,6,2,4,7,5,2,2,1,1
C3010,09,21,0000,District - Pilibhit  21,Urban,Age not stated,728,427,301,18,8,10,0,0,0,17,7,10,1,1,0,0,0,0,0,0,0
C3010,09,22,0000,District - Shahjahanpur  22,Total,All ages,2547855,1383408,1164447,484471,294908,189563,458590,277454,181136,19582,14116,5466,1118,800,318,736,469,267,4445,2069,2376
C3010,09,22,0000,District - Shahjahanpur  22,Total,0-4,328097,171695,156402,5418,2930,2488,5418,2930,2488,0,0,0,0,0,0,0,0,0,0,0,0
C3010,09,22,0000,District - Shahjahanpur  22,Total,5,86519,46830,39689,11720,6716,5004,11720,6716,5004,0,0,0,0,0,0,0,0,0,0,0,0
C3010,09,22,0000,District - Shahjahanpur  22,Total,6,87421,46068,41353,23978,13304,10674,23978,13304,10674,0,0,0,0,0,0,0,0,0,0,0,0
C3010,09,22,0000,District - Shahjahanpur  22,Total,7,66224,34885,31339,36654,20433,16221,36654,20433,16221,0,0,0,0,0,0,0,0,0,0,0,0
C3010,09,22,0000,District - Shahjahanpur  22,Total,8,106399,57334,49065,63717,36438,27279,63717,36438,27279,0,0,0,0,0,0,0,0,0,0,0,0
C3010,09,22,0000,District - Shahjahanpur  22,Total,9,55177,29241,25936,37153,20963,16190,37153,20963,16190,0,0,0,0,0,0,0,0,0,0,0,0
C3010,09,22,0000,District - Shahjahanpur  22,Total,10,109207,60899,48308,69570,41695,27875,69570,41695,27875,0,0,0,0,0,0,0,0,0,0,0,0
C3010,09,22,0000,District - Shahjahanpur  22,Total,11,40681,21934,18747,27444,16056,11388,27444,16056,11388,0,0,0,0,0,0,0,0,0,0,0,0
C3010,09,22,0000,District - Shahjahanpur  22,Total,12,90878,51184,39694,55709,34626,21083,55709,34626,21083,0,0,0,0,0,0,0,0,0,0,0,0
C3010,09,22,0000,District - Shahjahanpur  22,Total,13,38342,20182,18160,22880,13597,9283,22880,13597,9283,0,0,0,0,0,0,0,0,0,0,0,0
C3010,09,22,0000,District - Shahjahanpur  22,Total,14,60739,32500,28239,30362,19071,11291,30362,19071,11291,0,0,0,0,0,0,0,0,0,0,0,0
C3010,09,22,0000,District - Shahjahanpur  22,Total,15-19,228940,133859,95081,72646,49976,22670,64922,44905,20017,6761,4478,2283,304,227,77,368,220,148,291,146,145
C3010,09,22,0000,District - Shahjahanpur  22,Total,20-24,206504,111353,95151,19696,14195,5501,9063,6720,2343,9397,6861,2536,251,190,61,125,85,40,860,339,521
C3010,09,22,0000,District - Shahjahanpur  22,Total,25-29,194587,104165,90422,3151,2178,973,0,0,0,1871,1532,339,194,153,41,90,61,29,996,432,564
C3010,09,22,0000,District - Shahjahanpur  22,Total,30-34,173940,91746,82194,1536,894,642,0,0,0,542,431,111,88,51,37,49,32,17,857,380,477
C3010,09,22,0000,District - Shahjahanpur  22,Total,35-59,511741,282062,229679,2478,1580,898,0,0,0,876,704,172,230,152,78,78,54,24,1294,670,624
C3010,09,22,0000,District - Shahjahanpur  22,Total,60+,156141,83836,72305,317,223,94,0,0,0,107,90,17,49,26,23,25,16,9,136,91,45
C3010,09,22,0000,District - Shahjahanpur  22,Total,Age not stated,6318,3635,2683,42,33,9,0,0,0,28,20,8,2,1,1,1,1,0,11,11,0
C3010,09,22,0000,District - Shahjahanpur  22,Rural,All ages,2022329,1101426,920903,370765,232426,138339,354669,220683,133986,10521,8945,1576,638,425,213,562,349,213,4375,2024,2351
C3010,09,22,0000,District - Shahjahanpur  22,Rural,0-4,270903,139841,131062,3733,2015,1718,3733,2015,1718,0,0,0,0,0,0,0,0,0,0,0,0
C3010,09,22,0000,District - Shahjahanpur  22,Rural,5,71372,38425,32947,8626,5001,3625,8626,5001,3625,0,0,0,0,0,0,0,0,0,0,0,0
C3010,09,22,0000,District - Shahjahanpur  22,Rural,6,71654,37253,34401,19192,10706,8486,19192,10706,8486,0,0,0,0,0,0,0,0,0,0,0,0
C3010,09,22,0000,District - Shahjahanpur  22,Rural,7,54231,28569,25662,29899,16846,13053,29899,16846,13053,0,0,0,0,0,0,0,0,0,0,0,0
C3010,09,22,0000,District - Shahjahanpur  22,Rural,8,87791,47362,40429,52763,30493,22270,52763,30493,22270,0,0,0,0,0,0,0,0,0,0,0,0
C3010,09,22,0000,District - Shahjahanpur  22,Rural,9,44697,23618,21079,30330,17226,13104,30330,17226,13104,0,0,0,0,0,0,0,0,0,0,0,0
C3010,09,22,0000,District - Shahjahanpur  22,Rural,10,88398,49626,38772,56777,34652,22125,56777,34652,22125,0,0,0,0,0,0,0,0,0,0,0,0
C3010,09,22,0000,District - Shahjahanpur  22,Rural,11,31676,17257,14419,21418,12857,8561,21418,12857,8561,0,0,0,0,0,0,0,0,0,0,0,0
C3010,09,22,0000,District - Shahjahanpur  22,Rural,12,72125,41170,30955,44175,28358,15817,44175,28358,15817,0,0,0,0,0,0,0,0,0,0,0,0
C3010,09,22,0000,District - Shahjahanpur  22,Rural,13,28089,15063,13026,16487,10311,6176,16487,10311,6176,0,0,0,0,0,0,0,0,0,0,0,0
C3010,09,22,0000,District - Shahjahanpur  22,Rural,14,45952,24983,20969,22234,14769,7465,22234,14769,7465,0,0,0,0,0,0,0,0,0,0,0,0
C3010,09,22,0000,District - Shahjahanpur  22,Rural,15-19,168060,101079,66981,47448,36147,11301,42977,32703,10274,3708,3001,707,173,129,44,305,173,132,285,141,144
C3010,09,22,0000,District - Shahjahanpur  22,Rural,20-24,159186,85060,74126,11924,9362,2562,6058,4746,1312,4821,4148,673,108,75,33,86,59,27,851,334,517
C3010,09,22,0000,District - Shahjahanpur  22,Rural,25-29,155651,83392,72259,2221,1521,700,0,0,0,1082,987,95,96,69,27,57,40,17,986,425,561
C3010,09,22,0000,District - Shahjahanpur  22,Rural,30-34,139341,73780,65561,1274,720,554,0,0,0,327,290,37,62,32,30,36,23,13,849,375,474
C3010,09,22,0000,District - Shahjahanpur  22,Rural,35-59,400693,222815,177878,1995,1247,748,0,0,0,510,453,57,162,101,61,56,39,17,1267,654,613
C3010,09,22,0000,District - Shahjahanpur  22,Rural,60+,127422,69206,58216,240,168,72,0,0,0,55,50,5,36,18,18,22,15,7,127,85,42
C3010,09,22,0000,District - Shahjahanpur  22,Rural,Age not stated,5088,2927,2161,29,27,2,0,0,0,18,16,2,1,1,0,0,0,0,10,10,0
C3010,09,22,0000,District - Shahjahanpur  22,Urban,All ages,525526,281982,243544,113706,62482,51224,103921,56771,47150,9061,5171,3890,480,375,105,174,120,54,70,45,25
C3010,09,22,0000,District - Shahjahanpur  22,Urban,0-4,57194,31854,25340,1685,915,770,1685,915,770,0,0,0,0,0,0,0,0,0,0,0,0
C3010,09,22,0000,District - Shahjahanpur  22,Urban,5,15147,8405,6742,3094,1715,1379,3094,1715,1379,0,0,0,0,0,0,0,0,0,0,0,0
C3010,09,22,0000,District - Shahjahanpur  22,Urban,6,15767,8815,6952,4786,2598,2188,4786,2598,2188,0,0,0,0,0,0,0,0,0,0,0,0
C3010,09,22,0000,District - Shahjahanpur  22,Urban,7,11993,6316,5677,6755,3587,3168,6755,3587,3168,0,0,0,0,0,0,0,0,0,0,0,0
C3010,09,22,0000,District - Shahjahanpur  22,Urban,8,18608,9972,8636,10954,5945,5009,10954,5945,5009,0,0,0,0,0,0,0,0,0,0,0,0
C3010,09,22,0000,District - Shahjahanpur  22,Urban,9,10480,5623,4857,6823,3737,3086,6823,3737,3086,0,0,0,0,0,0,0,0,0,0,0,0
C3010,09,22,0000,District - Shahjahanpur  22,Urban,10,20809,11273,9536,12793,7043,5750,12793,7043,5750,0,0,0,0,0,0,0,0,0,0,0,0
C3010,09,22,0000,District - Shahjahanpur  22,Urban,11,9005,4677,4328,6026,3199,2827,6026,3199,2827,0,0,0,0,0,0,0,0,0,0,0,0
C3010,09,22,0000,District - Shahjahanpur  22,Urban,12,18753,10014,8739,11534,6268,5266,11534,6268,5266,0,0,0,0,0,0,0,0,0,0,0,0
C3010,09,22,0000,District - Shahjahanpur  22,Urban,13,10253,5119,5134,6393,3286,3107,6393,3286,3107,0,0,0,0,0,0,0,0,0,0,0,0
C3010,09,22,0000,District - Shahjahanpur  22,Urban,14,14787,7517,7270,8128,4302,3826,8128,4302,3826,0,0,0,0,0,0,0,0,0,0,0,0
C3010,09,22,0000,District - Shahjahanpur  22,Urban,15-19,60880,32780,28100,25198,13829,11369,21945,12202,9743,3053,1477,1576,131,98,33,63,47,16,6,5,1
C3010,09,22,0000,District - Shahjahanpur  22,Urban,20-24,47318,26293,21025,7772,4833,2939,3005,1974,1031,4576,2713,1863,143,115,28,39,26,13,9,5,4
C3010,09,22,0000,District - Shahjahanpur  22,Urban,25-29,38936,20773,18163,930,657,273,0,0,0,789,545,244,98,84,14,33,21,12,10,7,3
C3010,09,22,0000,District - Shahjahanpur  22,Urban,30-34,34599,17966,16633,262,174,88,0,0,0,215,141,74,26,19,7,13,9,4,8,5,3
C3010,09,22,0000,District - Shahjahanpur  22,Urban,35-59,111048,59247,51801,483,333,150,0,0,0,366,251,115,68,51,17,22,15,7,27,16,11
C3010,09,22,0000,District - Shahjahanpur  22,Urban,60+,28719,14630,14089,77,55,22,0,0,0,52,40,12,13,8,5,3,1,2,9,6,3
C3010,09,22,0000,District - Shahjahanpur  22,Urban,Age not stated,1230,708,522,13,6,7,0,0,0,10,4,6,1,0,1,1,1,0,1,1,0
C3010,09,23,0000,District - Kheri  23,Total,All ages,3207232,1713908,1493324,596385,361919,234466,565227,340663,224564,23469,16994,6475,1478,989,489,1690,1046,644,4521,2227,2294
C3010,09,23,0000,District - Kheri  23,Total,0-4,415269,211943,203326,7951,4270,3681,7951,4270,3681,0,0,0,0,0,0,0,0,0,0,0,0
C3010,09,23,0000,District - Kheri  23,Total,5,116208,61900,54308,16142,9223,6919,16142,9223,6919,0,0,0,0,0,0,0,0,0,0,0,0
C3010,09,23,0000,District - Kheri  23,Total,6,104561,53506,51055,29282,16102,13180,29282,16102,13180,0,0,0,0,0,0,0,0,0,0,0,0
C3010,09,23,0000,District - Kheri  23,Total,7,85069,43891,41178,45849,25221,20628,45849,25221,20628,0,0,0,0,0,0,0,0,0,0,0,0
C3010,09,23,0000,District - Kheri  23,Total,8,125475,66148,59327,72635,41164,31471,72635,41164,31471,0,0,0,0,0,0,0,0,0,0,0,0
C3010,09,23,0000,District - Kheri  23,Total,9,70198,36730,33468,46399,25926,20473,46399,25926,20473,0,0,0,0,0,0,0,0,0,0,0,0
C3010,09,23,0000,District - Kheri  23,Total,10,135378,75208,60170,82572,49268,33304,82572,49268,33304,0,0,0,0,0,0,0,0,0,0,0,0
C3010,09,23,0000,District - Kheri  23,Total,11,50843,27396,23447,34238,19919,14319,34238,19919,14319,0,0,0,0,0,0,0,0,0,0,0,0
C3010,09,23,0000,District - Kheri  23,Total,12,107261,60067,47194,64437,39342,25095,64437,39342,25095,0,0,0,0,0,0,0,0,0,0,0,0
C3010,09,23,0000,District - Kheri  23,Total,13,56637,30416,26221,33546,20129,13417,33546,20129,13417,0,0,0,0,0,0,0,0,0,0,0,0
C3010,09,23,0000,District - Kheri  23,Total,14,63993,34901,29092,33167,20707,12460,33167,20707,12460,0,0,0,0,0,0,0,0,0,0,0,0
C3010,09,23,0000,District - Kheri  23,Total,15-19,285305,168190,117115,93660,64519,29141,84894,58950,25944,7290,4681,2609,387,261,126,859,504,355,230,123,107
C3010,09,23,0000,District - Kheri  23,Total,20-24,258893,135530,123363,27014,19688,7326,14115,10442,3673,11690,8602,3088,264,183,81,268,191,77,677,270,407
C3010,09,23,0000,District - Kheri  23,Total,25-29,242759,127131,115628,3685,2753,932,0,0,0,2538,2112,426,254,190,64,171,116,55,722,335,387
C3010,09,23,0000,District - Kheri  23,Total,30-34,220453,111468,108985,1661,1029,632,0,0,0,683,554,129,141,96,45,86,46,40,751,333,418
C3010,09,23,0000,District - Kheri  23,Total,35-59,640630,347216,293414,3306,2107,1199,0,0,0,1046,876,170,302,189,113,208,125,83,1750,917,833
C3010,09,23,0000,District - Kheri  23,Total,60+,209969,112000,97969,690,461,229,0,0,0,142,116,26,111,60,51,77,50,27,360,235,125
C3010,09,23,0000,District - Kheri  23,Total,Age not stated,18331,10267,8064,151,91,60,0,0,0,80,53,27,19,10,9,21,14,7,31,14,17
C3010,09,23,0000,District - Kheri  23,Rural,All ages,2861695,1529604,1332091,508936,313611,195325,487419,298015,189404,14431,11718,2713,1173,775,398,1503,920,583,4410,2183,2227
C3010,09,23,0000,District - Kheri  23,Rural,0-4,379863,193400,186463,6572,3526,3046,6572,3526,3046,0,0,0,0,0,0,0,0,0,0,0,0
C3010,09,23,0000,District - Kheri  23,Rural,5,106389,56675,49714,13821,7940,5881,13821,7940,5881,0,0,0,0,0,0,0,0,0,0,0,0
C3010,09,23,0000,District - Kheri  23,Rural,6,95537,48776,46761,26196,14415,11781,26196,14415,11781,0,0,0,0,0,0,0,0,0,0,0,0
C3010,09,23,0000,District - Kheri  23,Rural,7,77133,39697,37436,40803,22523,18280,40803,22523,18280,0,0,0,0,0,0,0,0,0,0,0,0
C3010,09,23,0000,District - Kheri  23,Rural,8,113948,60072,53876,64771,36895,27876,64771,36895,27876,0,0,0,0,0,0,0,0,0,0,0,0
C3010,09,23,0000,District - Kheri  23,Rural,9,63504,33249,30255,41416,23316,18100,41416,23316,18100,0,0,0,0,0,0,0,0,0,0,0,0
C3010,09,23,0000,District - Kheri  23,Rural,10,121726,67778,53948,72957,43934,29023,72957,43934,29023,0,0,0,0,0,0,0,0,0,0,0,0
C3010,09,23,0000,District - Kheri  23,Rural,11,45002,24201,20801,29792,17450,12342,29792,17450,12342,0,0,0,0,0,0,0,0,0,0,0,0
C3010,09,23,0000,District - Kheri  23,Rural,12,95385,53652,41733,55985,34717,21268,55985,34717,21268,0,0,0,0,0,0,0,0,0,0,0,0
C3010,09,23,0000,District - Kheri  23,Rural,13,49585,26796,22789,28538,17520,11018,28538,17520,11018,0,0,0,0,0,0,0,0,0,0,0,0
C3010,09,23,0000,District - Kheri  23,Rural,14,55403,30423,24980,27504,17719,9785,27504,17719,9785,0,0,0,0,0,0,0,0,0,0,0,0
C3010,09,23,0000,District - Kheri  23,Rural,15-19,246491,146577,99914,73435,53452,19983,67714,49410,18304,4426,3267,1159,306,208,98,769,449,320,220,118,102
C3010,09,23,0000,District - Kheri  23,Rural,20-24,227210,118044,109166,19361,14915,4446,11350,8650,2700,6940,5721,1219,185,127,58,226,157,69,660,260,400
C3010,09,23,0000,District - Kheri  23,Rural,25-29,216927,113550,103377,2757,2100,657,0,0,0,1713,1536,177,185,135,50,151,101,50,708,328,380
C3010,09,23,0000,District - Kheri  23,Rural,30-34,197129,99793,97336,1403,870,533,0,0,0,481,424,57,114,78,36,76,39,37,732,329,403
C3010,09,23,0000,District - Kheri  23,Rural,35-59,563461,305591,257870,2889,1832,1057,0,0,0,725,651,74,266,164,102,189,114,75,1709,903,806
C3010,09,23,0000,District - Kheri  23,Rural,60+,190244,101951,88293,613,409,204,0,0,0,90,78,12,98,53,45,71,46,25,354,232,122
C3010,09,23,0000,District - Kheri  23,Rural,Age not stated,16758,9379,7379,123,78,45,0,0,0,56,41,15,19,10,9,21,14,7,27,13,14
C3010,09,23,0000,District - Kheri  23,Urban,All ages,345537,184304,161233,87449,48308,39141,77808,42648,35160,9038,5276,3762,305,214,91,187,126,61,111,44,67
C3010,09,23,0000,District - Kheri  23,Urban,0-4,35406,18543,16863,1379,744,635,1379,744,635,0,0,0,0,0,0,0,0,0,0,0,0
C3010,09,23,0000,District - Kheri  23,Urban,5,9819,5225,4594,2321,1283,1038,2321,1283,1038,0,0,0,0,0,0,0,0,0,0,0,0
C3010,09,23,0000,District - Kheri  23,Urban,6,9024,4730,4294,3086,1687,1399,3086,1687,1399,0,0,0,0,0,0,0,0,0,0,0,0
C3010,09,23,0000,District - Kheri  23,Urban,7,7936,4194,3742,5046,2698,2348,5046,2698,2348,0,0,0,0,0,0,0,0,0,0,0,0
C3010,09,23,0000,District - Kheri  23,Urban,8,11527,6076,5451,7864,4269,3595,7864,4269,3595,0,0,0,0,0,0,0,0,0,0,0,0
C3010,09,23,0000,District - Kheri  23,Urban,9,6694,3481,3213,4983,2610,2373,4983,2610,2373,0,0,0,0,0,0,0,0,0,0,0,0
C3010,09,23,0000,District - Kheri  23,Urban,10,13652,7430,6222,9615,5334,4281,9615,5334,4281,0,0,0,0,0,0,0,0,0,0,0,0
C3010,09,23,0000,District - Kheri  23,Urban,11,5841,3195,2646,4446,2469,1977,4446,2469,1977,0,0,0,0,0,0,0,0,0,0,0,0
C3010,09,23,0000,District - Kheri  23,Urban,12,11876,6415,5461,8452,4625,3827,8452,4625,3827,0,0,0,0,0,0,0,0,0,0,0,0
C3010,09,23,0000,District - Kheri  23,Urban,13,7052,3620,3432,5008,2609,2399,5008,2609,2399,0,0,0,0,0,0,0,0,0,0,0,0
C3010,09,23,0000,District - Kheri  23,Urban,14,8590,4478,4112,5663,2988,2675,5663,2988,2675,0,0,0,0,0,0,0,0,0,0,0,0
C3010,09,23,0000,District - Kheri  23,Urban,15-19,38814,21613,17201,20225,11067,9158,17180,9540,7640,2864,1414,1450,81,53,28,90,55,35,10,5,5
C3010,09,23,0000,District - Kheri  23,Urban,20-24,31683,17486,14197,7653,4773,2880,2765,1792,973,4750,2881,1869,79,56,23,42,34,8,17,10,7
C3010,09,23,0000,District - Kheri  23,Urban,25-29,25832,13581,12251,928,653,275,0,0,0,825,576,249,69,55,14,20,15,5,14,7,7
C3010,09,23,0000,District - Kheri  23,Urban,30-34,23324,11675,11649,258,159,99,0,0,0,202,130,72,27,18,9,10,7,3,19,4,15
C3010,09,23,0000,District - Kheri  23,Urban,35-59,77169,41625,35544,417,275,142,0,0,0,321,225,96,36,25,11,19,11,8,41,14,27
C3010,09,23,0000,District - Kheri  23,Urban,60+,19725,10049,9676,77,52,25,0,0,0,52,38,14,13,7,6,6,4,2,6,3,3
C3010,09,23,0000,District - Kheri  23,Urban,Age not stated,1573,888,685,28,13,15,0,0,0,24,12,12,0,0,0,0,0,0,4,1,3
C3010,09,24,0000,District - Sitapur  24,Total,All ages,3619661,1941374,1678287,676161,408305,267856,631719,380700,251019,24717,17690,7027,1543,1052,491,1478,972,506,16704,7891,8813
C3010,09,24,0000,District - Sitapur  24,Total,0-4,468408,239332,229076,6194,3181,3013,6194,3181,3013,0,0,0,0,0,0,0,0,0,0,0,0
C3010,09,24,0000,District - Sitapur  24,Total,5,129071,69163,59908,13100,7326,5774,13100,7326,5774,0,0,0,0,0,0,0,0,0,0,0,0
C3010,09,24,0000,District - Sitapur  24,Total,6,115877,60067,55810,28912,16086,12826,28912,16086,12826,0,0,0,0,0,0,0,0,0,0,0,0
C3010,09,24,0000,District - Sitapur  24,Total,7,92652,48010,44642,49415,27316,22099,49415,27316,22099,0,0,0,0,0,0,0,0,0,0,0,0
C3010,09,24,0000,District - Sitapur  24,Total,8,141558,74330,67228,83686,46971,36715,83686,46971,36715,0,0,0,0,0,0,0,0,0,0,0,0
C3010,09,24,0000,District - Sitapur  24,Total,9,75162,39482,35680,51139,28657,22482,51139,28657,22482,0,0,0,0,0,0,0,0,0,0,0,0
C3010,09,24,0000,District - Sitapur  24,Total,10,154864,85309,69555,98505,58113,40392,98505,58113,40392,0,0,0,0,0,0,0,0,0,0,0,0
C3010,09,24,0000,District - Sitapur  24,Total,11,52157,28462,23695,36725,21489,15236,36725,21489,15236,0,0,0,0,0,0,0,0,0,0,0,0
C3010,09,24,0000,District - Sitapur  24,Total,12,125038,70405,54633,78370,47796,30574,78370,47796,30574,0,0,0,0,0,0,0,0,0,0,0,0
C3010,09,24,0000,District - Sitapur  24,Total,13,61559,33393,28166,37977,22849,15128,37977,22849,15128,0,0,0,0,0,0,0,0,0,0,0,0
C3010,09,24,0000,District - Sitapur  24,Total,14,67155,37302,29853,36555,22926,13629,36555,22926,13629,0,0,0,0,0,0,0,0,0,0,0,0
C3010,09,24,0000,District - Sitapur  24,Total,15-19,314803,187477,127326,106606,73216,33390,96659,66969,29690,7657,4878,2779,316,220,96,726,448,278,1248,701,547
C3010,09,24,0000,District - Sitapur  24,Total,20-24,289860,153864,135996,31297,22083,9214,14482,11021,3461,12365,8945,3420,350,243,107,269,195,74,3831,1679,2152
C3010,09,24,0000,District - Sitapur  24,Total,25-29,274714,145142,129572,7158,4335,2823,0,0,0,2697,2210,487,306,229,77,168,124,44,3987,1772,2215
C3010,09,24,0000,District - Sitapur  24,Total,30-34,256953,131631,125322,4722,2443,2279,0,0,0,810,643,167,162,107,55,102,67,35,3648,1626,2022
C3010,09,24,0000,District - Sitapur  24,Total,35-59,738309,400081,338228,5091,3047,2044,0,0,0,1043,886,157,308,197,111,170,108,62,3570,1856,1714
C3010,09,24,0000,District - Sitapur  24,Total,60+,256845,135248,121597,672,443,229,0,0,0,125,112,13,96,53,43,41,29,12,410,249,161
C3010,09,24,0000,District - Sitapur  24,Total,Age not stated,4676,2676,2000,37,28,9,0,0,0,20,16,4,5,3,2,2,1,1,10,8,2
C3010,09,24,0000,District - Sitapur  24,Rural,All ages,3186973,1714279,1472694,567403,349487,217916,533489,327979,205510,15112,12220,2892,1103,720,383,1074,718,356,16625,7850,8775
C3010,09,24,0000,District - Sitapur  24,Rural,0-4,421710,215189,206521,4755,2472,2283,4755,2472,2283,0,0,0,0,0,0,0,0,0,0,0,0
C3010,09,24,0000,District - Sitapur  24,Rural,5,115941,62209,53732,10432,5863,4569,10432,5863,4569,0,0,0,0,0,0,0,0,0,0,0,0
C3010,09,24,0000,District - Sitapur  24,Rural,6,103292,53585,49707,24583,13811,10772,24583,13811,10772,0,0,0,0,0,0,0,0,0,0,0,0
C3010,09,24,0000,District - Sitapur  24,Rural,7,82405,42637,39768,42838,23766,19072,42838,23766,19072,0,0,0,0,0,0,0,0,0,0,0,0
C3010,09,24,0000,District - Sitapur  24,Rural,8,125871,66152,59719,73140,41379,31761,73140,41379,31761,0,0,0,0,0,0,0,0,0,0,0,0
C3010,09,24,0000,District - Sitapur  24,Rural,9,66576,34947,31629,44718,25221,19497,44718,25221,19497,0,0,0,0,0,0,0,0,0,0,0,0
C3010,09,24,0000,District - Sitapur  24,Rural,10,137332,75938,61394,86041,51361,34680,86041,51361,34680,0,0,0,0,0,0,0,0,0,0,0,0
C3010,09,24,0000,District - Sitapur  24,Rural,11,44822,24579,20243,31033,18462,12571,31033,18462,12571,0,0,0,0,0,0,0,0,0,0,0,0
C3010,09,24,0000,District - Sitapur  24,Rural,12,109415,62031,47384,67229,41759,25470,67229,41759,25470,0,0,0,0,0,0,0,0,0,0,0,0
C3010,09,24,0000,District - Sitapur  24,Rural,13,52891,29059,23832,31744,19672,12072,31744,19672,12072,0,0,0,0,0,0,0,0,0,0,0,0
C3010,09,24,0000,District - Sitapur  24,Rural,14,56136,31583,24553,29338,19197,10141,29338,19197,10141,0,0,0,0,0,0,0,0,0,0,0,0
C3010,09,24,0000,District - Sitapur  24,Rural,15-19,265927,161019,104908,82475,60345,22130,76010,55849,20161,4480,3316,1164,215,148,67,531,334,197,1239,698,541
C3010,09,24,0000,District - Sitapur  24,Rural,20-24,251076,132792,118284,23032,17007,6025,11628,9167,2461,7176,5878,1298,220,143,77,190,143,47,3818,1676,2142
C3010,09,24,0000,District - Sitapur  24,Rural,25-29,243977,129217,114760,6200,3670,2530,0,0,0,1911,1673,238,205,148,57,117,88,29,3967,1761,2206
C3010,09,24,0000,District - Sitapur  24,Rural,30-34,228654,117713,110941,4460,2272,2188,0,0,0,616,519,97,131,83,48,76,51,25,3637,1619,2018
C3010,09,24,0000,District - Sitapur  24,Rural,35-59,645336,350789,294547,4743,2806,1937,0,0,0,825,737,88,243,148,95,125,78,47,3550,1843,1707
C3010,09,24,0000,District - Sitapur  24,Rural,60+,231387,122428,108959,613,403,210,0,0,0,92,88,4,84,47,37,33,23,10,404,245,159
C3010,09,24,0000,District - Sitapur  24,Rural,Age not stated,4225,2412,1813,29,21,8,0,0,0,12,9,3,5,3,2,2,1,1,10,8,2
C3010,09,24,0000,District - Sitapur  24,Urban,All ages,432688,227095,205593,108758,58818,49940,98230,52721,45509,9605,5470,4135,440,332,108,404,254,150,79,41,38
C3010,09,24,0000,District - Sitapur  24,Urban,0-4,46698,24143,22555,1439,709,730,1439,709,730,0,0,0,0,0,0,0,0,0,0,0,0
C3010,09,24,0000,District - Sitapur  24,Urban,5,13130,6954,6176,2668,1463,1205,2668,1463,1205,0,0,0,0,0,0,0,0,0,0,0,0
C3010,09,24,0000,District - Sitapur  24,Urban,6,12585,6482,6103,4329,2275,2054,4329,2275,2054,0,0,0,0,0,0,0,0,0,0,0,0
C3010,09,24,0000,District - Sitapur  24,Urban,7,10247,5373,4874,6577,3550,3027,6577,3550,3027,0,0,0,0,0,0,0,0,0,0,0,0
C3010,09,24,0000,District - Sitapur  24,Urban,8,15687,8178,7509,10546,5592,4954,10546,5592,4954,0,0,0,0,0,0,0,0,0,0,0,0
C3010,09,24,0000,District - Sitapur  24,Urban,9,8586,4535,4051,6421,3436,2985,6421,3436,2985,0,0,0,0,0,0,0,0,0,0,0,0
C3010,09,24,0000,District - Sitapur  24,Urban,10,17532,9371,8161,12464,6752,5712,12464,6752,5712,0,0,0,0,0,0,0,0,0,0,0,0
C3010,09,24,0000,District - Sitapur  24,Urban,11,7335,3883,3452,5692,3027,2665,5692,3027,2665,0,0,0,0,0,0,0,0,0,0,0,0
C3010,09,24,0000,District - Sitapur  24,Urban,12,15623,8374,7249,11141,6037,5104,11141,6037,5104,0,0,0,0,0,0,0,0,0,0,0,0
C3010,09,24,0000,District - Sitapur  24,Urban,13,8668,4334,4334,6233,3177,3056,6233,3177,3056,0,0,0,0,0,0,0,0,0,0,0,0
C3010,09,24,0000,District - Sitapur  24,Urban,14,11019,5719,5300,7217,3729,3488,7217,3729,3488,0,0,0,0,0,0,0,0,0,0,0,0
C3010,09,24,0000,District - Sitapur  24,Urban,15-19,48876,26458,22418,24131,12871,11260,20649,11120,9529,3177,1562,1615,101,72,29,195,114,81,9,3,6
C3010,09,24,0000,District - Sitapur  24,Urban,20-24,38784,21072,17712,8265,5076,3189,2854,1854,1000,5189,3067,2122,130,100,30,79,52,27,13,3,10
C3010,09,24,0000,District - Sitapur  24,Urban,25-29,30737,15925,14812,958,665,293,0,0,0,786,537,249,101,81,20,51,36,15,20,11,9
C3010,09,24,0000,District - Sitapur  24,Urban,30-34,28299,13918,14381,262,171,91,0,0,0,194,124,70,31,24,7,26,16,10,11,7,4
C3010,09,24,0000,District - Sitapur  24,Urban,35-59,92973,49292,43681,348,241,107,0,0,0,218,149,69,65,49,16,45,30,15,20,13,7
C3010,09,24,0000,District - Sitapur  24,Urban,60+,25458,12820,12638,59,40,19,0,0,0,33,24,9,12,6,6,8,6,2,6,4,2
C3010,09,24,0000,District - Sitapur  24,Urban,Age not stated,451,264,187,8,7,1,0,0,0,8,7,1,0,0,0,0,0,0,0,0,0
C3010,09,25,0000,District - Hardoi  25,Total,All ages,3398306,1842698,1555608,646459,399617,246842,621676,381157,240519,22450,16845,5605,951,688,263,954,664,290,428,263,165
C3010,09,25,0000,District - Hardoi  25,Total,0-4,434579,225185,209394,5084,2686,2398,5084,2686,2398,0,0,0,0,0,0,0,0,0,0,0,0
C3010,09,25,0000,District - Hardoi  25,Total,5,121830,65605,56225,11463,6437,5026,11463,6437,5026,0,0,0,0,0,0,0,0,0,0,0,0
C3010,09,25,0000,District - Hardoi  25,Total,6,104466,54455,50011,25758,14369,11389,25758,14369,11389,0,0,0,0,0,0,0,0,0,0,0,0
C3010,09,25,0000,District - Hardoi  25,Total,7,90724,47838,42886,50813,28456,22357,50813,28456,22357,0,0,0,0,0,0,0,0,0,0,0,0
C3010,09,25,0000,District - Hardoi  25,Total,8,128390,68562,59828,83076,47291,35785,83076,47291,35785,0,0,0,0,0,0,0,0,0,0,0,0
C3010,09,25,0000,District - Hardoi  25,Total,9,77260,41121,36139,56678,31987,24691,56678,31987,24691,0,0,0,0,0,0,0,0,0,0,0,0
C3010,09,25,0000,District - Hardoi  25,Total,10,141167,78072,63095,96786,57543,39243,96786,57543,39243,0,0,0,0,0,0,0,0,0,0,0,0
C3010,09,25,0000,District - Hardoi  25,Total,11,54851,29826,25025,40096,23666,16430,40096,23666,16430,0,0,0,0,0,0,0,0,0,0,0,0
C3010,09,25,0000,District - Hardoi  25,Total,12,115346,65240,50106,75814,47293,28521,75814,47293,28521,0,0,0,0,0,0,0,0,0,0,0,0
C3010,09,25,0000,District - Hardoi  25,Total,13,61309,32896,28413,38071,23483,14588,38071,23483,14588,0,0,0,0,0,0,0,0,0,0,0,0
C3010,09,25,0000,District - Hardoi  25,Total,14,69919,39058,30861,37736,24531,13205,37736,24531,13205,0,0,0,0,0,0,0,0,0,0,0,0
C3010,09,25,0000,District - Hardoi  25,Total,15-19,299566,184898,114668,97686,70358,27328,89381,64736,24645,7507,5071,2436,249,184,65,517,351,166,32,16,16
C3010,09,25,0000,District - Hardoi  25,Total,20-24,269871,148026,121845,22502,17571,4931,10920,8679,2241,11156,8569,2587,209,166,43,153,118,35,64,39,25
C3010,09,25,0000,District - Hardoi  25,Total,25-29,251782,134781,117001,2677,2261,416,0,0,0,2322,1990,332,178,147,31,114,85,29,63,39,24
C3010,09,25,0000,District - Hardoi  25,Total,30-34,236437,121502,114935,792,624,168,0,0,0,617,504,113,74,55,19,49,35,14,52,30,22
C3010,09,25,0000,District - Hardoi  25,Total,35-59,701176,380682,320494,1162,893,269,0,0,0,743,625,118,178,112,66,89,56,33,152,100,52
C3010,09,25,0000,District - Hardoi  25,Total,60+,233225,121346,111879,227,142,85,0,0,0,86,70,16,57,21,36,25,13,12,59,38,21
C3010,09,25,0000,District - Hardoi  25,Total,Age not stated,6408,3605,2803,38,26,12,0,0,0,19,16,3,6,3,3,7,6,1,6,1,5
C3010,09,25,0000,District - Hardoi  25,Rural,All ages,2990993,1626218,1364775,550732,346061,204671,533557,332205,201352,15281,12545,2736,732,523,209,770,546,224,392,242,150
C3010,09,25,0000,District - Hardoi  25,Rural,0-4,389606,201736,187870,4216,2245,1971,4216,2245,1971,0,0,0,0,0,0,0,0,0,0,0,0
C3010,09,25,0000,District - Hardoi  25,Rural,5,109337,58902,50435,9486,5370,4116,9486,5370,4116,0,0,0,0,0,0,0,0,0,0,0,0
C3010,09,25,0000,District - Hardoi  25,Rural,6,93205,48686,44519,22218,12477,9741,22218,12477,9741,0,0,0,0,0,0,0,0,0,0,0,0
C3010,09,25,0000,District - Hardoi  25,Rural,7,80703,42560,38143,44305,24918,19387,44305,24918,19387,0,0,0,0,0,0,0,0,0,0,0,0
C3010,09,25,0000,District - Hardoi  25,Rural,8,114073,60960,53113,72976,41765,31211,72976,41765,31211,0,0,0,0,0,0,0,0,0,0,0,0
C3010,09,25,0000,District - Hardoi  25,Rural,9,68829,36681,32148,50205,28511,21694,50205,28511,21694,0,0,0,0,0,0,0,0,0,0,0,0
C3010,09,25,0000,District - Hardoi  25,Rural,10,124996,69163,55833,85109,50904,34205,85109,50904,34205,0,0,0,0,0,0,0,0,0,0,0,0
C3010,09,25,0000,District - Hardoi  25,Rural,11,47901,26107,21794,34749,20735,14014,34749,20735,14014,0,0,0,0,0,0,0,0,0,0,0,0
C3010,09,25,0000,District - Hardoi  25,Rural,12,100901,57238,43663,65665,41596,24069,65665,41596,24069,0,0,0,0,0,0,0,0,0,0,0,0
C3010,09,25,0000,District - Hardoi  25,Rural,13,53020,28583,24437,32294,20410,11884,32294,20410,11884,0,0,0,0,0,0,0,0,0,0,0,0
C3010,09,25,0000,District - Hardoi  25,Rural,14,59222,33458,25764,31168,20999,10169,31168,20999,10169,0,0,0,0,0,0,0,0,0,0,0,0
C3010,09,25,0000,District - Hardoi  25,Rural,15-19,254294,159592,94702,77894,59258,18636,72244,55005,17239,5028,3814,1214,184,138,46,415,288,127,23,13,10
C3010,09,25,0000,District - Hardoi  25,Rural,20-24,234004,127894,106110,16552,13653,2899,8922,7270,1652,7301,6135,1166,145,114,31,123,97,26,61,37,24
C3010,09,25,0000,District - Hardoi  25,Rural,25-29,223086,119611,103475,2035,1772,263,0,0,0,1756,1562,194,130,107,23,89,66,23,60,37,23
C3010,09,25,0000,District - Hardoi  25,Rural,30-34,209431,108154,101277,650,524,126,0,0,0,502,423,79,59,44,15,41,30,11,48,27,21
C3010,09,25,0000,District - Hardoi  25,Rural,35-59,613238,334148,279090,980,774,206,0,0,0,612,537,75,154,97,57,74,48,26,140,92,48
C3010,09,25,0000,District - Hardoi  25,Rural,60+,209065,109329,99736,195,125,70,0,0,0,65,58,7,54,20,34,22,12,10,54,35,19
C3010,09,25,0000,District - Hardoi  25,Rural,Age not stated,6082,3416,2666,35,25,10,0,0,0,17,16,1,6,3,3,6,5,1,6,1,5
C3010,09,25,0000,District - Hardoi  25,Urban,All ages,407313,216480,190833,95727,53556,42171,88119,48952,39167,7169,4300,2869,219,165,54,184,118,66,36,21,15
C3010,09,25,0000,District - Hardoi  25,Urban,0-4,44973,23449,21524,868,441,427,868,441,427,0,0,0,0,0,0,0,0,0,0,0,0
C3010,09,25,0000,District - Hardoi  25,Urban,5,12493,6703,5790,1977,1067,910,1977,1067,910,0,0,0,0,0,0,0,0,0,0,0,0
C3010,09,25,0000,District - Hardoi  25,Urban,6,11261,5769,5492,3540,1892,1648,3540,1892,1648,0,0,0,0,0,0,0,0,0,0,0,0
C3010,09,25,0000,District - Hardoi  25,Urban,7,10021,5278,4743,6508,3538,2970,6508,3538,2970,0,0,0,0,0,0,0,0,0,0,0,0
C3010,09,25,0000,District - Hardoi  25,Urban,8,14317,7602,6715,10100,5526,4574,10100,5526,4574,0,0,0,0,0,0,0,0,0,0,0,0
C3010,09,25,0000,District - Hardoi  25,Urban,9,8431,4440,3991,6473,3476,2997,6473,3476,2997,0,0,0,0,0,0,0,0,0,0,0,0
C3010,09,25,0000,District - Hardoi  25,Urban,10,16171,8909,7262,11677,6639,5038,11677,6639,5038,0,0,0,0,0,0,0,0,0,0,0,0
C3010,09,25,0000,District - Hardoi  25,Urban,11,6950,3719,3231,5347,2931,2416,5347,2931,2416,0,0,0,0,0,0,0,0,0,0,0,0
C3010,09,25,0000,District - Hardoi  25,Urban,12,14445,8002,6443,10149,5697,4452,10149,5697,4452,0,0,0,0,0,0,0,0,0,0,0,0
C3010,09,25,0000,District - Hardoi  25,Urban,13,8289,4313,3976,5777,3073,2704,5777,3073,2704,0,0,0,0,0,0,0,0,0,0,0,0
C3010,09,25,0000,District - Hardoi  25,Urban,14,10697,5600,5097,6568,3532,3036,6568,3532,3036,0,0,0,0,0,0,0,0,0,0,0,0
C3010,09,25,0000,District - Hardoi  25,Urban,15-19,45272,25306,19966,19792,11100,8692,17137,9731,7406,2479,1257,1222,65,46,19,102,63,39,9,3,6
C3010,09,25,0000,District - Hardoi  25,Urban,20-24,35867,20132,15735,5950,3918,2032,1998,1409,589,3855,2434,1421,64,52,12,30,21,9,3,2,1
C3010,09,25,0000,District - Hardoi  25,Urban,25-29,28696,15170,13526,642,489,153,0,0,0,566,428,138,48,40,8,25,19,6,3,2,1
C3010,09,25,0000,District - Hardoi  25,Urban,30-34,27006,13348,13658,142,100,42,0,0,0,115,81,34,15,11,4,8,5,3,4,3,1
C3010,09,25,0000,District - Hardoi  25,Urban,35-59,87938,46534,41404,182,119,63,0,0,0,131,88,43,24,15,9,15,8,7,12,8,4
C3010,09,25,0000,District - Hardoi  25,Urban,60+,24160,12017,12143,32,17,15,0,0,0,21,12,9,3,1,2,3,1,2,5,3,2
C3010,09,25,0000,District - Hardoi  25,Urban,Age not stated,326,189,137,3,1,2,0,0,0,2,0,2,0,0,0,1,1,0,0,0,0
C3010,09,26,0000,District - Unnao  26,Total,All ages,2700324,1422509,1277815,570982,328610,242372,547205,312650,234555,21875,14747,7128,962,696,266,607,351,256,333,166,167
C3010,09,26,0000,District - Unnao  26,Total,0-4,307896,159627,148269,5252,2698,2554,5252,2698,2554,0,0,0,0,0,0,0,0,0,0,0,0
C3010,09,26,0000,District - Unnao  26,Total,5,89037,47406,41631,15086,8301,6785,15086,8301,6785,0,0,0,0,0,0,0,0,0,0,0,0
C3010,09,26,0000,District - Unnao  26,Total,6,79385,40697,38688,27046,14555,12491,27046,14555,12491,0,0,0,0,0,0,0,0,0,0,0,0
C3010,09,26,0000,District - Unnao  26,Total,7,69657,35835,33822,42364,22707,19657,42364,22707,19657,0,0,0,0,0,0,0,0,0,0,0,0
C3010,09,26,0000,District - Unnao  26,Total,8,98775,51410,47365,66985,36547,30438,66985,36547,30438,0,0,0,0,0,0,0,0,0,0,0,0
C3010,09,26,0000,District - Unnao  26,Total,9,58186,30246,27940,43981,23901,20080,43981,23901,20080,0,0,0,0,0,0,0,0,0,0,0,0
C3010,09,26,0000,District - Unnao  26,Total,10,112013,60283,51730,80481,45593,34888,80481,45593,34888,0,0,0,0,0,0,0,0,0,0,0,0
C3010,09,26,0000,District - Unnao  26,Total,11,44078,23383,20695,34084,19052,15032,34084,19052,15032,0,0,0,0,0,0,0,0,0,0,0,0
C3010,09,26,0000,District - Unnao  26,Total,12,94323,50807,43516,65986,38104,27882,65986,38104,27882,0,0,0,0,0,0,0,0,0,0,0,0
C3010,09,26,0000,District - Unnao  26,Total,13,52634,26977,25657,35505,19924,15581,35505,19924,15581,0,0,0,0,0,0,0,0,0,0,0,0
C3010,09,26,0000,District - Unnao  26,Total,14,61137,32081,29056,35849,20847,15002,35849,20847,15002,0,0,0,0,0,0,0,0,0,0,0,0
C3010,09,26,0000,District - Unnao  26,Total,15-19,260477,148021,112456,93249,58247,35002,84616,53122,31494,7968,4714,3254,331,237,94,306,157,149,28,17,11
C3010,09,26,0000,District - Unnao  26,Total,20-24,208896,113942,94954,21129,15091,6038,9970,7299,2671,10809,7545,3264,207,162,45,100,59,41,43,26,17
C3010,09,26,0000,District - Unnao  26,Total,25-29,191067,97881,93186,2008,1583,425,0,0,0,1735,1388,347,155,125,30,65,46,19,53,24,29
C3010,09,26,0000,District - Unnao  26,Total,30-34,188135,93006,95129,698,528,170,0,0,0,572,448,124,65,45,20,31,19,12,30,16,14
C3010,09,26,0000,District - Unnao  26,Total,35-59,575738,304087,271651,1045,784,261,0,0,0,687,575,112,144,90,54,81,57,24,133,62,71
C3010,09,26,0000,District - Unnao  26,Total,60+,202052,102652,99400,207,130,77,0,0,0,88,68,20,52,31,21,23,12,11,44,19,25
C3010,09,26,0000,District - Unnao  26,Total,Age not stated,6838,4168,2670,27,18,9,0,0,0,16,9,7,8,6,2,1,1,0,2,2,0
C3010,09,26,0000,District - Unnao  26,Rural,All ages,2288781,1205652,1083129,466306,272333,193973,451775,261533,190242,13185,9902,3283,667,487,180,442,272,170,237,139,98
C3010,09,26,0000,District - Unnao  26,Rural,0-4,267914,138603,129311,3967,2056,1911,3967,2056,1911,0,0,0,0,0,0,0,0,0,0,0,0
C3010,09,26,0000,District - Unnao  26,Rural,5,77218,41049,36169,12335,6790,5545,12335,6790,5545,0,0,0,0,0,0,0,0,0,0,0,0
C3010,09,26,0000,District - Unnao  26,Rural,6,68782,35198,33584,23018,12399,10619,23018,12399,10619,0,0,0,0,0,0,0,0,0,0,0,0
C3010,09,26,0000,District - Unnao  26,Rural,7,60092,30842,29250,35935,19294,16641,35935,19294,16641,0,0,0,0,0,0,0,0,0,0,0,0
C3010,09,26,0000,District - Unnao  26,Rural,8,85042,44271,40771,56950,31185,25765,56950,31185,25765,0,0,0,0,0,0,0,0,0,0,0,0
C3010,09,26,0000,District - Unnao  26,Rural,9,50056,26047,24009,37636,20548,17088,37636,20548,17088,0,0,0,0,0,0,0,0,0,0,0,0
C3010,09,26,0000,District - Unnao  26,Rural,10,95955,51681,44274,68231,38969,29262,68231,38969,29262,0,0,0,0,0,0,0,0,0,0,0,0
C3010,09,26,0000,District - Unnao  26,Rural,11,36803,19571,17232,28201,15946,12255,28201,15946,12255,0,0,0,0,0,0,0,0,0,0,0,0
C3010,09,26,0000,District - Unnao  26,Rural,12,80063,43158,36905,55218,32271,22947,55218,32271,22947,0,0,0,0,0,0,0,0,0,0,0,0
C3010,09,26,0000,District - Unnao  26,Rural,13,44263,22748,21515,29221,16702,12519,29221,16702,12519,0,0,0,0,0,0,0,0,0,0,0,0
C3010,09,26,0000,District - Unnao  26,Rural,14,50761,26726,24035,28823,17209,11614,28823,17209,11614,0,0,0,0,0,0,0,0,0,0,0,0
C3010,09,26,0000,District - Unnao  26,Rural,15-19,214404,123082,91322,70069,46052,24017,64788,42538,22250,4789,3188,1601,243,183,60,230,129,101,19,14,5
C3010,09,26,0000,District - Unnao  26,Rural,20-24,171776,93364,78412,13901,10665,3236,7452,5626,1826,6227,4877,1350,130,104,26,61,38,23,31,20,11
C3010,09,26,0000,District - Unnao  26,Rural,25-29,160561,81998,78563,1319,1083,236,0,0,0,1143,953,190,95,75,20,42,32,10,39,23,16
C3010,09,26,0000,District - Unnao  26,Rural,30-34,158781,78525,80256,518,411,107,0,0,0,423,351,72,52,33,19,22,14,8,21,13,8
C3010,09,26,0000,District - Unnao  26,Rural,35-59,483344,255139,228205,790,637,153,0,0,0,531,473,58,105,67,38,66,47,19,88,50,38
C3010,09,26,0000,District - Unnao  26,Rural,60+,177723,90430,87293,157,105,52,0,0,0,61,54,7,39,23,16,20,11,9,37,17,20
C3010,09,26,0000,District - Unnao  26,Rural,Age not stated,5243,3220,2023,17,11,6,0,0,0,11,6,5,3,2,1,1,1,0,2,2,0
C3010,09,26,0000,District - Unnao  26,Urban,All ages,411543,216857,194686,104676,56277,48399,95430,51117,44313,8690,4845,3845,295,209,86,165,79,86,96,27,69
C3010,09,26,0000,District - Unnao  26,Urban,0-4,39982,21024,18958,1285,642,643,1285,642,643,0,0,0,0,0,0,0,0,0,0,0,0
C3010,09,26,0000,District - Unnao  26,Urban,5,11819,6357,5462,2751,1511,1240,2751,1511,1240,0,0,0,0,0,0,0,0,0,0,0,0
C3010,09,26,0000,District - Unnao  26,Urban,6,10603,5499,5104,4028,2156,1872,4028,2156,1872,0,0,0,0,0,0,0,0,0,0,0,0
C3010,09,26,0000,District - Unnao  26,Urban,7,9565,4993,4572,6429,3413,3016,6429,3413,3016,0,0,0,0,0,0,0,0,0,0,0,0
C3010,09,26,0000,District - Unnao  26,Urban,8,13733,7139,6594,10035,5362,4673,10035,5362,4673,0,0,0,0,0,0,0,0,0,0,0,0
C3010,09,26,0000,District - Unnao  26,Urban,9,8130,4199,3931,6345,3353,2992,6345,3353,2992,0,0,0,0,0,0,0,0,0,0,0,0
C3010,09,26,0000,District - Unnao  26,Urban,10,16058,8602,7456,12250,6624,5626,12250,6624,5626,0,0,0,0,0,0,0,0,0,0,0,0
C3010,09,26,0000,District - Unnao  26,Urban,11,7275,3812,3463,5883,3106,2777,5883,3106,2777,0,0,0,0,0,0,0,0,0,0,0,0
C3010,09,26,0000,District - Unnao  26,Urban,12,14260,7649,6611,10768,5833,4935,10768,5833,4935,0,0,0,0,0,0,0,0,0,0,0,0
C3010,09,26,0000,District - Unnao  26,Urban,13,8371,4229,4142,6284,3222,3062,6284,3222,3062,0,0,0,0,0,0,0,0,0,0,0,0
C3010,09,26,0000,District - Unnao  26,Urban,14,10376,5355,5021,7026,3638,3388,7026,3638,3388,0,0,0,0,0,0,0,0,0,0,0,0
C3010,09,26,0000,District - Unnao  26,Urban,15-19,46073,24939,21134,23180,12195,10985,19828,10584,9244,3179,1526,1653,88,54,34,76,28,48,9,3,6
C3010,09,26,0000,District - Unnao  26,Urban,20-24,37120,20578,16542,7228,4426,2802,2518,1673,845,4582,2668,1914,77,58,19,39,21,18,12,6,6
C3010,09,26,0000,District - Unnao  26,Urban,25-29,30506,15883,14623,689,500,189,0,0,0,592,435,157,60,50,10,23,14,9,14,1,13
C3010,09,26,0000,District - Unnao  26,Urban,30-34,29354,14481,14873,180,117,63,0,0,0,149,97,52,13,12,1,9,5,4,9,3,6
C3010,09,26,0000,District - Unnao  26,Urban,35-59,92394,48948,43446,255,147,108,0,0,0,156,102,54,39,23,16,15,10,5,45,12,33
C3010,09,26,0000,District - Unnao  26,Urban,60+,24329,12222,12107,50,25,25,0,0,0,27,14,13,13,8,5,3,1,2,7,2,5
C3010,09,26,0000,District - Unnao  26,Urban,Age not stated,1595,948,647,10,7,3,0,0,0,5,3,2,5,4,1,0,0,0,0,0,0
C3010,09,27,0000,District - Lucknow  27,Total,All ages,3647834,1932317,1715517,949867,525417,424450,823719,449187,374532,110008,64926,45082,9210,6610,2600,5992,4212,1780,938,482,456
C3010,09,27,0000,District - Lucknow  27,Total,0-4,358658,186738,171920,17607,9220,8387,17607,9220,8387,0,0,0,0,0,0,0,0,0,0,0,0
C3010,09,27,0000,District - Lucknow  27,Total,5,96985,51805,45180,25912,14177,11735,25912,14177,11735,0,0,0,0,0,0,0,0,0,0,0,0
C3010,09,27,0000,District - Lucknow  27,Total,6,92307,47520,44787,39607,20809,18798,39607,20809,18798,0,0,0,0,0,0,0,0,0,0,0,0
C3010,09,27,0000,District - Lucknow  27,Total,7,81307,41917,39390,55185,29113,26072,55185,29113,26072,0,0,0,0,0,0,0,0,0,0,0,0
C3010,09,27,0000,District - Lucknow  27,Total,8,113809,59197,54612,83271,44368,38903,83271,44368,38903,0,0,0,0,0,0,0,0,0,0,0,0
C3010,09,27,0000,District - Lucknow  27,Total,9,67912,35115,32797,54027,28262,25765,54027,28262,25765,0,0,0,0,0,0,0,0,0,0,0,0
C3010,09,27,0000,District - Lucknow  27,Total,10,131150,70328,60822,99735,54667,45068,99735,54667,45068,0,0,0,0,0,0,0,0,0,0,0,0
C3010,09,27,0000,District - Lucknow  27,Total,11,61184,32394,28790,50088,26897,23191,50088,26897,23191,0,0,0,0,0,0,0,0,0,0,0,0
C3010,09,27,0000,District - Lucknow  27,Total,12,115032,61105,53927,87041,47212,39829,87041,47212,39829,0,0,0,0,0,0,0,0,0,0,0,0
C3010,09,27,0000,District - Lucknow  27,Total,13,70176,35438,34738,53427,27609,25818,53427,27609,25818,0,0,0,0,0,0,0,0,0,0,0,0
C3010,09,27,0000,District - Lucknow  27,Total,14,82659,43330,39329,58371,31300,27071,58371,31300,27071,0,0,0,0,0,0,0,0,0,0,0,0
C3010,09,27,0000,District - Lucknow  27,Total,15-19,397740,219635,178105,214408,120371,94037,176288,99959,76329,32421,16604,15817,2495,1645,850,3090,2125,965,114,38,76
C3010,09,27,0000,District - Lucknow  27,Total,20-24,337767,185159,152608,87338,54872,32466,23160,15594,7566,59947,36196,23751,2616,1892,724,1450,1103,347,165,87,78
C3010,09,27,0000,District - Lucknow  27,Total,25-29,288857,149148,139709,14002,9960,4042,0,0,0,10362,7282,3080,2645,1996,649,868,624,244,127,58,69
C3010,09,27,0000,District - Lucknow  27,Total,30-34,259959,131384,128575,3435,2312,1123,0,0,0,2591,1733,858,505,376,129,212,136,76,127,67,60
C3010,09,27,0000,District - Lucknow  27,Total,35-59,845398,454030,391368,5142,3407,1735,0,0,0,3743,2457,1286,790,590,200,285,176,109,324,184,140
C3010,09,27,0000,District - Lucknow  27,Total,60+,235982,121719,114263,982,669,313,0,0,0,691,484,207,136,95,41,80,44,36,75,46,29
C3010,09,27,0000,District - Lucknow  27,Total,Age not stated,10952,6355,4597,289,192,97,0,0,0,253,170,83,23,16,7,7,4,3,6,2,4
C3010,09,27,0000,District - Lucknow  27,Rural,All ages,1326873,703044,623829,287699,167968,119731,274702,158489,116213,10378,7843,2535,694,516,178,1440,851,589,485,269,216
C3010,09,27,0000,District - Lucknow  27,Rural,0-4,168435,87230,81205,2725,1417,1308,2725,1417,1308,0,0,0,0,0,0,0,0,0,0,0,0
C3010,09,27,0000,District - Lucknow  27,Rural,5,44234,23389,20845,5400,2946,2454,5400,2946,2454,0,0,0,0,0,0,0,0,0,0,0,0
C3010,09,27,0000,District - Lucknow  27,Rural,6,42272,21817,20455,13650,7305,6345,13650,7305,6345,0,0,0,0,0,0,0,0,0,0,0,0
C3010,09,27,0000,District - Lucknow  27,Rural,7,35007,17805,17202,21917,11634,10283,21917,11634,10283,0,0,0,0,0,0,0,0,0,0,0,0
C3010,09,27,0000,District - Lucknow  27,Rural,8,50575,26207,24368,35696,19341,16355,35696,19341,16355,0,0,0,0,0,0,0,0,0,0,0,0
C3010,09,27,0000,District - Lucknow  27,Rural,9,27987,14472,13515,21764,11650,10114,21764,11650,10114,0,0,0,0,0,0,0,0,0,0,0,0
C3010,09,27,0000,District - Lucknow  27,Rural,10,55900,29725,26175,41541,23208,18333,41541,23208,18333,0,0,0,0,0,0,0,0,0,0,0,0
C3010,09,27,0000,District - Lucknow  27,Rural,11,21359,11441,9918,16920,9515,7405,16920,9515,7405,0,0,0,0,0,0,0,0,0,0,0,0
C3010,09,27,0000,District - Lucknow  27,Rural,12,45071,24245,20826,32512,18696,13816,32512,18696,13816,0,0,0,0,0,0,0,0,0,0,0,0
C3010,09,27,0000,District - Lucknow  27,Rural,13,24141,12443,11698,16737,9422,7315,16737,9422,7315,0,0,0,0,0,0,0,0,0,0,0,0
C3010,09,27,0000,District - Lucknow  27,Rural,14,28176,15029,13147,17311,10273,7038,17311,10273,7038,0,0,0,0,0,0,0,0,0,0,0,0
C3010,09,27,0000,District - Lucknow  27,Rural,15-19,125751,72347,53404,47349,31559,15790,42750,28666,14084,3285,2149,1136,198,136,62,1092,593,499,24,15,9
C3010,09,27,0000,District - Lucknow  27,Rural,20-24,104748,57104,47644,11498,8908,2590,5779,4416,1363,5307,4179,1128,177,153,24,165,119,46,70,41,29
C3010,09,27,0000,District - Lucknow  27,Rural,25-29,95509,49787,45722,1349,1110,239,0,0,0,1031,871,160,161,134,27,84,71,13,73,34,39
C3010,09,27,0000,District - Lucknow  27,Rural,30-34,90476,45800,44676,454,340,114,0,0,0,295,245,50,41,29,12,31,22,9,87,44,43
C3010,09,27,0000,District - Lucknow  27,Rural,35-59,268038,143655,124383,739,554,185,0,0,0,396,350,46,91,53,38,50,37,13,202,114,88
C3010,09,27,0000,District - Lucknow  27,Rural,60+,96171,48860,47311,115,80,35,0,0,0,48,40,8,22,10,12,18,9,9,27,21,6
C3010,09,27,0000,District - Lucknow  27,Rural,Age not stated,3023,1688,1335,22,10,12,0,0,0,16,9,7,4,1,3,0,0,0,2,0,2
C3010,09,27,0000,District - Lucknow  27,Urban,All ages,2320961,1229273,1091688,662168,357449,304719,549017,290698,258319,99630,57083,42547,8516,6094,2422,4552,3361,1191,453,213,240
C3010,09,27,0000,District - Lucknow  27,Urban,0-4,190223,99508,90715,14882,7803,7079,14882,7803,7079,0,0,0,0,0,0,0,0,0,0,0,0
C3010,09,27,0000,District - Lucknow  27,Urban,5,52751,28416,24335,20512,11231,9281,20512,11231,9281,0,0,0,0,0,0,0,0,0,0,0,0
C3010,09,27,0000,District - Lucknow  27,Urban,6,50035,25703,24332,25957,13504,12453,25957,13504,12453,0,0,0,0,0,0,0,0,0,0,0,0
C3010,09,27,0000,District - Lucknow  27,Urban,7,46300,24112,22188,33268,17479,15789,33268,17479,15789,0,0,0,0,0,0,0,0,0,0,0,0
C3010,09,27,0000,District - Lucknow  27,Urban,8,63234,32990,30244,47575,25027,22548,47575,25027,22548,0,0,0,0,0,0,0,0,0,0,0,0
C3010,09,27,0000,District - Lucknow  27,Urban,9,39925,20643,19282,32263,16612,15651,32263,16612,15651,0,0,0,0,0,0,0,0,0,0,0,0
C3010,09,27,0000,District - Lucknow  27,Urban,10,75250,40603,34647,58194,31459,26735,58194,31459,26735,0,0,0,0,0,0,0,0,0,0,0,0
C3010,09,27,0000,District - Lucknow  27,Urban,11,39825,20953,18872,33168,17382,15786,33168,17382,15786,0,0,0,0,0,0,0,0,0,0,0,0
C3010,09,27,0000,District - Lucknow  27,Urban,12,69961,36860,33101,54529,28516,26013,54529,28516,26013,0,0,0,0,0,0,0,0,0,0,0,0
C3010,09,27,0000,District - Lucknow  27,Urban,13,46035,22995,23040,36690,18187,18503,36690,18187,18503,0,0,0,0,0,0,0,0,0,0,0,0
C3010,09,27,0000,District - Lucknow  27,Urban,14,54483,28301,26182,41060,21027,20033,41060,21027,20033,0,0,0,0,0,0,0,0,0,0,0,0
C3010,09,27,0000,District - Lucknow  27,Urban,15-19,271989,147288,124701,167059,88812,78247,133538,71293,62245,29136,14455,14681,2297,1509,788,1998,1532,466,90,23,67
C3010,09,27,0000,District - Lucknow  27,Urban,20-24,233019,128055,104964,75840,45964,29876,17381,11178,6203,54640,32017,22623,2439,1739,700,1285,984,301,95,46,49
C3010,09,27,0000,District - Lucknow  27,Urban,25-29,193348,99361,93987,12653,8850,3803,0,0,0,9331,6411,2920,2484,1862,622,784,553,231,54,24,30
C3010,09,27,0000,District - Lucknow  27,Urban,30-34,169483,85584,83899,2981,1972,1009,0,0,0,2296,1488,808,464,347,117,181,114,67,40,23,17
C3010,09,27,0000,District - Lucknow  27,Urban,35-59,577360,310375,266985,4403,2853,1550,0,0,0,3347,2107,1240,699,537,162,235,139,96,122,70,52
C3010,09,27,0000,District - Lucknow  27,Urban,60+,139811,72859,66952,867,589,278,0,0,0,643,444,199,114,85,29,62,35,27,48,25,23
C3010,09,27,0000,District - Lucknow  27,Urban,Age not stated,7929,4667,3262,267,182,85,0,0,0,237,161,76,19,15,4,7,4,3,4,2,2
C3010,09,28,0000,District - Rae Bareli  28,Total,All ages,2872335,1472230,1400105,618115,360782,257333,584165,337976,246189,30540,20662,9878,1402,1033,369,1127,717,410,881,394,487
C3010,09,28,0000,District - Rae Bareli  28,Total,0-4,347581,177858,169723,5223,2745,2478,5223,2745,2478,0,0,0,0,0,0,0,0,0,0,0,0
C3010,09,28,0000,District - Rae Bareli  28,Total,5,94869,50080,44789,11906,6624,5282,11906,6624,5282,0,0,0,0,0,0,0,0,0,0,0,0
C3010,09,28,0000,District - Rae Bareli  28,Total,6,88339,45496,42843,27663,15096,12567,27663,15096,12567,0,0,0,0,0,0,0,0,0,0,0,0
C3010,09,28,0000,District - Rae Bareli  28,Total,7,71149,36493,34656,41959,22810,19149,41959,22810,19149,0,0,0,0,0,0,0,0,0,0,0,0
C3010,09,28,0000,District - Rae Bareli  28,Total,8,106261,54996,51265,70688,38879,31809,70688,38879,31809,0,0,0,0,0,0,0,0,0,0,0,0
C3010,09,28,0000,District - Rae Bareli  28,Total,9,60207,30868,29339,46048,24942,21106,46048,24942,21106,0,0,0,0,0,0,0,0,0,0,0,0
C3010,09,28,0000,District - Rae Bareli  28,Total,10,118225,63055,55170,85738,48818,36920,85738,48818,36920,0,0,0,0,0,0,0,0,0,0,0,0
C3010,09,28,0000,District - Rae Bareli  28,Total,11,46400,24476,21924,37089,20718,16371,37089,20718,16371,0,0,0,0,0,0,0,0,0,0,0,0
C3010,09,28,0000,District - Rae Bareli  28,Total,12,99636,52986,46650,70935,41222,29713,70935,41222,29713,0,0,0,0,0,0,0,0,0,0,0,0
C3010,09,28,0000,District - Rae Bareli  28,Total,13,55576,28568,27008,39090,22292,16798,39090,22292,16798,0,0,0,0,0,0,0,0,0,0,0,0
C3010,09,28,0000,District - Rae Bareli  28,Total,14,64057,33226,30831,39914,23702,16212,39914,23702,16212,0,0,0,0,0,0,0,0,0,0,0,0
C3010,09,28,0000,District - Rae Bareli  28,Total,15-19,281102,149830,131272,110119,70292,39827,97306,62523,34783,11704,7100,4604,418,289,129,635,357,278,56,23,33
C3010,09,28,0000,District - Rae Bareli  28,Total,20-24,222588,111771,110817,25713,18177,7536,10606,7605,3001,14468,10153,4315,332,255,77,160,119,41,147,45,102
C3010,09,28,0000,District - Rae Bareli  28,Total,25-29,195026,96047,98979,2645,1967,678,0,0,0,2125,1630,495,249,196,53,120,94,26,151,47,104
C3010,09,28,0000,District - Rae Bareli  28,Total,30-34,185510,87917,97593,1034,726,308,0,0,0,745,560,185,88,70,18,50,30,20,151,66,85
C3010,09,28,0000,District - Rae Bareli  28,Total,35-59,612864,315695,297169,1995,1524,471,0,0,0,1302,1065,237,250,186,64,131,101,30,312,172,140
C3010,09,28,0000,District - Rae Bareli  28,Total,60+,217516,109855,107661,315,221,94,0,0,0,167,134,33,60,34,26,28,14,14,60,39,21
C3010,09,28,0000,District - Rae Bareli  28,Total,Age not stated,5429,3013,2416,41,27,14,0,0,0,29,20,9,5,3,2,3,2,1,4,2,2
C3010,09,28,0000,District - Rae Bareli  28,Rural,All ages,2598337,1329090,1269247,536557,316814,219743,513643,300349,213294,20653,15117,5536,754,536,218,679,449,230,828,363,465
C3010,09,28,0000,District - Rae Bareli  28,Rural,0-4,322352,164831,157521,4223,2254,1969,4223,2254,1969,0,0,0,0,0,0,0,0,0,0,0,0
C3010,09,28,0000,District - Rae Bareli  28,Rural,5,87570,46127,41443,9887,5514,4373,9887,5514,4373,0,0,0,0,0,0,0,0,0,0,0,0
C3010,09,28,0000,District - Rae Bareli  28,Rural,6,81523,41971,39552,24699,13530,11169,24699,13530,11169,0,0,0,0,0,0,0,0,0,0,0,0
C3010,09,28,0000,District - Rae Bareli  28,Rural,7,65037,33303,31734,37668,20524,17144,37668,20524,17144,0,0,0,0,0,0,0,0,0,0,0,0
C3010,09,28,0000,District - Rae Bareli  28,Rural,8,97453,50396,47057,63954,35277,28677,63954,35277,28677,0,0,0,0,0,0,0,0,0,0,0,0
C3010,09,28,0000,District - Rae Bareli  28,Rural,9,55027,28236,26791,41755,22746,19009,41755,22746,19009,0,0,0,0,0,0,0,0,0,0,0,0
C3010,09,28,0000,District - Rae Bareli  28,Rural,10,107484,57346,50138,77086,44173,32913,77086,44173,32913,0,0,0,0,0,0,0,0,0,0,0,0
C3010,09,28,0000,District - Rae Bareli  28,Rural,11,41436,21897,19539,32849,18494,14355,32849,18494,14355,0,0,0,0,0,0,0,0,0,0,0,0
C3010,09,28,0000,District - Rae Bareli  28,Rural,12,89828,47745,42083,63029,36989,26040,63029,36989,26040,0,0,0,0,0,0,0,0,0,0,0,0
C3010,09,28,0000,District - Rae Bareli  28,Rural,13,49223,25379,23844,33889,19673,14216,33889,19673,14216,0,0,0,0,0,0,0,0,0,0,0,0
C3010,09,28,0000,District - Rae Bareli  28,Rural,14,56689,29453,27236,34294,20797,13497,34294,20797,13497,0,0,0,0,0,0,0,0,0,0,0,0
C3010,09,28,0000,District - Rae Bareli  28,Rural,15-19,247549,132091,115458,89942,59477,30465,81298,53805,27493,7979,5256,2723,246,163,83,368,232,136,51,21,30
C3010,09,28,0000,District - Rae Bareli  28,Rural,20-24,197709,98427,99282,18945,14074,4871,9012,6573,2439,9531,7264,2267,156,118,38,103,77,26,143,42,101
C3010,09,28,0000,District - Rae Bareli  28,Rural,25-29,176220,86387,89833,1825,1407,418,0,0,0,1470,1200,270,123,100,23,85,62,23,147,45,102
C3010,09,28,0000,District - Rae Bareli  28,Rural,30-34,167798,79463,88335,797,568,229,0,0,0,572,445,127,51,42,9,30,18,12,144,63,81
C3010,09,28,0000,District - Rae Bareli  28,Rural,35-59,547624,280654,266970,1434,1116,318,0,0,0,954,830,124,129,87,42,69,46,23,282,153,129
C3010,09,28,0000,District - Rae Bareli  28,Rural,60+,202797,102603,100194,254,183,71,0,0,0,126,107,19,47,25,22,24,14,10,57,37,20
C3010,09,28,0000,District - Rae Bareli  28,Rural,Age not stated,5018,2781,2237,27,18,9,0,0,0,21,15,6,2,1,1,0,0,0,4,2,2
C3010,09,28,0000,District - Rae Bareli  28,Urban,All ages,273998,143140,130858,81558,43968,37590,70522,37627,32895,9887,5545,4342,648,497,151,448,268,180,53,31,22
C3010,09,28,0000,District - Rae Bareli  28,Urban,0-4,25229,13027,12202,1000,491,509,1000,491,509,0,0,0,0,0,0,0,0,0,0,0,0
C3010,09,28,0000,District - Rae Bareli  28,Urban,5,7299,3953,3346,2019,1110,909,2019,1110,909,0,0,0,0,0,0,0,0,0,0,0,0
C3010,09,28,0000,District - Rae Bareli  28,Urban,6,6816,3525,3291,2964,1566,1398,2964,1566,1398,0,0,0,0,0,0,0,0,0,0,0,0
C3010,09,28,0000,District - Rae Bareli  28,Urban,7,6112,3190,2922,4291,2286,2005,4291,2286,2005,0,0,0,0,0,0,0,0,0,0,0,0
C3010,09,28,0000,District - Rae Bareli  28,Urban,8,8808,4600,4208,6734,3602,3132,6734,3602,3132,0,0,0,0,0,0,0,0,0,0,0,0
C3010,09,28,0000,District - Rae Bareli  28,Urban,9,5180,2632,2548,4293,2196,2097,4293,2196,2097,0,0,0,0,0,0,0,0,0,0,0,0
C3010,09,28,0000,District - Rae Bareli  28,Urban,10,10741,5709,5032,8652,4645,4007,8652,4645,4007,0,0,0,0,0,0,0,0,0,0,0,0
C3010,09,28,0000,District - Rae Bareli  28,Urban,11,4964,2579,2385,4240,2224,2016,4240,2224,2016,0,0,0,0,0,0,0,0,0,0,0,0
C3010,09,28,0000,District - Rae Bareli  28,Urban,12,9808,5241,4567,7906,4233,3673,7906,4233,3673,0,0,0,0,0,0,0,0,0,0,0,0
C3010,09,28,0000,District - Rae Bareli  28,Urban,13,6353,3189,3164,5201,2619,2582,5201,2619,2582,0,0,0,0,0,0,0,0,0,0,0,0
C3010,09,28,0000,District - Rae Bareli  28,Urban,14,7368,3773,3595,5620,2905,2715,5620,2905,2715,0,0,0,0,0,0,0,0,0,0,0,0
C3010,09,28,0000,District - Rae Bareli  28,Urban,15-19,33553,17739,15814,20177,10815,9362,16008,8718,7290,3725,1844,1881,172,126,46,267,125,142,5,2,3
C3010,09,28,0000,District - Rae Bareli  28,Urban,20-24,24879,13344,11535,6768,4103,2665,1594,1032,562,4937,2889,2048,176,137,39,57,42,15,4,3,1
C3010,09,28,0000,District - Rae Bareli  28,Urban,25-29,18806,9660,9146,820,560,260,0,0,0,655,430,225,126,96,30,35,32,3,4,2,2
C3010,09,28,0000,District - Rae Bareli  28,Urban,30-34,17712,8454,9258,237,158,79,0,0,0,173,115,58,37,28,9,20,12,8,7,3,4
C3010,09,28,0000,District - Rae Bareli  28,Urban,35-59,65240,35041,30199,561,408,153,0,0,0,348,235,113,121,99,22,62,55,7,30,19,11
C3010,09,28,0000,District - Rae Bareli  28,Urban,60+,14719,7252,7467,61,38,23,0,0,0,41,27,14,13,9,4,4,0,4,3,2,1
C3010,09,28,0000,District - Rae Bareli  28,Urban,Age not stated,411,232,179,14,9,5,0,0,0,8,5,3,3,2,1,3,2,1,0,0,0
C3010,09,29,0000,District - Farrukhabad  29,Total,All ages,1570408,849800,720608,357284,211586,145698,337213,198135,139078,18287,12209,6078,803,588,215,535,339,196,446,315,131
C3010,09,29,0000,District - Farrukhabad  29,Total,0-4,187965,98336,89629,4006,2163,1843,4006,2163,1843,0,0,0,0,0,0,0,0,0,0,0,0
C3010,09,29,0000,District - Farrukhabad  29,Total,5,51241,27839,23402,8265,4593,3672,8265,4593,3672,0,0,0,0,0,0,0,0,0,0,0,0
C3010,09,29,0000,District - Farrukhabad  29,Total,6,48951,25726,23225,15668,8559,7109,15668,8559,7109,0,0,0,0,0,0,0,0,0,0,0,0
C3010,09,29,0000,District - Farrukhabad  29,Total,7,38609,20492,18117,23769,13131,10638,23769,13131,10638,0,0,0,0,0,0,0,0,0,0,0,0
C3010,09,29,0000,District - Farrukhabad  29,Total,8,61565,33301,28264,41924,23657,18267,41924,23657,18267,0,0,0,0,0,0,0,0,0,0,0,0
C3010,09,29,0000,District - Farrukhabad  29,Total,9,33513,17538,15975,25332,13770,11562,25332,13770,11562,0,0,0,0,0,0,0,0,0,0,0,0
C3010,09,29,0000,District - Farrukhabad  29,Total,10,66529,37100,29429,47934,27897,20037,47934,27897,20037,0,0,0,0,0,0,0,0,0,0,0,0
C3010,09,29,0000,District - Farrukhabad  29,Total,11,27644,14830,12814,21165,11886,9279,21165,11886,9279,0,0,0,0,0,0,0,0,0,0,0,0
C3010,09,29,0000,District - Farrukhabad  29,Total,12,54014,30246,23768,38595,22837,15758,38595,22837,15758,0,0,0,0,0,0,0,0,0,0,0,0
C3010,09,29,0000,District - Farrukhabad  29,Total,13,31395,16393,15002,21840,12315,9525,21840,12315,9525,0,0,0,0,0,0,0,0,0,0,0,0
C3010,09,29,0000,District - Farrukhabad  29,Total,14,36925,20111,16814,23043,13808,9235,23043,13808,9235,0,0,0,0,0,0,0,0,0,0,0,0
C3010,09,29,0000,District - Farrukhabad  29,Total,15-19,156800,92053,64747,65729,42842,22887,58755,38544,20211,6532,4019,2513,206,143,63,217,127,90,19,9,10
C3010,09,29,0000,District - Farrukhabad  29,Total,20-24,126446,69725,56721,16210,11245,4965,6917,4975,1942,8922,5995,2927,218,169,49,102,75,27,51,31,20
C3010,09,29,0000,District - Farrukhabad  29,Total,25-29,113148,59937,53211,1746,1337,409,0,0,0,1475,1130,345,140,112,28,58,36,22,73,59,14
C3010,09,29,0000,District - Farrukhabad  29,Total,30-34,104296,53264,51032,596,445,151,0,0,0,446,341,105,58,41,17,39,25,14,53,38,15
C3010,09,29,0000,District - Farrukhabad  29,Total,35-59,322157,173976,148181,1173,899,274,0,0,0,769,621,148,128,88,40,92,60,32,184,130,54
C3010,09,29,0000,District - Farrukhabad  29,Total,60+,100134,53889,46245,223,165,58,0,0,0,95,77,18,42,28,14,22,13,9,64,47,17
C3010,09,29,0000,District - Farrukhabad  29,Total,Age not stated,9076,5044,4032,66,37,29,0,0,0,48,26,22,11,7,4,5,3,2,2,1,1
C3010,09,29,0000,District - Farrukhabad  29,Rural,All ages,1228864,667586,561278,268413,162310,106103,257536,154175,103361,9784,7357,2427,427,309,118,270,181,89,396,288,108
C3010,09,29,0000,District - Farrukhabad  29,Rural,0-4,154234,80453,73781,2611,1410,1201,2611,1410,1201,0,0,0,0,0,0,0,0,0,0,0,0
C3010,09,29,0000,District - Farrukhabad  29,Rural,5,41937,22761,19176,5778,3234,2544,5778,3234,2544,0,0,0,0,0,0,0,0,0,0,0,0
C3010,09,29,0000,District - Farrukhabad  29,Rural,6,39869,20930,18939,11932,6516,5416,11932,6516,5416,0,0,0,0,0,0,0,0,0,0,0,0
C3010,09,29,0000,District - Farrukhabad  29,Rural,7,31177,16535,14642,18765,10407,8358,18765,10407,8358,0,0,0,0,0,0,0,0,0,0,0,0
C3010,09,29,0000,District - Farrukhabad  29,Rural,8,49717,26972,22745,33409,19020,14389,33409,19020,14389,0,0,0,0,0,0,0,0,0,0,0,0
C3010,09,29,0000,District - Farrukhabad  29,Rural,9,26883,14021,12862,20154,10987,9167,20154,10987,9167,0,0,0,0,0,0,0,0,0,0,0,0
C3010,09,29,0000,District - Farrukhabad  29,Rural,10,53330,29820,23510,38144,22402,15742,38144,22402,15742,0,0,0,0,0,0,0,0,0,0,0,0
C3010,09,29,0000,District - Farrukhabad  29,Rural,11,21646,11662,9984,16419,9358,7061,16419,9358,7061,0,0,0,0,0,0,0,0,0,0,0,0
C3010,09,29,0000,District - Farrukhabad  29,Rural,12,42207,23785,18422,29880,18004,11876,29880,18004,11876,0,0,0,0,0,0,0,0,0,0,0,0
C3010,09,29,0000,District - Farrukhabad  29,Rural,13,24450,12933,11517,16722,9699,7023,16722,9699,7023,0,0,0,0,0,0,0,0,0,0,0,0
C3010,09,29,0000,District - Farrukhabad  29,Rural,14,27973,15403,12570,17035,10551,6484,17035,10551,6484,0,0,0,0,0,0,0,0,0,0,0,0
C3010,09,29,0000,District - Farrukhabad  29,Rural,15-19,116662,69518,47144,45615,31618,13997,41723,28888,12835,3647,2573,1074,102,72,30,130,78,52,13,7,6
C3010,09,29,0000,District - Farrukhabad  29,Rural,20-24,95117,52094,43023,9698,7277,2421,4964,3699,1265,4529,3430,1099,108,81,27,50,39,11,47,28,19
C3010,09,29,0000,District - Farrukhabad  29,Rural,25-29,88401,47193,41208,970,802,168,0,0,0,811,675,136,65,54,11,27,19,8,67,54,13
C3010,09,29,0000,District - Farrukhabad  29,Rural,30-34,81651,41931,39720,354,284,70,0,0,0,251,211,40,35,25,10,17,10,7,51,38,13
C3010,09,29,0000,District - Farrukhabad  29,Rural,35-59,245580,133423,112157,727,597,130,0,0,0,459,403,56,75,51,24,36,28,8,157,115,42
C3010,09,29,0000,District - Farrukhabad  29,Rural,60+,79914,43648,36266,156,118,38,0,0,0,57,48,9,32,20,12,8,5,3,59,45,14
C3010,09,29,0000,District - Farrukhabad  29,Rural,Age not stated,8116,4504,3612,44,26,18,0,0,0,30,17,13,10,6,4,2,2,0,2,1,1
C3010,09,29,0000,District - Farrukhabad  29,Urban,All ages,341544,182214,159330,88871,49276,39595,79677,43960,35717,8503,4852,3651,376,279,97,265,158,107,50,27,23
C3010,09,29,0000,District - Farrukhabad  29,Urban,0-4,33731,17883,15848,1395,753,642,1395,753,642,0,0,0,0,0,0,0,0,0,0,0,0
C3010,09,29,0000,District - Farrukhabad  29,Urban,5,9304,5078,4226,2487,1359,1128,2487,1359,1128,0,0,0,0,0,0,0,0,0,0,0,0
C3010,09,29,0000,District - Farrukhabad  29,Urban,6,9082,4796,4286,3736,2043,1693,3736,2043,1693,0,0,0,0,0,0,0,0,0,0,0,0
C3010,09,29,0000,District - Farrukhabad  29,Urban,7,7432,3957,3475,5004,2724,2280,5004,2724,2280,0,0,0,0,0,0,0,0,0,0,0,0
C3010,09,29,0000,District - Farrukhabad  29,Urban,8,11848,6329,5519,8515,4637,3878,8515,4637,3878,0,0,0,0,0,0,0,0,0,0,0,0
C3010,09,29,0000,District - Farrukhabad  29,Urban,9,6630,3517,3113,5178,2783,2395,5178,2783,2395,0,0,0,0,0,0,0,0,0,0,0,0
C3010,09,29,0000,District - Farrukhabad  29,Urban,10,13199,7280,5919,9790,5495,4295,9790,5495,4295,0,0,0,0,0,0,0,0,0,0,0,0
C3010,09,29,0000,District - Farrukhabad  29,Urban,11,5998,3168,2830,4746,2528,2218,4746,2528,2218,0,0,0,0,0,0,0,0,0,0,0,0
C3010,09,29,0000,District - Farrukhabad  29,Urban,12,11807,6461,5346,8715,4833,3882,8715,4833,3882,0,0,0,0,0,0,0,0,0,0,0,0
C3010,09,29,0000,District - Farrukhabad  29,Urban,13,6945,3460,3485,5118,2616,2502,5118,2616,2502,0,0,0,0,0,0,0,0,0,0,0,0
C3010,09,29,0000,District - Farrukhabad  29,Urban,14,8952,4708,4244,6008,3257,2751,6008,3257,2751,0,0,0,0,0,0,0,0,0,0,0,0
C3010,09,29,0000,District - Farrukhabad  29,Urban,15-19,40138,22535,17603,20114,11224,8890,17032,9656,7376,2885,1446,1439,104,71,33,87,49,38,6,2,4
C3010,09,29,0000,District - Farrukhabad  29,Urban,20-24,31329,17631,13698,6512,3968,2544,1953,1276,677,4393,2565,1828,110,88,22,52,36,16,4,3,1
C3010,09,29,0000,District - Farrukhabad  29,Urban,25-29,24747,12744,12003,776,535,241,0,0,0,664,455,209,75,58,17,31,17,14,6,5,1
C3010,09,29,0000,District - Farrukhabad  29,Urban,30-34,22645,11333,11312,242,161,81,0,0,0,195,130,65,23,16,7,22,15,7,2,0,2
C3010,09,29,0000,District - Farrukhabad  29,Urban,35-59,76577,40553,36024,446,302,144,0,0,0,310,218,92,53,37,16,56,32,24,27,15,12
C3010,09,29,0000,District - Farrukhabad  29,Urban,60+,20220,10241,9979,67,47,20,0,0,0,38,29,9,10,8,2,14,8,6,5,2,3
C3010,09,29,0000,District - Farrukhabad  29,Urban,Age not stated,960,540,420,22,11,11,0,0,0,18,9,9,1,1,0,3,1,2,0,0,0
C3010,09,30,0000,District - Kannauj *  30,Total,All ages,1388923,744170,644753,321990,189532,132458,308335,179880,128455,12773,9033,3740,454,357,97,282,190,92,146,72,74
C3010,09,30,0000,District - Kannauj *  30,Total,0-4,169117,88333,80784,2699,1456,1243,2699,1456,1243,0,0,0,0,0,0,0,0,0,0,0,0
C3010,09,30,0000,District - Kannauj *  30,Total,5,47318,25036,22282,6468,3583,2885,6468,3583,2885,0,0,0,0,0,0,0,0,0,0,0,0
C3010,09,30,0000,District - Kannauj *  30,Total,6,43730,22720,21010,11861,6447,5414,11861,6447,5414,0,0,0,0,0,0,0,0,0,0,0,0
C3010,09,30,0000,District - Kannauj *  30,Total,7,37578,19503,18075,21944,11690,10254,21944,11690,10254,0,0,0,0,0,0,0,0,0,0,0,0
C3010,09,30,0000,District - Kannauj *  30,Total,8,51947,27728,24219,36209,19993,16216,36209,19993,16216,0,0,0,0,0,0,0,0,0,0,0,0
C3010,09,30,0000,District - Kannauj *  30,Total,9,33469,17578,15891,26159,14256,11903,26159,14256,11903,0,0,0,0,0,0,0,0,0,0,0,0
C3010,09,30,0000,District - Kannauj *  30,Total,10,56688,31019,25669,43036,24546,18490,43036,24546,18490,0,0,0,0,0,0,0,0,0,0,0,0
C3010,09,30,0000,District - Kannauj *  30,Total,11,28009,15096,12913,22341,12584,9757,22341,12584,9757,0,0,0,0,0,0,0,0,0,0,0,0
C3010,09,30,0000,District - Kannauj *  30,Total,12,43982,24218,19764,33047,19268,13779,33047,19268,13779,0,0,0,0,0,0,0,0,0,0,0,0
C3010,09,30,0000,District - Kannauj *  30,Total,13,31976,16749,15227,23000,13067,9933,23000,13067,9933,0,0,0,0,0,0,0,0,0,0,0,0
C3010,09,30,0000,District - Kannauj *  30,Total,14,32690,17494,15196,20913,12493,8420,20913,12493,8420,0,0,0,0,0,0,0,0,0,0,0,0
C3010,09,30,0000,District - Kannauj *  30,Total,15-19,142137,82162,59975,58992,38605,20387,54412,35734,18678,4299,2685,1614,122,91,31,146,89,57,13,6,7
C3010,09,30,0000,District - Kannauj *  30,Total,20-24,108510,60810,47700,12993,9675,3318,6246,4763,1483,6573,4778,1795,105,88,17,55,38,17,14,8,6
C3010,09,30,0000,District - Kannauj *  30,Total,25-29,98917,51704,47213,1289,1049,240,0,0,0,1139,925,214,102,90,12,33,26,7,15,8,7
C3010,09,30,0000,District - Kannauj *  30,Total,30-34,91229,46357,44872,385,305,80,0,0,0,309,256,53,38,30,8,13,11,2,25,8,17
C3010,09,30,0000,District - Kannauj *  30,Total,35-59,275458,146937,128521,534,429,105,0,0,0,381,336,45,70,45,25,27,20,7,56,28,28
C3010,09,30,0000,District - Kannauj *  30,Total,60+,92797,48827,43970,98,72,26,0,0,0,53,41,12,16,12,4,8,6,2,21,13,8
C3010,09,30,0000,District - Kannauj *  30,Total,Age not stated,3371,1899,1472,22,14,8,0,0,0,19,12,7,1,1,0,0,0,0,2,1,1
C3010,09,30,0000,District - Kannauj *  30,Rural,All ages,1156951,621751,535200,265955,158267,107688,256428,151052,105376,8894,6784,2110,309,240,69,194,126,68,130,65,65
C3010,09,30,0000,District - Kannauj *  30,Rural,0-4,143008,74538,68470,2154,1165,989,2154,1165,989,0,0,0,0,0,0,0,0,0,0,0,0
C3010,09,30,0000,District - Kannauj *  30,Rural,5,40422,21350,19072,5344,2990,2354,5344,2990,2354,0,0,0,0,0,0,0,0,0,0,0,0
C3010,09,30,0000,District - Kannauj *  30,Rural,6,36984,19232,17752,10071,5476,4595,10071,5476,4595,0,0,0,0,0,0,0,0,0,0,0,0
C3010,09,30,0000,District - Kannauj *  30,Rural,7,31792,16441,15351,18281,9718,8563,18281,9718,8563,0,0,0,0,0,0,0,0,0,0,0,0
C3010,09,30,0000,District - Kannauj *  30,Rural,8,43381,23186,20195,30444,16813,13631,30444,16813,13631,0,0,0,0,0,0,0,0,0,0,0,0
C3010,09,30,0000,District - Kannauj *  30,Rural,9,28523,14951,13572,22360,12201,10159,22360,12201,10159,0,0,0,0,0,0,0,0,0,0,0,0
C3010,09,30,0000,District - Kannauj *  30,Rural,10,47166,25970,21196,36212,20812,15400,36212,20812,15400,0,0,0,0,0,0,0,0,0,0,0,0
C3010,09,30,0000,District - Kannauj *  30,Rural,11,23611,12779,10832,18928,10763,8165,18928,10763,8165,0,0,0,0,0,0,0,0,0,0,0,0
C3010,09,30,0000,District - Kannauj *  30,Rural,12,35974,19885,16089,27427,16128,11299,27427,16128,11299,0,0,0,0,0,0,0,0,0,0,0,0
C3010,09,30,0000,District - Kannauj *  30,Rural,13,26610,13923,12687,19258,10993,8265,19258,10993,8265,0,0,0,0,0,0,0,0,0,0,0,0
C3010,09,30,0000,District - Kannauj *  30,Rural,14,26397,14224,12173,17066,10399,6667,17066,10399,6667,0,0,0,0,0,0,0,0,0,0,0,0
C3010,09,30,0000,District - Kannauj *  30,Rural,15-19,115594,67596,47998,47146,31911,15235,43930,29721,14209,3019,2065,954,85,63,22,101,57,44,11,5,6
C3010,09,30,0000,District - Kannauj *  30,Rural,20-24,88044,49477,38567,9507,7432,2075,4953,3873,1080,4443,3478,965,63,51,12,35,23,12,13,7,6
C3010,09,30,0000,District - Kannauj *  30,Rural,25-29,82978,43424,39554,930,797,133,0,0,0,826,710,116,70,63,7,20,16,4,14,8,6
C3010,09,30,0000,District - Kannauj *  30,Rural,30-34,76261,39019,37242,306,251,55,0,0,0,250,217,33,25,20,5,7,6,1,24,8,16
C3010,09,30,0000,District - Kannauj *  30,Rural,35-59,227267,121625,105642,427,348,79,0,0,0,304,274,30,51,32,19,24,18,6,48,24,24
C3010,09,30,0000,District - Kannauj *  30,Rural,60+,79910,42413,37497,78,58,20,0,0,0,39,30,9,14,10,4,7,6,1,18,12,6
C3010,09,30,0000,District - Kannauj *  30,Rural,Age not stated,3029,1718,1311,16,12,4,0,0,0,13,10,3,1,1,0,0,0,0,2,1,1
C3010,09,30,0000,District - Kannauj *  30,Urban,All ages,231972,122419,109553,56035,31265,24770,51907,28828,23079,3879,2249,1630,145,117,28,88,64,24,16,7,9
C3010,09,30,0000,District - Kannauj *  30,Urban,0-4,26109,13795,12314,545,291,254,545,291,254,0,0,0,0,0,0,0,0,0,0,0,0
C3010,09,30,0000,District - Kannauj *  30,Urban,5,6896,3686,3210,1124,593,531,1124,593,531,0,0,0,0,0,0,0,0,0,0,0,0
C3010,09,30,0000,District - Kannauj *  30,Urban,6,6746,3488,3258,1790,971,819,1790,971,819,0,0,0,0,0,0,0,0,0,0,0,0
C3010,09,30,0000,District - Kannauj *  30,Urban,7,5786,3062,2724,3663,1972,1691,3663,1972,1691,0,0,0,0,0,0,0,0,0,0,0,0
C3010,09,30,0000,District - Kannauj *  30,Urban,8,8566,4542,4024,5765,3180,2585,5765,3180,2585,0,0,0,0,0,0,0,0,0,0,0,0
C3010,09,30,0000,District - Kannauj *  30,Urban,9,4946,2627,2319,3799,2055,1744,3799,2055,1744,0,0,0,0,0,0,0,0,0,0,0,0
C3010,09,30,0000,District - Kannauj *  30,Urban,10,9522,5049,4473,6824,3734,3090,6824,3734,3090,0,0,0,0,0,0,0,0,0,0,0,0
C3010,09,30,0000,District - Kannauj *  30,Urban,11,4398,2317,2081,3413,1821,1592,3413,1821,1592,0,0,0,0,0,0,0,0,0,0,0,0
C3010,09,30,0000,District - Kannauj *  30,Urban,12,8008,4333,3675,5620,3140,2480,5620,3140,2480,0,0,0,0,0,0,0,0,0,0,0,0
C3010,09,30,0000,District - Kannauj *  30,Urban,13,5366,2826,2540,3742,2074,1668,3742,2074,1668,0,0,0,0,0,0,0,0,0,0,0,0
C3010,09,30,0000,District - Kannauj *  30,Urban,14,6293,3270,3023,3847,2094,1753,3847,2094,1753,0,0,0,0,0,0,0,0,0,0,0,0
C3010,09,30,0000,District - Kannauj *  30,Urban,15-19,26543,14566,11977,11846,6694,5152,10482,6013,4469,1280,620,660,37,28,9,45,32,13,2,1,1
C3010,09,30,0000,District - Kannauj *  30,Urban,20-24,20466,11333,9133,3486,2243,1243,1293,890,403,2130,1300,830,42,37,5,20,15,5,1,1,0
C3010,09,30,0000,District - Kannauj *  30,Urban,25-29,15939,8280,7659,359,252,107,0,0,0,313,215,98,32,27,5,13,10,3,1,0,1
C3010,09,30,0000,District - Kannauj *  30,Urban,30-34,14968,7338,7630,79,54,25,0,0,0,59,39,20,13,10,3,6,5,1,1,0,1
C3010,09,30,0000,District - Kannauj *  30,Urban,35-59,48191,25312,22879,107,81,26,0,0,0,77,62,15,19,13,6,3,2,1,8,4,4
C3010,09,30,0000,District - Kannauj *  30,Urban,60+,12887,6414,6473,20,14,6,0,0,0,14,11,3,2,2,0,1,0,1,3,1,2
C3010,09,30,0000,District - Kannauj *  30,Urban,Age not stated,342,181,161,6,2,4,0,0,0,6,2,4,0,0,0,0,0,0,0,0,0
C3010,09,31,0000,District - Etawah  31,Total,All ages,1338871,720749,618122,358562,207438,151124,334002,190740,143262,23255,15777,7478,758,597,161,361,249,112,186,75,111
C3010,09,31,0000,District - Etawah  31,Total,0-4,156367,82145,74222,3469,1869,1600,3469,1869,1600,0,0,0,0,0,0,0,0,0,0,0,0
C3010,09,31,0000,District - Etawah  31,Total,5,41875,22547,19328,8084,4463,3621,8084,4463,3621,0,0,0,0,0,0,0,0,0,0,0,0
C3010,09,31,0000,District - Etawah  31,Total,6,38951,20495,18456,15747,8539,7208,15747,8539,7208,0,0,0,0,0,0,0,0,0,0,0,0
C3010,09,31,0000,District - Etawah  31,Total,7,32006,16855,15151,23491,12592,10899,23491,12592,10899,0,0,0,0,0,0,0,0,0,0,0,0
C3010,09,31,0000,District - Etawah  31,Total,8,46438,25086,21352,38081,20931,17150,38081,20931,17150,0,0,0,0,0,0,0,0,0,0,0,0
C3010,09,31,0000,District - Etawah  31,Total,9,29185,15292,13893,25704,13693,12011,25704,13693,12011,0,0,0,0,0,0,0,0,0,0,0,0
C3010,09,31,0000,District - Etawah  31,Total,10,51040,28053,22987,43733,24421,19312,43733,24421,19312,0,0,0,0,0,0,0,0,0,0,0,0
C3010,09,31,0000,District - Etawah  31,Total,11,27218,14582,12636,24271,13275,10996,24271,13275,10996,0,0,0,0,0,0,0,0,0,0,0,0
C3010,09,31,0000,District - Etawah  31,Total,12,38186,20986,17200,32804,18470,14334,32804,18470,14334,0,0,0,0,0,0,0,0,0,0,0,0
C3010,09,31,0000,District - Etawah  31,Total,13,31349,16435,14914,26137,14258,11879,26137,14258,11879,0,0,0,0,0,0,0,0,0,0,0,0
C3010,09,31,0000,District - Etawah  31,Total,14,31121,16794,14327,23919,13745,10174,23919,13745,10174,0,0,0,0,0,0,0,0,0,0,0,0
C3010,09,31,0000,District - Etawah  31,Total,15-19,133841,78767,55074,71676,45693,25983,62281,39825,22456,9031,5616,3415,216,161,55,143,88,55,5,3,2
C3010,09,31,0000,District - Etawah  31,Total,20-24,107159,59811,47348,17989,12919,5070,6281,4659,1622,11391,8002,3389,203,177,26,96,73,23,18,8,10
C3010,09,31,0000,District - Etawah  31,Total,25-29,96795,50077,46718,1942,1473,469,0,0,0,1697,1290,407,163,133,30,60,42,18,22,8,14
C3010,09,31,0000,District - Etawah  31,Total,30-34,89704,45424,44280,541,394,147,0,0,0,441,333,108,42,32,10,24,17,7,34,12,22
C3010,09,31,0000,District - Etawah  31,Total,35-59,280657,149781,130876,790,569,221,0,0,0,575,443,132,102,75,27,30,21,9,83,30,53
C3010,09,31,0000,District - Etawah  31,Total,60+,104218,56040,48178,156,114,42,0,0,0,98,78,20,29,16,13,8,8,0,21,12,9
C3010,09,31,0000,District - Etawah  31,Total,Age not stated,2761,1579,1182,28,20,8,0,0,0,22,15,7,3,3,0,0,0,0,3,2,1
C3010,09,31,0000,District - Etawah  31,Rural,All ages,1030789,557439,473350,267625,157574,110051,254661,147600,107061,12248,9485,2763,362,274,88,197,155,42,157,60,97
C3010,09,31,0000,District - Etawah  31,Rural,0-4,125753,65977,59776,1881,1016,865,1881,1016,865,0,0,0,0,0,0,0,0,0,0,0,0
C3010,09,31,0000,District - Etawah  31,Rural,5,33635,18072,15563,5257,2917,2340,5257,2917,2340,0,0,0,0,0,0,0,0,0,0,0,0
C3010,09,31,0000,District - Etawah  31,Rural,6,31105,16387,14718,11748,6386,5362,11748,6386,5362,0,0,0,0,0,0,0,0,0,0,0,0
C3010,09,31,0000,District - Etawah  31,Rural,7,25219,13275,11944,18265,9821,8444,18265,9821,8444,0,0,0,0,0,0,0,0,0,0,0,0
C3010,09,31,0000,District - Etawah  31,Rural,8,36800,19868,16932,30235,16616,13619,30235,16616,13619,0,0,0,0,0,0,0,0,0,0,0,0
C3010,09,31,0000,District - Etawah  31,Rural,9,23359,12218,11141,20618,10996,9622,20618,10996,9622,0,0,0,0,0,0,0,0,0,0,0,0
C3010,09,31,0000,District - Etawah  31,Rural,10,39882,21929,17953,34456,19306,15150,34456,19306,15150,0,0,0,0,0,0,0,0,0,0,0,0
C3010,09,31,0000,District - Etawah  31,Rural,11,21271,11409,9862,19092,10520,8572,19092,10520,8572,0,0,0,0,0,0,0,0,0,0,0,0
C3010,09,31,0000,District - Etawah  31,Rural,12,28896,15923,12973,25018,14196,10822,25018,14196,10822,0,0,0,0,0,0,0,0,0,0,0,0
C3010,09,31,0000,District - Etawah  31,Rural,13,24379,12835,11544,20309,11278,9031,20309,11278,9031,0,0,0,0,0,0,0,0,0,0,0,0
C3010,09,31,0000,District - Etawah  31,Rural,14,23543,12815,10728,18076,10605,7471,18076,10605,7471,0,0,0,0,0,0,0,0,0,0,0,0
C3010,09,31,0000,District - Etawah  31,Rural,15-19,98850,59657,39193,50326,34146,16180,45179,30464,14715,4962,3548,1414,103,75,28,79,58,21,3,1,2
C3010,09,31,0000,District - Etawah  31,Rural,20-24,78490,44066,34424,10362,8204,2158,4527,3479,1048,5690,4608,1082,82,69,13,47,41,6,16,7,9
C3010,09,31,0000,District - Etawah  31,Rural,25-29,73728,38352,35376,1032,838,194,0,0,0,914,752,162,66,54,12,35,28,7,17,4,13
C3010,09,31,0000,District - Etawah  31,Rural,30-34,68614,34827,33787,331,257,74,0,0,0,266,219,47,24,19,5,11,9,2,30,10,20
C3010,09,31,0000,District - Etawah  31,Rural,35-59,211235,112982,98253,493,380,113,0,0,0,343,300,43,61,42,19,20,14,6,69,24,45
C3010,09,31,0000,District - Etawah  31,Rural,60+,83758,45562,38196,105,76,29,0,0,0,57,46,11,24,13,11,5,5,0,19,12,7
C3010,09,31,0000,District - Etawah  31,Rural,Age not stated,2272,1285,987,21,16,5,0,0,0,16,12,4,2,2,0,0,0,0,3,2,1
C3010,09,31,0000,District - Etawah  31,Urban,All ages,308082,163310,144772,90937,49864,41073,79341,43140,36201,11007,6292,4715,396,323,73,164,94,70,29,15,14
C3010,09,31,0000,District - Etawah  31,Urban,0-4,30614,16168,14446,1588,853,735,1588,853,735,0,0,0,0,0,0,0,0,0,0,0,0
C3010,09,31,0000,District - Etawah  31,Urban,5,8240,4475,3765,2827,1546,1281,2827,1546,1281,0,0,0,0,0,0,0,0,0,0,0,0
C3010,09,31,0000,District - Etawah  31,Urban,6,7846,4108,3738,3999,2153,1846,3999,2153,1846,0,0,0,0,0,0,0,0,0,0,0,0
C3010,09,31,0000,District - Etawah  31,Urban,7,6787,3580,3207,5226,2771,2455,5226,2771,2455,0,0,0,0,0,0,0,0,0,0,0,0
C3010,09,31,0000,District - Etawah  31,Urban,8,9638,5218,4420,7846,4315,3531,7846,4315,3531,0,0,0,0,0,0,0,0,0,0,0,0
C3010,09,31,0000,District - Etawah  31,Urban,9,5826,3074,2752,5086,2697,2389,5086,2697,2389,0,0,0,0,0,0,0,0,0,0,0,0
C3010,09,31,0000,District - Etawah  31,Urban,10,11158,6124,5034,9277,5115,4162,9277,5115,4162,0,0,0,0,0,0,0,0,0,0,0,0
C3010,09,31,0000,District - Etawah  31,Urban,11,5947,3173,2774,5179,2755,2424,5179,2755,2424,0,0,0,0,0,0,0,0,0,0,0,0
C3010,09,31,0000,District - Etawah  31,Urban,12,9290,5063,4227,7786,4274,3512,7786,4274,3512,0,0,0,0,0,0,0,0,0,0,0,0
C3010,09,31,0000,District - Etawah  31,Urban,13,6970,3600,3370,5828,2980,2848,5828,2980,2848,0,0,0,0,0,0,0,0,0,0,0,0
C3010,09,31,0000,District - Etawah  31,Urban,14,7578,3979,3599,5843,3140,2703,5843,3140,2703,0,0,0,0,0,0,0,0,0,0,0,0
C3010,09,31,0000,District - Etawah  31,Urban,15-19,34991,19110,15881,21350,11547,9803,17102,9361,7741,4069,2068,2001,113,86,27,64,30,34,2,2,0
C3010,09,31,0000,District - Etawah  31,Urban,20-24,28669,15745,12924,7627,4715,2912,1754,1180,574,5701,3394,2307,121,108,13,49,32,17,2,1,1
C3010,09,31,0000,District - Etawah  31,Urban,25-29,23067,11725,11342,910,635,275,0,0,0,783,538,245,97,79,18,25,14,11,5,4,1
C3010,09,31,0000,District - Etawah  31,Urban,30-34,21090,10597,10493,210,137,73,0,0,0,175,114,61,18,13,5,13,8,5,4,2,2
C3010,09,31,0000,District - Etawah  31,Urban,35-59,69422,36799,32623,297,189,108,0,0,0,232,143,89,41,33,8,10,7,3,14,6,8
C3010,09,31,0000,District - Etawah  31,Urban,60+,20460,10478,9982,51,38,13,0,0,0,41,32,9,5,3,2,3,3,0,2,0,2
C3010,09,31,0000,District - Etawah  31,Urban,Age not stated,489,294,195,7,4,3,0,0,0,6,3,3,1,1,0,0,0,0,0,0,0
C3010,09,32,0000,District - Auraiya *  32,Total,All ages,1179993,635762,544231,308759,176681,132078,292005,165224,126781,15736,10710,5026,639,496,143,276,202,74,103,49,54
C3010,09,32,0000,District - Auraiya *  32,Total,0-4,142163,74712,67451,2358,1236,1122,2358,1236,1122,0,0,0,0,0,0,0,0,0,0,0,0
C3010,09,32,0000,District - Auraiya *  32,Total,5,37879,20422,17457,5854,3257,2597,5854,3257,2597,0,0,0,0,0,0,0,0,0,0,0,0
C3010,09,32,0000,District - Auraiya *  32,Total,6,34738,18261,16477,12004,6464,5540,12004,6464,5540,0,0,0,0,0,0,0,0,0,0,0,0
C3010,09,32,0000,District - Auraiya *  32,Total,7,29162,15363,13799,21083,11332,9751,21083,11332,9751,0,0,0,0,0,0,0,0,0,0,0,0
C3010,09,32,0000,District - Auraiya *  32,Total,8,40549,21552,18997,33865,18309,15556,33865,18309,15556,0,0,0,0,0,0,0,0,0,0,0,0
C3010,09,32,0000,District - Auraiya *  32,Total,9,27867,14659,13208,24817,13260,11557,24817,13260,11557,0,0,0,0,0,0,0,0,0,0,0,0
C3010,09,32,0000,District - Auraiya *  32,Total,10,43317,23540,19777,37759,20830,16929,37759,20830,16929,0,0,0,0,0,0,0,0,0,0,0,0
C3010,09,32,0000,District - Auraiya *  32,Total,11,24783,13125,11658,22337,11995,10342,22337,11995,10342,0,0,0,0,0,0,0,0,0,0,0,0
C3010,09,32,0000,District - Auraiya *  32,Total,12,33108,17917,15191,28570,15802,12768,28570,15802,12768,0,0,0,0,0,0,0,0,0,0,0,0
C3010,09,32,0000,District - Auraiya *  32,Total,13,27270,14140,13130,22788,12256,10532,22788,12256,10532,0,0,0,0,0,0,0,0,0,0,0,0
C3010,09,32,0000,District - Auraiya *  32,Total,14,26718,14547,12171,20691,11859,8832,20691,11859,8832,0,0,0,0,0,0,0,0,0,0,0,0
C3010,09,32,0000,District - Auraiya *  32,Total,15-19,117323,69022,48301,60398,38085,22313,54341,34466,19875,5785,3425,2360,188,139,49,76,50,26,8,5,3
C3010,09,32,0000,District - Auraiya *  32,Total,20-24,93027,52307,40720,13800,10079,3721,5538,4158,1380,7989,5707,2282,199,165,34,60,40,20,14,9,5
C3010,09,32,0000,District - Auraiya *  32,Total,25-29,87988,45954,42034,1438,1175,263,0,0,0,1256,1024,232,123,105,18,50,41,9,9,5,4
C3010,09,32,0000,District - Auraiya *  32,Total,30-34,80784,41273,39511,394,298,96,0,0,0,317,240,77,32,27,5,30,23,7,15,8,7
C3010,09,32,0000,District - Auraiya *  32,Total,35-59,242884,130001,112883,509,390,119,0,0,0,333,276,57,79,51,28,53,45,8,44,18,26
C3010,09,32,0000,District - Auraiya *  32,Total,60+,89058,48158,40900,77,45,32,0,0,0,41,30,11,17,8,9,7,3,4,12,4,8
C3010,09,32,0000,District - Auraiya *  32,Total,Age not stated,1375,809,566,17,9,8,0,0,0,15,8,7,1,1,0,0,0,0,1,0,1
C3010,09,32,0000,District - Auraiya *  32,Rural,All ages,1011026,546142,464884,258393,149252,109141,247006,140891,106115,10666,7837,2829,441,338,103,206,152,54,74,34,40
C3010,09,32,0000,District - Auraiya *  32,Rural,0-4,124463,65354,59109,1796,947,849,1796,947,849,0,0,0,0,0,0,0,0,0,0,0,0
C3010,09,32,0000,District - Auraiya *  32,Rural,5,33155,17848,15307,4673,2605,2068,4673,2605,2068,0,0,0,0,0,0,0,0,0,0,0,0
C3010,09,32,0000,District - Auraiya *  32,Rural,6,30423,16076,14347,10169,5514,4655,10169,5514,4655,0,0,0,0,0,0,0,0,0,0,0,0
C3010,09,32,0000,District - Auraiya *  32,Rural,7,25143,13240,11903,17786,9573,8213,17786,9573,8213,0,0,0,0,0,0,0,0,0,0,0,0
C3010,09,32,0000,District - Auraiya *  32,Rural,8,35321,18722,16599,29295,15838,13457,29295,15838,13457,0,0,0,0,0,0,0,0,0,0,0,0
C3010,09,32,0000,District - Auraiya *  32,Rural,9,24347,12823,11524,21648,11585,10063,21648,11585,10063,0,0,0,0,0,0,0,0,0,0,0,0
C3010,09,32,0000,District - Auraiya *  32,Rural,10,37385,20267,17118,32460,17899,14561,32460,17899,14561,0,0,0,0,0,0,0,0,0,0,0,0
C3010,09,32,0000,District - Auraiya *  32,Rural,11,21329,11327,10002,19182,10348,8834,19182,10348,8834,0,0,0,0,0,0,0,0,0,0,0,0
C3010,09,32,0000,District - Auraiya *  32,Rural,12,28336,15336,13000,24354,13518,10836,24354,13518,10836,0,0,0,0,0,0,0,0,0,0,0,0
C3010,09,32,0000,District - Auraiya *  32,Rural,13,23449,12183,11266,19479,10557,8922,19479,10557,8922,0,0,0,0,0,0,0,0,0,0,0,0
C3010,09,32,0000,District - Auraiya *  32,Rural,14,22591,12412,10179,17303,10118,7185,17303,10118,7185,0,0,0,0,0,0,0,0,0,0,0,0
C3010,09,32,0000,District - Auraiya *  32,Rural,15-19,98759,58773,39986,48481,31600,16881,44374,28955,15419,3924,2523,1401,127,88,39,51,29,22,5,5,0
C3010,09,32,0000,District - Auraiya *  32,Rural,20-24,77611,43949,33662,9945,7659,2286,4487,3434,1053,5278,4088,1190,129,103,26,39,27,12,12,7,5
C3010,09,32,0000,District - Auraiya *  32,Rural,25-29,75048,39172,35876,1035,884,151,0,0,0,906,769,137,89,82,7,34,30,4,6,3,3
C3010,09,32,0000,District - Auraiya *  32,Rural,30-34,68978,35345,33633,313,242,71,0,0,0,252,197,55,21,18,3,27,21,6,13,6,7
C3010,09,32,0000,District - Auraiya *  32,Rural,35-59,205462,110228,95234,408,324,84,0,0,0,269,233,36,61,39,22,48,42,6,30,10,20
C3010,09,32,0000,District - Auraiya *  32,Rural,60+,78052,42402,35650,54,34,20,0,0,0,27,21,6,13,7,6,7,3,4,7,3,4
C3010,09,32,0000,District - Auraiya *  32,Rural,Age not stated,1174,685,489,12,7,5,0,0,0,10,6,4,1,1,0,0,0,0,1,0,1
C3010,09,32,0000,District - Auraiya *  32,Urban,All ages,168967,89620,79347,50366,27429,22937,44999,24333,20666,5070,2873,2197,198,158,40,70,50,20,29,15,14
C3010,09,32,0000,District - Auraiya *  32,Urban,0-4,17700,9358,8342,562,289,273,562,289,273,0,0,0,0,0,0,0,0,0,0,0,0
C3010,09,32,0000,District - Auraiya *  32,Urban,5,4724,2574,2150,1181,652,529,1181,652,529,0,0,0,0,0,0,0,0,0,0,0,0
C3010,09,32,0000,District - Auraiya *  32,Urban,6,4315,2185,2130,1835,950,885,1835,950,885,0,0,0,0,0,0,0,0,0,0,0,0
C3010,09,32,0000,District - Auraiya *  32,Urban,7,4019,2123,1896,3297,1759,1538,3297,1759,1538,0,0,0,0,0,0,0,0,0,0,0,0
C3010,09,32,0000,District - Auraiya *  32,Urban,8,5228,2830,2398,4570,2471,2099,4570,2471,2099,0,0,0,0,0,0,0,0,0,0,0,0
C3010,09,32,0000,District - Auraiya *  32,Urban,9,3520,1836,1684,3169,1675,1494,3169,1675,1494,0,0,0,0,0,0,0,0,0,0,0,0
C3010,09,32,0000,District - Auraiya *  32,Urban,10,5932,3273,2659,5299,2931,2368,5299,2931,2368,0,0,0,0,0,0,0,0,0,0,0,0
C3010,09,32,0000,District - Auraiya *  32,Urban,11,3454,1798,1656,3155,1647,1508,3155,1647,1508,0,0,0,0,0,0,0,0,0,0,0,0
C3010,09,32,0000,District - Auraiya *  32,Urban,12,4772,2581,2191,4216,2284,1932,4216,2284,1932,0,0,0,0,0,0,0,0,0,0,0,0
C3010,09,32,0000,District - Auraiya *  32,Urban,13,3821,1957,1864,3309,1699,1610,3309,1699,1610,0,0,0,0,0,0,0,0,0,0,0,0
C3010,09,32,0000,District - Auraiya *  32,Urban,14,4127,2135,1992,3388,1741,1647,3388,1741,1647,0,0,0,0,0,0,0,0,0,0,0,0
C3010,09,32,0000,District - Auraiya *  32,Urban,15-19,18564,10249,8315,11917,6485,5432,9967,5511,4456,1861,902,959,61,51,10,25,21,4,3,0,3
C3010,09,32,0000,District - Auraiya *  32,Urban,20-24,15416,8358,7058,3855,2420,1435,1051,724,327,2711,1619,1092,70,62,8,21,13,8,2,2,0
C3010,09,32,0000,District - Auraiya *  32,Urban,25-29,12940,6782,6158,403,291,112,0,0,0,350,255,95,34,23,11,16,11,5,3,2,1
C3010,09,32,0000,District - Auraiya *  32,Urban,30-34,11806,5928,5878,81,56,25,0,0,0,65,43,22,11,9,2,3,2,1,2,2,0
C3010,09,32,0000,District - Auraiya *  32,Urban,35-59,37422,19773,17649,101,66,35,0,0,0,64,43,21,18,12,6,5,3,2,14,8,6
C3010,09,32,0000,District - Auraiya *  32,Urban,60+,11006,5756,5250,23,11,12,0,0,0,14,9,5,4,1,3,0,0,0,5,1,4
C3010,09,32,0000,District - Auraiya *  32,Urban,Age not stated,201,124,77,5,2,3,0,0,0,5,2,3,0,0,0,0,0,0,0,0,0
C3010,09,33,0000,District - Kanpur Dehat  33,Total,All ages,1563336,844339,718997,380394,217935,162459,359209,202804,156405,19638,14075,5563,897,615,282,418,294,124,232,147,85
C3010,09,33,0000,District - Kanpur Dehat  33,Total,0-4,187308,98942,88366,3913,2052,1861,3913,2052,1861,0,0,0,0,0,0,0,0,0,0,0,0
C3010,09,33,0000,District - Kanpur Dehat  33,Total,5,48278,25936,22342,7656,4193,3463,7656,4193,3463,0,0,0,0,0,0,0,0,0,0,0,0
C3010,09,33,0000,District - Kanpur Dehat  33,Total,6,44849,23321,21528,14999,8000,6999,14999,8000,6999,0,0,0,0,0,0,0,0,0,0,0,0
C3010,09,33,0000,District - Kanpur Dehat  33,Total,7,38920,20294,18626,27167,14520,12647,27167,14520,12647,0,0,0,0,0,0,0,0,0,0,0,0
C3010,09,33,0000,District - Kanpur Dehat  33,Total,8,52590,28108,24482,41457,22652,18805,41457,22652,18805,0,0,0,0,0,0,0,0,0,0,0,0
C3010,09,33,0000,District - Kanpur Dehat  33,Total,9,34460,17766,16694,29574,15535,14039,29574,15535,14039,0,0,0,0,0,0,0,0,0,0,0,0
C3010,09,33,0000,District - Kanpur Dehat  33,Total,10,60885,33222,27663,49642,27624,22018,49642,27624,22018,0,0,0,0,0,0,0,0,0,0,0,0
C3010,09,33,0000,District - Kanpur Dehat  33,Total,11,30583,16442,14141,26189,14427,11762,26189,14427,11762,0,0,0,0,0,0,0,0,0,0,0,0
C3010,09,33,0000,District - Kanpur Dehat  33,Total,12,45374,24333,21041,37293,20674,16619,37293,20674,16619,0,0,0,0,0,0,0,0,0,0,0,0
C3010,09,33,0000,District - Kanpur Dehat  33,Total,13,33557,17356,16201,26549,14452,12097,26549,14452,12097,0,0,0,0,0,0,0,0,0,0,0,0
C3010,09,33,0000,District - Kanpur Dehat  33,Total,14,36598,19428,17170,26065,14799,11266,26065,14799,11266,0,0,0,0,0,0,0,0,0,0,0,0
C3010,09,33,0000,District - Kanpur Dehat  33,Total,15-19,150997,87545,63452,69976,44177,25799,62058,39035,23023,7519,4869,2650,226,161,65,158,99,59,15,13,2
C3010,09,33,0000,District - Kanpur Dehat  33,Total,20-24,122954,70224,52730,16300,12034,4266,6647,4841,1806,9317,6943,2374,217,168,49,86,61,25,33,21,12
C3010,09,33,0000,District - Kanpur Dehat  33,Total,25-29,111204,58771,52433,1641,1308,333,0,0,0,1416,1137,279,129,105,24,56,42,14,40,24,16
C3010,09,33,0000,District - Kanpur Dehat  33,Total,30-34,104848,53498,51350,566,431,135,0,0,0,452,360,92,75,45,30,20,15,5,19,11,8
C3010,09,33,0000,District - Kanpur Dehat  33,Total,35-59,313571,168580,144991,887,692,195,0,0,0,612,527,85,157,88,69,39,28,11,79,49,30
C3010,09,33,0000,District - Kanpur Dehat  33,Total,60+,124639,68036,56603,268,187,81,0,0,0,146,118,28,65,32,33,20,13,7,37,24,13
C3010,09,33,0000,District - Kanpur Dehat  33,Total,Age not stated,21721,12537,9184,252,178,74,0,0,0,176,121,55,28,16,12,39,36,3,9,5,4
C3010,09,33,0000,District - Kanpur Dehat  33,Rural,All ages,1455569,786624,668945,352673,202560,150113,334501,189225,145276,16847,12421,4426,759,525,234,357,258,99,209,131,78
C3010,09,33,0000,District - Kanpur Dehat  33,Rural,0-4,175293,92491,82802,3522,1835,1687,3522,1835,1687,0,0,0,0,0,0,0,0,0,0,0,0
C3010,09,33,0000,District - Kanpur Dehat  33,Rural,5,45337,24374,20963,7095,3894,3201,7095,3894,3201,0,0,0,0,0,0,0,0,0,0,0,0
C3010,09,33,0000,District - Kanpur Dehat  33,Rural,6,42183,21942,20241,14187,7557,6630,14187,7557,6630,0,0,0,0,0,0,0,0,0,0,0,0
C3010,09,33,0000,District - Kanpur Dehat  33,Rural,7,36537,19052,17485,25471,13610,11861,25471,13610,11861,0,0,0,0,0,0,0,0,0,0,0,0
C3010,09,33,0000,District - Kanpur Dehat  33,Rural,8,49178,26281,22897,38875,21225,17650,38875,21225,17650,0,0,0,0,0,0,0,0,0,0,0,0
C3010,09,33,0000,District - Kanpur Dehat  33,Rural,9,32451,16729,15722,27882,14656,13226,27882,14656,13226,0,0,0,0,0,0,0,0,0,0,0,0
C3010,09,33,0000,District - Kanpur Dehat  33,Rural,10,56684,30942,25742,46326,25801,20525,46326,25801,20525,0,0,0,0,0,0,0,0,0,0,0,0
C3010,09,33,0000,District - Kanpur Dehat  33,Rural,11,28463,15272,13191,24461,13455,11006,24461,13455,11006,0,0,0,0,0,0,0,0,0,0,0,0
C3010,09,33,0000,District - Kanpur Dehat  33,Rural,12,42127,22596,19531,34676,19235,15441,34676,19235,15441,0,0,0,0,0,0,0,0,0,0,0,0
C3010,09,33,0000,District - Kanpur Dehat  33,Rural,13,31324,16215,15109,24791,13546,11245,24791,13546,11245,0,0,0,0,0,0,0,0,0,0,0,0
C3010,09,33,0000,District - Kanpur Dehat  33,Rural,14,33975,18034,15941,24164,13779,10385,24164,13779,10385,0,0,0,0,0,0,0,0,0,0,0,0
C3010,09,33,0000,District - Kanpur Dehat  33,Rural,15-19,139989,81433,58556,63776,40749,23027,56939,36161,20778,6489,4343,2146,201,147,54,133,86,47,14,12,2
C3010,09,33,0000,District - Kanpur Dehat  33,Rural,20-24,113585,64969,48616,14318,10752,3566,6112,4471,1641,7924,6071,1853,182,138,44,71,53,18,29,19,10
C3010,09,33,0000,District - Kanpur Dehat  33,Rural,25-29,103648,54818,48830,1428,1160,268,0,0,0,1246,1021,225,101,83,18,46,35,11,35,21,14
C3010,09,33,0000,District - Kanpur Dehat  33,Rural,30-34,97600,49863,47737,511,396,115,0,0,0,411,334,77,66,40,26,17,12,5,17,10,7
C3010,09,33,0000,District - Kanpur Dehat  33,Rural,35-59,291410,156716,134694,772,605,167,0,0,0,535,462,73,130,75,55,37,27,10,70,41,29
C3010,09,33,0000,District - Kanpur Dehat  33,Rural,60+,117373,64215,53158,237,169,68,0,0,0,127,105,22,57,29,28,17,11,6,36,24,12
C3010,09,33,0000,District - Kanpur Dehat  33,Rural,Age not stated,18412,10682,7730,181,136,45,0,0,0,115,85,30,22,13,9,36,34,2,8,4,4
C3010,09,33,0000,District - Kanpur Dehat  33,Urban,All ages,107767,57715,50052,27721,15375,12346,24708,13579,11129,2791,1654,1137,138,90,48,61,36,25,23,16,7
C3010,09,33,0000,District - Kanpur Dehat  33,Urban,0-4,12015,6451,5564,391,217,174,391,217,174,0,0,0,0,0,0,0,0,0,0,0,0
C3010,09,33,0000,District - Kanpur Dehat  33,Urban,5,2941,1562,1379,561,299,262,561,299,262,0,0,0,0,0,0,0,0,0,0,0,0
C3010,09,33,0000,District - Kanpur Dehat  33,Urban,6,2666,1379,1287,812,443,369,812,443,369,0,0,0,0,0,0,0,0,0,0,0,0
C3010,09,33,0000,District - Kanpur Dehat  33,Urban,7,2383,1242,1141,1696,910,786,1696,910,786,0,0,0,0,0,0,0,0,0,0,0,0
C3010,09,33,0000,District - Kanpur Dehat  33,Urban,8,3412,1827,1585,2582,1427,1155,2582,1427,1155,0,0,0,0,0,0,0,0,0,0,0,0
C3010,09,33,0000,District - Kanpur Dehat  33,Urban,9,2009,1037,972,1692,879,813,1692,879,813,0,0,0,0,0,0,0,0,0,0,0,0
C3010,09,33,0000,District - Kanpur Dehat  33,Urban,10,4201,2280,1921,3316,1823,1493,3316,1823,1493,0,0,0,0,0,0,0,0,0,0,0,0
C3010,09,33,0000,District - Kanpur Dehat  33,Urban,11,2120,1170,950,1728,972,756,1728,972,756,0,0,0,0,0,0,0,0,0,0,0,0
C3010,09,33,0000,District - Kanpur Dehat  33,Urban,12,3247,1737,1510,2617,1439,1178,2617,1439,1178,0,0,0,0,0,0,0,0,0,0,0,0
C3010,09,33,0000,District - Kanpur Dehat  33,Urban,13,2233,1141,1092,1758,906,852,1758,906,852,0,0,0,0,0,0,0,0,0,0,0,0
C3010,09,33,0000,District - Kanpur Dehat  33,Urban,14,2623,1394,1229,1901,1020,881,1901,1020,881,0,0,0,0,0,0,0,0,0,0,0,0
C3010,09,33,0000,District - Kanpur Dehat  33,Urban,15-19,11008,6112,4896,6200,3428,2772,5119,2874,2245,1030,526,504,25,14,11,25,13,12,1,1,0
C3010,09,33,0000,District - Kanpur Dehat  33,Urban,20-24,9369,5255,4114,1982,1282,700,535,370,165,1393,872,521,35,30,5,15,8,7,4,2,2
C3010,09,33,0000,District - Kanpur Dehat  33,Urban,25-29,7556,3953,3603,213,148,65,0,0,0,170,116,54,28,22,6,10,7,3,5,3,2
C3010,09,33,0000,District - Kanpur Dehat  33,Urban,30-34,7248,3635,3613,55,35,20,0,0,0,41,26,15,9,5,4,3,3,0,2,1,1
C3010,09,33,0000,District - Kanpur Dehat  33,Urban,35-59,22161,11864,10297,115,87,28,0,0,0,77,65,12,27,13,14,2,1,1,9,8,1
C3010,09,33,0000,District - Kanpur Dehat  33,Urban,60+,7266,3821,3445,31,18,13,0,0,0,19,13,6,8,3,5,3,2,1,1,0,1
C3010,09,33,0000,District - Kanpur Dehat  33,Urban,Age not stated,3309,1855,1454,71,42,29,0,0,0,61,36,25,6,3,3,3,2,1,1,1,0
C3010,09,34,0000,District - Kanpur Nagar  34,Total,All ages,4167999,2247216,1920783,1094105,597938,496167,966323,523737,442586,113957,64145,49812,8914,6464,2450,3670,2870,800,1241,722,519
C3010,09,34,0000,District - Kanpur Nagar  34,Total,0-4,392312,210325,181987,21245,11381,9864,21245,11381,9864,0,0,0,0,0,0,0,0,0,0,0,0
C3010,09,34,0000,District - Kanpur Nagar  34,Total,5,104821,56749,48072,30688,16819,13869,30688,16819,13869,0,0,0,0,0,0,0,0,0,0,0,0
C3010,09,34,0000,District - Kanpur Nagar  34,Total,6,94168,49364,44804,41142,21823,19319,41142,21823,19319,0,0,0,0,0,0,0,0,0,0,0,0
C3010,09,34,0000,District - Kanpur Nagar  34,Total,7,87926,46208,41718,63442,33787,29655,63442,33787,29655,0,0,0,0,0,0,0,0,0,0,0,0
C3010,09,34,0000,District - Kanpur Nagar  34,Total,8,118559,63090,55469,90920,49056,41864,90920,49056,41864,0,0,0,0,0,0,0,0,0,0,0,0
C3010,09,34,0000,District - Kanpur Nagar  34,Total,9,76289,40033,36256,62675,33063,29612,62675,33063,29612,0,0,0,0,0,0,0,0,0,0,0,0
C3010,09,34,0000,District - Kanpur Nagar  34,Total,10,149930,81164,68766,117102,63842,53260,117102,63842,53260,0,0,0,0,0,0,0,0,0,0,0,0
C3010,09,34,0000,District - Kanpur Nagar  34,Total,11,75465,40349,35116,61950,33354,28596,61950,33354,28596,0,0,0,0,0,0,0,0,0,0,0,0
C3010,09,34,0000,District - Kanpur Nagar  34,Total,12,126200,66979,59221,99987,53545,46442,99987,53545,46442,0,0,0,0,0,0,0,0,0,0,0,0
C3010,09,34,0000,District - Kanpur Nagar  34,Total,13,84627,42866,41761,66885,34307,32578,66885,34307,32578,0,0,0,0,0,0,0,0,0,0,0,0
C3010,09,34,0000,District - Kanpur Nagar  34,Total,14,97741,50907,46834,71072,37624,33448,71072,37624,33448,0,0,0,0,0,0,0,0,0,0,0,0
C3010,09,34,0000,District - Kanpur Nagar  34,Total,15-19,457366,249624,207742,251534,137706,113828,211617,117094,94523,36513,18071,18442,2063,1553,510,1249,936,313,92,52,40
C3010,09,34,0000,District - Kanpur Nagar  34,Total,20-24,391751,219975,171776,91251,55495,35756,27598,18042,9556,60275,34864,25411,2453,1900,553,734,573,161,191,116,75
C3010,09,34,0000,District - Kanpur Nagar  34,Total,25-29,323947,171277,152670,12163,8235,3928,0,0,0,8853,5773,3080,2256,1637,619,869,722,147,185,103,82
C3010,09,34,0000,District - Kanpur Nagar  34,Total,30-34,292196,150844,141352,3519,2224,1295,0,0,0,2458,1487,971,628,405,223,290,247,43,143,85,58
C3010,09,34,0000,District - Kanpur Nagar  34,Total,35-59,954365,521178,433187,6037,4073,1964,0,0,0,4192,2852,1340,1060,680,380,355,279,76,430,262,168
C3010,09,34,0000,District - Kanpur Nagar  34,Total,60+,275437,148700,126737,1503,992,511,0,0,0,939,652,287,314,197,117,107,70,37,143,73,70
C3010,09,34,0000,District - Kanpur Nagar  34,Total,Age not stated,64899,37584,27315,990,612,378,0,0,0,727,446,281,140,92,48,66,43,23,57,31,26
C3010,09,34,0000,District - Kanpur Nagar  34,Rural,All ages,1370488,738072,632416,316328,179952,136376,299963,168668,131295,14129,9855,4274,1195,754,441,671,474,197,370,201,169
C3010,09,34,0000,District - Kanpur Nagar  34,Rural,0-4,162291,85646,76645,4936,2655,2281,4936,2655,2281,0,0,0,0,0,0,0,0,0,0,0,0
C3010,09,34,0000,District - Kanpur Nagar  34,Rural,5,41567,22452,19115,7381,4047,3334,7381,4047,3334,0,0,0,0,0,0,0,0,0,0,0,0
C3010,09,34,0000,District - Kanpur Nagar  34,Rural,6,35472,18484,16988,12398,6628,5770,12398,6628,5770,0,0,0,0,0,0,0,0,0,0,0,0
C3010,09,34,0000,District - Kanpur Nagar  34,Rural,7,33747,17666,16081,22684,12152,10532,22684,12152,10532,0,0,0,0,0,0,0,0,0,0,0,0
C3010,09,34,0000,District - Kanpur Nagar  34,Rural,8,42469,22405,20064,31740,17206,14534,31740,17206,14534,0,0,0,0,0,0,0,0,0,0,0,0
C3010,09,34,0000,District - Kanpur Nagar  34,Rural,9,28374,14677,13697,23146,12203,10943,23146,12203,10943,0,0,0,0,0,0,0,0,0,0,0,0
C3010,09,34,0000,District - Kanpur Nagar  34,Rural,10,55038,30015,25023,41747,23250,18497,41747,23250,18497,0,0,0,0,0,0,0,0,0,0,0,0
C3010,09,34,0000,District - Kanpur Nagar  34,Rural,11,27574,14753,12821,21890,12007,9883,21890,12007,9883,0,0,0,0,0,0,0,0,0,0,0,0
C3010,09,34,0000,District - Kanpur Nagar  34,Rural,12,40740,21673,19067,31643,17471,14172,31643,17471,14172,0,0,0,0,0,0,0,0,0,0,0,0
C3010,09,34,0000,District - Kanpur Nagar  34,Rural,13,29627,15145,14482,22506,12102,10404,22506,12102,10404,0,0,0,0,0,0,0,0,0,0,0,0
C3010,09,34,0000,District - Kanpur Nagar  34,Rural,14,31753,16717,15036,21489,12194,9295,21489,12194,9295,0,0,0,0,0,0,0,0,0,0,0,0
C3010,09,34,0000,District - Kanpur Nagar  34,Rural,15-19,132247,75107,57140,57692,35791,21901,51966,32228,19738,5254,3278,1976,227,153,74,224,122,102,21,10,11
C3010,09,34,0000,District - Kanpur Nagar  34,Rural,20-24,109022,62267,46755,13543,9692,3851,6437,4525,1912,6694,4867,1827,225,171,54,136,102,34,51,27,24
C3010,09,34,0000,District - Kanpur Nagar  34,Rural,25-29,93204,49208,43996,1293,1008,285,0,0,0,994,800,194,171,111,60,81,69,12,47,28,19
C3010,09,34,0000,District - Kanpur Nagar  34,Rural,30-34,89066,45399,43667,542,378,164,0,0,0,327,246,81,109,56,53,62,53,9,44,23,21
C3010,09,34,0000,District - Kanpur Nagar  34,Rural,35-59,270519,145531,124988,1002,741,261,0,0,0,496,411,85,283,170,113,111,95,16,112,65,47
C3010,09,34,0000,District - Kanpur Nagar  34,Rural,60+,105624,57147,48477,319,194,125,0,0,0,124,96,28,110,57,53,29,16,13,56,25,31
C3010,09,34,0000,District - Kanpur Nagar  34,Rural,Age not stated,42154,23780,18374,377,233,144,0,0,0,240,157,83,70,36,34,28,17,11,39,23,16
C3010,09,34,0000,District - Kanpur Nagar  34,Urban,All ages,2797511,1509144,1288367,777777,417986,359791,666360,355069,311291,99828,54290,45538,7719,5710,2009,2999,2396,603,871,521,350
C3010,09,34,0000,District - Kanpur Nagar  34,Urban,0-4,230021,124679,105342,16309,8726,7583,16309,8726,7583,0,0,0,0,0,0,0,0,0,0,0,0
C3010,09,34,0000,District - Kanpur Nagar  34,Urban,5,63254,34297,28957,23307,12772,10535,23307,12772,10535,0,0,0,0,0,0,0,0,0,0,0,0
C3010,09,34,0000,District - Kanpur Nagar  34,Urban,6,58696,30880,27816,28744,15195,13549,28744,15195,13549,0,0,0,0,0,0,0,0,0,0,0,0
C3010,09,34,0000,District - Kanpur Nagar  34,Urban,7,54179,28542,25637,40758,21635,19123,40758,21635,19123,0,0,0,0,0,0,0,0,0,0,0,0
C3010,09,34,0000,District - Kanpur Nagar  34,Urban,8,76090,40685,35405,59180,31850,27330,59180,31850,27330,0,0,0,0,0,0,0,0,0,0,0,0
C3010,09,34,0000,District - Kanpur Nagar  34,Urban,9,47915,25356,22559,39529,20860,18669,39529,20860,18669,0,0,0,0,0,0,0,0,0,0,0,0
C3010,09,34,0000,District - Kanpur Nagar  34,Urban,10,94892,51149,43743,75355,40592,34763,75355,40592,34763,0,0,0,0,0,0,0,0,0,0,0,0
C3010,09,34,0000,District - Kanpur Nagar  34,Urban,11,47891,25596,22295,40060,21347,18713,40060,21347,18713,0,0,0,0,0,0,0,0,0,0,0,0
C3010,09,34,0000,District - Kanpur Nagar  34,Urban,12,85460,45306,40154,68344,36074,32270,68344,36074,32270,0,0,0,0,0,0,0,0,0,0,0,0
C3010,09,34,0000,District - Kanpur Nagar  34,Urban,13,55000,27721,27279,44379,22205,22174,44379,22205,22174,0,0,0,0,0,0,0,0,0,0,0,0
C3010,09,34,0000,District - Kanpur Nagar  34,Urban,14,65988,34190,31798,49583,25430,24153,49583,25430,24153,0,0,0,0,0,0,0,0,0,0,0,0
C3010,09,34,0000,District - Kanpur Nagar  34,Urban,15-19,325119,174517,150602,193842,101915,91927,159651,84866,74785,31259,14793,16466,1836,1400,436,1025,814,211,71,42,29
C3010,09,34,0000,District - Kanpur Nagar  34,Urban,20-24,282729,157708,125021,77708,45803,31905,21161,13517,7644,53581,29997,23584,2228,1729,499,598,471,127,140,89,51
C3010,09,34,0000,District - Kanpur Nagar  34,Urban,25-29,230743,122069,108674,10870,7227,3643,0,0,0,7859,4973,2886,2085,1526,559,788,653,135,138,75,63
C3010,09,34,0000,District - Kanpur Nagar  34,Urban,30-34,203130,105445,97685,2977,1846,1131,0,0,0,2131,1241,890,519,349,170,228,194,34,99,62,37
C3010,09,34,0000,District - Kanpur Nagar  34,Urban,35-59,683846,375647,308199,5035,3332,1703,0,0,0,3696,2441,1255,777,510,267,244,184,60,318,197,121
C3010,09,34,0000,District - Kanpur Nagar  34,Urban,60+,169813,91553,78260,1184,798,386,0,0,0,815,556,259,204,140,64,78,54,24,87,48,39
C3010,09,34,0000,District - Kanpur Nagar  34,Urban,Age not stated,22745,13804,8941,613,379,234,0,0,0,487,289,198,70,56,14,38,26,12,18,8,10
C3010,09,35,0000,District - Jalaun  35,Total,All ages,1454452,786641,667811,352123,208657,143466,328052,191065,136987,22231,16325,5906,1037,755,282,422,302,120,381,210,171
C3010,09,35,0000,District - Jalaun  35,Total,0-4,157483,83189,74294,3630,1938,1692,3630,1938,1692,0,0,0,0,0,0,0,0,0,0,0,0
C3010,09,35,0000,District - Jalaun  35,Total,5,41797,22671,19126,7699,4322,3377,7699,4322,3377,0,0,0,0,0,0,0,0,0,0,0,0
C3010,09,35,0000,District - Jalaun  35,Total,6,43029,22385,20644,16790,9154,7636,16790,9154,7636,0,0,0,0,0,0,0,0,0,0,0,0
C3010,09,35,0000,District - Jalaun  35,Total,7,32390,17124,15266,22752,12418,10334,22752,12418,10334,0,0,0,0,0,0,0,0,0,0,0,0
C3010,09,35,0000,District - Jalaun  35,Total,8,52636,28018,24618,39809,21904,17905,39809,21904,17905,0,0,0,0,0,0,0,0,0,0,0,0
C3010,09,35,0000,District - Jalaun  35,Total,9,28563,15015,13548,23831,12916,10915,23831,12916,10915,0,0,0,0,0,0,0,0,0,0,0,0
C3010,09,35,0000,District - Jalaun  35,Total,10,56213,30742,25471,45213,25565,19648,45213,25565,19648,0,0,0,0,0,0,0,0,0,0,0,0
C3010,09,35,0000,District - Jalaun  35,Total,11,24282,13133,11149,20703,11568,9135,20703,11568,9135,0,0,0,0,0,0,0,0,0,0,0,0
C3010,09,35,0000,District - Jalaun  35,Total,12,43294,23543,19751,34603,19716,14887,34603,19716,14887,0,0,0,0,0,0,0,0,0,0,0,0
C3010,09,35,0000,District - Jalaun  35,Total,13,29775,15702,14073,23285,13064,10221,23285,13064,10221,0,0,0,0,0,0,0,0,0,0,0,0
C3010,09,35,0000,District - Jalaun  35,Total,14,32719,17832,14887,23388,13869,9519,23388,13869,9519,0,0,0,0,0,0,0,0,0,0,0,0
C3010,09,35,0000,District - Jalaun  35,Total,15-19,132598,80263,52335,67388,44948,22440,58977,39237,19740,8025,5436,2589,229,169,60,143,95,48,14,11,3
C3010,09,35,0000,District - Jalaun  35,Total,20-24,117491,65039,52452,18089,13372,4717,7372,5394,1978,10315,7676,2639,257,201,56,95,72,23,50,29,21
C3010,09,35,0000,District - Jalaun  35,Total,25-29,113078,58892,54186,2223,1815,408,0,0,0,1921,1590,331,187,146,41,63,48,15,52,31,21
C3010,09,35,0000,District - Jalaun  35,Total,30-34,104142,53257,50885,798,635,163,0,0,0,639,537,102,79,57,22,33,22,11,47,19,28
C3010,09,35,0000,District - Jalaun  35,Total,35-59,320393,172290,148103,1602,1230,372,0,0,0,1154,946,208,217,143,74,69,53,16,162,88,74
C3010,09,35,0000,District - Jalaun  35,Total,60+,121465,65800,55665,279,198,81,0,0,0,147,120,27,63,35,28,16,11,5,53,32,21
C3010,09,35,0000,District - Jalaun  35,Total,Age not stated,3104,1746,1358,41,25,16,0,0,0,30,20,10,5,4,1,3,1,2,3,0,3
C3010,09,35,0000,District - Jalaun  35,Rural,All ages,1113926,604295,509631,257384,155273,102111,244534,144830,99704,11655,9667,1988,624,423,201,257,186,71,314,167,147
C3010,09,35,0000,District - Jalaun  35,Rural,0-4,124838,65848,58990,2416,1307,1109,2416,1307,1109,0,0,0,0,0,0,0,0,0,0,0,0
C3010,09,35,0000,District - Jalaun  35,Rural,5,32677,17704,14973,5319,3046,2273,5319,3046,2273,0,0,0,0,0,0,0,0,0,0,0,0
C3010,09,35,0000,District - Jalaun  35,Rural,6,33929,17709,16220,12805,7023,5782,12805,7023,5782,0,0,0,0,0,0,0,0,0,0,0,0
C3010,09,35,0000,District - Jalaun  35,Rural,7,24888,13206,11682,17349,9541,7808,17349,9541,7808,0,0,0,0,0,0,0,0,0,0,0,0
C3010,09,35,0000,District - Jalaun  35,Rural,8,40765,21627,19138,30812,16955,13857,30812,16955,13857,0,0,0,0,0,0,0,0,0,0,0,0
C3010,09,35,0000,District - Jalaun  35,Rural,9,22218,11641,10577,18625,10090,8535,18625,10090,8535,0,0,0,0,0,0,0,0,0,0,0,0
C3010,09,35,0000,District - Jalaun  35,Rural,10,42886,23468,19418,34602,19683,14919,34602,19683,14919,0,0,0,0,0,0,0,0,0,0,0,0
C3010,09,35,0000,District - Jalaun  35,Rural,11,18541,10049,8492,15850,8926,6924,15850,8926,6924,0,0,0,0,0,0,0,0,0,0,0,0
C3010,09,35,0000,District - Jalaun  35,Rural,12,32366,17624,14742,25917,14971,10946,25917,14971,10946,0,0,0,0,0,0,0,0,0,0,0,0
C3010,09,35,0000,District - Jalaun  35,Rural,13,22569,12002,10567,17501,10034,7467,17501,10034,7467,0,0,0,0,0,0,0,0,0,0,0,0
C3010,09,35,0000,District - Jalaun  35,Rural,14,24331,13360,10971,17197,10485,6712,17197,10485,6712,0,0,0,0,0,0,0,0,0,0,0,0
C3010,09,35,0000,District - Jalaun  35,Rural,15-19,96121,59564,36557,45490,32344,13146,40972,28840,12132,4304,3349,955,116,87,29,86,59,27,12,9,3
C3010,09,35,0000,District - Jalaun  35,Rural,20-24,87218,48183,39035,10477,8412,2065,5169,3929,1240,5077,4310,767,137,106,31,60,47,13,34,20,14
C3010,09,35,0000,District - Jalaun  35,Rural,25-29,86923,45243,41680,1229,1039,190,0,0,0,1061,929,132,93,63,30,31,23,8,44,24,20
C3010,09,35,0000,District - Jalaun  35,Rural,30-34,80311,41123,39188,543,444,99,0,0,0,416,366,50,63,45,18,24,16,8,40,17,23
C3010,09,35,0000,District - Jalaun  35,Rural,35-59,242902,130881,112021,1036,822,214,0,0,0,700,629,71,156,91,65,41,31,10,139,71,68
C3010,09,35,0000,District - Jalaun  35,Rural,60+,97832,53622,44210,192,136,56,0,0,0,82,73,9,55,28,27,12,9,3,43,26,17
C3010,09,35,0000,District - Jalaun  35,Rural,Age not stated,2611,1441,1170,24,15,9,0,0,0,15,11,4,4,3,1,3,1,2,2,0,2
C3010,09,35,0000,District - Jalaun  35,Urban,All ages,340526,182346,158180,94739,53384,41355,83518,46235,37283,10576,6658,3918,413,332,81,165,116,49,67,43,24
C3010,09,35,0000,District - Jalaun  35,Urban,0-4,32645,17341,15304,1214,631,583,1214,631,583,0,0,0,0,0,0,0,0,0,0,0,0
C3010,09,35,0000,District - Jalaun  35,Urban,5,9120,4967,4153,2380,1276,1104,2380,1276,1104,0,0,0,0,0,0,0,0,0,0,0,0
C3010,09,35,0000,District - Jalaun  35,Urban,6,9100,4676,4424,3985,2131,1854,3985,2131,1854,0,0,0,0,0,0,0,0,0,0,0,0
C3010,09,35,0000,District - Jalaun  35,Urban,7,7502,3918,3584,5403,2877,2526,5403,2877,2526,0,0,0,0,0,0,0,0,0,0,0,0
C3010,09,35,0000,District - Jalaun  35,Urban,8,11871,6391,5480,8997,4949,4048,8997,4949,4048,0,0,0,0,0,0,0,0,0,0,0,0
C3010,09,35,0000,District - Jalaun  35,Urban,9,6345,3374,2971,5206,2826,2380,5206,2826,2380,0,0,0,0,0,0,0,0,0,0,0,0
C3010,09,35,0000,District - Jalaun  35,Urban,10,13327,7274,6053,10611,5882,4729,10611,5882,4729,0,0,0,0,0,0,0,0,0,0,0,0
C3010,09,35,0000,District - Jalaun  35,Urban,11,5741,3084,2657,4853,2642,2211,4853,2642,2211,0,0,0,0,0,0,0,0,0,0,0,0
C3010,09,35,0000,District - Jalaun  35,Urban,12,10928,5919,5009,8686,4745,3941,8686,4745,3941,0,0,0,0,0,0,0,0,0,0,0,0
C3010,09,35,0000,District - Jalaun  35,Urban,13,7206,3700,3506,5784,3030,2754,5784,3030,2754,0,0,0,0,0,0,0,0,0,0,0,0
C3010,09,35,0000,District - Jalaun  35,Urban,14,8388,4472,3916,6191,3384,2807,6191,3384,2807,0,0,0,0,0,0,0,0,0,0,0,0
C3010,09,35,0000,District - Jalaun  35,Urban,15-19,36477,20699,15778,21898,12604,9294,18005,10397,7608,3721,2087,1634,113,82,31,57,36,21,2,2,0
C3010,09,35,0000,District - Jalaun  35,Urban,20-24,30273,16856,13417,7612,4960,2652,2203,1465,738,5238,3366,1872,120,95,25,35,25,10,16,9,7
C3010,09,35,0000,District - Jalaun  35,Urban,25-29,26155,13649,12506,994,776,218,0,0,0,860,661,199,94,83,11,32,25,7,8,7,1
C3010,09,35,0000,District - Jalaun  35,Urban,30-34,23831,12134,11697,255,191,64,0,0,0,223,171,52,16,12,4,9,6,3,7,2,5
C3010,09,35,0000,District - Jalaun  35,Urban,35-59,77491,41409,36082,566,408,158,0,0,0,454,317,137,61,52,9,28,22,6,23,17,6
C3010,09,35,0000,District - Jalaun  35,Urban,60+,23633,12178,11455,87,62,25,0,0,0,65,47,18,8,7,1,4,2,2,10,6,4
C3010,09,35,0000,District - Jalaun  35,Urban,Age not stated,493,305,188,17,10,7,0,0,0,15,9,6,1,1,0,0,0,0,1,0,1
C3010,09,36,0000,District - Jhansi  36,Total,All ages,1744931,932818,812113,414984,243218,171766,381512,222018,159494,29627,18505,11122,2629,1950,679,829,558,271,387,187,200
C3010,09,36,0000,District - Jhansi  36,Total,0-4,187108,99408,87700,5857,3176,2681,5857,3176,2681,0,0,0,0,0,0,0,0,0,0,0,0
C3010,09,36,0000,District - Jhansi  36,Total,5,46794,25133,21661,9525,5287,4238,9525,5287,4238,0,0,0,0,0,0,0,0,0,0,0,0
C3010,09,36,0000,District - Jhansi  36,Total,6,46687,24270,22417,18199,9884,8315,18199,9884,8315,0,0,0,0,0,0,0,0,0,0,0,0
C3010,09,36,0000,District - Jhansi  36,Total,7,36886,19467,17419,25555,14061,11494,25555,14061,11494,0,0,0,0,0,0,0,0,0,0,0,0
C3010,09,36,0000,District - Jhansi  36,Total,8,57782,30877,26905,43452,24262,19190,43452,24262,19190,0,0,0,0,0,0,0,0,0,0,0,0
C3010,09,36,0000,District - Jhansi  36,Total,9,30956,16113,14843,25872,13989,11883,25872,13989,11883,0,0,0,0,0,0,0,0,0,0,0,0
C3010,09,36,0000,District - Jhansi  36,Total,10,62925,34124,28801,50022,28406,21616,50022,28406,21616,0,0,0,0,0,0,0,0,0,0,0,0
C3010,09,36,0000,District - Jhansi  36,Total,11,28342,15524,12818,24268,13853,10415,24268,13853,10415,0,0,0,0,0,0,0,0,0,0,0,0
C3010,09,36,0000,District - Jhansi  36,Total,12,55058,30285,24773,43480,25249,18231,43480,25249,18231,0,0,0,0,0,0,0,0,0,0,0,0
C3010,09,36,0000,District - Jhansi  36,Total,13,34963,18352,16611,27205,15346,11859,27205,15346,11859,0,0,0,0,0,0,0,0,0,0,0,0
C3010,09,36,0000,District - Jhansi  36,Total,14,38530,20566,17964,27496,16174,11322,27496,16174,11322,0,0,0,0,0,0,0,0,0,0,0,0
C3010,09,36,0000,District - Jhansi  36,Total,15-19,165567,94602,70965,82028,51726,30302,71674,45884,25790,9489,5248,4241,589,420,169,250,158,92,26,16,10
C3010,09,36,0000,District - Jhansi  36,Total,20-24,158167,84762,73405,25436,17119,8317,8907,6447,2460,15431,9836,5595,893,702,191,166,112,54,39,22,17
C3010,09,36,0000,District - Jhansi  36,Total,25-29,143681,75143,68538,3213,2348,865,0,0,0,2492,1836,656,515,384,131,145,102,43,61,26,35
C3010,09,36,0000,District - Jhansi  36,Total,30-34,131840,67681,64159,1006,693,313,0,0,0,737,526,211,146,99,47,65,46,19,58,22,36
C3010,09,36,0000,District - Jhansi  36,Total,35-59,385744,208710,177034,1870,1325,545,0,0,0,1187,863,324,379,279,100,159,113,46,145,70,75
C3010,09,36,0000,District - Jhansi  36,Total,60+,124799,62727,62072,345,223,122,0,0,0,161,116,45,92,55,37,39,23,16,53,29,24
C3010,09,36,0000,District - Jhansi  36,Total,Age not stated,9102,5074,4028,155,97,58,0,0,0,130,80,50,15,11,4,5,4,1,5,2,3
C3010,09,36,0000,District - Jhansi  36,Rural,All ages,1033171,552379,480792,211287,130368,80919,203455,124054,79401,6593,5456,1137,750,567,183,254,163,91,235,128,107
C3010,09,36,0000,District - Jhansi  36,Rural,0-4,120894,63855,57039,1698,931,767,1698,931,767,0,0,0,0,0,0,0,0,0,0,0,0
C3010,09,36,0000,District - Jhansi  36,Rural,5,30081,16167,13914,3432,1944,1488,3432,1944,1488,0,0,0,0,0,0,0,0,0,0,0,0
C3010,09,36,0000,District - Jhansi  36,Rural,6,29976,15616,14360,9696,5387,4309,9696,5387,4309,0,0,0,0,0,0,0,0,0,0,0,0
C3010,09,36,0000,District - Jhansi  36,Rural,7,22643,11991,10652,14590,8198,6392,14590,8198,6392,0,0,0,0,0,0,0,0,0,0,0,0
C3010,09,36,0000,District - Jhansi  36,Rural,8,36781,19660,17121,26556,15089,11467,26556,15089,11467,0,0,0,0,0,0,0,0,0,0,0,0
C3010,09,36,0000,District - Jhansi  36,Rural,9,18879,9886,8993,15366,8503,6863,15366,8503,6863,0,0,0,0,0,0,0,0,0,0,0,0
C3010,09,36,0000,District - Jhansi  36,Rural,10,38821,20992,17829,30216,17421,12795,30216,17421,12795,0,0,0,0,0,0,0,0,0,0,0,0
C3010,09,36,0000,District - Jhansi  36,Rural,11,16110,8885,7225,13476,7914,5562,13476,7914,5562,0,0,0,0,0,0,0,0,0,0,0,0
C3010,09,36,0000,District - Jhansi  36,Rural,12,32547,17997,14550,24866,14959,9907,24866,14959,9907,0,0,0,0,0,0,0,0,0,0,0,0
C3010,09,36,0000,District - Jhansi  36,Rural,13,20030,10756,9274,14831,8955,5876,14831,8955,5876,0,0,0,0,0,0,0,0,0,0,0,0
C3010,09,36,0000,District - Jhansi  36,Rural,14,21236,11582,9654,13930,8965,4965,13930,8965,4965,0,0,0,0,0,0,0,0,0,0,0,0
C3010,09,36,0000,District - Jhansi  36,Rural,15-19,87246,51725,35521,33856,25004,8852,31248,23024,8224,2331,1779,552,195,153,42,68,39,29,14,9,5
C3010,09,36,0000,District - Jhansi  36,Rural,20-24,89490,46662,42828,7162,5826,1336,3550,2764,786,3269,2791,478,260,221,39,54,34,20,29,16,13
C3010,09,36,0000,District - Jhansi  36,Rural,25-29,85829,44547,41282,655,563,92,0,0,0,500,451,49,77,64,13,35,26,9,43,22,21
C3010,09,36,0000,District - Jhansi  36,Rural,30-34,79238,40446,38792,289,214,75,0,0,0,180,151,29,52,32,20,22,16,6,35,15,20
C3010,09,36,0000,District - Jhansi  36,Rural,35-59,219819,118385,101434,532,401,131,0,0,0,270,245,25,122,74,48,56,36,20,84,46,38
C3010,09,36,0000,District - Jhansi  36,Rural,60+,78836,40673,38163,104,70,34,0,0,0,21,21,0,40,21,19,17,10,7,26,18,8
C3010,09,36,0000,District - Jhansi  36,Rural,Age not stated,4715,2554,2161,32,24,8,0,0,0,22,18,4,4,2,2,2,2,0,4,2,2
C3010,09,36,0000,District - Jhansi  36,Urban,All ages,711760,380439,331321,203697,112850,90847,178057,97964,80093,23034,13049,9985,1879,1383,496,575,395,180,152,59,93
C3010,09,36,0000,District - Jhansi  36,Urban,0-4,66214,35553,30661,4159,2245,1914,4159,2245,1914,0,0,0,0,0,0,0,0,0,0,0,0
C3010,09,36,0000,District - Jhansi  36,Urban,5,16713,8966,7747,6093,3343,2750,6093,3343,2750,0,0,0,0,0,0,0,0,0,0,0,0
C3010,09,36,0000,District - Jhansi  36,Urban,6,16711,8654,8057,8503,4497,4006,8503,4497,4006,0,0,0,0,0,0,0,0,0,0,0,0
C3010,09,36,0000,District - Jhansi  36,Urban,7,14243,7476,6767,10965,5863,5102,10965,5863,5102,0,0,0,0,0,0,0,0,0,0,0,0
C3010,09,36,0000,District - Jhansi  36,Urban,8,21001,11217,9784,16896,9173,7723,16896,9173,7723,0,0,0,0,0,0,0,0,0,0,0,0
C3010,09,36,0000,District - Jhansi  36,Urban,9,12077,6227,5850,10506,5486,5020,10506,5486,5020,0,0,0,0,0,0,0,0,0,0,0,0
C3010,09,36,0000,District - Jhansi  36,Urban,10,24104,13132,10972,19806,10985,8821,19806,10985,8821,0,0,0,0,0,0,0,0,0,0,0,0
C3010,09,36,0000,District - Jhansi  36,Urban,11,12232,6639,5593,10792,5939,4853,10792,5939,4853,0,0,0,0,0,0,0,0,0,0,0,0
C3010,09,36,0000,District - Jhansi  36,Urban,12,22511,12288,10223,18614,10290,8324,18614,10290,8324,0,0,0,0,0,0,0,0,0,0,0,0
C3010,09,36,0000,District - Jhansi  36,Urban,13,14933,7596,7337,12374,6391,5983,12374,6391,5983,0,0,0,0,0,0,0,0,0,0,0,0
C3010,09,36,0000,District - Jhansi  36,Urban,14,17294,8984,8310,13566,7209,6357,13566,7209,6357,0,0,0,0,0,0,0,0,0,0,0,0
C3010,09,36,0000,District - Jhansi  36,Urban,15-19,78321,42877,35444,48172,26722,21450,40426,22860,17566,7158,3469,3689,394,267,127,182,119,63,12,7,5
C3010,09,36,0000,District - Jhansi  36,Urban,20-24,68677,38100,30577,18274,11293,6981,5357,3683,1674,12162,7045,5117,633,481,152,112,78,34,10,6,4
C3010,09,36,0000,District - Jhansi  36,Urban,25-29,57852,30596,27256,2558,1785,773,0,0,0,1992,1385,607,438,320,118,110,76,34,18,4,14
C3010,09,36,0000,District - Jhansi  36,Urban,30-34,52602,27235,25367,717,479,238,0,0,0,557,375,182,94,67,27,43,30,13,23,7,16
C3010,09,36,0000,District - Jhansi  36,Urban,35-59,165925,90325,75600,1338,924,414,0,0,0,917,618,299,257,205,52,103,77,26,61,24,37
C3010,09,36,0000,District - Jhansi  36,Urban,60+,45963,22054,23909,241,153,88,0,0,0,140,95,45,52,34,18,22,13,9,27,11,16
C3010,09,36,0000,District - Jhansi  36,Urban,Age not stated,4387,2520,1867,123,73,50,0,0,0,108,62,46,11,9,2,3,2,1,1,0,1
C3010,09,37,0000,District - Lalitpur  37,Total,All ages,977734,519413,458321,187080,116322,70758,179932,111761,68171,6040,3924,2116,405,277,128,197,158,39,506,202,304
C3010,09,37,0000,District - Lalitpur  37,Total,0-4,137620,71192,66428,1545,838,707,1545,838,707,0,0,0,0,0,0,0,0,0,0,0,0
C3010,09,37,0000,District - Lalitpur  37,Total,5,31778,16689,15089,3136,1744,1392,3136,1744,1392,0,0,0,0,0,0,0,0,0,0,0,0
C3010,09,37,0000,District - Lalitpur  37,Total,6,30951,15881,15070,8059,4529,3530,8059,4529,3530,0,0,0,0,0,0,0,0,0,0,0,0
C3010,09,37,0000,District - Lalitpur  37,Total,7,24432,12814,11618,14417,8171,6246,14417,8171,6246,0,0,0,0,0,0,0,0,0,0,0,0
C3010,09,37,0000,District - Lalitpur  37,Total,8,37433,20004,17429,24165,13996,10169,24165,13996,10169,0,0,0,0,0,0,0,0,0,0,0,0
C3010,09,37,0000,District - Lalitpur  37,Total,9,19866,10432,9434,14910,8417,6493,14910,8417,6493,0,0,0,0,0,0,0,0,0,0,0,0
C3010,09,37,0000,District - Lalitpur  37,Total,10,37513,20772,16741,26590,16108,10482,26590,16108,10482,0,0,0,0,0,0,0,0,0,0,0,0
C3010,09,37,0000,District - Lalitpur  37,Total,11,16120,8923,7197,12558,7630,4928,12558,7630,4928,0,0,0,0,0,0,0,0,0,0,0,0
C3010,09,37,0000,District - Lalitpur  37,Total,12,30821,17314,13507,21701,13676,8025,21701,13676,8025,0,0,0,0,0,0,0,0,0,0,0,0
C3010,09,37,0000,District - Lalitpur  37,Total,13,18829,10109,8720,12475,7967,4508,12475,7967,4508,0,0,0,0,0,0,0,0,0,0,0,0
C3010,09,37,0000,District - Lalitpur  37,Total,14,19276,10638,8638,11384,7558,3826,11384,7558,3826,0,0,0,0,0,0,0,0,0,0,0,0
C3010,09,37,0000,District - Lalitpur  37,Total,15-19,86780,48448,38332,28378,20248,8130,26179,18977,7202,1972,1117,855,102,69,33,91,75,16,34,10,24
C3010,09,37,0000,District - Lalitpur  37,Total,20-24,84237,42863,41374,6448,4566,1882,2813,2150,663,3365,2245,1120,113,88,25,50,43,7,107,40,67
C3010,09,37,0000,District - Lalitpur  37,Total,25-29,74378,38907,35471,667,480,187,0,0,0,442,355,87,76,64,12,22,19,3,127,42,85
C3010,09,37,0000,District - Lalitpur  37,Total,30-34,65977,34186,31791,241,129,112,0,0,0,88,68,20,38,17,21,10,5,5,105,39,66
C3010,09,37,0000,District - Lalitpur  37,Total,35-59,195476,105784,89692,337,223,114,0,0,0,139,115,24,64,33,31,18,11,7,116,64,52
C3010,09,37,0000,District - Lalitpur  37,Total,60+,63932,33085,30847,54,32,22,0,0,0,21,15,6,12,6,6,5,4,1,16,7,9
C3010,09,37,0000,District - Lalitpur  37,Total,Age not stated,2315,1372,943,15,10,5,0,0,0,13,9,4,0,0,0,1,1,0,1,0,1
C3010,09,37,0000,District - Lalitpur  37,Rural,All ages,835790,444665,391125,146778,94000,52778,143591,91769,51822,2379,1813,566,205,134,71,108,87,21,495,197,298
C3010,09,37,0000,District - Lalitpur  37,Rural,0-4,122027,62967,59060,925,523,402,925,523,402,0,0,0,0,0,0,0,0,0,0,0,0
C3010,09,37,0000,District - Lalitpur  37,Rural,5,28088,14742,13346,2007,1125,882,2007,1125,882,0,0,0,0,0,0,0,0,0,0,0,0
C3010,09,37,0000,District - Lalitpur  37,Rural,6,27279,13985,13294,6248,3568,2680,6248,3568,2680,0,0,0,0,0,0,0,0,0,0,0,0
C3010,09,37,0000,District - Lalitpur  37,Rural,7,21176,11113,10063,11863,6812,5051,11863,6812,5051,0,0,0,0,0,0,0,0,0,0,0,0
C3010,09,37,0000,District - Lalitpur  37,Rural,8,32930,17606,15324,20450,11954,8496,20450,11954,8496,0,0,0,0,0,0,0,0,0,0,0,0
C3010,09,37,0000,District - Lalitpur  37,Rural,9,17145,9027,8118,12496,7160,5336,12496,7160,5336,0,0,0,0,0,0,0,0,0,0,0,0
C3010,09,37,0000,District - Lalitpur  37,Rural,10,32674,18168,14506,22512,13851,8661,22512,13851,8661,0,0,0,0,0,0,0,0,0,0,0,0
C3010,09,37,0000,District - Lalitpur  37,Rural,11,13445,7497,5948,10189,6339,3850,10189,6339,3850,0,0,0,0,0,0,0,0,0,0,0,0
C3010,09,37,0000,District - Lalitpur  37,Rural,12,26423,14930,11493,17935,11588,6347,17935,11588,6347,0,0,0,0,0,0,0,0,0,0,0,0
C3010,09,37,0000,District - Lalitpur  37,Rural,13,15664,8450,7214,9854,6562,3292,9854,6562,3292,0,0,0,0,0,0,0,0,0,0,0,0
C3010,09,37,0000,District - Lalitpur  37,Rural,14,15884,8874,7010,8709,6161,2548,8709,6161,2548,0,0,0,0,0,0,0,0,0,0,0,0
C3010,09,37,0000,District - Lalitpur  37,Rural,15-19,71592,40214,31378,19449,15266,4183,18492,14606,3886,823,571,252,42,28,14,59,51,8,33,10,23
C3010,09,37,0000,District - Lalitpur  37,Rural,20-24,70752,35767,34985,3361,2608,753,1911,1520,391,1280,999,281,47,36,11,17,14,3,106,39,67
C3010,09,37,0000,District - Lalitpur  37,Rural,25-29,62953,33022,29931,352,242,110,0,0,0,185,165,20,34,29,5,11,8,3,122,40,82
C3010,09,37,0000,District - Lalitpur  37,Rural,30-34,55794,28944,26850,165,81,84,0,0,0,29,25,4,27,14,13,5,3,2,104,39,65
C3010,09,37,0000,District - Lalitpur  37,Rural,35-59,164692,89141,75551,218,135,83,0,0,0,49,44,5,44,21,23,11,7,4,114,63,51
C3010,09,37,0000,District - Lalitpur  37,Rural,60+,55270,29042,26228,35,18,17,0,0,0,5,3,2,11,6,5,4,3,1,15,6,9
C3010,09,37,0000,District - Lalitpur  37,Rural,Age not stated,2002,1176,826,10,7,3,0,0,0,8,6,2,0,0,0,1,1,0,1,0,1
C3010,09,37,0000,District - Lalitpur  37,Urban,All ages,141944,74748,67196,40302,22322,17980,36341,19992,16349,3661,2111,1550,200,143,57,89,71,18,11,5,6
C3010,09,37,0000,District - Lalitpur  37,Urban,0-4,15593,8225,7368,620,315,305,620,315,305,0,0,0,0,0,0,0,0,0,0,0,0
C3010,09,37,0000,District - Lalitpur  37,Urban,5,3690,1947,1743,1129,619,510,1129,619,510,0,0,0,0,0,0,0,0,0,0,0,0
C3010,09,37,0000,District - Lalitpur  37,Urban,6,3672,1896,1776,1811,961,850,1811,961,850,0,0,0,0,0,0,0,0,0,0,0,0
C3010,09,37,0000,District - Lalitpur  37,Urban,7,3256,1701,1555,2554,1359,1195,2554,1359,1195,0,0,0,0,0,0,0,0,0,0,0,0
C3010,09,37,0000,District - Lalitpur  37,Urban,8,4503,2398,2105,3715,2042,1673,3715,2042,1673,0,0,0,0,0,0,0,0,0,0,0,0
C3010,09,37,0000,District - Lalitpur  37,Urban,9,2721,1405,1316,2414,1257,1157,2414,1257,1157,0,0,0,0,0,0,0,0,0,0,0,0
C3010,09,37,0000,District - Lalitpur  37,Urban,10,4839,2604,2235,4078,2257,1821,4078,2257,1821,0,0,0,0,0,0,0,0,0,0,0,0
C3010,09,37,0000,District - Lalitpur  37,Urban,11,2675,1426,1249,2369,1291,1078,2369,1291,1078,0,0,0,0,0,0,0,0,0,0,0,0
C3010,09,37,0000,District - Lalitpur  37,Urban,12,4398,2384,2014,3766,2088,1678,3766,2088,1678,0,0,0,0,0,0,0,0,0,0,0,0
C3010,09,37,0000,District - Lalitpur  37,Urban,13,3165,1659,1506,2621,1405,1216,2621,1405,1216,0,0,0,0,0,0,0,0,0,0,0,0
C3010,09,37,0000,District - Lalitpur  37,Urban,14,3392,1764,1628,2675,1397,1278,2675,1397,1278,0,0,0,0,0,0,0,0,0,0,0,0
C3010,09,37,0000,District - Lalitpur  37,Urban,15-19,15188,8234,6954,8929,4982,3947,7687,4371,3316,1149,546,603,60,41,19,32,24,8,1,0,1
C3010,09,37,0000,District - Lalitpur  37,Urban,20-24,13485,7096,6389,3087,1958,1129,902,630,272,2085,1246,839,66,52,14,33,29,4,1,1,0
C3010,09,37,0000,District - Lalitpur  37,Urban,25-29,11425,5885,5540,315,238,77,0,0,0,257,190,67,42,35,7,11,11,0,5,2,3
C3010,09,37,0000,District - Lalitpur  37,Urban,30-34,10183,5242,4941,76,48,28,0,0,0,59,43,16,11,3,8,5,2,3,1,0,1
C3010,09,37,0000,District - Lalitpur  37,Urban,35-59,30784,16643,14141,119,88,31,0,0,0,90,71,19,20,12,8,7,4,3,2,1,1
C3010,09,37,0000,District - Lalitpur  37,Urban,60+,8662,4043,4619,19,14,5,0,0,0,16,12,4,1,0,1,1,1,0,1,1,0
C3010,09,37,0000,District - Lalitpur  37,Urban,Age not stated,313,196,117,5,3,2,0,0,0,5,3,2,0,0,0,0,0,0,0,0,0
C3010,09,38,0000,District - Hamirpur  38,Total,All ages,1043724,563801,479923,227065,138579,88486,215063,129510,85553,11095,8466,2629,444,344,100,223,168,55,240,91,149
C3010,09,38,0000,District - Hamirpur  38,Total,0-4,123497,64613,58884,1465,792,673,1465,792,673,0,0,0,0,0,0,0,0,0,0,0,0
C3010,09,38,0000,District - Hamirpur  38,Total,5,33161,17851,15310,4189,2383,1806,4189,2383,1806,0,0,0,0,0,0,0,0,0,0,0,0
C3010,09,38,0000,District - Hamirpur  38,Total,6,32082,16712,15370,8967,4992,3975,8967,4992,3975,0,0,0,0,0,0,0,0,0,0,0,0
C3010,09,38,0000,District - Hamirpur  38,Total,7,26308,13774,12534,15990,8880,7110,15990,8880,7110,0,0,0,0,0,0,0,0,0,0,0,0
C3010,09,38,0000,District - Hamirpur  38,Total,8,38356,20464,17892,27493,15588,11905,27493,15588,11905,0,0,0,0,0,0,0,0,0,0,0,0
C3010,09,38,0000,District - Hamirpur  38,Total,9,23451,12404,11047,18801,10524,8277,18801,10524,8277,0,0,0,0,0,0,0,0,0,0,0,0
C3010,09,38,0000,District - Hamirpur  38,Total,10,39404,21254,18150,30600,17517,13083,30600,17517,13083,0,0,0,0,0,0,0,0,0,0,0,0
C3010,09,38,0000,District - Hamirpur  38,Total,11,18992,10296,8696,15440,8909,6531,15440,8909,6531,0,0,0,0,0,0,0,0,0,0,0,0
C3010,09,38,0000,District - Hamirpur  38,Total,12,29410,16119,13291,22201,13183,9018,22201,13183,9018,0,0,0,0,0,0,0,0,0,0,0,0
C3010,09,38,0000,District - Hamirpur  38,Total,13,22106,11761,10345,16075,9515,6560,16075,9515,6560,0,0,0,0,0,0,0,0,0,0,0,0
C3010,09,38,0000,District - Hamirpur  38,Total,14,22418,12411,10007,14684,9298,5386,14684,9298,5386,0,0,0,0,0,0,0,0,0,0,0,0
C3010,09,38,0000,District - Hamirpur  38,Total,15-19,90634,55310,35324,39737,27923,11814,35570,25069,10501,3958,2709,1249,112,82,30,91,61,30,6,2,4
C3010,09,38,0000,District - Hamirpur  38,Total,20-24,80171,44731,35440,9605,7618,1987,3588,2860,728,5787,4590,1197,117,99,18,66,54,12,47,15,32
C3010,09,38,0000,District - Hamirpur  38,Total,25-29,77277,40792,36485,1049,899,150,0,0,0,880,775,105,104,87,17,33,27,6,32,10,22
C3010,09,38,0000,District - Hamirpur  38,Total,30-34,72109,36659,35450,275,210,65,0,0,0,201,170,31,27,22,5,11,9,2,36,9,27
C3010,09,38,0000,District - Hamirpur  38,Total,35-59,226155,120992,105163,389,269,120,0,0,0,224,185,39,52,34,18,20,15,5,93,35,58
C3010,09,38,0000,District - Hamirpur  38,Total,60+,84047,45207,38840,85,66,19,0,0,0,29,25,4,29,19,10,2,2,0,25,20,5
C3010,09,38,0000,District - Hamirpur  38,Total,Age not stated,4146,2451,1695,20,13,7,0,0,0,16,12,4,3,1,2,0,0,0,1,0,1
C3010,09,38,0000,District - Hamirpur  38,Rural,All ages,869916,470298,399618,178965,110959,68006,171726,104945,66781,6652,5602,1050,287,231,56,147,112,35,153,69,84
C3010,09,38,0000,District - Hamirpur  38,Rural,0-4,105145,54917,50228,1064,587,477,1064,587,477,0,0,0,0,0,0,0,0,0,0,0,0
C3010,09,38,0000,District - Hamirpur  38,Rural,5,28198,15156,13042,3081,1775,1306,3081,1775,1306,0,0,0,0,0,0,0,0,0,0,0,0
C3010,09,38,0000,District - Hamirpur  38,Rural,6,27499,14283,13216,7197,4015,3182,7197,4015,3182,0,0,0,0,0,0,0,0,0,0,0,0
C3010,09,38,0000,District - Hamirpur  38,Rural,7,22304,11622,10682,13023,7249,5774,13023,7249,5774,0,0,0,0,0,0,0,0,0,0,0,0
C3010,09,38,0000,District - Hamirpur  38,Rural,8,32537,17324,15213,22754,12954,9800,22754,12954,9800,0,0,0,0,0,0,0,0,0,0,0,0
C3010,09,38,0000,District - Hamirpur  38,Rural,9,19889,10490,9399,15708,8824,6884,15708,8824,6884,0,0,0,0,0,0,0,0,0,0,0,0
C3010,09,38,0000,District - Hamirpur  38,Rural,10,33115,17848,15267,25313,14602,10711,25313,14602,10711,0,0,0,0,0,0,0,0,0,0,0,0
C3010,09,38,0000,District - Hamirpur  38,Rural,11,15724,8525,7199,12557,7296,5261,12557,7296,5261,0,0,0,0,0,0,0,0,0,0,0,0
C3010,09,38,0000,District - Hamirpur  38,Rural,12,24256,13316,10940,17870,10763,7107,17870,10763,7107,0,0,0,0,0,0,0,0,0,0,0,0
C3010,09,38,0000,District - Hamirpur  38,Rural,13,18320,9768,8552,12950,7805,5145,12950,7805,5145,0,0,0,0,0,0,0,0,0,0,0,0
C3010,09,38,0000,District - Hamirpur  38,Rural,14,18273,10158,8115,11474,7508,3966,11474,7508,3966,0,0,0,0,0,0,0,0,0,0,0,0
C3010,09,38,0000,District - Hamirpur  38,Rural,15-19,72490,44811,27679,28650,21370,7280,26166,19449,6717,2364,1834,530,64,53,11,53,34,19,3,0,3
C3010,09,38,0000,District - Hamirpur  38,Rural,20-24,65171,36294,28877,6125,5195,930,2569,2118,451,3417,2969,448,65,60,5,41,34,7,33,14,19
C3010,09,38,0000,District - Hamirpur  38,Rural,25-29,64285,33907,30378,690,622,68,0,0,0,582,542,40,67,54,13,24,21,3,17,5,12
C3010,09,38,0000,District - Hamirpur  38,Rural,30-34,59755,30412,29343,168,137,31,0,0,0,117,105,12,19,16,3,10,9,1,22,7,15
C3010,09,38,0000,District - Hamirpur  38,Rural,35-59,187171,100134,87037,257,194,63,0,0,0,139,124,15,42,29,13,17,12,5,59,29,30
C3010,09,38,0000,District - Hamirpur  38,Rural,60+,72234,39222,33012,68,52,16,0,0,0,21,18,3,27,18,9,2,2,0,18,14,4
C3010,09,38,0000,District - Hamirpur  38,Rural,Age not stated,3550,2111,1439,16,11,5,0,0,0,12,10,2,3,1,2,0,0,0,1,0,1
C3010,09,38,0000,District - Hamirpur  38,Urban,All ages,173808,93503,80305,48100,27620,20480,43337,24565,18772,4443,2864,1579,157,113,44,76,56,20,87,22,65
C3010,09,38,0000,District - Hamirpur  38,Urban,0-4,18352,9696,8656,401,205,196,401,205,196,0,0,0,0,0,0,0,0,0,0,0,0
C3010,09,38,0000,District - Hamirpur  38,Urban,5,4963,2695,2268,1108,608,500,1108,608,500,0,0,0,0,0,0,0,0,0,0,0,0
C3010,09,38,0000,District - Hamirpur  38,Urban,6,4583,2429,2154,1770,977,793,1770,977,793,0,0,0,0,0,0,0,0,0,0,0,0
C3010,09,38,0000,District - Hamirpur  38,Urban,7,4004,2152,1852,2967,1631,1336,2967,1631,1336,0,0,0,0,0,0,0,0,0,0,0,0
C3010,09,38,0000,District - Hamirpur  38,Urban,8,5819,3140,2679,4739,2634,2105,4739,2634,2105,0,0,0,0,0,0,0,0,0,0,0,0
C3010,09,38,0000,District - Hamirpur  38,Urban,9,3562,1914,1648,3093,1700,1393,3093,1700,1393,0,0,0,0,0,0,0,0,0,0,0,0
C3010,09,38,0000,District - Hamirpur  38,Urban,10,6289,3406,2883,5287,2915,2372,5287,2915,2372,0,0,0,0,0,0,0,0,0,0,0,0
C3010,09,38,0000,District - Hamirpur  38,Urban,11,3268,1771,1497,2883,1613,1270,2883,1613,1270,0,0,0,0,0,0,0,0,0,0,0,0
C3010,09,38,0000,District - Hamirpur  38,Urban,12,5154,2803,2351,4331,2420,1911,4331,2420,1911,0,0,0,0,0,0,0,0,0,0,0,0
C3010,09,38,0000,District - Hamirpur  38,Urban,13,3786,1993,1793,3125,1710,1415,3125,1710,1415,0,0,0,0,0,0,0,0,0,0,0,0
C3010,09,38,0000,District - Hamirpur  38,Urban,14,4145,2253,1892,3210,1790,1420,3210,1790,1420,0,0,0,0,0,0,0,0,0,0,0,0
C3010,09,38,0000,District - Hamirpur  38,Urban,15-19,18144,10499,7645,11087,6553,4534,9404,5620,3784,1594,875,719,48,29,19,38,27,11,3,2,1
C3010,09,38,0000,District - Hamirpur  38,Urban,20-24,15000,8437,6563,3480,2423,1057,1019,742,277,2370,1621,749,52,39,13,25,20,5,14,1,13
C3010,09,38,0000,District - Hamirpur  38,Urban,25-29,12992,6885,6107,359,277,82,0,0,0,298,233,65,37,33,4,9,6,3,15,5,10
C3010,09,38,0000,District - Hamirpur  38,Urban,30-34,12354,6247,6107,107,73,34,0,0,0,84,65,19,8,6,2,1,0,1,14,2,12
C3010,09,38,0000,District - Hamirpur  38,Urban,35-59,38984,20858,18126,132,75,57,0,0,0,85,61,24,10,5,5,3,3,0,34,6,28
C3010,09,38,0000,District - Hamirpur  38,Urban,60+,11813,5985,5828,17,14,3,0,0,0,8,7,1,2,1,1,0,0,0,7,6,1
C3010,09,38,0000,District - Hamirpur  38,Urban,Age not stated,596,340,256,4,2,2,0,0,0,4,2,2,0,0,0,0,0,0,0,0,0
C3010,09,39,0000,District - Mahoba *  39,Total,All ages,708447,379691,328756,141481,86665,54816,134575,81887,52688,5654,4100,1554,295,235,60,146,111,35,811,332,479
C3010,09,39,0000,District - Mahoba *  39,Total,0-4,90536,47482,43054,1068,556,512,1068,556,512,0,0,0,0,0,0,0,0,0,0,0,0
C3010,09,39,0000,District - Mahoba *  39,Total,5,22328,11946,10382,2825,1570,1255,2825,1570,1255,0,0,0,0,0,0,0,0,0,0,0,0
C3010,09,39,0000,District - Mahoba *  39,Total,6,21861,11437,10424,6642,3754,2888,6642,3754,2888,0,0,0,0,0,0,0,0,0,0,0,0
C3010,09,39,0000,District - Mahoba *  39,Total,7,16853,8955,7898,10180,5792,4388,10180,5792,4388,0,0,0,0,0,0,0,0,0,0,0,0
C3010,09,39,0000,District - Mahoba *  39,Total,8,26066,13782,12284,17903,10133,7770,17903,10133,7770,0,0,0,0,0,0,0,0,0,0,0,0
C3010,09,39,0000,District - Mahoba *  39,Total,9,15047,8000,7047,11615,6597,5018,11615,6597,5018,0,0,0,0,0,0,0,0,0,0,0,0
C3010,09,39,0000,District - Mahoba *  39,Total,10,26076,14215,11861,19395,11432,7963,19395,11432,7963,0,0,0,0,0,0,0,0,0,0,0,0
C3010,09,39,0000,District - Mahoba *  39,Total,11,12001,6641,5360,9521,5666,3855,9521,5666,3855,0,0,0,0,0,0,0,0,0,0,0,0
C3010,09,39,0000,District - Mahoba *  39,Total,12,20523,11420,9103,14846,9152,5694,14846,9152,5694,0,0,0,0,0,0,0,0,0,0,0,0
C3010,09,39,0000,District - Mahoba *  39,Total,13,13981,7398,6583,9602,5805,3797,9602,5805,3797,0,0,0,0,0,0,0,0,0,0,0,0
C3010,09,39,0000,District - Mahoba *  39,Total,14,14458,7859,6599,8742,5619,3123,8742,5619,3123,0,0,0,0,0,0,0,0,0,0,0,0
C3010,09,39,0000,District - Mahoba *  39,Total,15-19,59719,34826,24893,22362,15648,6714,20196,14221,5975,1978,1295,683,87,77,10,46,32,14,55,23,32
C3010,09,39,0000,District - Mahoba *  39,Total,20-24,58262,30923,27339,5420,4078,1342,2040,1590,450,3093,2319,774,89,76,13,32,29,3,166,64,102
C3010,09,39,0000,District - Mahoba *  39,Total,25-29,53905,28455,25450,693,496,197,0,0,0,403,347,56,67,54,13,29,25,4,194,70,124
C3010,09,39,0000,District - Mahoba *  39,Total,30-34,48953,24966,23987,268,138,130,0,0,0,71,53,18,14,10,4,8,6,2,175,69,106
C3010,09,39,0000,District - Mahoba *  39,Total,35-59,149445,80273,69172,347,196,151,0,0,0,91,71,20,32,15,17,19,12,7,205,98,107
C3010,09,39,0000,District - Mahoba *  39,Total,60+,55852,29691,26161,40,23,17,0,0,0,11,9,2,6,3,3,8,4,4,15,7,8
C3010,09,39,0000,District - Mahoba *  39,Total,Age not stated,2581,1422,1159,12,10,2,0,0,0,7,6,1,0,0,0,4,3,1,1,1,0
C3010,09,39,0000,District - Mahoba *  39,Rural,All ages,553552,297213,256339,101345,64034,37311,97591,61237,36354,2732,2304,428,135,101,34,94,72,22,793,320,473
C3010,09,39,0000,District - Mahoba *  39,Rural,0-4,72803,38123,34680,547,287,260,547,287,260,0,0,0,0,0,0,0,0,0,0,0,0
C3010,09,39,0000,District - Mahoba *  39,Rural,5,17693,9497,8196,1650,929,721,1650,929,721,0,0,0,0,0,0,0,0,0,0,0,0
C3010,09,39,0000,District - Mahoba *  39,Rural,6,17532,9132,8400,4856,2765,2091,4856,2765,2091,0,0,0,0,0,0,0,0,0,0,0,0
C3010,09,39,0000,District - Mahoba *  39,Rural,7,13215,7069,6146,7596,4404,3192,7596,4404,3192,0,0,0,0,0,0,0,0,0,0,0,0
C3010,09,39,0000,District - Mahoba *  39,Rural,8,20605,10902,9703,13747,7866,5881,13747,7866,5881,0,0,0,0,0,0,0,0,0,0,0,0
C3010,09,39,0000,District - Mahoba *  39,Rural,9,11810,6323,5487,8965,5163,3802,8965,5163,3802,0,0,0,0,0,0,0,0,0,0,0,0
C3010,09,39,0000,District - Mahoba *  39,Rural,10,20482,11215,9267,14944,8959,5985,14944,8959,5985,0,0,0,0,0,0,0,0,0,0,0,0
C3010,09,39,0000,District - Mahoba *  39,Rural,11,9073,5099,3974,7054,4323,2731,7054,4323,2731,0,0,0,0,0,0,0,0,0,0,0,0
C3010,09,39,0000,District - Mahoba *  39,Rural,12,15713,8780,6933,10969,6934,4035,10969,6934,4035,0,0,0,0,0,0,0,0,0,0,0,0
C3010,09,39,0000,District - Mahoba *  39,Rural,13,10574,5643,4931,6939,4374,2565,6939,4374,2565,0,0,0,0,0,0,0,0,0,0,0,0
C3010,09,39,0000,District - Mahoba *  39,Rural,14,10824,5959,4865,6112,4204,1908,6112,4204,1908,0,0,0,0,0,0,0,0,0,0,0,0
C3010,09,39,0000,District - Mahoba *  39,Rural,15-19,44201,26044,18157,14058,10842,3216,12960,9999,2961,993,782,211,23,18,5,27,20,7,55,23,32
C3010,09,39,0000,District - Mahoba *  39,Rural,20-24,45170,23725,21445,2931,2407,524,1252,1030,222,1454,1265,189,42,33,9,19,17,2,164,62,102
C3010,09,39,0000,District - Mahoba *  39,Rural,25-29,42442,22360,20082,442,297,145,0,0,0,199,182,17,38,35,3,16,14,2,189,66,123
C3010,09,39,0000,District - Mahoba *  39,Rural,30-34,38359,19606,18753,212,98,114,0,0,0,28,25,3,5,2,3,6,4,2,173,67,106
C3010,09,39,0000,District - Mahoba *  39,Rural,35-59,116179,62371,53808,287,161,126,0,0,0,52,45,7,21,10,11,15,11,4,199,95,104
C3010,09,39,0000,District - Mahoba *  39,Rural,60+,44764,24174,20590,30,16,14,0,0,0,5,4,1,6,3,3,7,3,4,12,6,6
C3010,09,39,0000,District - Mahoba *  39,Rural,Age not stated,2113,1191,922,6,5,1,0,0,0,1,1,0,0,0,0,4,3,1,1,1,0
C3010,09,39,0000,District - Mahoba *  39,Urban,All ages,154895,82478,72417,40136,22631,17505,36984,20650,16334,2922,1796,1126,160,134,26,52,39,13,18,12,6
C3010,09,39,0000,District - Mahoba *  39,Urban,0-4,17733,9359,8374,521,269,252,521,269,252,0,0,0,0,0,0,0,0,0,0,0,0
C3010,09,39,0000,District - Mahoba *  39,Urban,5,4635,2449,2186,1175,641,534,1175,641,534,0,0,0,0,0,0,0,0,0,0,0,0
C3010,09,39,0000,District - Mahoba *  39,Urban,6,4329,2305,2024,1786,989,797,1786,989,797,0,0,0,0,0,0,0,0,0,0,0,0
C3010,09,39,0000,District - Mahoba *  39,Urban,7,3638,1886,1752,2584,1388,1196,2584,1388,1196,0,0,0,0,0,0,0,0,0,0,0,0
C3010,09,39,0000,District - Mahoba *  39,Urban,8,5461,2880,2581,4156,2267,1889,4156,2267,1889,0,0,0,0,0,0,0,0,0,0,0,0
C3010,09,39,0000,District - Mahoba *  39,Urban,9,3237,1677,1560,2650,1434,1216,2650,1434,1216,0,0,0,0,0,0,0,0,0,0,0,0
C3010,09,39,0000,District - Mahoba *  39,Urban,10,5594,3000,2594,4451,2473,1978,4451,2473,1978,0,0,0,0,0,0,0,0,0,0,0,0
C3010,09,39,0000,District - Mahoba *  39,Urban,11,2928,1542,1386,2467,1343,1124,2467,1343,1124,0,0,0,0,0,0,0,0,0,0,0,0
C3010,09,39,0000,District - Mahoba *  39,Urban,12,4810,2640,2170,3877,2218,1659,3877,2218,1659,0,0,0,0,0,0,0,0,0,0,0,0
C3010,09,39,0000,District - Mahoba *  39,Urban,13,3407,1755,1652,2663,1431,1232,2663,1431,1232,0,0,0,0,0,0,0,0,0,0,0,0
C3010,09,39,0000,District - Mahoba *  39,Urban,14,3634,1900,1734,2630,1415,1215,2630,1415,1215,0,0,0,0,0,0,0,0,0,0,0,0
C3010,09,39,0000,District - Mahoba *  39,Urban,15-19,15518,8782,6736,8304,4806,3498,7236,4222,3014,985,513,472,64,59,5,19,12,7,0,0,0
C3010,09,39,0000,District - Mahoba *  39,Urban,20-24,13092,7198,5894,2489,1671,818,788,560,228,1639,1054,585,47,43,4,13,12,1,2,2,0
C3010,09,39,0000,District - Mahoba *  39,Urban,25-29,11463,6095,5368,251,199,52,0,0,0,204,165,39,29,19,10,13,11,2,5,4,1
C3010,09,39,0000,District - Mahoba *  39,Urban,30-34,10594,5360,5234,56,40,16,0,0,0,43,28,15,9,8,1,2,2,0,2,2,0
C3010,09,39,0000,District - Mahoba *  39,Urban,35-59,33266,17902,15364,60,35,25,0,0,0,39,26,13,11,5,6,4,1,3,6,3,3
C3010,09,39,0000,District - Mahoba *  39,Urban,60+,11088,5517,5571,10,7,3,0,0,0,6,5,1,0,0,0,1,1,0,3,1,2
C3010,09,39,0000,District - Mahoba *  39,Urban,Age not stated,468,231,237,6,5,1,0,0,0,6,5,1,0,0,0,0,0,0,0,0,0
C3010,09,40,0000,District - Banda  40,Total,All ages,1537334,826544,710790,308458,192795,115663,290621,178903,111718,15981,12457,3524,557,444,113,922,814,108,377,177,200
C3010,09,40,0000,District - Banda  40,Total,0-4,202221,104774,97447,2264,1242,1022,2264,1242,1022,0,0,0,0,0,0,0,0,0,0,0,0
C3010,09,40,0000,District - Banda  40,Total,5,51898,27742,24156,5850,3246,2604,5850,3246,2604,0,0,0,0,0,0,0,0,0,0,0,0
C3010,09,40,0000,District - Banda  40,Total,6,49360,25828,23532,12028,6663,5365,12028,6663,5365,0,0,0,0,0,0,0,0,0,0,0,0
C3010,09,40,0000,District - Banda  40,Total,7,38637,20341,18296,21974,12283,9691,21974,12283,9691,0,0,0,0,0,0,0,0,0,0,0,0
C3010,09,40,0000,District - Banda  40,Total,8,58365,31000,27365,39715,22644,17071,39715,22644,17071,0,0,0,0,0,0,0,0,0,0,0,0
C3010,09,40,0000,District - Banda  40,Total,9,33725,17836,15889,25696,14567,11129,25696,14567,11129,0,0,0,0,0,0,0,0,0,0,0,0
C3010,09,40,0000,District - Banda  40,Total,10,58908,32275,26633,42752,25464,17288,42752,25464,17288,0,0,0,0,0,0,0,0,0,0,0,0
C3010,09,40,0000,District - Banda  40,Total,11,27636,15209,12427,21217,12739,8478,21217,12739,8478,0,0,0,0,0,0,0,0,0,0,0,0
C3010,09,40,0000,District - Banda  40,Total,12,44099,24387,19712,30898,19038,11860,30898,19038,11860,0,0,0,0,0,0,0,0,0,0,0,0
C3010,09,40,0000,District - Banda  40,Total,13,31455,16923,14532,20912,12902,8010,20912,12902,8010,0,0,0,0,0,0,0,0,0,0,0,0
C3010,09,40,0000,District - Banda  40,Total,14,31413,17377,14036,18529,12086,6443,18529,12086,6443,0,0,0,0,0,0,0,0,0,0,0,0
C3010,09,40,0000,District - Banda  40,Total,15-19,129091,78427,50664,49575,36069,13506,43790,31922,11868,5096,3555,1541,128,96,32,548,488,60,13,8,5
C3010,09,40,0000,District - Banda  40,Total,20-24,122976,67314,55662,14067,11390,2677,4996,4107,889,8688,6975,1713,139,115,24,204,182,22,40,11,29
C3010,09,40,0000,District - Banda  40,Total,25-29,114511,60153,54358,1837,1603,234,0,0,0,1559,1390,169,131,117,14,89,77,12,58,19,39
C3010,09,40,0000,District - Banda  40,Total,30-34,103921,52175,51746,447,342,105,0,0,0,290,238,52,51,40,11,27,22,5,79,42,37
C3010,09,40,0000,District - Banda  40,Total,35-59,318138,168802,149336,563,414,149,0,0,0,279,242,37,89,62,27,41,34,7,154,76,78
C3010,09,40,0000,District - Banda  40,Total,60+,116963,63666,53297,96,74,22,0,0,0,35,31,4,17,12,5,12,10,2,32,21,11
C3010,09,40,0000,District - Banda  40,Total,Age not stated,4017,2315,1702,38,29,9,0,0,0,34,26,8,2,2,0,1,1,0,1,0,1
C3010,09,40,0000,District - Banda  40,Rural,All ages,1293316,694989,598327,241114,154308,86806,231288,145708,85580,8469,7554,915,304,243,61,710,641,69,343,162,181
C3010,09,40,0000,District - Banda  40,Rural,0-4,175691,90838,84853,1439,802,637,1439,802,637,0,0,0,0,0,0,0,0,0,0,0,0
C3010,09,40,0000,District - Banda  40,Rural,5,44835,23957,20878,4057,2282,1775,4057,2282,1775,0,0,0,0,0,0,0,0,0,0,0,0
C3010,09,40,0000,District - Banda  40,Rural,6,42845,22460,20385,9423,5303,4120,9423,5303,4120,0,0,0,0,0,0,0,0,0,0,0,0
C3010,09,40,0000,District - Banda  40,Rural,7,33088,17424,15664,17867,10092,7775,17867,10092,7775,0,0,0,0,0,0,0,0,0,0,0,0
C3010,09,40,0000,District - Banda  40,Rural,8,50086,26660,23426,33222,19163,14059,33222,19163,14059,0,0,0,0,0,0,0,0,0,0,0,0
C3010,09,40,0000,District - Banda  40,Rural,9,29025,15382,13643,21736,12452,9284,21736,12452,9284,0,0,0,0,0,0,0,0,0,0,0,0
C3010,09,40,0000,District - Banda  40,Rural,10,50109,27433,22676,35684,21498,14186,35684,21498,14186,0,0,0,0,0,0,0,0,0,0,0,0
C3010,09,40,0000,District - Banda  40,Rural,11,23084,12735,10349,17334,10575,6759,17334,10575,6759,0,0,0,0,0,0,0,0,0,0,0,0
C3010,09,40,0000,District - Banda  40,Rural,12,36867,20398,16469,24993,15742,9251,24993,15742,9251,0,0,0,0,0,0,0,0,0,0,0,0
C3010,09,40,0000,District - Banda  40,Rural,13,26163,14139,12024,16670,10638,6032,16670,10638,6032,0,0,0,0,0,0,0,0,0,0,0,0
C3010,09,40,0000,District - Banda  40,Rural,14,25606,14220,11386,14031,9574,4457,14031,9574,4457,0,0,0,0,0,0,0,0,0,0,0,0
C3010,09,40,0000,District - Banda  40,Rural,15-19,103631,63749,39882,34180,27021,7159,31163,24466,6697,2509,2104,405,76,60,16,420,383,37,12,8,4
C3010,09,40,0000,District - Banda  40,Rural,20-24,101170,54915,46255,8557,7541,1016,3669,3121,548,4617,4200,417,66,55,11,167,155,12,38,10,28
C3010,09,40,0000,District - Banda  40,Rural,25-29,95908,50290,45618,1110,1000,110,0,0,0,941,879,62,59,54,5,57,50,7,53,17,36
C3010,09,40,0000,District - Banda  40,Rural,30-34,86935,43499,43436,311,247,64,0,0,0,185,168,17,33,27,6,21,16,5,72,36,36
C3010,09,40,0000,District - Banda  40,Rural,35-59,264049,139586,124463,424,317,107,0,0,0,191,178,13,58,39,19,36,29,7,139,71,68
C3010,09,40,0000,District - Banda  40,Rural,60+,101023,55499,45524,73,58,15,0,0,0,23,22,1,12,8,4,9,8,1,29,20,9
C3010,09,40,0000,District - Banda  40,Rural,Age not stated,3201,1805,1396,3,3,0,0,0,0,3,3,0,0,0,0,0,0,0,0,0,0
C3010,09,40,0000,District - Banda  40,Urban,All ages,244018,131555,112463,67344,38487,28857,59333,33195,26138,7512,4903,2609,253,201,52,212,173,39,34,15,19
C3010,09,40,0000,District - Banda  40,Urban,0-4,26530,13936,12594,825,440,385,825,440,385,0,0,0,0,0,0,0,0,0,0,0,0
C3010,09,40,0000,District - Banda  40,Urban,5,7063,3785,3278,1793,964,829,1793,964,829,0,0,0,0,0,0,0,0,0,0,0,0
C3010,09,40,0000,District - Banda  40,Urban,6,6515,3368,3147,2605,1360,1245,2605,1360,1245,0,0,0,0,0,0,0,0,0,0,0,0
C3010,09,40,0000,District - Banda  40,Urban,7,5549,2917,2632,4107,2191,1916,4107,2191,1916,0,0,0,0,0,0,0,0,0,0,0,0
C3010,09,40,0000,District - Banda  40,Urban,8,8279,4340,3939,6493,3481,3012,6493,3481,3012,0,0,0,0,0,0,0,0,0,0,0,0
C3010,09,40,0000,District - Banda  40,Urban,9,4700,2454,2246,3960,2115,1845,3960,2115,1845,0,0,0,0,0,0,0,0,0,0,0,0
C3010,09,40,0000,District - Banda  40,Urban,10,8799,4842,3957,7068,3966,3102,7068,3966,3102,0,0,0,0,0,0,0,0,0,0,0,0
C3010,09,40,0000,District - Banda  40,Urban,11,4552,2474,2078,3883,2164,1719,3883,2164,1719,0,0,0,0,0,0,0,0,0,0,0,0
C3010,09,40,0000,District - Banda  40,Urban,12,7232,3989,3243,5905,3296,2609,5905,3296,2609,0,0,0,0,0,0,0,0,0,0,0,0
C3010,09,40,0000,District - Banda  40,Urban,13,5292,2784,2508,4242,2264,1978,4242,2264,1978,0,0,0,0,0,0,0,0,0,0,0,0
C3010,09,40,0000,District - Banda  40,Urban,14,5807,3157,2650,4498,2512,1986,4498,2512,1986,0,0,0,0,0,0,0,0,0,0,0,0
C3010,09,40,0000,District - Banda  40,Urban,15-19,25460,14678,10782,15395,9048,6347,12627,7456,5171,2587,1451,1136,52,36,16,128,105,23,1,0,1
C3010,09,40,0000,District - Banda  40,Urban,20-24,21806,12399,9407,5510,3849,1661,1327,986,341,4071,2775,1296,73,60,13,37,27,10,2,1,1
C3010,09,40,0000,District - Banda  40,Urban,25-29,18603,9863,8740,727,603,124,0,0,0,618,511,107,72,63,9,32,27,5,5,2,3
C3010,09,40,0000,District - Banda  40,Urban,30-34,16986,8676,8310,136,95,41,0,0,0,105,70,35,18,13,5,6,6,0,7,6,1
C3010,09,40,0000,District - Banda  40,Urban,35-59,54089,29216,24873,139,97,42,0,0,0,88,64,24,31,23,8,5,5,0,15,5,10
C3010,09,40,0000,District - Banda  40,Urban,60+,15940,8167,7773,23,16,7,0,0,0,12,9,3,5,4,1,3,2,1,3,1,2
C3010,09,40,0000,District - Banda  40,Urban,Age not stated,816,510,306,35,26,9,0,0,0,31,23,8,2,2,0,1,1,0,1,0,1
C3010,09,41,0000,District - Chitrakoot *  41,Total,All ages,766225,409178,357047,199980,116924,83056,168347,101926,66421,6572,5417,1155,400,247,153,273,167,106,24388,9167,15221
C3010,09,41,0000,District - Chitrakoot *  41,Total,0-4,107698,55286,52412,1307,706,601,1307,706,601,0,0,0,0,0,0,0,0,0,0,0,0
C3010,09,41,0000,District - Chitrakoot *  41,Total,5,27262,14646,12616,2763,1586,1177,2763,1586,1177,0,0,0,0,0,0,0,0,0,0,0,0
C3010,09,41,0000,District - Chitrakoot *  41,Total,6,27008,14058,12950,7650,4307,3343,7650,4307,3343,0,0,0,0,0,0,0,0,0,0,0,0
C3010,09,41,0000,District - Chitrakoot *  41,Total,7,19855,10305,9550,14427,7952,6475,14427,7952,6475,0,0,0,0,0,0,0,0,0,0,0,0
C3010,09,41,0000,District - Chitrakoot *  41,Total,8,30682,16182,14500,24366,13587,10779,24366,13587,10779,0,0,0,0,0,0,0,0,0,0,0,0
C3010,09,41,0000,District - Chitrakoot *  41,Total,9,17128,9060,8068,14435,8061,6374,14435,8061,6374,0,0,0,0,0,0,0,0,0,0,0,0
C3010,09,41,0000,District - Chitrakoot *  41,Total,10,31995,17414,14581,25770,15033,10737,25770,15033,10737,0,0,0,0,0,0,0,0,0,0,0,0
C3010,09,41,0000,District - Chitrakoot *  41,Total,11,12740,6893,5847,10615,6206,4409,10615,6206,4409,0,0,0,0,0,0,0,0,0,0,0,0
C3010,09,41,0000,District - Chitrakoot *  41,Total,12,24762,13812,10950,18914,11712,7202,18914,11712,7202,0,0,0,0,0,0,0,0,0,0,0,0
C3010,09,41,0000,District - Chitrakoot *  41,Total,13,14463,7819,6644,10563,6456,4107,10563,6456,4107,0,0,0,0,0,0,0,0,0,0,0,0
C3010,09,41,0000,District - Chitrakoot *  41,Total,14,15511,8612,6899,10169,6591,3578,10169,6591,3578,0,0,0,0,0,0,0,0,0,0,0,0
C3010,09,41,0000,District - Chitrakoot *  41,Total,15-19,61705,36429,25276,27982,19509,8473,24381,17386,6995,2063,1566,497,66,38,28,85,53,32,1387,466,921
C3010,09,41,0000,District - Chitrakoot *  41,Total,20-24,60581,31844,28737,11520,6829,4691,2987,2343,644,3505,2937,568,89,59,30,43,28,15,4896,1462,3434
C3010,09,41,0000,District - Chitrakoot *  41,Total,25-29,55188,28611,26577,5867,2501,3366,0,0,0,626,562,64,83,58,25,46,35,11,5112,1846,3266
C3010,09,41,0000,District - Chitrakoot *  41,Total,30-34,49935,24859,25076,5011,1855,3156,0,0,0,161,150,11,47,31,16,28,12,16,4775,1662,3113
C3010,09,41,0000,District - Chitrakoot *  41,Total,35-59,152293,81548,70745,7774,3564,4210,0,0,0,180,167,13,91,50,41,55,27,28,7448,3320,4128
C3010,09,41,0000,District - Chitrakoot *  41,Total,60+,54982,30384,24598,802,433,369,0,0,0,26,24,2,20,7,13,8,5,3,748,397,351
C3010,09,41,0000,District - Chitrakoot *  41,Total,Age not stated,2437,1416,1021,45,36,9,0,0,0,11,11,0,4,4,0,8,7,1,22,14,8
C3010,09,41,0000,District - Chitrakoot *  41,Rural,All ages,689665,368300,321365,178834,105012,73822,149127,91270,57857,4803,4260,543,323,188,135,237,144,93,24344,9150,15194
C3010,09,41,0000,District - Chitrakoot *  41,Rural,0-4,98717,50660,48057,1047,560,487,1047,560,487,0,0,0,0,0,0,0,0,0,0,0,0
C3010,09,41,0000,District - Chitrakoot *  41,Rural,5,24845,13382,11463,2256,1324,932,2256,1324,932,0,0,0,0,0,0,0,0,0,0,0,0
C3010,09,41,0000,District - Chitrakoot *  41,Rural,6,24916,12996,11920,6891,3914,2977,6891,3914,2977,0,0,0,0,0,0,0,0,0,0,0,0
C3010,09,41,0000,District - Chitrakoot *  41,Rural,7,17908,9293,8615,12852,7098,5754,12852,7098,5754,0,0,0,0,0,0,0,0,0,0,0,0
C3010,09,41,0000,District - Chitrakoot *  41,Rural,8,27971,14776,13195,22098,12377,9721,22098,12377,9721,0,0,0,0,0,0,0,0,0,0,0,0
C3010,09,41,0000,District - Chitrakoot *  41,Rural,9,15618,8279,7339,13097,7342,5755,13097,7342,5755,0,0,0,0,0,0,0,0,0,0,0,0
C3010,09,41,0000,District - Chitrakoot *  41,Rural,10,29072,15868,13204,23356,13714,9642,23356,13714,9642,0,0,0,0,0,0,0,0,0,0,0,0
C3010,09,41,0000,District - Chitrakoot *  41,Rural,11,11382,6172,5210,9424,5565,3859,9424,5565,3859,0,0,0,0,0,0,0,0,0,0,0,0
C3010,09,41,0000,District - Chitrakoot *  41,Rural,12,22363,12489,9874,16951,10602,6349,16951,10602,6349,0,0,0,0,0,0,0,0,0,0,0,0
C3010,09,41,0000,District - Chitrakoot *  41,Rural,13,12896,6981,5915,9301,5766,3535,9301,5766,3535,0,0,0,0,0,0,0,0,0,0,0,0
C3010,09,41,0000,District - Chitrakoot *  41,Rural,14,13679,7602,6077,8810,5805,3005,8810,5805,3005,0,0,0,0,0,0,0,0,0,0,0,0
C3010,09,41,0000,District - Chitrakoot *  41,Rural,15-19,53678,31947,21731,23415,16922,6493,20459,15153,5306,1446,1226,220,50,29,21,76,49,27,1384,465,919
C3010,09,41,0000,District - Chitrakoot *  41,Rural,20-24,53949,28077,25872,10134,5858,4276,2585,2050,535,2552,2279,273,72,46,26,31,21,10,4894,1462,3432
C3010,09,41,0000,District - Chitrakoot *  41,Rural,25-29,49640,25725,23915,5697,2368,3329,0,0,0,492,458,34,62,39,23,37,28,9,5106,1843,3263
C3010,09,41,0000,District - Chitrakoot *  41,Rural,30-34,44822,22293,22529,4966,1821,3145,0,0,0,134,127,7,41,26,15,25,9,16,4766,1659,3107
C3010,09,41,0000,District - Chitrakoot *  41,Rural,35-59,135838,72605,63233,7723,3530,4193,0,0,0,157,149,8,80,41,39,55,27,28,7431,3313,4118
C3010,09,41,0000,District - Chitrakoot *  41,Rural,60+,50121,27860,22261,780,418,362,0,0,0,16,15,1,16,5,11,7,4,3,741,394,347
C3010,09,41,0000,District - Chitrakoot *  41,Rural,Age not stated,2250,1295,955,36,28,8,0,0,0,6,6,0,2,2,0,6,6,0,22,14,8
C3010,09,41,0000,District - Chitrakoot *  41,Urban,All ages,76560,40878,35682,21146,11912,9234,19220,10656,8564,1769,1157,612,77,59,18,36,23,13,44,17,27
C3010,09,41,0000,District - Chitrakoot *  41,Urban,0-4,8981,4626,4355,260,146,114,260,146,114,0,0,0,0,0,0,0,0,0,0,0,0
C3010,09,41,0000,District - Chitrakoot *  41,Urban,5,2417,1264,1153,507,262,245,507,262,245,0,0,0,0,0,0,0,0,0,0,0,0
C3010,09,41,0000,District - Chitrakoot *  41,Urban,6,2092,1062,1030,759,393,366,759,393,366,0,0,0,0,0,0,0,0,0,0,0,0
C3010,09,41,0000,District - Chitrakoot *  41,Urban,7,1947,1012,935,1575,854,721,1575,854,721,0,0,0,0,0,0,0,0,0,0,0,0
C3010,09,41,0000,District - Chitrakoot *  41,Urban,8,2711,1406,1305,2268,1210,1058,2268,1210,1058,0,0,0,0,0,0,0,0,0,0,0,0
C3010,09,41,0000,District - Chitrakoot *  41,Urban,9,1510,781,729,1338,719,619,1338,719,619,0,0,0,0,0,0,0,0,0,0,0,0
C3010,09,41,0000,District - Chitrakoot *  41,Urban,10,2923,1546,1377,2414,1319,1095,2414,1319,1095,0,0,0,0,0,0,0,0,0,0,0,0
C3010,09,41,0000,District - Chitrakoot *  41,Urban,11,1358,721,637,1191,641,550,1191,641,550,0,0,0,0,0,0,0,0,0,0,0,0
C3010,09,41,0000,District - Chitrakoot *  41,Urban,12,2399,1323,1076,1963,1110,853,1963,1110,853,0,0,0,0,0,0,0,0,0,0,0,0
C3010,09,41,0000,District - Chitrakoot *  41,Urban,13,1567,838,729,1262,690,572,1262,690,572,0,0,0,0,0,0,0,0,0,0,0,0
C3010,09,41,0000,District - Chitrakoot *  41,Urban,14,1832,1010,822,1359,786,573,1359,786,573,0,0,0,0,0,0,0,0,0,0,0,0
C3010,09,41,0000,District - Chitrakoot *  41,Urban,15-19,8027,4482,3545,4567,2587,1980,3922,2233,1689,617,340,277,16,9,7,9,4,5,3,1,2
C3010,09,41,0000,District - Chitrakoot *  41,Urban,20-24,6632,3767,2865,1386,971,415,402,293,109,953,658,295,17,13,4,12,7,5,2,0,2
C3010,09,41,0000,District - Chitrakoot *  41,Urban,25-29,5548,2886,2662,170,133,37,0,0,0,134,104,30,21,19,2,9,7,2,6,3,3
C3010,09,41,0000,District - Chitrakoot *  41,Urban,30-34,5113,2566,2547,45,34,11,0,0,0,27,23,4,6,5,1,3,3,0,9,3,6
C3010,09,41,0000,District - Chitrakoot *  41,Urban,35-59,16455,8943,7512,51,34,17,0,0,0,23,18,5,11,9,2,0,0,0,17,7,10
C3010,09,41,0000,District - Chitrakoot *  41,Urban,60+,4861,2524,2337,22,15,7,0,0,0,10,9,1,4,2,2,1,1,0,7,3,4
C3010,09,41,0000,District - Chitrakoot *  41,Urban,Age not stated,187,121,66,9,8,1,0,0,0,5,5,0,2,2,0,2,1,1,0,0,0
C3010,09,42,0000,District - Fatehpur  42,Total,All ages,2308384,1219602,1088782,506685,297527,209158,477301,275863,201438,26691,19766,6925,1433,1090,343,892,595,297,368,213,155
C3010,09,42,0000,District - Fatehpur  42,Total,0-4,271406,140093,131313,4727,2497,2230,4727,2497,2230,0,0,0,0,0,0,0,0,0,0,0,0
C3010,09,42,0000,District - Fatehpur  42,Total,5,76626,40574,36052,11656,6490,5166,11656,6490,5166,0,0,0,0,0,0,0,0,0,0,0,0
C3010,09,42,0000,District - Fatehpur  42,Total,6,73104,37905,35199,23392,12668,10724,23392,12668,10724,0,0,0,0,0,0,0,0,0,0,0,0
C3010,09,42,0000,District - Fatehpur  42,Total,7,59216,30930,28286,35614,19533,16081,35614,19533,16081,0,0,0,0,0,0,0,0,0,0,0,0
C3010,09,42,0000,District - Fatehpur  42,Total,8,85246,44547,40699,57360,31385,25975,57360,31385,25975,0,0,0,0,0,0,0,0,0,0,0,0
C3010,09,42,0000,District - Fatehpur  42,Total,9,51505,26553,24952,39006,21000,18006,39006,21000,18006,0,0,0,0,0,0,0,0,0,0,0,0
C3010,09,42,0000,District - Fatehpur  42,Total,10,93050,50330,42720,67712,38556,29156,67712,38556,29156,0,0,0,0,0,0,0,0,0,0,0,0
C3010,09,42,0000,District - Fatehpur  42,Total,11,40771,21900,18871,31668,17880,13788,31668,17880,13788,0,0,0,0,0,0,0,0,0,0,0,0
C3010,09,42,0000,District - Fatehpur  42,Total,12,70689,37952,32737,50731,29211,21520,50731,29211,21520,0,0,0,0,0,0,0,0,0,0,0,0
C3010,09,42,0000,District - Fatehpur  42,Total,13,48547,25163,23384,33760,19075,14685,33760,19075,14685,0,0,0,0,0,0,0,0,0,0,0,0
C3010,09,42,0000,District - Fatehpur  42,Total,14,51149,26847,24302,31918,18829,13089,31918,18829,13089,0,0,0,0,0,0,0,0,0,0,0,0
C3010,09,42,0000,District - Fatehpur  42,Total,15-19,219640,123863,95777,90707,58744,31963,80196,51816,28380,9714,6411,3303,361,248,113,411,254,157,25,15,10
C3010,09,42,0000,District - Fatehpur  42,Total,20-24,171750,93972,77778,22380,16700,5680,9561,6923,2638,12380,9462,2918,217,160,57,183,138,45,39,17,22
C3010,09,42,0000,District - Fatehpur  42,Total,25-29,159994,81735,78259,2738,2266,472,0,0,0,2334,1966,368,232,180,52,123,93,30,49,27,22
C3010,09,42,0000,District - Fatehpur  42,Total,30-34,156344,76342,80002,1030,790,240,0,0,0,812,644,168,122,91,31,58,37,21,38,18,20
C3010,09,42,0000,District - Fatehpur  42,Total,35-59,502894,265688,237206,1979,1675,304,0,0,0,1296,1149,147,436,370,66,84,52,32,163,104,59
C3010,09,42,0000,District - Fatehpur  42,Total,60+,172905,93258,79647,290,214,76,0,0,0,143,123,20,65,41,24,31,20,11,51,30,21
C3010,09,42,0000,District - Fatehpur  42,Total,Age not stated,3548,1950,1598,17,14,3,0,0,0,12,11,1,0,0,0,2,1,1,3,2,1
C3010,09,42,0000,District - Fatehpur  42,Rural,All ages,2070634,1094343,976291,442973,262976,179997,420521,245376,175145,20177,15997,4180,1196,911,285,742,496,246,337,196,141
C3010,09,42,0000,District - Fatehpur  42,Rural,0-4,248619,128229,120390,3895,2071,1824,3895,2071,1824,0,0,0,0,0,0,0,0,0,0,0,0
C3010,09,42,0000,District - Fatehpur  42,Rural,5,69871,36990,32881,9814,5479,4335,9814,5479,4335,0,0,0,0,0,0,0,0,0,0,0,0
C3010,09,42,0000,District - Fatehpur  42,Rural,6,66797,34731,32066,20749,11319,9430,20749,11319,9430,0,0,0,0,0,0,0,0,0,0,0,0
C3010,09,42,0000,District - Fatehpur  42,Rural,7,53730,28085,25645,31745,17462,14283,31745,17462,14283,0,0,0,0,0,0,0,0,0,0,0,0
C3010,09,42,0000,District - Fatehpur  42,Rural,8,77284,40397,36887,51443,28251,23192,51443,28251,23192,0,0,0,0,0,0,0,0,0,0,0,0
C3010,09,42,0000,District - Fatehpur  42,Rural,9,46926,24183,22743,35306,19045,16261,35306,19045,16261,0,0,0,0,0,0,0,0,0,0,0,0
C3010,09,42,0000,District - Fatehpur  42,Rural,10,83935,45386,38549,60620,34651,25969,60620,34651,25969,0,0,0,0,0,0,0,0,0,0,0,0
C3010,09,42,0000,District - Fatehpur  42,Rural,11,36411,19542,16869,28081,15924,12157,28081,15924,12157,0,0,0,0,0,0,0,0,0,0,0,0
C3010,09,42,0000,District - Fatehpur  42,Rural,12,63085,33965,29120,44818,26104,18714,44818,26104,18714,0,0,0,0,0,0,0,0,0,0,0,0
C3010,09,42,0000,District - Fatehpur  42,Rural,13,43447,22567,20880,29877,17091,12786,29877,17091,12786,0,0,0,0,0,0,0,0,0,0,0,0
C3010,09,42,0000,District - Fatehpur  42,Rural,14,45300,23762,21538,27722,16536,11186,27722,16536,11186,0,0,0,0,0,0,0,0,0,0,0,0
C3010,09,42,0000,District - Fatehpur  42,Rural,15-19,193020,109603,83417,76224,50993,25231,68275,45392,22883,7298,5183,2115,280,191,89,348,214,134,23,13,10
C3010,09,42,0000,District - Fatehpur  42,Rural,20-24,150833,82423,68410,17625,13787,3838,8176,6051,2125,9095,7486,1609,170,124,46,147,109,38,37,17,20
C3010,09,42,0000,District - Fatehpur  42,Rural,25-29,142359,72600,69759,2148,1845,303,0,0,0,1830,1606,224,174,137,37,95,75,20,49,27,22
C3010,09,42,0000,District - Fatehpur  42,Rural,30-34,139765,68109,71656,876,692,184,0,0,0,687,570,117,104,74,30,49,31,18,36,17,19
C3010,09,42,0000,District - Fatehpur  42,Rural,35-59,448078,236520,211558,1764,1524,240,0,0,0,1137,1037,100,409,347,62,74,47,27,144,93,51
C3010,09,42,0000,District - Fatehpur  42,Rural,60+,157878,85440,72438,252,191,61,0,0,0,121,107,14,59,38,21,27,19,8,45,27,18
C3010,09,42,0000,District - Fatehpur  42,Rural,Age not stated,3296,1811,1485,14,11,3,0,0,0,9,8,1,0,0,0,2,1,1,3,2,1
C3010,09,42,0000,District - Fatehpur  42,Urban,All ages,237750,125259,112491,63712,34551,29161,56780,30487,26293,6514,3769,2745,237,179,58,150,99,51,31,17,14
C3010,09,42,0000,District - Fatehpur  42,Urban,0-4,22787,11864,10923,832,426,406,832,426,406,0,0,0,0,0,0,0,0,0,0,0,0
C3010,09,42,0000,District - Fatehpur  42,Urban,5,6755,3584,3171,1842,1011,831,1842,1011,831,0,0,0,0,0,0,0,0,0,0,0,0
C3010,09,42,0000,District - Fatehpur  42,Urban,6,6307,3174,3133,2643,1349,1294,2643,1349,1294,0,0,0,0,0,0,0,0,0,0,0,0
C3010,09,42,0000,District - Fatehpur  42,Urban,7,5486,2845,2641,3869,2071,1798,3869,2071,1798,0,0,0,0,0,0,0,0,0,0,0,0
C3010,09,42,0000,District - Fatehpur  42,Urban,8,7962,4150,3812,5917,3134,2783,5917,3134,2783,0,0,0,0,0,0,0,0,0,0,0,0
C3010,09,42,0000,District - Fatehpur  42,Urban,9,4579,2370,2209,3700,1955,1745,3700,1955,1745,0,0,0,0,0,0,0,0,0,0,0,0
C3010,09,42,0000,District - Fatehpur  42,Urban,10,9115,4944,4171,7092,3905,3187,7092,3905,3187,0,0,0,0,0,0,0,0,0,0,0,0
C3010,09,42,0000,District - Fatehpur  42,Urban,11,4360,2358,2002,3587,1956,1631,3587,1956,1631,0,0,0,0,0,0,0,0,0,0,0,0
C3010,09,42,0000,District - Fatehpur  42,Urban,12,7604,3987,3617,5913,3107,2806,5913,3107,2806,0,0,0,0,0,0,0,0,0,0,0,0
C3010,09,42,0000,District - Fatehpur  42,Urban,13,5100,2596,2504,3883,1984,1899,3883,1984,1899,0,0,0,0,0,0,0,0,0,0,0,0
C3010,09,42,0000,District - Fatehpur  42,Urban,14,5849,3085,2764,4196,2293,1903,4196,2293,1903,0,0,0,0,0,0,0,0,0,0,0,0
C3010,09,42,0000,District - Fatehpur  42,Urban,15-19,26620,14260,12360,14483,7751,6732,11921,6424,5497,2416,1228,1188,81,57,24,63,40,23,2,2,0
C3010,09,42,0000,District - Fatehpur  42,Urban,20-24,20917,11549,9368,4755,2913,1842,1385,872,513,3285,1976,1309,47,36,11,36,29,7,2,0,2
C3010,09,42,0000,District - Fatehpur  42,Urban,25-29,17635,9135,8500,590,421,169,0,0,0,504,360,144,58,43,15,28,18,10,0,0,0
C3010,09,42,0000,District - Fatehpur  42,Urban,30-34,16579,8233,8346,154,98,56,0,0,0,125,74,51,18,17,1,9,6,3,2,1,1
C3010,09,42,0000,District - Fatehpur  42,Urban,35-59,54816,29168,25648,215,151,64,0,0,0,159,112,47,27,23,4,10,5,5,19,11,8
C3010,09,42,0000,District - Fatehpur  42,Urban,60+,15027,7818,7209,38,23,15,0,0,0,22,16,6,6,3,3,4,1,3,6,3,3
C3010,09,42,0000,District - Fatehpur  42,Urban,Age not stated,252,139,113,3,3,0,0,0,0,3,3,0,0,0,0,0,0,0,0,0,0
C3010,09,43,0000,District - Pratapgarh  43,Total,All ages,2731174,1362948,1368226,684582,401151,283431,643727,369936,273791,37988,29257,8731,1180,900,280,1197,852,345,490,206,284
C3010,09,43,0000,District - Pratapgarh  43,Total,0-4,329445,169327,160118,5656,3075,2581,5656,3075,2581,0,0,0,0,0,0,0,0,0,0,0,0
C3010,09,43,0000,District - Pratapgarh  43,Total,5,95469,50541,44928,14232,7889,6343,14232,7889,6343,0,0,0,0,0,0,0,0,0,0,0,0
C3010,09,43,0000,District - Pratapgarh  43,Total,6,87183,44684,42499,30805,16518,14287,30805,16518,14287,0,0,0,0,0,0,0,0,0,0,0,0
C3010,09,43,0000,District - Pratapgarh  43,Total,7,71666,36664,35002,47586,25579,22007,47586,25579,22007,0,0,0,0,0,0,0,0,0,0,0,0
C3010,09,43,0000,District - Pratapgarh  43,Total,8,109290,56842,52448,81558,44613,36945,81558,44613,36945,0,0,0,0,0,0,0,0,0,0,0,0
C3010,09,43,0000,District - Pratapgarh  43,Total,9,57435,29395,28040,47247,25181,22066,47247,25181,22066,0,0,0,0,0,0,0,0,0,0,0,0
C3010,09,43,0000,District - Pratapgarh  43,Total,10,118577,63107,55470,93402,52834,40568,93402,52834,40568,0,0,0,0,0,0,0,0,0,0,0,0
C3010,09,43,0000,District - Pratapgarh  43,Total,11,43491,22633,20858,36683,20146,16537,36683,20146,16537,0,0,0,0,0,0,0,0,0,0,0,0
C3010,09,43,0000,District - Pratapgarh  43,Total,12,96761,51039,45722,75316,43219,32097,75316,43219,32097,0,0,0,0,0,0,0,0,0,0,0,0
C3010,09,43,0000,District - Pratapgarh  43,Total,13,55032,27567,27465,42177,23445,18732,42177,23445,18732,0,0,0,0,0,0,0,0,0,0,0,0
C3010,09,43,0000,District - Pratapgarh  43,Total,14,62637,31608,31029,43874,25600,18274,43874,25600,18274,0,0,0,0,0,0,0,0,0,0,0,0
C3010,09,43,0000,District - Pratapgarh  43,Total,15-19,265370,137162,128208,127400,83815,43585,112639,73398,39241,13815,9770,4045,311,217,94,598,417,181,37,13,24
C3010,09,43,0000,District - Pratapgarh  43,Total,20-24,204108,94509,109599,30941,22987,7954,12552,8439,4113,17807,14127,3680,279,227,52,226,165,61,77,29,48
C3010,09,43,0000,District - Pratapgarh  43,Total,25-29,178999,81378,97621,3905,3205,700,0,0,0,3390,2813,577,270,232,38,171,139,32,74,21,53
C3010,09,43,0000,District - Pratapgarh  43,Total,30-34,162320,72220,90100,1221,970,251,0,0,0,1043,869,174,78,55,23,49,30,19,51,16,35
C3010,09,43,0000,District - Pratapgarh  43,Total,35-59,559508,271458,288050,2103,1705,398,0,0,0,1618,1406,212,188,134,54,108,74,34,189,91,98
C3010,09,43,0000,District - Pratapgarh  43,Total,60+,222237,116456,105781,389,310,79,0,0,0,248,224,24,44,26,18,36,25,11,61,35,26
C3010,09,43,0000,District - Pratapgarh  43,Total,Age not stated,11646,6358,5288,87,60,27,0,0,0,67,48,19,10,9,1,9,2,7,1,1,0
C3010,09,43,0000,District - Pratapgarh  43,Rural,All ages,2586619,1287741,1298878,641565,377684,263881,605347,349360,255987,33570,26524,7046,1035,793,242,1140,810,330,473,197,276
C3010,09,43,0000,District - Pratapgarh  43,Rural,0-4,315066,161782,153284,5210,2840,2370,5210,2840,2370,0,0,0,0,0,0,0,0,0,0,0,0
C3010,09,43,0000,District - Pratapgarh  43,Rural,5,91273,48272,43001,13227,7329,5898,13227,7329,5898,0,0,0,0,0,0,0,0,0,0,0,0
C3010,09,43,0000,District - Pratapgarh  43,Rural,6,83284,42687,40597,29127,15619,13508,29127,15619,13508,0,0,0,0,0,0,0,0,0,0,0,0
C3010,09,43,0000,District - Pratapgarh  43,Rural,7,68313,34866,33447,45030,24184,20846,45030,24184,20846,0,0,0,0,0,0,0,0,0,0,0,0
C3010,09,43,0000,District - Pratapgarh  43,Rural,8,104228,54157,50071,77389,42359,35030,77389,42359,35030,0,0,0,0,0,0,0,0,0,0,0,0
C3010,09,43,0000,District - Pratapgarh  43,Rural,9,54730,27999,26731,44860,23927,20933,44860,23927,20933,0,0,0,0,0,0,0,0,0,0,0,0
C3010,09,43,0000,District - Pratapgarh  43,Rural,10,112867,60036,52831,88606,50209,38397,88606,50209,38397,0,0,0,0,0,0,0,0,0,0,0,0
C3010,09,43,0000,District - Pratapgarh  43,Rural,11,41036,21350,19686,34513,19011,15502,34513,19011,15502,0,0,0,0,0,0,0,0,0,0,0,0
C3010,09,43,0000,District - Pratapgarh  43,Rural,12,91493,48300,43193,70897,40897,30000,70897,40897,30000,0,0,0,0,0,0,0,0,0,0,0,0
C3010,09,43,0000,District - Pratapgarh  43,Rural,13,51966,26078,25888,39625,22184,17441,39625,22184,17441,0,0,0,0,0,0,0,0,0,0,0,0
C3010,09,43,0000,District - Pratapgarh  43,Rural,14,58747,29675,29072,40846,24069,16777,40846,24069,16777,0,0,0,0,0,0,0,0,0,0,0,0
C3010,09,43,0000,District - Pratapgarh  43,Rural,15-19,248783,128505,120278,117512,78423,39089,104288,68841,35447,12345,8979,3366,272,193,79,572,398,174,35,12,23
C3010,09,43,0000,District - Pratapgarh  43,Rural,20-24,191069,87537,103532,27665,20844,6821,11729,7891,3838,15408,12570,2838,238,197,41,217,158,59,73,28,45
C3010,09,43,0000,District - Pratapgarh  43,Rural,25-29,168703,76123,92580,3470,2879,591,0,0,0,3005,2530,475,231,199,32,164,133,31,70,17,53
C3010,09,43,0000,District - Pratapgarh  43,Rural,30-34,153018,67699,85319,1129,912,217,0,0,0,965,821,144,69,48,21,45,27,18,50,16,34
C3010,09,43,0000,District - Pratapgarh  43,Rural,35-59,527550,254665,272885,2007,1642,365,0,0,0,1553,1364,189,173,122,51,98,68,30,183,88,95
C3010,09,43,0000,District - Pratapgarh  43,Rural,60+,213216,111874,101342,374,300,74,0,0,0,236,216,20,42,25,17,35,24,11,61,35,26
C3010,09,43,0000,District - Pratapgarh  43,Rural,Age not stated,11277,6136,5141,78,56,22,0,0,0,58,44,14,10,9,1,9,2,7,1,1,0
C3010,09,43,0000,District - Pratapgarh  43,Urban,All ages,144555,75207,69348,43017,23467,19550,38380,20576,17804,4418,2733,1685,145,107,38,57,42,15,17,9,8
C3010,09,43,0000,District - Pratapgarh  43,Urban,0-4,14379,7545,6834,446,235,211,446,235,211,0,0,0,0,0,0,0,0,0,0,0,0
C3010,09,43,0000,District - Pratapgarh  43,Urban,5,4196,2269,1927,1005,560,445,1005,560,445,0,0,0,0,0,0,0,0,0,0,0,0
C3010,09,43,0000,District - Pratapgarh  43,Urban,6,3899,1997,1902,1678,899,779,1678,899,779,0,0,0,0,0,0,0,0,0,0,0,0
C3010,09,43,0000,District - Pratapgarh  43,Urban,7,3353,1798,1555,2556,1395,1161,2556,1395,1161,0,0,0,0,0,0,0,0,0,0,0,0
C3010,09,43,0000,District - Pratapgarh  43,Urban,8,5062,2685,2377,4169,2254,1915,4169,2254,1915,0,0,0,0,0,0,0,0,0,0,0,0
C3010,09,43,0000,District - Pratapgarh  43,Urban,9,2705,1396,1309,2387,1254,1133,2387,1254,1133,0,0,0,0,0,0,0,0,0,0,0,0
C3010,09,43,0000,District - Pratapgarh  43,Urban,10,5710,3071,2639,4796,2625,2171,4796,2625,2171,0,0,0,0,0,0,0,0,0,0,0,0
C3010,09,43,0000,District - Pratapgarh  43,Urban,11,2455,1283,1172,2170,1135,1035,2170,1135,1035,0,0,0,0,0,0,0,0,0,0,0,0
C3010,09,43,0000,District - Pratapgarh  43,Urban,12,5268,2739,2529,4419,2322,2097,4419,2322,2097,0,0,0,0,0,0,0,0,0,0,0,0
C3010,09,43,0000,District - Pratapgarh  43,Urban,13,3066,1489,1577,2552,1261,1291,2552,1261,1291,0,0,0,0,0,0,0,0,0,0,0,0
C3010,09,43,0000,District - Pratapgarh  43,Urban,14,3890,1933,1957,3028,1531,1497,3028,1531,1497,0,0,0,0,0,0,0,0,0,0,0,0
C3010,09,43,0000,District - Pratapgarh  43,Urban,15-19,16587,8657,7930,9888,5392,4496,8351,4557,3794,1470,791,679,39,24,15,26,19,7,2,1,1
C3010,09,43,0000,District - Pratapgarh  43,Urban,20-24,13039,6972,6067,3276,2143,1133,823,548,275,2399,1557,842,41,30,11,9,7,2,4,1,3
C3010,09,43,0000,District - Pratapgarh  43,Urban,25-29,10296,5255,5041,435,326,109,0,0,0,385,283,102,39,33,6,7,6,1,4,4,0
C3010,09,43,0000,District - Pratapgarh  43,Urban,30-34,9302,4521,4781,92,58,34,0,0,0,78,48,30,9,7,2,4,3,1,1,0,1
C3010,09,43,0000,District - Pratapgarh  43,Urban,35-59,31958,16793,15165,96,63,33,0,0,0,65,42,23,15,12,3,10,6,4,6,3,3
C3010,09,43,0000,District - Pratapgarh  43,Urban,60+,9021,4582,4439,15,10,5,0,0,0,12,8,4,2,1,1,1,1,0,0,0,0
C3010,09,43,0000,District - Pratapgarh  43,Urban,Age not stated,369,222,147,9,4,5,0,0,0,9,4,5,0,0,0,0,0,0,0,0,0
C3010,09,44,0000,District - Kaushambi *  44,Total,All ages,1293154,682290,610864,255732,161668,94064,243394,151560,91834,11118,9259,1859,502,389,113,428,313,115,290,147,143
C3010,09,44,0000,District - Kaushambi *  44,Total,0-4,171912,87394,84518,2492,1364,1128,2492,1364,1128,0,0,0,0,0,0,0,0,0,0,0,0
C3010,09,44,0000,District - Kaushambi *  44,Total,5,45433,24150,21283,6100,3532,2568,6100,3532,2568,0,0,0,0,0,0,0,0,0,0,0,0
C3010,09,44,0000,District - Kaushambi *  44,Total,6,48158,24896,23262,14590,8289,6301,14590,8289,6301,0,0,0,0,0,0,0,0,0,0,0,0
C3010,09,44,0000,District - Kaushambi *  44,Total,7,33225,17347,15878,18636,10665,7971,18636,10665,7971,0,0,0,0,0,0,0,0,0,0,0,0
C3010,09,44,0000,District - Kaushambi *  44,Total,8,57120,30284,26836,34687,20248,14439,34687,20248,14439,0,0,0,0,0,0,0,0,0,0,0,0
C3010,09,44,0000,District - Kaushambi *  44,Total,9,26089,13793,12296,17861,10306,7555,17861,10306,7555,0,0,0,0,0,0,0,0,0,0,0,0
C3010,09,44,0000,District - Kaushambi *  44,Total,10,59999,32704,27295,38039,23276,14763,38039,23276,14763,0,0,0,0,0,0,0,0,0,0,0,0
C3010,09,44,0000,District - Kaushambi *  44,Total,11,17247,9529,7718,12160,7510,4650,12160,7510,4650,0,0,0,0,0,0,0,0,0,0,0,0
C3010,09,44,0000,District - Kaushambi *  44,Total,12,47092,25628,21464,28921,18294,10627,28921,18294,10627,0,0,0,0,0,0,0,0,0,0,0,0
C3010,09,44,0000,District - Kaushambi *  44,Total,13,22070,11719,10351,13463,8420,5043,13463,8420,5043,0,0,0,0,0,0,0,0,0,0,0,0
C3010,09,44,0000,District - Kaushambi *  44,Total,14,29704,15605,14099,15889,10180,5709,15889,10180,5709,0,0,0,0,0,0,0,0,0,0,0,0
C3010,09,44,0000,District - Kaushambi *  44,Total,15-19,114066,65988,48078,40648,29536,11112,36189,26075,10114,4149,3249,900,117,92,25,171,110,61,22,10,12
C3010,09,44,0000,District - Kaushambi *  44,Total,20-24,93100,49466,43634,9740,7960,1780,4367,3401,966,5102,4355,747,131,108,23,95,78,17,45,18,27
C3010,09,44,0000,District - Kaushambi *  44,Total,25-29,88238,44462,43776,1153,980,173,0,0,0,911,798,113,134,107,27,65,53,12,43,22,21
C3010,09,44,0000,District - Kaushambi *  44,Total,30-34,85118,41397,43721,457,375,82,0,0,0,347,303,44,41,33,8,27,22,5,42,17,25
C3010,09,44,0000,District - Kaushambi *  44,Total,35-59,265489,139218,126271,765,632,133,0,0,0,548,500,48,61,39,22,51,37,14,105,56,49
C3010,09,44,0000,District - Kaushambi *  44,Total,60+,86474,47275,39199,116,88,28,0,0,0,50,44,6,16,9,7,18,12,6,32,23,9
C3010,09,44,0000,District - Kaushambi *  44,Total,Age not stated,2620,1435,1185,15,13,2,0,0,0,11,10,1,2,1,1,1,1,0,1,1,0
C3010,09,44,0000,District - Kaushambi *  44,Rural,All ages,1201369,634037,567332,233888,149238,84650,223441,140451,82990,9401,8062,1339,392,305,87,370,277,93,284,143,141
C3010,09,44,0000,District - Kaushambi *  44,Rural,0-4,161406,82086,79320,2252,1238,1014,2252,1238,1014,0,0,0,0,0,0,0,0,0,0,0,0
C3010,09,44,0000,District - Kaushambi *  44,Rural,5,42511,22633,19878,5622,3275,2347,5622,3275,2347,0,0,0,0,0,0,0,0,0,0,0,0
C3010,09,44,0000,District - Kaushambi *  44,Rural,6,45283,23447,21836,13807,7868,5939,13807,7868,5939,0,0,0,0,0,0,0,0,0,0,0,0
C3010,09,44,0000,District - Kaushambi *  44,Rural,7,30972,16173,14799,17318,9929,7389,17318,9929,7389,0,0,0,0,0,0,0,0,0,0,0,0
C3010,09,44,0000,District - Kaushambi *  44,Rural,8,53375,28364,25011,32233,18952,13281,32233,18952,13281,0,0,0,0,0,0,0,0,0,0,0,0
C3010,09,44,0000,District - Kaushambi *  44,Rural,9,24309,12872,11437,16584,9626,6958,16584,9626,6958,0,0,0,0,0,0,0,0,0,0,0,0
C3010,09,44,0000,District - Kaushambi *  44,Rural,10,55861,30468,25393,35175,21641,13534,35175,21641,13534,0,0,0,0,0,0,0,0,0,0,0,0
C3010,09,44,0000,District - Kaushambi *  44,Rural,11,15867,8792,7075,11076,6918,4158,11076,6918,4158,0,0,0,0,0,0,0,0,0,0,0,0
C3010,09,44,0000,District - Kaushambi *  44,Rural,12,43627,23793,19834,26511,16963,9548,26511,16963,9548,0,0,0,0,0,0,0,0,0,0,0,0
C3010,09,44,0000,District - Kaushambi *  44,Rural,13,20409,10883,9526,12270,7793,4477,12270,7793,4477,0,0,0,0,0,0,0,0,0,0,0,0
C3010,09,44,0000,District - Kaushambi *  44,Rural,14,27298,14409,12889,14339,9381,4958,14339,9381,4958,0,0,0,0,0,0,0,0,0,0,0,0
C3010,09,44,0000,District - Kaushambi *  44,Rural,15-19,104348,60592,43756,36163,26846,9317,32377,23805,8572,3512,2854,658,108,84,24,144,93,51,22,10,12
C3010,09,44,0000,District - Kaushambi *  44,Rural,20-24,85617,45236,40381,8341,6953,1388,3877,3062,815,4237,3723,514,98,79,19,84,71,13,45,18,27
C3010,09,44,0000,District - Kaushambi *  44,Rural,25-29,81882,41161,40721,966,838,128,0,0,0,787,701,86,82,71,11,57,46,11,40,20,20
C3010,09,44,0000,District - Kaushambi *  44,Rural,30-34,79021,38399,40622,403,335,68,0,0,0,308,273,35,31,25,6,24,21,3,40,16,24
C3010,09,44,0000,District - Kaushambi *  44,Rural,35-59,246544,129214,117330,706,586,120,0,0,0,499,459,40,56,37,19,47,35,12,104,55,49
C3010,09,44,0000,District - Kaushambi *  44,Rural,60+,80602,44193,36409,108,83,25,0,0,0,48,42,6,15,8,7,13,10,3,32,23,9
C3010,09,44,0000,District - Kaushambi *  44,Rural,Age not stated,2437,1322,1115,14,13,1,0,0,0,10,10,0,2,1,1,1,1,0,1,1,0
C3010,09,44,0000,District - Kaushambi *  44,Urban,All ages,91785,48253,43532,21844,12430,9414,19953,11109,8844,1717,1197,520,110,84,26,58,36,22,6,4,2
C3010,09,44,0000,District - Kaushambi *  44,Urban,0-4,10506,5308,5198,240,126,114,240,126,114,0,0,0,0,0,0,0,0,0,0,0,0
C3010,09,44,0000,District - Kaushambi *  44,Urban,5,2922,1517,1405,478,257,221,478,257,221,0,0,0,0,0,0,0,0,0,0,0,0
C3010,09,44,0000,District - Kaushambi *  44,Urban,6,2875,1449,1426,783,421,362,783,421,362,0,0,0,0,0,0,0,0,0,0,0,0
C3010,09,44,0000,District - Kaushambi *  44,Urban,7,2253,1174,1079,1318,736,582,1318,736,582,0,0,0,0,0,0,0,0,0,0,0,0
C3010,09,44,0000,District - Kaushambi *  44,Urban,8,3745,1920,1825,2454,1296,1158,2454,1296,1158,0,0,0,0,0,0,0,0,0,0,0,0
C3010,09,44,0000,District - Kaushambi *  44,Urban,9,1780,921,859,1277,680,597,1277,680,597,0,0,0,0,0,0,0,0,0,0,0,0
C3010,09,44,0000,District - Kaushambi *  44,Urban,10,4138,2236,1902,2864,1635,1229,2864,1635,1229,0,0,0,0,0,0,0,0,0,0,0,0
C3010,09,44,0000,District - Kaushambi *  44,Urban,11,1380,737,643,1084,592,492,1084,592,492,0,0,0,0,0,0,0,0,0,0,0,0
C3010,09,44,0000,District - Kaushambi *  44,Urban,12,3465,1835,1630,2410,1331,1079,2410,1331,1079,0,0,0,0,0,0,0,0,0,0,0,0
C3010,09,44,0000,District - Kaushambi *  44,Urban,13,1661,836,825,1193,627,566,1193,627,566,0,0,0,0,0,0,0,0,0,0,0,0
C3010,09,44,0000,District - Kaushambi *  44,Urban,14,2406,1196,1210,1550,799,751,1550,799,751,0,0,0,0,0,0,0,0,0,0,0,0
C3010,09,44,0000,District - Kaushambi *  44,Urban,15-19,9718,5396,4322,4485,2690,1795,3812,2270,1542,637,395,242,9,8,1,27,17,10,0,0,0
C3010,09,44,0000,District - Kaushambi *  44,Urban,20-24,7483,4230,3253,1399,1007,392,490,339,151,865,632,233,33,29,4,11,7,4,0,0,0
C3010,09,44,0000,District - Kaushambi *  44,Urban,25-29,6356,3301,3055,187,142,45,0,0,0,124,97,27,52,36,16,8,7,1,3,2,1
C3010,09,44,0000,District - Kaushambi *  44,Urban,30-34,6097,2998,3099,54,40,14,0,0,0,39,30,9,10,8,2,3,1,2,2,1,1
C3010,09,44,0000,District - Kaushambi *  44,Urban,35-59,18945,10004,8941,59,46,13,0,0,0,49,41,8,5,2,3,4,2,2,1,1,0
C3010,09,44,0000,District - Kaushambi *  44,Urban,60+,5872,3082,2790,8,5,3,0,0,0,2,2,0,1,1,0,5,2,3,0,0,0
C3010,09,44,0000,District - Kaushambi *  44,Urban,Age not stated,183,113,70,1,0,1,0,0,0,1,0,1,0,0,0,0,0,0,0,0,0
C3010,09,45,0000,District - Allahabad  45,Total,All ages,4936105,2626448,2309657,1279234,779140,500094,1122074,662412,459662,137141,101510,35631,8866,6653,2213,9818,7790,2028,1335,775,560
C3010,09,45,0000,District - Allahabad  45,Total,0-4,586483,303299,283184,16335,8801,7534,16335,8801,7534,0,0,0,0,0,0,0,0,0,0,0,0
C3010,09,45,0000,District - Allahabad  45,Total,5,160391,86413,73978,31113,17589,13524,31113,17589,13524,0,0,0,0,0,0,0,0,0,0,0,0
C3010,09,45,0000,District - Allahabad  45,Total,6,152709,79494,73215,58782,32365,26417,58782,32365,26417,0,0,0,0,0,0,0,0,0,0,0,0
C3010,09,45,0000,District - Allahabad  45,Total,7,119857,62449,57408,78014,42890,35124,78014,42890,35124,0,0,0,0,0,0,0,0,0,0,0,0
C3010,09,45,0000,District - Allahabad  45,Total,8,190241,100191,90050,135993,76265,59728,135993,76265,59728,0,0,0,0,0,0,0,0,0,0,0,0
C3010,09,45,0000,District - Allahabad  45,Total,9,91867,48250,43617,72068,40001,32067,72068,40001,32067,0,0,0,0,0,0,0,0,0,0,0,0
C3010,09,45,0000,District - Allahabad  45,Total,10,208347,113067,95280,153966,89953,64013,153966,89953,64013,0,0,0,0,0,0,0,0,0,0,0,0
C3010,09,45,0000,District - Allahabad  45,Total,11,75813,40964,34849,60412,34699,25713,60412,34699,25713,0,0,0,0,0,0,0,0,0,0,0,0
C3010,09,45,0000,District - Allahabad  45,Total,12,167003,89988,77015,123073,72749,50324,123073,72749,50324,0,0,0,0,0,0,0,0,0,0,0,0
C3010,09,45,0000,District - Allahabad  45,Total,13,92139,47893,44246,67934,39209,28725,67934,39209,28725,0,0,0,0,0,0,0,0,0,0,0,0
C3010,09,45,0000,District - Allahabad  45,Total,14,116146,61578,54568,79186,47517,31669,79186,47517,31669,0,0,0,0,0,0,0,0,0,0,0,0
C3010,09,45,0000,District - Allahabad  45,Total,15-19,484122,272645,211477,257946,168744,89202,215640,139992,75648,38005,25781,12224,1690,1151,539,2518,1770,748,93,50,43
C3010,09,45,0000,District - Allahabad  45,Total,20-24,426482,230707,195775,104913,77165,27748,29558,20382,9176,70313,52988,17325,2440,1827,613,2402,1854,548,200,114,86
C3010,09,45,0000,District - Allahabad  45,Total,25-29,356829,186234,170595,20691,16931,3760,0,0,0,14962,12065,2897,2321,1890,431,3225,2858,367,183,118,65
C3010,09,45,0000,District - Allahabad  45,Total,30-34,320841,158501,162340,6228,4833,1395,0,0,0,4693,3605,1088,729,586,143,669,559,110,137,83,54
C3010,09,45,0000,District - Allahabad  45,Total,35-59,1010388,537723,472665,9880,7385,2495,0,0,0,7290,5587,1703,1321,955,366,769,577,192,500,266,234
C3010,09,45,0000,District - Allahabad  45,Total,60+,314358,172304,142054,1899,1428,471,0,0,0,1295,1031,264,279,181,98,153,108,45,172,108,64
C3010,09,45,0000,District - Allahabad  45,Total,Age not stated,62089,34748,27341,801,616,185,0,0,0,583,453,130,86,63,23,82,64,18,50,36,14
C3010,09,45,0000,District - Allahabad  45,Rural,All ages,3729320,1962425,1766895,882814,548186,334628,824700,500273,324427,52333,43737,8596,2990,2200,790,1925,1481,444,866,495,371
C3010,09,45,0000,District - Allahabad  45,Rural,0-4,498560,257118,241442,10358,5675,4683,10358,5675,4683,0,0,0,0,0,0,0,0,0,0,0,0
C3010,09,45,0000,District - Allahabad  45,Rural,5,134528,72551,61977,21832,12576,9256,21832,12576,9256,0,0,0,0,0,0,0,0,0,0,0,0
C3010,09,45,0000,District - Allahabad  45,Rural,6,127814,66656,61158,46218,25747,20471,46218,25747,20471,0,0,0,0,0,0,0,0,0,0,0,0
C3010,09,45,0000,District - Allahabad  45,Rural,7,98740,51377,47363,62155,34487,27668,62155,34487,27668,0,0,0,0,0,0,0,0,0,0,0,0
C3010,09,45,0000,District - Allahabad  45,Rural,8,156819,82504,74315,109983,62310,47673,109983,62310,47673,0,0,0,0,0,0,0,0,0,0,0,0
C3010,09,45,0000,District - Allahabad  45,Rural,9,73405,38591,34814,56853,31954,24899,56853,31954,24899,0,0,0,0,0,0,0,0,0,0,0,0
C3010,09,45,0000,District - Allahabad  45,Rural,10,166654,90190,76464,120679,71462,49217,120679,71462,49217,0,0,0,0,0,0,0,0,0,0,0,0
C3010,09,45,0000,District - Allahabad  45,Rural,11,57302,30891,26411,44761,26170,18591,44761,26170,18591,0,0,0,0,0,0,0,0,0,0,0,0
C3010,09,45,0000,District - Allahabad  45,Rural,12,128902,69514,59388,92171,56080,36091,92171,56080,36091,0,0,0,0,0,0,0,0,0,0,0,0
C3010,09,45,0000,District - Allahabad  45,Rural,13,69237,36214,33023,49178,29588,19590,49178,29588,19590,0,0,0,0,0,0,0,0,0,0,0,0
C3010,09,45,0000,District - Allahabad  45,Rural,14,85237,45290,39947,54928,34669,20259,54928,34669,20259,0,0,0,0,0,0,0,0,0,0,0,0
C3010,09,45,0000,District - Allahabad  45,Rural,15-19,335215,189219,145996,156875,111471,45404,137882,96700,41182,17593,13791,3802,691,498,193,643,449,194,66,33,33
C3010,09,45,0000,District - Allahabad  45,Rural,20-24,289908,147466,142442,43198,34464,8734,17702,12855,4847,24141,20538,3603,734,598,136,491,400,91,130,73,57
C3010,09,45,0000,District - Allahabad  45,Rural,25-29,256603,128954,127649,6038,5270,768,0,0,0,5047,4474,573,553,454,99,337,280,57,101,62,39
C3010,09,45,0000,District - Allahabad  45,Rural,30-34,238374,115616,122758,2367,1992,375,0,0,0,1895,1652,243,243,176,67,133,108,25,96,56,40
C3010,09,45,0000,District - Allahabad  45,Rural,35-59,718142,378251,339891,3929,3274,655,0,0,0,2816,2563,253,567,361,206,222,178,44,324,172,152
C3010,09,45,0000,District - Allahabad  45,Rural,60+,239232,131888,107344,771,588,183,0,0,0,457,403,54,153,82,71,58,37,21,103,66,37
C3010,09,45,0000,District - Allahabad  45,Rural,Age not stated,54648,30135,24513,520,409,111,0,0,0,384,316,68,49,31,18,41,29,12,46,33,13
C3010,09,45,0000,District - Allahabad  45,Urban,All ages,1206785,664023,542762,396420,230954,165466,297374,162139,135235,84808,57773,27035,5876,4453,1423,7893,6309,1584,469,280,189
C3010,09,45,0000,District - Allahabad  45,Urban,0-4,87923,46181,41742,5977,3126,2851,5977,3126,2851,0,0,0,0,0,0,0,0,0,0,0,0
C3010,09,45,0000,District - Allahabad  45,Urban,5,25863,13862,12001,9281,5013,4268,9281,5013,4268,0,0,0,0,0,0,0,0,0,0,0,0
C3010,09,45,0000,District - Allahabad  45,Urban,6,24895,12838,12057,12564,6618,5946,12564,6618,5946,0,0,0,0,0,0,0,0,0,0,0,0
C3010,09,45,0000,District - Allahabad  45,Urban,7,21117,11072,10045,15859,8403,7456,15859,8403,7456,0,0,0,0,0,0,0,0,0,0,0,0
C3010,09,45,0000,District - Allahabad  45,Urban,8,33422,17687,15735,26010,13955,12055,26010,13955,12055,0,0,0,0,0,0,0,0,0,0,0,0
C3010,09,45,0000,District - Allahabad  45,Urban,9,18462,9659,8803,15215,8047,7168,15215,8047,7168,0,0,0,0,0,0,0,0,0,0,0,0
C3010,09,45,0000,District - Allahabad  45,Urban,10,41693,22877,18816,33287,18491,14796,33287,18491,14796,0,0,0,0,0,0,0,0,0,0,0,0
C3010,09,45,0000,District - Allahabad  45,Urban,11,18511,10073,8438,15651,8529,7122,15651,8529,7122,0,0,0,0,0,0,0,0,0,0,0,0
C3010,09,45,0000,District - Allahabad  45,Urban,12,38101,20474,17627,30902,16669,14233,30902,16669,14233,0,0,0,0,0,0,0,0,0,0,0,0
C3010,09,45,0000,District - Allahabad  45,Urban,13,22902,11679,11223,18756,9621,9135,18756,9621,9135,0,0,0,0,0,0,0,0,0,0,0,0
C3010,09,45,0000,District - Allahabad  45,Urban,14,30909,16288,14621,24258,12848,11410,24258,12848,11410,0,0,0,0,0,0,0,0,0,0,0,0
C3010,09,45,0000,District - Allahabad  45,Urban,15-19,148907,83426,65481,101071,57273,43798,77758,43292,34466,20412,11990,8422,999,653,346,1875,1321,554,27,17,10
C3010,09,45,0000,District - Allahabad  45,Urban,20-24,136574,83241,53333,61715,42701,19014,11856,7527,4329,46172,32450,13722,1706,1229,477,1911,1454,457,70,41,29
C3010,09,45,0000,District - Allahabad  45,Urban,25-29,100226,57280,42946,14653,11661,2992,0,0,0,9915,7591,2324,1768,1436,332,2888,2578,310,82,56,26
C3010,09,45,0000,District - Allahabad  45,Urban,30-34,82467,42885,39582,3861,2841,1020,0,0,0,2798,1953,845,486,410,76,536,451,85,41,27,14
C3010,09,45,0000,District - Allahabad  45,Urban,35-59,292246,159472,132774,5951,4111,1840,0,0,0,4474,3024,1450,754,594,160,547,399,148,176,94,82
C3010,09,45,0000,District - Allahabad  45,Urban,60+,75126,40416,34710,1128,840,288,0,0,0,838,628,210,126,99,27,95,71,24,69,42,27
C3010,09,45,0000,District - Allahabad  45,Urban,Age not stated,7441,4613,2828,281,207,74,0,0,0,199,137,62,37,32,5,41,35,6,4,3,1
C3010,09,46,0000,District - Barabanki  46,Total,All ages,2673581,1416921,1256660,487405,291676,195729,464136,274983,189153,19963,14616,5347,1224,860,364,1388,844,544,694,373,321
C3010,09,46,0000,District - Barabanki  46,Total,0-4,336184,171691,164493,6397,3407,2990,6397,3407,2990,0,0,0,0,0,0,0,0,0,0,0,0
C3010,09,46,0000,District - Barabanki  46,Total,5,92258,49325,42933,12228,6727,5501,12228,6727,5501,0,0,0,0,0,0,0,0,0,0,0,0
C3010,09,46,0000,District - Barabanki  46,Total,6,86378,44209,42169,23512,12697,10815,23512,12697,10815,0,0,0,0,0,0,0,0,0,0,0,0
C3010,09,46,0000,District - Barabanki  46,Total,7,66634,34192,32442,34843,18939,15904,34843,18939,15904,0,0,0,0,0,0,0,0,0,0,0,0
C3010,09,46,0000,District - Barabanki  46,Total,8,105726,55083,50643,61971,34401,27570,61971,34401,27570,0,0,0,0,0,0,0,0,0,0,0,0
C3010,09,46,0000,District - Barabanki  46,Total,9,52656,27479,25177,35675,19718,15957,35675,19718,15957,0,0,0,0,0,0,0,0,0,0,0,0
C3010,09,46,0000,District - Barabanki  46,Total,10,113690,62278,51412,70935,41764,29171,70935,41764,29171,0,0,0,0,0,0,0,0,0,0,0,0
C3010,09,46,0000,District - Barabanki  46,Total,11,36796,19986,16810,25976,15030,10946,25976,15030,10946,0,0,0,0,0,0,0,0,0,0,0,0
C3010,09,46,0000,District - Barabanki  46,Total,12,90582,49305,41277,55275,32959,22316,55275,32959,22316,0,0,0,0,0,0,0,0,0,0,0,0
C3010,09,46,0000,District - Barabanki  46,Total,13,43229,22730,20499,26712,15608,11104,26712,15608,11104,0,0,0,0,0,0,0,0,0,0,0,0
C3010,09,46,0000,District - Barabanki  46,Total,14,51718,27345,24373,27451,16697,10754,27451,16697,10754,0,0,0,0,0,0,0,0,0,0,0,0
C3010,09,46,0000,District - Barabanki  46,Total,15-19,239480,135341,104139,79728,53784,25944,72440,49146,23294,6269,4045,2224,285,196,89,691,374,317,43,23,20
C3010,09,46,0000,District - Barabanki  46,Total,20-24,208695,110934,97761,20872,15476,5396,10721,7890,2831,9650,7241,2409,218,166,52,205,136,69,78,43,35
C3010,09,46,0000,District - Barabanki  46,Total,25-29,196951,102519,94432,2445,1945,500,0,0,0,1963,1599,364,227,179,48,148,114,34,107,53,54
C3010,09,46,0000,District - Barabanki  46,Total,30-34,186077,95336,90741,1070,811,259,0,0,0,766,633,133,127,87,40,80,45,35,97,46,51
C3010,09,46,0000,District - Barabanki  46,Total,35-59,561599,302492,259107,1834,1396,438,0,0,0,1104,934,170,272,180,92,190,126,64,268,156,112
C3010,09,46,0000,District - Barabanki  46,Total,60+,195241,101260,93981,387,264,123,0,0,0,141,122,19,88,48,40,64,44,20,94,50,44
C3010,09,46,0000,District - Barabanki  46,Total,Age not stated,9687,5416,4271,94,53,41,0,0,0,70,42,28,7,4,3,10,5,5,7,2,5
C3010,09,46,0000,District - Barabanki  46,Rural,All ages,2424836,1285928,1138908,429474,260054,169420,411545,246457,165088,15192,11863,3329,991,688,303,1092,688,404,654,358,296
C3010,09,46,0000,District - Barabanki  46,Rural,0-4,308983,157491,151492,5419,2909,2510,5419,2909,2510,0,0,0,0,0,0,0,0,0,0,0,0
C3010,09,46,0000,District - Barabanki  46,Rural,5,84649,45206,39443,10524,5786,4738,10524,5786,4738,0,0,0,0,0,0,0,0,0,0,0,0
C3010,09,46,0000,District - Barabanki  46,Rural,6,79073,40459,38614,20976,11407,9569,20976,11407,9569,0,0,0,0,0,0,0,0,0,0,0,0
C3010,09,46,0000,District - Barabanki  46,Rural,7,60843,31242,29601,31305,17095,14210,31305,17095,14210,0,0,0,0,0,0,0,0,0,0,0,0
C3010,09,46,0000,District - Barabanki  46,Rural,8,96559,50332,46227,55953,31163,24790,55953,31163,24790,0,0,0,0,0,0,0,0,0,0,0,0
C3010,09,46,0000,District - Barabanki  46,Rural,9,47926,25014,22912,32203,17908,14295,32203,17908,14295,0,0,0,0,0,0,0,0,0,0,0,0
C3010,09,46,0000,District - Barabanki  46,Rural,10,103419,56803,46616,64023,38005,26018,64023,38005,26018,0,0,0,0,0,0,0,0,0,0,0,0
C3010,09,46,0000,District - Barabanki  46,Rural,11,32943,17892,15051,23092,13458,9634,23092,13458,9634,0,0,0,0,0,0,0,0,0,0,0,0
C3010,09,46,0000,District - Barabanki  46,Rural,12,81589,44542,37047,49356,29757,19599,49356,29757,19599,0,0,0,0,0,0,0,0,0,0,0,0
C3010,09,46,0000,District - Barabanki  46,Rural,13,38642,20361,18281,23587,13960,9627,23587,13960,9627,0,0,0,0,0,0,0,0,0,0,0,0
C3010,09,46,0000,District - Barabanki  46,Rural,14,45414,24080,21334,23672,14664,9008,23672,14664,9008,0,0,0,0,0,0,0,0,0,0,0,0
C3010,09,46,0000,District - Barabanki  46,Rural,15-19,211866,120676,91190,67638,47179,20459,62142,43414,18728,4684,3269,1415,243,168,75,529,306,223,40,22,18
C3010,09,46,0000,District - Barabanki  46,Rural,20-24,186811,98833,87978,16838,12930,3908,9293,6931,2362,7174,5735,1439,157,120,37,140,101,39,74,43,31
C3010,09,46,0000,District - Barabanki  46,Rural,25-29,179210,93359,85851,1947,1607,340,0,0,0,1559,1335,224,167,133,34,116,86,30,105,53,52
C3010,09,46,0000,District - Barabanki  46,Rural,30-34,169833,87024,82809,918,704,214,0,0,0,654,550,104,108,75,33,70,38,32,86,41,45
C3010,09,46,0000,District - Barabanki  46,Rural,35-59,508369,274108,234261,1612,1244,368,0,0,0,956,837,119,230,146,84,169,111,58,257,150,107
C3010,09,46,0000,District - Barabanki  46,Rural,60+,180231,93699,86532,346,240,106,0,0,0,119,108,11,80,42,38,61,43,18,86,47,39
C3010,09,46,0000,District - Barabanki  46,Rural,Age not stated,8476,4807,3669,65,38,27,0,0,0,46,29,17,6,4,2,7,3,4,6,2,4
C3010,09,46,0000,District - Barabanki  46,Urban,All ages,248745,130993,117752,57931,31622,26309,52591,28526,24065,4771,2753,2018,233,172,61,296,156,140,40,15,25
C3010,09,46,0000,District - Barabanki  46,Urban,0-4,27201,14200,13001,978,498,480,978,498,480,0,0,0,0,0,0,0,0,0,0,0,0
C3010,09,46,0000,District - Barabanki  46,Urban,5,7609,4119,3490,1704,941,763,1704,941,763,0,0,0,0,0,0,0,0,0,0,0,0
C3010,09,46,0000,District - Barabanki  46,Urban,6,7305,3750,3555,2536,1290,1246,2536,1290,1246,0,0,0,0,0,0,0,0,0,0,0,0
C3010,09,46,0000,District - Barabanki  46,Urban,7,5791,2950,2841,3538,1844,1694,3538,1844,1694,0,0,0,0,0,0,0,0,0,0,0,0
C3010,09,46,0000,District - Barabanki  46,Urban,8,9167,4751,4416,6018,3238,2780,6018,3238,2780,0,0,0,0,0,0,0,0,0,0,0,0
C3010,09,46,0000,District - Barabanki  46,Urban,9,4730,2465,2265,3472,1810,1662,3472,1810,1662,0,0,0,0,0,0,0,0,0,0,0,0
C3010,09,46,0000,District - Barabanki  46,Urban,10,10271,5475,4796,6912,3759,3153,6912,3759,3153,0,0,0,0,0,0,0,0,0,0,0,0
C3010,09,46,0000,District - Barabanki  46,Urban,11,3853,2094,1759,2884,1572,1312,2884,1572,1312,0,0,0,0,0,0,0,0,0,0,0,0
C3010,09,46,0000,District - Barabanki  46,Urban,12,8993,4763,4230,5919,3202,2717,5919,3202,2717,0,0,0,0,0,0,0,0,0,0,0,0
C3010,09,46,0000,District - Barabanki  46,Urban,13,4587,2369,2218,3125,1648,1477,3125,1648,1477,0,0,0,0,0,0,0,0,0,0,0,0
C3010,09,46,0000,District - Barabanki  46,Urban,14,6304,3265,3039,3779,2033,1746,3779,2033,1746,0,0,0,0,0,0,0,0,0,0,0,0
C3010,09,46,0000,District - Barabanki  46,Urban,15-19,27614,14665,12949,12090,6605,5485,10298,5732,4566,1585,776,809,42,28,14,162,68,94,3,1,2
C3010,09,46,0000,District - Barabanki  46,Urban,20-24,21884,12101,9783,4034,2546,1488,1428,959,469,2476,1506,970,61,46,15,65,35,30,4,0,4
C3010,09,46,0000,District - Barabanki  46,Urban,25-29,17741,9160,8581,498,338,160,0,0,0,404,264,140,60,46,14,32,28,4,2,0,2
C3010,09,46,0000,District - Barabanki  46,Urban,30-34,16244,8312,7932,152,107,45,0,0,0,112,83,29,19,12,7,10,7,3,11,5,6
C3010,09,46,0000,District - Barabanki  46,Urban,35-59,53230,28384,24846,222,152,70,0,0,0,148,97,51,42,34,8,21,15,6,11,6,5
C3010,09,46,0000,District - Barabanki  46,Urban,60+,15010,7561,7449,41,24,17,0,0,0,22,14,8,8,6,2,3,1,2,8,3,5
C3010,09,46,0000,District - Barabanki  46,Urban,Age not stated,1211,609,602,29,15,14,0,0,0,24,13,11,1,0,1,3,2,1,1,0,1
C3010,09,47,0000,District - Faizabad  47,Total,All ages,2088928,1077472,1011456,486584,283655,202929,455813,261994,193819,28803,20300,8503,884,681,203,698,483,215,386,197,189
C3010,09,47,0000,District - Faizabad  47,Total,0-4,247587,126203,121384,4442,2304,2138,4442,2304,2138,0,0,0,0,0,0,0,0,0,0,0,0
C3010,09,47,0000,District - Faizabad  47,Total,5,70778,37561,33217,12390,6818,5572,12390,6818,5572,0,0,0,0,0,0,0,0,0,0,0,0
C3010,09,47,0000,District - Faizabad  47,Total,6,64082,32871,31211,23949,12942,11007,23949,12942,11007,0,0,0,0,0,0,0,0,0,0,0,0
C3010,09,47,0000,District - Faizabad  47,Total,7,53997,27596,26401,35010,18682,16328,35010,18682,16328,0,0,0,0,0,0,0,0,0,0,0,0
C3010,09,47,0000,District - Faizabad  47,Total,8,78050,40692,37358,55860,30411,25449,55860,30411,25449,0,0,0,0,0,0,0,0,0,0,0,0
C3010,09,47,0000,District - Faizabad  47,Total,9,42504,21872,20632,33687,18068,15619,33687,18068,15619,0,0,0,0,0,0,0,0,0,0,0,0
C3010,09,47,0000,District - Faizabad  47,Total,10,83327,44778,38549,62831,35768,27063,62831,35768,27063,0,0,0,0,0,0,0,0,0,0,0,0
C3010,09,47,0000,District - Faizabad  47,Total,11,32599,17092,15507,26702,14807,11895,26702,14807,11895,0,0,0,0,0,0,0,0,0,0,0,0
C3010,09,47,0000,District - Faizabad  47,Total,12,73320,39492,33828,54517,31846,22671,54517,31846,22671,0,0,0,0,0,0,0,0,0,0,0,0
C3010,09,47,0000,District - Faizabad  47,Total,13,35967,18254,17713,27220,15098,12122,27220,15098,12122,0,0,0,0,0,0,0,0,0,0,0,0
C3010,09,47,0000,District - Faizabad  47,Total,14,47146,24305,22841,31283,18330,12953,31283,18330,12953,0,0,0,0,0,0,0,0,0,0,0,0
C3010,09,47,0000,District - Faizabad  47,Total,15-19,202773,107350,95423,88989,57013,31976,79282,50819,28463,9201,5849,3352,205,155,50,283,182,101,18,8,10
C3010,09,47,0000,District - Faizabad  47,Total,20-24,164759,82842,81917,23861,17065,6796,8640,6101,2539,14824,10678,4146,200,155,45,145,112,33,52,19,33
C3010,09,47,0000,District - Faizabad  47,Total,25-29,145655,72135,73520,3105,2449,656,0,0,0,2751,2186,565,196,153,43,106,89,17,52,21,31
C3010,09,47,0000,District - Faizabad  47,Total,30-34,135003,65777,69226,909,670,239,0,0,0,749,556,193,83,67,16,31,22,9,46,25,21
C3010,09,47,0000,District - Faizabad  47,Total,35-59,449769,234282,215487,1523,1146,377,0,0,0,1081,871,210,167,125,42,106,58,48,169,92,77
C3010,09,47,0000,District - Faizabad  47,Total,60+,158809,82818,75991,275,215,60,0,0,0,169,139,30,31,24,7,27,20,7,48,32,16
C3010,09,47,0000,District - Faizabad  47,Total,Age not stated,2803,1552,1251,31,23,8,0,0,0,28,21,7,2,2,0,0,0,0,1,0,1
C3010,09,47,0000,District - Faizabad  47,Rural,All ages,1807655,925443,882212,406871,239959,166912,386513,224584,161929,18940,14366,4574,607,468,139,470,357,113,341,184,157
C3010,09,47,0000,District - Faizabad  47,Rural,0-4,222367,113135,109232,3434,1780,1654,3434,1780,1654,0,0,0,0,0,0,0,0,0,0,0,0
C3010,09,47,0000,District - Faizabad  47,Rural,5,63406,33693,29713,10305,5682,4623,10305,5682,4623,0,0,0,0,0,0,0,0,0,0,0,0
C3010,09,47,0000,District - Faizabad  47,Rural,6,57205,29364,27841,20828,11305,9523,20828,11305,9523,0,0,0,0,0,0,0,0,0,0,0,0
C3010,09,47,0000,District - Faizabad  47,Rural,7,48044,24596,23448,30658,16467,14191,30658,16467,14191,0,0,0,0,0,0,0,0,0,0,0,0
C3010,09,47,0000,District - Faizabad  47,Rural,8,69030,35999,33031,48896,26749,22147,48896,26749,22147,0,0,0,0,0,0,0,0,0,0,0,0
C3010,09,47,0000,District - Faizabad  47,Rural,9,37751,19396,18355,29774,16009,13765,29774,16009,13765,0,0,0,0,0,0,0,0,0,0,0,0
C3010,09,47,0000,District - Faizabad  47,Rural,10,73029,39185,33844,54555,31214,23341,54555,31214,23341,0,0,0,0,0,0,0,0,0,0,0,0
C3010,09,47,0000,District - Faizabad  47,Rural,11,28086,14717,13369,22828,12750,10078,22828,12750,10078,0,0,0,0,0,0,0,0,0,0,0,0
C3010,09,47,0000,District - Faizabad  47,Rural,12,63851,34346,29505,46902,27690,19212,46902,27690,19212,0,0,0,0,0,0,0,0,0,0,0,0
C3010,09,47,0000,District - Faizabad  47,Rural,13,30479,15481,14998,22682,12785,9897,22682,12785,9897,0,0,0,0,0,0,0,0,0,0,0,0
C3010,09,47,0000,District - Faizabad  47,Rural,14,40222,20714,19508,26008,15538,10470,26008,15538,10470,0,0,0,0,0,0,0,0,0,0,0,0
C3010,09,47,0000,District - Faizabad  47,Rural,15-19,169692,88995,80697,69683,46452,23231,62987,41838,21149,6318,4348,1970,153,117,36,207,141,66,18,8,10
C3010,09,47,0000,District - Faizabad  47,Rural,20-24,137932,67380,70552,16462,12408,4054,6656,4777,1879,9529,7432,2097,134,103,31,100,81,19,43,15,28
C3010,09,47,0000,District - Faizabad  47,Rural,25-29,124555,60910,63645,2033,1668,365,0,0,0,1784,1480,304,129,103,26,72,64,8,48,21,27
C3010,09,47,0000,District - Faizabad  47,Rural,30-34,116193,55873,60320,633,495,138,0,0,0,516,408,108,54,46,8,21,18,3,42,23,19
C3010,09,47,0000,District - Faizabad  47,Rural,35-59,384076,197993,186083,1000,813,187,0,0,0,682,605,77,112,80,32,54,40,14,152,88,64
C3010,09,47,0000,District - Faizabad  47,Rural,60+,139229,72284,66945,163,135,28,0,0,0,87,76,11,23,17,6,16,13,3,37,29,8
C3010,09,47,0000,District - Faizabad  47,Rural,Age not stated,2508,1382,1126,27,19,8,0,0,0,24,17,7,2,2,0,0,0,0,1,0,1
C3010,09,47,0000,District - Faizabad  47,Urban,All ages,281273,152029,129244,79713,43696,36017,69300,37410,31890,9863,5934,3929,277,213,64,228,126,102,45,13,32
C3010,09,47,0000,District - Faizabad  47,Urban,0-4,25220,13068,12152,1008,524,484,1008,524,484,0,0,0,0,0,0,0,0,0,0,0,0
C3010,09,47,0000,District - Faizabad  47,Urban,5,7372,3868,3504,2085,1136,949,2085,1136,949,0,0,0,0,0,0,0,0,0,0,0,0
C3010,09,47,0000,District - Faizabad  47,Urban,6,6877,3507,3370,3121,1637,1484,3121,1637,1484,0,0,0,0,0,0,0,0,0,0,0,0
C3010,09,47,0000,District - Faizabad  47,Urban,7,5953,3000,2953,4352,2215,2137,4352,2215,2137,0,0,0,0,0,0,0,0,0,0,0,0
C3010,09,47,0000,District - Faizabad  47,Urban,8,9020,4693,4327,6964,3662,3302,6964,3662,3302,0,0,0,0,0,0,0,0,0,0,0,0
C3010,09,47,0000,District - Faizabad  47,Urban,9,4753,2476,2277,3913,2059,1854,3913,2059,1854,0,0,0,0,0,0,0,0,0,0,0,0
C3010,09,47,0000,District - Faizabad  47,Urban,10,10298,5593,4705,8276,4554,3722,8276,4554,3722,0,0,0,0,0,0,0,0,0,0,0,0
C3010,09,47,0000,District - Faizabad  47,Urban,11,4513,2375,2138,3874,2057,1817,3874,2057,1817,0,0,0,0,0,0,0,0,0,0,0,0
C3010,09,47,0000,District - Faizabad  47,Urban,12,9469,5146,4323,7615,4156,3459,7615,4156,3459,0,0,0,0,0,0,0,0,0,0,0,0
C3010,09,47,0000,District - Faizabad  47,Urban,13,5488,2773,2715,4538,2313,2225,4538,2313,2225,0,0,0,0,0,0,0,0,0,0,0,0
C3010,09,47,0000,District - Faizabad  47,Urban,14,6924,3591,3333,5275,2792,2483,5275,2792,2483,0,0,0,0,0,0,0,0,0,0,0,0
C3010,09,47,0000,District - Faizabad  47,Urban,15-19,33081,18355,14726,19306,10561,8745,16295,8981,7314,2883,1501,1382,52,38,14,76,41,35,0,0,0
C3010,09,47,0000,District - Faizabad  47,Urban,20-24,26827,15462,11365,7399,4657,2742,1984,1324,660,5295,3246,2049,66,52,14,45,31,14,9,4,5
C3010,09,47,0000,District - Faizabad  47,Urban,25-29,21100,11225,9875,1072,781,291,0,0,0,967,706,261,67,50,17,34,25,9,4,0,4
C3010,09,47,0000,District - Faizabad  47,Urban,30-34,18810,9904,8906,276,175,101,0,0,0,233,148,85,29,21,8,10,4,6,4,2,2
C3010,09,47,0000,District - Faizabad  47,Urban,35-59,65693,36289,29404,523,333,190,0,0,0,399,266,133,55,45,10,52,18,34,17,4,13
C3010,09,47,0000,District - Faizabad  47,Urban,60+,19580,10534,9046,112,80,32,0,0,0,82,63,19,8,7,1,11,7,4,11,3,8
C3010,09,47,0000,District - Faizabad  47,Urban,Age not stated,295,170,125,4,4,0,0,0,0,4,4,0,0,0,0,0,0,0,0,0,0
C3010,09,48,0000,District - Ambedkar Nagar *  48,Total,All ages,2026876,1024953,1001923,508706,283498,225208,476109,261862,214247,30435,20154,10281,1012,726,286,845,615,230,305,141,164
C3010,09,48,0000,District - Ambedkar Nagar *  48,Total,0-4,255361,130569,124792,3925,1979,1946,3925,1979,1946,0,0,0,0,0,0,0,0,0,0,0,0
C3010,09,48,0000,District - Ambedkar Nagar *  48,Total,5,70747,37330,33417,9172,4867,4305,9172,4867,4305,0,0,0,0,0,0,0,0,0,0,0,0
C3010,09,48,0000,District - Ambedkar Nagar *  48,Total,6,67072,34534,32538,18840,10013,8827,18840,10013,8827,0,0,0,0,0,0,0,0,0,0,0,0
C3010,09,48,0000,District - Ambedkar Nagar *  48,Total,7,53302,27458,25844,32755,17368,15387,32755,17368,15387,0,0,0,0,0,0,0,0,0,0,0,0
C3010,09,48,0000,District - Ambedkar Nagar *  48,Total,8,77411,40271,37140,56207,30111,26096,56207,30111,26096,0,0,0,0,0,0,0,0,0,0,0,0
C3010,09,48,0000,District - Ambedkar Nagar *  48,Total,9,44737,23058,21679,36914,19547,17367,36914,19547,17367,0,0,0,0,0,0,0,0,0,0,0,0
C3010,09,48,0000,District - Ambedkar Nagar *  48,Total,10,82843,43688,39155,65985,36018,29967,65985,36018,29967,0,0,0,0,0,0,0,0,0,0,0,0
C3010,09,48,0000,District - Ambedkar Nagar *  48,Total,11,33386,17545,15841,28802,15596,13206,28802,15596,13206,0,0,0,0,0,0,0,0,0,0,0,0
C3010,09,48,0000,District - Ambedkar Nagar *  48,Total,12,69250,36222,33028,55618,30541,25077,55618,30541,25077,0,0,0,0,0,0,0,0,0,0,0,0
C3010,09,48,0000,District - Ambedkar Nagar *  48,Total,13,39357,19745,19612,31385,16800,14585,31385,16800,14585,0,0,0,0,0,0,0,0,0,0,0,0
C3010,09,48,0000,District - Ambedkar Nagar *  48,Total,14,47453,23535,23918,34496,18655,15841,34496,18655,15841,0,0,0,0,0,0,0,0,0,0,0,0
C3010,09,48,0000,District - Ambedkar Nagar *  48,Total,15-19,198057,99901,98156,101521,59260,42261,91419,53561,37858,9431,5254,4177,204,129,75,450,310,140,17,6,11
C3010,09,48,0000,District - Ambedkar Nagar *  48,Total,20-24,153265,72205,81060,26973,17991,8982,10591,6806,3785,15968,10902,5066,238,173,65,138,99,39,38,11,27
C3010,09,48,0000,District - Ambedkar Nagar *  48,Total,25-29,133659,63304,70355,3352,2609,743,0,0,0,2961,2300,661,223,191,32,120,99,21,48,19,29
C3010,09,48,0000,District - Ambedkar Nagar *  48,Total,30-34,124039,57455,66584,991,766,225,0,0,0,802,637,165,107,73,34,50,42,8,32,14,18
C3010,09,48,0000,District - Ambedkar Nagar *  48,Total,35-59,410719,209667,201052,1398,1114,284,0,0,0,1024,874,150,184,130,54,59,45,14,131,65,66
C3010,09,48,0000,District - Ambedkar Nagar *  48,Total,60+,159318,84762,74556,294,208,86,0,0,0,181,140,41,53,28,25,22,15,7,38,25,13
C3010,09,48,0000,District - Ambedkar Nagar *  48,Total,Age not stated,6900,3704,3196,78,55,23,0,0,0,68,47,21,3,2,1,6,5,1,1,1,0
C3010,09,48,0000,District - Ambedkar Nagar *  48,Rural,All ages,1845783,930846,914937,458232,257086,201146,429300,237594,191706,27146,18308,8838,873,613,260,632,442,190,281,129,152
C3010,09,48,0000,District - Ambedkar Nagar *  48,Rural,0-4,234756,120055,114701,3542,1783,1759,3542,1783,1759,0,0,0,0,0,0,0,0,0,0,0,0
C3010,09,48,0000,District - Ambedkar Nagar *  48,Rural,5,65394,34484,30910,8323,4424,3899,8323,4424,3899,0,0,0,0,0,0,0,0,0,0,0,0
C3010,09,48,0000,District - Ambedkar Nagar *  48,Rural,6,61445,31609,29836,17072,9076,7996,17072,9076,7996,0,0,0,0,0,0,0,0,0,0,0,0
C3010,09,48,0000,District - Ambedkar Nagar *  48,Rural,7,49006,25172,23834,29920,15858,14062,29920,15858,14062,0,0,0,0,0,0,0,0,0,0,0,0
C3010,09,48,0000,District - Ambedkar Nagar *  48,Rural,8,70544,36754,33790,50975,27397,23578,50975,27397,23578,0,0,0,0,0,0,0,0,0,0,0,0
C3010,09,48,0000,District - Ambedkar Nagar *  48,Rural,9,40794,20942,19852,33613,17760,15853,33613,17760,15853,0,0,0,0,0,0,0,0,0,0,0,0
C3010,09,48,0000,District - Ambedkar Nagar *  48,Rural,10,75359,39730,35629,59870,32757,27113,59870,32757,27113,0,0,0,0,0,0,0,0,0,0,0,0
C3010,09,48,0000,District - Ambedkar Nagar *  48,Rural,11,30151,15850,14301,25979,14118,11861,25979,14118,11861,0,0,0,0,0,0,0,0,0,0,0,0
C3010,09,48,0000,District - Ambedkar Nagar *  48,Rural,12,62621,32760,29861,50215,27702,22513,50215,27702,22513,0,0,0,0,0,0,0,0,0,0,0,0
C3010,09,48,0000,District - Ambedkar Nagar *  48,Rural,13,35584,17874,17710,28348,15279,13069,28348,15279,13069,0,0,0,0,0,0,0,0,0,0,0,0
C3010,09,48,0000,District - Ambedkar Nagar *  48,Rural,14,42233,20949,21284,30686,16761,13925,30686,16761,13925,0,0,0,0,0,0,0,0,0,0,0,0
C3010,09,48,0000,District - Ambedkar Nagar *  48,Rural,15-19,176794,89068,87726,90461,53814,36647,81483,48665,32818,8487,4853,3634,179,107,72,300,186,114,12,3,9
C3010,09,48,0000,District - Ambedkar Nagar *  48,Rural,20-24,136582,63082,73500,23637,15997,7640,9274,6014,3260,14042,9769,4273,185,133,52,102,71,31,34,10,24
C3010,09,48,0000,District - Ambedkar Nagar *  48,Rural,25-29,121990,57239,64751,3021,2354,667,0,0,0,2685,2092,593,187,160,27,105,86,19,44,16,28
C3010,09,48,0000,District - Ambedkar Nagar *  48,Rural,30-34,113032,52057,60975,922,717,205,0,0,0,749,600,149,96,65,31,46,38,8,31,14,17
C3010,09,48,0000,District - Ambedkar Nagar *  48,Rural,35-59,374331,190369,183962,1299,1042,257,0,0,0,948,819,129,173,120,53,55,43,12,123,60,63
C3010,09,48,0000,District - Ambedkar Nagar *  48,Rural,60+,148622,79350,69272,274,194,80,0,0,0,168,129,39,51,26,25,19,14,5,36,25,11
C3010,09,48,0000,District - Ambedkar Nagar *  48,Rural,Age not stated,6545,3502,3043,75,53,22,0,0,0,67,46,21,2,2,0,5,4,1,1,1,0
C3010,09,48,0000,District - Ambedkar Nagar *  48,Urban,All ages,181093,94107,86986,50474,26412,24062,46809,24268,22541,3289,1846,1443,139,113,26,213,173,40,24,12,12
C3010,09,48,0000,District - Ambedkar Nagar *  48,Urban,0-4,20605,10514,10091,383,196,187,383,196,187,0,0,0,0,0,0,0,0,0,0,0,0
C3010,09,48,0000,District - Ambedkar Nagar *  48,Urban,5,5353,2846,2507,849,443,406,849,443,406,0,0,0,0,0,0,0,0,0,0,0,0
C3010,09,48,0000,District - Ambedkar Nagar *  48,Urban,6,5627,2925,2702,1768,937,831,1768,937,831,0,0,0,0,0,0,0,0,0,0,0,0
C3010,09,48,0000,District - Ambedkar Nagar *  48,Urban,7,4296,2286,2010,2835,1510,1325,2835,1510,1325,0,0,0,0,0,0,0,0,0,0,0,0
C3010,09,48,0000,District - Ambedkar Nagar *  48,Urban,8,6867,3517,3350,5232,2714,2518,5232,2714,2518,0,0,0,0,0,0,0,0,0,0,0,0
C3010,09,48,0000,District - Ambedkar Nagar *  48,Urban,9,3943,2116,1827,3301,1787,1514,3301,1787,1514,0,0,0,0,0,0,0,0,0,0,0,0
C3010,09,48,0000,District - Ambedkar Nagar *  48,Urban,10,7484,3958,3526,6115,3261,2854,6115,3261,2854,0,0,0,0,0,0,0,0,0,0,0,0
C3010,09,48,0000,District - Ambedkar Nagar *  48,Urban,11,3235,1695,1540,2823,1478,1345,2823,1478,1345,0,0,0,0,0,0,0,0,0,0,0,0
C3010,09,48,0000,District - Ambedkar Nagar *  48,Urban,12,6629,3462,3167,5403,2839,2564,5403,2839,2564,0,0,0,0,0,0,0,0,0,0,0,0
C3010,09,48,0000,District - Ambedkar Nagar *  48,Urban,13,3773,1871,1902,3037,1521,1516,3037,1521,1516,0,0,0,0,0,0,0,0,0,0,0,0
C3010,09,48,0000,District - Ambedkar Nagar *  48,Urban,14,5220,2586,2634,3810,1894,1916,3810,1894,1916,0,0,0,0,0,0,0,0,0,0,0,0
C3010,09,48,0000,District - Ambedkar Nagar *  48,Urban,15-19,21263,10833,10430,11060,5446,5614,9936,4896,5040,944,401,543,25,22,3,150,124,26,5,3,2
C3010,09,48,0000,District - Ambedkar Nagar *  48,Urban,20-24,16683,9123,7560,3336,1994,1342,1317,792,525,1926,1133,793,53,40,13,36,28,8,4,1,3
C3010,09,48,0000,District - Ambedkar Nagar *  48,Urban,25-29,11669,6065,5604,331,255,76,0,0,0,276,208,68,36,31,5,15,13,2,4,3,1
C3010,09,48,0000,District - Ambedkar Nagar *  48,Urban,30-34,11007,5398,5609,69,49,20,0,0,0,53,37,16,11,8,3,4,4,0,1,0,1
C3010,09,48,0000,District - Ambedkar Nagar *  48,Urban,35-59,36388,19298,17090,99,72,27,0,0,0,76,55,21,11,10,1,4,2,2,8,5,3
C3010,09,48,0000,District - Ambedkar Nagar *  48,Urban,60+,10696,5412,5284,20,14,6,0,0,0,13,11,2,2,2,0,3,1,2,2,0,2
C3010,09,48,0000,District - Ambedkar Nagar *  48,Urban,Age not stated,355,202,153,3,2,1,0,0,0,1,1,0,1,0,1,1,1,0,0,0,0
C3010,09,49,0000,District - Sultanpur  49,Total,All ages,3214832,1623819,1591013,747801,438827,308974,705169,407795,297374,38387,28265,10122,1775,1326,449,1488,1013,475,982,428,554
C3010,09,49,0000,District - Sultanpur  49,Total,0-4,403689,206255,197434,6017,3138,2879,6017,3138,2879,0,0,0,0,0,0,0,0,0,0,0,0
C3010,09,49,0000,District - Sultanpur  49,Total,5,114850,61041,53809,15064,8384,6680,15064,8384,6680,0,0,0,0,0,0,0,0,0,0,0,0
C3010,09,49,0000,District - Sultanpur  49,Total,6,98322,50588,47734,31741,17081,14660,31741,17081,14660,0,0,0,0,0,0,0,0,0,0,0,0
C3010,09,49,0000,District - Sultanpur  49,Total,7,86262,44167,42095,53446,28722,24724,53446,28722,24724,0,0,0,0,0,0,0,0,0,0,0,0
C3010,09,49,0000,District - Sultanpur  49,Total,8,119093,62012,57081,86424,47264,39160,86424,47264,39160,0,0,0,0,0,0,0,0,0,0,0,0
C3010,09,49,0000,District - Sultanpur  49,Total,9,69366,35786,33580,55921,30190,25731,55921,30190,25731,0,0,0,0,0,0,0,0,0,0,0,0
C3010,09,49,0000,District - Sultanpur  49,Total,10,131873,70148,61725,101987,57575,44412,101987,57575,44412,0,0,0,0,0,0,0,0,0,0,0,0
C3010,09,49,0000,District - Sultanpur  49,Total,11,51985,27401,24584,43310,24122,19188,43310,24122,19188,0,0,0,0,0,0,0,0,0,0,0,0
C3010,09,49,0000,District - Sultanpur  49,Total,12,111889,59295,52594,85687,49453,36234,85687,49453,36234,0,0,0,0,0,0,0,0,0,0,0,0
C3010,09,49,0000,District - Sultanpur  49,Total,13,58910,30082,28828,44810,25380,19430,44810,25380,19430,0,0,0,0,0,0,0,0,0,0,0,0
C3010,09,49,0000,District - Sultanpur  49,Total,14,70018,35882,34136,47425,28190,19235,47425,28190,19235,0,0,0,0,0,0,0,0,0,0,0,0
C3010,09,49,0000,District - Sultanpur  49,Total,15-19,303762,157981,145781,134422,89043,45379,119964,79230,40734,13243,8971,4272,455,327,128,699,492,207,61,23,38
C3010,09,49,0000,District - Sultanpur  49,Total,20-24,247414,115453,131961,33354,24052,9302,13373,9066,4307,19194,14453,4741,408,311,97,260,183,77,119,39,80
C3010,09,49,0000,District - Sultanpur  49,Total,25-29,214545,101451,113094,3991,3196,795,0,0,0,3334,2705,629,386,321,65,164,131,33,107,39,68
C3010,09,49,0000,District - Sultanpur  49,Total,30-34,197307,91186,106121,1209,884,325,0,0,0,882,687,195,143,114,29,68,38,30,116,45,71
C3010,09,49,0000,District - Sultanpur  49,Total,35-59,661355,332719,328636,2171,1631,540,0,0,0,1314,1143,171,274,186,88,180,107,73,403,195,208
C3010,09,49,0000,District - Sultanpur  49,Total,60+,256780,133361,123419,549,360,189,0,0,0,237,194,43,91,56,35,60,27,33,161,83,78
C3010,09,49,0000,District - Sultanpur  49,Total,Age not stated,17412,9011,8401,273,162,111,0,0,0,183,112,71,18,11,7,57,35,22,15,4,11
C3010,09,49,0000,District - Sultanpur  49,Rural,All ages,3062574,1543351,1519223,700249,412528,287721,663936,385339,278597,32699,24903,7796,1512,1126,386,1160,746,414,942,414,528
C3010,09,49,0000,District - Sultanpur  49,Rural,0-4,388897,198566,190331,5506,2865,2641,5506,2865,2641,0,0,0,0,0,0,0,0,0,0,0,0
C3010,09,49,0000,District - Sultanpur  49,Rural,5,110707,58808,51899,14037,7790,6247,14037,7790,6247,0,0,0,0,0,0,0,0,0,0,0,0
C3010,09,49,0000,District - Sultanpur  49,Rural,6,94456,48535,45921,29998,16148,13850,29998,16148,13850,0,0,0,0,0,0,0,0,0,0,0,0
C3010,09,49,0000,District - Sultanpur  49,Rural,7,82677,42287,40390,50667,27247,23420,50667,27247,23420,0,0,0,0,0,0,0,0,0,0,0,0
C3010,09,49,0000,District - Sultanpur  49,Rural,8,114118,59382,54736,82315,45046,37269,82315,45046,37269,0,0,0,0,0,0,0,0,0,0,0,0
C3010,09,49,0000,District - Sultanpur  49,Rural,9,66314,34226,32088,53238,28789,24449,53238,28789,24449,0,0,0,0,0,0,0,0,0,0,0,0
C3010,09,49,0000,District - Sultanpur  49,Rural,10,126008,66945,59063,96967,54799,42168,96967,54799,42168,0,0,0,0,0,0,0,0,0,0,0,0
C3010,09,49,0000,District - Sultanpur  49,Rural,11,49168,25888,23280,40752,22728,18024,40752,22728,18024,0,0,0,0,0,0,0,0,0,0,0,0
C3010,09,49,0000,District - Sultanpur  49,Rural,12,106636,56445,50191,81181,46968,34213,81181,46968,34213,0,0,0,0,0,0,0,0,0,0,0,0
C3010,09,49,0000,District - Sultanpur  49,Rural,13,55578,28333,27245,41918,23849,18069,41918,23849,18069,0,0,0,0,0,0,0,0,0,0,0,0
C3010,09,49,0000,District - Sultanpur  49,Rural,14,66065,33810,32255,44192,26483,17709,44192,26483,17709,0,0,0,0,0,0,0,0,0,0,0,0
C3010,09,49,0000,District - Sultanpur  49,Rural,15-19,286421,148573,137848,123167,82838,40329,110794,74195,36599,11437,8038,3399,380,269,111,498,314,184,58,22,36
C3010,09,49,0000,District - Sultanpur  49,Rural,20-24,233350,107956,125394,29044,21383,7661,12371,8432,3939,16031,12520,3511,326,250,76,204,145,59,112,36,76
C3010,09,49,0000,District - Sultanpur  49,Rural,25-29,203613,95776,107837,3442,2787,655,0,0,0,2883,2370,513,319,267,52,137,112,25,103,38,65
C3010,09,49,0000,District - Sultanpur  49,Rural,30-34,187298,86262,101036,1105,813,292,0,0,0,808,636,172,128,100,28,62,33,29,107,44,63
C3010,09,49,0000,District - Sultanpur  49,Rural,35-59,626903,314207,312696,1993,1525,468,0,0,0,1181,1059,122,255,177,78,168,101,67,389,188,201
C3010,09,49,0000,District - Sultanpur  49,Rural,60+,248054,128914,119140,524,348,176,0,0,0,219,185,34,88,54,34,59,27,32,158,82,76
C3010,09,49,0000,District - Sultanpur  49,Rural,Age not stated,16311,8438,7873,203,122,81,0,0,0,140,95,45,16,9,7,32,14,18,15,4,11
C3010,09,49,0000,District - Sultanpur  49,Urban,All ages,152258,80468,71790,47552,26299,21253,41233,22456,18777,5688,3362,2326,263,200,63,328,267,61,40,14,26
C3010,09,49,0000,District - Sultanpur  49,Urban,0-4,14792,7689,7103,511,273,238,511,273,238,0,0,0,0,0,0,0,0,0,0,0,0
C3010,09,49,0000,District - Sultanpur  49,Urban,5,4143,2233,1910,1027,594,433,1027,594,433,0,0,0,0,0,0,0,0,0,0,0,0
C3010,09,49,0000,District - Sultanpur  49,Urban,6,3866,2053,1813,1743,933,810,1743,933,810,0,0,0,0,0,0,0,0,0,0,0,0
C3010,09,49,0000,District - Sultanpur  49,Urban,7,3585,1880,1705,2779,1475,1304,2779,1475,1304,0,0,0,0,0,0,0,0,0,0,0,0
C3010,09,49,0000,District - Sultanpur  49,Urban,8,4975,2630,2345,4109,2218,1891,4109,2218,1891,0,0,0,0,0,0,0,0,0,0,0,0
C3010,09,49,0000,District - Sultanpur  49,Urban,9,3052,1560,1492,2683,1401,1282,2683,1401,1282,0,0,0,0,0,0,0,0,0,0,0,0
C3010,09,49,0000,District - Sultanpur  49,Urban,10,5865,3203,2662,5020,2776,2244,5020,2776,2244,0,0,0,0,0,0,0,0,0,0,0,0
C3010,09,49,0000,District - Sultanpur  49,Urban,11,2817,1513,1304,2558,1394,1164,2558,1394,1164,0,0,0,0,0,0,0,0,0,0,0,0
C3010,09,49,0000,District - Sultanpur  49,Urban,12,5253,2850,2403,4506,2485,2021,4506,2485,2021,0,0,0,0,0,0,0,0,0,0,0,0
C3010,09,49,0000,District - Sultanpur  49,Urban,13,3332,1749,1583,2892,1531,1361,2892,1531,1361,0,0,0,0,0,0,0,0,0,0,0,0
C3010,09,49,0000,District - Sultanpur  49,Urban,14,3953,2072,1881,3233,1707,1526,3233,1707,1526,0,0,0,0,0,0,0,0,0,0,0,0
C3010,09,49,0000,District - Sultanpur  49,Urban,15-19,17341,9408,7933,11255,6205,5050,9170,5035,4135,1806,933,873,75,58,17,201,178,23,3,1,2
C3010,09,49,0000,District - Sultanpur  49,Urban,20-24,14064,7497,6567,4310,2669,1641,1002,634,368,3163,1933,1230,82,61,21,56,38,18,7,3,4
C3010,09,49,0000,District - Sultanpur  49,Urban,25-29,10932,5675,5257,549,409,140,0,0,0,451,335,116,67,54,13,27,19,8,4,1,3
C3010,09,49,0000,District - Sultanpur  49,Urban,30-34,10009,4924,5085,104,71,33,0,0,0,74,51,23,15,14,1,6,5,1,9,1,8
C3010,09,49,0000,District - Sultanpur  49,Urban,35-59,34452,18512,15940,178,106,72,0,0,0,133,84,49,19,9,10,12,6,6,14,7,7
C3010,09,49,0000,District - Sultanpur  49,Urban,60+,8726,4447,4279,25,12,13,0,0,0,18,9,9,3,2,1,1,0,1,3,1,2
C3010,09,49,0000,District - Sultanpur  49,Urban,Age not stated,1101,573,528,70,40,30,0,0,0,43,17,26,2,2,0,25,21,4,0,0,0
C3010,09,50,0000,District - Bahraich  50,Total,All ages,2381072,1275351,1105721,314180,200286,113894,296937,187649,109288,14177,10366,3811,839,585,254,1768,1414,354,459,272,187
C3010,09,50,0000,District - Bahraich  50,Total,0-4,315586,158161,157425,3816,2048,1768,3816,2048,1768,0,0,0,0,0,0,0,0,0,0,0,0
C3010,09,50,0000,District - Bahraich  50,Total,5,89859,47370,42489,8348,4801,3547,8348,4801,3547,0,0,0,0,0,0,0,0,0,0,0,0
C3010,09,50,0000,District - Bahraich  50,Total,6,81673,41777,39896,15374,8629,6745,15374,8629,6745,0,0,0,0,0,0,0,0,0,0,0,0
C3010,09,50,0000,District - Bahraich  50,Total,7,59629,30817,28812,21364,12269,9095,21364,12269,9095,0,0,0,0,0,0,0,0,0,0,0,0
C3010,09,50,0000,District - Bahraich  50,Total,8,103386,55618,47768,41362,24740,16622,41362,24740,16622,0,0,0,0,0,0,0,0,0,0,0,0
C3010,09,50,0000,District - Bahraich  50,Total,9,43113,22697,20416,21308,12556,8752,21308,12556,8752,0,0,0,0,0,0,0,0,0,0,0,0
C3010,09,50,0000,District - Bahraich  50,Total,10,110871,62787,48084,48652,30897,17755,48652,30897,17755,0,0,0,0,0,0,0,0,0,0,0,0
C3010,09,50,0000,District - Bahraich  50,Total,11,27820,15389,12431,14865,9240,5625,14865,9240,5625,0,0,0,0,0,0,0,0,0,0,0,0
C3010,09,50,0000,District - Bahraich  50,Total,12,84550,48949,35601,37553,24689,12864,37553,24689,12864,0,0,0,0,0,0,0,0,0,0,0,0
C3010,09,50,0000,District - Bahraich  50,Total,13,34765,19159,15606,15880,10128,5752,15880,10128,5752,0,0,0,0,0,0,0,0,0,0,0,0
C3010,09,50,0000,District - Bahraich  50,Total,14,39524,22290,17234,16100,10360,5740,16100,10360,5740,0,0,0,0,0,0,0,0,0,0,0,0
C3010,09,50,0000,District - Bahraich  50,Total,15-19,200122,120346,79776,50085,35231,14854,44657,31542,13115,4220,2738,1482,195,136,59,977,796,181,36,19,17
C3010,09,50,0000,District - Bahraich  50,Total,20-24,186918,97626,89292,14890,11060,3830,7658,5750,1908,6720,4913,1807,154,123,31,289,239,50,69,35,34
C3010,09,50,0000,District - Bahraich  50,Total,25-29,179119,92890,86229,1904,1510,394,0,0,0,1529,1251,278,152,107,45,159,118,41,64,34,30
C3010,09,50,0000,District - Bahraich  50,Total,30-34,163830,84057,79773,788,623,165,0,0,0,574,480,94,72,50,22,86,65,21,56,28,28
C3010,09,50,0000,District - Bahraich  50,Total,35-59,495154,266568,228586,1558,1256,302,0,0,0,997,868,129,194,123,71,189,150,39,178,115,63
C3010,09,50,0000,District - Bahraich  50,Total,60+,157909,84668,73241,273,209,64,0,0,0,113,97,16,57,36,21,51,38,13,52,38,14
C3010,09,50,0000,District - Bahraich  50,Total,Age not stated,7244,4182,3062,60,40,20,0,0,0,24,19,5,15,10,5,17,8,9,4,3,1
C3010,09,50,0000,District - Bahraich  50,Rural,All ages,2143074,1149080,993994,253011,167281,85730,242150,158532,83618,8599,7158,1441,641,434,207,1197,903,294,424,254,170
C3010,09,50,0000,District - Bahraich  50,Rural,0-4,289239,144641,144598,2914,1620,1294,2914,1620,1294,0,0,0,0,0,0,0,0,0,0,0,0
C3010,09,50,0000,District - Bahraich  50,Rural,5,82863,43659,39204,6727,3928,2799,6727,3928,2799,0,0,0,0,0,0,0,0,0,0,0,0
C3010,09,50,0000,District - Bahraich  50,Rural,6,74642,38202,36440,12793,7321,5472,12793,7321,5472,0,0,0,0,0,0,0,0,0,0,0,0
C3010,09,50,0000,District - Bahraich  50,Rural,7,54317,28072,26245,17926,10510,7416,17926,10510,7416,0,0,0,0,0,0,0,0,0,0,0,0
C3010,09,50,0000,District - Bahraich  50,Rural,8,94574,50904,43670,35457,21598,13859,35457,21598,13859,0,0,0,0,0,0,0,0,0,0,0,0
C3010,09,50,0000,District - Bahraich  50,Rural,9,38847,20475,18372,18085,10892,7193,18085,10892,7193,0,0,0,0,0,0,0,0,0,0,0,0
C3010,09,50,0000,District - Bahraich  50,Rural,10,101198,57515,43683,41844,27244,14600,41844,27244,14600,0,0,0,0,0,0,0,0,0,0,0,0
C3010,09,50,0000,District - Bahraich  50,Rural,11,24129,13391,10738,11952,7675,4277,11952,7675,4277,0,0,0,0,0,0,0,0,0,0,0,0
C3010,09,50,0000,District - Bahraich  50,Rural,12,75703,44073,31630,31242,21268,9974,31242,21268,9974,0,0,0,0,0,0,0,0,0,0,0,0
C3010,09,50,0000,District - Bahraich  50,Rural,13,30298,16852,13446,12569,8430,4139,12569,8430,4139,0,0,0,0,0,0,0,0,0,0,0,0
C3010,09,50,0000,District - Bahraich  50,Rural,14,33344,18944,14400,11964,8217,3747,11964,8217,3747,0,0,0,0,0,0,0,0,0,0,0,0
C3010,09,50,0000,District - Bahraich  50,Rural,15-19,173021,105141,67880,35873,27540,8333,32774,25177,7597,2342,1809,533,135,100,35,586,435,151,36,19,17
C3010,09,50,0000,District - Bahraich  50,Rural,20-24,165096,85548,79548,10043,8065,1978,5903,4652,1251,3792,3158,634,107,84,23,178,140,38,63,31,32
C3010,09,50,0000,District - Bahraich  50,Rural,25-29,161335,83682,77653,1368,1143,225,0,0,0,1070,945,125,106,70,36,134,98,36,58,30,28
C3010,09,50,0000,District - Bahraich  50,Rural,30-34,148203,76174,72029,652,524,128,0,0,0,463,399,64,57,38,19,80,61,19,52,26,26
C3010,09,50,0000,District - Bahraich  50,Rural,35-59,444934,239824,205110,1329,1099,230,0,0,0,827,753,74,173,105,68,163,131,32,166,110,56
C3010,09,50,0000,District - Bahraich  50,Rural,60+,144452,78007,66445,220,170,50,0,0,0,87,78,9,48,27,21,39,30,9,46,35,11
C3010,09,50,0000,District - Bahraich  50,Rural,Age not stated,6879,3976,2903,53,37,16,0,0,0,18,16,2,15,10,5,17,8,9,3,3,0
C3010,09,50,0000,District - Bahraich  50,Urban,All ages,237998,126271,111727,61169,33005,28164,54787,29117,25670,5578,3208,2370,198,151,47,571,511,60,35,18,17
C3010,09,50,0000,District - Bahraich  50,Urban,0-4,26347,13520,12827,902,428,474,902,428,474,0,0,0,0,0,0,0,0,0,0,0,0
C3010,09,50,0000,District - Bahraich  50,Urban,5,6996,3711,3285,1621,873,748,1621,873,748,0,0,0,0,0,0,0,0,0,0,0,0
C3010,09,50,0000,District - Bahraich  50,Urban,6,7031,3575,3456,2581,1308,1273,2581,1308,1273,0,0,0,0,0,0,0,0,0,0,0,0
C3010,09,50,0000,District - Bahraich  50,Urban,7,5312,2745,2567,3438,1759,1679,3438,1759,1679,0,0,0,0,0,0,0,0,0,0,0,0
C3010,09,50,0000,District - Bahraich  50,Urban,8,8812,4714,4098,5905,3142,2763,5905,3142,2763,0,0,0,0,0,0,0,0,0,0,0,0
C3010,09,50,0000,District - Bahraich  50,Urban,9,4266,2222,2044,3223,1664,1559,3223,1664,1559,0,0,0,0,0,0,0,0,0,0,0,0
C3010,09,50,0000,District - Bahraich  50,Urban,10,9673,5272,4401,6808,3653,3155,6808,3653,3155,0,0,0,0,0,0,0,0,0,0,0,0
C3010,09,50,0000,District - Bahraich  50,Urban,11,3691,1998,1693,2913,1565,1348,2913,1565,1348,0,0,0,0,0,0,0,0,0,0,0,0
C3010,09,50,0000,District - Bahraich  50,Urban,12,8847,4876,3971,6311,3421,2890,6311,3421,2890,0,0,0,0,0,0,0,0,0,0,0,0
C3010,09,50,0000,District - Bahraich  50,Urban,13,4467,2307,2160,3311,1698,1613,3311,1698,1613,0,0,0,0,0,0,0,0,0,0,0,0
C3010,09,50,0000,District - Bahraich  50,Urban,14,6180,3346,2834,4136,2143,1993,4136,2143,1993,0,0,0,0,0,0,0,0,0,0,0,0
C3010,09,50,0000,District - Bahraich  50,Urban,15-19,27101,15205,11896,14212,7691,6521,11883,6365,5518,1878,929,949,60,36,24,391,361,30,0,0,0
C3010,09,50,0000,District - Bahraich  50,Urban,20-24,21822,12078,9744,4847,2995,1852,1755,1098,657,2928,1755,1173,47,39,8,111,99,12,6,4,2
C3010,09,50,0000,District - Bahraich  50,Urban,25-29,17784,9208,8576,536,367,169,0,0,0,459,306,153,46,37,9,25,20,5,6,4,2
C3010,09,50,0000,District - Bahraich  50,Urban,30-34,15627,7883,7744,136,99,37,0,0,0,111,81,30,15,12,3,6,4,2,4,2,2
C3010,09,50,0000,District - Bahraich  50,Urban,35-59,50220,26744,23476,229,157,72,0,0,0,170,115,55,21,18,3,26,19,7,12,5,7
C3010,09,50,0000,District - Bahraich  50,Urban,60+,13457,6661,6796,53,39,14,0,0,0,26,19,7,9,9,0,12,8,4,6,3,3
C3010,09,50,0000,District - Bahraich  50,Urban,Age not stated,365,206,159,7,3,4,0,0,0,6,3,3,0,0,0,0,0,0,1,0,1
C3010,09,51,0000,District - Shrawasti *  51,Total,All ages,1176391,631916,544475,144848,98825,46023,137986,93156,44830,5788,4891,897,271,196,75,637,474,163,166,108,58
C3010,09,51,0000,District - Shrawasti *  51,Total,0-4,151813,76720,75093,1501,859,642,1501,859,642,0,0,0,0,0,0,0,0,0,0,0,0
C3010,09,51,0000,District - Shrawasti *  51,Total,5,44924,24296,20628,3940,2399,1541,3940,2399,1541,0,0,0,0,0,0,0,0,0,0,0,0
C3010,09,51,0000,District - Shrawasti *  51,Total,6,38385,20106,18279,7362,4441,2921,7362,4441,2921,0,0,0,0,0,0,0,0,0,0,0,0
C3010,09,51,0000,District - Shrawasti *  51,Total,7,29084,15411,13673,10514,6375,4139,10514,6375,4139,0,0,0,0,0,0,0,0,0,0,0,0
C3010,09,51,0000,District - Shrawasti *  51,Total,8,49883,27278,22605,20191,12650,7541,20191,12650,7541,0,0,0,0,0,0,0,0,0,0,0,0
C3010,09,51,0000,District - Shrawasti *  51,Total,9,21199,11453,9746,10250,6418,3832,10250,6418,3832,0,0,0,0,0,0,0,0,0,0,0,0
C3010,09,51,0000,District - Shrawasti *  51,Total,10,52387,30449,21938,23310,15711,7599,23310,15711,7599,0,0,0,0,0,0,0,0,0,0,0,0
C3010,09,51,0000,District - Shrawasti *  51,Total,11,13369,7462,5907,7070,4603,2467,7070,4603,2467,0,0,0,0,0,0,0,0,0,0,0,0
C3010,09,51,0000,District - Shrawasti *  51,Total,12,42096,24735,17361,18214,12859,5355,18214,12859,5355,0,0,0,0,0,0,0,0,0,0,0,0
C3010,09,51,0000,District - Shrawasti *  51,Total,13,14459,8069,6390,6383,4328,2055,6383,4328,2055,0,0,0,0,0,0,0,0,0,0,0,0
C3010,09,51,0000,District - Shrawasti *  51,Total,14,18322,10469,7853,6998,4972,2026,6998,4972,2026,0,0,0,0,0,0,0,0,0,0,0,0
C3010,09,51,0000,District - Shrawasti *  51,Total,15-19,97512,57696,39816,21193,16672,4521,19000,14958,4042,1798,1418,380,57,42,15,329,249,80,9,5,4
C3010,09,51,0000,District - Shrawasti *  51,Total,20-24,94021,47940,46081,5982,4898,1084,3253,2583,670,2537,2168,369,56,42,14,115,88,27,21,17,4
C3010,09,51,0000,District - Shrawasti *  51,Total,25-29,90126,46836,43290,806,690,116,0,0,0,674,597,77,53,37,16,54,40,14,25,16,9
C3010,09,51,0000,District - Shrawasti *  51,Total,30-34,80034,40727,39307,343,277,66,0,0,0,254,219,35,26,18,8,33,23,10,30,17,13
C3010,09,51,0000,District - Shrawasti *  51,Total,35-59,248819,133015,115804,655,566,89,0,0,0,459,429,30,60,43,17,78,56,22,58,38,20
C3010,09,51,0000,District - Shrawasti *  51,Total,60+,86837,47549,39288,119,96,23,0,0,0,57,54,3,19,14,5,23,14,9,20,14,6
C3010,09,51,0000,District - Shrawasti *  51,Total,Age not stated,3121,1705,1416,17,11,6,0,0,0,9,6,3,0,0,0,5,4,1,3,1,2
C3010,09,51,0000,District - Shrawasti *  51,Rural,All ages,1143035,614396,528639,137994,94980,43014,131619,89635,41984,5380,4631,749,254,184,70,580,426,154,161,104,57
C3010,09,51,0000,District - Shrawasti *  51,Rural,0-4,147747,74652,73095,1436,826,610,1436,826,610,0,0,0,0,0,0,0,0,0,0,0,0
C3010,09,51,0000,District - Shrawasti *  51,Rural,5,43776,23726,20050,3818,2347,1471,3818,2347,1471,0,0,0,0,0,0,0,0,0,0,0,0
C3010,09,51,0000,District - Shrawasti *  51,Rural,6,37338,19567,17771,7087,4306,2781,7087,4306,2781,0,0,0,0,0,0,0,0,0,0,0,0
C3010,09,51,0000,District - Shrawasti *  51,Rural,7,28252,14984,13268,10072,6120,3952,10072,6120,3952,0,0,0,0,0,0,0,0,0,0,0,0
C3010,09,51,0000,District - Shrawasti *  51,Rural,8,48554,26578,21976,19398,12212,7186,19398,12212,7186,0,0,0,0,0,0,0,0,0,0,0,0
C3010,09,51,0000,District - Shrawasti *  51,Rural,9,20604,11141,9463,9827,6190,3637,9827,6190,3637,0,0,0,0,0,0,0,0,0,0,0,0
C3010,09,51,0000,District - Shrawasti *  51,Rural,10,50958,29684,21274,22391,15204,7187,22391,15204,7187,0,0,0,0,0,0,0,0,0,0,0,0
C3010,09,51,0000,District - Shrawasti *  51,Rural,11,12891,7199,5692,6713,4405,2308,6713,4405,2308,0,0,0,0,0,0,0,0,0,0,0,0
C3010,09,51,0000,District - Shrawasti *  51,Rural,12,40895,24080,16815,17408,12417,4991,17408,12417,4991,0,0,0,0,0,0,0,0,0,0,0,0
C3010,09,51,0000,District - Shrawasti *  51,Rural,13,13840,7760,6080,5960,4110,1850,5960,4110,1850,0,0,0,0,0,0,0,0,0,0,0,0
C3010,09,51,0000,District - Shrawasti *  51,Rural,14,17572,10079,7493,6541,4737,1804,6541,4737,1804,0,0,0,0,0,0,0,0,0,0,0,0
C3010,09,51,0000,District - Shrawasti *  51,Rural,15-19,94097,55762,38335,19850,15868,3982,17851,14271,3580,1646,1337,309,52,38,14,293,218,75,8,4,4
C3010,09,51,0000,District - Shrawasti *  51,Rural,20-24,91158,46463,44695,5619,4649,970,3117,2490,627,2329,2029,300,51,38,13,102,76,26,20,16,4
C3010,09,51,0000,District - Shrawasti *  51,Rural,25-29,87736,45607,42129,768,660,108,0,0,0,641,569,72,52,36,16,51,39,12,24,16,8
C3010,09,51,0000,District - Shrawasti *  51,Rural,30-34,77952,39676,38276,333,269,64,0,0,0,248,214,34,24,17,7,32,22,10,29,16,13
C3010,09,51,0000,District - Shrawasti *  51,Rural,35-59,241803,129242,112561,644,558,86,0,0,0,452,424,28,57,41,16,78,56,22,57,37,20
C3010,09,51,0000,District - Shrawasti *  51,Rural,60+,84796,46524,38272,114,93,21,0,0,0,56,53,3,18,14,4,20,12,8,20,14,6
C3010,09,51,0000,District - Shrawasti *  51,Rural,Age not stated,3066,1672,1394,15,9,6,0,0,0,8,5,3,0,0,0,4,3,1,3,1,2
C3010,09,51,0000,District - Shrawasti *  51,Urban,All ages,33356,17520,15836,6854,3845,3009,6367,3521,2846,408,260,148,17,12,5,57,48,9,5,4,1
C3010,09,51,0000,District - Shrawasti *  51,Urban,0-4,4066,2068,1998,65,33,32,65,33,32,0,0,0,0,0,0,0,0,0,0,0,0
C3010,09,51,0000,District - Shrawasti *  51,Urban,5,1148,570,578,122,52,70,122,52,70,0,0,0,0,0,0,0,0,0,0,0,0
C3010,09,51,0000,District - Shrawasti *  51,Urban,6,1047,539,508,275,135,140,275,135,140,0,0,0,0,0,0,0,0,0,0,0,0
C3010,09,51,0000,District - Shrawasti *  51,Urban,7,832,427,405,442,255,187,442,255,187,0,0,0,0,0,0,0,0,0,0,0,0
C3010,09,51,0000,District - Shrawasti *  51,Urban,8,1329,700,629,793,438,355,793,438,355,0,0,0,0,0,0,0,0,0,0,0,0
C3010,09,51,0000,District - Shrawasti *  51,Urban,9,595,312,283,423,228,195,423,228,195,0,0,0,0,0,0,0,0,0,0,0,0
C3010,09,51,0000,District - Shrawasti *  51,Urban,10,1429,765,664,919,507,412,919,507,412,0,0,0,0,0,0,0,0,0,0,0,0
C3010,09,51,0000,District - Shrawasti *  51,Urban,11,478,263,215,357,198,159,357,198,159,0,0,0,0,0,0,0,0,0,0,0,0
C3010,09,51,0000,District - Shrawasti *  51,Urban,12,1201,655,546,806,442,364,806,442,364,0,0,0,0,0,0,0,0,0,0,0,0
C3010,09,51,0000,District - Shrawasti *  51,Urban,13,619,309,310,423,218,205,423,218,205,0,0,0,0,0,0,0,0,0,0,0,0
C3010,09,51,0000,District - Shrawasti *  51,Urban,14,750,390,360,457,235,222,457,235,222,0,0,0,0,0,0,0,0,0,0,0,0
C3010,09,51,0000,District - Shrawasti *  51,Urban,15-19,3415,1934,1481,1343,804,539,1149,687,462,152,81,71,5,4,1,36,31,5,1,1,0
C3010,09,51,0000,District - Shrawasti *  51,Urban,20-24,2863,1477,1386,363,249,114,136,93,43,208,139,69,5,4,1,13,12,1,1,1,0
C3010,09,51,0000,District - Shrawasti *  51,Urban,25-29,2390,1229,1161,38,30,8,0,0,0,33,28,5,1,1,0,3,1,2,1,0,1
C3010,09,51,0000,District - Shrawasti *  51,Urban,30-34,2082,1051,1031,10,8,2,0,0,0,6,5,1,2,1,1,1,1,0,1,1,0
C3010,09,51,0000,District - Shrawasti *  51,Urban,35-59,7016,3773,3243,11,8,3,0,0,0,7,5,2,3,2,1,0,0,0,1,1,0
C3010,09,51,0000,District - Shrawasti *  51,Urban,60+,2041,1025,1016,5,3,2,0,0,0,1,1,0,1,0,1,3,2,1,0,0,0
C3010,09,51,0000,District - Shrawasti *  51,Urban,Age not stated,55,33,22,2,2,0,0,0,0,1,1,0,0,0,0,1,1,0,0,0,0
C3010,09,52,0000,District - Balrampur *  52,Total,All ages,1682350,887939,794411,214384,140758,73626,205088,133943,71145,7754,5812,1942,535,403,132,784,486,298,223,114,109
C3010,09,52,0000,District - Balrampur *  52,Total,0-4,219744,109995,109749,2504,1339,1165,2504,1339,1165,0,0,0,0,0,0,0,0,0,0,0,0
C3010,09,52,0000,District - Balrampur *  52,Total,5,60968,32603,28365,5459,3210,2249,5459,3210,2249,0,0,0,0,0,0,0,0,0,0,0,0
C3010,09,52,0000,District - Balrampur *  52,Total,6,58720,30532,28188,10165,6025,4140,10165,6025,4140,0,0,0,0,0,0,0,0,0,0,0,0
C3010,09,52,0000,District - Balrampur *  52,Total,7,42309,22243,20066,14360,8542,5818,14360,8542,5818,0,0,0,0,0,0,0,0,0,0,0,0
C3010,09,52,0000,District - Balrampur *  52,Total,8,74497,40367,34130,29608,18347,11261,29608,18347,11261,0,0,0,0,0,0,0,0,0,0,0,0
C3010,09,52,0000,District - Balrampur *  52,Total,9,31002,16687,14315,14755,9158,5597,14755,9158,5597,0,0,0,0,0,0,0,0,0,0,0,0
C3010,09,52,0000,District - Balrampur *  52,Total,10,80099,45039,35060,35056,22956,12100,35056,22956,12100,0,0,0,0,0,0,0,0,0,0,0,0
C3010,09,52,0000,District - Balrampur *  52,Total,11,20421,11117,9304,10344,6573,3771,10344,6573,3771,0,0,0,0,0,0,0,0,0,0,0,0
C3010,09,52,0000,District - Balrampur *  52,Total,12,62116,35160,26956,26713,18119,8594,26713,18119,8594,0,0,0,0,0,0,0,0,0,0,0,0
C3010,09,52,0000,District - Balrampur *  52,Total,13,24170,13089,11081,10426,7006,3420,10426,7006,3420,0,0,0,0,0,0,0,0,0,0,0,0
C3010,09,52,0000,District - Balrampur *  52,Total,14,32328,17326,15002,11902,8073,3829,11902,8073,3829,0,0,0,0,0,0,0,0,0,0,0,0
C3010,09,52,0000,District - Balrampur *  52,Total,15-19,143185,79671,63514,32234,23131,9103,29355,21246,8109,2342,1517,825,80,64,16,441,298,143,16,6,10
C3010,09,52,0000,District - Balrampur *  52,Total,20-24,125004,62593,62411,8375,6366,2009,4441,3349,1092,3705,2864,841,99,71,28,94,67,27,36,15,21
C3010,09,52,0000,District - Balrampur *  52,Total,25-29,115423,57944,57479,1035,830,205,0,0,0,832,687,145,94,76,18,62,41,21,47,26,21
C3010,09,52,0000,District - Balrampur *  52,Total,30-34,105149,52069,53080,408,309,99,0,0,0,287,236,51,61,42,19,42,20,22,18,11,7
C3010,09,52,0000,District - Balrampur *  52,Total,35-59,358810,190592,168218,793,605,188,0,0,0,479,416,63,154,115,39,86,35,51,74,39,35
C3010,09,52,0000,District - Balrampur *  52,Total,60+,123047,67965,55082,180,130,50,0,0,0,68,61,7,44,33,11,39,19,20,29,17,12
C3010,09,52,0000,District - Balrampur *  52,Total,Age not stated,5358,2947,2411,67,39,28,0,0,0,41,31,10,3,2,1,20,6,14,3,0,3
C3010,09,52,0000,District - Balrampur *  52,Rural,All ages,1546770,816561,730209,182915,123392,59523,176597,118470,58127,4912,4014,898,450,337,113,745,465,280,211,106,105
C3010,09,52,0000,District - Balrampur *  52,Rural,0-4,205670,102818,102852,2057,1121,936,2057,1121,936,0,0,0,0,0,0,0,0,0,0,0,0
C3010,09,52,0000,District - Balrampur *  52,Rural,5,57146,30550,26596,4624,2766,1858,4624,2766,1858,0,0,0,0,0,0,0,0,0,0,0,0
C3010,09,52,0000,District - Balrampur *  52,Rural,6,54677,28484,26193,8831,5314,3517,8831,5314,3517,0,0,0,0,0,0,0,0,0,0,0,0
C3010,09,52,0000,District - Balrampur *  52,Rural,7,39319,20684,18635,12654,7653,5001,12654,7653,5001,0,0,0,0,0,0,0,0,0,0,0,0
C3010,09,52,0000,District - Balrampur *  52,Rural,8,69371,37785,31586,26493,16744,9749,26493,16744,9749,0,0,0,0,0,0,0,0,0,0,0,0
C3010,09,52,0000,District - Balrampur *  52,Rural,9,28526,15395,13131,13081,8277,4804,13081,8277,4804,0,0,0,0,0,0,0,0,0,0,0,0
C3010,09,52,0000,District - Balrampur *  52,Rural,10,74282,41906,32376,31423,20928,10495,31423,20928,10495,0,0,0,0,0,0,0,0,0,0,0,0
C3010,09,52,0000,District - Balrampur *  52,Rural,11,18316,10028,8288,8853,5797,3056,8853,5797,3056,0,0,0,0,0,0,0,0,0,0,0,0
C3010,09,52,0000,District - Balrampur *  52,Rural,12,57093,32418,24675,23472,16343,7129,23472,16343,7129,0,0,0,0,0,0,0,0,0,0,0,0
C3010,09,52,0000,District - Balrampur *  52,Rural,13,21712,11808,9904,8790,6115,2675,8790,6115,2675,0,0,0,0,0,0,0,0,0,0,0,0
C3010,09,52,0000,District - Balrampur *  52,Rural,14,28673,15470,13203,9719,6941,2778,9719,6941,2778,0,0,0,0,0,0,0,0,0,0,0,0
C3010,09,52,0000,District - Balrampur *  52,Rural,15-19,127528,71172,56356,24965,19070,5895,23036,17695,5341,1425,1025,400,64,53,11,424,291,133,16,6,10
C3010,09,52,0000,District - Balrampur *  52,Rural,20-24,112901,55873,57028,5966,4779,1187,3564,2776,788,2209,1876,333,75,54,21,85,61,24,33,12,21
C3010,09,52,0000,District - Balrampur *  52,Rural,25-29,106021,53095,52926,764,628,136,0,0,0,591,507,84,77,62,15,53,35,18,43,24,19
C3010,09,52,0000,District - Balrampur *  52,Rural,30-34,96886,47875,49011,324,247,77,0,0,0,221,188,33,46,29,17,41,20,21,16,10,6
C3010,09,52,0000,District - Balrampur *  52,Rural,35-59,329273,174943,154330,685,527,158,0,0,0,387,350,37,142,105,37,84,34,50,72,38,34
C3010,09,52,0000,District - Balrampur *  52,Rural,60+,114554,63609,50945,160,114,46,0,0,0,51,48,3,43,32,11,38,18,20,28,16,12
C3010,09,52,0000,District - Balrampur *  52,Rural,Age not stated,4822,2648,2174,54,28,26,0,0,0,28,20,8,3,2,1,20,6,14,3,0,3
C3010,09,52,0000,District - Balrampur *  52,Urban,All ages,135580,71378,64202,31469,17366,14103,28491,15473,13018,2842,1798,1044,85,66,19,39,21,18,12,8,4
C3010,09,52,0000,District - Balrampur *  52,Urban,0-4,14074,7177,6897,447,218,229,447,218,229,0,0,0,0,0,0,0,0,0,0,0,0
C3010,09,52,0000,District - Balrampur *  52,Urban,5,3822,2053,1769,835,444,391,835,444,391,0,0,0,0,0,0,0,0,0,0,0,0
C3010,09,52,0000,District - Balrampur *  52,Urban,6,4043,2048,1995,1334,711,623,1334,711,623,0,0,0,0,0,0,0,0,0,0,0,0
C3010,09,52,0000,District - Balrampur *  52,Urban,7,2990,1559,1431,1706,889,817,1706,889,817,0,0,0,0,0,0,0,0,0,0,0,0
C3010,09,52,0000,District - Balrampur *  52,Urban,8,5126,2582,2544,3115,1603,1512,3115,1603,1512,0,0,0,0,0,0,0,0,0,0,0,0
C3010,09,52,0000,District - Balrampur *  52,Urban,9,2476,1292,1184,1674,881,793,1674,881,793,0,0,0,0,0,0,0,0,0,0,0,0
C3010,09,52,0000,District - Balrampur *  52,Urban,10,5817,3133,2684,3633,2028,1605,3633,2028,1605,0,0,0,0,0,0,0,0,0,0,0,0
C3010,09,52,0000,District - Balrampur *  52,Urban,11,2105,1089,1016,1491,776,715,1491,776,715,0,0,0,0,0,0,0,0,0,0,0,0
C3010,09,52,0000,District - Balrampur *  52,Urban,12,5023,2742,2281,3241,1776,1465,3241,1776,1465,0,0,0,0,0,0,0,0,0,0,0,0
C3010,09,52,0000,District - Balrampur *  52,Urban,13,2458,1281,1177,1636,891,745,1636,891,745,0,0,0,0,0,0,0,0,0,0,0,0
C3010,09,52,0000,District - Balrampur *  52,Urban,14,3655,1856,1799,2183,1132,1051,2183,1132,1051,0,0,0,0,0,0,0,0,0,0,0,0
C3010,09,52,0000,District - Balrampur *  52,Urban,15-19,15657,8499,7158,7269,4061,3208,6319,3551,2768,917,492,425,16,11,5,17,7,10,0,0,0
C3010,09,52,0000,District - Balrampur *  52,Urban,20-24,12103,6720,5383,2409,1587,822,877,573,304,1496,988,508,24,17,7,9,6,3,3,3,0
C3010,09,52,0000,District - Balrampur *  52,Urban,25-29,9402,4849,4553,271,202,69,0,0,0,241,180,61,17,14,3,9,6,3,4,2,2
C3010,09,52,0000,District - Balrampur *  52,Urban,30-34,8263,4194,4069,84,62,22,0,0,0,66,48,18,15,13,2,1,0,1,2,1,1
C3010,09,52,0000,District - Balrampur *  52,Urban,35-59,29537,15649,13888,108,78,30,0,0,0,92,66,26,12,10,2,2,1,1,2,1,1
C3010,09,52,0000,District - Balrampur *  52,Urban,60+,8493,4356,4137,20,16,4,0,0,0,17,13,4,1,1,0,1,1,0,1,1,0
C3010,09,52,0000,District - Balrampur *  52,Urban,Age not stated,536,299,237,13,11,2,0,0,0,13,11,2,0,0,0,0,0,0,0,0,0
C3010,09,53,0000,District - Gonda  53,Total,All ages,2765586,1451101,1314485,444473,288412,156061,423423,272580,150843,18522,14033,4489,952,721,231,933,725,208,643,353,290
C3010,09,53,0000,District - Gonda  53,Total,0-4,346448,175155,171293,4095,2209,1886,4095,2209,1886,0,0,0,0,0,0,0,0,0,0,0,0
C3010,09,53,0000,District - Gonda  53,Total,5,100961,54059,46902,10081,5959,4122,10081,5959,4122,0,0,0,0,0,0,0,0,0,0,0,0
C3010,09,53,0000,District - Gonda  53,Total,6,89157,45677,43480,17991,10313,7678,17991,10313,7678,0,0,0,0,0,0,0,0,0,0,0,0
C3010,09,53,0000,District - Gonda  53,Total,7,72086,37639,34447,29520,17267,12253,29520,17267,12253,0,0,0,0,0,0,0,0,0,0,0,0
C3010,09,53,0000,District - Gonda  53,Total,8,115241,61349,53892,55784,33658,22126,55784,33658,22126,0,0,0,0,0,0,0,0,0,0,0,0
C3010,09,53,0000,District - Gonda  53,Total,9,54439,28534,25905,31349,18672,12677,31349,18672,12677,0,0,0,0,0,0,0,0,0,0,0,0
C3010,09,53,0000,District - Gonda  53,Total,10,124558,69495,55063,66864,42691,24173,66864,42691,24173,0,0,0,0,0,0,0,0,0,0,0,0
C3010,09,53,0000,District - Gonda  53,Total,11,39713,21671,18042,24643,15461,9182,24643,15461,9182,0,0,0,0,0,0,0,0,0,0,0,0
C3010,09,53,0000,District - Gonda  53,Total,12,102426,57332,45094,55226,36455,18771,55226,36455,18771,0,0,0,0,0,0,0,0,0,0,0,0
C3010,09,53,0000,District - Gonda  53,Total,13,43302,22794,20508,23770,15015,8755,23770,15015,8755,0,0,0,0,0,0,0,0,0,0,0,0
C3010,09,53,0000,District - Gonda  53,Total,14,56987,30771,26216,27028,18179,8849,27028,18179,8849,0,0,0,0,0,0,0,0,0,0,0,0
C3010,09,53,0000,District - Gonda  53,Total,15-19,250682,140523,110159,74581,54372,20209,68129,49863,18266,5754,4008,1746,270,213,57,371,256,115,57,32,25
C3010,09,53,0000,District - Gonda  53,Total,20-24,214461,107841,106620,19070,14641,4429,8943,6838,2105,9548,7369,2179,192,153,39,266,229,37,121,52,69
C3010,09,53,0000,District - Gonda  53,Total,25-29,191470,96189,95281,2159,1785,374,0,0,0,1763,1469,294,194,161,33,114,102,12,88,53,35
C3010,09,53,0000,District - Gonda  53,Total,30-34,176295,86681,89614,742,542,200,0,0,0,542,421,121,74,49,25,49,39,10,77,33,44
C3010,09,53,0000,District - Gonda  53,Total,35-59,582106,305268,276838,1293,999,294,0,0,0,801,671,130,156,107,49,104,76,28,232,145,87
C3010,09,53,0000,District - Gonda  53,Total,60+,198369,106299,92070,242,171,71,0,0,0,87,75,12,61,37,24,27,22,5,67,37,30
C3010,09,53,0000,District - Gonda  53,Total,Age not stated,6885,3824,3061,35,23,12,0,0,0,27,20,7,5,1,4,2,1,1,1,1,0
C3010,09,53,0000,District - Gonda  53,Rural,All ages,2571267,1346004,1225263,386420,254736,131684,371889,243021,128868,12563,10379,2184,688,509,179,662,487,175,618,340,278
C3010,09,53,0000,District - Gonda  53,Rural,0-4,328316,165816,162500,3495,1906,1589,3495,1906,1589,0,0,0,0,0,0,0,0,0,0,0,0
C3010,09,53,0000,District - Gonda  53,Rural,5,95482,51020,44462,8786,5200,3586,8786,5200,3586,0,0,0,0,0,0,0,0,0,0,0,0
C3010,09,53,0000,District - Gonda  53,Rural,6,83937,42946,40991,16105,9285,6820,16105,9285,6820,0,0,0,0,0,0,0,0,0,0,0,0
C3010,09,53,0000,District - Gonda  53,Rural,7,67374,35097,32277,26244,15441,10803,26244,15441,10803,0,0,0,0,0,0,0,0,0,0,0,0
C3010,09,53,0000,District - Gonda  53,Rural,8,108333,57672,50661,50700,30905,19795,50700,30905,19795,0,0,0,0,0,0,0,0,0,0,0,0
C3010,09,53,0000,District - Gonda  53,Rural,9,50548,26398,24150,28230,16940,11290,28230,16940,11290,0,0,0,0,0,0,0,0,0,0,0,0
C3010,09,53,0000,District - Gonda  53,Rural,10,116632,65139,51493,60764,39280,21484,60764,39280,21484,0,0,0,0,0,0,0,0,0,0,0,0
C3010,09,53,0000,District - Gonda  53,Rural,11,36081,19661,16420,21585,13752,7833,21585,13752,7833,0,0,0,0,0,0,0,0,0,0,0,0
C3010,09,53,0000,District - Gonda  53,Rural,12,95080,53180,41900,49465,33156,16309,49465,33156,16309,0,0,0,0,0,0,0,0,0,0,0,0
C3010,09,53,0000,District - Gonda  53,Rural,13,39077,20483,18594,20369,13126,7243,20369,13126,7243,0,0,0,0,0,0,0,0,0,0,0,0
C3010,09,53,0000,District - Gonda  53,Rural,14,51547,27683,23864,22944,15840,7104,22944,15840,7104,0,0,0,0,0,0,0,0,0,0,0,0
C3010,09,53,0000,District - Gonda  53,Rural,15-19,227353,127013,100340,60145,45737,14408,55830,42458,13372,3794,2914,880,146,116,30,326,224,102,49,25,24
C3010,09,53,0000,District - Gonda  53,Rural,20-24,197175,98150,99025,14120,11360,2760,7372,5732,1640,6378,5377,1001,140,114,26,111,85,26,119,52,67
C3010,09,53,0000,District - Gonda  53,Rural,25-29,177864,89086,88778,1570,1343,227,0,0,0,1281,1124,157,137,111,26,65,56,9,87,52,35
C3010,09,53,0000,District - Gonda  53,Rural,30-34,163496,80451,83045,612,466,146,0,0,0,429,358,71,66,42,24,42,33,9,75,33,42
C3010,09,53,0000,District - Gonda  53,Rural,35-59,538560,281649,256911,1053,834,219,0,0,0,594,528,66,139,93,46,94,70,24,226,143,83
C3010,09,53,0000,District - Gonda  53,Rural,60+,188136,101148,86988,208,147,61,0,0,0,68,63,5,56,32,24,23,18,5,61,34,27
C3010,09,53,0000,District - Gonda  53,Rural,Age not stated,6276,3412,2864,25,18,7,0,0,0,19,15,4,4,1,3,1,1,0,1,1,0
C3010,09,53,0000,District - Gonda  53,Urban,All ages,194319,105097,89222,58053,33676,24377,51534,29559,21975,5959,3654,2305,264,212,52,271,238,33,25,13,12
C3010,09,53,0000,District - Gonda  53,Urban,0-4,18132,9339,8793,600,303,297,600,303,297,0,0,0,0,0,0,0,0,0,0,0,0
C3010,09,53,0000,District - Gonda  53,Urban,5,5479,3039,2440,1295,759,536,1295,759,536,0,0,0,0,0,0,0,0,0,0,0,0
C3010,09,53,0000,District - Gonda  53,Urban,6,5220,2731,2489,1886,1028,858,1886,1028,858,0,0,0,0,0,0,0,0,0,0,0,0
C3010,09,53,0000,District - Gonda  53,Urban,7,4712,2542,2170,3276,1826,1450,3276,1826,1450,0,0,0,0,0,0,0,0,0,0,0,0
C3010,09,53,0000,District - Gonda  53,Urban,8,6908,3677,3231,5084,2753,2331,5084,2753,2331,0,0,0,0,0,0,0,0,0,0,0,0
C3010,09,53,0000,District - Gonda  53,Urban,9,3891,2136,1755,3119,1732,1387,3119,1732,1387,0,0,0,0,0,0,0,0,0,0,0,0
C3010,09,53,0000,District - Gonda  53,Urban,10,7926,4356,3570,6100,3411,2689,6100,3411,2689,0,0,0,0,0,0,0,0,0,0,0,0
C3010,09,53,0000,District - Gonda  53,Urban,11,3632,2010,1622,3058,1709,1349,3058,1709,1349,0,0,0,0,0,0,0,0,0,0,0,0
C3010,09,53,0000,District - Gonda  53,Urban,12,7346,4152,3194,5761,3299,2462,5761,3299,2462,0,0,0,0,0,0,0,0,0,0,0,0
C3010,09,53,0000,District - Gonda  53,Urban,13,4225,2311,1914,3401,1889,1512,3401,1889,1512,0,0,0,0,0,0,0,0,0,0,0,0
C3010,09,53,0000,District - Gonda  53,Urban,14,5440,3088,2352,4084,2339,1745,4084,2339,1745,0,0,0,0,0,0,0,0,0,0,0,0
C3010,09,53,0000,District - Gonda  53,Urban,15-19,23329,13510,9819,14436,8635,5801,12299,7405,4894,1960,1094,866,124,97,27,45,32,13,8,7,1
C3010,09,53,0000,District - Gonda  53,Urban,20-24,17286,9691,7595,4950,3281,1669,1571,1106,465,3170,1992,1178,52,39,13,155,144,11,2,0,2
C3010,09,53,0000,District - Gonda  53,Urban,25-29,13606,7103,6503,589,442,147,0,0,0,482,345,137,57,50,7,49,46,3,1,1,0
C3010,09,53,0000,District - Gonda  53,Urban,30-34,12799,6230,6569,130,76,54,0,0,0,113,63,50,8,7,1,7,6,1,2,0,2
C3010,09,53,0000,District - Gonda  53,Urban,35-59,43546,23619,19927,240,165,75,0,0,0,207,143,64,17,14,3,10,6,4,6,2,4
C3010,09,53,0000,District - Gonda  53,Urban,60+,10233,5151,5082,34,24,10,0,0,0,19,12,7,5,5,0,4,4,0,6,3,3
C3010,09,53,0000,District - Gonda  53,Urban,Age not stated,609,412,197,10,5,5,0,0,0,8,5,3,1,0,1,1,0,1,0,0,0
C3010,09,54,0000,District - Siddharthnagar  54,Total,All ages,2040085,1047165,992920,341042,216986,124056,326450,205926,120524,11694,9276,2418,749,545,204,1673,1024,649,476,215,261
C3010,09,54,0000,District - Siddharthnagar  54,Total,0-4,283007,142218,140789,4577,2514,2063,4577,2514,2063,0,0,0,0,0,0,0,0,0,0,0,0
C3010,09,54,0000,District - Siddharthnagar  54,Total,5,76226,40015,36211,9317,5394,3923,9317,5394,3923,0,0,0,0,0,0,0,0,0,0,0,0
C3010,09,54,0000,District - Siddharthnagar  54,Total,6,75781,39265,36516,19975,11557,8418,19975,11557,8418,0,0,0,0,0,0,0,0,0,0,0,0
C3010,09,54,0000,District - Siddharthnagar  54,Total,7,50629,26299,24330,24163,14027,10136,24163,14027,10136,0,0,0,0,0,0,0,0,0,0,0,0
C3010,09,54,0000,District - Siddharthnagar  54,Total,8,91696,48722,42974,47949,28801,19148,47949,28801,19148,0,0,0,0,0,0,0,0,0,0,0,0
C3010,09,54,0000,District - Siddharthnagar  54,Total,9,38131,20135,17996,23202,13835,9367,23202,13835,9367,0,0,0,0,0,0,0,0,0,0,0,0
C3010,09,54,0000,District - Siddharthnagar  54,Total,10,96775,52820,43955,54492,34234,20258,54492,34234,20258,0,0,0,0,0,0,0,0,0,0,0,0
C3010,09,54,0000,District - Siddharthnagar  54,Total,11,25015,13376,11639,15925,9787,6138,15925,9787,6138,0,0,0,0,0,0,0,0,0,0,0,0
C3010,09,54,0000,District - Siddharthnagar  54,Total,12,75863,41289,34574,41100,26835,14265,41100,26835,14265,0,0,0,0,0,0,0,0,0,0,0,0
C3010,09,54,0000,District - Siddharthnagar  54,Total,13,31429,16412,15017,16962,10919,6043,16962,10919,6043,0,0,0,0,0,0,0,0,0,0,0,0
C3010,09,54,0000,District - Siddharthnagar  54,Total,14,42980,21828,21152,19270,12631,6639,19270,12631,6639,0,0,0,0,0,0,0,0,0,0,0,0
C3010,09,54,0000,District - Siddharthnagar  54,Total,15-19,170012,88373,81639,47688,33751,13937,42652,30349,12303,3792,2702,1090,147,90,57,1067,598,469,30,12,18
C3010,09,54,0000,District - Siddharthnagar  54,Total,20-24,143185,67890,75295,12718,9705,3013,6866,5043,1823,5421,4377,1044,150,118,32,194,141,53,87,26,61
C3010,09,54,0000,District - Siddharthnagar  54,Total,25-29,132720,63238,69482,1561,1294,267,0,0,0,1183,1036,147,190,156,34,110,72,38,78,30,48
C3010,09,54,0000,District - Siddharthnagar  54,Total,30-34,123354,57840,65514,600,451,149,0,0,0,392,338,54,60,45,15,72,45,27,76,23,53
C3010,09,54,0000,District - Siddharthnagar  54,Total,35-59,426728,221016,205712,1286,1055,231,0,0,0,808,734,74,153,107,46,165,119,46,160,95,65
C3010,09,54,0000,District - Siddharthnagar  54,Total,60+,153923,84867,69056,249,193,56,0,0,0,95,87,8,47,29,18,64,49,15,43,28,15
C3010,09,54,0000,District - Siddharthnagar  54,Total,Age not stated,2631,1562,1069,8,3,5,0,0,0,3,2,1,2,0,2,1,0,1,2,1,1
C3010,09,54,0000,District - Siddharthnagar  54,Rural,All ages,1962284,1006401,955883,320067,205431,114636,307466,195532,111934,10044,8239,1805,632,453,179,1458,998,460,467,209,258
C3010,09,54,0000,District - Siddharthnagar  54,Rural,0-4,273660,137431,136229,4275,2365,1910,4275,2365,1910,0,0,0,0,0,0,0,0,0,0,0,0
C3010,09,54,0000,District - Siddharthnagar  54,Rural,5,73689,38681,35008,8733,5092,3641,8733,5092,3641,0,0,0,0,0,0,0,0,0,0,0,0
C3010,09,54,0000,District - Siddharthnagar  54,Rural,6,73304,37995,35309,18985,11035,7950,18985,11035,7950,0,0,0,0,0,0,0,0,0,0,0,0
C3010,09,54,0000,District - Siddharthnagar  54,Rural,7,48772,25345,23427,22866,13319,9547,22866,13319,9547,0,0,0,0,0,0,0,0,0,0,0,0
C3010,09,54,0000,District - Siddharthnagar  54,Rural,8,88705,47145,41560,45715,27575,18140,45715,27575,18140,0,0,0,0,0,0,0,0,0,0,0,0
C3010,09,54,0000,District - Siddharthnagar  54,Rural,9,36609,19344,17265,21942,13157,8785,21942,13157,8785,0,0,0,0,0,0,0,0,0,0,0,0
C3010,09,54,0000,District - Siddharthnagar  54,Rural,10,93577,51107,42470,52051,32914,19137,52051,32914,19137,0,0,0,0,0,0,0,0,0,0,0,0
C3010,09,54,0000,District - Siddharthnagar  54,Rural,11,23734,12688,11046,14835,9193,5642,14835,9193,5642,0,0,0,0,0,0,0,0,0,0,0,0
C3010,09,54,0000,District - Siddharthnagar  54,Rural,12,73033,39771,33262,38923,25634,13289,38923,25634,13289,0,0,0,0,0,0,0,0,0,0,0,0
C3010,09,54,0000,District - Siddharthnagar  54,Rural,13,29884,15576,14308,15797,10272,5525,15797,10272,5525,0,0,0,0,0,0,0,0,0,0,0,0
C3010,09,54,0000,District - Siddharthnagar  54,Rural,14,40969,20832,20137,17893,11942,5951,17893,11942,5951,0,0,0,0,0,0,0,0,0,0,0,0
C3010,09,54,0000,District - Siddharthnagar  54,Rural,15-19,161466,83805,77661,43289,31360,11929,39039,28273,10766,3215,2411,804,128,77,51,877,587,290,30,12,18
C3010,09,54,0000,District - Siddharthnagar  54,Rural,20-24,136384,64223,72161,11365,8816,2549,6412,4761,1651,4553,3791,762,127,102,25,188,137,51,85,25,60
C3010,09,54,0000,District - Siddharthnagar  54,Rural,25-29,127338,60467,66871,1357,1135,222,0,0,0,1054,937,117,129,105,24,98,65,33,76,28,48
C3010,09,54,0000,District - Siddharthnagar  54,Rural,30-34,118550,55459,63091,558,424,134,0,0,0,361,318,43,53,39,14,70,45,25,74,22,52
C3010,09,54,0000,District - Siddharthnagar  54,Rural,35-59,410709,212507,198202,1237,1012,225,0,0,0,770,699,71,147,102,45,162,117,45,158,94,64
C3010,09,54,0000,District - Siddharthnagar  54,Rural,60+,149341,82514,66827,238,183,55,0,0,0,88,81,7,46,28,18,62,47,15,42,27,15
C3010,09,54,0000,District - Siddharthnagar  54,Rural,Age not stated,2560,1511,1049,8,3,5,0,0,0,3,2,1,2,0,2,1,0,1,2,1,1
C3010,09,54,0000,District - Siddharthnagar  54,Urban,All ages,77801,40764,37037,20975,11555,9420,18984,10394,8590,1650,1037,613,117,92,25,215,26,189,9,6,3
C3010,09,54,0000,District - Siddharthnagar  54,Urban,0-4,9347,4787,4560,302,149,153,302,149,153,0,0,0,0,0,0,0,0,0,0,0,0
C3010,09,54,0000,District - Siddharthnagar  54,Urban,5,2537,1334,1203,584,302,282,584,302,282,0,0,0,0,0,0,0,0,0,0,0,0
C3010,09,54,0000,District - Siddharthnagar  54,Urban,6,2477,1270,1207,990,522,468,990,522,468,0,0,0,0,0,0,0,0,0,0,0,0
C3010,09,54,0000,District - Siddharthnagar  54,Urban,7,1857,954,903,1297,708,589,1297,708,589,0,0,0,0,0,0,0,0,0,0,0,0
C3010,09,54,0000,District - Siddharthnagar  54,Urban,8,2991,1577,1414,2234,1226,1008,2234,1226,1008,0,0,0,0,0,0,0,0,0,0,0,0
C3010,09,54,0000,District - Siddharthnagar  54,Urban,9,1522,791,731,1260,678,582,1260,678,582,0,0,0,0,0,0,0,0,0,0,0,0
C3010,09,54,0000,District - Siddharthnagar  54,Urban,10,3198,1713,1485,2441,1320,1121,2441,1320,1121,0,0,0,0,0,0,0,0,0,0,0,0
C3010,09,54,0000,District - Siddharthnagar  54,Urban,11,1281,688,593,1090,594,496,1090,594,496,0,0,0,0,0,0,0,0,0,0,0,0
C3010,09,54,0000,District - Siddharthnagar  54,Urban,12,2830,1518,1312,2177,1201,976,2177,1201,976,0,0,0,0,0,0,0,0,0,0,0,0
C3010,09,54,0000,District - Siddharthnagar  54,Urban,13,1545,836,709,1165,647,518,1165,647,518,0,0,0,0,0,0,0,0,0,0,0,0
C3010,09,54,0000,District - Siddharthnagar  54,Urban,14,2011,996,1015,1377,689,688,1377,689,688,0,0,0,0,0,0,0,0,0,0,0,0
C3010,09,54,0000,District - Siddharthnagar  54,Urban,15-19,8546,4568,3978,4399,2391,2008,3613,2076,1537,577,291,286,19,13,6,190,11,179,0,0,0
C3010,09,54,0000,District - Siddharthnagar  54,Urban,20-24,6801,3667,3134,1353,889,464,454,282,172,868,586,282,23,16,7,6,4,2,2,1,1
C3010,09,54,0000,District - Siddharthnagar  54,Urban,25-29,5382,2771,2611,204,159,45,0,0,0,129,99,30,61,51,10,12,7,5,2,2,0
C3010,09,54,0000,District - Siddharthnagar  54,Urban,30-34,4804,2381,2423,42,27,15,0,0,0,31,20,11,7,6,1,2,0,2,2,1,1
C3010,09,54,0000,District - Siddharthnagar  54,Urban,35-59,16019,8509,7510,49,43,6,0,0,0,38,35,3,6,5,1,3,2,1,2,1,1
C3010,09,54,0000,District - Siddharthnagar  54,Urban,60+,4582,2353,2229,11,10,1,0,0,0,7,6,1,1,1,0,2,2,0,1,1,0
C3010,09,54,0000,District - Siddharthnagar  54,Urban,Age not stated,71,51,20,0,0,0,0,0,0,0,0,0,0,0,0,0,0,0,0,0,0
C3010,09,55,0000,District - Basti  55,Total,All ages,2084814,1075765,1009049,452551,272467,180084,426790,253640,173150,23110,17047,6063,1416,1032,384,728,497,231,507,251,256
C3010,09,55,0000,District - Basti  55,Total,0-4,265106,135578,129528,4991,2710,2281,4991,2710,2281,0,0,0,0,0,0,0,0,0,0,0,0
C3010,09,55,0000,District - Basti  55,Total,5,72812,38746,34066,10635,6040,4595,10635,6040,4595,0,0,0,0,0,0,0,0,0,0,0,0
C3010,09,55,0000,District - Basti  55,Total,6,68963,35580,33383,20982,11604,9378,20982,11604,9378,0,0,0,0,0,0,0,0,0,0,0,0
C3010,09,55,0000,District - Basti  55,Total,7,52134,26869,25265,29628,16406,13222,29628,16406,13222,0,0,0,0,0,0,0,0,0,0,0,0
C3010,09,55,0000,District - Basti  55,Total,8,83289,43935,39354,54754,30966,23788,54754,30966,23788,0,0,0,0,0,0,0,0,0,0,0,0
C3010,09,55,0000,District - Basti  55,Total,9,40445,21089,19356,30119,16777,13342,30119,16777,13342,0,0,0,0,0,0,0,0,0,0,0,0
C3010,09,55,0000,District - Basti  55,Total,10,91743,49151,42592,64262,37391,26871,64262,37391,26871,0,0,0,0,0,0,0,0,0,0,0,0
C3010,09,55,0000,District - Basti  55,Total,11,30256,16249,14007,23273,13542,9731,23273,13542,9731,0,0,0,0,0,0,0,0,0,0,0,0
C3010,09,55,0000,District - Basti  55,Total,12,73489,39163,34326,50862,30328,20534,50862,30328,20534,0,0,0,0,0,0,0,0,0,0,0,0
C3010,09,55,0000,District - Basti  55,Total,13,37595,19161,18434,25757,15093,10664,25757,15093,10664,0,0,0,0,0,0,0,0,0,0,0,0
C3010,09,55,0000,District - Basti  55,Total,14,46531,23530,23001,28562,17220,11342,28562,17220,11342,0,0,0,0,0,0,0,0,0,0,0,0
C3010,09,55,0000,District - Basti  55,Total,15-19,193863,101788,92075,81248,53756,27492,73085,48461,24624,7455,4842,2613,349,245,104,336,203,133,23,5,18
C3010,09,55,0000,District - Basti  55,Total,20-24,157977,77093,80884,22015,16232,5783,9880,7102,2778,11642,8776,2866,329,252,77,116,84,32,48,18,30
C3010,09,55,0000,District - Basti  55,Total,25-29,136487,66522,69965,2653,2227,426,0,0,0,2188,1856,332,297,252,45,114,92,22,54,27,27
C3010,09,55,0000,District - Basti  55,Total,30-34,127895,60582,67313,823,637,186,0,0,0,615,513,102,105,69,36,45,30,15,58,25,33
C3010,09,55,0000,District - Basti  55,Total,35-59,436001,226948,209053,1564,1248,316,0,0,0,1016,902,114,245,158,87,88,71,17,215,117,98
C3010,09,55,0000,District - Basti  55,Total,60+,165258,91080,74178,366,251,115,0,0,0,153,128,25,84,52,32,22,13,9,107,58,49
C3010,09,55,0000,District - Basti  55,Total,Age not stated,4970,2701,2269,57,39,18,0,0,0,41,30,11,7,4,3,7,4,3,2,1,1
C3010,09,55,0000,District - Basti  55,Rural,All ages,1968829,1014325,954504,416718,252690,164028,395949,236828,159121,18496,14379,4117,1142,813,329,648,434,214,483,236,247
C3010,09,55,0000,District - Basti  55,Rural,0-4,254650,130078,124572,4512,2461,2051,4512,2461,2051,0,0,0,0,0,0,0,0,0,0,0,0
C3010,09,55,0000,District - Basti  55,Rural,5,69815,37149,32666,9784,5593,4191,9784,5593,4191,0,0,0,0,0,0,0,0,0,0,0,0
C3010,09,55,0000,District - Basti  55,Rural,6,66103,34070,32033,19812,10996,8816,19812,10996,8816,0,0,0,0,0,0,0,0,0,0,0,0
C3010,09,55,0000,District - Basti  55,Rural,7,49817,25695,24122,27997,15566,12431,27997,15566,12431,0,0,0,0,0,0,0,0,0,0,0,0
C3010,09,55,0000,District - Basti  55,Rural,8,79566,41965,37601,51791,29376,22415,51791,29376,22415,0,0,0,0,0,0,0,0,0,0,0,0
C3010,09,55,0000,District - Basti  55,Rural,9,38305,19942,18363,28269,15778,12491,28269,15778,12491,0,0,0,0,0,0,0,0,0,0,0,0
C3010,09,55,0000,District - Basti  55,Rural,10,87432,46841,40591,60704,35423,25281,60704,35423,25281,0,0,0,0,0,0,0,0,0,0,0,0
C3010,09,55,0000,District - Basti  55,Rural,11,28279,15166,13113,21512,12572,8940,21512,12572,8940,0,0,0,0,0,0,0,0,0,0,0,0
C3010,09,55,0000,District - Basti  55,Rural,12,69508,37055,32453,47560,28553,19007,47560,28553,19007,0,0,0,0,0,0,0,0,0,0,0,0
C3010,09,55,0000,District - Basti  55,Rural,13,35145,17911,17234,23695,14016,9679,23695,14016,9679,0,0,0,0,0,0,0,0,0,0,0,0
C3010,09,55,0000,District - Basti  55,Rural,14,43498,21962,21536,26108,15938,10170,26108,15938,10170,0,0,0,0,0,0,0,0,0,0,0,0
C3010,09,55,0000,District - Basti  55,Rural,15-19,179709,94098,85611,71967,48652,23315,65349,44123,21226,6014,4151,1863,274,191,83,308,182,126,22,5,17
C3010,09,55,0000,District - Basti  55,Rural,20-24,146531,70933,75598,18278,13933,4345,8856,6433,2423,9031,7223,1808,242,186,56,103,75,28,46,16,30
C3010,09,55,0000,District - Basti  55,Rural,25-29,127877,62037,65840,2156,1840,316,0,0,0,1789,1555,234,227,188,39,89,72,17,51,25,26
C3010,09,55,0000,District - Basti  55,Rural,30-34,120175,56705,63470,732,571,161,0,0,0,549,467,82,87,55,32,41,26,15,55,23,32
C3010,09,55,0000,District - Basti  55,Rural,35-59,409403,212737,196666,1454,1155,299,0,0,0,945,841,104,226,141,85,80,64,16,203,109,94
C3010,09,55,0000,District - Basti  55,Rural,60+,158280,87422,70858,338,234,104,0,0,0,134,117,17,80,49,31,20,11,9,104,57,47
C3010,09,55,0000,District - Basti  55,Rural,Age not stated,4736,2559,2177,49,33,16,0,0,0,34,25,9,6,3,3,7,4,3,2,1,1
C3010,09,55,0000,District - Basti  55,Urban,All ages,115985,61440,54545,35833,19777,16056,30841,16812,14029,4614,2668,1946,274,219,55,80,63,17,24,15,9
C3010,09,55,0000,District - Basti  55,Urban,0-4,10456,5500,4956,479,249,230,479,249,230,0,0,0,0,0,0,0,0,0,0,0,0
C3010,09,55,0000,District - Basti  55,Urban,5,2997,1597,1400,851,447,404,851,447,404,0,0,0,0,0,0,0,0,0,0,0,0
C3010,09,55,0000,District - Basti  55,Urban,6,2860,1510,1350,1170,608,562,1170,608,562,0,0,0,0,0,0,0,0,0,0,0,0
C3010,09,55,0000,District - Basti  55,Urban,7,2317,1174,1143,1631,840,791,1631,840,791,0,0,0,0,0,0,0,0,0,0,0,0
C3010,09,55,0000,District - Basti  55,Urban,8,3723,1970,1753,2963,1590,1373,2963,1590,1373,0,0,0,0,0,0,0,0,0,0,0,0
C3010,09,55,0000,District - Basti  55,Urban,9,2140,1147,993,1850,999,851,1850,999,851,0,0,0,0,0,0,0,0,0,0,0,0
C3010,09,55,0000,District - Basti  55,Urban,10,4311,2310,2001,3558,1968,1590,3558,1968,1590,0,0,0,0,0,0,0,0,0,0,0,0
C3010,09,55,0000,District - Basti  55,Urban,11,1977,1083,894,1761,970,791,1761,970,791,0,0,0,0,0,0,0,0,0,0,0,0
C3010,09,55,0000,District - Basti  55,Urban,12,3981,2108,1873,3302,1775,1527,3302,1775,1527,0,0,0,0,0,0,0,0,0,0,0,0
C3010,09,55,0000,District - Basti  55,Urban,13,2450,1250,1200,2062,1077,985,2062,1077,985,0,0,0,0,0,0,0,0,0,0,0,0
C3010,09,55,0000,District - Basti  55,Urban,14,3033,1568,1465,2454,1282,1172,2454,1282,1172,0,0,0,0,0,0,0,0,0,0,0,0
C3010,09,55,0000,District - Basti  55,Urban,15-19,14154,7690,6464,9281,5104,4177,7736,4338,3398,1441,691,750,75,54,21,28,21,7,1,0,1
C3010,09,55,0000,District - Basti  55,Urban,20-24,11446,6160,5286,3737,2299,1438,1024,669,355,2611,1553,1058,87,66,21,13,9,4,2,2,0
C3010,09,55,0000,District - Basti  55,Urban,25-29,8610,4485,4125,497,387,110,0,0,0,399,301,98,70,64,6,25,20,5,3,2,1
C3010,09,55,0000,District - Basti  55,Urban,30-34,7720,3877,3843,91,66,25,0,0,0,66,46,20,18,14,4,4,4,0,3,2,1
C3010,09,55,0000,District - Basti  55,Urban,35-59,26598,14211,12387,110,93,17,0,0,0,71,61,10,19,17,2,8,7,1,12,8,4
C3010,09,55,0000,District - Basti  55,Urban,60+,6978,3658,3320,28,17,11,0,0,0,19,11,8,4,3,1,2,2,0,3,1,2
C3010,09,55,0000,District - Basti  55,Urban,Age not stated,234,142,92,8,6,2,0,0,0,7,5,2,1,1,0,0,0,0,0,0,0
C3010,09,56,0000,District - Sant Kabir Nagar *  56,Total,All ages,1420226,719465,700761,289394,177152,112242,277320,167697,109623,10579,8300,2279,443,354,89,876,685,191,176,116,60
C3010,09,56,0000,District - Sant Kabir Nagar *  56,Total,0-4,192455,98393,94062,2485,1337,1148,2485,1337,1148,0,0,0,0,0,0,0,0,0,0,0,0
C3010,09,56,0000,District - Sant Kabir Nagar *  56,Total,5,49450,26273,23177,5170,2982,2188,5170,2982,2188,0,0,0,0,0,0,0,0,0,0,0,0
C3010,09,56,0000,District - Sant Kabir Nagar *  56,Total,6,51497,26507,24990,12113,6706,5407,12113,6706,5407,0,0,0,0,0,0,0,0,0,0,0,0
C3010,09,56,0000,District - Sant Kabir Nagar *  56,Total,7,35228,18163,17065,17919,10022,7897,17919,10022,7897,0,0,0,0,0,0,0,0,0,0,0,0
C3010,09,56,0000,District - Sant Kabir Nagar *  56,Total,8,61053,32112,28941,37915,21639,16276,37915,21639,16276,0,0,0,0,0,0,0,0,0,0,0,0
C3010,09,56,0000,District - Sant Kabir Nagar *  56,Total,9,27636,14613,13023,19906,11300,8606,19906,11300,8606,0,0,0,0,0,0,0,0,0,0,0,0
C3010,09,56,0000,District - Sant Kabir Nagar *  56,Total,10,66571,35537,31034,45294,26806,18488,45294,26806,18488,0,0,0,0,0,0,0,0,0,0,0,0
C3010,09,56,0000,District - Sant Kabir Nagar *  56,Total,11,19284,10307,8977,14299,8374,5925,14299,8374,5925,0,0,0,0,0,0,0,0,0,0,0,0
C3010,09,56,0000,District - Sant Kabir Nagar *  56,Total,12,53385,27705,25680,35278,21050,14228,35278,21050,14228,0,0,0,0,0,0,0,0,0,0,0,0
C3010,09,56,0000,District - Sant Kabir Nagar *  56,Total,13,25224,12848,12376,16480,9893,6587,16480,9893,6587,0,0,0,0,0,0,0,0,0,0,0,0
C3010,09,56,0000,District - Sant Kabir Nagar *  56,Total,14,34254,17255,16999,19210,12056,7154,19210,12056,7154,0,0,0,0,0,0,0,0,0,0,0,0
C3010,09,56,0000,District - Sant Kabir Nagar *  56,Total,15-19,132464,68117,64347,49457,34088,15369,45303,31113,14190,3498,2470,1028,103,82,21,536,411,125,17,12,5
C3010,09,56,0000,District - Sant Kabir Nagar *  56,Total,20-24,102055,48416,53639,11529,8923,2606,5948,4419,1529,5362,4318,1044,103,90,13,98,83,15,18,13,5
C3010,09,56,0000,District - Sant Kabir Nagar *  56,Total,25-29,87570,40780,46790,1125,969,156,0,0,0,963,835,128,69,62,7,74,59,15,19,13,6
C3010,09,56,0000,District - Sant Kabir Nagar *  56,Total,30-34,81373,37277,44096,365,309,56,0,0,0,260,232,28,44,35,9,42,32,10,19,10,9
C3010,09,56,0000,District - Sant Kabir Nagar *  56,Total,35-59,285302,142896,142406,655,550,105,0,0,0,401,367,34,90,65,25,81,66,15,83,52,31
C3010,09,56,0000,District - Sant Kabir Nagar *  56,Total,60+,110442,59627,50815,145,110,35,0,0,0,67,55,12,30,18,12,29,21,8,19,16,3
C3010,09,56,0000,District - Sant Kabir Nagar *  56,Total,Age not stated,4983,2639,2344,49,38,11,0,0,0,28,23,5,4,2,2,16,13,3,1,0,1
C3010,09,56,0000,District - Sant Kabir Nagar *  56,Rural,All ages,1319675,666747,652928,264343,162787,101556,254086,154557,99529,8840,7142,1698,395,312,83,855,666,189,167,110,57
C3010,09,56,0000,District - Sant Kabir Nagar *  56,Rural,0-4,180254,91934,88320,2231,1210,1021,2231,1210,1021,0,0,0,0,0,0,0,0,0,0,0,0
C3010,09,56,0000,District - Sant Kabir Nagar *  56,Rural,5,46258,24563,21695,4708,2726,1982,4708,2726,1982,0,0,0,0,0,0,0,0,0,0,0,0
C3010,09,56,0000,District - Sant Kabir Nagar *  56,Rural,6,48227,24842,23385,11180,6207,4973,11180,6207,4973,0,0,0,0,0,0,0,0,0,0,0,0
C3010,09,56,0000,District - Sant Kabir Nagar *  56,Rural,7,32842,16900,15942,16405,9191,7214,16405,9191,7214,0,0,0,0,0,0,0,0,0,0,0,0
C3010,09,56,0000,District - Sant Kabir Nagar *  56,Rural,8,57090,30070,27020,35158,20157,15001,35158,20157,15001,0,0,0,0,0,0,0,0,0,0,0,0
C3010,09,56,0000,District - Sant Kabir Nagar *  56,Rural,9,25776,13630,12146,18431,10508,7923,18431,10508,7923,0,0,0,0,0,0,0,0,0,0,0,0
C3010,09,56,0000,District - Sant Kabir Nagar *  56,Rural,10,62270,33255,29015,42111,25035,17076,42111,25035,17076,0,0,0,0,0,0,0,0,0,0,0,0
C3010,09,56,0000,District - Sant Kabir Nagar *  56,Rural,11,17764,9479,8285,13088,7684,5404,13088,7684,5404,0,0,0,0,0,0,0,0,0,0,0,0
C3010,09,56,0000,District - Sant Kabir Nagar *  56,Rural,12,49633,25729,23904,32523,19528,12995,32523,19528,12995,0,0,0,0,0,0,0,0,0,0,0,0
C3010,09,56,0000,District - Sant Kabir Nagar *  56,Rural,13,23307,11827,11480,15057,9091,5966,15057,9091,5966,0,0,0,0,0,0,0,0,0,0,0,0
C3010,09,56,0000,District - Sant Kabir Nagar *  56,Rural,14,31537,15859,15678,17439,11067,6372,17439,11067,6372,0,0,0,0,0,0,0,0,0,0,0,0
C3010,09,56,0000,District - Sant Kabir Nagar *  56,Rural,15-19,120970,61958,59012,43992,30803,13189,40386,28132,12254,2974,2188,786,87,68,19,530,405,125,15,10,5
C3010,09,56,0000,District - Sant Kabir Nagar *  56,Rural,20-24,93433,43780,49653,9932,7805,2127,5369,4021,1348,4363,3614,749,88,76,12,94,81,13,18,13,5
C3010,09,56,0000,District - Sant Kabir Nagar *  56,Rural,25-29,81078,37506,43572,974,851,123,0,0,0,823,727,96,64,58,6,69,54,15,18,12,6
C3010,09,56,0000,District - Sant Kabir Nagar *  56,Rural,30-34,75321,34305,41016,315,265,50,0,0,0,217,195,22,41,32,9,38,28,10,19,10,9
C3010,09,56,0000,District - Sant Kabir Nagar *  56,Rural,35-59,264940,132224,132716,615,519,96,0,0,0,376,346,30,83,60,23,79,64,15,77,49,28
C3010,09,56,0000,District - Sant Kabir Nagar *  56,Rural,60+,104109,56316,47793,135,102,33,0,0,0,59,49,10,28,16,12,29,21,8,19,16,3
C3010,09,56,0000,District - Sant Kabir Nagar *  56,Rural,Age not stated,4866,2570,2296,49,38,11,0,0,0,28,23,5,4,2,2,16,13,3,1,0,1
C3010,09,56,0000,District - Sant Kabir Nagar *  56,Urban,All ages,100551,52718,47833,25051,14365,10686,23234,13140,10094,1739,1158,581,48,42,6,21,19,2,9,6,3
C3010,09,56,0000,District - Sant Kabir Nagar *  56,Urban,0-4,12201,6459,5742,254,127,127,254,127,127,0,0,0,0,0,0,0,0,0,0,0,0
C3010,09,56,0000,District - Sant Kabir Nagar *  56,Urban,5,3192,1710,1482,462,256,206,462,256,206,0,0,0,0,0,0,0,0,0,0,0,0
C3010,09,56,0000,District - Sant Kabir Nagar *  56,Urban,6,3270,1665,1605,933,499,434,933,499,434,0,0,0,0,0,0,0,0,0,0,0,0
C3010,09,56,0000,District - Sant Kabir Nagar *  56,Urban,7,2386,1263,1123,1514,831,683,1514,831,683,0,0,0,0,0,0,0,0,0,0,0,0
C3010,09,56,0000,District - Sant Kabir Nagar *  56,Urban,8,3963,2042,1921,2757,1482,1275,2757,1482,1275,0,0,0,0,0,0,0,0,0,0,0,0
C3010,09,56,0000,District - Sant Kabir Nagar *  56,Urban,9,1860,983,877,1475,792,683,1475,792,683,0,0,0,0,0,0,0,0,0,0,0,0
C3010,09,56,0000,District - Sant Kabir Nagar *  56,Urban,10,4301,2282,2019,3183,1771,1412,3183,1771,1412,0,0,0,0,0,0,0,0,0,0,0,0
C3010,09,56,0000,District - Sant Kabir Nagar *  56,Urban,11,1520,828,692,1211,690,521,1211,690,521,0,0,0,0,0,0,0,0,0,0,0,0
C3010,09,56,0000,District - Sant Kabir Nagar *  56,Urban,12,3752,1976,1776,2755,1522,1233,2755,1522,1233,0,0,0,0,0,0,0,0,0,0,0,0
C3010,09,56,0000,District - Sant Kabir Nagar *  56,Urban,13,1917,1021,896,1423,802,621,1423,802,621,0,0,0,0,0,0,0,0,0,0,0,0
C3010,09,56,0000,District - Sant Kabir Nagar *  56,Urban,14,2717,1396,1321,1771,989,782,1771,989,782,0,0,0,0,0,0,0,0,0,0,0,0
C3010,09,56,0000,District - Sant Kabir Nagar *  56,Urban,15-19,11494,6159,5335,5465,3285,2180,4917,2981,1936,524,282,242,16,14,2,6,6,0,2,2,0
C3010,09,56,0000,District - Sant Kabir Nagar *  56,Urban,20-24,8622,4636,3986,1597,1118,479,579,398,181,999,704,295,15,14,1,4,2,2,0,0,0
C3010,09,56,0000,District - Sant Kabir Nagar *  56,Urban,25-29,6492,3274,3218,151,118,33,0,0,0,140,108,32,5,4,1,5,5,0,1,1,0
C3010,09,56,0000,District - Sant Kabir Nagar *  56,Urban,30-34,6052,2972,3080,50,44,6,0,0,0,43,37,6,3,3,0,4,4,0,0,0,0
C3010,09,56,0000,District - Sant Kabir Nagar *  56,Urban,35-59,20362,10672,9690,40,31,9,0,0,0,25,21,4,7,5,2,2,2,0,6,3,3
C3010,09,56,0000,District - Sant Kabir Nagar *  56,Urban,60+,6333,3311,3022,10,8,2,0,0,0,8,6,2,2,2,0,0,0,0,0,0,0
C3010,09,56,0000,District - Sant Kabir Nagar *  56,Urban,Age not stated,117,69,48,0,0,0,0,0,0,0,0,0,0,0,0,0,0,0,0,0,0
C3010,09,57,0000,District - Maharajganj  57,Total,All ages,2173878,1124290,1049588,390708,248586,142122,371242,233386,137856,16674,13322,3352,1124,798,326,1020,701,319,648,379,269
C3010,09,57,0000,District - Maharajganj  57,Total,0-4,299646,151747,147899,5872,3175,2697,5872,3175,2697,0,0,0,0,0,0,0,0,0,0,0,0
C3010,09,57,0000,District - Maharajganj  57,Total,5,79490,42029,37461,11212,6447,4765,11212,6447,4765,0,0,0,0,0,0,0,0,0,0,0,0
C3010,09,57,0000,District - Maharajganj  57,Total,6,78563,40011,38552,20582,11761,8821,20582,11761,8821,0,0,0,0,0,0,0,0,0,0,0,0
C3010,09,57,0000,District - Maharajganj  57,Total,7,53640,27721,25919,26719,15466,11253,26719,15466,11253,0,0,0,0,0,0,0,0,0,0,0,0
C3010,09,57,0000,District - Maharajganj  57,Total,8,94316,49252,45064,52759,31292,21467,52759,31292,21467,0,0,0,0,0,0,0,0,0,0,0,0
C3010,09,57,0000,District - Maharajganj  57,Total,9,38573,19776,18797,25151,14480,10671,25151,14480,10671,0,0,0,0,0,0,0,0,0,0,0,0
C3010,09,57,0000,District - Maharajganj  57,Total,10,102820,55630,47190,62963,39313,23650,62963,39313,23650,0,0,0,0,0,0,0,0,0,0,0,0
C3010,09,57,0000,District - Maharajganj  57,Total,11,26406,14092,12314,17984,10968,7016,17984,10968,7016,0,0,0,0,0,0,0,0,0,0,0,0
C3010,09,57,0000,District - Maharajganj  57,Total,12,74631,39639,34992,44687,28589,16098,44687,28589,16098,0,0,0,0,0,0,0,0,0,0,0,0
C3010,09,57,0000,District - Maharajganj  57,Total,13,30405,15812,14593,18011,11384,6627,18011,11384,6627,0,0,0,0,0,0,0,0,0,0,0,0
C3010,09,57,0000,District - Maharajganj  57,Total,14,42139,21737,20402,21350,14001,7349,21350,14001,7349,0,0,0,0,0,0,0,0,0,0,0,0
C3010,09,57,0000,District - Maharajganj  57,Total,15-19,174244,95644,78600,60046,43314,16732,54513,39385,15128,4839,3473,1366,235,155,80,419,275,144,40,26,14
C3010,09,57,0000,District - Maharajganj  57,Total,20-24,161390,78021,83369,17491,13537,3954,9439,7125,2314,7603,6098,1505,212,165,47,157,111,46,80,38,42
C3010,09,57,0000,District - Maharajganj  57,Total,25-29,151144,73798,77346,2321,1947,374,0,0,0,1867,1631,236,227,176,51,140,99,41,87,41,46
C3010,09,57,0000,District - Maharajganj  57,Total,30-34,142055,69133,72922,979,800,179,0,0,0,743,656,87,98,65,33,58,40,18,80,39,41
C3010,09,57,0000,District - Maharajganj  57,Total,35-59,451235,237245,213990,1992,1658,334,0,0,0,1332,1220,112,256,172,84,158,115,43,246,151,95
C3010,09,57,0000,District - Maharajganj  57,Total,60+,157492,84405,73087,444,351,93,0,0,0,195,174,21,88,59,29,55,41,14,106,77,29
C3010,09,57,0000,District - Maharajganj  57,Total,Age not stated,15689,8598,7091,145,103,42,0,0,0,95,70,25,8,6,2,33,20,13,9,7,2
C3010,09,57,0000,District - Maharajganj  57,Rural,All ages,2063278,1066457,996821,361231,232230,129001,344162,218533,125629,14432,11944,2488,1018,711,307,977,667,310,642,375,267
C3010,09,57,0000,District - Maharajganj  57,Rural,0-4,286938,145204,141734,5434,2938,2496,5434,2938,2496,0,0,0,0,0,0,0,0,0,0,0,0
C3010,09,57,0000,District - Maharajganj  57,Rural,5,76018,40193,35825,10470,6069,4401,10470,6069,4401,0,0,0,0,0,0,0,0,0,0,0,0
C3010,09,57,0000,District - Maharajganj  57,Rural,6,75221,38300,36921,19453,11149,8304,19453,11149,8304,0,0,0,0,0,0,0,0,0,0,0,0
C3010,09,57,0000,District - Maharajganj  57,Rural,7,51090,26397,24693,24951,14494,10457,24951,14494,10457,0,0,0,0,0,0,0,0,0,0,0,0
C3010,09,57,0000,District - Maharajganj  57,Rural,8,90217,47138,43079,49674,29616,20058,49674,29616,20058,0,0,0,0,0,0,0,0,0,0,0,0
C3010,09,57,0000,District - Maharajganj  57,Rural,9,36472,18699,17773,23450,13572,9878,23450,13572,9878,0,0,0,0,0,0,0,0,0,0,0,0
C3010,09,57,0000,District - Maharajganj  57,Rural,10,98232,53175,45057,59310,37273,22037,59310,37273,22037,0,0,0,0,0,0,0,0,0,0,0,0
C3010,09,57,0000,District - Maharajganj  57,Rural,11,24623,13129,11494,16470,10137,6333,16470,10137,6333,0,0,0,0,0,0,0,0,0,0,0,0
C3010,09,57,0000,District - Maharajganj  57,Rural,12,70863,37673,33190,41702,27002,14700,41702,27002,14700,0,0,0,0,0,0,0,0,0,0,0,0
C3010,09,57,0000,District - Maharajganj  57,Rural,13,28394,14793,13601,16404,10544,5860,16404,10544,5860,0,0,0,0,0,0,0,0,0,0,0,0
C3010,09,57,0000,District - Maharajganj  57,Rural,14,39475,20388,19087,19402,12995,6407,19402,12995,6407,0,0,0,0,0,0,0,0,0,0,0,0
C3010,09,57,0000,District - Maharajganj  57,Rural,15-19,162527,89244,73283,53420,39578,13842,48711,36079,12632,4064,3080,984,201,128,73,404,265,139,40,26,14
C3010,09,57,0000,District - Maharajganj  57,Rural,20-24,151978,73062,78916,15526,12252,3274,8731,6665,2066,6381,5303,1078,185,141,44,149,105,44,80,38,42
C3010,09,57,0000,District - Maharajganj  57,Rural,25-29,143221,69782,73439,2140,1800,340,0,0,0,1723,1516,207,205,158,47,126,86,40,86,40,46
C3010,09,57,0000,District - Maharajganj  57,Rural,30-34,134708,65463,69245,938,768,170,0,0,0,711,633,78,93,60,33,54,36,18,80,39,41
C3010,09,57,0000,District - Maharajganj  57,Rural,35-59,427108,224374,202734,1919,1605,314,0,0,0,1278,1179,99,242,162,80,156,114,42,243,150,93
C3010,09,57,0000,District - Maharajganj  57,Rural,60+,150936,81099,69837,429,340,89,0,0,0,186,168,18,84,56,28,55,41,14,104,75,29
C3010,09,57,0000,District - Maharajganj  57,Rural,Age not stated,15257,8344,6913,139,98,41,0,0,0,89,65,24,8,6,2,33,20,13,9,7,2
C3010,09,57,0000,District - Maharajganj  57,Urban,All ages,110600,57833,52767,29477,16356,13121,27080,14853,12227,2242,1378,864,106,87,19,43,34,9,6,4,2
C3010,09,57,0000,District - Maharajganj  57,Urban,0-4,12708,6543,6165,438,237,201,438,237,201,0,0,0,0,0,0,0,0,0,0,0,0
C3010,09,57,0000,District - Maharajganj  57,Urban,5,3472,1836,1636,742,378,364,742,378,364,0,0,0,0,0,0,0,0,0,0,0,0
C3010,09,57,0000,District - Maharajganj  57,Urban,6,3342,1711,1631,1129,612,517,1129,612,517,0,0,0,0,0,0,0,0,0,0,0,0
C3010,09,57,0000,District - Maharajganj  57,Urban,7,2550,1324,1226,1768,972,796,1768,972,796,0,0,0,0,0,0,0,0,0,0,0,0
C3010,09,57,0000,District - Maharajganj  57,Urban,8,4099,2114,1985,3085,1676,1409,3085,1676,1409,0,0,0,0,0,0,0,0,0,0,0,0
C3010,09,57,0000,District - Maharajganj  57,Urban,9,2101,1077,1024,1701,908,793,1701,908,793,0,0,0,0,0,0,0,0,0,0,0,0
C3010,09,57,0000,District - Maharajganj  57,Urban,10,4588,2455,2133,3653,2040,1613,3653,2040,1613,0,0,0,0,0,0,0,0,0,0,0,0
C3010,09,57,0000,District - Maharajganj  57,Urban,11,1783,963,820,1514,831,683,1514,831,683,0,0,0,0,0,0,0,0,0,0,0,0
C3010,09,57,0000,District - Maharajganj  57,Urban,12,3768,1966,1802,2985,1587,1398,2985,1587,1398,0,0,0,0,0,0,0,0,0,0,0,0
C3010,09,57,0000,District - Maharajganj  57,Urban,13,2011,1019,992,1607,840,767,1607,840,767,0,0,0,0,0,0,0,0,0,0,0,0
C3010,09,57,0000,District - Maharajganj  57,Urban,14,2664,1349,1315,1948,1006,942,1948,1006,942,0,0,0,0,0,0,0,0,0,0,0,0
C3010,09,57,0000,District - Maharajganj  57,Urban,15-19,11717,6400,5317,6626,3736,2890,5802,3306,2496,775,393,382,34,27,7,15,10,5,0,0,0
C3010,09,57,0000,District - Maharajganj  57,Urban,20-24,9412,4959,4453,1965,1285,680,708,460,248,1222,795,427,27,24,3,8,6,2,0,0,0
C3010,09,57,0000,District - Maharajganj  57,Urban,25-29,7923,4016,3907,181,147,34,0,0,0,144,115,29,22,18,4,14,13,1,1,1,0
C3010,09,57,0000,District - Maharajganj  57,Urban,30-34,7347,3670,3677,41,32,9,0,0,0,32,23,9,5,5,0,4,4,0,0,0,0
C3010,09,57,0000,District - Maharajganj  57,Urban,35-59,24127,12871,11256,73,53,20,0,0,0,54,41,13,14,10,4,2,1,1,3,1,2
C3010,09,57,0000,District - Maharajganj  57,Urban,60+,6556,3306,3250,15,11,4,0,0,0,9,6,3,4,3,1,0,0,0,2,2,0
C3010,09,57,0000,District - Maharajganj  57,Urban,Age not stated,432,254,178,6,5,1,0,0,0,6,5,1,0,0,0,0,0,0,0,0,0
C3010,09,58,0000,District - Gorakhpur  58,Total,All ages,3769456,1923197,1846259,911300,535884,375416,843083,489949,353134,63413,42410,21003,3009,2389,620,1374,887,487,421,249,172
C3010,09,58,0000,District - Gorakhpur  58,Total,0-4,448796,230468,218328,8768,4684,4084,8768,4684,4084,0,0,0,0,0,0,0,0,0,0,0,0
C3010,09,58,0000,District - Gorakhpur  58,Total,5,123987,66111,57876,18797,10695,8102,18797,10695,8102,0,0,0,0,0,0,0,0,0,0,0,0
C3010,09,58,0000,District - Gorakhpur  58,Total,6,121430,62373,59057,36636,20233,16403,36636,20233,16403,0,0,0,0,0,0,0,0,0,0,0,0
C3010,09,58,0000,District - Gorakhpur  58,Total,7,90753,46827,43926,54252,29798,24454,54252,29798,24454,0,0,0,0,0,0,0,0,0,0,0,0
C3010,09,58,0000,District - Gorakhpur  58,Total,8,151170,78847,72323,102526,57251,45275,102526,57251,45275,0,0,0,0,0,0,0,0,0,0,0,0
C3010,09,58,0000,District - Gorakhpur  58,Total,9,70170,36400,33770,53722,29534,24188,53722,29534,24188,0,0,0,0,0,0,0,0,0,0,0,0
C3010,09,58,0000,District - Gorakhpur  58,Total,10,167536,88987,78549,123251,70461,52790,123251,70461,52790,0,0,0,0,0,0,0,0,0,0,0,0
C3010,09,58,0000,District - Gorakhpur  58,Total,11,54518,28646,25872,44068,24612,19456,44068,24612,19456,0,0,0,0,0,0,0,0,0,0,0,0
C3010,09,58,0000,District - Gorakhpur  58,Total,12,136514,71378,65136,100309,57588,42721,100309,57588,42721,0,0,0,0,0,0,0,0,0,0,0,0
C3010,09,58,0000,District - Gorakhpur  58,Total,13,69210,34881,34329,51562,28662,22900,51562,28662,22900,0,0,0,0,0,0,0,0,0,0,0,0
C3010,09,58,0000,District - Gorakhpur  58,Total,14,90436,46030,44406,60745,35237,25508,60745,35237,25508,0,0,0,0,0,0,0,0,0,0,0,0
C3010,09,58,0000,District - Gorakhpur  58,Total,15-19,385006,203900,181106,189421,119494,69927,167642,106382,61260,20466,12240,8226,808,591,217,460,252,208,45,29,16
C3010,09,58,0000,District - Gorakhpur  58,Total,20-24,294291,145237,149054,54721,37925,16796,20805,14812,5993,32818,22289,10529,756,596,160,287,198,89,55,30,25
C3010,09,58,0000,District - Gorakhpur  58,Total,25-29,253841,120625,133216,6899,5325,1574,0,0,0,5803,4449,1354,788,668,120,251,170,81,57,38,19
C3010,09,58,0000,District - Gorakhpur  58,Total,30-34,229778,106876,122902,1912,1459,453,0,0,0,1587,1204,383,198,164,34,86,68,18,41,23,18
C3010,09,58,0000,District - Gorakhpur  58,Total,35-59,787825,398096,389729,3139,2491,648,0,0,0,2360,1918,442,387,320,67,228,160,68,164,93,71
C3010,09,58,0000,District - Gorakhpur  58,Total,60+,287443,153731,133712,516,403,113,0,0,0,337,285,52,69,50,19,54,33,21,56,35,21
C3010,09,58,0000,District - Gorakhpur  58,Total,Age not stated,6752,3784,2968,56,32,24,0,0,0,42,25,17,3,0,3,8,6,2,3,1,2
C3010,09,58,0000,District - Gorakhpur  58,Rural,All ages,3030865,1532750,1498115,685097,411589,273508,651989,386661,265328,30775,23217,7558,1249,1011,238,795,530,265,289,170,119
C3010,09,58,0000,District - Gorakhpur  58,Rural,0-4,382423,196175,186248,5352,2898,2454,5352,2898,2454,0,0,0,0,0,0,0,0,0,0,0,0
C3010,09,58,0000,District - Gorakhpur  58,Rural,5,105183,56021,49162,12883,7408,5475,12883,7408,5475,0,0,0,0,0,0,0,0,0,0,0,0
C3010,09,58,0000,District - Gorakhpur  58,Rural,6,103134,53026,50108,28113,15755,12358,28113,15755,12358,0,0,0,0,0,0,0,0,0,0,0,0
C3010,09,58,0000,District - Gorakhpur  58,Rural,7,75321,38867,36454,43101,23946,19155,43101,23946,19155,0,0,0,0,0,0,0,0,0,0,0,0
C3010,09,58,0000,District - Gorakhpur  58,Rural,8,127430,66405,61025,84386,47481,36905,84386,47481,36905,0,0,0,0,0,0,0,0,0,0,0,0
C3010,09,58,0000,District - Gorakhpur  58,Rural,9,57674,29929,27745,43359,24112,19247,43359,24112,19247,0,0,0,0,0,0,0,0,0,0,0,0
C3010,09,58,0000,District - Gorakhpur  58,Rural,10,139534,73963,65571,100830,58261,42569,100830,58261,42569,0,0,0,0,0,0,0,0,0,0,0,0
C3010,09,58,0000,District - Gorakhpur  58,Rural,11,42666,22368,20298,33827,19126,14701,33827,19126,14701,0,0,0,0,0,0,0,0,0,0,0,0
C3010,09,58,0000,District - Gorakhpur  58,Rural,12,111399,58192,53207,79915,46798,33117,79915,46798,33117,0,0,0,0,0,0,0,0,0,0,0,0
C3010,09,58,0000,District - Gorakhpur  58,Rural,13,54671,27644,27027,39473,22576,16897,39473,22576,16897,0,0,0,0,0,0,0,0,0,0,0,0
C3010,09,58,0000,District - Gorakhpur  58,Rural,14,70875,35838,35037,45402,27149,18253,45402,27149,18253,0,0,0,0,0,0,0,0,0,0,0,0
C3010,09,58,0000,District - Gorakhpur  58,Rural,15-19,296896,155924,140972,131556,87755,43801,120355,80145,40210,10576,7190,3386,336,251,85,260,151,109,29,18,11
C3010,09,58,0000,District - Gorakhpur  58,Rural,20-24,223457,106711,116746,30473,22938,7535,14993,11006,3987,15040,11597,3443,269,216,53,131,97,34,40,22,18
C3010,09,58,0000,District - Gorakhpur  58,Rural,25-29,197066,91275,105791,3139,2638,501,0,0,0,2718,2289,429,269,244,25,118,85,33,34,20,14
C3010,09,58,0000,District - Gorakhpur  58,Rural,30-34,180214,82095,98119,1047,861,186,0,0,0,869,730,139,95,77,18,53,39,14,30,15,15
C3010,09,58,0000,District - Gorakhpur  58,Rural,35-59,616155,306110,310045,1904,1623,281,0,0,0,1377,1237,140,235,194,41,181,125,56,111,67,44
C3010,09,58,0000,District - Gorakhpur  58,Rural,60+,241168,129135,112033,308,243,65,0,0,0,176,159,17,43,29,14,45,27,18,44,28,16
C3010,09,58,0000,District - Gorakhpur  58,Rural,Age not stated,5599,3072,2527,29,21,8,0,0,0,19,15,4,2,0,2,7,6,1,1,0,1
C3010,09,58,0000,District - Gorakhpur  58,Urban,All ages,738591,390447,348144,226203,124295,101908,191094,103288,87806,32638,19193,13445,1760,1378,382,579,357,222,132,79,53
C3010,09,58,0000,District - Gorakhpur  58,Urban,0-4,66373,34293,32080,3416,1786,1630,3416,1786,1630,0,0,0,0,0,0,0,0,0,0,0,0
C3010,09,58,0000,District - Gorakhpur  58,Urban,5,18804,10090,8714,5914,3287,2627,5914,3287,2627,0,0,0,0,0,0,0,0,0,0,0,0
C3010,09,58,0000,District - Gorakhpur  58,Urban,6,18296,9347,8949,8523,4478,4045,8523,4478,4045,0,0,0,0,0,0,0,0,0,0,0,0
C3010,09,58,0000,District - Gorakhpur  58,Urban,7,15432,7960,7472,11151,5852,5299,11151,5852,5299,0,0,0,0,0,0,0,0,0,0,0,0
C3010,09,58,0000,District - Gorakhpur  58,Urban,8,23740,12442,11298,18140,9770,8370,18140,9770,8370,0,0,0,0,0,0,0,0,0,0,0,0
C3010,09,58,0000,District - Gorakhpur  58,Urban,9,12496,6471,6025,10363,5422,4941,10363,5422,4941,0,0,0,0,0,0,0,0,0,0,0,0
C3010,09,58,0000,District - Gorakhpur  58,Urban,10,28002,15024,12978,22421,12200,10221,22421,12200,10221,0,0,0,0,0,0,0,0,0,0,0,0
C3010,09,58,0000,District - Gorakhpur  58,Urban,11,11852,6278,5574,10241,5486,4755,10241,5486,4755,0,0,0,0,0,0,0,0,0,0,0,0
C3010,09,58,0000,District - Gorakhpur  58,Urban,12,25115,13186,11929,20394,10790,9604,20394,10790,9604,0,0,0,0,0,0,0,0,0,0,0,0
C3010,09,58,0000,District - Gorakhpur  58,Urban,13,14539,7237,7302,12089,6086,6003,12089,6086,6003,0,0,0,0,0,0,0,0,0,0,0,0
C3010,09,58,0000,District - Gorakhpur  58,Urban,14,19561,10192,9369,15343,8088,7255,15343,8088,7255,0,0,0,0,0,0,0,0,0,0,0,0
C3010,09,58,0000,District - Gorakhpur  58,Urban,15-19,88110,47976,40134,57865,31739,26126,47287,26237,21050,9890,5050,4840,472,340,132,200,101,99,16,11,5
C3010,09,58,0000,District - Gorakhpur  58,Urban,20-24,70834,38526,32308,24248,14987,9261,5812,3806,2006,17778,10692,7086,487,380,107,156,101,55,15,8,7
C3010,09,58,0000,District - Gorakhpur  58,Urban,25-29,56775,29350,27425,3760,2687,1073,0,0,0,3085,2160,925,519,424,95,133,85,48,23,18,5
C3010,09,58,0000,District - Gorakhpur  58,Urban,30-34,49564,24781,24783,865,598,267,0,0,0,718,474,244,103,87,16,33,29,4,11,8,3
C3010,09,58,0000,District - Gorakhpur  58,Urban,35-59,171670,91986,79684,1235,868,367,0,0,0,983,681,302,152,126,26,47,35,12,53,26,27
C3010,09,58,0000,District - Gorakhpur  58,Urban,60+,46275,24596,21679,208,160,48,0,0,0,161,126,35,26,21,5,9,6,3,12,7,5
C3010,09,58,0000,District - Gorakhpur  58,Urban,Age not stated,1153,712,441,27,11,16,0,0,0,23,10,13,1,0,1,1,0,1,2,1,1
C3010,09,59,0000,District - Kushinagar *  59,Total,All ages,2893196,1473637,1419559,568115,352096,216019,535356,326937,208419,30136,23294,6842,1212,956,256,907,651,256,504,258,246
C3010,09,59,0000,District - Kushinagar *  59,Total,0-4,376419,190380,186039,7593,4144,3449,7593,4144,3449,0,0,0,0,0,0,0,0,0,0,0,0
C3010,09,59,0000,District - Kushinagar *  59,Total,5,104794,55697,49097,15840,9130,6710,15840,9130,6710,0,0,0,0,0,0,0,0,0,0,0,0
C3010,09,59,0000,District - Kushinagar *  59,Total,6,105252,53919,51333,27381,15628,11753,27381,15628,11753,0,0,0,0,0,0,0,0,0,0,0,0
C3010,09,59,0000,District - Kushinagar *  59,Total,7,71550,36925,34625,34751,19813,14938,34751,19813,14938,0,0,0,0,0,0,0,0,0,0,0,0
C3010,09,59,0000,District - Kushinagar *  59,Total,8,128441,66612,61829,70836,40955,29881,70836,40955,29881,0,0,0,0,0,0,0,0,0,0,0,0
C3010,09,59,0000,District - Kushinagar *  59,Total,9,51720,26761,24959,33497,19310,14187,33497,19310,14187,0,0,0,0,0,0,0,0,0,0,0,0
C3010,09,59,0000,District - Kushinagar *  59,Total,10,142133,76091,66042,87805,53443,34362,87805,53443,34362,0,0,0,0,0,0,0,0,0,0,0,0
C3010,09,59,0000,District - Kushinagar *  59,Total,11,34707,18192,16515,24284,14405,9879,24284,14405,9879,0,0,0,0,0,0,0,0,0,0,0,0
C3010,09,59,0000,District - Kushinagar *  59,Total,12,105866,55442,50424,65971,40293,25678,65971,40293,25678,0,0,0,0,0,0,0,0,0,0,0,0
C3010,09,59,0000,District - Kushinagar *  59,Total,13,42966,21832,21134,27546,16420,11126,27546,16420,11126,0,0,0,0,0,0,0,0,0,0,0,0
C3010,09,59,0000,District - Kushinagar *  59,Total,14,59423,30204,29219,33820,20778,13042,33820,20778,13042,0,0,0,0,0,0,0,0,0,0,0,0
C3010,09,59,0000,District - Kushinagar *  59,Total,15-19,259783,137990,121793,103294,69821,33473,92881,62662,30219,9688,6658,3030,304,224,80,393,263,130,28,14,14
C3010,09,59,0000,District - Kushinagar *  59,Total,20-24,213594,102182,111412,27723,21345,6378,13151,9956,3195,14086,11031,3055,290,245,45,134,94,40,62,19,43
C3010,09,59,0000,District - Kushinagar *  59,Total,25-29,196924,93278,103646,3552,3084,468,0,0,0,3126,2739,387,232,207,25,133,102,31,61,36,25
C3010,09,59,0000,District - Kushinagar *  59,Total,30-34,186205,86822,99383,1362,1111,251,0,0,0,1107,947,160,109,84,25,63,46,17,83,34,49
C3010,09,59,0000,District - Kushinagar *  59,Total,35-59,598394,306874,291520,2444,2089,355,0,0,0,1869,1691,178,230,170,60,139,111,28,206,117,89
C3010,09,59,0000,District - Kushinagar *  59,Total,60+,209591,111504,98087,384,301,83,0,0,0,233,207,26,45,24,21,42,32,10,64,38,26
C3010,09,59,0000,District - Kushinagar *  59,Total,Age not stated,5434,2932,2502,32,26,6,0,0,0,27,21,6,2,2,0,3,3,0,0,0,0
C3010,09,59,0000,District - Kushinagar *  59,Rural,All ages,2760673,1403987,1356686,532128,332095,200033,503873,309797,194076,25848,20588,5260,1086,860,226,837,604,233,484,246,238
C3010,09,59,0000,District - Kushinagar *  59,Rural,0-4,362043,182937,179106,7131,3896,3235,7131,3896,3235,0,0,0,0,0,0,0,0,0,0,0,0
C3010,09,59,0000,District - Kushinagar *  59,Rural,5,100775,53557,47218,14900,8642,6258,14900,8642,6258,0,0,0,0,0,0,0,0,0,0,0,0
C3010,09,59,0000,District - Kushinagar *  59,Rural,6,101454,51944,49510,25928,14807,11121,25928,14807,11121,0,0,0,0,0,0,0,0,0,0,0,0
C3010,09,59,0000,District - Kushinagar *  59,Rural,7,68516,35377,33139,32767,18765,14002,32767,18765,14002,0,0,0,0,0,0,0,0,0,0,0,0
C3010,09,59,0000,District - Kushinagar *  59,Rural,8,123493,64082,59411,67340,39125,28215,67340,39125,28215,0,0,0,0,0,0,0,0,0,0,0,0
C3010,09,59,0000,District - Kushinagar *  59,Rural,9,49426,25578,23848,31741,18388,13353,31741,18388,13353,0,0,0,0,0,0,0,0,0,0,0,0
C3010,09,59,0000,District - Kushinagar *  59,Rural,10,136490,73079,63411,83637,51117,32520,83637,51117,32520,0,0,0,0,0,0,0,0,0,0,0,0
C3010,09,59,0000,District - Kushinagar *  59,Rural,11,32803,17161,15642,22738,13524,9214,22738,13524,9214,0,0,0,0,0,0,0,0,0,0,0,0
C3010,09,59,0000,District - Kushinagar *  59,Rural,12,101185,52959,48226,62429,38393,24036,62429,38393,24036,0,0,0,0,0,0,0,0,0,0,0,0
C3010,09,59,0000,District - Kushinagar *  59,Rural,13,40653,20690,19963,25722,15502,10220,25722,15502,10220,0,0,0,0,0,0,0,0,0,0,0,0
C3010,09,59,0000,District - Kushinagar *  59,Rural,14,56209,28557,27652,31469,19549,11920,31469,19549,11920,0,0,0,0,0,0,0,0,0,0,0,0
C3010,09,59,0000,District - Kushinagar *  59,Rural,15-19,244681,129929,114752,94642,65037,29605,85788,58723,27065,8205,5855,2350,260,201,59,365,247,118,24,11,13
C3010,09,59,0000,District - Kushinagar *  59,Rural,20-24,201488,95601,105887,24711,19374,5337,12283,9366,2917,11990,9683,2307,263,224,39,120,85,35,55,16,39
C3010,09,59,0000,District - Kushinagar *  59,Rural,25-29,187578,88434,99144,3133,2741,392,0,0,0,2753,2436,317,209,185,24,113,87,26,58,33,25
C3010,09,59,0000,District - Kushinagar *  59,Rural,30-34,177507,82574,94933,1258,1041,217,0,0,0,1019,891,128,97,73,24,60,43,17,82,34,48
C3010,09,59,0000,District - Kushinagar *  59,Rural,35-59,569339,291211,278128,2201,1895,306,0,0,0,1652,1520,132,211,151,60,136,109,27,202,115,87
C3010,09,59,0000,District - Kushinagar *  59,Rural,60+,201782,107482,94300,353,277,76,0,0,0,206,186,20,44,24,20,40,30,10,63,37,26
C3010,09,59,0000,District - Kushinagar *  59,Rural,Age not stated,5251,2835,2416,28,22,6,0,0,0,23,17,6,2,2,0,3,3,0,0,0,0
C3010,09,59,0000,District - Kushinagar *  59,Urban,All ages,132523,69650,62873,35987,20001,15986,31483,17140,14343,4288,2706,1582,126,96,30,70,47,23,20,12,8
C3010,09,59,0000,District - Kushinagar *  59,Urban,0-4,14376,7443,6933,462,248,214,462,248,214,0,0,0,0,0,0,0,0,0,0,0,0
C3010,09,59,0000,District - Kushinagar *  59,Urban,5,4019,2140,1879,940,488,452,940,488,452,0,0,0,0,0,0,0,0,0,0,0,0
C3010,09,59,0000,District - Kushinagar *  59,Urban,6,3798,1975,1823,1453,821,632,1453,821,632,0,0,0,0,0,0,0,0,0,0,0,0
C3010,09,59,0000,District - Kushinagar *  59,Urban,7,3034,1548,1486,1984,1048,936,1984,1048,936,0,0,0,0,0,0,0,0,0,0,0,0
C3010,09,59,0000,District - Kushinagar *  59,Urban,8,4948,2530,2418,3496,1830,1666,3496,1830,1666,0,0,0,0,0,0,0,0,0,0,0,0
C3010,09,59,0000,District - Kushinagar *  59,Urban,9,2294,1183,1111,1756,922,834,1756,922,834,0,0,0,0,0,0,0,0,0,0,0,0
C3010,09,59,0000,District - Kushinagar *  59,Urban,10,5643,3012,2631,4168,2326,1842,4168,2326,1842,0,0,0,0,0,0,0,0,0,0,0,0
C3010,09,59,0000,District - Kushinagar *  59,Urban,11,1904,1031,873,1546,881,665,1546,881,665,0,0,0,0,0,0,0,0,0,0,0,0
C3010,09,59,0000,District - Kushinagar *  59,Urban,12,4681,2483,2198,3542,1900,1642,3542,1900,1642,0,0,0,0,0,0,0,0,0,0,0,0
C3010,09,59,0000,District - Kushinagar *  59,Urban,13,2313,1142,1171,1824,918,906,1824,918,906,0,0,0,0,0,0,0,0,0,0,0,0
C3010,09,59,0000,District - Kushinagar *  59,Urban,14,3214,1647,1567,2351,1229,1122,2351,1229,1122,0,0,0,0,0,0,0,0,0,0,0,0
C3010,09,59,0000,District - Kushinagar *  59,Urban,15-19,15102,8061,7041,8652,4784,3868,7093,3939,3154,1483,803,680,44,23,21,28,16,12,4,3,1
C3010,09,59,0000,District - Kushinagar *  59,Urban,20-24,12106,6581,5525,3012,1971,1041,868,590,278,2096,1348,748,27,21,6,14,9,5,7,3,4
C3010,09,59,0000,District - Kushinagar *  59,Urban,25-29,9346,4844,4502,419,343,76,0,0,0,373,303,70,23,22,1,20,15,5,3,3,0
C3010,09,59,0000,District - Kushinagar *  59,Urban,30-34,8698,4248,4450,104,70,34,0,0,0,88,56,32,12,11,1,3,3,0,1,0,1
C3010,09,59,0000,District - Kushinagar *  59,Urban,35-59,29055,15663,13392,243,194,49,0,0,0,217,171,46,19,19,0,3,2,1,4,2,2
C3010,09,59,0000,District - Kushinagar *  59,Urban,60+,7809,4022,3787,31,24,7,0,0,0,27,21,6,1,0,1,2,2,0,1,1,0
C3010,09,59,0000,District - Kushinagar *  59,Urban,Age not stated,183,97,86,4,4,0,0,0,0,4,4,0,0,0,0,0,0,0,0,0,0
C3010,09,60,0000,District - Deoria  60,Total,All ages,2712650,1355023,1357627,702205,408097,294108,656203,375089,281114,42523,30512,12011,1980,1514,466,968,700,268,531,282,249
C3010,09,60,0000,District - Deoria  60,Total,0-4,330521,167892,162629,9222,4808,4414,9222,4808,4414,0,0,0,0,0,0,0,0,0,0,0,0
C3010,09,60,0000,District - Deoria  60,Total,5,94951,50816,44135,19676,10998,8678,19676,10998,8678,0,0,0,0,0,0,0,0,0,0,0,0
C3010,09,60,0000,District - Deoria  60,Total,6,90125,45986,44139,34064,18561,15503,34064,18561,15503,0,0,0,0,0,0,0,0,0,0,0,0
C3010,09,60,0000,District - Deoria  60,Total,7,69347,35949,33398,45176,24611,20565,45176,24611,20565,0,0,0,0,0,0,0,0,0,0,0,0
C3010,09,60,0000,District - Deoria  60,Total,8,111742,57702,54040,81145,44346,36799,81145,44346,36799,0,0,0,0,0,0,0,0,0,0,0,0
C3010,09,60,0000,District - Deoria  60,Total,9,51568,26417,25151,41239,22227,19012,41239,22227,19012,0,0,0,0,0,0,0,0,0,0,0,0
C3010,09,60,0000,District - Deoria  60,Total,10,124442,66183,58259,96566,54888,41678,96566,54888,41678,0,0,0,0,0,0,0,0,0,0,0,0
C3010,09,60,0000,District - Deoria  60,Total,11,38558,20211,18347,31891,17755,14136,31891,17755,14136,0,0,0,0,0,0,0,0,0,0,0,0
C3010,09,60,0000,District - Deoria  60,Total,12,96782,50019,46763,74605,41964,32641,74605,41964,32641,0,0,0,0,0,0,0,0,0,0,0,0
C3010,09,60,0000,District - Deoria  60,Total,13,47756,23899,23857,36726,20308,16418,36726,20308,16418,0,0,0,0,0,0,0,0,0,0,0,0
C3010,09,60,0000,District - Deoria  60,Total,14,62969,31965,31004,45065,25810,19255,45065,25810,19255,0,0,0,0,0,0,0,0,0,0,0,0
C3010,09,60,0000,District - Deoria  60,Total,15-19,275354,141644,133710,140947,88147,52800,125247,78019,47228,14665,9400,5265,572,418,154,417,296,121,46,14,32
C3010,09,60,0000,District - Deoria  60,Total,20-24,205197,96501,108696,36182,25901,10281,15581,10794,4787,19958,14614,5344,425,353,72,143,101,42,75,39,36
C3010,09,60,0000,District - Deoria  60,Total,25-29,179048,82034,97014,4452,3607,845,0,0,0,3891,3150,741,348,298,50,170,134,36,43,25,18
C3010,09,60,0000,District - Deoria  60,Total,30-34,161708,72029,89679,1624,1265,359,0,0,0,1363,1085,278,143,108,35,56,41,15,62,31,31
C3010,09,60,0000,District - Deoria  60,Total,35-59,541844,264610,277234,2893,2354,539,0,0,0,2174,1879,295,362,258,104,133,96,37,224,121,103
C3010,09,60,0000,District - Deoria  60,Total,60+,220760,115831,104929,592,458,134,0,0,0,361,310,51,117,73,44,39,26,13,75,49,26
C3010,09,60,0000,District - Deoria  60,Total,Age not stated,9978,5335,4643,140,89,51,0,0,0,111,74,37,13,6,7,10,6,4,6,3,3
C3010,09,60,0000,District - Deoria  60,Rural,All ages,2444345,1215257,1229088,623823,364685,259138,587826,337801,250025,33108,24828,8280,1554,1183,371,834,603,231,501,270,231
C3010,09,60,0000,District - Deoria  60,Rural,0-4,302427,153494,148933,8184,4296,3888,8184,4296,3888,0,0,0,0,0,0,0,0,0,0,0,0
C3010,09,60,0000,District - Deoria  60,Rural,5,87230,46712,40518,17757,9916,7841,17757,9916,7841,0,0,0,0,0,0,0,0,0,0,0,0
C3010,09,60,0000,District - Deoria  60,Rural,6,82591,42100,40491,31059,16937,14122,31059,16937,14122,0,0,0,0,0,0,0,0,0,0,0,0
C3010,09,60,0000,District - Deoria  60,Rural,7,63422,32865,30557,40922,22322,18600,40922,22322,18600,0,0,0,0,0,0,0,0,0,0,0,0
C3010,09,60,0000,District - Deoria  60,Rural,8,102108,52690,49418,73764,40398,33366,73764,40398,33366,0,0,0,0,0,0,0,0,0,0,0,0
C3010,09,60,0000,District - Deoria  60,Rural,9,46909,24025,22884,37391,20197,17194,37391,20197,17194,0,0,0,0,0,0,0,0,0,0,0,0
C3010,09,60,0000,District - Deoria  60,Rural,10,113563,60307,53256,87868,50067,37801,87868,50067,37801,0,0,0,0,0,0,0,0,0,0,0,0
C3010,09,60,0000,District - Deoria  60,Rural,11,34417,18010,16407,28326,15813,12513,28326,15813,12513,0,0,0,0,0,0,0,0,0,0,0,0
C3010,09,60,0000,District - Deoria  60,Rural,12,87633,45198,42435,67201,37963,29238,67201,37963,29238,0,0,0,0,0,0,0,0,0,0,0,0
C3010,09,60,0000,District - Deoria  60,Rural,13,42660,21333,21327,32493,18114,14379,32493,18114,14379,0,0,0,0,0,0,0,0,0,0,0,0
C3010,09,60,0000,District - Deoria  60,Rural,14,56041,28356,27685,39696,22929,16767,39696,22929,16767,0,0,0,0,0,0,0,0,0,0,0,0
C3010,09,60,0000,District - Deoria  60,Rural,15-19,244504,125224,119280,121696,77563,44133,109338,69211,40127,11496,7746,3750,443,324,119,376,270,106,43,12,31
C3010,09,60,0000,District - Deoria  60,Rural,20-24,181076,83766,97310,29366,21570,7796,13827,9638,4189,15045,11555,3490,308,260,48,115,80,35,71,37,34
C3010,09,60,0000,District - Deoria  60,Rural,25-29,159873,72260,87613,3531,2906,625,0,0,0,3099,2557,542,261,224,37,130,102,28,41,23,18
C3010,09,60,0000,District - Deoria  60,Rural,30-34,144639,63714,80925,1374,1093,281,0,0,0,1147,938,209,121,90,31,48,35,13,58,30,28
C3010,09,60,0000,District - Deoria  60,Rural,35-59,484145,234357,249788,2551,2114,437,0,0,0,1917,1696,221,308,216,92,119,86,33,207,116,91
C3010,09,60,0000,District - Deoria  60,Rural,60+,202474,106251,96223,524,411,113,0,0,0,305,271,34,106,66,40,38,25,13,75,49,26
C3010,09,60,0000,District - Deoria  60,Rural,Age not stated,8633,4595,4038,120,76,44,0,0,0,99,65,34,7,3,4,8,5,3,6,3,3
C3010,09,60,0000,District - Deoria  60,Urban,All ages,268305,139766,128539,78382,43412,34970,68377,37288,31089,9415,5684,3731,426,331,95,134,97,37,30,12,18
C3010,09,60,0000,District - Deoria  60,Urban,0-4,28094,14398,13696,1038,512,526,1038,512,526,0,0,0,0,0,0,0,0,0,0,0,0
C3010,09,60,0000,District - Deoria  60,Urban,5,7721,4104,3617,1919,1082,837,1919,1082,837,0,0,0,0,0,0,0,0,0,0,0,0
C3010,09,60,0000,District - Deoria  60,Urban,6,7534,3886,3648,3005,1624,1381,3005,1624,1381,0,0,0,0,0,0,0,0,0,0,0,0
C3010,09,60,0000,District - Deoria  60,Urban,7,5925,3084,2841,4254,2289,1965,4254,2289,1965,0,0,0,0,0,0,0,0,0,0,0,0
C3010,09,60,0000,District - Deoria  60,Urban,8,9634,5012,4622,7381,3948,3433,7381,3948,3433,0,0,0,0,0,0,0,0,0,0,0,0
C3010,09,60,0000,District - Deoria  60,Urban,9,4659,2392,2267,3848,2030,1818,3848,2030,1818,0,0,0,0,0,0,0,0,0,0,0,0
C3010,09,60,0000,District - Deoria  60,Urban,10,10879,5876,5003,8698,4821,3877,8698,4821,3877,0,0,0,0,0,0,0,0,0,0,0,0
C3010,09,60,0000,District - Deoria  60,Urban,11,4141,2201,1940,3565,1942,1623,3565,1942,1623,0,0,0,0,0,0,0,0,0,0,0,0
C3010,09,60,0000,District - Deoria  60,Urban,12,9149,4821,4328,7404,4001,3403,7404,4001,3403,0,0,0,0,0,0,0,0,0,0,0,0
C3010,09,60,0000,District - Deoria  60,Urban,13,5096,2566,2530,4233,2194,2039,4233,2194,2039,0,0,0,0,0,0,0,0,0,0,0,0
C3010,09,60,0000,District - Deoria  60,Urban,14,6928,3609,3319,5369,2881,2488,5369,2881,2488,0,0,0,0,0,0,0,0,0,0,0,0
C3010,09,60,0000,District - Deoria  60,Urban,15-19,30850,16420,14430,19251,10584,8667,15909,8808,7101,3169,1654,1515,129,94,35,41,26,15,3,2,1
C3010,09,60,0000,District - Deoria  60,Urban,20-24,24121,12735,11386,6816,4331,2485,1754,1156,598,4913,3059,1854,117,93,24,28,21,7,4,2,2
C3010,09,60,0000,District - Deoria  60,Urban,25-29,19175,9774,9401,921,701,220,0,0,0,792,593,199,87,74,13,40,32,8,2,2,0
C3010,09,60,0000,District - Deoria  60,Urban,30-34,17069,8315,8754,250,172,78,0,0,0,216,147,69,22,18,4,8,6,2,4,1,3
C3010,09,60,0000,District - Deoria  60,Urban,35-59,57699,30253,27446,342,240,102,0,0,0,257,183,74,54,42,12,14,10,4,17,5,12
C3010,09,60,0000,District - Deoria  60,Urban,60+,18286,9580,8706,68,47,21,0,0,0,56,39,17,11,7,4,1,1,0,0,0,0
C3010,09,60,0000,District - Deoria  60,Urban,Age not stated,1345,740,605,20,13,7,0,0,0,12,9,3,6,3,3,2,1,1,0,0,0
C3010,09,61,0000,District - Azamgarh  61,Total,All ages,3939916,1950415,1989501,974286,557859,416427,914524,515723,398801,55011,39161,15850,2286,1555,731,1595,966,629,870,454,416
C3010,09,61,0000,District - Azamgarh  61,Total,0-4,519565,264187,255378,10229,5296,4933,10229,5296,4933,0,0,0,0,0,0,0,0,0,0,0,0
C3010,09,61,0000,District - Azamgarh  61,Total,5,140205,74356,65849,20259,11077,9182,20259,11077,9182,0,0,0,0,0,0,0,0,0,0,0,0
C3010,09,61,0000,District - Azamgarh  61,Total,6,136640,70074,66566,39724,21215,18509,39724,21215,18509,0,0,0,0,0,0,0,0,0,0,0,0
C3010,09,61,0000,District - Azamgarh  61,Total,7,99421,51026,48395,61437,32773,28664,61437,32773,28664,0,0,0,0,0,0,0,0,0,0,0,0
C3010,09,61,0000,District - Azamgarh  61,Total,8,160940,83175,77765,114216,61566,52650,114216,61566,52650,0,0,0,0,0,0,0,0,0,0,0,0
C3010,09,61,0000,District - Azamgarh  61,Total,9,78036,39968,38068,62370,33144,29226,62370,33144,29226,0,0,0,0,0,0,0,0,0,0,0,0
C3010,09,61,0000,District - Azamgarh  61,Total,10,177367,93991,83376,135495,75538,59957,135495,75538,59957,0,0,0,0,0,0,0,0,0,0,0,0
C3010,09,61,0000,District - Azamgarh  61,Total,11,57895,30175,27720,47560,26033,21527,47560,26033,21527,0,0,0,0,0,0,0,0,0,0,0,0
C3010,09,61,0000,District - Azamgarh  61,Total,12,140527,73210,67317,108427,60616,47811,108427,60616,47811,0,0,0,0,0,0,0,0,0,0,0,0
C3010,09,61,0000,District - Azamgarh  61,Total,13,73642,36854,36788,56370,30760,25610,56370,30760,25610,0,0,0,0,0,0,0,0,0,0,0,0
C3010,09,61,0000,District - Azamgarh  61,Total,14,89883,44830,45053,62543,35202,27341,62543,35202,27341,0,0,0,0,0,0,0,0,0,0,0,0
C3010,09,61,0000,District - Azamgarh  61,Total,15-19,375382,191009,184373,190554,118394,72160,172396,106999,65397,16970,10707,6263,432,276,156,687,374,313,69,38,31
C3010,09,61,0000,District - Azamgarh  61,Total,20-24,291280,130785,160495,51731,35978,15753,23498,15504,7994,27465,19967,7498,422,300,122,233,155,78,113,52,61
C3010,09,61,0000,District - Azamgarh  61,Total,25-29,245855,108211,137644,6634,5211,1423,0,0,0,5875,4659,1216,459,365,94,200,140,60,100,47,53
C3010,09,61,0000,District - Azamgarh  61,Total,30-34,226277,97735,128542,2109,1580,529,0,0,0,1662,1296,366,247,163,84,111,79,32,89,42,47
C3010,09,61,0000,District - Azamgarh  61,Total,35-59,780037,377245,402792,3464,2676,788,0,0,0,2324,1994,330,533,341,192,254,157,97,353,184,169
C3010,09,61,0000,District - Azamgarh  61,Total,60+,314402,166802,147600,774,536,238,0,0,0,419,334,85,151,81,70,79,42,37,125,79,46
C3010,09,61,0000,District - Azamgarh  61,Total,Age not stated,32562,16782,15780,390,264,126,0,0,0,296,204,92,42,29,13,31,19,12,21,12,9
C3010,09,61,0000,District - Azamgarh  61,Rural,All ages,3642615,1796544,1846071,891393,513112,378281,840118,476161,363957,47080,34342,12738,2053,1363,690,1331,826,505,811,420,391
C3010,09,61,0000,District - Azamgarh  61,Rural,0-4,484194,246153,238041,8995,4669,4326,8995,4669,4326,0,0,0,0,0,0,0,0,0,0,0,0
C3010,09,61,0000,District - Azamgarh  61,Rural,5,131322,69620,61702,18069,9895,8174,18069,9895,8174,0,0,0,0,0,0,0,0,0,0,0,0
C3010,09,61,0000,District - Azamgarh  61,Rural,6,126624,65011,61613,36060,19336,16724,36060,19336,16724,0,0,0,0,0,0,0,0,0,0,0,0
C3010,09,61,0000,District - Azamgarh  61,Rural,7,92870,47703,45167,57173,30602,26571,57173,30602,26571,0,0,0,0,0,0,0,0,0,0,0,0
C3010,09,61,0000,District - Azamgarh  61,Rural,8,149059,76968,72091,105891,57118,48773,105891,57118,48773,0,0,0,0,0,0,0,0,0,0,0,0
C3010,09,61,0000,District - Azamgarh  61,Rural,9,72710,37222,35488,58227,30973,27254,58227,30973,27254,0,0,0,0,0,0,0,0,0,0,0,0
C3010,09,61,0000,District - Azamgarh  61,Rural,10,164197,86896,77301,125663,70165,55498,125663,70165,55498,0,0,0,0,0,0,0,0,0,0,0,0
C3010,09,61,0000,District - Azamgarh  61,Rural,11,53319,27789,25530,43869,24080,19789,43869,24080,19789,0,0,0,0,0,0,0,0,0,0,0,0
C3010,09,61,0000,District - Azamgarh  61,Rural,12,129340,67369,61971,99928,56092,43836,99928,56092,43836,0,0,0,0,0,0,0,0,0,0,0,0
C3010,09,61,0000,District - Azamgarh  61,Rural,13,67874,34048,33826,51943,28545,23398,51943,28545,23398,0,0,0,0,0,0,0,0,0,0,0,0
C3010,09,61,0000,District - Azamgarh  61,Rural,14,81637,40781,40856,56771,32282,24489,56771,32282,24489,0,0,0,0,0,0,0,0,0,0,0,0
C3010,09,61,0000,District - Azamgarh  61,Rural,15-19,342082,173660,168422,171987,108467,63520,156423,98395,58028,14583,9494,5089,380,236,144,539,308,231,62,34,28
C3010,09,61,0000,District - Azamgarh  61,Rural,20-24,265404,117073,148331,45137,31819,13318,21106,14009,7097,23348,17364,5984,378,262,116,202,137,65,103,47,56
C3010,09,61,0000,District - Azamgarh  61,Rural,25-29,225966,98223,127743,5685,4514,1171,0,0,0,5034,4049,985,394,310,84,167,113,54,90,42,48
C3010,09,61,0000,District - Azamgarh  61,Rural,30-34,207597,88569,119028,1870,1416,454,0,0,0,1466,1167,299,216,136,80,101,72,29,87,41,46
C3010,09,61,0000,District - Azamgarh  61,Rural,35-59,721277,346389,374888,3093,2421,672,0,0,0,2037,1797,240,502,316,186,223,139,84,331,169,162
C3010,09,61,0000,District - Azamgarh  61,Rural,60+,296474,157306,139168,683,477,206,0,0,0,352,288,64,144,76,68,70,38,32,117,75,42
C3010,09,61,0000,District - Azamgarh  61,Rural,Age not stated,30669,15764,14905,349,241,108,0,0,0,260,183,77,39,27,12,29,19,10,21,12,9
C3010,09,61,0000,District - Azamgarh  61,Urban,All ages,297301,153871,143430,82893,44747,38146,74406,39562,34844,7931,4819,3112,233,192,41,264,140,124,59,34,25
C3010,09,61,0000,District - Azamgarh  61,Urban,0-4,35371,18034,17337,1234,627,607,1234,627,607,0,0,0,0,0,0,0,0,0,0,0,0
C3010,09,61,0000,District - Azamgarh  61,Urban,5,8883,4736,4147,2190,1182,1008,2190,1182,1008,0,0,0,0,0,0,0,0,0,0,0,0
C3010,09,61,0000,District - Azamgarh  61,Urban,6,10016,5063,4953,3664,1879,1785,3664,1879,1785,0,0,0,0,0,0,0,0,0,0,0,0
C3010,09,61,0000,District - Azamgarh  61,Urban,7,6551,3323,3228,4264,2171,2093,4264,2171,2093,0,0,0,0,0,0,0,0,0,0,0,0
C3010,09,61,0000,District - Azamgarh  61,Urban,8,11881,6207,5674,8325,4448,3877,8325,4448,3877,0,0,0,0,0,0,0,0,0,0,0,0
C3010,09,61,0000,District - Azamgarh  61,Urban,9,5326,2746,2580,4143,2171,1972,4143,2171,1972,0,0,0,0,0,0,0,0,0,0,0,0
C3010,09,61,0000,District - Azamgarh  61,Urban,10,13170,7095,6075,9832,5373,4459,9832,5373,4459,0,0,0,0,0,0,0,0,0,0,0,0
C3010,09,61,0000,District - Azamgarh  61,Urban,11,4576,2386,2190,3691,1953,1738,3691,1953,1738,0,0,0,0,0,0,0,0,0,0,0,0
C3010,09,61,0000,District - Azamgarh  61,Urban,12,11187,5841,5346,8499,4524,3975,8499,4524,3975,0,0,0,0,0,0,0,0,0,0,0,0
C3010,09,61,0000,District - Azamgarh  61,Urban,13,5768,2806,2962,4427,2215,2212,4427,2215,2212,0,0,0,0,0,0,0,0,0,0,0,0
C3010,09,61,0000,District - Azamgarh  61,Urban,14,8246,4049,4197,5772,2920,2852,5772,2920,2852,0,0,0,0,0,0,0,0,0,0,0,0
C3010,09,61,0000,District - Azamgarh  61,Urban,15-19,33300,17349,15951,18567,9927,8640,15973,8604,7369,2387,1213,1174,52,40,12,148,66,82,7,4,3
C3010,09,61,0000,District - Azamgarh  61,Urban,20-24,25876,13712,12164,6594,4159,2435,2392,1495,897,4117,2603,1514,44,38,6,31,18,13,10,5,5
C3010,09,61,0000,District - Azamgarh  61,Urban,25-29,19889,9988,9901,949,697,252,0,0,0,841,610,231,65,55,10,33,27,6,10,5,5
C3010,09,61,0000,District - Azamgarh  61,Urban,30-34,18680,9166,9514,239,164,75,0,0,0,196,129,67,31,27,4,10,7,3,2,1,1
C3010,09,61,0000,District - Azamgarh  61,Urban,35-59,58760,30856,27904,371,255,116,0,0,0,287,197,90,31,25,6,31,18,13,22,15,7
C3010,09,61,0000,District - Azamgarh  61,Urban,60+,17928,9496,8432,91,59,32,0,0,0,67,46,21,7,5,2,9,4,5,8,4,4
C3010,09,61,0000,District - Azamgarh  61,Urban,Age not stated,1893,1018,875,41,23,18,0,0,0,36,21,15,3,2,1,2,0,2,0,0,0
C3010,09,62,0000,District - Mau  62,Total,All ages,1853997,933523,920474,512815,288125,224690,474522,262212,212310,35504,23940,11564,1065,762,303,1452,1051,401,272,160,112
C3010,09,62,0000,District - Mau  62,Total,0-4,242754,123960,118794,5699,2943,2756,5699,2943,2756,0,0,0,0,0,0,0,0,0,0,0,0
C3010,09,62,0000,District - Mau  62,Total,5,65346,34501,30845,14099,7636,6463,14099,7636,6463,0,0,0,0,0,0,0,0,0,0,0,0
C3010,09,62,0000,District - Mau  62,Total,6,65810,33722,32088,26920,14278,12642,26920,14278,12642,0,0,0,0,0,0,0,0,0,0,0,0
C3010,09,62,0000,District - Mau  62,Total,7,47923,24541,23382,34604,18225,16379,34604,18225,16379,0,0,0,0,0,0,0,0,0,0,0,0
C3010,09,62,0000,District - Mau  62,Total,8,77750,39942,37808,60151,31885,28266,60151,31885,28266,0,0,0,0,0,0,0,0,0,0,0,0
C3010,09,62,0000,District - Mau  62,Total,9,37696,19401,18295,31869,16848,15021,31869,16848,15021,0,0,0,0,0,0,0,0,0,0,0,0
C3010,09,62,0000,District - Mau  62,Total,10,81132,42508,38624,66128,36020,30108,66128,36020,30108,0,0,0,0,0,0,0,0,0,0,0,0
C3010,09,62,0000,District - Mau  62,Total,11,26275,13887,12388,22764,12367,10397,22764,12367,10397,0,0,0,0,0,0,0,0,0,0,0,0
C3010,09,62,0000,District - Mau  62,Total,12,63482,32700,30782,51234,27864,23370,51234,27864,23370,0,0,0,0,0,0,0,0,0,0,0,0
C3010,09,62,0000,District - Mau  62,Total,13,33873,17309,16564,27520,14948,12572,27520,14948,12572,0,0,0,0,0,0,0,0,0,0,0,0
C3010,09,62,0000,District - Mau  62,Total,14,43860,22297,21563,32720,18084,14636,32720,18084,14636,0,0,0,0,0,0,0,0,0,0,0,0
C3010,09,62,0000,District - Mau  62,Total,15-19,180623,93942,86681,102680,61718,40962,89431,53653,35778,12096,7250,4846,256,162,94,884,647,237,13,6,7
C3010,09,62,0000,District - Mau  62,Total,20-24,138844,65340,73504,29027,19526,9501,11383,7461,3922,17184,11755,5429,207,146,61,224,149,75,29,15,14
C3010,09,62,0000,District - Mau  62,Total,25-29,118820,54689,64131,3795,2935,860,0,0,0,3427,2655,772,216,174,42,121,86,35,31,20,11
C3010,09,62,0000,District - Mau  62,Total,30-34,110383,49642,60741,1247,954,293,0,0,0,1067,824,243,108,82,26,45,34,11,27,14,13
C3010,09,62,0000,District - Mau  62,Total,35-59,372640,186424,186216,1970,1598,372,0,0,0,1480,1259,221,235,170,65,130,98,32,125,71,54
C3010,09,62,0000,District - Mau  62,Total,60+,141492,75846,65646,306,240,66,0,0,0,190,157,33,38,25,13,34,25,9,44,33,11
C3010,09,62,0000,District - Mau  62,Total,Age not stated,5294,2872,2422,82,56,26,0,0,0,60,40,20,5,3,2,14,12,2,3,1,2
C3010,09,62,0000,District - Mau  62,Rural,All ages,1493628,747576,746052,415432,233815,181617,385968,213729,172239,27892,19007,8885,752,555,197,581,381,200,239,143,96
C3010,09,62,0000,District - Mau  62,Rural,0-4,196244,100335,95909,4267,2213,2054,4267,2213,2054,0,0,0,0,0,0,0,0,0,0,0,0
C3010,09,62,0000,District - Mau  62,Rural,5,54046,28573,25473,11569,6232,5337,11569,6232,5337,0,0,0,0,0,0,0,0,0,0,0,0
C3010,09,62,0000,District - Mau  62,Rural,6,52931,27126,25805,22070,11750,10320,22070,11750,10320,0,0,0,0,0,0,0,0,0,0,0,0
C3010,09,62,0000,District - Mau  62,Rural,7,39476,20281,19195,29102,15381,13721,29102,15381,13721,0,0,0,0,0,0,0,0,0,0,0,0
C3010,09,62,0000,District - Mau  62,Rural,8,62570,32157,30413,49480,26305,23175,49480,26305,23175,0,0,0,0,0,0,0,0,0,0,0,0
C3010,09,62,0000,District - Mau  62,Rural,9,31152,16028,15124,26875,14219,12656,26875,14219,12656,0,0,0,0,0,0,0,0,0,0,0,0
C3010,09,62,0000,District - Mau  62,Rural,10,65224,34074,31150,54031,29466,24565,54031,29466,24565,0,0,0,0,0,0,0,0,0,0,0,0
C3010,09,62,0000,District - Mau  62,Rural,11,21045,11075,9970,18473,10013,8460,18473,10013,8460,0,0,0,0,0,0,0,0,0,0,0,0
C3010,09,62,0000,District - Mau  62,Rural,12,50054,25710,24344,41031,22316,18715,41031,22316,18715,0,0,0,0,0,0,0,0,0,0,0,0
C3010,09,62,0000,District - Mau  62,Rural,13,27258,13828,13430,22529,12179,10350,22529,12179,10350,0,0,0,0,0,0,0,0,0,0,0,0
C3010,09,62,0000,District - Mau  62,Rural,14,33595,17074,16521,25775,14282,11493,25775,14282,11493,0,0,0,0,0,0,0,0,0,0,0,0
C3010,09,62,0000,District - Mau  62,Rural,15-19,140203,72725,67478,82184,49768,32416,72067,43651,28416,9645,5819,3826,196,131,65,266,161,105,10,6,4
C3010,09,62,0000,District - Mau  62,Rural,20-24,107733,49160,58573,22269,15136,7133,8699,5722,2977,13278,9218,4060,151,109,42,116,73,43,25,14,11
C3010,09,62,0000,District - Mau  62,Rural,25-29,95546,43288,52258,3008,2338,670,0,0,0,2746,2133,613,154,132,22,79,55,24,29,18,11
C3010,09,62,0000,District - Mau  62,Rural,30-34,88653,39243,49410,986,769,217,0,0,0,861,676,185,70,57,13,30,23,7,25,13,12
C3010,09,62,0000,District - Mau  62,Rural,35-59,302431,149452,152979,1495,1233,262,0,0,0,1160,1005,155,154,109,45,72,56,16,109,63,46
C3010,09,62,0000,District - Mau  62,Rural,60+,120938,65010,55928,222,171,51,0,0,0,146,118,28,22,14,8,15,10,5,39,29,10
C3010,09,62,0000,District - Mau  62,Rural,Age not stated,4529,2437,2092,66,44,22,0,0,0,56,38,18,5,3,2,3,3,0,2,0,2
C3010,09,62,0000,District - Mau  62,Urban,All ages,360369,185947,174422,97383,54310,43073,88554,48483,40071,7612,4933,2679,313,207,106,871,670,201,33,17,16
C3010,09,62,0000,District - Mau  62,Urban,0-4,46510,23625,22885,1432,730,702,1432,730,702,0,0,0,0,0,0,0,0,0,0,0,0
C3010,09,62,0000,District - Mau  62,Urban,5,11300,5928,5372,2530,1404,1126,2530,1404,1126,0,0,0,0,0,0,0,0,0,0,0,0
C3010,09,62,0000,District - Mau  62,Urban,6,12879,6596,6283,4850,2528,2322,4850,2528,2322,0,0,0,0,0,0,0,0,0,0,0,0
C3010,09,62,0000,District - Mau  62,Urban,7,8447,4260,4187,5502,2844,2658,5502,2844,2658,0,0,0,0,0,0,0,0,0,0,0,0
C3010,09,62,0000,District - Mau  62,Urban,8,15180,7785,7395,10671,5580,5091,10671,5580,5091,0,0,0,0,0,0,0,0,0,0,0,0
C3010,09,62,0000,District - Mau  62,Urban,9,6544,3373,3171,4994,2629,2365,4994,2629,2365,0,0,0,0,0,0,0,0,0,0,0,0
C3010,09,62,0000,District - Mau  62,Urban,10,15908,8434,7474,12097,6554,5543,12097,6554,5543,0,0,0,0,0,0,0,0,0,0,0,0
C3010,09,62,0000,District - Mau  62,Urban,11,5230,2812,2418,4291,2354,1937,4291,2354,1937,0,0,0,0,0,0,0,0,0,0,0,0
C3010,09,62,0000,District - Mau  62,Urban,12,13428,6990,6438,10203,5548,4655,10203,5548,4655,0,0,0,0,0,0,0,0,0,0,0,0
C3010,09,62,0000,District - Mau  62,Urban,13,6615,3481,3134,4991,2769,2222,4991,2769,2222,0,0,0,0,0,0,0,0,0,0,0,0
C3010,09,62,0000,District - Mau  62,Urban,14,10265,5223,5042,6945,3802,3143,6945,3802,3143,0,0,0,0,0,0,0,0,0,0,0,0
C3010,09,62,0000,District - Mau  62,Urban,15-19,40420,21217,19203,20496,11950,8546,17364,10002,7362,2451,1431,1020,60,31,29,618,486,132,3,0,3
C3010,09,62,0000,District - Mau  62,Urban,20-24,31111,16180,14931,6758,4390,2368,2684,1739,945,3906,2537,1369,56,37,19,108,76,32,4,1,3
C3010,09,62,0000,District - Mau  62,Urban,25-29,23274,11401,11873,787,597,190,0,0,0,681,522,159,62,42,20,42,31,11,2,2,0
C3010,09,62,0000,District - Mau  62,Urban,30-34,21730,10399,11331,261,185,76,0,0,0,206,148,58,38,25,13,15,11,4,2,1,1
C3010,09,62,0000,District - Mau  62,Urban,35-59,70209,36972,33237,475,365,110,0,0,0,320,254,66,81,61,20,58,42,16,16,8,8
C3010,09,62,0000,District - Mau  62,Urban,60+,20554,10836,9718,84,69,15,0,0,0,44,39,5,16,11,5,19,15,4,5,4,1
C3010,09,62,0000,District - Mau  62,Urban,Age not stated,765,435,330,16,12,4,0,0,0,4,2,2,0,0,0,11,9,2,1,1,0
C3010,09,63,0000,District - Ballia  63,Total,All ages,2761620,1413774,1347846,671973,400184,271789,619290,361313,257977,49366,36497,12869,1807,1415,392,1022,695,327,488,264,224
C3010,09,63,0000,District - Ballia  63,Total,0-4,330380,167726,162654,7028,3712,3316,7028,3712,3316,0,0,0,0,0,0,0,0,0,0,0,0
C3010,09,63,0000,District - Ballia  63,Total,5,97213,52107,45106,15164,8559,6605,15164,8559,6605,0,0,0,0,0,0,0,0,0,0,0,0
C3010,09,63,0000,District - Ballia  63,Total,6,89383,46374,43009,28215,15525,12690,28215,15525,12690,0,0,0,0,0,0,0,0,0,0,0,0
C3010,09,63,0000,District - Ballia  63,Total,7,67146,34953,32193,39644,21908,17736,39644,21908,17736,0,0,0,0,0,0,0,0,0,0,0,0
C3010,09,63,0000,District - Ballia  63,Total,8,112173,59086,53087,75145,42133,33012,75145,42133,33012,0,0,0,0,0,0,0,0,0,0,0,0
C3010,09,63,0000,District - Ballia  63,Total,9,50333,26089,24244,38329,20972,17357,38329,20972,17357,0,0,0,0,0,0,0,0,0,0,0,0
C3010,09,63,0000,District - Ballia  63,Total,10,123350,66090,57260,89613,51488,38125,89613,51488,38125,0,0,0,0,0,0,0,0,0,0,0,0
C3010,09,63,0000,District - Ballia  63,Total,11,38025,20094,17931,30508,17052,13456,30508,17052,13456,0,0,0,0,0,0,0,0,0,0,0,0
C3010,09,63,0000,District - Ballia  63,Total,12,93446,49355,44091,69431,39668,29763,69431,39668,29763,0,0,0,0,0,0,0,0,0,0,0,0
C3010,09,63,0000,District - Ballia  63,Total,13,47245,24296,22949,36090,20230,15860,36090,20230,15860,0,0,0,0,0,0,0,0,0,0,0,0
C3010,09,63,0000,District - Ballia  63,Total,14,60480,31593,28887,43504,25181,18323,43504,25181,18323,0,0,0,0,0,0,0,0,0,0,0,0
C3010,09,63,0000,District - Ballia  63,Total,15-19,269523,147409,122114,147897,95299,52598,130247,83402,46845,16905,11353,5552,424,330,94,297,208,89,24,6,18
C3010,09,63,0000,District - Ballia  63,Total,20-24,208152,102583,105569,39998,29315,10683,16372,11483,4889,23063,17395,5668,370,303,67,126,89,37,67,45,22
C3010,09,63,0000,District - Ballia  63,Total,25-29,188131,88785,99346,5372,4344,1028,0,0,0,4779,3889,890,352,299,53,176,129,47,65,27,38
C3010,09,63,0000,District - Ballia  63,Total,30-34,173561,81235,92326,1962,1534,428,0,0,0,1622,1305,317,183,142,41,98,61,37,59,26,33
C3010,09,63,0000,District - Ballia  63,Total,35-59,572125,287351,284774,3296,2657,639,0,0,0,2484,2120,364,367,262,105,247,161,86,198,114,84
C3010,09,63,0000,District - Ballia  63,Total,60+,228364,121898,106466,628,505,123,0,0,0,404,355,49,99,72,27,56,37,19,69,41,28
C3010,09,63,0000,District - Ballia  63,Total,Age not stated,12590,6750,5840,149,102,47,0,0,0,109,80,29,12,7,5,22,10,12,6,5,1
C3010,09,63,0000,District - Ballia  63,Rural,All ages,2491676,1272108,1219568,600934,360180,240754,556911,326974,229937,41206,31231,9975,1544,1204,340,817,527,290,456,244,212
C3010,09,63,0000,District - Ballia  63,Rural,0-4,302384,153396,148988,6108,3247,2861,6108,3247,2861,0,0,0,0,0,0,0,0,0,0,0,0
C3010,09,63,0000,District - Ballia  63,Rural,5,89104,47750,41354,13387,7610,5777,13387,7610,5777,0,0,0,0,0,0,0,0,0,0,0,0
C3010,09,63,0000,District - Ballia  63,Rural,6,81838,42454,39384,25336,13979,11357,25336,13979,11357,0,0,0,0,0,0,0,0,0,0,0,0
C3010,09,63,0000,District - Ballia  63,Rural,7,61042,31758,29284,35780,19830,15950,35780,19830,15950,0,0,0,0,0,0,0,0,0,0,0,0
C3010,09,63,0000,District - Ballia  63,Rural,8,102192,53789,48403,68285,38362,29923,68285,38362,29923,0,0,0,0,0,0,0,0,0,0,0,0
C3010,09,63,0000,District - Ballia  63,Rural,9,45611,23618,21993,34767,19033,15734,34767,19033,15734,0,0,0,0,0,0,0,0,0,0,0,0
C3010,09,63,0000,District - Ballia  63,Rural,10,112016,60102,51914,81477,47012,34465,81477,47012,34465,0,0,0,0,0,0,0,0,0,0,0,0
C3010,09,63,0000,District - Ballia  63,Rural,11,34142,18006,16136,27382,15336,12046,27382,15336,12046,0,0,0,0,0,0,0,0,0,0,0,0
C3010,09,63,0000,District - Ballia  63,Rural,12,84169,44434,39735,62650,35972,26678,62650,35972,26678,0,0,0,0,0,0,0,0,0,0,0,0
C3010,09,63,0000,District - Ballia  63,Rural,13,42278,21776,20502,32294,18250,14044,32294,18250,14044,0,0,0,0,0,0,0,0,0,0,0,0
C3010,09,63,0000,District - Ballia  63,Rural,14,53904,28190,25714,38770,22679,16091,38770,22679,16091,0,0,0,0,0,0,0,0,0,0,0,0
C3010,09,63,0000,District - Ballia  63,Rural,15-19,239431,130956,108475,130810,85492,45318,116080,75337,40743,14144,9746,4398,363,284,79,199,119,80,24,6,18
C3010,09,63,0000,District - Ballia  63,Rural,20-24,184410,89756,94654,34053,25400,8653,14595,10327,4268,18979,14700,4279,310,255,55,106,76,30,63,42,21
C3010,09,63,0000,District - Ballia  63,Rural,25-29,168903,79043,89860,4572,3735,837,0,0,0,4071,3358,713,294,247,47,149,106,43,58,24,34
C3010,09,63,0000,District - Ballia  63,Rural,30-34,155989,72400,83589,1706,1359,347,0,0,0,1410,1166,244,154,118,36,86,51,35,56,24,32
C3010,09,63,0000,District - Ballia  63,Rural,35-59,514177,256977,257200,2882,2349,533,0,0,0,2159,1880,279,319,227,92,221,139,82,183,103,80
C3010,09,63,0000,District - Ballia  63,Rural,60+,208713,111598,97115,557,448,109,0,0,0,347,308,39,92,66,26,51,33,18,67,41,26
C3010,09,63,0000,District - Ballia  63,Rural,Age not stated,11373,6105,5268,118,87,31,0,0,0,96,73,23,12,7,5,5,3,2,5,4,1
C3010,09,63,0000,District - Ballia  63,Urban,All ages,269944,141666,128278,71039,40004,31035,62379,34339,28040,8160,5266,2894,263,211,52,205,168,37,32,20,12
C3010,09,63,0000,District - Ballia  63,Urban,0-4,27996,14330,13666,920,465,455,920,465,455,0,0,0,0,0,0,0,0,0,0,0,0
C3010,09,63,0000,District - Ballia  63,Urban,5,8109,4357,3752,1777,949,828,1777,949,828,0,0,0,0,0,0,0,0,0,0,0,0
C3010,09,63,0000,District - Ballia  63,Urban,6,7545,3920,3625,2879,1546,1333,2879,1546,1333,0,0,0,0,0,0,0,0,0,0,0,0
C3010,09,63,0000,District - Ballia  63,Urban,7,6104,3195,2909,3864,2078,1786,3864,2078,1786,0,0,0,0,0,0,0,0,0,0,0,0
C3010,09,63,0000,District - Ballia  63,Urban,8,9981,5297,4684,6860,3771,3089,6860,3771,3089,0,0,0,0,0,0,0,0,0,0,0,0
C3010,09,63,0000,District - Ballia  63,Urban,9,4722,2471,2251,3562,1939,1623,3562,1939,1623,0,0,0,0,0,0,0,0,0,0,0,0
C3010,09,63,0000,District - Ballia  63,Urban,10,11334,5988,5346,8136,4476,3660,8136,4476,3660,0,0,0,0,0,0,0,0,0,0,0,0
C3010,09,63,0000,District - Ballia  63,Urban,11,3883,2088,1795,3126,1716,1410,3126,1716,1410,0,0,0,0,0,0,0,0,0,0,0,0
C3010,09,63,0000,District - Ballia  63,Urban,12,9277,4921,4356,6781,3696,3085,6781,3696,3085,0,0,0,0,0,0,0,0,0,0,0,0
C3010,09,63,0000,District - Ballia  63,Urban,13,4967,2520,2447,3796,1980,1816,3796,1980,1816,0,0,0,0,0,0,0,0,0,0,0,0
C3010,09,63,0000,District - Ballia  63,Urban,14,6576,3403,3173,4734,2502,2232,4734,2502,2232,0,0,0,0,0,0,0,0,0,0,0,0
C3010,09,63,0000,District - Ballia  63,Urban,15-19,30092,16453,13639,17087,9807,7280,14167,8065,6102,2761,1607,1154,61,46,15,98,89,9,0,0,0
C3010,09,63,0000,District - Ballia  63,Urban,20-24,23742,12827,10915,5945,3915,2030,1777,1156,621,4084,2695,1389,60,48,12,20,13,7,4,3,1
C3010,09,63,0000,District - Ballia  63,Urban,25-29,19228,9742,9486,800,609,191,0,0,0,708,531,177,58,52,6,27,23,4,7,3,4
C3010,09,63,0000,District - Ballia  63,Urban,30-34,17572,8835,8737,256,175,81,0,0,0,212,139,73,29,24,5,12,10,2,3,2,1
C3010,09,63,0000,District - Ballia  63,Urban,35-59,57948,30374,27574,414,308,106,0,0,0,325,240,85,48,35,13,26,22,4,15,11,4
C3010,09,63,0000,District - Ballia  63,Urban,60+,19651,10300,9351,71,57,14,0,0,0,57,47,10,7,6,1,5,4,1,2,0,2
C3010,09,63,0000,District - Ballia  63,Urban,Age not stated,1217,645,572,31,15,16,0,0,0,13,7,6,0,0,0,17,7,10,1,1,0
C3010,09,64,0000,District - Jaunpur  64,Total,All ages,3911679,1941903,1969776,983730,582057,401673,915645,530625,385020,62973,47871,15102,2716,1863,853,1711,1369,342,685,329,356
C3010,09,64,0000,District - Jaunpur  64,Total,0-4,521092,267924,253168,8702,4685,4017,8702,4685,4017,0,0,0,0,0,0,0,0,0,0,0,0
C3010,09,64,0000,District - Jaunpur  64,Total,5,133800,71769,62031,13421,7497,5924,13421,7497,5924,0,0,0,0,0,0,0,0,0,0,0,0
C3010,09,64,0000,District - Jaunpur  64,Total,6,128879,66391,62488,33210,18127,15083,33210,18127,15083,0,0,0,0,0,0,0,0,0,0,0,0
C3010,09,64,0000,District - Jaunpur  64,Total,7,97300,50523,46777,60658,33097,27561,60658,33097,27561,0,0,0,0,0,0,0,0,0,0,0,0
C3010,09,64,0000,District - Jaunpur  64,Total,8,151418,78731,72687,112663,61499,51164,112663,61499,51164,0,0,0,0,0,0,0,0,0,0,0,0
C3010,09,64,0000,District - Jaunpur  64,Total,9,83975,43231,40744,69854,37318,32536,69854,37318,32536,0,0,0,0,0,0,0,0,0,0,0,0
C3010,09,64,0000,District - Jaunpur  64,Total,10,169079,89716,79363,133486,75050,58436,133486,75050,58436,0,0,0,0,0,0,0,0,0,0,0,0
C3010,09,64,0000,District - Jaunpur  64,Total,11,69420,36809,32611,58297,32641,25656,58297,32641,25656,0,0,0,0,0,0,0,0,0,0,0,0
C3010,09,64,0000,District - Jaunpur  64,Total,12,131047,68474,62573,103957,58988,44969,103957,58988,44969,0,0,0,0,0,0,0,0,0,0,0,0
C3010,09,64,0000,District - Jaunpur  64,Total,13,76498,39378,37120,60657,34429,26228,60657,34429,26228,0,0,0,0,0,0,0,0,0,0,0,0
C3010,09,64,0000,District - Jaunpur  64,Total,14,89854,46355,43499,65342,38496,26846,65342,38496,26846,0,0,0,0,0,0,0,0,0,0,0,0
C3010,09,64,0000,District - Jaunpur  64,Total,15-19,365223,191931,173292,195901,129442,66459,174901,114913,59988,19696,13517,6179,462,306,156,811,694,117,31,12,19
C3010,09,64,0000,District - Jaunpur  64,Total,20-24,301725,135700,166025,54166,40234,13932,20497,13885,6612,32753,25693,7060,544,393,151,283,232,51,89,31,58
C3010,09,64,0000,District - Jaunpur  64,Total,25-29,240748,105758,134990,6693,5481,1212,0,0,0,5839,4828,1011,556,448,108,222,170,52,76,35,41
C3010,09,64,0000,District - Jaunpur  64,Total,30-34,216683,93296,123387,2038,1592,446,0,0,0,1633,1333,300,240,160,80,81,60,21,84,39,45
C3010,09,64,0000,District - Jaunpur  64,Total,35-59,746146,356143,390003,3207,2461,746,0,0,0,2117,1798,319,618,395,223,206,136,70,266,132,134
C3010,09,64,0000,District - Jaunpur  64,Total,60+,309764,159862,149902,833,608,225,0,0,0,449,371,78,200,115,85,76,58,18,108,64,44
C3010,09,64,0000,District - Jaunpur  64,Total,Age not stated,79028,39912,39116,645,412,233,0,0,0,486,331,155,96,46,50,32,19,13,31,16,15
C3010,09,64,0000,District - Jaunpur  64,Rural,All ages,3622268,1790619,1831649,901793,537387,364406,843247,491822,351425,53975,42368,11607,2400,1622,778,1544,1273,271,627,302,325
C3010,09,64,0000,District - Jaunpur  64,Rural,0-4,489863,251787,238076,7923,4272,3651,7923,4272,3651,0,0,0,0,0,0,0,0,0,0,0,0
C3010,09,64,0000,District - Jaunpur  64,Rural,5,125417,67216,58201,12040,6769,5271,12040,6769,5271,0,0,0,0,0,0,0,0,0,0,0,0
C3010,09,64,0000,District - Jaunpur  64,Rural,6,120565,62037,58528,30398,16634,13764,30398,16634,13764,0,0,0,0,0,0,0,0,0,0,0,0
C3010,09,64,0000,District - Jaunpur  64,Rural,7,90485,47003,43482,55967,30645,25322,55967,30645,25322,0,0,0,0,0,0,0,0,0,0,0,0
C3010,09,64,0000,District - Jaunpur  64,Rural,8,140685,73162,67523,104469,57207,47262,104469,57207,47262,0,0,0,0,0,0,0,0,0,0,0,0
C3010,09,64,0000,District - Jaunpur  64,Rural,9,78573,40446,38127,65387,35008,30379,65387,35008,30379,0,0,0,0,0,0,0,0,0,0,0,0
C3010,09,64,0000,District - Jaunpur  64,Rural,10,157198,83294,73904,124015,69857,54158,124015,69857,54158,0,0,0,0,0,0,0,0,0,0,0,0
C3010,09,64,0000,District - Jaunpur  64,Rural,11,64678,34295,30383,54250,30480,23770,54250,30480,23770,0,0,0,0,0,0,0,0,0,0,0,0
C3010,09,64,0000,District - Jaunpur  64,Rural,12,120724,62994,57730,95752,54581,41171,95752,54581,41171,0,0,0,0,0,0,0,0,0,0,0,0
C3010,09,64,0000,District - Jaunpur  64,Rural,13,70662,36518,34144,55949,32090,23859,55949,32090,23859,0,0,0,0,0,0,0,0,0,0,0,0
C3010,09,64,0000,District - Jaunpur  64,Rural,14,82163,42422,39741,59685,35581,24104,59685,35581,24104,0,0,0,0,0,0,0,0,0,0,0,0
C3010,09,64,0000,District - Jaunpur  64,Rural,15-19,332074,173978,158096,176797,118985,57812,158835,106088,52747,16803,11979,4824,376,245,131,754,661,93,29,12,17
C3010,09,64,0000,District - Jaunpur  64,Rural,20-24,274782,121089,153693,47536,35949,11587,18577,12610,5967,28170,22772,5398,464,335,129,248,208,40,77,24,53
C3010,09,64,0000,District - Jaunpur  64,Rural,25-29,220128,95228,124900,5720,4795,925,0,0,0,4989,4233,756,475,377,98,185,153,32,71,32,39
C3010,09,64,0000,District - Jaunpur  64,Rural,30-34,198834,84440,114394,1769,1405,364,0,0,0,1397,1170,227,225,149,76,71,51,20,76,35,41
C3010,09,64,0000,District - Jaunpur  64,Rural,35-59,685948,324543,361405,2800,2195,605,0,0,0,1793,1585,208,575,360,215,186,128,58,246,122,124
C3010,09,64,0000,District - Jaunpur  64,Rural,60+,291968,151028,140940,758,559,199,0,0,0,397,333,64,192,111,81,70,54,16,99,61,38
C3010,09,64,0000,District - Jaunpur  64,Rural,Age not stated,77521,39139,38382,578,375,203,0,0,0,426,296,130,93,45,48,30,18,12,29,16,13
C3010,09,64,0000,District - Jaunpur  64,Urban,All ages,289411,151284,138127,81937,44670,37267,72398,38803,33595,8998,5503,3495,316,241,75,167,96,71,58,27,31
C3010,09,64,0000,District - Jaunpur  64,Urban,0-4,31229,16137,15092,779,413,366,779,413,366,0,0,0,0,0,0,0,0,0,0,0,0
C3010,09,64,0000,District - Jaunpur  64,Urban,5,8383,4553,3830,1381,728,653,1381,728,653,0,0,0,0,0,0,0,0,0,0,0,0
C3010,09,64,0000,District - Jaunpur  64,Urban,6,8314,4354,3960,2812,1493,1319,2812,1493,1319,0,0,0,0,0,0,0,0,0,0,0,0
C3010,09,64,0000,District - Jaunpur  64,Urban,7,6815,3520,3295,4691,2452,2239,4691,2452,2239,0,0,0,0,0,0,0,0,0,0,0,0
C3010,09,64,0000,District - Jaunpur  64,Urban,8,10733,5569,5164,8194,4292,3902,8194,4292,3902,0,0,0,0,0,0,0,0,0,0,0,0
C3010,09,64,0000,District - Jaunpur  64,Urban,9,5402,2785,2617,4467,2310,2157,4467,2310,2157,0,0,0,0,0,0,0,0,0,0,0,0
C3010,09,64,0000,District - Jaunpur  64,Urban,10,11881,6422,5459,9471,5193,4278,9471,5193,4278,0,0,0,0,0,0,0,0,0,0,0,0
C3010,09,64,0000,District - Jaunpur  64,Urban,11,4742,2514,2228,4047,2161,1886,4047,2161,1886,0,0,0,0,0,0,0,0,0,0,0,0
C3010,09,64,0000,District - Jaunpur  64,Urban,12,10323,5480,4843,8205,4407,3798,8205,4407,3798,0,0,0,0,0,0,0,0,0,0,0,0
C3010,09,64,0000,District - Jaunpur  64,Urban,13,5836,2860,2976,4708,2339,2369,4708,2339,2369,0,0,0,0,0,0,0,0,0,0,0,0
C3010,09,64,0000,District - Jaunpur  64,Urban,14,7691,3933,3758,5657,2915,2742,5657,2915,2742,0,0,0,0,0,0,0,0,0,0,0,0
C3010,09,64,0000,District - Jaunpur  64,Urban,15-19,33149,17953,15196,19104,10457,8647,16066,8825,7241,2893,1538,1355,86,61,25,57,33,24,2,0,2
C3010,09,64,0000,District - Jaunpur  64,Urban,20-24,26943,14611,12332,6630,4285,2345,1920,1275,645,4583,2921,1662,80,58,22,35,24,11,12,7,5
C3010,09,64,0000,District - Jaunpur  64,Urban,25-29,20620,10530,10090,973,686,287,0,0,0,850,595,255,81,71,10,37,17,20,5,3,2
C3010,09,64,0000,District - Jaunpur  64,Urban,30-34,17849,8856,8993,269,187,82,0,0,0,236,163,73,15,11,4,10,9,1,8,4,4
C3010,09,64,0000,District - Jaunpur  64,Urban,35-59,60198,31600,28598,407,266,141,0,0,0,324,213,111,43,35,8,20,8,12,20,10,10
C3010,09,64,0000,District - Jaunpur  64,Urban,60+,17796,8834,8962,75,49,26,0,0,0,52,38,14,8,4,4,6,4,2,9,3,6
C3010,09,64,0000,District - Jaunpur  64,Urban,Age not stated,1507,773,734,67,37,30,0,0,0,60,35,25,3,1,2,2,1,1,2,0,2
C3010,09,65,0000,District - Ghazipur  65,Total,All ages,3037582,1537141,1500441,786321,464362,321959,737473,427992,309481,46104,34352,11752,1744,1355,389,656,496,160,344,167,177
C3010,09,65,0000,District - Ghazipur  65,Total,0-4,393399,200838,192561,6162,3280,2882,6162,3280,2882,0,0,0,0,0,0,0,0,0,0,0,0
C3010,09,65,0000,District - Ghazipur  65,Total,5,109842,59064,50778,13698,7719,5979,13698,7719,5979,0,0,0,0,0,0,0,0,0,0,0,0
C3010,09,65,0000,District - Ghazipur  65,Total,6,108089,56132,51957,30772,16912,13860,30772,16912,13860,0,0,0,0,0,0,0,0,0,0,0,0
C3010,09,65,0000,District - Ghazipur  65,Total,7,77089,40340,36749,51225,28030,23195,51225,28030,23195,0,0,0,0,0,0,0,0,0,0,0,0
C3010,09,65,0000,District - Ghazipur  65,Total,8,127136,66420,60716,94620,51838,42782,94620,51838,42782,0,0,0,0,0,0,0,0,0,0,0,0
C3010,09,65,0000,District - Ghazipur  65,Total,9,62732,32458,30274,52907,28449,24458,52907,28449,24458,0,0,0,0,0,0,0,0,0,0,0,0
C3010,09,65,0000,District - Ghazipur  65,Total,10,132774,70469,62305,106631,59922,46709,106631,59922,46709,0,0,0,0,0,0,0,0,0,0,0,0
C3010,09,65,0000,District - Ghazipur  65,Total,11,44073,23252,20821,38142,21034,17108,38142,21034,17108,0,0,0,0,0,0,0,0,0,0,0,0
C3010,09,65,0000,District - Ghazipur  65,Total,12,102186,53346,48840,82172,46353,35819,82172,46353,35819,0,0,0,0,0,0,0,0,0,0,0,0
C3010,09,65,0000,District - Ghazipur  65,Total,13,53702,27815,25887,43957,24746,19211,43957,24746,19211,0,0,0,0,0,0,0,0,0,0,0,0
C3010,09,65,0000,District - Ghazipur  65,Total,14,68421,35714,32707,52306,30414,21892,52306,30414,21892,0,0,0,0,0,0,0,0,0,0,0,0
C3010,09,65,0000,District - Ghazipur  65,Total,15-19,281379,152523,128856,162440,106662,55778,147201,96546,50655,14642,9685,4957,354,260,94,226,165,61,17,6,11
C3010,09,65,0000,District - Ghazipur  65,Total,20-24,223111,104883,118228,41806,31212,10594,17680,12749,4931,23582,18041,5541,368,295,73,129,105,24,47,22,25
C3010,09,65,0000,District - Ghazipur  65,Total,25-29,196460,90397,106063,5165,4302,863,0,0,0,4622,3863,759,362,307,55,133,106,27,48,26,22
C3010,09,65,0000,District - Ghazipur  65,Total,30-34,181673,82368,99305,1497,1184,313,0,0,0,1258,1011,247,156,123,33,50,36,14,33,14,19
C3010,09,65,0000,District - Ghazipur  65,Total,35-59,622037,307535,314502,2283,1884,399,0,0,0,1677,1475,202,376,279,97,89,65,24,141,65,76
C3010,09,65,0000,District - Ghazipur  65,Total,60+,242532,127724,114808,470,372,98,0,0,0,264,235,29,124,88,36,26,16,10,56,33,23
C3010,09,65,0000,District - Ghazipur  65,Total,Age not stated,10947,5863,5084,68,49,19,0,0,0,59,42,17,4,3,1,3,3,0,2,1,1
C3010,09,65,0000,District - Ghazipur  65,Rural,All ages,2804212,1414994,1389218,718466,426501,291965,676265,394346,281919,39764,30385,9379,1535,1181,354,577,430,147,325,159,166
C3010,09,65,0000,District - Ghazipur  65,Rural,0-4,367660,187644,180016,5544,2964,2580,5544,2964,2580,0,0,0,0,0,0,0,0,0,0,0,0
C3010,09,65,0000,District - Ghazipur  65,Rural,5,103041,55440,47601,12461,7057,5404,12461,7057,5404,0,0,0,0,0,0,0,0,0,0,0,0
C3010,09,65,0000,District - Ghazipur  65,Rural,6,101057,52465,48592,28531,15716,12815,28531,15716,12815,0,0,0,0,0,0,0,0,0,0,0,0
C3010,09,65,0000,District - Ghazipur  65,Rural,7,71872,37610,34262,47406,25994,21412,47406,25994,21412,0,0,0,0,0,0,0,0,0,0,0,0
C3010,09,65,0000,District - Ghazipur  65,Rural,8,118303,61744,56559,87686,48105,39581,87686,48105,39581,0,0,0,0,0,0,0,0,0,0,0,0
C3010,09,65,0000,District - Ghazipur  65,Rural,9,58541,30284,28257,49313,26556,22757,49313,26556,22757,0,0,0,0,0,0,0,0,0,0,0,0
C3010,09,65,0000,District - Ghazipur  65,Rural,10,122904,65167,57737,98525,55475,43050,98525,55475,43050,0,0,0,0,0,0,0,0,0,0,0,0
C3010,09,65,0000,District - Ghazipur  65,Rural,11,40560,21395,19165,35118,19418,15700,35118,19418,15700,0,0,0,0,0,0,0,0,0,0,0,0
C3010,09,65,0000,District - Ghazipur  65,Rural,12,93748,48956,44792,75129,42597,32532,75129,42597,32532,0,0,0,0,0,0,0,0,0,0,0,0
C3010,09,65,0000,District - Ghazipur  65,Rural,13,49373,25604,23769,40290,22816,17474,40290,22816,17474,0,0,0,0,0,0,0,0,0,0,0,0
C3010,09,65,0000,District - Ghazipur  65,Rural,14,62145,32516,29629,47435,27866,19569,47435,27866,19569,0,0,0,0,0,0,0,0,0,0,0,0
C3010,09,65,0000,District - Ghazipur  65,Rural,15-19,255696,138555,117141,146284,97418,48866,133053,88352,44701,12709,8695,4014,310,225,85,196,140,56,16,6,10
C3010,09,65,0000,District - Ghazipur  65,Rural,20-24,202597,93802,108795,36282,27498,8784,15774,11430,4344,20045,15717,4328,306,240,66,114,91,23,43,20,23
C3010,09,65,0000,District - Ghazipur  65,Rural,25-29,180440,82145,98295,4535,3819,716,0,0,0,4066,3444,622,311,262,49,114,90,24,44,23,21
C3010,09,65,0000,District - Ghazipur  65,Rural,30-34,167310,75414,91896,1355,1084,271,0,0,0,1141,930,211,140,110,30,43,31,12,31,13,18
C3010,09,65,0000,District - Ghazipur  65,Rural,35-59,572206,281382,290824,2083,1734,349,0,0,0,1519,1353,166,348,259,89,82,59,23,134,63,71
C3010,09,65,0000,District - Ghazipur  65,Rural,60+,227274,119827,107447,428,342,86,0,0,0,231,210,21,117,83,34,25,16,9,55,33,22
C3010,09,65,0000,District - Ghazipur  65,Rural,Age not stated,9485,5044,4441,61,42,19,0,0,0,53,36,17,3,2,1,3,3,0,2,1,1
C3010,09,65,0000,District - Ghazipur  65,Urban,All ages,233370,122147,111223,67855,37861,29994,61208,33646,27562,6340,3967,2373,209,174,35,79,66,13,19,8,11
C3010,09,65,0000,District - Ghazipur  65,Urban,0-4,25739,13194,12545,618,316,302,618,316,302,0,0,0,0,0,0,0,0,0,0,0,0
C3010,09,65,0000,District - Ghazipur  65,Urban,5,6801,3624,3177,1237,662,575,1237,662,575,0,0,0,0,0,0,0,0,0,0,0,0
C3010,09,65,0000,District - Ghazipur  65,Urban,6,7032,3667,3365,2241,1196,1045,2241,1196,1045,0,0,0,0,0,0,0,0,0,0,0,0
C3010,09,65,0000,District - Ghazipur  65,Urban,7,5217,2730,2487,3819,2036,1783,3819,2036,1783,0,0,0,0,0,0,0,0,0,0,0,0
C3010,09,65,0000,District - Ghazipur  65,Urban,8,8833,4676,4157,6934,3733,3201,6934,3733,3201,0,0,0,0,0,0,0,0,0,0,0,0
C3010,09,65,0000,District - Ghazipur  65,Urban,9,4191,2174,2017,3594,1893,1701,3594,1893,1701,0,0,0,0,0,0,0,0,0,0,0,0
C3010,09,65,0000,District - Ghazipur  65,Urban,10,9870,5302,4568,8106,4447,3659,8106,4447,3659,0,0,0,0,0,0,0,0,0,0,0,0
C3010,09,65,0000,District - Ghazipur  65,Urban,11,3513,1857,1656,3024,1616,1408,3024,1616,1408,0,0,0,0,0,0,0,0,0,0,0,0
C3010,09,65,0000,District - Ghazipur  65,Urban,12,8438,4390,4048,7043,3756,3287,7043,3756,3287,0,0,0,0,0,0,0,0,0,0,0,0
C3010,09,65,0000,District - Ghazipur  65,Urban,13,4329,2211,2118,3667,1930,1737,3667,1930,1737,0,0,0,0,0,0,0,0,0,0,0,0
C3010,09,65,0000,District - Ghazipur  65,Urban,14,6276,3198,3078,4871,2548,2323,4871,2548,2323,0,0,0,0,0,0,0,0,0,0,0,0
C3010,09,65,0000,District - Ghazipur  65,Urban,15-19,25683,13968,11715,16156,9244,6912,14148,8194,5954,1933,990,943,44,35,9,30,25,5,1,0,1
C3010,09,65,0000,District - Ghazipur  65,Urban,20-24,20514,11081,9433,5524,3714,1810,1906,1319,587,3537,2324,1213,62,55,7,15,14,1,4,2,2
C3010,09,65,0000,District - Ghazipur  65,Urban,25-29,16020,8252,7768,630,483,147,0,0,0,556,419,137,51,45,6,19,16,3,4,3,1
C3010,09,65,0000,District - Ghazipur  65,Urban,30-34,14363,6954,7409,142,100,42,0,0,0,117,81,36,16,13,3,7,5,2,2,1,1
C3010,09,65,0000,District - Ghazipur  65,Urban,35-59,49831,26153,23678,200,150,50,0,0,0,158,122,36,28,20,8,7,6,1,7,2,5
C3010,09,65,0000,District - Ghazipur  65,Urban,60+,15258,7897,7361,42,30,12,0,0,0,33,25,8,7,5,2,1,0,1,1,0,1
C3010,09,65,0000,District - Ghazipur  65,Urban,Age not stated,1462,819,643,7,7,0,0,0,0,6,6,0,1,1,0,0,0,0,0,0,0
C3010,09,66,0000,District - Chandauli *  66,Total,All ages,1643251,855123,788128,385437,229505,155932,356925,208573,148352,26780,19631,7149,1005,802,203,550,398,152,177,101,76
C3010,09,66,0000,District - Chandauli *  66,Total,0-4,210260,107249,103011,2868,1542,1326,2868,1542,1326,0,0,0,0,0,0,0,0,0,0,0,0
C3010,09,66,0000,District - Chandauli *  66,Total,5,60559,32593,27966,6331,3614,2717,6331,3614,2717,0,0,0,0,0,0,0,0,0,0,0,0
C3010,09,66,0000,District - Chandauli *  66,Total,6,57546,29722,27824,16521,9045,7476,16521,9045,7476,0,0,0,0,0,0,0,0,0,0,0,0
C3010,09,66,0000,District - Chandauli *  66,Total,7,40171,20710,19461,25017,13532,11485,25017,13532,11485,0,0,0,0,0,0,0,0,0,0,0,0
C3010,09,66,0000,District - Chandauli *  66,Total,8,64963,33805,31158,46087,25268,20819,46087,25268,20819,0,0,0,0,0,0,0,0,0,0,0,0
C3010,09,66,0000,District - Chandauli *  66,Total,9,34949,18320,16629,28573,15569,13004,28573,15569,13004,0,0,0,0,0,0,0,0,0,0,0,0
C3010,09,66,0000,District - Chandauli *  66,Total,10,64221,34634,29587,49004,27946,21058,49004,27946,21058,0,0,0,0,0,0,0,0,0,0,0,0
C3010,09,66,0000,District - Chandauli *  66,Total,11,23932,12954,10978,20250,11487,8763,20250,11487,8763,0,0,0,0,0,0,0,0,0,0,0,0
C3010,09,66,0000,District - Chandauli *  66,Total,12,50111,26483,23628,37829,21599,16230,37829,21599,16230,0,0,0,0,0,0,0,0,0,0,0,0
C3010,09,66,0000,District - Chandauli *  66,Total,13,28255,14936,13319,22042,12574,9468,22042,12574,9468,0,0,0,0,0,0,0,0,0,0,0,0
C3010,09,66,0000,District - Chandauli *  66,Total,14,34603,18558,16045,25078,14892,10186,25078,14892,10186,0,0,0,0,0,0,0,0,0,0,0,0
C3010,09,66,0000,District - Chandauli *  66,Total,15-19,148105,82787,65318,77802,51191,26611,68759,45321,23438,8604,5551,3053,257,202,55,172,110,62,10,7,3
C3010,09,66,0000,District - Chandauli *  66,Total,20-24,128555,64145,64410,22259,16592,5667,8566,6184,2382,13278,10085,3193,258,213,45,130,94,36,27,16,11
C3010,09,66,0000,District - Chandauli *  66,Total,25-29,117230,58387,58843,3030,2482,548,0,0,0,2635,2161,474,235,199,36,136,108,28,24,14,10
C3010,09,66,0000,District - Chandauli *  66,Total,30-34,108258,52670,55588,932,727,205,0,0,0,808,635,173,66,51,15,40,31,9,18,10,8
C3010,09,66,0000,District - Chandauli *  66,Total,35-59,344565,180367,164198,1484,1213,271,0,0,0,1225,1026,199,140,110,30,54,41,13,65,36,29
C3010,09,66,0000,District - Chandauli *  66,Total,60+,121901,64020,57881,278,201,77,0,0,0,185,148,37,44,23,21,17,13,4,32,17,15
C3010,09,66,0000,District - Chandauli *  66,Total,Age not stated,5067,2783,2284,52,31,21,0,0,0,45,25,20,5,4,1,1,1,0,1,1,0
C3010,09,66,0000,District - Chandauli *  66,Rural,All ages,1469693,763127,706566,335049,201057,133992,312645,184116,128529,21070,15931,5139,766,618,148,414,306,108,154,86,68
C3010,09,66,0000,District - Chandauli *  66,Rural,0-4,192263,98128,94135,2377,1282,1095,2377,1282,1095,0,0,0,0,0,0,0,0,0,0,0,0
C3010,09,66,0000,District - Chandauli *  66,Rural,5,55500,29799,25701,5379,3070,2309,5379,3070,2309,0,0,0,0,0,0,0,0,0,0,0,0
C3010,09,66,0000,District - Chandauli *  66,Rural,6,52587,27175,25412,14795,8134,6661,14795,8134,6661,0,0,0,0,0,0,0,0,0,0,0,0
C3010,09,66,0000,District - Chandauli *  66,Rural,7,36171,18654,17517,22106,11988,10118,22106,11988,10118,0,0,0,0,0,0,0,0,0,0,0,0
C3010,09,66,0000,District - Chandauli *  66,Rural,8,58561,30489,28072,41154,22636,18518,41154,22636,18518,0,0,0,0,0,0,0,0,0,0,0,0
C3010,09,66,0000,District - Chandauli *  66,Rural,9,31659,16590,15069,25809,14080,11729,25809,14080,11729,0,0,0,0,0,0,0,0,0,0,0,0
C3010,09,66,0000,District - Chandauli *  66,Rural,10,57478,30981,26497,43531,24919,18612,43531,24919,18612,0,0,0,0,0,0,0,0,0,0,0,0
C3010,09,66,0000,District - Chandauli *  66,Rural,11,20998,11439,9559,17747,10172,7575,17747,10172,7575,0,0,0,0,0,0,0,0,0,0,0,0
C3010,09,66,0000,District - Chandauli *  66,Rural,12,44279,23379,20900,33039,18991,14048,33039,18991,14048,0,0,0,0,0,0,0,0,0,0,0,0
C3010,09,66,0000,District - Chandauli *  66,Rural,13,24745,13106,11639,19111,11007,8104,19111,11007,8104,0,0,0,0,0,0,0,0,0,0,0,0
C3010,09,66,0000,District - Chandauli *  66,Rural,14,30106,16251,13855,21565,13034,8531,21565,13034,8531,0,0,0,0,0,0,0,0,0,0,0,0
C3010,09,66,0000,District - Chandauli *  66,Rural,15-19,129000,72179,56821,65714,44205,21509,58632,39430,19202,6770,4542,2228,177,141,36,128,87,41,7,5,2
C3010,09,66,0000,District - Chandauli *  66,Rural,20-24,113468,55945,57523,18042,13692,4350,7400,5373,2027,10340,8082,2258,182,154,28,96,69,27,24,14,10
C3010,09,66,0000,District - Chandauli *  66,Rural,25-29,104984,52025,52959,2401,2012,389,0,0,0,2099,1762,337,180,158,22,104,83,21,18,9,9
C3010,09,66,0000,District - Chandauli *  66,Rural,30-34,96836,46974,49862,772,607,165,0,0,0,668,531,137,57,43,14,31,24,7,16,9,7
C3010,09,66,0000,District - Chandauli *  66,Rural,35-59,304728,158643,146085,1227,1026,201,0,0,0,1000,865,135,126,98,28,42,32,10,59,31,28
C3010,09,66,0000,District - Chandauli *  66,Rural,60+,111622,58820,52802,239,177,62,0,0,0,159,130,29,39,20,19,12,10,2,29,17,12
C3010,09,66,0000,District - Chandauli *  66,Rural,Age not stated,4708,2550,2158,41,25,16,0,0,0,34,19,15,5,4,1,1,1,0,1,1,0
C3010,09,66,0000,District - Chandauli *  66,Urban,All ages,173558,91996,81562,50388,28448,21940,44280,24457,19823,5710,3700,2010,239,184,55,136,92,44,23,15,8
C3010,09,66,0000,District - Chandauli *  66,Urban,0-4,17997,9121,8876,491,260,231,491,260,231,0,0,0,0,0,0,0,0,0,0,0,0
C3010,09,66,0000,District - Chandauli *  66,Urban,5,5059,2794,2265,952,544,408,952,544,408,0,0,0,0,0,0,0,0,0,0,0,0
C3010,09,66,0000,District - Chandauli *  66,Urban,6,4959,2547,2412,1726,911,815,1726,911,815,0,0,0,0,0,0,0,0,0,0,0,0
C3010,09,66,0000,District - Chandauli *  66,Urban,7,4000,2056,1944,2911,1544,1367,2911,1544,1367,0,0,0,0,0,0,0,0,0,0,0,0
C3010,09,66,0000,District - Chandauli *  66,Urban,8,6402,3316,3086,4933,2632,2301,4933,2632,2301,0,0,0,0,0,0,0,0,0,0,0,0
C3010,09,66,0000,District - Chandauli *  66,Urban,9,3290,1730,1560,2764,1489,1275,2764,1489,1275,0,0,0,0,0,0,0,0,0,0,0,0
C3010,09,66,0000,District - Chandauli *  66,Urban,10,6743,3653,3090,5473,3027,2446,5473,3027,2446,0,0,0,0,0,0,0,0,0,0,0,0
C3010,09,66,0000,District - Chandauli *  66,Urban,11,2934,1515,1419,2503,1315,1188,2503,1315,1188,0,0,0,0,0,0,0,0,0,0,0,0
C3010,09,66,0000,District - Chandauli *  66,Urban,12,5832,3104,2728,4790,2608,2182,4790,2608,2182,0,0,0,0,0,0,0,0,0,0,0,0
C3010,09,66,0000,District - Chandauli *  66,Urban,13,3510,1830,1680,2931,1567,1364,2931,1567,1364,0,0,0,0,0,0,0,0,0,0,0,0
C3010,09,66,0000,District - Chandauli *  66,Urban,14,4497,2307,2190,3513,1858,1655,3513,1858,1655,0,0,0,0,0,0,0,0,0,0,0,0
C3010,09,66,0000,District - Chandauli *  66,Urban,15-19,19105,10608,8497,12088,6986,5102,10127,5891,4236,1834,1009,825,80,61,19,44,23,21,3,2,1
C3010,09,66,0000,District - Chandauli *  66,Urban,20-24,15087,8200,6887,4217,2900,1317,1166,811,355,2938,2003,935,76,59,17,34,25,9,3,2,1
C3010,09,66,0000,District - Chandauli *  66,Urban,25-29,12246,6362,5884,629,470,159,0,0,0,536,399,137,55,41,14,32,25,7,6,5,1
C3010,09,66,0000,District - Chandauli *  66,Urban,30-34,11422,5696,5726,160,120,40,0,0,0,140,104,36,9,8,1,9,7,2,2,1,1
C3010,09,66,0000,District - Chandauli *  66,Urban,35-59,39837,21724,18113,257,187,70,0,0,0,225,161,64,14,12,2,12,9,3,6,5,1
C3010,09,66,0000,District - Chandauli *  66,Urban,60+,10279,5200,5079,39,24,15,0,0,0,26,18,8,5,3,2,5,3,2,3,0,3
C3010,09,66,0000,District - Chandauli *  66,Urban,Age not stated,359,233,126,11,6,5,0,0,0,11,6,5,0,0,0,0,0,0,0,0,0
C3010,09,67,0000,District - Varanasi  67,Total,All ages,3138671,1649187,1489484,817146,471622,345524,734201,415557,318644,74181,49711,24470,5654,4305,1349,2356,1643,713,754,406,348
C3010,09,67,0000,District - Varanasi  67,Total,0-4,373306,192966,180340,9261,4896,4365,9261,4896,4365,0,0,0,0,0,0,0,0,0,0,0,0
C3010,09,67,0000,District - Varanasi  67,Total,5,101617,54692,46925,16886,9481,7405,16886,9481,7405,0,0,0,0,0,0,0,0,0,0,0,0
C3010,09,67,0000,District - Varanasi  67,Total,6,100959,52382,48577,36894,19779,17115,36894,19779,17115,0,0,0,0,0,0,0,0,0,0,0,0
C3010,09,67,0000,District - Varanasi  67,Total,7,74661,38645,36016,50819,27204,23615,50819,27204,23615,0,0,0,0,0,0,0,0,0,0,0,0
C3010,09,67,0000,District - Varanasi  67,Total,8,116605,60844,55761,87451,47117,40334,87451,47117,40334,0,0,0,0,0,0,0,0,0,0,0,0
C3010,09,67,0000,District - Varanasi  67,Total,9,64473,33213,31260,53212,28193,25019,53212,28193,25019,0,0,0,0,0,0,0,0,0,0,0,0
C3010,09,67,0000,District - Varanasi  67,Total,10,122320,65504,56816,95675,53166,42509,95675,53166,42509,0,0,0,0,0,0,0,0,0,0,0,0
C3010,09,67,0000,District - Varanasi  67,Total,11,52389,28014,24375,43371,23955,19416,43371,23955,19416,0,0,0,0,0,0,0,0,0,0,0,0
C3010,09,67,0000,District - Varanasi  67,Total,12,102023,54340,47683,78173,43741,34432,78173,43741,34432,0,0,0,0,0,0,0,0,0,0,0,0
C3010,09,67,0000,District - Varanasi  67,Total,13,61183,31703,29480,47380,26059,21321,47380,26059,21321,0,0,0,0,0,0,0,0,0,0,0,0
C3010,09,67,0000,District - Varanasi  67,Total,14,74688,39353,35335,52570,29946,22624,52570,29946,22624,0,0,0,0,0,0,0,0,0,0,0,0
C3010,09,67,0000,District - Varanasi  67,Total,15-19,320847,180010,140837,168434,104603,63831,145061,90328,54733,20936,12668,8268,1446,970,476,926,597,329,65,40,25
C3010,09,67,0000,District - Varanasi  67,Total,20-24,271195,142219,128976,58742,40010,18732,17448,11692,5756,38965,26549,12416,1648,1308,340,536,385,151,145,76,69
C3010,09,67,0000,District - Varanasi  67,Total,25-29,225114,113415,111699,9626,7270,2356,0,0,0,7591,5649,1942,1489,1240,249,438,326,112,108,55,53
C3010,09,67,0000,District - Varanasi  67,Total,30-34,202822,100284,102538,2742,1941,801,0,0,0,2142,1509,633,353,273,80,163,117,46,84,42,42
C3010,09,67,0000,District - Varanasi  67,Total,35-59,643399,338817,304582,4702,3383,1319,0,0,0,3654,2671,983,578,420,158,219,161,58,251,131,120
C3010,09,67,0000,District - Varanasi  67,Total,60+,213838,113325,100513,1022,762,260,0,0,0,749,573,176,117,82,35,67,51,16,89,56,33
C3010,09,67,0000,District - Varanasi  67,Total,Age not stated,17232,9461,7771,186,116,70,0,0,0,144,92,52,23,12,11,7,6,1,12,6,6
C3010,09,67,0000,District - Varanasi  67,Rural,All ages,1878100,976055,902045,478596,282792,195804,449062,260346,188716,27023,20640,6383,1510,1177,333,621,443,178,380,186,194
C3010,09,67,0000,District - Varanasi  67,Rural,0-4,251347,129372,121975,4025,2133,1892,4025,2133,1892,0,0,0,0,0,0,0,0,0,0,0,0
C3010,09,67,0000,District - Varanasi  67,Rural,5,68656,37044,31612,8114,4669,3445,8114,4669,3445,0,0,0,0,0,0,0,0,0,0,0,0
C3010,09,67,0000,District - Varanasi  67,Rural,6,66459,34616,31843,23116,12551,10565,23116,12551,10565,0,0,0,0,0,0,0,0,0,0,0,0
C3010,09,67,0000,District - Varanasi  67,Rural,7,48832,25400,23432,34462,18650,15812,34462,18650,15812,0,0,0,0,0,0,0,0,0,0,0,0
C3010,09,67,0000,District - Varanasi  67,Rural,8,74754,39101,35653,58960,31942,27018,58960,31942,27018,0,0,0,0,0,0,0,0,0,0,0,0
C3010,09,67,0000,District - Varanasi  67,Rural,9,42376,21896,20480,36688,19584,17104,36688,19584,17104,0,0,0,0,0,0,0,0,0,0,0,0
C3010,09,67,0000,District - Varanasi  67,Rural,10,75119,40244,34875,61541,34526,27015,61541,34526,27015,0,0,0,0,0,0,0,0,0,0,0,0
C3010,09,67,0000,District - Varanasi  67,Rural,11,31572,17020,14552,27387,15393,11994,27387,15393,11994,0,0,0,0,0,0,0,0,0,0,0,0
C3010,09,67,0000,District - Varanasi  67,Rural,12,58629,31270,27359,46803,26752,20051,46803,26752,20051,0,0,0,0,0,0,0,0,0,0,0,0
C3010,09,67,0000,District - Varanasi  67,Rural,13,36031,19039,16992,29079,16579,12500,29079,16579,12500,0,0,0,0,0,0,0,0,0,0,0,0
C3010,09,67,0000,District - Varanasi  67,Rural,14,41459,22281,19178,30440,18184,12256,30440,18184,12256,0,0,0,0,0,0,0,0,0,0,0,0
C3010,09,67,0000,District - Varanasi  67,Rural,15-19,172511,97432,75079,88983,59907,29076,79792,53449,26343,8644,6085,2559,316,231,85,208,131,77,23,11,12
C3010,09,67,0000,District - Varanasi  67,Rural,20-24,148933,73138,75795,23024,17153,5871,8655,5934,2721,13763,10768,2995,407,328,79,132,101,31,67,22,45
C3010,09,67,0000,District - Varanasi  67,Rural,25-29,130081,63749,66332,3133,2568,565,0,0,0,2585,2124,461,364,314,50,127,102,25,57,28,29
C3010,09,67,0000,District - Varanasi  67,Rural,30-34,119026,57373,61653,950,714,236,0,0,0,725,560,165,129,100,29,56,38,18,40,16,24
C3010,09,67,0000,District - Varanasi  67,Rural,35-59,365711,189484,176227,1485,1166,319,0,0,0,1024,871,153,243,170,73,72,50,22,146,75,71
C3010,09,67,0000,District - Varanasi  67,Rural,60+,133874,70635,63239,303,247,56,0,0,0,203,173,30,41,28,13,22,18,4,37,28,9
C3010,09,67,0000,District - Varanasi  67,Rural,Age not stated,12730,6961,5769,103,74,29,0,0,0,79,59,20,10,6,4,4,3,1,10,6,4
C3010,09,67,0000,District - Varanasi  67,Urban,All ages,1260571,673132,587439,338550,188830,149720,285139,155211,129928,47158,29071,18087,4144,3128,1016,1735,1200,535,374,220,154
C3010,09,67,0000,District - Varanasi  67,Urban,0-4,121959,63594,58365,5236,2763,2473,5236,2763,2473,0,0,0,0,0,0,0,0,0,0,0,0
C3010,09,67,0000,District - Varanasi  67,Urban,5,32961,17648,15313,8772,4812,3960,8772,4812,3960,0,0,0,0,0,0,0,0,0,0,0,0
C3010,09,67,0000,District - Varanasi  67,Urban,6,34500,17766,16734,13778,7228,6550,13778,7228,6550,0,0,0,0,0,0,0,0,0,0,0,0
C3010,09,67,0000,District - Varanasi  67,Urban,7,25829,13245,12584,16357,8554,7803,16357,8554,7803,0,0,0,0,0,0,0,0,0,0,0,0
C3010,09,67,0000,District - Varanasi  67,Urban,8,41851,21743,20108,28491,15175,13316,28491,15175,13316,0,0,0,0,0,0,0,0,0,0,0,0
C3010,09,67,0000,District - Varanasi  67,Urban,9,22097,11317,10780,16524,8609,7915,16524,8609,7915,0,0,0,0,0,0,0,0,0,0,0,0
C3010,09,67,0000,District - Varanasi  67,Urban,10,47201,25260,21941,34134,18640,15494,34134,18640,15494,0,0,0,0,0,0,0,0,0,0,0,0
C3010,09,67,0000,District - Varanasi  67,Urban,11,20817,10994,9823,15984,8562,7422,15984,8562,7422,0,0,0,0,0,0,0,0,0,0,0,0
C3010,09,67,0000,District - Varanasi  67,Urban,12,43394,23070,20324,31370,16989,14381,31370,16989,14381,0,0,0,0,0,0,0,0,0,0,0,0
C3010,09,67,0000,District - Varanasi  67,Urban,13,25152,12664,12488,18301,9480,8821,18301,9480,8821,0,0,0,0,0,0,0,0,0,0,0,0
C3010,09,67,0000,District - Varanasi  67,Urban,14,33229,17072,16157,22130,11762,10368,22130,11762,10368,0,0,0,0,0,0,0,0,0,0,0,0
C3010,09,67,0000,District - Varanasi  67,Urban,15-19,148336,82578,65758,79451,44696,34755,65269,36879,28390,12292,6583,5709,1130,739,391,718,466,252,42,29,13
C3010,09,67,0000,District - Varanasi  67,Urban,20-24,122262,69081,53181,35718,22857,12861,8793,5758,3035,25202,15781,9421,1241,980,261,404,284,120,78,54,24
C3010,09,67,0000,District - Varanasi  67,Urban,25-29,95033,49666,45367,6493,4702,1791,0,0,0,5006,3525,1481,1125,926,199,311,224,87,51,27,24
C3010,09,67,0000,District - Varanasi  67,Urban,30-34,83796,42911,40885,1792,1227,565,0,0,0,1417,949,468,224,173,51,107,79,28,44,26,18
C3010,09,67,0000,District - Varanasi  67,Urban,35-59,277688,149333,128355,3217,2217,1000,0,0,0,2630,1800,830,335,250,85,147,111,36,105,56,49
C3010,09,67,0000,District - Varanasi  67,Urban,60+,79964,42690,37274,719,515,204,0,0,0,546,400,146,76,54,22,45,33,12,52,28,24
C3010,09,67,0000,District - Varanasi  67,Urban,Age not stated,4502,2500,2002,83,42,41,0,0,0,65,33,32,13,6,7,3,3,0,2,0,2
C3010,09,68,0000,District - Sant Ravidas Nagar *  68,Total,All ages,1353705,705997,647708,343106,219885,123221,318606,199575,119031,22928,19286,3642,673,554,119,467,297,170,432,173,259
C3010,09,68,0000,District - Sant Ravidas Nagar *  68,Total,0-4,175907,90308,85599,2344,1241,1103,2344,1241,1103,0,0,0,0,0,0,0,0,0,0,0,0
C3010,09,68,0000,District - Sant Ravidas Nagar *  68,Total,5,49859,27124,22735,5912,3442,2470,5912,3442,2470,0,0,0,0,0,0,0,0,0,0,0,0
C3010,09,68,0000,District - Sant Ravidas Nagar *  68,Total,6,47769,25349,22420,16009,9200,6809,16009,9200,6809,0,0,0,0,0,0,0,0,0,0,0,0
C3010,09,68,0000,District - Sant Ravidas Nagar *  68,Total,7,36214,19142,17072,23510,13457,10053,23510,13457,10053,0,0,0,0,0,0,0,0,0,0,0,0
C3010,09,68,0000,District - Sant Ravidas Nagar *  68,Total,8,57272,30658,26614,41532,23979,17553,41532,23979,17553,0,0,0,0,0,0,0,0,0,0,0,0
C3010,09,68,0000,District - Sant Ravidas Nagar *  68,Total,9,28394,15279,13115,22755,13138,9617,22755,13138,9617,0,0,0,0,0,0,0,0,0,0,0,0
C3010,09,68,0000,District - Sant Ravidas Nagar *  68,Total,10,59037,32683,26354,45409,27551,17858,45409,27551,17858,0,0,0,0,0,0,0,0,0,0,0,0
C3010,09,68,0000,District - Sant Ravidas Nagar *  68,Total,11,22469,12377,10092,18656,11169,7487,18656,11169,7487,0,0,0,0,0,0,0,0,0,0,0,0
C3010,09,68,0000,District - Sant Ravidas Nagar *  68,Total,12,47450,26099,21351,35790,22298,13492,35790,22298,13492,0,0,0,0,0,0,0,0,0,0,0,0
C3010,09,68,0000,District - Sant Ravidas Nagar *  68,Total,13,27293,14743,12550,20373,12745,7628,20373,12745,7628,0,0,0,0,0,0,0,0,0,0,0,0
C3010,09,68,0000,District - Sant Ravidas Nagar *  68,Total,14,32027,17466,14561,21932,14273,7659,21932,14273,7659,0,0,0,0,0,0,0,0,0,0,0,0
C3010,09,68,0000,District - Sant Ravidas Nagar *  68,Total,15-19,134600,75055,59545,64731,47803,16928,57153,41818,15335,7257,5756,1501,130,107,23,168,113,55,23,9,14
C3010,09,68,0000,District - Sant Ravidas Nagar *  68,Total,20-24,115883,56937,58946,18745,15032,3713,7231,5264,1967,11255,9598,1657,129,109,20,59,40,19,71,21,50
C3010,09,68,0000,District - Sant Ravidas Nagar *  68,Total,25-29,93772,46081,47691,2651,2331,320,0,0,0,2338,2095,243,170,154,16,76,62,14,67,20,47
C3010,09,68,0000,District - Sant Ravidas Nagar *  68,Total,30-34,83249,39166,44083,883,721,162,0,0,0,729,628,101,64,52,12,32,20,12,58,21,37
C3010,09,68,0000,District - Sant Ravidas Nagar *  68,Total,35-59,248573,127528,121045,1560,1260,300,0,0,0,1145,1026,119,157,116,41,94,44,50,164,74,90
C3010,09,68,0000,District - Sant Ravidas Nagar *  68,Total,60+,91825,48875,42950,285,224,61,0,0,0,177,162,15,23,16,7,36,18,18,49,28,21
C3010,09,68,0000,District - Sant Ravidas Nagar *  68,Total,Age not stated,2112,1127,985,29,21,8,0,0,0,27,21,6,0,0,0,2,0,2,0,0,0
C3010,09,68,0000,District - Sant Ravidas Nagar *  68,Rural,All ages,1180220,613756,566464,296461,193038,103423,276060,175551,100509,19126,16646,2480,580,480,100,304,210,94,391,151,240
C3010,09,68,0000,District - Sant Ravidas Nagar *  68,Rural,0-4,155054,79545,75509,1903,1007,896,1903,1007,896,0,0,0,0,0,0,0,0,0,0,0,0
C3010,09,68,0000,District - Sant Ravidas Nagar *  68,Rural,5,44050,23960,20090,4868,2863,2005,4868,2863,2005,0,0,0,0,0,0,0,0,0,0,0,0
C3010,09,68,0000,District - Sant Ravidas Nagar *  68,Rural,6,41695,22156,19539,13903,8080,5823,13903,8080,5823,0,0,0,0,0,0,0,0,0,0,0,0
C3010,09,68,0000,District - Sant Ravidas Nagar *  68,Rural,7,31811,16791,15020,20829,11984,8845,20829,11984,8845,0,0,0,0,0,0,0,0,0,0,0,0
C3010,09,68,0000,District - Sant Ravidas Nagar *  68,Rural,8,50051,26829,23222,36565,21262,15303,36565,21262,15303,0,0,0,0,0,0,0,0,0,0,0,0
C3010,09,68,0000,District - Sant Ravidas Nagar *  68,Rural,9,25221,13602,11619,20373,11831,8542,20373,11831,8542,0,0,0,0,0,0,0,0,0,0,0,0
C3010,09,68,0000,District - Sant Ravidas Nagar *  68,Rural,10,51297,28461,22836,39612,24267,15345,39612,24267,15345,0,0,0,0,0,0,0,0,0,0,0,0
C3010,09,68,0000,District - Sant Ravidas Nagar *  68,Rural,11,19833,10940,8893,16563,9994,6569,16563,9994,6569,0,0,0,0,0,0,0,0,0,0,0,0
C3010,09,68,0000,District - Sant Ravidas Nagar *  68,Rural,12,40918,22610,18308,30921,19627,11294,30921,19627,11294,0,0,0,0,0,0,0,0,0,0,0,0
C3010,09,68,0000,District - Sant Ravidas Nagar *  68,Rural,13,23897,12986,10911,17842,11373,6469,17842,11373,6469,0,0,0,0,0,0,0,0,0,0,0,0
C3010,09,68,0000,District - Sant Ravidas Nagar *  68,Rural,14,27412,15054,12358,18709,12512,6197,18709,12512,6197,0,0,0,0,0,0,0,0,0,0,0,0
C3010,09,68,0000,District - Sant Ravidas Nagar *  68,Rural,15-19,115317,64264,51053,54585,41717,12868,48152,36449,11703,6175,5087,1088,115,92,23,122,80,42,21,9,12
C3010,09,68,0000,District - Sant Ravidas Nagar *  68,Rural,20-24,100168,48243,51925,15408,12726,2682,5820,4302,1518,9370,8284,1086,111,97,14,41,26,15,66,17,49
C3010,09,68,0000,District - Sant Ravidas Nagar *  68,Rural,25-29,81716,39833,41883,2249,2022,227,0,0,0,1972,1810,162,152,140,12,59,52,7,66,20,46
C3010,09,68,0000,District - Sant Ravidas Nagar *  68,Rural,30-34,72335,33744,38591,726,615,111,0,0,0,597,535,62,58,47,11,18,15,3,53,18,35
C3010,09,68,0000,District - Sant Ravidas Nagar *  68,Rural,35-59,215652,109950,105702,1167,969,198,0,0,0,857,789,68,124,90,34,43,26,17,143,64,79
C3010,09,68,0000,District - Sant Ravidas Nagar *  68,Rural,60+,81928,43795,38133,214,172,42,0,0,0,133,124,9,20,14,6,19,11,8,42,23,19
C3010,09,68,0000,District - Sant Ravidas Nagar *  68,Rural,Age not stated,1865,993,872,24,17,7,0,0,0,22,17,5,0,0,0,2,0,2,0,0,0
C3010,09,68,0000,District - Sant Ravidas Nagar *  68,Urban,All ages,173485,92241,81244,46645,26847,19798,42546,24024,18522,3802,2640,1162,93,74,19,163,87,76,41,22,19
C3010,09,68,0000,District - Sant Ravidas Nagar *  68,Urban,0-4,20853,10763,10090,441,234,207,441,234,207,0,0,0,0,0,0,0,0,0,0,0,0
C3010,09,68,0000,District - Sant Ravidas Nagar *  68,Urban,5,5809,3164,2645,1044,579,465,1044,579,465,0,0,0,0,0,0,0,0,0,0,0,0
C3010,09,68,0000,District - Sant Ravidas Nagar *  68,Urban,6,6074,3193,2881,2106,1120,986,2106,1120,986,0,0,0,0,0,0,0,0,0,0,0,0
C3010,09,68,0000,District - Sant Ravidas Nagar *  68,Urban,7,4403,2351,2052,2681,1473,1208,2681,1473,1208,0,0,0,0,0,0,0,0,0,0,0,0
C3010,09,68,0000,District - Sant Ravidas Nagar *  68,Urban,8,7221,3829,3392,4967,2717,2250,4967,2717,2250,0,0,0,0,0,0,0,0,0,0,0,0
C3010,09,68,0000,District - Sant Ravidas Nagar *  68,Urban,9,3173,1677,1496,2382,1307,1075,2382,1307,1075,0,0,0,0,0,0,0,0,0,0,0,0
C3010,09,68,0000,District - Sant Ravidas Nagar *  68,Urban,10,7740,4222,3518,5797,3284,2513,5797,3284,2513,0,0,0,0,0,0,0,0,0,0,0,0
C3010,09,68,0000,District - Sant Ravidas Nagar *  68,Urban,11,2636,1437,1199,2093,1175,918,2093,1175,918,0,0,0,0,0,0,0,0,0,0,0,0
C3010,09,68,0000,District - Sant Ravidas Nagar *  68,Urban,12,6532,3489,3043,4869,2671,2198,4869,2671,2198,0,0,0,0,0,0,0,0,0,0,0,0
C3010,09,68,0000,District - Sant Ravidas Nagar *  68,Urban,13,3396,1757,1639,2531,1372,1159,2531,1372,1159,0,0,0,0,0,0,0,0,0,0,0,0
C3010,09,68,0000,District - Sant Ravidas Nagar *  68,Urban,14,4615,2412,2203,3223,1761,1462,3223,1761,1462,0,0,0,0,0,0,0,0,0,0,0,0
C3010,09,68,0000,District - Sant Ravidas Nagar *  68,Urban,15-19,19283,10791,8492,10146,6086,4060,9001,5369,3632,1082,669,413,15,15,0,46,33,13,2,0,2
C3010,09,68,0000,District - Sant Ravidas Nagar *  68,Urban,20-24,15715,8694,7021,3337,2306,1031,1411,962,449,1885,1314,571,18,12,6,18,14,4,5,4,1
C3010,09,68,0000,District - Sant Ravidas Nagar *  68,Urban,25-29,12056,6248,5808,402,309,93,0,0,0,366,285,81,18,14,4,17,10,7,1,0,1
C3010,09,68,0000,District - Sant Ravidas Nagar *  68,Urban,30-34,10914,5422,5492,157,106,51,0,0,0,132,93,39,6,5,1,14,5,9,5,3,2
C3010,09,68,0000,District - Sant Ravidas Nagar *  68,Urban,35-59,32921,17578,15343,393,291,102,0,0,0,288,237,51,33,26,7,51,18,33,21,10,11
C3010,09,68,0000,District - Sant Ravidas Nagar *  68,Urban,60+,9897,5080,4817,71,52,19,0,0,0,44,38,6,3,2,1,17,7,10,7,5,2
C3010,09,68,0000,District - Sant Ravidas Nagar *  68,Urban,Age not stated,247,134,113,5,4,1,0,0,0,5,4,1,0,0,0,0,0,0,0,0,0
C3010,09,69,0000,District - Mirzapur  69,Total,All ages,2116042,1115249,1000793,472100,292195,179905,439245,267274,171971,30792,23333,7459,1109,917,192,716,509,207,238,162,76
C3010,09,69,0000,District - Mirzapur  69,Total,0-4,275677,141225,134452,2951,1574,1377,2951,1574,1377,0,0,0,0,0,0,0,0,0,0,0,0
C3010,09,69,0000,District - Mirzapur  69,Total,5,74720,40472,34248,6549,3801,2748,6549,3801,2748,0,0,0,0,0,0,0,0,0,0,0,0
C3010,09,69,0000,District - Mirzapur  69,Total,6,75008,38880,36128,19050,10620,8430,19050,10620,8430,0,0,0,0,0,0,0,0,0,0,0,0
C3010,09,69,0000,District - Mirzapur  69,Total,7,53293,27977,25316,31612,17691,13921,31612,17691,13921,0,0,0,0,0,0,0,0,0,0,0,0
C3010,09,69,0000,District - Mirzapur  69,Total,8,86843,45752,41091,57885,32914,24971,57885,32914,24971,0,0,0,0,0,0,0,0,0,0,0,0
C3010,09,69,0000,District - Mirzapur  69,Total,9,45003,23731,21272,34759,19595,15164,34759,19595,15164,0,0,0,0,0,0,0,0,0,0,0,0
C3010,09,69,0000,District - Mirzapur  69,Total,10,89624,48680,40944,64631,38222,26409,64631,38222,26409,0,0,0,0,0,0,0,0,0,0,0,0
C3010,09,69,0000,District - Mirzapur  69,Total,11,33496,18021,15475,27046,15720,11326,27046,15720,11326,0,0,0,0,0,0,0,0,0,0,0,0
C3010,09,69,0000,District - Mirzapur  69,Total,12,69490,37553,31937,49275,29845,19430,49275,29845,19430,0,0,0,0,0,0,0,0,0,0,0,0
C3010,09,69,0000,District - Mirzapur  69,Total,13,38017,20359,17658,27524,16698,10826,27524,16698,10826,0,0,0,0,0,0,0,0,0,0,0,0
C3010,09,69,0000,District - Mirzapur  69,Total,14,46128,25197,20931,30587,19129,11458,30587,19129,11458,0,0,0,0,0,0,0,0,0,0,0,0
C3010,09,69,0000,District - Mirzapur  69,Total,15-19,184959,107103,77856,87961,61170,26791,77977,54337,23640,9469,6483,2986,219,170,49,282,172,110,14,8,6
C3010,09,69,0000,District - Mirzapur  69,Total,20-24,171334,88253,83081,26353,20371,5982,9399,7128,2271,16439,12822,3617,313,271,42,167,130,37,35,20,15
C3010,09,69,0000,District - Mirzapur  69,Total,25-29,152625,77360,75265,3471,2916,555,0,0,0,3027,2531,496,295,268,27,114,94,20,35,23,12
C3010,09,69,0000,District - Mirzapur  69,Total,30-34,141112,69929,71183,947,746,201,0,0,0,760,601,159,96,79,17,55,39,16,36,27,9
C3010,09,69,0000,District - Mirzapur  69,Total,35-59,426373,224911,201462,1289,1023,266,0,0,0,969,791,178,144,104,40,82,61,21,94,67,27
C3010,09,69,0000,District - Mirzapur  69,Total,60+,149232,78166,71066,187,142,45,0,0,0,109,90,19,40,24,16,14,11,3,24,17,7
C3010,09,69,0000,District - Mirzapur  69,Total,Age not stated,3108,1680,1428,23,18,5,0,0,0,19,15,4,2,1,1,2,2,0,0,0,0
C3010,09,69,0000,District - Mirzapur  69,Rural,All ages,1829536,962560,866976,396004,248982,147022,371710,229578,142132,22694,18173,4521,802,669,133,597,429,168,201,133,68
C3010,09,69,0000,District - Mirzapur  69,Rural,0-4,246795,126315,120480,2107,1130,977,2107,1130,977,0,0,0,0,0,0,0,0,0,0,0,0
C3010,09,69,0000,District - Mirzapur  69,Rural,5,66700,36143,30557,4910,2892,2018,4910,2892,2018,0,0,0,0,0,0,0,0,0,0,0,0
C3010,09,69,0000,District - Mirzapur  69,Rural,6,66993,34749,32244,16140,9060,7080,16140,9060,7080,0,0,0,0,0,0,0,0,0,0,0,0
C3010,09,69,0000,District - Mirzapur  69,Rural,7,46882,24599,22283,27368,15392,11976,27368,15392,11976,0,0,0,0,0,0,0,0,0,0,0,0
C3010,09,69,0000,District - Mirzapur  69,Rural,8,76585,40244,36341,50556,28890,21666,50556,28890,21666,0,0,0,0,0,0,0,0,0,0,0,0
C3010,09,69,0000,District - Mirzapur  69,Rural,9,39762,20944,18818,30596,17323,13273,30596,17323,13273,0,0,0,0,0,0,0,0,0,0,0,0
C3010,09,69,0000,District - Mirzapur  69,Rural,10,78223,42532,35691,56199,33527,22672,56199,33527,22672,0,0,0,0,0,0,0,0,0,0,0,0
C3010,09,69,0000,District - Mirzapur  69,Rural,11,28914,15613,13301,23277,13685,9592,23277,13685,9592,0,0,0,0,0,0,0,0,0,0,0,0
C3010,09,69,0000,District - Mirzapur  69,Rural,12,59471,32254,27217,41848,25801,16047,41848,25801,16047,0,0,0,0,0,0,0,0,0,0,0,0
C3010,09,69,0000,District - Mirzapur  69,Rural,13,32395,17485,14910,23266,14406,8860,23266,14406,8860,0,0,0,0,0,0,0,0,0,0,0,0
C3010,09,69,0000,District - Mirzapur  69,Rural,14,38539,21247,17292,25225,16246,8979,25225,16246,8979,0,0,0,0,0,0,0,0,0,0,0,0
C3010,09,69,0000,District - Mirzapur  69,Rural,15-19,152650,88870,63780,70132,50856,19276,62717,45422,17295,7003,5156,1847,158,125,33,242,147,95,12,6,6
C3010,09,69,0000,District - Mirzapur  69,Rural,20-24,145309,73514,71795,19887,16009,3878,7501,5804,1697,11978,9868,2110,237,211,26,139,109,30,32,17,15
C3010,09,69,0000,District - Mirzapur  69,Rural,25-29,131754,66369,65385,2619,2244,375,0,0,0,2288,1953,335,215,199,16,90,77,13,26,15,11
C3010,09,69,0000,District - Mirzapur  69,Rural,30-34,122215,60431,61784,734,600,134,0,0,0,590,491,99,68,55,13,47,33,14,29,21,8
C3010,09,69,0000,District - Mirzapur  69,Rural,35-59,362651,190787,171864,973,794,179,0,0,0,729,618,111,96,64,32,68,54,14,80,58,22
C3010,09,69,0000,District - Mirzapur  69,Rural,60+,130886,68938,61948,147,111,36,0,0,0,89,73,16,27,15,12,9,7,2,22,16,6
C3010,09,69,0000,District - Mirzapur  69,Rural,Age not stated,2812,1526,1286,20,16,4,0,0,0,17,14,3,1,0,1,2,2,0,0,0,0
C3010,09,69,0000,District - Mirzapur  69,Urban,All ages,286506,152689,133817,76096,43213,32883,67535,37696,29839,8098,5160,2938,307,248,59,119,80,39,37,29,8
C3010,09,69,0000,District - Mirzapur  69,Urban,0-4,28882,14910,13972,844,444,400,844,444,400,0,0,0,0,0,0,0,0,0,0,0,0
C3010,09,69,0000,District - Mirzapur  69,Urban,5,8020,4329,3691,1639,909,730,1639,909,730,0,0,0,0,0,0,0,0,0,0,0,0
C3010,09,69,0000,District - Mirzapur  69,Urban,6,8015,4131,3884,2910,1560,1350,2910,1560,1350,0,0,0,0,0,0,0,0,0,0,0,0
C3010,09,69,0000,District - Mirzapur  69,Urban,7,6411,3378,3033,4244,2299,1945,4244,2299,1945,0,0,0,0,0,0,0,0,0,0,0,0
C3010,09,69,0000,District - Mirzapur  69,Urban,8,10258,5508,4750,7329,4024,3305,7329,4024,3305,0,0,0,0,0,0,0,0,0,0,0,0
C3010,09,69,0000,District - Mirzapur  69,Urban,9,5241,2787,2454,4163,2272,1891,4163,2272,1891,0,0,0,0,0,0,0,0,0,0,0,0
C3010,09,69,0000,District - Mirzapur  69,Urban,10,11401,6148,5253,8432,4695,3737,8432,4695,3737,0,0,0,0,0,0,0,0,0,0,0,0
C3010,09,69,0000,District - Mirzapur  69,Urban,11,4582,2408,2174,3769,2035,1734,3769,2035,1734,0,0,0,0,0,0,0,0,0,0,0,0
C3010,09,69,0000,District - Mirzapur  69,Urban,12,10019,5299,4720,7427,4044,3383,7427,4044,3383,0,0,0,0,0,0,0,0,0,0,0,0
C3010,09,69,0000,District - Mirzapur  69,Urban,13,5622,2874,2748,4258,2292,1966,4258,2292,1966,0,0,0,0,0,0,0,0,0,0,0,0
C3010,09,69,0000,District - Mirzapur  69,Urban,14,7589,3950,3639,5362,2883,2479,5362,2883,2479,0,0,0,0,0,0,0,0,0,0,0,0
C3010,09,69,0000,District - Mirzapur  69,Urban,15-19,32309,18233,14076,17829,10314,7515,15260,8915,6345,2466,1327,1139,61,45,16,40,25,15,2,2,0
C3010,09,69,0000,District - Mirzapur  69,Urban,20-24,26025,14739,11286,6466,4362,2104,1898,1324,574,4461,2954,1507,76,60,16,28,21,7,3,3,0
C3010,09,69,0000,District - Mirzapur  69,Urban,25-29,20871,10991,9880,852,672,180,0,0,0,739,578,161,80,69,11,24,17,7,9,8,1
C3010,09,69,0000,District - Mirzapur  69,Urban,30-34,18897,9498,9399,213,146,67,0,0,0,170,110,60,28,24,4,8,6,2,7,6,1
C3010,09,69,0000,District - Mirzapur  69,Urban,35-59,63722,34124,29598,316,229,87,0,0,0,240,173,67,48,40,8,14,7,7,14,9,5
C3010,09,69,0000,District - Mirzapur  69,Urban,60+,18346,9228,9118,40,31,9,0,0,0,20,17,3,13,9,4,5,4,1,2,1,1
C3010,09,69,0000,District - Mirzapur  69,Urban,Age not stated,296,154,142,3,2,1,0,0,0,2,1,1,1,1,0,0,0,0,0,0,0
C3010,09,70,0000,District - Sonbhadra  70,Total,All ages,1463519,770897,692622,276500,171090,105410,257876,158006,99870,16836,11614,5222,1090,926,164,346,272,74,352,272,80
C3010,09,70,0000,District - Sonbhadra  70,Total,0-4,200376,101770,98606,2106,1215,891,2106,1215,891,0,0,0,0,0,0,0,0,0,0,0,0
C3010,09,70,0000,District - Sonbhadra  70,Total,5,48861,25644,23217,4503,2605,1898,4503,2605,1898,0,0,0,0,0,0,0,0,0,0,0,0
C3010,09,70,0000,District - Sonbhadra  70,Total,6,53597,27388,26209,11005,6190,4815,11005,6190,4815,0,0,0,0,0,0,0,0,0,0,0,0
C3010,09,70,0000,District - Sonbhadra  70,Total,7,35127,18094,17033,17344,9755,7589,17344,9755,7589,0,0,0,0,0,0,0,0,0,0,0,0
C3010,09,70,0000,District - Sonbhadra  70,Total,8,61755,32123,29632,32775,18982,13793,32775,18982,13793,0,0,0,0,0,0,0,0,0,0,0,0
C3010,09,70,0000,District - Sonbhadra  70,Total,9,29473,15227,14246,19422,11081,8341,19422,11081,8341,0,0,0,0,0,0,0,0,0,0,0,0
C3010,09,70,0000,District - Sonbhadra  70,Total,10,64967,34646,30321,38711,23294,15417,38711,23294,15417,0,0,0,0,0,0,0,0,0,0,0,0
C3010,09,70,0000,District - Sonbhadra  70,Total,11,20757,10953,9804,15113,8770,6343,15113,8770,6343,0,0,0,0,0,0,0,0,0,0,0,0
C3010,09,70,0000,District - Sonbhadra  70,Total,12,50263,27305,22958,30609,18959,11650,30609,18959,11650,0,0,0,0,0,0,0,0,0,0,0,0
C3010,09,70,0000,District - Sonbhadra  70,Total,13,23929,12728,11201,15763,9551,6212,15763,9551,6212,0,0,0,0,0,0,0,0,0,0,0,0
C3010,09,70,0000,District - Sonbhadra  70,Total,14,29567,15777,13790,17751,10967,6784,17751,10967,6784,0,0,0,0,0,0,0,0,0,0,0,0
C3010,09,70,0000,District - Sonbhadra  70,Total,15-19,121411,68897,52514,53272,36125,17147,47247,32405,14842,5566,3343,2223,302,254,48,127,103,24,30,20,10
C3010,09,70,0000,District - Sonbhadra  70,Total,20-24,114390,57094,57296,15134,11165,3969,5527,4232,1295,9082,6484,2598,408,356,52,75,61,14,42,32,10
C3010,09,70,0000,District - Sonbhadra  70,Total,25-29,109201,55588,53613,1719,1436,283,0,0,0,1364,1137,227,227,199,28,71,56,15,57,44,13
C3010,09,70,0000,District - Sonbhadra  70,Total,30-34,102418,51078,51340,476,364,112,0,0,0,350,268,82,52,40,12,31,22,9,43,34,9
C3010,09,70,0000,District - Sonbhadra  70,Total,35-59,307378,167729,139649,695,559,136,0,0,0,419,343,76,89,71,18,35,25,10,152,120,32
C3010,09,70,0000,District - Sonbhadra  70,Total,60+,87108,47220,39888,86,62,24,0,0,0,42,31,11,11,6,5,7,5,2,26,20,6
C3010,09,70,0000,District - Sonbhadra  70,Total,Age not stated,2941,1636,1305,16,10,6,0,0,0,13,8,5,1,0,1,0,0,0,2,2,0
C3010,09,70,0000,District - Sonbhadra  70,Rural,All ages,1188089,620068,568021,183770,118873,64897,176241,112750,63491,6598,5362,1236,414,344,70,194,156,38,323,261,62
C3010,09,70,0000,District - Sonbhadra  70,Rural,0-4,174703,88257,86446,1328,779,549,1328,779,549,0,0,0,0,0,0,0,0,0,0,0,0
C3010,09,70,0000,District - Sonbhadra  70,Rural,5,41584,21697,19887,2816,1650,1166,2816,1650,1166,0,0,0,0,0,0,0,0,0,0,0,0
C3010,09,70,0000,District - Sonbhadra  70,Rural,6,46658,23825,22833,8192,4744,3448,8192,4744,3448,0,0,0,0,0,0,0,0,0,0,0,0
C3010,09,70,0000,District - Sonbhadra  70,Rural,7,28691,14753,13938,12050,6959,5091,12050,6959,5091,0,0,0,0,0,0,0,0,0,0,0,0
C3010,09,70,0000,District - Sonbhadra  70,Rural,8,52476,27155,25321,24697,14592,10105,24697,14592,10105,0,0,0,0,0,0,0,0,0,0,0,0
C3010,09,70,0000,District - Sonbhadra  70,Rural,9,23727,12219,11508,14107,8251,5856,14107,8251,5856,0,0,0,0,0,0,0,0,0,0,0,0
C3010,09,70,0000,District - Sonbhadra  70,Rural,10,54542,29079,25463,29363,18193,11170,29363,18193,11170,0,0,0,0,0,0,0,0,0,0,0,0
C3010,09,70,0000,District - Sonbhadra  70,Rural,11,15265,8010,7255,9930,5970,3960,9930,5970,3960,0,0,0,0,0,0,0,0,0,0,0,0
C3010,09,70,0000,District - Sonbhadra  70,Rural,12,40544,22052,18492,21798,14135,7663,21798,14135,7663,0,0,0,0,0,0,0,0,0,0,0,0
C3010,09,70,0000,District - Sonbhadra  70,Rural,13,17723,9484,8239,10042,6509,3533,10042,6509,3533,0,0,0,0,0,0,0,0,0,0,0,0
C3010,09,70,0000,District - Sonbhadra  70,Rural,14,21934,11735,10199,10938,7292,3646,10938,7292,3646,0,0,0,0,0,0,0,0,0,0,0,0
C3010,09,70,0000,District - Sonbhadra  70,Rural,15-19,89703,50951,38752,29369,22186,7183,27199,20603,6596,1974,1423,551,94,77,17,75,63,12,27,20,7
C3010,09,70,0000,District - Sonbhadra  70,Rural,20-24,91197,44288,46909,7524,6217,1307,3781,3073,708,3545,2974,571,119,109,10,37,29,8,42,32,10
C3010,09,70,0000,District - Sonbhadra  70,Rural,25-29,88985,44864,44121,868,773,95,0,0,0,687,621,66,100,87,13,31,26,5,50,39,11
C3010,09,70,0000,District - Sonbhadra  70,Rural,30-34,82426,40886,41540,275,226,49,0,0,0,181,156,25,33,23,10,19,14,5,42,33,9
C3010,09,70,0000,District - Sonbhadra  70,Rural,35-59,236153,126175,109978,404,346,58,0,0,0,188,170,18,57,42,15,25,19,6,134,115,19
C3010,09,70,0000,District - Sonbhadra  70,Rural,60+,79218,43234,35984,59,45,14,0,0,0,16,14,2,10,6,4,7,5,2,26,20,6
C3010,09,70,0000,District - Sonbhadra  70,Rural,Age not stated,2560,1404,1156,10,6,4,0,0,0,7,4,3,1,0,1,0,0,0,2,2,0
C3010,09,70,0000,District - Sonbhadra  70,Urban,All ages,275430,150829,124601,92730,52217,40513,81635,45256,36379,10238,6252,3986,676,582,94,152,116,36,29,11,18
C3010,09,70,0000,District - Sonbhadra  70,Urban,0-4,25673,13513,12160,778,436,342,778,436,342,0,0,0,0,0,0,0,0,0,0,0,0
C3010,09,70,0000,District - Sonbhadra  70,Urban,5,7277,3947,3330,1687,955,732,1687,955,732,0,0,0,0,0,0,0,0,0,0,0,0
C3010,09,70,0000,District - Sonbhadra  70,Urban,6,6939,3563,3376,2813,1446,1367,2813,1446,1367,0,0,0,0,0,0,0,0,0,0,0,0
C3010,09,70,0000,District - Sonbhadra  70,Urban,7,6436,3341,3095,5294,2796,2498,5294,2796,2498,0,0,0,0,0,0,0,0,0,0,0,0
C3010,09,70,0000,District - Sonbhadra  70,Urban,8,9279,4968,4311,8078,4390,3688,8078,4390,3688,0,0,0,0,0,0,0,0,0,0,0,0
C3010,09,70,0000,District - Sonbhadra  70,Urban,9,5746,3008,2738,5315,2830,2485,5315,2830,2485,0,0,0,0,0,0,0,0,0,0,0,0
C3010,09,70,0000,District - Sonbhadra  70,Urban,10,10425,5567,4858,9348,5101,4247,9348,5101,4247,0,0,0,0,0,0,0,0,0,0,0,0
C3010,09,70,0000,District - Sonbhadra  70,Urban,11,5492,2943,2549,5183,2800,2383,5183,2800,2383,0,0,0,0,0,0,0,0,0,0,0,0
C3010,09,70,0000,District - Sonbhadra  70,Urban,12,9719,5253,4466,8811,4824,3987,8811,4824,3987,0,0,0,0,0,0,0,0,0,0,0,0
C3010,09,70,0000,District - Sonbhadra  70,Urban,13,6206,3244,2962,5721,3042,2679,5721,3042,2679,0,0,0,0,0,0,0,0,0,0,0,0
C3010,09,70,0000,District - Sonbhadra  70,Urban,14,7633,4042,3591,6813,3675,3138,6813,3675,3138,0,0,0,0,0,0,0,0,0,0,0,0
C3010,09,70,0000,District - Sonbhadra  70,Urban,15-19,31708,17946,13762,23903,13939,9964,20048,11802,8246,3592,1920,1672,208,177,31,52,40,12,3,0,3
C3010,09,70,0000,District - Sonbhadra  70,Urban,20-24,23193,12806,10387,7610,4948,2662,1746,1159,587,5537,3510,2027,289,247,42,38,32,6,0,0,0
C3010,09,70,0000,District - Sonbhadra  70,Urban,25-29,20216,10724,9492,851,663,188,0,0,0,677,516,161,127,112,15,40,30,10,7,5,2
C3010,09,70,0000,District - Sonbhadra  70,Urban,30-34,19992,10192,9800,201,138,63,0,0,0,169,112,57,19,17,2,12,8,4,1,1,0
C3010,09,70,0000,District - Sonbhadra  70,Urban,35-59,71225,41554,29671,291,213,78,0,0,0,231,173,58,32,29,3,10,6,4,18,5,13
C3010,09,70,0000,District - Sonbhadra  70,Urban,60+,7890,3986,3904,27,17,10,0,0,0,26,17,9,1,0,1,0,0,0,0,0,0
C3010,09,70,0000,District - Sonbhadra  70,Urban,Age not stated,381,232,149,6,4,2,0,0,0,6,4,2,0,0,0,0,0,0,0,0,0
