Table Name,State Code,District Code,Tehsil Code,Area Name,Total/ Rural/ Urban,Age-group,Total population - Persons,Total population - Males,Total population - Females,Population attending educational institutions - Persons,Population attending educational institutions - Males,Population attending educational institutions - Females,Type of educational institution - School - Persons,Type of educational institution - School - Males,Type of educational institution - School - Females,Type of educational institution - College - Persons,Type of educational institution - College - Males,Type of educational institution - College - Females,Type of educational institution - Vocational institute - Persons,Type of educational institution - Vocational institute - Males,Type of educational institution - Vocational institute - Females,Type of educational institution - Other institute - Persons,Type of educational institution - Other institute - Males,Type of educational institution - Other institute - Females,Type of educational institution - Literacy centre - Persons,Type of educational institution - Literacy centre - Males,Type of educational institution - Literacy centre - Females
C3010,19,00,0000,State - WEST BENGAL  19,Total,All ages,80176197,41465985,38710212,16780202,9049249,7730953,15661835,8355581,7306254,772128,497535,274593,89143,61936,27207,54085,36786,17299,203011,97411,105600
C3010,19,00,0000,State - WEST BENGAL  19,Total,0-4,7616261,3874439,3741822,177297,90409,86888,177297,90409,86888,0,0,0,0,0,0,0,0,0,0,0,0
C3010,19,00,0000,State - WEST BENGAL  19,Total,5,1925525,992603,932922,319780,166420,153360,319780,166420,153360,0,0,0,0,0,0,0,0,0,0,0,0
C3010,19,00,0000,State - WEST BENGAL  19,Total,6,1872436,957138,915298,685569,356390,329179,685569,356390,329179,0,0,0,0,0,0,0,0,0,0,0,0
C3010,19,00,0000,State - WEST BENGAL  19,Total,7,1878621,954547,924074,1325671,685726,639945,1325671,685726,639945,0,0,0,0,0,0,0,0,0,0,0,0
C3010,19,00,0000,State - WEST BENGAL  19,Total,8,2190032,1128703,1061329,1657079,870126,786953,1657079,870126,786953,0,0,0,0,0,0,0,0,0,0,0,0
C3010,19,00,0000,State - WEST BENGAL  19,Total,9,1623994,818134,805860,1335360,682609,652751,1335360,682609,652751,0,0,0,0,0,0,0,0,0,0,0,0
C3010,19,00,0000,State - WEST BENGAL  19,Total,10,2472834,1288022,1184812,1943529,1030303,913226,1943529,1030303,913226,0,0,0,0,0,0,0,0,0,0,0,0
C3010,19,00,0000,State - WEST BENGAL  19,Total,11,1363961,699340,664621,1128148,586746,541402,1128148,586746,541402,0,0,0,0,0,0,0,0,0,0,0,0
C3010,19,00,0000,State - WEST BENGAL  19,Total,12,2343737,1231421,1112316,1730917,928156,802761,1730917,928156,802761,0,0,0,0,0,0,0,0,0,0,0,0
C3010,19,00,0000,State - WEST BENGAL  19,Total,13,1534690,763520,771170,1120891,570474,550417,1120891,570474,550417,0,0,0,0,0,0,0,0,0,0,0,0
C3010,19,00,0000,State - WEST BENGAL  19,Total,14,1823314,932449,890865,1169903,614031,555872,1169903,614031,555872,0,0,0,0,0,0,0,0,0,0,0,0
C3010,19,00,0000,State - WEST BENGAL  19,Total,15-19,7633878,4069305,3564573,3048923,1747364,1301559,2775585,1582213,1193372,230175,137188,92987,15868,11136,4732,17783,12078,5705,9512,4749,4763
C3010,19,00,0000,State - WEST BENGAL  19,Total,20-24,7066173,3570800,3495373,820207,535302,284905,292106,191978,100128,466170,305161,161009,25016,18678,6338,10820,7438,3382,26095,12047,14048
C3010,19,00,0000,State - WEST BENGAL  19,Total,25-29,7051603,3487173,3564430,123761,80633,43128,0,0,0,52137,38472,13665,24316,17416,6900,13710,9773,3937,33598,14972,18626
C3010,19,00,0000,State - WEST BENGAL  19,Total,30-34,6247678,3224082,3023596,53572,30229,23343,0,0,0,8796,6399,2397,7715,5192,2523,4289,2925,1364,32772,15713,17059
C3010,19,00,0000,State - WEST BENGAL  19,Total,35-59,19719644,10627263,9092381,117003,61964,55039,0,0,0,10329,7213,3116,12871,7688,5183,5707,3517,2190,88096,43546,44550
C3010,19,00,0000,State - WEST BENGAL  19,Total,60+,5700099,2784491,2915608,21206,11445,9761,0,0,0,3843,2605,1238,3147,1689,1458,1541,902,639,12675,6249,6426
C3010,19,00,0000,State - WEST BENGAL  19,Total,Age not stated,111717,62555,49162,1386,922,464,0,0,0,678,497,181,210,137,73,235,153,82,263,135,128
C3010,19,00,0000,State - WEST BENGAL  19,Rural,All ages,57748946,29616009,28132937,12006905,6495395,5511510,11439813,6130276,5309537,322262,233001,89261,31256,21960,9296,28475,20703,7772,185099,89455,95644
C3010,19,00,0000,State - WEST BENGAL  19,Rural,0-4,6085921,3092818,2993103,112730,56972,55758,112730,56972,55758,0,0,0,0,0,0,0,0,0,0,0,0
C3010,19,00,0000,State - WEST BENGAL  19,Rural,5,1532189,788059,744130,225668,116882,108786,225668,116882,108786,0,0,0,0,0,0,0,0,0,0,0,0
C3010,19,00,0000,State - WEST BENGAL  19,Rural,6,1500893,764935,735958,524565,272212,252353,524565,272212,252353,0,0,0,0,0,0,0,0,0,0,0,0
C3010,19,00,0000,State - WEST BENGAL  19,Rural,7,1482735,751023,731712,1016005,524589,491416,1016005,524589,491416,0,0,0,0,0,0,0,0,0,0,0,0
C3010,19,00,0000,State - WEST BENGAL  19,Rural,8,1731340,888882,842458,1283811,672823,610988,1283811,672823,610988,0,0,0,0,0,0,0,0,0,0,0,0
C3010,19,00,0000,State - WEST BENGAL  19,Rural,9,1273217,640124,633093,1035213,529257,505956,1035213,529257,505956,0,0,0,0,0,0,0,0,0,0,0,0
C3010,19,00,0000,State - WEST BENGAL  19,Rural,10,1912138,992760,919378,1482348,785322,697026,1482348,785322,697026,0,0,0,0,0,0,0,0,0,0,0,0
C3010,19,00,0000,State - WEST BENGAL  19,Rural,11,1020554,521522,499032,834136,433520,400616,834136,433520,400616,0,0,0,0,0,0,0,0,0,0,0,0
C3010,19,00,0000,State - WEST BENGAL  19,Rural,12,1806100,947024,859076,1307125,701997,605128,1307125,701997,605128,0,0,0,0,0,0,0,0,0,0,0,0
C3010,19,00,0000,State - WEST BENGAL  19,Rural,13,1145075,569845,575230,812434,415524,396910,812434,415524,396910,0,0,0,0,0,0,0,0,0,0,0,0
C3010,19,00,0000,State - WEST BENGAL  19,Rural,14,1362150,697654,664496,836470,442171,394299,836470,442171,394299,0,0,0,0,0,0,0,0,0,0,0,0
C3010,19,00,0000,State - WEST BENGAL  19,Rural,15-19,5460196,2923195,2537001,1918200,1137721,780479,1790387,1053520,736867,100407,66223,34184,6340,4638,1702,12497,8985,3512,8569,4355,4214
C3010,19,00,0000,State - WEST BENGAL  19,Rural,20-24,4968144,2467427,2500717,407651,288410,119241,178921,125487,53434,191618,141581,50037,8081,6158,1923,5258,4036,1222,23773,11148,12625
C3010,19,00,0000,State - WEST BENGAL  19,Rural,25-29,4986327,2433556,2552771,66112,42399,23713,0,0,0,23105,19253,3852,6854,5225,1629,5126,3975,1151,31027,13946,17081
C3010,19,00,0000,State - WEST BENGAL  19,Rural,30-34,4372794,2243149,2129645,38319,20737,17582,0,0,0,3352,2862,490,2786,1849,937,1783,1309,474,30398,14717,15681
C3010,19,00,0000,State - WEST BENGAL  19,Rural,35-59,13227253,7037970,6189283,91054,46932,44122,0,0,0,2500,2110,390,5581,3292,2289,2659,1718,941,80314,39812,40502
C3010,19,00,0000,State - WEST BENGAL  19,Rural,60+,3808275,1815557,1992718,14350,7470,6880,0,0,0,1028,775,253,1548,764,784,959,555,404,10815,5376,5439
C3010,19,00,0000,State - WEST BENGAL  19,Rural,Age not stated,73645,40509,33136,714,457,257,0,0,0,252,197,55,66,34,32,193,125,68,203,101,102
C3010,19,00,0000,State - WEST BENGAL  19,Urban,All ages,22427251,11849976,10577275,4773297,2553854,2219443,4222022,2225305,1996717,449866,264534,185332,57887,39976,17911,25610,16083,9527,17912,7956,9956
C3010,19,00,0000,State - WEST BENGAL  19,Urban,0-4,1530340,781621,748719,64567,33437,31130,64567,33437,31130,0,0,0,0,0,0,0,0,0,0,0,0
C3010,19,00,0000,State - WEST BENGAL  19,Urban,5,393336,204544,188792,94112,49538,44574,94112,49538,44574,0,0,0,0,0,0,0,0,0,0,0,0
C3010,19,00,0000,State - WEST BENGAL  19,Urban,6,371543,192203,179340,161004,84178,76826,161004,84178,76826,0,0,0,0,0,0,0,0,0,0,0,0
C3010,19,00,0000,State - WEST BENGAL  19,Urban,7,395886,203524,192362,309666,161137,148529,309666,161137,148529,0,0,0,0,0,0,0,0,0,0,0,0
C3010,19,00,0000,State - WEST BENGAL  19,Urban,8,458692,239821,218871,373268,197303,175965,373268,197303,175965,0,0,0,0,0,0,0,0,0,0,0,0
C3010,19,00,0000,State - WEST BENGAL  19,Urban,9,350777,178010,172767,300147,153352,146795,300147,153352,146795,0,0,0,0,0,0,0,0,0,0,0,0
C3010,19,00,0000,State - WEST BENGAL  19,Urban,10,560696,295262,265434,461181,244981,216200,461181,244981,216200,0,0,0,0,0,0,0,0,0,0,0,0
C3010,19,00,0000,State - WEST BENGAL  19,Urban,11,343407,177818,165589,294012,153226,140786,294012,153226,140786,0,0,0,0,0,0,0,0,0,0,0,0
C3010,19,00,0000,State - WEST BENGAL  19,Urban,12,537637,284397,253240,423792,226159,197633,423792,226159,197633,0,0,0,0,0,0,0,0,0,0,0,0
C3010,19,00,0000,State - WEST BENGAL  19,Urban,13,389615,193675,195940,308457,154950,153507,308457,154950,153507,0,0,0,0,0,0,0,0,0,0,0,0
C3010,19,00,0000,State - WEST BENGAL  19,Urban,14,461164,234795,226369,333433,171860,161573,333433,171860,161573,0,0,0,0,0,0,0,0,0,0,0,0
C3010,19,00,0000,State - WEST BENGAL  19,Urban,15-19,2173682,1146110,1027572,1130723,609643,521080,985198,528693,456505,129768,70965,58803,9528,6498,3030,5286,3093,2193,943,394,549
C3010,19,00,0000,State - WEST BENGAL  19,Urban,20-24,2098029,1103373,994656,412556,246892,165664,113185,66491,46694,274552,163580,110972,16935,12520,4415,5562,3402,2160,2322,899,1423
C3010,19,00,0000,State - WEST BENGAL  19,Urban,25-29,2065276,1053617,1011659,57649,38234,19415,0,0,0,29032,19219,9813,17462,12191,5271,8584,5798,2786,2571,1026,1545
C3010,19,00,0000,State - WEST BENGAL  19,Urban,30-34,1874884,980933,893951,15253,9492,5761,0,0,0,5444,3537,1907,4929,3343,1586,2506,1616,890,2374,996,1378
C3010,19,00,0000,State - WEST BENGAL  19,Urban,35-59,6492391,3589293,2903098,25949,15032,10917,0,0,0,7829,5103,2726,7290,4396,2894,3048,1799,1249,7782,3734,4048
C3010,19,00,0000,State - WEST BENGAL  19,Urban,60+,1891824,968934,922890,6856,3975,2881,0,0,0,2815,1830,985,1599,925,674,582,347,235,1860,873,987
C3010,19,00,0000,State - WEST BENGAL  19,Urban,Age not stated,38072,22046,16026,672,465,207,0,0,0,426,300,126,144,103,41,42,28,14,60,34,26
C3010,19,01,0000,District - Darjiling  01,Total,All ages,1609172,830644,778528,399971,213551,186420,375566,199880,175686,20565,11521,9044,1392,813,579,1290,801,489,1158,536,622
C3010,19,01,0000,District - Darjiling  01,Total,0-4,135457,68819,66638,6535,3391,3144,6535,3391,3144,0,0,0,0,0,0,0,0,0,0,0,0
C3010,19,01,0000,District - Darjiling  01,Total,5,34500,17745,16755,10211,5301,4910,10211,5301,4910,0,0,0,0,0,0,0,0,0,0,0,0
C3010,19,01,0000,District - Darjiling  01,Total,6,34686,17760,16926,16241,8639,7602,16241,8639,7602,0,0,0,0,0,0,0,0,0,0,0,0
C3010,19,01,0000,District - Darjiling  01,Total,7,33946,17255,16691,25223,13150,12073,25223,13150,12073,0,0,0,0,0,0,0,0,0,0,0,0
C3010,19,01,0000,District - Darjiling  01,Total,8,40878,21346,19532,31983,17198,14785,31983,17198,14785,0,0,0,0,0,0,0,0,0,0,0,0
C3010,19,01,0000,District - Darjiling  01,Total,9,31237,15910,15327,26382,13708,12674,26382,13708,12674,0,0,0,0,0,0,0,0,0,0,0,0
C3010,19,01,0000,District - Darjiling  01,Total,10,48206,25138,23068,39468,21094,18374,39468,21094,18374,0,0,0,0,0,0,0,0,0,0,0,0
C3010,19,01,0000,District - Darjiling  01,Total,11,29849,15430,14419,25870,13668,12202,25870,13668,12202,0,0,0,0,0,0,0,0,0,0,0,0
C3010,19,01,0000,District - Darjiling  01,Total,12,46427,23935,22492,37122,19735,17387,37122,19735,17387,0,0,0,0,0,0,0,0,0,0,0,0
C3010,19,01,0000,District - Darjiling  01,Total,13,33099,16546,16553,27069,13982,13087,27069,13982,13087,0,0,0,0,0,0,0,0,0,0,0,0
C3010,19,01,0000,District - Darjiling  01,Total,14,38263,19514,18749,28907,15314,13593,28907,15314,13593,0,0,0,0,0,0,0,0,0,0,0,0
C3010,19,01,0000,District - Darjiling  01,Total,15-19,172896,88975,83921,93683,50578,43105,87344,47240,40104,5642,2932,2710,269,161,108,362,219,143,66,26,40
C3010,19,01,0000,District - Darjiling  01,Total,20-24,153814,75074,78740,26642,15013,11629,13211,7460,5751,12584,7120,5464,407,210,197,290,163,127,150,60,90
C3010,19,01,0000,District - Darjiling  01,Total,25-29,144645,70057,74588,2403,1454,949,0,0,0,1583,980,603,347,216,131,307,197,110,166,61,105
C3010,19,01,0000,District - Darjiling  01,Total,30-34,125920,64470,61450,744,424,320,0,0,0,321,194,127,127,82,45,132,89,43,164,59,105
C3010,19,01,0000,District - Darjiling  01,Total,35-59,395444,212949,182495,1159,688,471,0,0,0,310,213,97,192,119,73,137,94,43,520,262,258
C3010,19,01,0000,District - Darjiling  01,Total,60+,105976,57131,48845,284,180,104,0,0,0,86,54,32,48,23,25,61,38,23,89,65,24
C3010,19,01,0000,District - Darjiling  01,Total,Age not stated,3929,2590,1339,45,34,11,0,0,0,39,28,11,2,2,0,1,1,0,3,3,0
C3010,19,01,0000,District - Darjiling  01,Rural,All ages,1088740,556633,532107,262036,139960,122076,252321,134367,117954,7547,4383,3164,581,363,218,650,430,220,937,417,520
C3010,19,01,0000,District - Darjiling  01,Rural,0-4,101263,51281,49982,4437,2319,2118,4437,2319,2118,0,0,0,0,0,0,0,0,0,0,0,0
C3010,19,01,0000,District - Darjiling  01,Rural,5,25703,13213,12490,7029,3636,3393,7029,3636,3393,0,0,0,0,0,0,0,0,0,0,0,0
C3010,19,01,0000,District - Darjiling  01,Rural,6,26167,13304,12863,11608,6153,5455,11608,6153,5455,0,0,0,0,0,0,0,0,0,0,0,0
C3010,19,01,0000,District - Darjiling  01,Rural,7,24531,12411,12120,17444,9077,8367,17444,9077,8367,0,0,0,0,0,0,0,0,0,0,0,0
C3010,19,01,0000,District - Darjiling  01,Rural,8,29754,15338,14416,22467,11950,10517,22467,11950,10517,0,0,0,0,0,0,0,0,0,0,0,0
C3010,19,01,0000,District - Darjiling  01,Rural,9,22332,11338,10994,18441,9563,8878,18441,9563,8878,0,0,0,0,0,0,0,0,0,0,0,0
C3010,19,01,0000,District - Darjiling  01,Rural,10,34176,17679,16497,27439,14567,12872,27439,14567,12872,0,0,0,0,0,0,0,0,0,0,0,0
C3010,19,01,0000,District - Darjiling  01,Rural,11,20719,10662,10057,17641,9294,8347,17641,9294,8347,0,0,0,0,0,0,0,0,0,0,0,0
C3010,19,01,0000,District - Darjiling  01,Rural,12,33095,16991,16104,25799,13738,12061,25799,13738,12061,0,0,0,0,0,0,0,0,0,0,0,0
C3010,19,01,0000,District - Darjiling  01,Rural,13,22531,11247,11284,17900,9282,8618,17900,9282,8618,0,0,0,0,0,0,0,0,0,0,0,0
C3010,19,01,0000,District - Darjiling  01,Rural,14,26297,13340,12957,19090,10126,8964,19090,10126,8964,0,0,0,0,0,0,0,0,0,0,0,0
C3010,19,01,0000,District - Darjiling  01,Rural,15-19,117294,60057,57237,57188,31295,25893,54755,29957,24798,2097,1135,962,98,67,31,190,117,73,48,19,29
C3010,19,01,0000,District - Darjiling  01,Rural,20-24,101786,48703,53083,13176,7555,5621,8271,4705,3566,4517,2640,1877,151,87,64,125,82,43,112,41,71
C3010,19,01,0000,District - Darjiling  01,Rural,25-29,94263,45089,49174,1028,609,419,0,0,0,667,413,254,124,80,44,115,73,42,122,43,79
C3010,19,01,0000,District - Darjiling  01,Rural,30-34,81037,41217,39820,407,233,174,0,0,0,128,90,38,63,41,22,75,55,20,141,47,94
C3010,19,01,0000,District - Darjiling  01,Rural,35-59,255164,135291,119873,752,439,313,0,0,0,97,79,18,112,71,41,100,75,25,443,214,229
C3010,19,01,0000,District - Darjiling  01,Rural,60+,70393,38114,32279,178,114,64,0,0,0,31,18,13,31,15,16,45,28,17,71,53,18
C3010,19,01,0000,District - Darjiling  01,Rural,Age not stated,2235,1358,877,12,10,2,0,0,0,10,8,2,2,2,0,0,0,0,0,0,0
C3010,19,01,0000,District - Darjiling  01,Urban,All ages,520432,274011,246421,137935,73591,64344,123245,65513,57732,13018,7138,5880,811,450,361,640,371,269,221,119,102
C3010,19,01,0000,District - Darjiling  01,Urban,0-4,34194,17538,16656,2098,1072,1026,2098,1072,1026,0,0,0,0,0,0,0,0,0,0,0,0
C3010,19,01,0000,District - Darjiling  01,Urban,5,8797,4532,4265,3182,1665,1517,3182,1665,1517,0,0,0,0,0,0,0,0,0,0,0,0
C3010,19,01,0000,District - Darjiling  01,Urban,6,8519,4456,4063,4633,2486,2147,4633,2486,2147,0,0,0,0,0,0,0,0,0,0,0,0
C3010,19,01,0000,District - Darjiling  01,Urban,7,9415,4844,4571,7779,4073,3706,7779,4073,3706,0,0,0,0,0,0,0,0,0,0,0,0
C3010,19,01,0000,District - Darjiling  01,Urban,8,11124,6008,5116,9516,5248,4268,9516,5248,4268,0,0,0,0,0,0,0,0,0,0,0,0
C3010,19,01,0000,District - Darjiling  01,Urban,9,8905,4572,4333,7941,4145,3796,7941,4145,3796,0,0,0,0,0,0,0,0,0,0,0,0
C3010,19,01,0000,District - Darjiling  01,Urban,10,14030,7459,6571,12029,6527,5502,12029,6527,5502,0,0,0,0,0,0,0,0,0,0,0,0
C3010,19,01,0000,District - Darjiling  01,Urban,11,9130,4768,4362,8229,4374,3855,8229,4374,3855,0,0,0,0,0,0,0,0,0,0,0,0
C3010,19,01,0000,District - Darjiling  01,Urban,12,13332,6944,6388,11323,5997,5326,11323,5997,5326,0,0,0,0,0,0,0,0,0,0,0,0
C3010,19,01,0000,District - Darjiling  01,Urban,13,10568,5299,5269,9169,4700,4469,9169,4700,4469,0,0,0,0,0,0,0,0,0,0,0,0
C3010,19,01,0000,District - Darjiling  01,Urban,14,11966,6174,5792,9817,5188,4629,9817,5188,4629,0,0,0,0,0,0,0,0,0,0,0,0
C3010,19,01,0000,District - Darjiling  01,Urban,15-19,55602,28918,26684,36495,19283,17212,32589,17283,15306,3545,1797,1748,171,94,77,172,102,70,18,7,11
C3010,19,01,0000,District - Darjiling  01,Urban,20-24,52028,26371,25657,13466,7458,6008,4940,2755,2185,8067,4480,3587,256,123,133,165,81,84,38,19,19
C3010,19,01,0000,District - Darjiling  01,Urban,25-29,50382,24968,25414,1375,845,530,0,0,0,916,567,349,223,136,87,192,124,68,44,18,26
C3010,19,01,0000,District - Darjiling  01,Urban,30-34,44883,23253,21630,337,191,146,0,0,0,193,104,89,64,41,23,57,34,23,23,12,11
C3010,19,01,0000,District - Darjiling  01,Urban,35-59,140280,77658,62622,407,249,158,0,0,0,213,134,79,80,48,32,37,19,18,77,48,29
C3010,19,01,0000,District - Darjiling  01,Urban,60+,35583,19017,16566,106,66,40,0,0,0,55,36,19,17,8,9,16,10,6,18,12,6
C3010,19,01,0000,District - Darjiling  01,Urban,Age not stated,1694,1232,462,33,24,9,0,0,0,29,20,9,0,0,0,1,1,0,3,3,0
C3010,19,02,0000,District - Jalpaiguri  02,Total,All ages,3401173,1751145,1650028,766194,411001,355193,731058,390755,340303,22022,13751,8271,2210,1441,769,1585,916,669,9319,4138,5181
C3010,19,02,0000,District - Jalpaiguri  02,Total,0-4,349513,177074,172439,7205,3690,3515,7205,3690,3515,0,0,0,0,0,0,0,0,0,0,0,0
C3010,19,02,0000,District - Jalpaiguri  02,Total,5,85502,43765,41737,15023,7831,7192,15023,7831,7192,0,0,0,0,0,0,0,0,0,0,0,0
C3010,19,02,0000,District - Jalpaiguri  02,Total,6,86272,43867,42405,34537,17985,16552,34537,17985,16552,0,0,0,0,0,0,0,0,0,0,0,0
C3010,19,02,0000,District - Jalpaiguri  02,Total,7,85440,43260,42180,62252,32297,29955,62252,32297,29955,0,0,0,0,0,0,0,0,0,0,0,0
C3010,19,02,0000,District - Jalpaiguri  02,Total,8,99279,51144,48135,77471,40720,36751,77471,40720,36751,0,0,0,0,0,0,0,0,0,0,0,0
C3010,19,02,0000,District - Jalpaiguri  02,Total,9,73044,36706,36338,60885,31278,29607,60885,31278,29607,0,0,0,0,0,0,0,0,0,0,0,0
C3010,19,02,0000,District - Jalpaiguri  02,Total,10,110994,57442,53552,90171,47944,42227,90171,47944,42227,0,0,0,0,0,0,0,0,0,0,0,0
C3010,19,02,0000,District - Jalpaiguri  02,Total,11,63827,32305,31522,53251,27711,25540,53251,27711,25540,0,0,0,0,0,0,0,0,0,0,0,0
C3010,19,02,0000,District - Jalpaiguri  02,Total,12,107087,55866,51221,81739,44140,37599,81739,44140,37599,0,0,0,0,0,0,0,0,0,0,0,0
C3010,19,02,0000,District - Jalpaiguri  02,Total,13,69168,34492,34676,51395,26683,24712,51395,26683,24712,0,0,0,0,0,0,0,0,0,0,0,0
C3010,19,02,0000,District - Jalpaiguri  02,Total,14,83089,42070,41019,54637,28958,25679,54637,28958,25679,0,0,0,0,0,0,0,0,0,0,0,0
C3010,19,02,0000,District - Jalpaiguri  02,Total,15-19,331785,175978,155807,134600,75957,58643,126850,71649,55201,6384,3569,2815,577,349,228,480,246,234,309,144,165
C3010,19,02,0000,District - Jalpaiguri  02,Total,20-24,289612,143106,146506,31370,19675,11695,15642,9869,5773,13573,8678,4895,671,494,177,454,236,218,1030,398,632
C3010,19,02,0000,District - Jalpaiguri  02,Total,25-29,294273,141264,153009,3859,2198,1661,0,0,0,1537,1116,421,388,254,134,339,228,111,1595,600,995
C3010,19,02,0000,District - Jalpaiguri  02,Total,30-34,258766,130431,128335,2046,1007,1039,0,0,0,221,165,56,149,92,57,116,76,40,1560,674,886
C3010,19,02,0000,District - Jalpaiguri  02,Total,35-59,801284,433424,367860,5017,2484,2533,0,0,0,208,156,52,325,202,123,145,100,45,4339,2026,2313
C3010,19,02,0000,District - Jalpaiguri  02,Total,60+,206266,105537,100729,682,413,269,0,0,0,80,51,29,89,46,43,38,24,14,475,292,183
C3010,19,02,0000,District - Jalpaiguri  02,Total,Age not stated,5972,3414,2558,54,30,24,0,0,0,19,16,3,11,4,7,13,6,7,11,4,7
C3010,19,02,0000,District - Jalpaiguri  02,Rural,All ages,2794291,1437156,1357135,627023,337793,289230,603925,324196,279729,11717,8066,3651,1380,937,443,906,555,351,9095,4039,5056
C3010,19,02,0000,District - Jalpaiguri  02,Rural,0-4,301058,152599,148459,5730,2928,2802,5730,2928,2802,0,0,0,0,0,0,0,0,0,0,0,0
C3010,19,02,0000,District - Jalpaiguri  02,Rural,5,73784,37714,36070,12456,6475,5981,12456,6475,5981,0,0,0,0,0,0,0,0,0,0,0,0
C3010,19,02,0000,District - Jalpaiguri  02,Rural,6,75394,38326,37068,29948,15614,14334,29948,15614,14334,0,0,0,0,0,0,0,0,0,0,0,0
C3010,19,02,0000,District - Jalpaiguri  02,Rural,7,73467,37109,36358,52617,27271,25346,52617,27271,25346,0,0,0,0,0,0,0,0,0,0,0,0
C3010,19,02,0000,District - Jalpaiguri  02,Rural,8,85826,44034,41792,66290,34725,31565,66290,34725,31565,0,0,0,0,0,0,0,0,0,0,0,0
C3010,19,02,0000,District - Jalpaiguri  02,Rural,9,62349,31359,30990,51499,26512,24987,51499,26512,24987,0,0,0,0,0,0,0,0,0,0,0,0
C3010,19,02,0000,District - Jalpaiguri  02,Rural,10,95182,49156,46026,76756,40790,35966,76756,40790,35966,0,0,0,0,0,0,0,0,0,0,0,0
C3010,19,02,0000,District - Jalpaiguri  02,Rural,11,53256,26935,26321,43941,22903,21038,43941,22903,21038,0,0,0,0,0,0,0,0,0,0,0,0
C3010,19,02,0000,District - Jalpaiguri  02,Rural,12,91509,47820,43689,69057,37442,31615,69057,37442,31615,0,0,0,0,0,0,0,0,0,0,0,0
C3010,19,02,0000,District - Jalpaiguri  02,Rural,13,57416,28726,28690,41860,21895,19965,41860,21895,19965,0,0,0,0,0,0,0,0,0,0,0,0
C3010,19,02,0000,District - Jalpaiguri  02,Rural,14,69411,35122,34289,44268,23589,20679,44268,23589,20679,0,0,0,0,0,0,0,0,0,0,0,0
C3010,19,02,0000,District - Jalpaiguri  02,Rural,15-19,271760,144967,126793,101892,58870,43022,97628,56298,41330,3272,2016,1256,359,240,119,329,173,156,304,143,161
C3010,19,02,0000,District - Jalpaiguri  02,Rural,20-24,233321,115187,118134,20707,13671,7036,11875,7754,4121,7190,5070,2120,444,345,99,192,111,81,1006,391,615
C3010,19,02,0000,District - Jalpaiguri  02,Rural,25-29,237033,113580,123453,2862,1568,1294,0,0,0,955,745,210,188,119,69,168,119,49,1551,585,966
C3010,19,02,0000,District - Jalpaiguri  02,Rural,30-34,208257,104534,103723,1841,887,954,0,0,0,141,111,30,98,57,41,70,53,17,1532,666,866
C3010,19,02,0000,District - Jalpaiguri  02,Rural,35-59,639032,344321,294711,4669,2271,2398,0,0,0,108,86,22,219,139,80,102,74,28,4240,1972,2268
C3010,19,02,0000,District - Jalpaiguri  02,Rural,60+,161790,83123,78667,593,362,231,0,0,0,41,29,12,68,35,33,33,20,13,451,278,173
C3010,19,02,0000,District - Jalpaiguri  02,Rural,Age not stated,4446,2544,1902,37,20,17,0,0,0,10,9,1,4,2,2,12,5,7,11,4,7
C3010,19,02,0000,District - Jalpaiguri  02,Urban,All ages,606882,313989,292893,139171,73208,65963,127133,66559,60574,10305,5685,4620,830,504,326,679,361,318,224,99,125
C3010,19,02,0000,District - Jalpaiguri  02,Urban,0-4,48455,24475,23980,1475,762,713,1475,762,713,0,0,0,0,0,0,0,0,0,0,0,0
C3010,19,02,0000,District - Jalpaiguri  02,Urban,5,11718,6051,5667,2567,1356,1211,2567,1356,1211,0,0,0,0,0,0,0,0,0,0,0,0
C3010,19,02,0000,District - Jalpaiguri  02,Urban,6,10878,5541,5337,4589,2371,2218,4589,2371,2218,0,0,0,0,0,0,0,0,0,0,0,0
C3010,19,02,0000,District - Jalpaiguri  02,Urban,7,11973,6151,5822,9635,5026,4609,9635,5026,4609,0,0,0,0,0,0,0,0,0,0,0,0
C3010,19,02,0000,District - Jalpaiguri  02,Urban,8,13453,7110,6343,11181,5995,5186,11181,5995,5186,0,0,0,0,0,0,0,0,0,0,0,0
C3010,19,02,0000,District - Jalpaiguri  02,Urban,9,10695,5347,5348,9386,4766,4620,9386,4766,4620,0,0,0,0,0,0,0,0,0,0,0,0
C3010,19,02,0000,District - Jalpaiguri  02,Urban,10,15812,8286,7526,13415,7154,6261,13415,7154,6261,0,0,0,0,0,0,0,0,0,0,0,0
C3010,19,02,0000,District - Jalpaiguri  02,Urban,11,10571,5370,5201,9310,4808,4502,9310,4808,4502,0,0,0,0,0,0,0,0,0,0,0,0
C3010,19,02,0000,District - Jalpaiguri  02,Urban,12,15578,8046,7532,12682,6698,5984,12682,6698,5984,0,0,0,0,0,0,0,0,0,0,0,0
C3010,19,02,0000,District - Jalpaiguri  02,Urban,13,11752,5766,5986,9535,4788,4747,9535,4788,4747,0,0,0,0,0,0,0,0,0,0,0,0
C3010,19,02,0000,District - Jalpaiguri  02,Urban,14,13678,6948,6730,10369,5369,5000,10369,5369,5000,0,0,0,0,0,0,0,0,0,0,0,0
C3010,19,02,0000,District - Jalpaiguri  02,Urban,15-19,60025,31011,29014,32708,17087,15621,29222,15351,13871,3112,1553,1559,218,109,109,151,73,78,5,1,4
C3010,19,02,0000,District - Jalpaiguri  02,Urban,20-24,56291,27919,28372,10663,6004,4659,3767,2115,1652,6383,3608,2775,227,149,78,262,125,137,24,7,17
C3010,19,02,0000,District - Jalpaiguri  02,Urban,25-29,57240,27684,29556,997,630,367,0,0,0,582,371,211,200,135,65,171,109,62,44,15,29
C3010,19,02,0000,District - Jalpaiguri  02,Urban,30-34,50509,25897,24612,205,120,85,0,0,0,80,54,26,51,35,16,46,23,23,28,8,20
C3010,19,02,0000,District - Jalpaiguri  02,Urban,35-59,162252,89103,73149,348,213,135,0,0,0,100,70,30,106,63,43,43,26,17,99,54,45
C3010,19,02,0000,District - Jalpaiguri  02,Urban,60+,44476,22414,22062,89,51,38,0,0,0,39,22,17,21,11,10,5,4,1,24,14,10
C3010,19,02,0000,District - Jalpaiguri  02,Urban,Age not stated,1526,870,656,17,10,7,0,0,0,9,7,2,7,2,5,1,1,0,0,0,0
C3010,19,03,0000,District - Koch Bihar  03,Total,All ages,2479155,1272094,1207061,579180,309075,270105,555955,294474,261481,15769,10358,5411,1272,830,442,901,596,305,5283,2817,2466
C3010,19,03,0000,District - Koch Bihar  03,Total,0-4,259145,131633,127512,3006,1461,1545,3006,1461,1545,0,0,0,0,0,0,0,0,0,0,0,0
C3010,19,03,0000,District - Koch Bihar  03,Total,5,64776,33215,31561,10083,5091,4992,10083,5091,4992,0,0,0,0,0,0,0,0,0,0,0,0
C3010,19,03,0000,District - Koch Bihar  03,Total,6,63209,32270,30939,27748,14277,13471,27748,14277,13471,0,0,0,0,0,0,0,0,0,0,0,0
C3010,19,03,0000,District - Koch Bihar  03,Total,7,65435,33117,32318,50895,25910,24985,50895,25910,24985,0,0,0,0,0,0,0,0,0,0,0,0
C3010,19,03,0000,District - Koch Bihar  03,Total,8,74370,37987,36383,62971,32483,30488,62971,32483,30488,0,0,0,0,0,0,0,0,0,0,0,0
C3010,19,03,0000,District - Koch Bihar  03,Total,9,55438,27797,27641,49872,25154,24718,49872,25154,24718,0,0,0,0,0,0,0,0,0,0,0,0
C3010,19,03,0000,District - Koch Bihar  03,Total,10,83856,43320,40536,73484,38255,35229,73484,38255,35229,0,0,0,0,0,0,0,0,0,0,0,0
C3010,19,03,0000,District - Koch Bihar  03,Total,11,47371,24020,23351,42205,21601,20604,42205,21601,20604,0,0,0,0,0,0,0,0,0,0,0,0
C3010,19,03,0000,District - Koch Bihar  03,Total,12,80673,42029,38644,65435,34661,30774,65435,34661,30774,0,0,0,0,0,0,0,0,0,0,0,0
C3010,19,03,0000,District - Koch Bihar  03,Total,13,49965,25057,24908,38577,19787,18790,38577,19787,18790,0,0,0,0,0,0,0,0,0,0,0,0
C3010,19,03,0000,District - Koch Bihar  03,Total,14,59005,30421,28584,39779,21046,18733,39779,21046,18733,0,0,0,0,0,0,0,0,0,0,0,0
C3010,19,03,0000,District - Koch Bihar  03,Total,15-19,223716,124772,98944,88733,52305,36428,83005,48758,34247,4990,3093,1897,268,173,95,334,219,115,136,62,74
C3010,19,03,0000,District - Koch Bihar  03,Total,20-24,200023,98107,101916,19266,12762,6504,8895,5990,2905,9325,6175,3150,393,275,118,171,113,58,482,209,273
C3010,19,03,0000,District - Koch Bihar  03,Total,25-29,211616,99506,112110,2359,1482,877,0,0,0,1136,852,284,295,187,108,191,128,63,737,315,422
C3010,19,03,0000,District - Koch Bihar  03,Total,30-34,186471,94580,91891,1163,652,511,0,0,0,134,107,27,89,61,28,54,37,17,886,447,439
C3010,19,03,0000,District - Koch Bihar  03,Total,35-59,576911,307031,269880,3003,1773,1230,0,0,0,107,80,27,175,104,71,90,52,38,2631,1537,1094
C3010,19,03,0000,District - Koch Bihar  03,Total,60+,170785,83687,87098,504,308,196,0,0,0,33,23,10,41,24,17,34,21,13,396,240,156
C3010,19,03,0000,District - Koch Bihar  03,Total,Age not stated,6390,3545,2845,97,67,30,0,0,0,44,28,16,11,6,5,27,26,1,15,7,8
C3010,19,03,0000,District - Koch Bihar  03,Rural,All ages,2253537,1157241,1096296,526789,281841,244948,509744,270626,239118,10422,7462,2960,785,536,249,645,444,201,5193,2773,2420
C3010,19,03,0000,District - Koch Bihar  03,Rural,0-4,243333,123644,119689,2594,1274,1320,2594,1274,1320,0,0,0,0,0,0,0,0,0,0,0,0
C3010,19,03,0000,District - Koch Bihar  03,Rural,5,60997,31273,29724,9288,4678,4610,9288,4678,4610,0,0,0,0,0,0,0,0,0,0,0,0
C3010,19,03,0000,District - Koch Bihar  03,Rural,6,59773,30519,29254,26190,13475,12715,26190,13475,12715,0,0,0,0,0,0,0,0,0,0,0,0
C3010,19,03,0000,District - Koch Bihar  03,Rural,7,61432,31055,30377,47440,24118,23322,47440,24118,23322,0,0,0,0,0,0,0,0,0,0,0,0
C3010,19,03,0000,District - Koch Bihar  03,Rural,8,70136,35865,34271,59191,30555,28636,59191,30555,28636,0,0,0,0,0,0,0,0,0,0,0,0
C3010,19,03,0000,District - Koch Bihar  03,Rural,9,51888,26005,25883,46608,23486,23122,46608,23486,23122,0,0,0,0,0,0,0,0,0,0,0,0
C3010,19,03,0000,District - Koch Bihar  03,Rural,10,78597,40709,37888,68820,35900,32920,68820,35900,32920,0,0,0,0,0,0,0,0,0,0,0,0
C3010,19,03,0000,District - Koch Bihar  03,Rural,11,43664,22086,21578,38829,19796,19033,38829,19796,19033,0,0,0,0,0,0,0,0,0,0,0,0
C3010,19,03,0000,District - Koch Bihar  03,Rural,12,75114,39235,35879,60793,32240,28553,60793,32240,28553,0,0,0,0,0,0,0,0,0,0,0,0
C3010,19,03,0000,District - Koch Bihar  03,Rural,13,45555,22951,22604,34866,17976,16890,34866,17976,16890,0,0,0,0,0,0,0,0,0,0,0,0
C3010,19,03,0000,District - Koch Bihar  03,Rural,14,54043,27980,26063,35932,19093,16839,35932,19093,16839,0,0,0,0,0,0,0,0,0,0,0,0
C3010,19,03,0000,District - Koch Bihar  03,Rural,15-19,201842,113509,88333,75454,45315,30139,71614,42775,28839,3284,2189,1095,169,113,56,257,180,77,130,58,72
C3010,19,03,0000,District - Koch Bihar  03,Rural,20-24,179446,88015,91431,14507,10149,4358,7579,5260,2319,6116,4434,1682,223,178,45,112,70,42,477,207,270
C3010,19,03,0000,District - Koch Bihar  03,Rural,25-29,191043,89700,101343,1869,1212,657,0,0,0,857,700,157,162,108,54,120,90,30,730,314,416
C3010,19,03,0000,District - Koch Bihar  03,Rural,30-34,167411,85049,82362,1065,595,470,0,0,0,96,83,13,58,39,19,41,29,12,870,444,426
C3010,19,03,0000,District - Koch Bihar  03,Rural,35-59,512709,272446,240263,2820,1657,1163,0,0,0,40,37,3,134,78,56,63,35,28,2583,1507,1076
C3010,19,03,0000,District - Koch Bihar  03,Rural,60+,151389,74292,77097,466,284,182,0,0,0,15,12,3,33,17,16,30,19,11,388,236,152
C3010,19,03,0000,District - Koch Bihar  03,Rural,Age not stated,5165,2908,2257,57,38,19,0,0,0,14,7,7,6,3,3,22,21,1,15,7,8
C3010,19,03,0000,District - Koch Bihar  03,Urban,All ages,225618,114853,110765,52391,27234,25157,46211,23848,22363,5347,2896,2451,487,294,193,256,152,104,90,44,46
C3010,19,03,0000,District - Koch Bihar  03,Urban,0-4,15812,7989,7823,412,187,225,412,187,225,0,0,0,0,0,0,0,0,0,0,0,0
C3010,19,03,0000,District - Koch Bihar  03,Urban,5,3779,1942,1837,795,413,382,795,413,382,0,0,0,0,0,0,0,0,0,0,0,0
C3010,19,03,0000,District - Koch Bihar  03,Urban,6,3436,1751,1685,1558,802,756,1558,802,756,0,0,0,0,0,0,0,0,0,0,0,0
C3010,19,03,0000,District - Koch Bihar  03,Urban,7,4003,2062,1941,3455,1792,1663,3455,1792,1663,0,0,0,0,0,0,0,0,0,0,0,0
C3010,19,03,0000,District - Koch Bihar  03,Urban,8,4234,2122,2112,3780,1928,1852,3780,1928,1852,0,0,0,0,0,0,0,0,0,0,0,0
C3010,19,03,0000,District - Koch Bihar  03,Urban,9,3550,1792,1758,3264,1668,1596,3264,1668,1596,0,0,0,0,0,0,0,0,0,0,0,0
C3010,19,03,0000,District - Koch Bihar  03,Urban,10,5259,2611,2648,4664,2355,2309,4664,2355,2309,0,0,0,0,0,0,0,0,0,0,0,0
C3010,19,03,0000,District - Koch Bihar  03,Urban,11,3707,1934,1773,3376,1805,1571,3376,1805,1571,0,0,0,0,0,0,0,0,0,0,0,0
C3010,19,03,0000,District - Koch Bihar  03,Urban,12,5559,2794,2765,4642,2421,2221,4642,2421,2221,0,0,0,0,0,0,0,0,0,0,0,0
C3010,19,03,0000,District - Koch Bihar  03,Urban,13,4410,2106,2304,3711,1811,1900,3711,1811,1900,0,0,0,0,0,0,0,0,0,0,0,0
C3010,19,03,0000,District - Koch Bihar  03,Urban,14,4962,2441,2521,3847,1953,1894,3847,1953,1894,0,0,0,0,0,0,0,0,0,0,0,0
C3010,19,03,0000,District - Koch Bihar  03,Urban,15-19,21874,11263,10611,13279,6990,6289,11391,5983,5408,1706,904,802,99,60,39,77,39,38,6,4,2
C3010,19,03,0000,District - Koch Bihar  03,Urban,20-24,20577,10092,10485,4759,2613,2146,1316,730,586,3209,1741,1468,170,97,73,59,43,16,5,2,3
C3010,19,03,0000,District - Koch Bihar  03,Urban,25-29,20573,9806,10767,490,270,220,0,0,0,279,152,127,133,79,54,71,38,33,7,1,6
C3010,19,03,0000,District - Koch Bihar  03,Urban,30-34,19060,9531,9529,98,57,41,0,0,0,38,24,14,31,22,9,13,8,5,16,3,13
C3010,19,03,0000,District - Koch Bihar  03,Urban,35-59,64202,34585,29617,183,116,67,0,0,0,67,43,24,41,26,15,27,17,10,48,30,18
C3010,19,03,0000,District - Koch Bihar  03,Urban,60+,19396,9395,10001,38,24,14,0,0,0,18,11,7,8,7,1,4,2,2,8,4,4
C3010,19,03,0000,District - Koch Bihar  03,Urban,Age not stated,1225,637,588,40,29,11,0,0,0,30,21,9,5,3,2,5,5,0,0,0,0
C3010,19,04,0000,District - Uttar Dinajpur  04,Total,All ages,2441794,1259737,1182057,418548,238919,179629,400230,226174,174056,11000,7970,3030,1023,658,365,3634,2571,1063,2661,1546,1115
C3010,19,04,0000,District - Uttar Dinajpur  04,Total,0-4,344679,175154,169525,4160,2254,1906,4160,2254,1906,0,0,0,0,0,0,0,0,0,0,0,0
C3010,19,04,0000,District - Uttar Dinajpur  04,Total,5,80876,41561,39315,9165,4934,4231,9165,4934,4231,0,0,0,0,0,0,0,0,0,0,0,0
C3010,19,04,0000,District - Uttar Dinajpur  04,Total,6,87711,44487,43224,23948,12851,11097,23948,12851,11097,0,0,0,0,0,0,0,0,0,0,0,0
C3010,19,04,0000,District - Uttar Dinajpur  04,Total,7,69171,35335,33836,38190,20478,17712,38190,20478,17712,0,0,0,0,0,0,0,0,0,0,0,0
C3010,19,04,0000,District - Uttar Dinajpur  04,Total,8,94510,49017,45493,52748,28766,23982,52748,28766,23982,0,0,0,0,0,0,0,0,0,0,0,0
C3010,19,04,0000,District - Uttar Dinajpur  04,Total,9,54420,27697,26723,35868,19032,16836,35868,19032,16836,0,0,0,0,0,0,0,0,0,0,0,0
C3010,19,04,0000,District - Uttar Dinajpur  04,Total,10,95556,50067,45489,56563,31532,25031,56563,31532,25031,0,0,0,0,0,0,0,0,0,0,0,0
C3010,19,04,0000,District - Uttar Dinajpur  04,Total,11,36909,19291,17618,25135,13837,11298,25135,13837,11298,0,0,0,0,0,0,0,0,0,0,0,0
C3010,19,04,0000,District - Uttar Dinajpur  04,Total,12,83585,43957,39628,45672,26160,19512,45672,26160,19512,0,0,0,0,0,0,0,0,0,0,0,0
C3010,19,04,0000,District - Uttar Dinajpur  04,Total,13,41706,21408,20298,23905,13329,10576,23905,13329,10576,0,0,0,0,0,0,0,0,0,0,0,0
C3010,19,04,0000,District - Uttar Dinajpur  04,Total,14,54448,28707,25741,26124,15124,11000,26124,15124,11000,0,0,0,0,0,0,0,0,0,0,0,0
C3010,19,04,0000,District - Uttar Dinajpur  04,Total,15-19,205177,113957,91220,59335,38001,21334,52887,33619,19268,3735,2549,1186,221,160,61,2298,1568,730,194,105,89
C3010,19,04,0000,District - Uttar Dinajpur  04,Total,20-24,183798,90035,93763,13466,9762,3704,5865,4258,1607,6393,4694,1699,239,163,76,530,420,110,439,227,212
C3010,19,04,0000,District - Uttar Dinajpur  04,Total,25-29,194801,93665,101136,1663,1176,487,0,0,0,680,571,109,195,127,68,296,226,70,492,252,240
C3010,19,04,0000,District - Uttar Dinajpur  04,Total,30-34,176454,88435,88019,815,511,304,0,0,0,100,86,14,107,63,44,144,91,53,464,271,193
C3010,19,04,0000,District - Uttar Dinajpur  04,Total,35-59,510759,272946,237813,1496,969,527,0,0,0,68,53,15,217,123,94,265,197,68,946,596,350
C3010,19,04,0000,District - Uttar Dinajpur  04,Total,60+,125338,62862,62476,268,184,84,0,0,0,16,11,5,43,22,21,88,60,28,121,91,30
C3010,19,04,0000,District - Uttar Dinajpur  04,Total,Age not stated,1896,1156,740,27,19,8,0,0,0,8,6,2,1,0,1,13,9,4,5,4,1
C3010,19,04,0000,District - Uttar Dinajpur  04,Rural,All ages,2147351,1104224,1043127,346557,198986,147571,334804,190504,144300,5171,4144,1027,591,380,211,3467,2460,1007,2524,1498,1026
C3010,19,04,0000,District - Uttar Dinajpur  04,Rural,0-4,320373,162634,157739,3779,2042,1737,3779,2042,1737,0,0,0,0,0,0,0,0,0,0,0,0
C3010,19,04,0000,District - Uttar Dinajpur  04,Rural,5,74409,38162,36247,8351,4492,3859,8351,4492,3859,0,0,0,0,0,0,0,0,0,0,0,0
C3010,19,04,0000,District - Uttar Dinajpur  04,Rural,6,81373,41240,40133,22121,11915,10206,22121,11915,10206,0,0,0,0,0,0,0,0,0,0,0,0
C3010,19,04,0000,District - Uttar Dinajpur  04,Rural,7,62619,31944,30675,33094,17818,15276,33094,17818,15276,0,0,0,0,0,0,0,0,0,0,0,0
C3010,19,04,0000,District - Uttar Dinajpur  04,Rural,8,86553,44853,41700,46386,25383,21003,46386,25383,21003,0,0,0,0,0,0,0,0,0,0,0,0
C3010,19,04,0000,District - Uttar Dinajpur  04,Rural,9,48210,24477,23733,30681,16313,14368,30681,16313,14368,0,0,0,0,0,0,0,0,0,0,0,0
C3010,19,04,0000,District - Uttar Dinajpur  04,Rural,10,86068,45091,40977,48861,27406,21455,48861,27406,21455,0,0,0,0,0,0,0,0,0,0,0,0
C3010,19,04,0000,District - Uttar Dinajpur  04,Rural,11,31959,16641,15318,20952,11559,9393,20952,11559,9393,0,0,0,0,0,0,0,0,0,0,0,0
C3010,19,04,0000,District - Uttar Dinajpur  04,Rural,12,74700,39222,35478,38847,22409,16438,38847,22409,16438,0,0,0,0,0,0,0,0,0,0,0,0
C3010,19,04,0000,District - Uttar Dinajpur  04,Rural,13,35547,18251,17296,19055,10746,8309,19055,10746,8309,0,0,0,0,0,0,0,0,0,0,0,0
C3010,19,04,0000,District - Uttar Dinajpur  04,Rural,14,47250,25015,22235,21000,12404,8596,21000,12404,8596,0,0,0,0,0,0,0,0,0,0,0,0
C3010,19,04,0000,District - Uttar Dinajpur  04,Rural,15-19,173726,96662,77064,41952,27896,14056,37623,24861,12762,1745,1295,450,135,91,44,2258,1544,714,191,105,86
C3010,19,04,0000,District - Uttar Dinajpur  04,Rural,20-24,157101,76021,81080,7962,6209,1753,4054,3156,898,2881,2358,523,122,85,37,489,391,98,416,219,197
C3010,19,04,0000,District - Uttar Dinajpur  04,Rural,25-29,169239,80772,88467,1241,886,355,0,0,0,442,399,43,86,57,29,236,183,53,477,247,230
C3010,19,04,0000,District - Uttar Dinajpur  04,Rural,30-34,152745,76331,76414,690,443,247,0,0,0,55,51,4,58,42,16,135,85,50,442,265,177
C3010,19,04,0000,District - Uttar Dinajpur  04,Rural,35-59,437114,232276,204838,1328,884,444,0,0,0,37,34,3,155,87,68,250,188,62,886,575,311
C3010,19,04,0000,District - Uttar Dinajpur  04,Rural,60+,106827,53694,53133,237,166,71,0,0,0,8,4,4,34,18,16,87,60,27,108,84,24
C3010,19,04,0000,District - Uttar Dinajpur  04,Rural,Age not stated,1538,938,600,20,15,5,0,0,0,3,3,0,1,0,1,12,9,3,4,3,1
C3010,19,04,0000,District - Uttar Dinajpur  04,Urban,All ages,294443,155513,138930,71991,39933,32058,65426,35670,29756,5829,3826,2003,432,278,154,167,111,56,137,48,89
C3010,19,04,0000,District - Uttar Dinajpur  04,Urban,0-4,24306,12520,11786,381,212,169,381,212,169,0,0,0,0,0,0,0,0,0,0,0,0
C3010,19,04,0000,District - Uttar Dinajpur  04,Urban,5,6467,3399,3068,814,442,372,814,442,372,0,0,0,0,0,0,0,0,0,0,0,0
C3010,19,04,0000,District - Uttar Dinajpur  04,Urban,6,6338,3247,3091,1827,936,891,1827,936,891,0,0,0,0,0,0,0,0,0,0,0,0
C3010,19,04,0000,District - Uttar Dinajpur  04,Urban,7,6552,3391,3161,5096,2660,2436,5096,2660,2436,0,0,0,0,0,0,0,0,0,0,0,0
C3010,19,04,0000,District - Uttar Dinajpur  04,Urban,8,7957,4164,3793,6362,3383,2979,6362,3383,2979,0,0,0,0,0,0,0,0,0,0,0,0
C3010,19,04,0000,District - Uttar Dinajpur  04,Urban,9,6210,3220,2990,5187,2719,2468,5187,2719,2468,0,0,0,0,0,0,0,0,0,0,0,0
C3010,19,04,0000,District - Uttar Dinajpur  04,Urban,10,9488,4976,4512,7702,4126,3576,7702,4126,3576,0,0,0,0,0,0,0,0,0,0,0,0
C3010,19,04,0000,District - Uttar Dinajpur  04,Urban,11,4950,2650,2300,4183,2278,1905,4183,2278,1905,0,0,0,0,0,0,0,0,0,0,0,0
C3010,19,04,0000,District - Uttar Dinajpur  04,Urban,12,8885,4735,4150,6825,3751,3074,6825,3751,3074,0,0,0,0,0,0,0,0,0,0,0,0
C3010,19,04,0000,District - Uttar Dinajpur  04,Urban,13,6159,3157,3002,4850,2583,2267,4850,2583,2267,0,0,0,0,0,0,0,0,0,0,0,0
C3010,19,04,0000,District - Uttar Dinajpur  04,Urban,14,7198,3692,3506,5124,2720,2404,5124,2720,2404,0,0,0,0,0,0,0,0,0,0,0,0
C3010,19,04,0000,District - Uttar Dinajpur  04,Urban,15-19,31451,17295,14156,17383,10105,7278,15264,8758,6506,1990,1254,736,86,69,17,40,24,16,3,0,3
C3010,19,04,0000,District - Uttar Dinajpur  04,Urban,20-24,26697,14014,12683,5504,3553,1951,1811,1102,709,3512,2336,1176,117,78,39,41,29,12,23,8,15
C3010,19,04,0000,District - Uttar Dinajpur  04,Urban,25-29,25562,12893,12669,422,290,132,0,0,0,238,172,66,109,70,39,60,43,17,15,5,10
C3010,19,04,0000,District - Uttar Dinajpur  04,Urban,30-34,23709,12104,11605,125,68,57,0,0,0,45,35,10,49,21,28,9,6,3,22,6,16
C3010,19,04,0000,District - Uttar Dinajpur  04,Urban,35-59,73645,40670,32975,168,85,83,0,0,0,31,19,12,62,36,26,15,9,6,60,21,39
C3010,19,04,0000,District - Uttar Dinajpur  04,Urban,60+,18511,9168,9343,31,18,13,0,0,0,8,7,1,9,4,5,1,0,1,13,7,6
C3010,19,04,0000,District - Uttar Dinajpur  04,Urban,Age not stated,358,218,140,7,4,3,0,0,0,5,3,2,0,0,0,1,0,1,1,1,0
C3010,19,05,0000,District - Dakshin Dinajpur *  05,Total,All ages,1503178,770335,732843,331249,177364,153885,308441,165164,143277,8104,5510,2594,856,471,385,825,554,271,13023,5665,7358
C3010,19,05,0000,District - Dakshin Dinajpur *  05,Total,0-4,162477,82346,80131,3277,1625,1652,3277,1625,1652,0,0,0,0,0,0,0,0,0,0,0,0
C3010,19,05,0000,District - Dakshin Dinajpur *  05,Total,5,41992,21509,20483,7326,3760,3566,7326,3760,3566,0,0,0,0,0,0,0,0,0,0,0,0
C3010,19,05,0000,District - Dakshin Dinajpur *  05,Total,6,41565,21302,20263,17272,8931,8341,17272,8931,8341,0,0,0,0,0,0,0,0,0,0,0,0
C3010,19,05,0000,District - Dakshin Dinajpur *  05,Total,7,39895,20303,19592,30404,15608,14796,30404,15608,14796,0,0,0,0,0,0,0,0,0,0,0,0
C3010,19,05,0000,District - Dakshin Dinajpur *  05,Total,8,46636,23832,22804,37730,19452,18278,37730,19452,18278,0,0,0,0,0,0,0,0,0,0,0,0
C3010,19,05,0000,District - Dakshin Dinajpur *  05,Total,9,32278,16215,16063,27666,13996,13670,27666,13996,13670,0,0,0,0,0,0,0,0,0,0,0,0
C3010,19,05,0000,District - Dakshin Dinajpur *  05,Total,10,47602,24726,22876,39376,20621,18755,39376,20621,18755,0,0,0,0,0,0,0,0,0,0,0,0
C3010,19,05,0000,District - Dakshin Dinajpur *  05,Total,11,23995,12269,11726,20558,10550,10008,20558,10550,10008,0,0,0,0,0,0,0,0,0,0,0,0
C3010,19,05,0000,District - Dakshin Dinajpur *  05,Total,12,44733,23539,21194,34016,18164,15852,34016,18164,15852,0,0,0,0,0,0,0,0,0,0,0,0
C3010,19,05,0000,District - Dakshin Dinajpur *  05,Total,13,26820,13567,13253,20180,10446,9734,20180,10446,9734,0,0,0,0,0,0,0,0,0,0,0,0
C3010,19,05,0000,District - Dakshin Dinajpur *  05,Total,14,32210,17153,15057,21025,11353,9672,21025,11353,9672,0,0,0,0,0,0,0,0,0,0,0,0
C3010,19,05,0000,District - Dakshin Dinajpur *  05,Total,15-19,126662,70473,56189,48463,29515,18948,44779,27276,17503,2464,1570,894,166,72,94,405,268,137,649,329,320
C3010,19,05,0000,District - Dakshin Dinajpur *  05,Total,20-24,122263,57318,64945,11810,7586,4224,4832,3382,1450,4828,3304,1524,188,117,71,119,85,34,1843,698,1145
C3010,19,05,0000,District - Dakshin Dinajpur *  05,Total,25-29,134476,63919,70557,3504,1710,1794,0,0,0,619,492,127,179,109,70,128,99,29,2578,1010,1568
C3010,19,05,0000,District - Dakshin Dinajpur *  05,Total,30-34,119461,61498,57963,2588,1168,1420,0,0,0,86,68,18,92,55,37,53,33,20,2357,1012,1345
C3010,19,05,0000,District - Dakshin Dinajpur *  05,Total,35-59,361014,191946,169068,5426,2558,2868,0,0,0,64,46,18,182,97,85,88,46,42,5092,2369,2723
C3010,19,05,0000,District - Dakshin Dinajpur *  05,Total,60+,96595,47021,49574,588,297,291,0,0,0,31,23,8,48,20,28,27,19,8,482,235,247
C3010,19,05,0000,District - Dakshin Dinajpur *  05,Total,Age not stated,2504,1399,1105,40,24,16,0,0,0,12,7,5,1,1,0,5,4,1,22,12,10
C3010,19,05,0000,District - Dakshin Dinajpur *  05,Rural,All ages,1306324,669796,636528,283134,152037,131097,264953,142401,122552,4528,3398,1130,485,286,199,735,498,237,12433,5454,6979
C3010,19,05,0000,District - Dakshin Dinajpur *  05,Rural,0-4,148646,75314,73332,2828,1391,1437,2828,1391,1437,0,0,0,0,0,0,0,0,0,0,0,0
C3010,19,05,0000,District - Dakshin Dinajpur *  05,Rural,5,38512,19768,18744,6521,3352,3169,6521,3352,3169,0,0,0,0,0,0,0,0,0,0,0,0
C3010,19,05,0000,District - Dakshin Dinajpur *  05,Rural,6,38324,19594,18730,15756,8119,7637,15756,8119,7637,0,0,0,0,0,0,0,0,0,0,0,0
C3010,19,05,0000,District - Dakshin Dinajpur *  05,Rural,7,36010,18370,17640,27216,14016,13200,27216,14016,13200,0,0,0,0,0,0,0,0,0,0,0,0
C3010,19,05,0000,District - Dakshin Dinajpur *  05,Rural,8,42044,21475,20569,33683,17354,16329,33683,17354,16329,0,0,0,0,0,0,0,0,0,0,0,0
C3010,19,05,0000,District - Dakshin Dinajpur *  05,Rural,9,28491,14288,14203,24286,12274,12012,24286,12274,12012,0,0,0,0,0,0,0,0,0,0,0,0
C3010,19,05,0000,District - Dakshin Dinajpur *  05,Rural,10,42008,21829,20179,34457,18040,16417,34457,18040,16417,0,0,0,0,0,0,0,0,0,0,0,0
C3010,19,05,0000,District - Dakshin Dinajpur *  05,Rural,11,20698,10613,10085,17606,9055,8551,17606,9055,8551,0,0,0,0,0,0,0,0,0,0,0,0
C3010,19,05,0000,District - Dakshin Dinajpur *  05,Rural,12,39323,20788,18535,29498,15811,13687,29498,15811,13687,0,0,0,0,0,0,0,0,0,0,0,0
C3010,19,05,0000,District - Dakshin Dinajpur *  05,Rural,13,23022,11617,11405,16964,8758,8206,16964,8758,8206,0,0,0,0,0,0,0,0,0,0,0,0
C3010,19,05,0000,District - Dakshin Dinajpur *  05,Rural,14,27659,14846,12813,17499,9525,7974,17499,9525,7974,0,0,0,0,0,0,0,0,0,0,0,0
C3010,19,05,0000,District - Dakshin Dinajpur *  05,Rural,15-19,108079,60705,47374,37508,23609,13899,34970,21959,13011,1433,1016,417,81,51,30,396,263,133,628,320,308
C3010,19,05,0000,District - Dakshin Dinajpur *  05,Rural,20-24,105195,48892,56303,8259,5538,2721,3669,2747,922,2603,1970,633,96,61,35,98,76,22,1793,684,1109
C3010,19,05,0000,District - Dakshin Dinajpur *  05,Rural,25-29,117146,55461,61685,3074,1447,1627,0,0,0,392,335,57,97,59,38,86,67,19,2499,986,1513
C3010,19,05,0000,District - Dakshin Dinajpur *  05,Rural,30-34,103240,53303,49937,2434,1082,1352,0,0,0,49,38,11,60,36,24,43,27,16,2282,981,1301
C3010,19,05,0000,District - Dakshin Dinajpur *  05,Rural,35-59,306849,162872,143977,5042,2392,2650,0,0,0,29,23,6,117,67,50,83,44,39,4813,2258,2555
C3010,19,05,0000,District - Dakshin Dinajpur *  05,Rural,60+,79352,39080,40272,473,254,219,0,0,0,16,12,4,34,12,22,25,17,8,398,213,185
C3010,19,05,0000,District - Dakshin Dinajpur *  05,Rural,Age not stated,1726,981,745,30,20,10,0,0,0,6,4,2,0,0,0,4,4,0,20,12,8
C3010,19,05,0000,District - Dakshin Dinajpur *  05,Urban,All ages,196854,100539,96315,48115,25327,22788,43488,22763,20725,3576,2112,1464,371,185,186,90,56,34,590,211,379
C3010,19,05,0000,District - Dakshin Dinajpur *  05,Urban,0-4,13831,7032,6799,449,234,215,449,234,215,0,0,0,0,0,0,0,0,0,0,0,0
C3010,19,05,0000,District - Dakshin Dinajpur *  05,Urban,5,3480,1741,1739,805,408,397,805,408,397,0,0,0,0,0,0,0,0,0,0,0,0
C3010,19,05,0000,District - Dakshin Dinajpur *  05,Urban,6,3241,1708,1533,1516,812,704,1516,812,704,0,0,0,0,0,0,0,0,0,0,0,0
C3010,19,05,0000,District - Dakshin Dinajpur *  05,Urban,7,3885,1933,1952,3188,1592,1596,3188,1592,1596,0,0,0,0,0,0,0,0,0,0,0,0
C3010,19,05,0000,District - Dakshin Dinajpur *  05,Urban,8,4592,2357,2235,4047,2098,1949,4047,2098,1949,0,0,0,0,0,0,0,0,0,0,0,0
C3010,19,05,0000,District - Dakshin Dinajpur *  05,Urban,9,3787,1927,1860,3380,1722,1658,3380,1722,1658,0,0,0,0,0,0,0,0,0,0,0,0
C3010,19,05,0000,District - Dakshin Dinajpur *  05,Urban,10,5594,2897,2697,4919,2581,2338,4919,2581,2338,0,0,0,0,0,0,0,0,0,0,0,0
C3010,19,05,0000,District - Dakshin Dinajpur *  05,Urban,11,3297,1656,1641,2952,1495,1457,2952,1495,1457,0,0,0,0,0,0,0,0,0,0,0,0
C3010,19,05,0000,District - Dakshin Dinajpur *  05,Urban,12,5410,2751,2659,4518,2353,2165,4518,2353,2165,0,0,0,0,0,0,0,0,0,0,0,0
C3010,19,05,0000,District - Dakshin Dinajpur *  05,Urban,13,3798,1950,1848,3216,1688,1528,3216,1688,1528,0,0,0,0,0,0,0,0,0,0,0,0
C3010,19,05,0000,District - Dakshin Dinajpur *  05,Urban,14,4551,2307,2244,3526,1828,1698,3526,1828,1698,0,0,0,0,0,0,0,0,0,0,0,0
C3010,19,05,0000,District - Dakshin Dinajpur *  05,Urban,15-19,18583,9768,8815,10955,5906,5049,9809,5317,4492,1031,554,477,85,21,64,9,5,4,21,9,12
C3010,19,05,0000,District - Dakshin Dinajpur *  05,Urban,20-24,17068,8426,8642,3551,2048,1503,1163,635,528,2225,1334,891,92,56,36,21,9,12,50,14,36
C3010,19,05,0000,District - Dakshin Dinajpur *  05,Urban,25-29,17330,8458,8872,430,263,167,0,0,0,227,157,70,82,50,32,42,32,10,79,24,55
C3010,19,05,0000,District - Dakshin Dinajpur *  05,Urban,30-34,16221,8195,8026,154,86,68,0,0,0,37,30,7,32,19,13,10,6,4,75,31,44
C3010,19,05,0000,District - Dakshin Dinajpur *  05,Urban,35-59,54165,29074,25091,384,166,218,0,0,0,35,23,12,65,30,35,5,2,3,279,111,168
C3010,19,05,0000,District - Dakshin Dinajpur *  05,Urban,60+,17243,7941,9302,115,43,72,0,0,0,15,11,4,14,8,6,2,2,0,84,22,62
C3010,19,05,0000,District - Dakshin Dinajpur *  05,Urban,Age not stated,778,418,360,10,4,6,0,0,0,6,3,3,1,1,0,1,0,1,2,0,2
C3010,19,06,0000,District - Maldah  06,Total,All ages,3290468,1689406,1601062,588637,325858,262779,564612,309349,255263,16721,11886,4835,1361,898,463,2059,1563,496,3884,2162,1722
C3010,19,06,0000,District - Maldah  06,Total,0-4,429488,217675,211813,4242,2227,2015,4242,2227,2015,0,0,0,0,0,0,0,0,0,0,0,0
C3010,19,06,0000,District - Maldah  06,Total,5,105213,54289,50924,9616,5041,4575,9616,5041,4575,0,0,0,0,0,0,0,0,0,0,0,0
C3010,19,06,0000,District - Maldah  06,Total,6,105203,53924,51279,24126,12753,11373,24126,12753,11373,0,0,0,0,0,0,0,0,0,0,0,0
C3010,19,06,0000,District - Maldah  06,Total,7,93565,47490,46075,48162,24999,23163,48162,24999,23163,0,0,0,0,0,0,0,0,0,0,0,0
C3010,19,06,0000,District - Maldah  06,Total,8,114978,59235,55743,66763,35202,31561,66763,35202,31561,0,0,0,0,0,0,0,0,0,0,0,0
C3010,19,06,0000,District - Maldah  06,Total,9,76398,38560,37838,51556,26421,25135,51556,26421,25135,0,0,0,0,0,0,0,0,0,0,0,0
C3010,19,06,0000,District - Maldah  06,Total,10,125458,65211,60247,80986,42940,38046,80986,42940,38046,0,0,0,0,0,0,0,0,0,0,0,0
C3010,19,06,0000,District - Maldah  06,Total,11,57870,29553,28317,40586,21075,19511,40586,21075,19511,0,0,0,0,0,0,0,0,0,0,0,0
C3010,19,06,0000,District - Maldah  06,Total,12,113458,59578,53880,68953,37286,31667,68953,37286,31667,0,0,0,0,0,0,0,0,0,0,0,0
C3010,19,06,0000,District - Maldah  06,Total,13,62152,31759,30393,37675,19960,17715,37675,19960,17715,0,0,0,0,0,0,0,0,0,0,0,0
C3010,19,06,0000,District - Maldah  06,Total,14,74607,39568,35039,38997,21698,17299,38997,21698,17299,0,0,0,0,0,0,0,0,0,0,0,0
C3010,19,06,0000,District - Maldah  06,Total,15-19,291162,159708,131454,89722,56807,32915,83055,52377,30678,5025,3237,1788,295,205,90,1158,885,273,189,103,86
C3010,19,06,0000,District - Maldah  06,Total,20-24,261696,127906,133790,20961,15325,5636,9895,7370,2525,9873,7187,2686,285,203,82,362,296,66,546,269,277
C3010,19,06,0000,District - Maldah  06,Total,25-29,268321,127979,140342,2702,1856,846,0,0,0,1397,1112,285,289,182,107,266,196,70,750,366,384
C3010,19,06,0000,District - Maldah  06,Total,30-34,242570,123150,119420,1112,668,444,0,0,0,191,161,30,133,84,49,91,63,28,697,360,337
C3010,19,06,0000,District - Maldah  06,Total,35-59,690235,367828,322407,2090,1340,750,0,0,0,157,131,26,288,181,107,139,99,40,1506,929,577
C3010,19,06,0000,District - Maldah  06,Total,60+,172500,82981,89519,339,230,109,0,0,0,55,41,14,65,38,27,37,21,16,182,130,52
C3010,19,06,0000,District - Maldah  06,Total,Age not stated,5594,3012,2582,49,30,19,0,0,0,23,17,6,6,5,1,6,3,3,14,5,9
C3010,19,06,0000,District - Maldah  06,Rural,All ages,3049528,1565654,1483874,533825,297205,236620,515537,283988,231549,11561,8991,2570,999,638,361,1895,1454,441,3833,2134,1699
C3010,19,06,0000,District - Maldah  06,Rural,0-4,409795,207548,202247,3638,1899,1739,3638,1899,1739,0,0,0,0,0,0,0,0,0,0,0,0
C3010,19,06,0000,District - Maldah  06,Rural,5,100426,51795,48631,8696,4550,4146,8696,4550,4146,0,0,0,0,0,0,0,0,0,0,0,0
C3010,19,06,0000,District - Maldah  06,Rural,6,100577,51565,49012,22324,11811,10513,22324,11811,10513,0,0,0,0,0,0,0,0,0,0,0,0
C3010,19,06,0000,District - Maldah  06,Rural,7,88626,44991,43635,44466,23107,21359,44466,23107,21359,0,0,0,0,0,0,0,0,0,0,0,0
C3010,19,06,0000,District - Maldah  06,Rural,8,109604,56540,53064,62460,33023,29437,62460,33023,29437,0,0,0,0,0,0,0,0,0,0,0,0
C3010,19,06,0000,District - Maldah  06,Rural,9,71978,36363,35615,47766,24509,23257,47766,24509,23257,0,0,0,0,0,0,0,0,0,0,0,0
C3010,19,06,0000,District - Maldah  06,Rural,10,118794,61763,57031,75526,40092,35434,75526,40092,35434,0,0,0,0,0,0,0,0,0,0,0,0
C3010,19,06,0000,District - Maldah  06,Rural,11,53411,27305,26106,36788,19153,17635,36788,19153,17635,0,0,0,0,0,0,0,0,0,0,0,0
C3010,19,06,0000,District - Maldah  06,Rural,12,106960,56232,50728,63899,34699,29200,63899,34699,29200,0,0,0,0,0,0,0,0,0,0,0,0
C3010,19,06,0000,District - Maldah  06,Rural,13,57354,29398,27956,34023,18151,15872,34023,18151,15872,0,0,0,0,0,0,0,0,0,0,0,0
C3010,19,06,0000,District - Maldah  06,Rural,14,69233,36863,32370,35183,19801,15382,35183,19801,15382,0,0,0,0,0,0,0,0,0,0,0,0
C3010,19,06,0000,District - Maldah  06,Rural,15-19,267713,147478,120235,77375,50309,27066,72345,46708,25637,3497,2478,1019,220,153,67,1126,868,258,187,102,85
C3010,19,06,0000,District - Maldah  06,Rural,20-24,239890,116951,122939,16225,12531,3694,8423,6485,1938,6740,5370,1370,187,131,56,335,278,57,540,267,273
C3010,19,06,0000,District - Maldah  06,Rural,25-29,246735,117597,129138,2186,1512,674,0,0,0,1038,882,156,200,116,84,203,152,51,745,362,383
C3010,19,06,0000,District - Maldah  06,Rural,30-34,222298,113035,109263,999,594,405,0,0,0,138,129,9,99,58,41,71,49,22,691,358,333
C3010,19,06,0000,District - Maldah  06,Rural,35-59,625238,332514,292724,1935,1233,702,0,0,0,103,95,8,234,143,91,118,84,34,1480,911,569
C3010,19,06,0000,District - Maldah  06,Rural,60+,155669,74896,80773,294,202,92,0,0,0,28,21,7,53,32,21,36,20,16,177,129,48
C3010,19,06,0000,District - Maldah  06,Rural,Age not stated,5227,2820,2407,42,29,13,0,0,0,17,16,1,6,5,1,6,3,3,13,5,8
C3010,19,06,0000,District - Maldah  06,Urban,All ages,240940,123752,117188,54812,28653,26159,49075,25361,23714,5160,2895,2265,362,260,102,164,109,55,51,28,23
C3010,19,06,0000,District - Maldah  06,Urban,0-4,19693,10127,9566,604,328,276,604,328,276,0,0,0,0,0,0,0,0,0,0,0,0
C3010,19,06,0000,District - Maldah  06,Urban,5,4787,2494,2293,920,491,429,920,491,429,0,0,0,0,0,0,0,0,0,0,0,0
C3010,19,06,0000,District - Maldah  06,Urban,6,4626,2359,2267,1802,942,860,1802,942,860,0,0,0,0,0,0,0,0,0,0,0,0
C3010,19,06,0000,District - Maldah  06,Urban,7,4939,2499,2440,3696,1892,1804,3696,1892,1804,0,0,0,0,0,0,0,0,0,0,0,0
C3010,19,06,0000,District - Maldah  06,Urban,8,5374,2695,2679,4303,2179,2124,4303,2179,2124,0,0,0,0,0,0,0,0,0,0,0,0
C3010,19,06,0000,District - Maldah  06,Urban,9,4420,2197,2223,3790,1912,1878,3790,1912,1878,0,0,0,0,0,0,0,0,0,0,0,0
C3010,19,06,0000,District - Maldah  06,Urban,10,6664,3448,3216,5460,2848,2612,5460,2848,2612,0,0,0,0,0,0,0,0,0,0,0,0
C3010,19,06,0000,District - Maldah  06,Urban,11,4459,2248,2211,3798,1922,1876,3798,1922,1876,0,0,0,0,0,0,0,0,0,0,0,0
C3010,19,06,0000,District - Maldah  06,Urban,12,6498,3346,3152,5054,2587,2467,5054,2587,2467,0,0,0,0,0,0,0,0,0,0,0,0
C3010,19,06,0000,District - Maldah  06,Urban,13,4798,2361,2437,3652,1809,1843,3652,1809,1843,0,0,0,0,0,0,0,0,0,0,0,0
C3010,19,06,0000,District - Maldah  06,Urban,14,5374,2705,2669,3814,1897,1917,3814,1897,1917,0,0,0,0,0,0,0,0,0,0,0,0
C3010,19,06,0000,District - Maldah  06,Urban,15-19,23449,12230,11219,12347,6498,5849,10710,5669,5041,1528,759,769,75,52,23,32,17,15,2,1,1
C3010,19,06,0000,District - Maldah  06,Urban,20-24,21806,10955,10851,4736,2794,1942,1472,885,587,3133,1817,1316,98,72,26,27,18,9,6,2,4
C3010,19,06,0000,District - Maldah  06,Urban,25-29,21586,10382,11204,516,344,172,0,0,0,359,230,129,89,66,23,63,44,19,5,4,1
C3010,19,06,0000,District - Maldah  06,Urban,30-34,20272,10115,10157,113,74,39,0,0,0,53,32,21,34,26,8,20,14,6,6,2,4
C3010,19,06,0000,District - Maldah  06,Urban,35-59,64997,35314,29683,155,107,48,0,0,0,54,36,18,54,38,16,21,15,6,26,18,8
C3010,19,06,0000,District - Maldah  06,Urban,60+,16831,8085,8746,45,28,17,0,0,0,27,20,7,12,6,6,1,1,0,5,1,4
C3010,19,06,0000,District - Maldah  06,Urban,Age not stated,367,192,175,7,1,6,0,0,0,6,1,5,0,0,0,0,0,0,1,0,1
C3010,19,07,0000,District - Murshidabad  07,Total,All ages,5866569,3005000,2861569,1159697,622725,536972,1111639,588819,522820,33680,24021,9659,2195,1483,712,2382,1831,551,9801,6571,3230
C3010,19,07,0000,District - Murshidabad  07,Total,0-4,698034,353157,344877,8208,4089,4119,8208,4089,4119,0,0,0,0,0,0,0,0,0,0,0,0
C3010,19,07,0000,District - Murshidabad  07,Total,5,171353,87672,83681,17297,8752,8545,17297,8752,8545,0,0,0,0,0,0,0,0,0,0,0,0
C3010,19,07,0000,District - Murshidabad  07,Total,6,175147,88967,86180,47167,23746,23421,47167,23746,23421,0,0,0,0,0,0,0,0,0,0,0,0
C3010,19,07,0000,District - Murshidabad  07,Total,7,163372,82872,80500,92432,46805,45627,92432,46805,45627,0,0,0,0,0,0,0,0,0,0,0,0
C3010,19,07,0000,District - Murshidabad  07,Total,8,196627,100766,95861,126677,64885,61792,126677,64885,61792,0,0,0,0,0,0,0,0,0,0,0,0
C3010,19,07,0000,District - Murshidabad  07,Total,9,139580,70658,68922,103244,52048,51196,103244,52048,51196,0,0,0,0,0,0,0,0,0,0,0,0
C3010,19,07,0000,District - Murshidabad  07,Total,10,224140,116146,107994,160377,82615,77762,160377,82615,77762,0,0,0,0,0,0,0,0,0,0,0,0
C3010,19,07,0000,District - Murshidabad  07,Total,11,107973,54887,53086,81666,41191,40475,81666,41191,40475,0,0,0,0,0,0,0,0,0,0,0,0
C3010,19,07,0000,District - Murshidabad  07,Total,12,199960,104489,95471,134530,69818,64712,134530,69818,64712,0,0,0,0,0,0,0,0,0,0,0,0
C3010,19,07,0000,District - Murshidabad  07,Total,13,117227,58886,58341,76398,38217,38181,76398,38217,38181,0,0,0,0,0,0,0,0,0,0,0,0
C3010,19,07,0000,District - Murshidabad  07,Total,14,141977,73531,68446,79514,41492,38022,79514,41492,38022,0,0,0,0,0,0,0,0,0,0,0,0
C3010,19,07,0000,District - Murshidabad  07,Total,15-19,556526,304477,252049,178189,109828,68361,165127,101246,63881,11113,7182,3931,374,254,120,1093,833,260,482,313,169
C3010,19,07,0000,District - Murshidabad  07,Total,20-24,491916,244666,247250,40852,29865,10987,19002,13915,5087,19461,14284,5177,491,369,122,444,377,67,1454,920,534
C3010,19,07,0000,District - Murshidabad  07,Total,25-29,477089,230610,246479,4934,3651,1283,0,0,0,2257,1874,383,534,388,146,388,305,83,1755,1084,671
C3010,19,07,0000,District - Murshidabad  07,Total,30-34,423566,215055,208511,2327,1609,718,0,0,0,353,278,75,228,140,88,120,88,32,1626,1103,523
C3010,19,07,0000,District - Murshidabad  07,Total,35-59,1242576,658884,583692,4987,3480,1507,0,0,0,337,277,60,455,286,169,236,166,70,3959,2751,1208
C3010,19,07,0000,District - Murshidabad  07,Total,60+,331155,154776,176379,810,562,248,0,0,0,106,75,31,110,45,65,86,54,32,508,388,120
C3010,19,07,0000,District - Murshidabad  07,Total,Age not stated,8351,4501,3850,88,72,16,0,0,0,53,51,2,3,1,2,15,8,7,17,12,5
C3010,19,07,0000,District - Murshidabad  07,Rural,All ages,5133835,2633196,2500639,1006484,540113,466371,972333,514734,457599,21296,16497,4799,1537,1015,522,1984,1538,446,9334,6329,3005
C3010,19,07,0000,District - Murshidabad  07,Rural,0-4,622204,314812,307392,7058,3480,3578,7058,3480,3578,0,0,0,0,0,0,0,0,0,0,0,0
C3010,19,07,0000,District - Murshidabad  07,Rural,5,152921,78139,74782,15056,7589,7467,15056,7589,7467,0,0,0,0,0,0,0,0,0,0,0,0
C3010,19,07,0000,District - Murshidabad  07,Rural,6,156245,79284,76961,41795,20971,20824,41795,20971,20824,0,0,0,0,0,0,0,0,0,0,0,0
C3010,19,07,0000,District - Murshidabad  07,Rural,7,145164,73585,71579,80990,40869,40121,80990,40869,40121,0,0,0,0,0,0,0,0,0,0,0,0
C3010,19,07,0000,District - Murshidabad  07,Rural,8,175969,90165,85804,112652,57547,55105,112652,57547,55105,0,0,0,0,0,0,0,0,0,0,0,0
C3010,19,07,0000,District - Murshidabad  07,Rural,9,124251,63102,61149,91575,46262,45313,91575,46262,45313,0,0,0,0,0,0,0,0,0,0,0,0
C3010,19,07,0000,District - Murshidabad  07,Rural,10,200289,103832,96457,142740,73303,69437,142740,73303,69437,0,0,0,0,0,0,0,0,0,0,0,0
C3010,19,07,0000,District - Murshidabad  07,Rural,11,94541,48110,46431,71238,35762,35476,71238,35762,35476,0,0,0,0,0,0,0,0,0,0,0,0
C3010,19,07,0000,District - Murshidabad  07,Rural,12,178253,93258,84995,119508,61730,57778,119508,61730,57778,0,0,0,0,0,0,0,0,0,0,0,0
C3010,19,07,0000,District - Murshidabad  07,Rural,13,102471,51560,50911,66353,33019,33334,66353,33019,33334,0,0,0,0,0,0,0,0,0,0,0,0
C3010,19,07,0000,District - Murshidabad  07,Rural,14,124606,65044,59562,69021,36066,32955,69021,36066,32955,0,0,0,0,0,0,0,0,0,0,0,0
C3010,19,07,0000,District - Murshidabad  07,Rural,15-19,483542,267144,216398,146935,92320,54615,138322,86195,52127,6905,4878,2027,285,196,89,973,749,224,450,302,148
C3010,19,07,0000,District - Murshidabad  07,Rural,20-24,427483,212342,215141,30344,23148,7196,16025,11941,4084,12245,9766,2479,323,235,88,370,321,49,1381,885,496
C3010,19,07,0000,District - Murshidabad  07,Rural,25-29,417115,201638,215477,3822,2845,977,0,0,0,1586,1380,206,280,198,82,273,219,54,1683,1048,635
C3010,19,07,0000,District - Murshidabad  07,Rural,30-34,368855,187794,181061,2071,1455,616,0,0,0,252,217,35,174,107,67,87,67,20,1558,1064,494
C3010,19,07,0000,District - Murshidabad  07,Rural,35-59,1066927,565959,500968,4547,3201,1346,0,0,0,216,188,28,378,237,141,189,128,61,3764,2648,1116
C3010,19,07,0000,District - Murshidabad  07,Rural,60+,285600,133429,152171,726,507,219,0,0,0,71,48,23,94,41,53,79,48,31,482,370,112
C3010,19,07,0000,District - Murshidabad  07,Rural,Age not stated,7399,3999,3400,53,39,14,0,0,0,21,20,1,3,1,2,13,6,7,16,12,4
C3010,19,07,0000,District - Murshidabad  07,Urban,All ages,732734,371804,360930,153213,82612,70601,139306,74085,65221,12384,7524,4860,658,468,190,398,293,105,467,242,225
C3010,19,07,0000,District - Murshidabad  07,Urban,0-4,75830,38345,37485,1150,609,541,1150,609,541,0,0,0,0,0,0,0,0,0,0,0,0
C3010,19,07,0000,District - Murshidabad  07,Urban,5,18432,9533,8899,2241,1163,1078,2241,1163,1078,0,0,0,0,0,0,0,0,0,0,0,0
C3010,19,07,0000,District - Murshidabad  07,Urban,6,18902,9683,9219,5372,2775,2597,5372,2775,2597,0,0,0,0,0,0,0,0,0,0,0,0
C3010,19,07,0000,District - Murshidabad  07,Urban,7,18208,9287,8921,11442,5936,5506,11442,5936,5506,0,0,0,0,0,0,0,0,0,0,0,0
C3010,19,07,0000,District - Murshidabad  07,Urban,8,20658,10601,10057,14025,7338,6687,14025,7338,6687,0,0,0,0,0,0,0,0,0,0,0,0
C3010,19,07,0000,District - Murshidabad  07,Urban,9,15329,7556,7773,11669,5786,5883,11669,5786,5883,0,0,0,0,0,0,0,0,0,0,0,0
C3010,19,07,0000,District - Murshidabad  07,Urban,10,23851,12314,11537,17637,9312,8325,17637,9312,8325,0,0,0,0,0,0,0,0,0,0,0,0
C3010,19,07,0000,District - Murshidabad  07,Urban,11,13432,6777,6655,10428,5429,4999,10428,5429,4999,0,0,0,0,0,0,0,0,0,0,0,0
C3010,19,07,0000,District - Murshidabad  07,Urban,12,21707,11231,10476,15022,8088,6934,15022,8088,6934,0,0,0,0,0,0,0,0,0,0,0,0
C3010,19,07,0000,District - Murshidabad  07,Urban,13,14756,7326,7430,10045,5198,4847,10045,5198,4847,0,0,0,0,0,0,0,0,0,0,0,0
C3010,19,07,0000,District - Murshidabad  07,Urban,14,17371,8487,8884,10493,5426,5067,10493,5426,5067,0,0,0,0,0,0,0,0,0,0,0,0
C3010,19,07,0000,District - Murshidabad  07,Urban,15-19,72984,37333,35651,31254,17508,13746,26805,15051,11754,4208,2304,1904,89,58,31,120,84,36,32,11,21
C3010,19,07,0000,District - Murshidabad  07,Urban,20-24,64433,32324,32109,10508,6717,3791,2977,1974,1003,7216,4518,2698,168,134,34,74,56,18,73,35,38
C3010,19,07,0000,District - Murshidabad  07,Urban,25-29,59974,28972,31002,1112,806,306,0,0,0,671,494,177,254,190,64,115,86,29,72,36,36
C3010,19,07,0000,District - Murshidabad  07,Urban,30-34,54711,27261,27450,256,154,102,0,0,0,101,61,40,54,33,21,33,21,12,68,39,29
C3010,19,07,0000,District - Murshidabad  07,Urban,35-59,175649,92925,82724,440,279,161,0,0,0,121,89,32,77,49,28,47,38,9,195,103,92
C3010,19,07,0000,District - Murshidabad  07,Urban,60+,45555,21347,24208,84,55,29,0,0,0,35,27,8,16,4,12,7,6,1,26,18,8
C3010,19,07,0000,District - Murshidabad  07,Urban,Age not stated,952,502,450,35,33,2,0,0,0,32,31,1,0,0,0,2,2,0,1,0,1
C3010,19,08,0000,District - Birbhum  08,Total,All ages,3015422,1546633,1468789,588726,329623,259103,556878,306831,250047,21982,16204,5778,1731,1201,530,1539,1221,318,6596,4166,2430
C3010,19,08,0000,District - Birbhum  08,Total,0-4,324134,164814,159320,6585,3372,3213,6585,3372,3213,0,0,0,0,0,0,0,0,0,0,0,0
C3010,19,08,0000,District - Birbhum  08,Total,5,83137,42753,40384,12984,6692,6292,12984,6692,6292,0,0,0,0,0,0,0,0,0,0,0,0
C3010,19,08,0000,District - Birbhum  08,Total,6,80922,41032,39890,30753,15824,14929,30753,15824,14929,0,0,0,0,0,0,0,0,0,0,0,0
C3010,19,08,0000,District - Birbhum  08,Total,7,80106,40359,39747,55514,28683,26831,55514,28683,26831,0,0,0,0,0,0,0,0,0,0,0,0
C3010,19,08,0000,District - Birbhum  08,Total,8,90520,46446,44074,66309,34984,31325,66309,34984,31325,0,0,0,0,0,0,0,0,0,0,0,0
C3010,19,08,0000,District - Birbhum  08,Total,9,68956,34405,34551,54483,27931,26552,54483,27931,26552,0,0,0,0,0,0,0,0,0,0,0,0
C3010,19,08,0000,District - Birbhum  08,Total,10,97092,50648,46444,70400,37958,32442,70400,37958,32442,0,0,0,0,0,0,0,0,0,0,0,0
C3010,19,08,0000,District - Birbhum  08,Total,11,51985,26774,25211,39810,21206,18604,39810,21206,18604,0,0,0,0,0,0,0,0,0,0,0,0
C3010,19,08,0000,District - Birbhum  08,Total,12,90960,48119,42841,58996,32970,26026,58996,32970,26026,0,0,0,0,0,0,0,0,0,0,0,0
C3010,19,08,0000,District - Birbhum  08,Total,13,55305,27977,27328,35772,19281,16491,35772,19281,16491,0,0,0,0,0,0,0,0,0,0,0,0
C3010,19,08,0000,District - Birbhum  08,Total,14,67559,35781,31778,37437,21301,16136,37437,21301,16136,0,0,0,0,0,0,0,0,0,0,0,0
C3010,19,08,0000,District - Birbhum  08,Total,15-19,271788,149278,122510,88815,57149,31666,80123,50988,29135,7376,5185,2191,362,253,109,584,505,79,370,218,152
C3010,19,08,0000,District - Birbhum  08,Total,20-24,258272,127377,130895,22226,16286,5940,7712,5641,2071,12788,9534,3254,461,330,131,282,230,52,983,551,432
C3010,19,08,0000,District - Birbhum  08,Total,25-29,263111,128341,134770,3350,2416,934,0,0,0,1376,1125,251,417,319,98,360,270,90,1197,702,495
C3010,19,08,0000,District - Birbhum  08,Total,30-34,239873,121531,118342,1604,1069,535,0,0,0,179,139,40,144,103,41,116,84,32,1165,743,422
C3010,19,08,0000,District - Birbhum  08,Total,35-59,724170,382707,341463,3245,2219,1026,0,0,0,185,161,24,289,167,122,141,101,40,2630,1790,840
C3010,19,08,0000,District - Birbhum  08,Total,60+,164596,76739,87857,417,268,149,0,0,0,70,54,16,57,28,29,47,27,20,243,159,84
C3010,19,08,0000,District - Birbhum  08,Total,Age not stated,2936,1552,1384,26,14,12,0,0,0,8,6,2,1,1,0,9,4,5,8,3,5
C3010,19,08,0000,District - Birbhum  08,Rural,All ages,2757002,1414097,1342905,532518,298914,233604,506965,280002,226963,16579,12873,3706,1255,876,379,1316,1073,243,6403,4090,2313
C3010,19,08,0000,District - Birbhum  08,Rural,0-4,304189,154566,149623,6273,3198,3075,6273,3198,3075,0,0,0,0,0,0,0,0,0,0,0,0
C3010,19,08,0000,District - Birbhum  08,Rural,5,78064,40186,37878,12350,6357,5993,12350,6357,5993,0,0,0,0,0,0,0,0,0,0,0,0
C3010,19,08,0000,District - Birbhum  08,Rural,6,76083,38535,37548,29028,14931,14097,29028,14931,14097,0,0,0,0,0,0,0,0,0,0,0,0
C3010,19,08,0000,District - Birbhum  08,Rural,7,74753,37699,37054,51555,26624,24931,51555,26624,24931,0,0,0,0,0,0,0,0,0,0,0,0
C3010,19,08,0000,District - Birbhum  08,Rural,8,84738,43454,41284,61752,32575,29177,61752,32575,29177,0,0,0,0,0,0,0,0,0,0,0,0
C3010,19,08,0000,District - Birbhum  08,Rural,9,64170,31982,32188,50432,25828,24604,50432,25828,24604,0,0,0,0,0,0,0,0,0,0,0,0
C3010,19,08,0000,District - Birbhum  08,Rural,10,90012,46951,43061,64823,34971,29852,64823,34971,29852,0,0,0,0,0,0,0,0,0,0,0,0
C3010,19,08,0000,District - Birbhum  08,Rural,11,47342,24314,23028,35962,19124,16838,35962,19124,16838,0,0,0,0,0,0,0,0,0,0,0,0
C3010,19,08,0000,District - Birbhum  08,Rural,12,84023,44448,39575,53860,30147,23713,53860,30147,23713,0,0,0,0,0,0,0,0,0,0,0,0
C3010,19,08,0000,District - Birbhum  08,Rural,13,50298,25430,24868,31964,17279,14685,31964,17279,14685,0,0,0,0,0,0,0,0,0,0,0,0
C3010,19,08,0000,District - Birbhum  08,Rural,14,61736,32839,28897,33428,19194,14234,33428,19194,14234,0,0,0,0,0,0,0,0,0,0,0,0
C3010,19,08,0000,District - Birbhum  08,Rural,15-19,245985,135888,110097,75986,50025,25961,69017,44861,24156,5802,4270,1532,262,201,61,543,480,63,362,213,149
C3010,19,08,0000,District - Birbhum  08,Rural,20-24,234709,115473,119236,17472,13346,4126,6521,4913,1608,9405,7423,1982,343,263,80,242,202,40,961,545,416
C3010,19,08,0000,District - Birbhum  08,Rural,25-29,239999,117111,122888,2746,1984,762,0,0,0,1050,902,148,253,183,70,269,204,65,1174,695,479
C3010,19,08,0000,District - Birbhum  08,Rural,30-34,218626,110927,107699,1478,991,487,0,0,0,133,111,22,106,71,35,96,73,23,1143,736,407
C3010,19,08,0000,District - Birbhum  08,Rural,35-59,652350,344585,307765,3018,2089,929,0,0,0,130,121,9,246,137,109,115,84,31,2527,1747,780
C3010,19,08,0000,District - Birbhum  08,Rural,60+,147299,68324,78975,368,239,129,0,0,0,53,42,11,44,20,24,43,26,17,228,151,77
C3010,19,08,0000,District - Birbhum  08,Rural,Age not stated,2626,1385,1241,23,12,11,0,0,0,6,4,2,1,1,0,8,4,4,8,3,5
C3010,19,08,0000,District - Birbhum  08,Urban,All ages,258420,132536,125884,56208,30709,25499,49913,26829,23084,5403,3331,2072,476,325,151,223,148,75,193,76,117
C3010,19,08,0000,District - Birbhum  08,Urban,0-4,19945,10248,9697,312,174,138,312,174,138,0,0,0,0,0,0,0,0,0,0,0,0
C3010,19,08,0000,District - Birbhum  08,Urban,5,5073,2567,2506,634,335,299,634,335,299,0,0,0,0,0,0,0,0,0,0,0,0
C3010,19,08,0000,District - Birbhum  08,Urban,6,4839,2497,2342,1725,893,832,1725,893,832,0,0,0,0,0,0,0,0,0,0,0,0
C3010,19,08,0000,District - Birbhum  08,Urban,7,5353,2660,2693,3959,2059,1900,3959,2059,1900,0,0,0,0,0,0,0,0,0,0,0,0
C3010,19,08,0000,District - Birbhum  08,Urban,8,5782,2992,2790,4557,2409,2148,4557,2409,2148,0,0,0,0,0,0,0,0,0,0,0,0
C3010,19,08,0000,District - Birbhum  08,Urban,9,4786,2423,2363,4051,2103,1948,4051,2103,1948,0,0,0,0,0,0,0,0,0,0,0,0
C3010,19,08,0000,District - Birbhum  08,Urban,10,7080,3697,3383,5577,2987,2590,5577,2987,2590,0,0,0,0,0,0,0,0,0,0,0,0
C3010,19,08,0000,District - Birbhum  08,Urban,11,4643,2460,2183,3848,2082,1766,3848,2082,1766,0,0,0,0,0,0,0,0,0,0,0,0
C3010,19,08,0000,District - Birbhum  08,Urban,12,6937,3671,3266,5136,2823,2313,5136,2823,2313,0,0,0,0,0,0,0,0,0,0,0,0
C3010,19,08,0000,District - Birbhum  08,Urban,13,5007,2547,2460,3808,2002,1806,3808,2002,1806,0,0,0,0,0,0,0,0,0,0,0,0
C3010,19,08,0000,District - Birbhum  08,Urban,14,5823,2942,2881,4009,2107,1902,4009,2107,1902,0,0,0,0,0,0,0,0,0,0,0,0
C3010,19,08,0000,District - Birbhum  08,Urban,15-19,25803,13390,12413,12829,7124,5705,11106,6127,4979,1574,915,659,100,52,48,41,25,16,8,5,3
C3010,19,08,0000,District - Birbhum  08,Urban,20-24,23563,11904,11659,4754,2940,1814,1191,728,463,3383,2111,1272,118,67,51,40,28,12,22,6,16
C3010,19,08,0000,District - Birbhum  08,Urban,25-29,23112,11230,11882,604,432,172,0,0,0,326,223,103,164,136,28,91,66,25,23,7,16
C3010,19,08,0000,District - Birbhum  08,Urban,30-34,21247,10604,10643,126,78,48,0,0,0,46,28,18,38,32,6,20,11,9,22,7,15
C3010,19,08,0000,District - Birbhum  08,Urban,35-59,71820,38122,33698,227,130,97,0,0,0,55,40,15,43,30,13,26,17,9,103,43,60
C3010,19,08,0000,District - Birbhum  08,Urban,60+,17297,8415,8882,49,29,20,0,0,0,17,12,5,13,8,5,4,1,3,15,8,7
C3010,19,08,0000,District - Birbhum  08,Urban,Age not stated,310,167,143,3,2,1,0,0,0,2,2,0,0,0,0,1,0,1,0,0,0
C3010,19,09,0000,District - Barddhaman  09,Total,All ages,6895514,3588376,3307138,1454238,799161,655077,1340886,724698,616188,78616,51045,27571,8394,6308,2086,5304,3877,1427,21038,13233,7805
C3010,19,09,0000,District - Barddhaman  09,Total,0-4,604383,307875,296508,14920,7599,7321,14920,7599,7321,0,0,0,0,0,0,0,0,0,0,0,0
C3010,19,09,0000,District - Barddhaman  09,Total,5,153776,79526,74250,26828,13901,12927,26828,13901,12927,0,0,0,0,0,0,0,0,0,0,0,0
C3010,19,09,0000,District - Barddhaman  09,Total,6,145279,74442,70837,60259,31406,28853,60259,31406,28853,0,0,0,0,0,0,0,0,0,0,0,0
C3010,19,09,0000,District - Barddhaman  09,Total,7,153662,77839,75823,116986,60506,56480,116986,60506,56480,0,0,0,0,0,0,0,0,0,0,0,0
C3010,19,09,0000,District - Barddhaman  09,Total,8,177903,91805,86098,141544,74543,67001,141544,74543,67001,0,0,0,0,0,0,0,0,0,0,0,0
C3010,19,09,0000,District - Barddhaman  09,Total,9,131489,66482,65007,110847,56946,53901,110847,56946,53901,0,0,0,0,0,0,0,0,0,0,0,0
C3010,19,09,0000,District - Barddhaman  09,Total,10,203838,107152,96686,160425,86419,74006,160425,86419,74006,0,0,0,0,0,0,0,0,0,0,0,0
C3010,19,09,0000,District - Barddhaman  09,Total,11,114342,59061,55281,94341,49722,44619,94341,49722,44619,0,0,0,0,0,0,0,0,0,0,0,0
C3010,19,09,0000,District - Barddhaman  09,Total,12,195268,103544,91724,142342,77960,64382,142342,77960,64382,0,0,0,0,0,0,0,0,0,0,0,0
C3010,19,09,0000,District - Barddhaman  09,Total,13,129169,64055,65114,93305,48125,45180,93305,48125,45180,0,0,0,0,0,0,0,0,0,0,0,0
C3010,19,09,0000,District - Barddhaman  09,Total,14,158620,81164,77456,101198,54056,47142,101198,54056,47142,0,0,0,0,0,0,0,0,0,0,0,0
C3010,19,09,0000,District - Barddhaman  09,Total,15-19,679405,366397,313008,280530,163502,117028,251905,145925,105980,23770,14116,9654,1710,1320,390,1704,1272,432,1441,869,572
C3010,19,09,0000,District - Barddhaman  09,Total,20-24,630977,326039,304938,81403,54589,26814,25986,17590,8396,48166,31964,16202,2700,2150,550,1103,816,287,3448,2069,1379
C3010,19,09,0000,District - Barddhaman  09,Total,25-29,614862,308942,305920,11699,8230,3469,0,0,0,4403,3304,1099,2068,1591,477,1453,1067,386,3775,2268,1507
C3010,19,09,0000,District - Barddhaman  09,Total,30-34,552709,285575,267134,5299,3569,1730,0,0,0,770,574,196,627,471,156,409,309,100,3493,2215,1278
C3010,19,09,0000,District - Barddhaman  09,Total,35-59,1789170,965963,823207,10676,7094,3582,0,0,0,1104,808,296,1022,641,381,484,325,159,8066,5320,2746
C3010,19,09,0000,District - Barddhaman  09,Total,60+,447852,215410,232442,1468,888,580,0,0,0,323,222,101,243,121,122,122,73,49,780,472,308
C3010,19,09,0000,District - Barddhaman  09,Total,Age not stated,12810,7105,5705,168,106,62,0,0,0,80,57,23,24,14,10,29,15,14,35,20,15
C3010,19,09,0000,District - Barddhaman  09,Rural,All ages,4348466,2239187,2109279,864800,475682,389118,813530,440006,373524,27631,19975,7656,2466,1765,701,2384,1859,525,18789,12077,6712
C3010,19,09,0000,District - Barddhaman  09,Rural,0-4,410701,209405,201296,9074,4545,4529,9074,4545,4529,0,0,0,0,0,0,0,0,0,0,0,0
C3010,19,09,0000,District - Barddhaman  09,Rural,5,102117,52789,49328,15649,8078,7571,15649,8078,7571,0,0,0,0,0,0,0,0,0,0,0,0
C3010,19,09,0000,District - Barddhaman  09,Rural,6,96183,48913,47270,38072,19621,18451,38072,19621,18451,0,0,0,0,0,0,0,0,0,0,0,0
C3010,19,09,0000,District - Barddhaman  09,Rural,7,102704,51845,50859,77452,39857,37595,77452,39857,37595,0,0,0,0,0,0,0,0,0,0,0,0
C3010,19,09,0000,District - Barddhaman  09,Rural,8,117149,60153,56996,93033,48724,44309,93033,48724,44309,0,0,0,0,0,0,0,0,0,0,0,0
C3010,19,09,0000,District - Barddhaman  09,Rural,9,87783,44163,43620,73819,37762,36057,73819,37762,36057,0,0,0,0,0,0,0,0,0,0,0,0
C3010,19,09,0000,District - Barddhaman  09,Rural,10,131124,68670,62454,102309,54951,47358,102309,54951,47358,0,0,0,0,0,0,0,0,0,0,0,0
C3010,19,09,0000,District - Barddhaman  09,Rural,11,71648,36949,34699,58397,30826,27571,58397,30826,27571,0,0,0,0,0,0,0,0,0,0,0,0
C3010,19,09,0000,District - Barddhaman  09,Rural,12,124671,66208,58463,88687,48822,39865,88687,48822,39865,0,0,0,0,0,0,0,0,0,0,0,0
C3010,19,09,0000,District - Barddhaman  09,Rural,13,80299,39744,40555,55719,28926,26793,55719,28926,26793,0,0,0,0,0,0,0,0,0,0,0,0
C3010,19,09,0000,District - Barddhaman  09,Rural,14,99017,50721,48296,59315,31934,27381,59315,31934,27381,0,0,0,0,0,0,0,0,0,0,0,0
C3010,19,09,0000,District - Barddhaman  09,Rural,15-19,408204,220840,187364,141062,84675,56387,129680,77146,52534,8683,5625,3058,440,326,114,979,785,194,1280,793,487
C3010,19,09,0000,District - Barddhaman  09,Rural,20-24,392578,198294,194284,33381,24184,9197,12324,8814,3510,16822,12547,4275,653,523,130,499,395,104,3083,1905,1178
C3010,19,09,0000,District - Barddhaman  09,Rural,25-29,391412,194426,196986,5954,4188,1766,0,0,0,1502,1278,224,557,442,115,459,365,94,3436,2103,1333
C3010,19,09,0000,District - Barddhaman  09,Rural,30-34,353328,181493,171835,3748,2502,1246,0,0,0,224,192,32,218,149,69,139,109,30,3167,2052,1115
C3010,19,09,0000,District - Barddhaman  09,Rural,35-59,1084027,579362,504665,8089,5450,2639,0,0,0,260,227,33,456,260,196,200,143,57,7173,4820,2353
C3010,19,09,0000,District - Barddhaman  09,Rural,60+,286381,130216,156165,927,563,364,0,0,0,97,72,25,132,57,75,82,50,32,616,384,232
C3010,19,09,0000,District - Barddhaman  09,Rural,Age not stated,9140,4996,4144,113,74,39,0,0,0,43,34,9,10,8,2,26,12,14,34,20,14
C3010,19,09,0000,District - Barddhaman  09,Urban,All ages,2547048,1349189,1197859,589438,323479,265959,527356,284692,242664,50985,31070,19915,5928,4543,1385,2920,2018,902,2249,1156,1093
C3010,19,09,0000,District - Barddhaman  09,Urban,0-4,193682,98470,95212,5846,3054,2792,5846,3054,2792,0,0,0,0,0,0,0,0,0,0,0,0
C3010,19,09,0000,District - Barddhaman  09,Urban,5,51659,26737,24922,11179,5823,5356,11179,5823,5356,0,0,0,0,0,0,0,0,0,0,0,0
C3010,19,09,0000,District - Barddhaman  09,Urban,6,49096,25529,23567,22187,11785,10402,22187,11785,10402,0,0,0,0,0,0,0,0,0,0,0,0
C3010,19,09,0000,District - Barddhaman  09,Urban,7,50958,25994,24964,39534,20649,18885,39534,20649,18885,0,0,0,0,0,0,0,0,0,0,0,0
C3010,19,09,0000,District - Barddhaman  09,Urban,8,60754,31652,29102,48511,25819,22692,48511,25819,22692,0,0,0,0,0,0,0,0,0,0,0,0
C3010,19,09,0000,District - Barddhaman  09,Urban,9,43706,22319,21387,37028,19184,17844,37028,19184,17844,0,0,0,0,0,0,0,0,0,0,0,0
C3010,19,09,0000,District - Barddhaman  09,Urban,10,72714,38482,34232,58116,31468,26648,58116,31468,26648,0,0,0,0,0,0,0,0,0,0,0,0
C3010,19,09,0000,District - Barddhaman  09,Urban,11,42694,22112,20582,35944,18896,17048,35944,18896,17048,0,0,0,0,0,0,0,0,0,0,0,0
C3010,19,09,0000,District - Barddhaman  09,Urban,12,70597,37336,33261,53655,29138,24517,53655,29138,24517,0,0,0,0,0,0,0,0,0,0,0,0
C3010,19,09,0000,District - Barddhaman  09,Urban,13,48870,24311,24559,37586,19199,18387,37586,19199,18387,0,0,0,0,0,0,0,0,0,0,0,0
C3010,19,09,0000,District - Barddhaman  09,Urban,14,59603,30443,29160,41883,22122,19761,41883,22122,19761,0,0,0,0,0,0,0,0,0,0,0,0
C3010,19,09,0000,District - Barddhaman  09,Urban,15-19,271201,145557,125644,139468,78827,60641,122225,68779,53446,15087,8491,6596,1270,994,276,725,487,238,161,76,85
C3010,19,09,0000,District - Barddhaman  09,Urban,20-24,238399,127745,110654,48022,30405,17617,13662,8776,4886,31344,19417,11927,2047,1627,420,604,421,183,365,164,201
C3010,19,09,0000,District - Barddhaman  09,Urban,25-29,223450,114516,108934,5745,4042,1703,0,0,0,2901,2026,875,1511,1149,362,994,702,292,339,165,174
C3010,19,09,0000,District - Barddhaman  09,Urban,30-34,199381,104082,95299,1551,1067,484,0,0,0,546,382,164,409,322,87,270,200,70,326,163,163
C3010,19,09,0000,District - Barddhaman  09,Urban,35-59,705143,386601,318542,2587,1644,943,0,0,0,844,581,263,566,381,185,284,182,102,893,500,393
C3010,19,09,0000,District - Barddhaman  09,Urban,60+,161471,85194,76277,541,325,216,0,0,0,226,150,76,111,64,47,40,23,17,164,88,76
C3010,19,09,0000,District - Barddhaman  09,Urban,Age not stated,3670,2109,1561,55,32,23,0,0,0,37,23,14,14,6,8,3,3,0,1,0,1
C3010,19,10,0000,District - Nadia  10,Total,All ages,4604827,2366853,2237974,983406,525067,458339,931545,490070,441475,40321,27430,12891,3602,2522,1080,2238,1667,571,5700,3378,2322
C3010,19,10,0000,District - Nadia  10,Total,0-4,407511,206587,200924,7318,3590,3728,7318,3590,3728,0,0,0,0,0,0,0,0,0,0,0,0
C3010,19,10,0000,District - Nadia  10,Total,5,103357,52562,50795,14915,7532,7383,14915,7532,7383,0,0,0,0,0,0,0,0,0,0,0,0
C3010,19,10,0000,District - Nadia  10,Total,6,95527,48431,47096,33461,16866,16595,33461,16866,16595,0,0,0,0,0,0,0,0,0,0,0,0
C3010,19,10,0000,District - Nadia  10,Total,7,108448,55025,53423,76922,38965,37957,76922,38965,37957,0,0,0,0,0,0,0,0,0,0,0,0
C3010,19,10,0000,District - Nadia  10,Total,8,118075,60556,57519,92517,47715,44802,92517,47715,44802,0,0,0,0,0,0,0,0,0,0,0,0
C3010,19,10,0000,District - Nadia  10,Total,9,91149,46102,45047,77266,39109,38157,77266,39109,38157,0,0,0,0,0,0,0,0,0,0,0,0
C3010,19,10,0000,District - Nadia  10,Total,10,141400,73802,67598,117432,61455,55977,117432,61455,55977,0,0,0,0,0,0,0,0,0,0,0,0
C3010,19,10,0000,District - Nadia  10,Total,11,82029,41892,40137,70964,36195,34769,70964,36195,34769,0,0,0,0,0,0,0,0,0,0,0,0
C3010,19,10,0000,District - Nadia  10,Total,12,131706,68893,62813,104762,54584,50178,104762,54584,50178,0,0,0,0,0,0,0,0,0,0,0,0
C3010,19,10,0000,District - Nadia  10,Total,13,92121,45660,46461,71547,35430,36117,71547,35430,36117,0,0,0,0,0,0,0,0,0,0,0,0
C3010,19,10,0000,District - Nadia  10,Total,14,105053,53650,51403,73187,37521,35666,73187,37521,35666,0,0,0,0,0,0,0,0,0,0,0,0
C3010,19,10,0000,District - Nadia  10,Total,15-19,444902,240449,204453,186378,107398,78980,172622,98663,73959,12178,7639,4539,702,488,214,623,463,160,253,145,108
C3010,19,10,0000,District - Nadia  10,Total,20-24,413536,206951,206585,45313,30882,14431,18632,12445,6187,24387,16851,7536,973,750,223,544,400,144,777,436,341
C3010,19,10,0000,District - Nadia  10,Total,25-29,414134,202205,211929,5441,3963,1478,0,0,0,2866,2230,636,960,713,247,640,496,144,975,524,451
C3010,19,10,0000,District - Nadia  10,Total,30-34,361914,187171,174743,1775,1214,561,0,0,0,425,340,85,297,204,93,143,109,34,910,561,349
C3010,19,10,0000,District - Nadia  10,Total,35-59,1107204,594891,512313,3371,2094,1277,0,0,0,293,230,63,495,277,218,211,151,60,2372,1436,936
C3010,19,10,0000,District - Nadia  10,Total,60+,381544,179143,202401,773,503,270,0,0,0,151,123,28,163,79,84,58,33,25,401,268,133
C3010,19,10,0000,District - Nadia  10,Total,Age not stated,5217,2883,2334,64,51,13,0,0,0,21,17,4,12,11,1,19,15,4,12,8,4
C3010,19,10,0000,District - Nadia  10,Rural,All ages,3625308,1867682,1757626,779236,417557,361679,745189,393378,351811,25152,18329,6823,2081,1427,654,1606,1235,371,5208,3188,2020
C3010,19,10,0000,District - Nadia  10,Rural,0-4,341318,172996,168322,5885,2869,3016,5885,2869,3016,0,0,0,0,0,0,0,0,0,0,0,0
C3010,19,10,0000,District - Nadia  10,Rural,5,86590,43979,42611,11933,6027,5906,11933,6027,5906,0,0,0,0,0,0,0,0,0,0,0,0
C3010,19,10,0000,District - Nadia  10,Rural,6,80872,40975,39897,27425,13799,13626,27425,13799,13626,0,0,0,0,0,0,0,0,0,0,0,0
C3010,19,10,0000,District - Nadia  10,Rural,7,90570,45884,44686,62287,31457,30830,62287,31457,30830,0,0,0,0,0,0,0,0,0,0,0,0
C3010,19,10,0000,District - Nadia  10,Rural,8,99457,50929,48528,76306,39302,37004,76306,39302,37004,0,0,0,0,0,0,0,0,0,0,0,0
C3010,19,10,0000,District - Nadia  10,Rural,9,75601,38375,37226,63256,32110,31146,63256,32110,31146,0,0,0,0,0,0,0,0,0,0,0,0
C3010,19,10,0000,District - Nadia  10,Rural,10,118492,61849,56643,97305,50909,46396,97305,50909,46396,0,0,0,0,0,0,0,0,0,0,0,0
C3010,19,10,0000,District - Nadia  10,Rural,11,66133,33779,32354,56722,28878,27844,56722,28878,27844,0,0,0,0,0,0,0,0,0,0,0,0
C3010,19,10,0000,District - Nadia  10,Rural,12,109022,57045,51977,85800,44604,41196,85800,44604,41196,0,0,0,0,0,0,0,0,0,0,0,0
C3010,19,10,0000,District - Nadia  10,Rural,13,74005,36761,37244,56684,28073,28611,56684,28073,28611,0,0,0,0,0,0,0,0,0,0,0,0
C3010,19,10,0000,District - Nadia  10,Rural,14,84507,43276,41231,57914,29698,28216,57914,29698,28216,0,0,0,0,0,0,0,0,0,0,0,0
C3010,19,10,0000,District - Nadia  10,Rural,15-19,349191,191301,157890,138826,82118,56708,129812,76022,53790,7895,5304,2591,411,286,125,493,375,118,215,131,84
C3010,19,10,0000,District - Nadia  10,Rural,20-24,322200,161002,161198,30297,21721,8576,13860,9630,4230,14812,10980,3832,509,389,120,405,312,93,711,410,301
C3010,19,10,0000,District - Nadia  10,Rural,25-29,325163,158218,166945,3707,2788,919,0,0,0,1901,1580,321,485,368,117,421,339,82,900,501,399
C3010,19,10,0000,District - Nadia  10,Rural,30-34,281322,146557,134765,1420,997,423,0,0,0,291,251,40,187,126,61,93,77,16,849,543,306
C3010,19,10,0000,District - Nadia  10,Rural,35-59,832494,448931,383563,2823,1768,1055,0,0,0,156,132,24,365,199,166,129,89,40,2173,1348,825
C3010,19,10,0000,District - Nadia  10,Rural,60+,284226,133543,150683,605,408,197,0,0,0,85,72,13,123,59,64,46,28,18,351,249,102
C3010,19,10,0000,District - Nadia  10,Rural,Age not stated,4145,2282,1863,41,31,10,0,0,0,12,10,2,1,0,1,19,15,4,9,6,3
C3010,19,10,0000,District - Nadia  10,Urban,All ages,979519,499171,480348,204170,107510,96660,186356,96692,89664,15169,9101,6068,1521,1095,426,632,432,200,492,190,302
C3010,19,10,0000,District - Nadia  10,Urban,0-4,66193,33591,32602,1433,721,712,1433,721,712,0,0,0,0,0,0,0,0,0,0,0,0
C3010,19,10,0000,District - Nadia  10,Urban,5,16767,8583,8184,2982,1505,1477,2982,1505,1477,0,0,0,0,0,0,0,0,0,0,0,0
C3010,19,10,0000,District - Nadia  10,Urban,6,14655,7456,7199,6036,3067,2969,6036,3067,2969,0,0,0,0,0,0,0,0,0,0,0,0
C3010,19,10,0000,District - Nadia  10,Urban,7,17878,9141,8737,14635,7508,7127,14635,7508,7127,0,0,0,0,0,0,0,0,0,0,0,0
C3010,19,10,0000,District - Nadia  10,Urban,8,18618,9627,8991,16211,8413,7798,16211,8413,7798,0,0,0,0,0,0,0,0,0,0,0,0
C3010,19,10,0000,District - Nadia  10,Urban,9,15548,7727,7821,14010,6999,7011,14010,6999,7011,0,0,0,0,0,0,0,0,0,0,0,0
C3010,19,10,0000,District - Nadia  10,Urban,10,22908,11953,10955,20127,10546,9581,20127,10546,9581,0,0,0,0,0,0,0,0,0,0,0,0
C3010,19,10,0000,District - Nadia  10,Urban,11,15896,8113,7783,14242,7317,6925,14242,7317,6925,0,0,0,0,0,0,0,0,0,0,0,0
C3010,19,10,0000,District - Nadia  10,Urban,12,22684,11848,10836,18962,9980,8982,18962,9980,8982,0,0,0,0,0,0,0,0,0,0,0,0
C3010,19,10,0000,District - Nadia  10,Urban,13,18116,8899,9217,14863,7357,7506,14863,7357,7506,0,0,0,0,0,0,0,0,0,0,0,0
C3010,19,10,0000,District - Nadia  10,Urban,14,20546,10374,10172,15273,7823,7450,15273,7823,7450,0,0,0,0,0,0,0,0,0,0,0,0
C3010,19,10,0000,District - Nadia  10,Urban,15-19,95711,49148,46563,47552,25280,22272,42810,22641,20169,4283,2335,1948,291,202,89,130,88,42,38,14,24
C3010,19,10,0000,District - Nadia  10,Urban,20-24,91336,45949,45387,15016,9161,5855,4772,2815,1957,9575,5871,3704,464,361,103,139,88,51,66,26,40
C3010,19,10,0000,District - Nadia  10,Urban,25-29,88971,43987,44984,1734,1175,559,0,0,0,965,650,315,475,345,130,219,157,62,75,23,52
C3010,19,10,0000,District - Nadia  10,Urban,30-34,80592,40614,39978,355,217,138,0,0,0,134,89,45,110,78,32,50,32,18,61,18,43
C3010,19,10,0000,District - Nadia  10,Urban,35-59,274710,145960,128750,548,326,222,0,0,0,137,98,39,130,78,52,82,62,20,199,88,111
C3010,19,10,0000,District - Nadia  10,Urban,60+,97318,45600,51718,168,95,73,0,0,0,66,51,15,40,20,20,12,5,7,50,19,31
C3010,19,10,0000,District - Nadia  10,Urban,Age not stated,1072,601,471,23,20,3,0,0,0,9,7,2,11,11,0,0,0,0,3,2,1
C3010,19,11,0000,District - North Twenty Four Parganas  11,Total,All ages,8934286,4638756,4295530,1915386,1013649,901737,1758483,917110,841373,124126,76305,47821,15075,10247,4828,8290,5478,2812,9412,4509,4903
C3010,19,11,0000,District - North Twenty Four Parganas  11,Total,0-4,701606,357232,344374,21577,11005,10572,21577,11005,10572,0,0,0,0,0,0,0,0,0,0,0,0
C3010,19,11,0000,District - North Twenty Four Parganas  11,Total,5,182046,93680,88366,32878,17069,15809,32878,17069,15809,0,0,0,0,0,0,0,0,0,0,0,0
C3010,19,11,0000,District - North Twenty Four Parganas  11,Total,6,170686,87700,82986,64174,33143,31031,64174,33143,31031,0,0,0,0,0,0,0,0,0,0,0,0
C3010,19,11,0000,District - North Twenty Four Parganas  11,Total,7,181589,92356,89233,135945,69809,66136,135945,69809,66136,0,0,0,0,0,0,0,0,0,0,0,0
C3010,19,11,0000,District - North Twenty Four Parganas  11,Total,8,212686,109082,103604,171582,88537,83045,171582,88537,83045,0,0,0,0,0,0,0,0,0,0,0,0
C3010,19,11,0000,District - North Twenty Four Parganas  11,Total,9,162413,81566,80847,139772,70427,69345,139772,70427,69345,0,0,0,0,0,0,0,0,0,0,0,0
C3010,19,11,0000,District - North Twenty Four Parganas  11,Total,10,253470,132020,121450,211344,110631,100713,211344,110631,100713,0,0,0,0,0,0,0,0,0,0,0,0
C3010,19,11,0000,District - North Twenty Four Parganas  11,Total,11,147525,75143,72382,127394,64754,62640,127394,64754,62640,0,0,0,0,0,0,0,0,0,0,0,0
C3010,19,11,0000,District - North Twenty Four Parganas  11,Total,12,237028,123983,113045,187382,97577,89805,187382,97577,89805,0,0,0,0,0,0,0,0,0,0,0,0
C3010,19,11,0000,District - North Twenty Four Parganas  11,Total,13,165378,81843,83535,129539,63855,65684,129539,63855,65684,0,0,0,0,0,0,0,0,0,0,0,0
C3010,19,11,0000,District - North Twenty Four Parganas  11,Total,14,193058,98264,94794,136721,69386,67335,136721,69386,67335,0,0,0,0,0,0,0,0,0,0,0,0
C3010,19,11,0000,District - North Twenty Four Parganas  11,Total,15-19,851389,447844,403545,398868,218505,180363,359085,195535,163550,34953,19824,15129,2338,1574,764,2073,1387,686,419,185,234
C3010,19,11,0000,District - North Twenty Four Parganas  11,Total,20-24,804729,407583,397146,123806,77126,46680,41090,25382,15708,75850,47245,28605,4026,2881,1145,1785,1146,639,1055,472,583
C3010,19,11,0000,District - North Twenty Four Parganas  11,Total,25-29,813706,401266,412440,17679,12042,5637,0,0,0,9001,6320,2681,4662,3316,1346,2581,1803,778,1435,603,832
C3010,19,11,0000,District - North Twenty Four Parganas  11,Total,30-34,725697,374969,350728,5146,3206,1940,0,0,0,1566,1100,466,1419,936,483,768,520,248,1393,650,743
C3010,19,11,0000,District - North Twenty Four Parganas  11,Total,35-59,2387875,1301996,1085879,9112,5145,3967,0,0,0,1931,1277,654,2104,1264,840,834,480,354,4243,2124,2119
C3010,19,11,0000,District - North Twenty Four Parganas  11,Total,60+,734216,367044,367172,2349,1358,991,0,0,0,764,498,266,501,265,236,232,132,100,852,463,389
C3010,19,11,0000,District - North Twenty Four Parganas  11,Total,Age not stated,9189,5185,4004,118,74,44,0,0,0,61,41,20,25,11,14,17,10,7,15,12,3
C3010,19,11,0000,District - North Twenty Four Parganas  11,Rural,All ages,4083339,2102208,1981131,894236,467345,426891,857275,442188,415087,25788,18525,7263,2518,1717,801,2386,1789,597,6269,3126,3143
C3010,19,11,0000,District - North Twenty Four Parganas  11,Rural,0-4,397285,202037,195248,8977,4533,4444,8977,4533,4444,0,0,0,0,0,0,0,0,0,0,0,0
C3010,19,11,0000,District - North Twenty Four Parganas  11,Rural,5,103062,52620,50442,14117,7171,6946,14117,7171,6946,0,0,0,0,0,0,0,0,0,0,0,0
C3010,19,11,0000,District - North Twenty Four Parganas  11,Rural,6,98723,50523,48200,32316,16466,15850,32316,16466,15850,0,0,0,0,0,0,0,0,0,0,0,0
C3010,19,11,0000,District - North Twenty Four Parganas  11,Rural,7,102019,51291,50728,70382,35595,34787,70382,35595,34787,0,0,0,0,0,0,0,0,0,0,0,0
C3010,19,11,0000,District - North Twenty Four Parganas  11,Rural,8,119673,60444,59229,92174,46718,45456,92174,46718,45456,0,0,0,0,0,0,0,0,0,0,0,0
C3010,19,11,0000,District - North Twenty Four Parganas  11,Rural,9,90639,45167,45472,76459,38136,38323,76459,38136,38323,0,0,0,0,0,0,0,0,0,0,0,0
C3010,19,11,0000,District - North Twenty Four Parganas  11,Rural,10,136967,70600,66367,111573,57413,54160,111573,57413,54160,0,0,0,0,0,0,0,0,0,0,0,0
C3010,19,11,0000,District - North Twenty Four Parganas  11,Rural,11,77478,38906,38572,65713,32604,33109,65713,32604,33109,0,0,0,0,0,0,0,0,0,0,0,0
C3010,19,11,0000,District - North Twenty Four Parganas  11,Rural,12,127809,66197,61612,97125,49338,47787,97125,49338,47787,0,0,0,0,0,0,0,0,0,0,0,0
C3010,19,11,0000,District - North Twenty Four Parganas  11,Rural,13,85777,42216,43561,63985,30870,33115,63985,30870,33115,0,0,0,0,0,0,0,0,0,0,0,0
C3010,19,11,0000,District - North Twenty Four Parganas  11,Rural,14,99273,50418,48855,65293,32283,33010,65293,32283,33010,0,0,0,0,0,0,0,0,0,0,0,0
C3010,19,11,0000,District - North Twenty Four Parganas  11,Rural,15-19,402980,214520,188460,152871,86495,66376,143637,80389,63248,7475,4867,2608,482,343,139,1018,781,237,259,115,144
C3010,19,11,0000,District - North Twenty Four Parganas  11,Rural,20-24,359953,180050,179903,32946,23219,9727,15524,10672,4852,15673,11451,4222,583,404,179,465,357,108,701,335,366
C3010,19,11,0000,District - North Twenty Four Parganas  11,Rural,25-29,358361,175508,182853,4128,2977,1151,0,0,0,2060,1725,335,592,449,143,482,378,104,994,425,569
C3010,19,11,0000,District - North Twenty Four Parganas  11,Rural,30-34,304880,158548,146332,1724,1054,670,0,0,0,292,253,39,244,174,70,168,126,42,1020,501,519
C3010,19,11,0000,District - North Twenty Four Parganas  11,Rural,35-59,928547,501906,426641,3641,2000,1641,0,0,0,175,147,28,469,273,196,154,97,57,2843,1483,1360
C3010,19,11,0000,District - North Twenty Four Parganas  11,Rural,60+,285940,139043,146897,772,445,327,0,0,0,94,66,28,143,72,71,88,44,44,447,263,184
C3010,19,11,0000,District - North Twenty Four Parganas  11,Rural,Age not stated,3973,2214,1759,40,28,12,0,0,0,19,16,3,5,2,3,11,6,5,5,4,1
C3010,19,11,0000,District - North Twenty Four Parganas  11,Urban,All ages,4850947,2536548,2314399,1021150,546304,474846,901208,474922,426286,98338,57780,40558,12557,8530,4027,5904,3689,2215,3143,1383,1760
C3010,19,11,0000,District - North Twenty Four Parganas  11,Urban,0-4,304321,155195,149126,12600,6472,6128,12600,6472,6128,0,0,0,0,0,0,0,0,0,0,0,0
C3010,19,11,0000,District - North Twenty Four Parganas  11,Urban,5,78984,41060,37924,18761,9898,8863,18761,9898,8863,0,0,0,0,0,0,0,0,0,0,0,0
C3010,19,11,0000,District - North Twenty Four Parganas  11,Urban,6,71963,37177,34786,31858,16677,15181,31858,16677,15181,0,0,0,0,0,0,0,0,0,0,0,0
C3010,19,11,0000,District - North Twenty Four Parganas  11,Urban,7,79570,41065,38505,65563,34214,31349,65563,34214,31349,0,0,0,0,0,0,0,0,0,0,0,0
C3010,19,11,0000,District - North Twenty Four Parganas  11,Urban,8,93013,48638,44375,79408,41819,37589,79408,41819,37589,0,0,0,0,0,0,0,0,0,0,0,0
C3010,19,11,0000,District - North Twenty Four Parganas  11,Urban,9,71774,36399,35375,63313,32291,31022,63313,32291,31022,0,0,0,0,0,0,0,0,0,0,0,0
C3010,19,11,0000,District - North Twenty Four Parganas  11,Urban,10,116503,61420,55083,99771,53218,46553,99771,53218,46553,0,0,0,0,0,0,0,0,0,0,0,0
C3010,19,11,0000,District - North Twenty Four Parganas  11,Urban,11,70047,36237,33810,61681,32150,29531,61681,32150,29531,0,0,0,0,0,0,0,0,0,0,0,0
C3010,19,11,0000,District - North Twenty Four Parganas  11,Urban,12,109219,57786,51433,90257,48239,42018,90257,48239,42018,0,0,0,0,0,0,0,0,0,0,0,0
C3010,19,11,0000,District - North Twenty Four Parganas  11,Urban,13,79601,39627,39974,65554,32985,32569,65554,32985,32569,0,0,0,0,0,0,0,0,0,0,0,0
C3010,19,11,0000,District - North Twenty Four Parganas  11,Urban,14,93785,47846,45939,71428,37103,34325,71428,37103,34325,0,0,0,0,0,0,0,0,0,0,0,0
C3010,19,11,0000,District - North Twenty Four Parganas  11,Urban,15-19,448409,233324,215085,245997,132010,113987,215448,115146,100302,27478,14957,12521,1856,1231,625,1055,606,449,160,70,90
C3010,19,11,0000,District - North Twenty Four Parganas  11,Urban,20-24,444776,227533,217243,90860,53907,36953,25566,14710,10856,60177,35794,24383,3443,2477,966,1320,789,531,354,137,217
C3010,19,11,0000,District - North Twenty Four Parganas  11,Urban,25-29,455345,225758,229587,13551,9065,4486,0,0,0,6941,4595,2346,4070,2867,1203,2099,1425,674,441,178,263
C3010,19,11,0000,District - North Twenty Four Parganas  11,Urban,30-34,420817,216421,204396,3422,2152,1270,0,0,0,1274,847,427,1175,762,413,600,394,206,373,149,224
C3010,19,11,0000,District - North Twenty Four Parganas  11,Urban,35-59,1459328,800090,659238,5471,3145,2326,0,0,0,1756,1130,626,1635,991,644,680,383,297,1400,641,759
C3010,19,11,0000,District - North Twenty Four Parganas  11,Urban,60+,448276,228001,220275,1577,913,664,0,0,0,670,432,238,358,193,165,144,88,56,405,200,205
C3010,19,11,0000,District - North Twenty Four Parganas  11,Urban,Age not stated,5216,2971,2245,78,46,32,0,0,0,42,25,17,20,9,11,6,4,2,10,8,2
C3010,19,12,0000,District - Hugli  12,Total,All ages,5041976,2589625,2452351,1026732,531625,495107,956089,488797,467292,55151,33277,21874,5512,3964,1548,3313,2195,1118,6667,3392,3275
C3010,19,12,0000,District - Hugli  12,Total,0-4,404459,206656,197803,12325,6281,6044,12325,6281,6044,0,0,0,0,0,0,0,0,0,0,0,0
C3010,19,12,0000,District - Hugli  12,Total,5,102823,53048,49775,18304,9477,8827,18304,9477,8827,0,0,0,0,0,0,0,0,0,0,0,0
C3010,19,12,0000,District - Hugli  12,Total,6,95976,49437,46539,37576,19521,18055,37576,19521,18055,0,0,0,0,0,0,0,0,0,0,0,0
C3010,19,12,0000,District - Hugli  12,Total,7,104046,52925,51121,80876,41692,39184,80876,41692,39184,0,0,0,0,0,0,0,0,0,0,0,0
C3010,19,12,0000,District - Hugli  12,Total,8,115946,59762,56184,96052,50218,45834,96052,50218,45834,0,0,0,0,0,0,0,0,0,0,0,0
C3010,19,12,0000,District - Hugli  12,Total,9,90272,45189,45083,79248,40080,39168,79248,40080,39168,0,0,0,0,0,0,0,0,0,0,0,0
C3010,19,12,0000,District - Hugli  12,Total,10,134066,69718,64348,113238,59483,53755,113238,59483,53755,0,0,0,0,0,0,0,0,0,0,0,0
C3010,19,12,0000,District - Hugli  12,Total,11,83451,42649,40802,72554,37251,35303,72554,37251,35303,0,0,0,0,0,0,0,0,0,0,0,0
C3010,19,12,0000,District - Hugli  12,Total,12,130093,68018,62075,103137,54120,49017,103137,54120,49017,0,0,0,0,0,0,0,0,0,0,0,0
C3010,19,12,0000,District - Hugli  12,Total,13,95162,46085,49077,73442,35375,38067,73442,35375,38067,0,0,0,0,0,0,0,0,0,0,0,0
C3010,19,12,0000,District - Hugli  12,Total,14,111210,54247,56963,75577,36288,39289,75577,36288,39289,0,0,0,0,0,0,0,0,0,0,0,0
C3010,19,12,0000,District - Hugli  12,Total,15-19,477114,241645,235469,198930,101607,97323,178571,90001,88570,18070,10104,7966,1041,756,285,921,613,308,327,133,194
C3010,19,12,0000,District - Hugli  12,Total,20-24,452536,226104,226432,51132,31199,19933,15189,9010,6179,32766,20094,12672,1583,1239,344,746,480,266,848,376,472
C3010,19,12,0000,District - Hugli  12,Total,25-29,456250,226340,229910,6517,4462,2055,0,0,0,2970,2122,848,1492,1133,359,951,684,267,1104,523,581
C3010,19,12,0000,District - Hugli  12,Total,30-34,416923,213397,203526,2291,1441,850,0,0,0,506,374,132,427,292,135,269,185,84,1089,590,499
C3010,19,12,0000,District - Hugli  12,Total,35-59,1362075,737532,624543,4563,2611,1952,0,0,0,585,414,171,774,443,331,312,176,136,2892,1578,1314
C3010,19,12,0000,District - Hugli  12,Total,60+,402191,192898,209293,901,482,419,0,0,0,219,150,69,187,97,90,95,46,49,400,189,211
C3010,19,12,0000,District - Hugli  12,Total,Age not stated,7383,3975,3408,69,37,32,0,0,0,35,19,16,8,4,4,19,11,8,7,3,4
C3010,19,12,0000,District - Hugli  12,Rural,All ages,3354227,1699831,1654396,685769,349488,336281,652926,328695,324231,23712,15144,8568,2443,1819,624,1537,1093,444,5151,2737,2414
C3010,19,12,0000,District - Hugli  12,Rural,0-4,293759,149649,144110,7960,4070,3890,7960,4070,3890,0,0,0,0,0,0,0,0,0,0,0,0
C3010,19,12,0000,District - Hugli  12,Rural,5,74435,38310,36125,12256,6277,5979,12256,6277,5979,0,0,0,0,0,0,0,0,0,0,0,0
C3010,19,12,0000,District - Hugli  12,Rural,6,70158,35999,34159,26941,13940,13001,26941,13940,13001,0,0,0,0,0,0,0,0,0,0,0,0
C3010,19,12,0000,District - Hugli  12,Rural,7,75548,38220,37328,57723,29632,28091,57723,29632,28091,0,0,0,0,0,0,0,0,0,0,0,0
C3010,19,12,0000,District - Hugli  12,Rural,8,84072,42984,41088,69423,36019,33404,69423,36019,33404,0,0,0,0,0,0,0,0,0,0,0,0
C3010,19,12,0000,District - Hugli  12,Rural,9,65716,32689,33027,57784,29101,28683,57784,29101,28683,0,0,0,0,0,0,0,0,0,0,0,0
C3010,19,12,0000,District - Hugli  12,Rural,10,94567,48798,45769,79995,41766,38229,79995,41766,38229,0,0,0,0,0,0,0,0,0,0,0,0
C3010,19,12,0000,District - Hugli  12,Rural,11,58553,29750,28803,50918,26002,24916,50918,26002,24916,0,0,0,0,0,0,0,0,0,0,0,0
C3010,19,12,0000,District - Hugli  12,Rural,12,92325,47922,44403,72643,37786,34857,72643,37786,34857,0,0,0,0,0,0,0,0,0,0,0,0
C3010,19,12,0000,District - Hugli  12,Rural,13,66958,31838,35120,50679,23806,26873,50679,23806,26873,0,0,0,0,0,0,0,0,0,0,0,0
C3010,19,12,0000,District - Hugli  12,Rural,14,78203,37237,40966,51121,23593,27528,51121,23593,27528,0,0,0,0,0,0,0,0,0,0,0,0
C3010,19,12,0000,District - Hugli  12,Rural,15-19,319837,158523,161314,117273,57640,59633,107571,51904,55667,8360,4797,3563,554,443,111,534,389,145,254,107,147
C3010,19,12,0000,District - Hugli  12,Rural,20-24,299551,146439,153112,23297,14964,8333,7912,4799,3113,13723,9054,4669,699,568,131,304,230,74,659,313,346
C3010,19,12,0000,District - Hugli  12,Rural,25-29,304718,149403,155315,2985,2103,882,0,0,0,1175,930,245,565,452,113,357,273,84,888,448,440
C3010,19,12,0000,District - Hugli  12,Rural,30-34,276552,141516,135036,1386,869,517,0,0,0,196,158,38,186,120,66,108,81,27,896,510,386
C3010,19,12,0000,District - Hugli  12,Rural,35-59,847631,455753,391878,2871,1654,1217,0,0,0,166,137,29,350,197,153,150,81,69,2205,1239,966
C3010,19,12,0000,District - Hugli  12,Rural,60+,247178,112415,134763,468,238,230,0,0,0,72,55,17,86,37,49,65,28,37,245,118,127
C3010,19,12,0000,District - Hugli  12,Rural,Age not stated,4466,2386,2080,46,28,18,0,0,0,20,13,7,3,2,1,19,11,8,4,2,2
C3010,19,12,0000,District - Hugli  12,Urban,All ages,1687749,889794,797955,340963,182137,158826,303163,160102,143061,31439,18133,13306,3069,2145,924,1776,1102,674,1516,655,861
C3010,19,12,0000,District - Hugli  12,Urban,0-4,110700,57007,53693,4365,2211,2154,4365,2211,2154,0,0,0,0,0,0,0,0,0,0,0,0
C3010,19,12,0000,District - Hugli  12,Urban,5,28388,14738,13650,6048,3200,2848,6048,3200,2848,0,0,0,0,0,0,0,0,0,0,0,0
C3010,19,12,0000,District - Hugli  12,Urban,6,25818,13438,12380,10635,5581,5054,10635,5581,5054,0,0,0,0,0,0,0,0,0,0,0,0
C3010,19,12,0000,District - Hugli  12,Urban,7,28498,14705,13793,23153,12060,11093,23153,12060,11093,0,0,0,0,0,0,0,0,0,0,0,0
C3010,19,12,0000,District - Hugli  12,Urban,8,31874,16778,15096,26629,14199,12430,26629,14199,12430,0,0,0,0,0,0,0,0,0,0,0,0
C3010,19,12,0000,District - Hugli  12,Urban,9,24556,12500,12056,21464,10979,10485,21464,10979,10485,0,0,0,0,0,0,0,0,0,0,0,0
C3010,19,12,0000,District - Hugli  12,Urban,10,39499,20920,18579,33243,17717,15526,33243,17717,15526,0,0,0,0,0,0,0,0,0,0,0,0
C3010,19,12,0000,District - Hugli  12,Urban,11,24898,12899,11999,21636,11249,10387,21636,11249,10387,0,0,0,0,0,0,0,0,0,0,0,0
C3010,19,12,0000,District - Hugli  12,Urban,12,37768,20096,17672,30494,16334,14160,30494,16334,14160,0,0,0,0,0,0,0,0,0,0,0,0
C3010,19,12,0000,District - Hugli  12,Urban,13,28204,14247,13957,22763,11569,11194,22763,11569,11194,0,0,0,0,0,0,0,0,0,0,0,0
C3010,19,12,0000,District - Hugli  12,Urban,14,33007,17010,15997,24456,12695,11761,24456,12695,11761,0,0,0,0,0,0,0,0,0,0,0,0
C3010,19,12,0000,District - Hugli  12,Urban,15-19,157277,83122,74155,81657,43967,37690,71000,38097,32903,9710,5307,4403,487,313,174,387,224,163,73,26,47
C3010,19,12,0000,District - Hugli  12,Urban,20-24,152985,79665,73320,27835,16235,11600,7277,4211,3066,19043,11040,8003,884,671,213,442,250,192,189,63,126
C3010,19,12,0000,District - Hugli  12,Urban,25-29,151532,76937,74595,3532,2359,1173,0,0,0,1795,1192,603,927,681,246,594,411,183,216,75,141
C3010,19,12,0000,District - Hugli  12,Urban,30-34,140371,71881,68490,905,572,333,0,0,0,310,216,94,241,172,69,161,104,57,193,80,113
C3010,19,12,0000,District - Hugli  12,Urban,35-59,514444,281779,232665,1692,957,735,0,0,0,419,277,142,424,246,178,162,95,67,687,339,348
C3010,19,12,0000,District - Hugli  12,Urban,60+,155013,80483,74530,433,244,189,0,0,0,147,95,52,101,60,41,30,18,12,155,71,84
C3010,19,12,0000,District - Hugli  12,Urban,Age not stated,2917,1589,1328,23,9,14,0,0,0,15,6,9,5,2,3,0,0,0,3,1,2
C3010,19,13,0000,District - Bankura  13,Total,All ages,3192695,1636002,1556693,645572,369513,276059,598340,339105,259235,23440,16836,6604,2086,1502,584,1223,858,365,20483,11212,9271
C3010,19,13,0000,District - Bankura  13,Total,0-4,305717,156156,149561,6260,3204,3056,6260,3204,3056,0,0,0,0,0,0,0,0,0,0,0,0
C3010,19,13,0000,District - Bankura  13,Total,5,79688,41308,38380,13387,7076,6311,13387,7076,6311,0,0,0,0,0,0,0,0,0,0,0,0
C3010,19,13,0000,District - Bankura  13,Total,6,73477,37542,35935,27519,14641,12878,27519,14641,12878,0,0,0,0,0,0,0,0,0,0,0,0
C3010,19,13,0000,District - Bankura  13,Total,7,75294,37935,37359,54072,28567,25505,54072,28567,25505,0,0,0,0,0,0,0,0,0,0,0,0
C3010,19,13,0000,District - Bankura  13,Total,8,83557,43182,40375,64607,35076,29531,64607,35076,29531,0,0,0,0,0,0,0,0,0,0,0,0
C3010,19,13,0000,District - Bankura  13,Total,9,67078,34008,33070,55108,29348,25760,55108,29348,25760,0,0,0,0,0,0,0,0,0,0,0,0
C3010,19,13,0000,District - Bankura  13,Total,10,88642,46369,42273,68706,38361,30345,68706,38361,30345,0,0,0,0,0,0,0,0,0,0,0,0
C3010,19,13,0000,District - Bankura  13,Total,11,52560,27577,24983,43009,23991,19018,43009,23991,19018,0,0,0,0,0,0,0,0,0,0,0,0
C3010,19,13,0000,District - Bankura  13,Total,12,89275,47397,41878,63692,36773,26919,63692,36773,26919,0,0,0,0,0,0,0,0,0,0,0,0
C3010,19,13,0000,District - Bankura  13,Total,13,60657,30376,30281,42862,23534,19328,42862,23534,19328,0,0,0,0,0,0,0,0,0,0,0,0
C3010,19,13,0000,District - Bankura  13,Total,14,72268,37386,34882,45056,25852,19204,45056,25852,19204,0,0,0,0,0,0,0,0,0,0,0,0
C3010,19,13,0000,District - Bankura  13,Total,15-19,296347,163035,133312,115084,72717,42367,105064,66146,38918,7844,5185,2659,382,276,106,300,201,99,1494,909,585
C3010,19,13,0000,District - Bankura  13,Total,20-24,277567,140897,136670,27054,19288,7766,8998,6536,2462,13901,10258,3643,592,439,153,234,166,68,3329,1889,1440
C3010,19,13,0000,District - Bankura  13,Total,25-29,285766,142526,143240,5891,3683,2208,0,0,0,1315,1082,233,507,422,85,376,288,88,3693,1891,1802
C3010,19,13,0000,District - Bankura  13,Total,30-34,253473,129659,123814,3755,2057,1698,0,0,0,139,116,23,178,119,59,115,86,29,3323,1736,1587
C3010,19,13,0000,District - Bankura  13,Total,35-59,796874,414971,381903,8591,4825,3766,0,0,0,159,127,32,327,206,121,158,93,65,7947,4399,3548
C3010,19,13,0000,District - Bankura  13,Total,60+,231724,104156,127568,888,501,387,0,0,0,63,52,11,95,39,56,39,23,16,691,387,304
C3010,19,13,0000,District - Bankura  13,Total,Age not stated,2731,1522,1209,31,19,12,0,0,0,19,16,3,5,1,4,1,1,0,6,1,5
C3010,19,13,0000,District - Bankura  13,Rural,All ages,2957447,1515450,1441997,594091,341702,252389,553027,315025,238002,18149,13607,4542,1663,1209,454,1045,743,302,20207,11118,9089
C3010,19,13,0000,District - Bankura  13,Rural,0-4,288955,147665,141290,5820,2983,2837,5820,2983,2837,0,0,0,0,0,0,0,0,0,0,0,0
C3010,19,13,0000,District - Bankura  13,Rural,5,75377,39081,36296,12531,6603,5928,12531,6603,5928,0,0,0,0,0,0,0,0,0,0,0,0
C3010,19,13,0000,District - Bankura  13,Rural,6,69518,35545,33973,25944,13830,12114,25944,13830,12114,0,0,0,0,0,0,0,0,0,0,0,0
C3010,19,13,0000,District - Bankura  13,Rural,7,70933,35727,35206,50597,26786,23811,50597,26786,23811,0,0,0,0,0,0,0,0,0,0,0,0
C3010,19,13,0000,District - Bankura  13,Rural,8,78566,40589,37977,60369,32819,27550,60369,32819,27550,0,0,0,0,0,0,0,0,0,0,0,0
C3010,19,13,0000,District - Bankura  13,Rural,9,63155,32064,31091,51635,27605,24030,51635,27605,24030,0,0,0,0,0,0,0,0,0,0,0,0
C3010,19,13,0000,District - Bankura  13,Rural,10,83061,43483,39578,63967,35870,28097,63967,35870,28097,0,0,0,0,0,0,0,0,0,0,0,0
C3010,19,13,0000,District - Bankura  13,Rural,11,48892,25657,23235,39780,22283,17497,39780,22283,17497,0,0,0,0,0,0,0,0,0,0,0,0
C3010,19,13,0000,District - Bankura  13,Rural,12,83589,44390,39199,59133,34295,24838,59133,34295,24838,0,0,0,0,0,0,0,0,0,0,0,0
C3010,19,13,0000,District - Bankura  13,Rural,13,56348,28318,28030,39428,21811,17617,39428,21811,17617,0,0,0,0,0,0,0,0,0,0,0,0
C3010,19,13,0000,District - Bankura  13,Rural,14,67304,34928,32376,41436,23986,17450,41436,23986,17450,0,0,0,0,0,0,0,0,0,0,0,0
C3010,19,13,0000,District - Bankura  13,Rural,15-19,273321,150958,122363,102572,65796,36776,94518,60324,34194,6010,4152,1858,305,235,70,266,182,84,1473,903,570
C3010,19,13,0000,District - Bankura  13,Rural,20-24,255944,129722,126222,22608,16502,6106,7869,5830,2039,10801,8309,2492,460,348,112,196,142,54,3282,1873,1409
C3010,19,13,0000,District - Bankura  13,Rural,25-29,264486,131902,132584,5402,3354,2048,0,0,0,1073,918,155,378,318,60,303,238,65,3648,1880,1768
C3010,19,13,0000,District - Bankura  13,Rural,30-34,233826,119788,114038,3629,1989,1640,0,0,0,105,96,9,148,96,52,99,75,24,3277,1722,1555
C3010,19,13,0000,District - Bankura  13,Rural,35-59,729397,379172,350225,8371,4706,3665,0,0,0,104,87,17,282,178,104,144,84,60,7841,4357,3484
C3010,19,13,0000,District - Bankura  13,Rural,60+,212227,95043,117184,848,475,373,0,0,0,47,39,8,85,33,52,36,21,15,680,382,298
C3010,19,13,0000,District - Bankura  13,Rural,Age not stated,2548,1418,1130,21,9,12,0,0,0,9,6,3,5,1,4,1,1,0,6,1,5
C3010,19,13,0000,District - Bankura  13,Urban,All ages,235248,120552,114696,51481,27811,23670,45313,24080,21233,5291,3229,2062,423,293,130,178,115,63,276,94,182
C3010,19,13,0000,District - Bankura  13,Urban,0-4,16762,8491,8271,440,221,219,440,221,219,0,0,0,0,0,0,0,0,0,0,0,0
C3010,19,13,0000,District - Bankura  13,Urban,5,4311,2227,2084,856,473,383,856,473,383,0,0,0,0,0,0,0,0,0,0,0,0
C3010,19,13,0000,District - Bankura  13,Urban,6,3959,1997,1962,1575,811,764,1575,811,764,0,0,0,0,0,0,0,0,0,0,0,0
C3010,19,13,0000,District - Bankura  13,Urban,7,4361,2208,2153,3475,1781,1694,3475,1781,1694,0,0,0,0,0,0,0,0,0,0,0,0
C3010,19,13,0000,District - Bankura  13,Urban,8,4991,2593,2398,4238,2257,1981,4238,2257,1981,0,0,0,0,0,0,0,0,0,0,0,0
C3010,19,13,0000,District - Bankura  13,Urban,9,3923,1944,1979,3473,1743,1730,3473,1743,1730,0,0,0,0,0,0,0,0,0,0,0,0
C3010,19,13,0000,District - Bankura  13,Urban,10,5581,2886,2695,4739,2491,2248,4739,2491,2248,0,0,0,0,0,0,0,0,0,0,0,0
C3010,19,13,0000,District - Bankura  13,Urban,11,3668,1920,1748,3229,1708,1521,3229,1708,1521,0,0,0,0,0,0,0,0,0,0,0,0
C3010,19,13,0000,District - Bankura  13,Urban,12,5686,3007,2679,4559,2478,2081,4559,2478,2081,0,0,0,0,0,0,0,0,0,0,0,0
C3010,19,13,0000,District - Bankura  13,Urban,13,4309,2058,2251,3434,1723,1711,3434,1723,1711,0,0,0,0,0,0,0,0,0,0,0,0
C3010,19,13,0000,District - Bankura  13,Urban,14,4964,2458,2506,3620,1866,1754,3620,1866,1754,0,0,0,0,0,0,0,0,0,0,0,0
C3010,19,13,0000,District - Bankura  13,Urban,15-19,23026,12077,10949,12512,6921,5591,10546,5822,4724,1834,1033,801,77,41,36,34,19,15,21,6,15
C3010,19,13,0000,District - Bankura  13,Urban,20-24,21623,11175,10448,4446,2786,1660,1129,706,423,3100,1949,1151,132,91,41,38,24,14,47,16,31
C3010,19,13,0000,District - Bankura  13,Urban,25-29,21280,10624,10656,489,329,160,0,0,0,242,164,78,129,104,25,73,50,23,45,11,34
C3010,19,13,0000,District - Bankura  13,Urban,30-34,19647,9871,9776,126,68,58,0,0,0,34,20,14,30,23,7,16,11,5,46,14,32
C3010,19,13,0000,District - Bankura  13,Urban,35-59,67477,35799,31678,220,119,101,0,0,0,55,40,15,45,28,17,14,9,5,106,42,64
C3010,19,13,0000,District - Bankura  13,Urban,60+,19497,9113,10384,40,26,14,0,0,0,16,13,3,10,6,4,3,2,1,11,5,6
C3010,19,13,0000,District - Bankura  13,Urban,Age not stated,183,104,79,10,10,0,0,0,0,10,10,0,0,0,0,0,0,0,0,0,0
C3010,19,14,0000,District - Puruliya  14,Total,All ages,2536516,1298078,1238438,467976,284214,183762,443372,266702,176670,17550,13581,3969,1404,988,416,1072,766,306,4578,2177,2401
C3010,19,14,0000,District - Puruliya  14,Total,0-4,269944,136870,133074,3688,1973,1715,3688,1973,1715,0,0,0,0,0,0,0,0,0,0,0,0
C3010,19,14,0000,District - Puruliya  14,Total,5,69643,36038,33605,10408,5834,4574,10408,5834,4574,0,0,0,0,0,0,0,0,0,0,0,0
C3010,19,14,0000,District - Puruliya  14,Total,6,69216,35197,34019,24112,13428,10684,24112,13428,10684,0,0,0,0,0,0,0,0,0,0,0,0
C3010,19,14,0000,District - Puruliya  14,Total,7,62620,31646,30974,40922,22700,18222,40922,22700,18222,0,0,0,0,0,0,0,0,0,0,0,0
C3010,19,14,0000,District - Puruliya  14,Total,8,73444,37815,35629,49989,28430,21559,49989,28430,21559,0,0,0,0,0,0,0,0,0,0,0,0
C3010,19,14,0000,District - Puruliya  14,Total,9,56561,28862,27699,41621,23377,18244,41621,23377,18244,0,0,0,0,0,0,0,0,0,0,0,0
C3010,19,14,0000,District - Puruliya  14,Total,10,74766,39107,35659,50429,29906,20523,50429,29906,20523,0,0,0,0,0,0,0,0,0,0,0,0
C3010,19,14,0000,District - Puruliya  14,Total,11,41617,21811,19806,30342,17786,12556,30342,17786,12556,0,0,0,0,0,0,0,0,0,0,0,0
C3010,19,14,0000,District - Puruliya  14,Total,12,76067,40255,35812,47084,28876,18208,47084,28876,18208,0,0,0,0,0,0,0,0,0,0,0,0
C3010,19,14,0000,District - Puruliya  14,Total,13,48610,24572,24038,30063,17913,12150,30063,17913,12150,0,0,0,0,0,0,0,0,0,0,0,0
C3010,19,14,0000,District - Puruliya  14,Total,14,58259,30281,27978,31387,19503,11884,31387,19503,11884,0,0,0,0,0,0,0,0,0,0,0,0
C3010,19,14,0000,District - Puruliya  14,Total,15-19,231013,125940,105073,80646,54544,26102,74275,50083,24192,5442,3879,1563,282,203,79,393,275,118,254,104,150
C3010,19,14,0000,District - Puruliya  14,Total,20-24,201065,101301,99764,20324,15470,4854,9052,6893,2159,10049,7889,2160,352,282,70,172,134,38,699,272,427
C3010,19,14,0000,District - Puruliya  14,Total,25-29,211606,105868,105738,2726,2031,695,0,0,0,1472,1312,160,265,216,49,246,186,60,743,317,426
C3010,19,14,0000,District - Puruliya  14,Total,30-34,187958,95227,92731,1177,679,498,0,0,0,246,221,25,111,72,39,92,68,24,728,318,410
C3010,19,14,0000,District - Puruliya  14,Total,35-59,618194,319283,298911,2576,1452,1124,0,0,0,245,198,47,304,174,130,135,82,53,1892,998,894
C3010,19,14,0000,District - Puruliya  14,Total,60+,183539,86692,96847,451,289,162,0,0,0,78,65,13,90,41,49,28,17,11,255,166,89
C3010,19,14,0000,District - Puruliya  14,Total,Age not stated,2394,1313,1081,31,23,8,0,0,0,18,17,1,0,0,0,6,4,2,7,2,5
C3010,19,14,0000,District - Puruliya  14,Rural,All ages,2281090,1165054,1116036,408068,251023,157045,389137,237051,152086,12461,10409,2052,1123,782,341,853,633,220,4494,2148,2346
C3010,19,14,0000,District - Puruliya  14,Rural,0-4,248420,125788,122632,3131,1689,1442,3131,1689,1442,0,0,0,0,0,0,0,0,0,0,0,0
C3010,19,14,0000,District - Puruliya  14,Rural,5,64032,33089,30943,9364,5261,4103,9364,5261,4103,0,0,0,0,0,0,0,0,0,0,0,0
C3010,19,14,0000,District - Puruliya  14,Rural,6,63994,32476,31518,21994,12262,9732,21994,12262,9732,0,0,0,0,0,0,0,0,0,0,0,0
C3010,19,14,0000,District - Puruliya  14,Rural,7,57128,28826,28302,36726,20448,16278,36726,20448,16278,0,0,0,0,0,0,0,0,0,0,0,0
C3010,19,14,0000,District - Puruliya  14,Rural,8,67120,34538,32582,45107,25799,19308,45107,25799,19308,0,0,0,0,0,0,0,0,0,0,0,0
C3010,19,14,0000,District - Puruliya  14,Rural,9,51829,26423,25406,37688,21290,16398,37688,21290,16398,0,0,0,0,0,0,0,0,0,0,0,0
C3010,19,14,0000,District - Puruliya  14,Rural,10,67728,35395,32333,44889,26858,18031,44889,26858,18031,0,0,0,0,0,0,0,0,0,0,0,0
C3010,19,14,0000,District - Puruliya  14,Rural,11,37046,19441,17605,26512,15720,10792,26512,15720,10792,0,0,0,0,0,0,0,0,0,0,0,0
C3010,19,14,0000,District - Puruliya  14,Rural,12,68927,36541,32386,41708,25955,15753,41708,25955,15753,0,0,0,0,0,0,0,0,0,0,0,0
C3010,19,14,0000,District - Puruliya  14,Rural,13,43471,21976,21495,26076,15800,10276,26076,15800,10276,0,0,0,0,0,0,0,0,0,0,0,0
C3010,19,14,0000,District - Puruliya  14,Rural,14,52059,27162,24897,27121,17252,9869,27121,17252,9869,0,0,0,0,0,0,0,0,0,0,0,0
C3010,19,14,0000,District - Puruliya  14,Rural,15-19,203972,111635,92337,66051,46367,19684,61409,42875,18534,3827,2978,849,214,155,59,353,257,96,248,102,146
C3010,19,14,0000,District - Puruliya  14,Rural,20-24,178441,89516,88925,15593,12451,3142,7412,5842,1570,7110,6033,1077,265,212,53,123,97,26,683,267,416
C3010,19,14,0000,District - Puruliya  14,Rural,25-29,189515,94771,94744,2251,1671,580,0,0,0,1145,1048,97,204,168,36,174,141,33,728,314,414
C3010,19,14,0000,District - Puruliya  14,Rural,30-34,168356,85275,83081,1068,603,465,0,0,0,185,176,9,92,58,34,74,57,17,717,312,405
C3010,19,14,0000,District - Puruliya  14,Rural,35-59,550670,282847,267823,2363,1319,1044,0,0,0,131,118,13,269,152,117,101,63,38,1862,986,876
C3010,19,14,0000,District - Puruliya  14,Rural,60+,166217,78180,88037,396,256,140,0,0,0,46,40,6,79,37,42,22,14,8,249,165,84
C3010,19,14,0000,District - Puruliya  14,Rural,Age not stated,2165,1175,990,30,22,8,0,0,0,17,16,1,0,0,0,6,4,2,7,2,5
C3010,19,14,0000,District - Puruliya  14,Urban,All ages,255426,133024,122402,59908,33191,26717,54235,29651,24584,5089,3172,1917,281,206,75,219,133,86,84,29,55
C3010,19,14,0000,District - Puruliya  14,Urban,0-4,21524,11082,10442,557,284,273,557,284,273,0,0,0,0,0,0,0,0,0,0,0,0
C3010,19,14,0000,District - Puruliya  14,Urban,5,5611,2949,2662,1044,573,471,1044,573,471,0,0,0,0,0,0,0,0,0,0,0,0
C3010,19,14,0000,District - Puruliya  14,Urban,6,5222,2721,2501,2118,1166,952,2118,1166,952,0,0,0,0,0,0,0,0,0,0,0,0
C3010,19,14,0000,District - Puruliya  14,Urban,7,5492,2820,2672,4196,2252,1944,4196,2252,1944,0,0,0,0,0,0,0,0,0,0,0,0
C3010,19,14,0000,District - Puruliya  14,Urban,8,6324,3277,3047,4882,2631,2251,4882,2631,2251,0,0,0,0,0,0,0,0,0,0,0,0
C3010,19,14,0000,District - Puruliya  14,Urban,9,4732,2439,2293,3933,2087,1846,3933,2087,1846,0,0,0,0,0,0,0,0,0,0,0,0
C3010,19,14,0000,District - Puruliya  14,Urban,10,7038,3712,3326,5540,3048,2492,5540,3048,2492,0,0,0,0,0,0,0,0,0,0,0,0
C3010,19,14,0000,District - Puruliya  14,Urban,11,4571,2370,2201,3830,2066,1764,3830,2066,1764,0,0,0,0,0,0,0,0,0,0,0,0
C3010,19,14,0000,District - Puruliya  14,Urban,12,7140,3714,3426,5376,2921,2455,5376,2921,2455,0,0,0,0,0,0,0,0,0,0,0,0
C3010,19,14,0000,District - Puruliya  14,Urban,13,5139,2596,2543,3987,2113,1874,3987,2113,1874,0,0,0,0,0,0,0,0,0,0,0,0
C3010,19,14,0000,District - Puruliya  14,Urban,14,6200,3119,3081,4266,2251,2015,4266,2251,2015,0,0,0,0,0,0,0,0,0,0,0,0
C3010,19,14,0000,District - Puruliya  14,Urban,15-19,27041,14305,12736,14595,8177,6418,12866,7208,5658,1615,901,714,68,48,20,40,18,22,6,2,4
C3010,19,14,0000,District - Puruliya  14,Urban,20-24,22624,11785,10839,4731,3019,1712,1640,1051,589,2939,1856,1083,87,70,17,49,37,12,16,5,11
C3010,19,14,0000,District - Puruliya  14,Urban,25-29,22091,11097,10994,475,360,115,0,0,0,327,264,63,61,48,13,72,45,27,15,3,12
C3010,19,14,0000,District - Puruliya  14,Urban,30-34,19602,9952,9650,109,76,33,0,0,0,61,45,16,19,14,5,18,11,7,11,6,5
C3010,19,14,0000,District - Puruliya  14,Urban,35-59,67524,36436,31088,213,133,80,0,0,0,114,80,34,35,22,13,34,19,15,30,12,18
C3010,19,14,0000,District - Puruliya  14,Urban,60+,17322,8512,8810,55,33,22,0,0,0,32,25,7,11,4,7,6,3,3,6,1,5
C3010,19,14,0000,District - Puruliya  14,Urban,Age not stated,229,138,91,1,1,0,0,0,0,1,1,0,0,0,0,0,0,0,0,0,0
C3010,19,15,0000,District - Medinipur  15,Total,All ages,9610788,4916370,4694418,2197312,1183107,1014205,2033748,1091994,941754,75507,52664,22843,10875,8425,2450,4563,3058,1505,72619,26966,45653
C3010,19,15,0000,District - Medinipur  15,Total,0-4,918006,468858,449148,15865,8051,7814,15865,8051,7814,0,0,0,0,0,0,0,0,0,0,0,0
C3010,19,15,0000,District - Medinipur  15,Total,5,238494,123752,114742,38694,20308,18386,38694,20308,18386,0,0,0,0,0,0,0,0,0,0,0,0
C3010,19,15,0000,District - Medinipur  15,Total,6,223997,114949,109048,87687,45791,41896,87687,45791,41896,0,0,0,0,0,0,0,0,0,0,0,0
C3010,19,15,0000,District - Medinipur  15,Total,7,234965,119452,115513,181961,94265,87696,181961,94265,87696,0,0,0,0,0,0,0,0,0,0,0,0
C3010,19,15,0000,District - Medinipur  15,Total,8,259774,134238,125536,218000,114903,103097,218000,114903,103097,0,0,0,0,0,0,0,0,0,0,0,0
C3010,19,15,0000,District - Medinipur  15,Total,9,208037,104140,103897,184648,93968,90680,184648,93968,90680,0,0,0,0,0,0,0,0,0,0,0,0
C3010,19,15,0000,District - Medinipur  15,Total,10,287499,149111,138388,247811,131337,116474,247811,131337,116474,0,0,0,0,0,0,0,0,0,0,0,0
C3010,19,15,0000,District - Medinipur  15,Total,11,170916,87254,83662,151013,78710,72303,151013,78710,72303,0,0,0,0,0,0,0,0,0,0,0,0
C3010,19,15,0000,District - Medinipur  15,Total,12,285530,149981,135549,230982,124942,106040,230982,124942,106040,0,0,0,0,0,0,0,0,0,0,0,0
C3010,19,15,0000,District - Medinipur  15,Total,13,197974,97672,100302,154041,78808,75233,154041,78808,75233,0,0,0,0,0,0,0,0,0,0,0,0
C3010,19,15,0000,District - Medinipur  15,Total,14,225876,114318,111558,154259,81677,72582,154259,81677,72582,0,0,0,0,0,0,0,0,0,0,0,0
C3010,19,15,0000,District - Medinipur  15,Total,15-19,936749,486798,449951,369395,217270,152125,341340,199856,141484,21815,13741,8074,2467,1998,469,1393,813,580,2380,862,1518
C3010,19,15,0000,District - Medinipur  15,Total,20-24,861072,426598,434474,86739,59231,27508,27447,19378,8069,47055,33582,13473,3655,3001,654,906,623,283,7676,2647,5029
C3010,19,15,0000,District - Medinipur  15,Total,25-29,848978,411492,437486,19708,10713,8995,0,0,0,5146,4149,997,2293,1829,464,1220,932,288,11049,3803,7246
C3010,19,15,0000,District - Medinipur  15,Total,30-34,736125,379628,356497,13389,5810,7579,0,0,0,718,581,137,818,602,216,376,269,107,11477,4358,7119
C3010,19,15,0000,District - Medinipur  15,Total,35-59,2273119,1204930,1068189,36686,14697,21989,0,0,0,544,432,112,1273,779,494,543,345,198,34326,13141,21185
C3010,19,15,0000,District - Medinipur  15,Total,60+,696667,339316,357351,6312,2536,3776,0,0,0,197,152,45,321,172,149,119,71,48,5675,2141,3534
C3010,19,15,0000,District - Medinipur  15,Total,Age not stated,7010,3883,3127,122,90,32,0,0,0,32,27,5,48,44,4,6,5,1,36,14,22
C3010,19,15,0000,District - Medinipur  15,Rural,All ages,8626883,4407920,4218963,1961190,1056488,904702,1828010,984314,843696,54439,39429,15010,6298,4667,1631,3473,2321,1152,68970,25757,43213
C3010,19,15,0000,District - Medinipur  15,Rural,0-4,842267,430385,411882,13866,7042,6824,13866,7042,6824,0,0,0,0,0,0,0,0,0,0,0,0
C3010,19,15,0000,District - Medinipur  15,Rural,5,219372,113785,105587,34792,18271,16521,34792,18271,16521,0,0,0,0,0,0,0,0,0,0,0,0
C3010,19,15,0000,District - Medinipur  15,Rural,6,206312,105874,100438,80153,41872,38281,80153,41872,38281,0,0,0,0,0,0,0,0,0,0,0,0
C3010,19,15,0000,District - Medinipur  15,Rural,7,215213,109397,105816,165894,85981,79913,165894,85981,79913,0,0,0,0,0,0,0,0,0,0,0,0
C3010,19,15,0000,District - Medinipur  15,Rural,8,237475,122654,114821,198932,104867,94065,198932,104867,94065,0,0,0,0,0,0,0,0,0,0,0,0
C3010,19,15,0000,District - Medinipur  15,Rural,9,190046,95152,94894,168631,85904,82727,168631,85904,82727,0,0,0,0,0,0,0,0,0,0,0,0
C3010,19,15,0000,District - Medinipur  15,Rural,10,261057,135395,125662,225050,119384,105666,225050,119384,105666,0,0,0,0,0,0,0,0,0,0,0,0
C3010,19,15,0000,District - Medinipur  15,Rural,11,154282,78768,75514,136272,71141,65131,136272,71141,65131,0,0,0,0,0,0,0,0,0,0,0,0
C3010,19,15,0000,District - Medinipur  15,Rural,12,259599,136431,123168,209883,113711,96172,209883,113711,96172,0,0,0,0,0,0,0,0,0,0,0,0
C3010,19,15,0000,District - Medinipur  15,Rural,13,178869,88402,90467,138684,71210,67474,138684,71210,67474,0,0,0,0,0,0,0,0,0,0,0,0
C3010,19,15,0000,District - Medinipur  15,Rural,14,204110,103434,100676,138324,73595,64729,138324,73595,64729,0,0,0,0,0,0,0,0,0,0,0,0
C3010,19,15,0000,District - Medinipur  15,Rural,15-19,835717,434624,401093,315543,187752,127791,294861,174851,120010,15977,10367,5610,1328,1049,279,1149,670,479,2228,815,1413
C3010,19,15,0000,District - Medinipur  15,Rural,20-24,766682,377836,388846,65966,45936,20030,22668,16485,6183,33602,24995,8607,1838,1471,367,662,470,192,7196,2515,4681
C3010,19,15,0000,District - Medinipur  15,Rural,25-29,758278,366490,391788,16599,8635,7964,0,0,0,3867,3243,624,1367,1071,296,863,676,187,10502,3645,6857
C3010,19,15,0000,District - Medinipur  15,Rural,30-34,656117,338809,317308,12218,5156,7062,0,0,0,520,442,78,524,356,168,270,191,79,10904,4167,6737
C3010,19,15,0000,District - Medinipur  15,Rural,35-59,2010213,1062716,947497,34427,13638,20789,0,0,0,332,272,60,967,571,396,412,242,170,32716,12553,20163
C3010,19,15,0000,District - Medinipur  15,Rural,60+,625111,304399,320712,5897,2361,3536,0,0,0,125,98,27,270,147,123,112,68,44,5390,2048,3342
C3010,19,15,0000,District - Medinipur  15,Rural,Age not stated,6163,3369,2794,59,32,27,0,0,0,16,12,4,4,2,2,5,4,1,34,14,20
C3010,19,15,0000,District - Medinipur  15,Urban,All ages,983905,508450,475455,236122,126619,109503,205738,107680,98058,21068,13235,7833,4577,3758,819,1090,737,353,3649,1209,2440
C3010,19,15,0000,District - Medinipur  15,Urban,0-4,75739,38473,37266,1999,1009,990,1999,1009,990,0,0,0,0,0,0,0,0,0,0,0,0
C3010,19,15,0000,District - Medinipur  15,Urban,5,19122,9967,9155,3902,2037,1865,3902,2037,1865,0,0,0,0,0,0,0,0,0,0,0,0
C3010,19,15,0000,District - Medinipur  15,Urban,6,17685,9075,8610,7534,3919,3615,7534,3919,3615,0,0,0,0,0,0,0,0,0,0,0,0
C3010,19,15,0000,District - Medinipur  15,Urban,7,19752,10055,9697,16067,8284,7783,16067,8284,7783,0,0,0,0,0,0,0,0,0,0,0,0
C3010,19,15,0000,District - Medinipur  15,Urban,8,22299,11584,10715,19068,10036,9032,19068,10036,9032,0,0,0,0,0,0,0,0,0,0,0,0
C3010,19,15,0000,District - Medinipur  15,Urban,9,17991,8988,9003,16017,8064,7953,16017,8064,7953,0,0,0,0,0,0,0,0,0,0,0,0
C3010,19,15,0000,District - Medinipur  15,Urban,10,26442,13716,12726,22761,11953,10808,22761,11953,10808,0,0,0,0,0,0,0,0,0,0,0,0
C3010,19,15,0000,District - Medinipur  15,Urban,11,16634,8486,8148,14741,7569,7172,14741,7569,7172,0,0,0,0,0,0,0,0,0,0,0,0
C3010,19,15,0000,District - Medinipur  15,Urban,12,25931,13550,12381,21099,11231,9868,21099,11231,9868,0,0,0,0,0,0,0,0,0,0,0,0
C3010,19,15,0000,District - Medinipur  15,Urban,13,19105,9270,9835,15357,7598,7759,15357,7598,7759,0,0,0,0,0,0,0,0,0,0,0,0
C3010,19,15,0000,District - Medinipur  15,Urban,14,21766,10884,10882,15935,8082,7853,15935,8082,7853,0,0,0,0,0,0,0,0,0,0,0,0
C3010,19,15,0000,District - Medinipur  15,Urban,15-19,101032,52174,48858,53852,29518,24334,46479,25005,21474,5838,3374,2464,1139,949,190,244,143,101,152,47,105
C3010,19,15,0000,District - Medinipur  15,Urban,20-24,94390,48762,45628,20773,13295,7478,4779,2893,1886,13453,8587,4866,1817,1530,287,244,153,91,480,132,348
C3010,19,15,0000,District - Medinipur  15,Urban,25-29,90700,45002,45698,3109,2078,1031,0,0,0,1279,906,373,926,758,168,357,256,101,547,158,389
C3010,19,15,0000,District - Medinipur  15,Urban,30-34,80008,40819,39189,1171,654,517,0,0,0,198,139,59,294,246,48,106,78,28,573,191,382
C3010,19,15,0000,District - Medinipur  15,Urban,35-59,262906,142214,120692,2259,1059,1200,0,0,0,212,160,52,306,208,98,131,103,28,1610,588,1022
C3010,19,15,0000,District - Medinipur  15,Urban,60+,71556,34917,36639,415,175,240,0,0,0,72,54,18,51,25,26,7,3,4,285,93,192
C3010,19,15,0000,District - Medinipur  15,Urban,Age not stated,847,514,333,63,58,5,0,0,0,16,15,1,44,42,2,1,1,0,2,0,2
C3010,19,16,0000,District - Haora  16,Total,All ages,4273099,2241898,2031201,864096,444251,419845,807111,408772,398339,45886,28123,17763,6188,4518,1670,2712,1767,945,2199,1071,1128
C3010,19,16,0000,District - Haora  16,Total,0-4,343375,174807,168568,11583,5841,5742,11583,5841,5742,0,0,0,0,0,0,0,0,0,0,0,0
C3010,19,16,0000,District - Haora  16,Total,5,85576,44511,41065,16303,8445,7858,16303,8445,7858,0,0,0,0,0,0,0,0,0,0,0,0
C3010,19,16,0000,District - Haora  16,Total,6,84267,43073,41194,31796,16393,15403,31796,16393,15403,0,0,0,0,0,0,0,0,0,0,0,0
C3010,19,16,0000,District - Haora  16,Total,7,86439,44395,42044,63008,32550,30458,63008,32550,30458,0,0,0,0,0,0,0,0,0,0,0,0
C3010,19,16,0000,District - Haora  16,Total,8,103049,53327,49722,81186,42280,38906,81186,42280,38906,0,0,0,0,0,0,0,0,0,0,0,0
C3010,19,16,0000,District - Haora  16,Total,9,76245,38565,37680,64512,32729,31783,64512,32729,31783,0,0,0,0,0,0,0,0,0,0,0,0
C3010,19,16,0000,District - Haora  16,Total,10,121472,62766,58706,98866,50915,47951,98866,50915,47951,0,0,0,0,0,0,0,0,0,0,0,0
C3010,19,16,0000,District - Haora  16,Total,11,70192,35947,34245,59078,30031,29047,59078,30031,29047,0,0,0,0,0,0,0,0,0,0,0,0
C3010,19,16,0000,District - Haora  16,Total,12,117169,61387,55782,89003,45748,43255,89003,45748,43255,0,0,0,0,0,0,0,0,0,0,0,0
C3010,19,16,0000,District - Haora  16,Total,13,82472,40316,42156,60941,29071,31870,60941,29071,31870,0,0,0,0,0,0,0,0,0,0,0,0
C3010,19,16,0000,District - Haora  16,Total,14,99156,49367,49789,63565,30634,32931,63565,30634,32931,0,0,0,0,0,0,0,0,0,0,0,0
C3010,19,16,0000,District - Haora  16,Total,15-19,436315,223348,212967,170043,85776,84267,153378,76192,77186,14695,8303,6392,1139,799,340,728,438,290,103,44,59
C3010,19,16,0000,District - Haora  16,Total,20-24,408496,215048,193448,44166,27203,16963,13892,7943,5949,27340,17085,10255,2119,1694,425,549,361,188,266,120,146
C3010,19,16,0000,District - Haora  16,Total,25-29,386183,198731,187452,5150,3644,1506,0,0,0,2585,1840,745,1492,1114,378,774,574,200,299,116,183
C3010,19,16,0000,District - Haora  16,Total,30-34,338297,179225,159072,1404,916,488,0,0,0,462,329,133,425,296,129,253,168,85,264,123,141
C3010,19,16,0000,District - Haora  16,Total,35-59,1103813,613486,490327,2671,1598,1073,0,0,0,531,376,155,807,495,312,309,179,130,1024,548,476
C3010,19,16,0000,District - Haora  16,Total,60+,326901,161529,165372,757,426,331,0,0,0,224,148,76,204,118,86,89,41,48,240,119,121
C3010,19,16,0000,District - Haora  16,Total,Age not stated,3682,2070,1612,64,51,13,0,0,0,49,42,7,2,2,0,10,6,4,3,1,2
C3010,19,16,0000,District - Haora  16,Rural,All ages,2121109,1083410,1037699,425806,212775,213031,410130,203039,207091,12530,7794,4736,1340,991,349,675,451,224,1131,500,631
C3010,19,16,0000,District - Haora  16,Rural,0-4,191463,97382,94081,5253,2579,2674,5253,2579,2674,0,0,0,0,0,0,0,0,0,0,0,0
C3010,19,16,0000,District - Haora  16,Rural,5,46684,24165,22519,7174,3683,3491,7174,3683,3491,0,0,0,0,0,0,0,0,0,0,0,0
C3010,19,16,0000,District - Haora  16,Rural,6,46998,23768,23230,15888,8073,7815,15888,8073,7815,0,0,0,0,0,0,0,0,0,0,0,0
C3010,19,16,0000,District - Haora  16,Rural,7,47439,24257,23182,33453,17204,16249,33453,17204,16249,0,0,0,0,0,0,0,0,0,0,0,0
C3010,19,16,0000,District - Haora  16,Rural,8,56978,29250,27728,44257,22870,21387,44257,22870,21387,0,0,0,0,0,0,0,0,0,0,0,0
C3010,19,16,0000,District - Haora  16,Rural,9,42219,21161,21058,35603,17901,17702,35603,17901,17702,0,0,0,0,0,0,0,0,0,0,0,0
C3010,19,16,0000,District - Haora  16,Rural,10,65840,33628,32212,53325,27136,26189,53325,27136,26189,0,0,0,0,0,0,0,0,0,0,0,0
C3010,19,16,0000,District - Haora  16,Rural,11,37503,18948,18555,31370,15669,15701,31370,15669,15701,0,0,0,0,0,0,0,0,0,0,0,0
C3010,19,16,0000,District - Haora  16,Rural,12,64341,33196,31145,47768,24033,23735,47768,24033,23735,0,0,0,0,0,0,0,0,0,0,0,0
C3010,19,16,0000,District - Haora  16,Rural,13,44740,21637,23103,31812,14827,16985,31812,14827,16985,0,0,0,0,0,0,0,0,0,0,0,0
C3010,19,16,0000,District - Haora  16,Rural,14,53931,26495,27436,32127,15023,17104,32127,15023,17104,0,0,0,0,0,0,0,0,0,0,0,0
C3010,19,16,0000,District - Haora  16,Rural,15-19,224275,111359,112916,71729,33962,37767,66807,31067,35740,4296,2475,1821,314,242,72,255,156,99,57,22,35
C3010,19,16,0000,District - Haora  16,Rural,20-24,201362,102739,98623,13189,8008,5181,5293,2974,2319,7262,4577,2685,366,291,75,129,101,28,139,65,74
C3010,19,16,0000,District - Haora  16,Rural,25-29,188728,95027,93701,1297,926,371,0,0,0,697,538,159,302,237,65,134,100,34,164,51,113
C3010,19,16,0000,District - Haora  16,Rural,30-34,160174,83709,76465,424,269,155,0,0,0,112,92,20,108,78,30,51,38,13,153,61,92
C3010,19,16,0000,District - Haora  16,Rural,35-59,488607,262571,226036,861,478,383,0,0,0,106,75,31,187,109,78,65,40,25,503,254,249
C3010,19,16,0000,District - Haora  16,Rural,60+,158332,73304,85028,265,128,137,0,0,0,51,33,18,63,34,29,37,14,23,114,47,67
C3010,19,16,0000,District - Haora  16,Rural,Age not stated,1495,814,681,11,6,5,0,0,0,6,4,2,0,0,0,4,2,2,1,0,1
C3010,19,16,0000,District - Haora  16,Urban,All ages,2151990,1158488,993502,438290,231476,206814,396981,205733,191248,33356,20329,13027,4848,3527,1321,2037,1316,721,1068,571,497
C3010,19,16,0000,District - Haora  16,Urban,0-4,151912,77425,74487,6330,3262,3068,6330,3262,3068,0,0,0,0,0,0,0,0,0,0,0,0
C3010,19,16,0000,District - Haora  16,Urban,5,38892,20346,18546,9129,4762,4367,9129,4762,4367,0,0,0,0,0,0,0,0,0,0,0,0
C3010,19,16,0000,District - Haora  16,Urban,6,37269,19305,17964,15908,8320,7588,15908,8320,7588,0,0,0,0,0,0,0,0,0,0,0,0
C3010,19,16,0000,District - Haora  16,Urban,7,39000,20138,18862,29555,15346,14209,29555,15346,14209,0,0,0,0,0,0,0,0,0,0,0,0
C3010,19,16,0000,District - Haora  16,Urban,8,46071,24077,21994,36929,19410,17519,36929,19410,17519,0,0,0,0,0,0,0,0,0,0,0,0
C3010,19,16,0000,District - Haora  16,Urban,9,34026,17404,16622,28909,14828,14081,28909,14828,14081,0,0,0,0,0,0,0,0,0,0,0,0
C3010,19,16,0000,District - Haora  16,Urban,10,55632,29138,26494,45541,23779,21762,45541,23779,21762,0,0,0,0,0,0,0,0,0,0,0,0
C3010,19,16,0000,District - Haora  16,Urban,11,32689,16999,15690,27708,14362,13346,27708,14362,13346,0,0,0,0,0,0,0,0,0,0,0,0
C3010,19,16,0000,District - Haora  16,Urban,12,52828,28191,24637,41235,21715,19520,41235,21715,19520,0,0,0,0,0,0,0,0,0,0,0,0
C3010,19,16,0000,District - Haora  16,Urban,13,37732,18679,19053,29129,14244,14885,29129,14244,14885,0,0,0,0,0,0,0,0,0,0,0,0
C3010,19,16,0000,District - Haora  16,Urban,14,45225,22872,22353,31438,15611,15827,31438,15611,15827,0,0,0,0,0,0,0,0,0,0,0,0
C3010,19,16,0000,District - Haora  16,Urban,15-19,212040,111989,100051,98314,51814,46500,86571,45125,41446,10399,5828,4571,825,557,268,473,282,191,46,22,24
C3010,19,16,0000,District - Haora  16,Urban,20-24,207134,112309,94825,30977,19195,11782,8599,4969,3630,20078,12508,7570,1753,1403,350,420,260,160,127,55,72
C3010,19,16,0000,District - Haora  16,Urban,25-29,197455,103704,93751,3853,2718,1135,0,0,0,1888,1302,586,1190,877,313,640,474,166,135,65,70
C3010,19,16,0000,District - Haora  16,Urban,30-34,178123,95516,82607,980,647,333,0,0,0,350,237,113,317,218,99,202,130,72,111,62,49
C3010,19,16,0000,District - Haora  16,Urban,35-59,615206,350915,264291,1810,1120,690,0,0,0,425,301,124,620,386,234,244,139,105,521,294,227
C3010,19,16,0000,District - Haora  16,Urban,60+,168569,88225,80344,492,298,194,0,0,0,173,115,58,141,84,57,52,27,25,126,72,54
C3010,19,16,0000,District - Haora  16,Urban,Age not stated,2187,1256,931,53,45,8,0,0,0,43,38,5,2,2,0,6,4,2,2,1,1
C3010,19,17,0000,District - Kolkata  17,Total,All ages,4572876,2500040,2072836,897010,477570,419440,758254,397994,360260,110442,62176,48266,18118,11557,6561,7337,4327,3010,2859,1516,1343
C3010,19,17,0000,District - Kolkata  17,Total,0-4,256901,132553,124348,21350,11228,10122,21350,11228,10122,0,0,0,0,0,0,0,0,0,0,0,0
C3010,19,17,0000,District - Kolkata  17,Total,5,67331,35457,31874,24040,12774,11266,24040,12774,11266,0,0,0,0,0,0,0,0,0,0,0,0
C3010,19,17,0000,District - Kolkata  17,Total,6,66050,34517,31533,32705,17029,15676,32705,17029,15676,0,0,0,0,0,0,0,0,0,0,0,0
C3010,19,17,0000,District - Kolkata  17,Total,7,66322,34617,31705,50547,26552,23995,50547,26552,23995,0,0,0,0,0,0,0,0,0,0,0,0
C3010,19,17,0000,District - Kolkata  17,Total,8,78703,41527,37176,61758,32657,29101,61758,32657,29101,0,0,0,0,0,0,0,0,0,0,0,0
C3010,19,17,0000,District - Kolkata  17,Total,9,59422,30500,28922,48726,25046,23680,48726,25046,23680,0,0,0,0,0,0,0,0,0,0,0,0
C3010,19,17,0000,District - Kolkata  17,Total,10,98585,52648,45937,77421,41088,36333,77421,41088,36333,0,0,0,0,0,0,0,0,0,0,0,0
C3010,19,17,0000,District - Kolkata  17,Total,11,61089,31948,29141,50481,26220,24261,50481,26220,24261,0,0,0,0,0,0,0,0,0,0,0,0
C3010,19,17,0000,District - Kolkata  17,Total,12,95117,51153,43964,72384,38606,33778,72384,38606,33778,0,0,0,0,0,0,0,0,0,0,0,0
C3010,19,17,0000,District - Kolkata  17,Total,13,67972,33981,33991,52644,26212,26432,52644,26212,26432,0,0,0,0,0,0,0,0,0,0,0,0
C3010,19,17,0000,District - Kolkata  17,Total,14,82277,42488,39789,58303,29881,28422,58303,29881,28422,0,0,0,0,0,0,0,0,0,0,0,0
C3010,19,17,0000,District - Kolkata  17,Total,15-19,424069,229068,195001,219769,116449,103320,185988,98280,87708,29922,15900,14022,2302,1436,866,1393,754,639,164,79,85
C3010,19,17,0000,District - Kolkata  17,Total,20-24,438598,243416,195182,95062,54417,40645,21907,12421,9486,66962,37947,29015,4404,3011,1393,1425,860,565,364,178,186
C3010,19,17,0000,District - Kolkata  17,Total,25-29,435167,236380,198787,16842,10522,6320,0,0,0,7799,4805,2994,6245,4006,2239,2407,1510,897,391,201,190
C3010,19,17,0000,District - Kolkata  17,Total,30-34,392701,216368,176333,4646,2824,1822,0,0,0,1727,1043,684,1802,1143,659,777,461,316,340,177,163
C3010,19,17,0000,District - Kolkata  17,Total,35-59,1416871,805624,611247,7851,4576,3275,0,0,0,2843,1743,1100,2731,1569,1162,1101,604,497,1176,660,516
C3010,19,17,0000,District - Kolkata  17,Total,60+,452736,240152,212584,2304,1378,926,0,0,0,1081,668,413,606,373,233,221,132,89,396,205,191
C3010,19,17,0000,District - Kolkata  17,Total,Age not stated,12965,7643,5322,177,111,66,0,0,0,108,70,38,28,19,9,13,6,7,28,16,12
C3010,19,17,0000,District - Kolkata  17,Rural,All ages,0,0,0,0,0,0,0,0,0,0,0,0,0,0,0,0,0,0,0,0,0
C3010,19,17,0000,District - Kolkata  17,Rural,0-4,0,0,0,0,0,0,0,0,0,0,0,0,0,0,0,0,0,0,0,0,0
C3010,19,17,0000,District - Kolkata  17,Rural,5,0,0,0,0,0,0,0,0,0,0,0,0,0,0,0,0,0,0,0,0,0
C3010,19,17,0000,District - Kolkata  17,Rural,6,0,0,0,0,0,0,0,0,0,0,0,0,0,0,0,0,0,0,0,0,0
C3010,19,17,0000,District - Kolkata  17,Rural,7,0,0,0,0,0,0,0,0,0,0,0,0,0,0,0,0,0,0,0,0,0
C3010,19,17,0000,District - Kolkata  17,Rural,8,0,0,0,0,0,0,0,0,0,0,0,0,0,0,0,0,0,0,0,0,0
C3010,19,17,0000,District - Kolkata  17,Rural,9,0,0,0,0,0,0,0,0,0,0,0,0,0,0,0,0,0,0,0,0,0
C3010,19,17,0000,District - Kolkata  17,Rural,10,0,0,0,0,0,0,0,0,0,0,0,0,0,0,0,0,0,0,0,0,0
C3010,19,17,0000,District - Kolkata  17,Rural,11,0,0,0,0,0,0,0,0,0,0,0,0,0,0,0,0,0,0,0,0,0
C3010,19,17,0000,District - Kolkata  17,Rural,12,0,0,0,0,0,0,0,0,0,0,0,0,0,0,0,0,0,0,0,0,0
C3010,19,17,0000,District - Kolkata  17,Rural,13,0,0,0,0,0,0,0,0,0,0,0,0,0,0,0,0,0,0,0,0,0
C3010,19,17,0000,District - Kolkata  17,Rural,14,0,0,0,0,0,0,0,0,0,0,0,0,0,0,0,0,0,0,0,0,0
C3010,19,17,0000,District - Kolkata  17,Rural,15-19,0,0,0,0,0,0,0,0,0,0,0,0,0,0,0,0,0,0,0,0,0
C3010,19,17,0000,District - Kolkata  17,Rural,20-24,0,0,0,0,0,0,0,0,0,0,0,0,0,0,0,0,0,0,0,0,0
C3010,19,17,0000,District - Kolkata  17,Rural,25-29,0,0,0,0,0,0,0,0,0,0,0,0,0,0,0,0,0,0,0,0,0
C3010,19,17,0000,District - Kolkata  17,Rural,30-34,0,0,0,0,0,0,0,0,0,0,0,0,0,0,0,0,0,0,0,0,0
C3010,19,17,0000,District - Kolkata  17,Rural,35-59,0,0,0,0,0,0,0,0,0,0,0,0,0,0,0,0,0,0,0,0,0
C3010,19,17,0000,District - Kolkata  17,Rural,60+,0,0,0,0,0,0,0,0,0,0,0,0,0,0,0,0,0,0,0,0,0
C3010,19,17,0000,District - Kolkata  17,Rural,Age not stated,0,0,0,0,0,0,0,0,0,0,0,0,0,0,0,0,0,0,0,0,0
C3010,19,17,0000,District - Kolkata  17,Urban,All ages,4572876,2500040,2072836,897010,477570,419440,758254,397994,360260,110442,62176,48266,18118,11557,6561,7337,4327,3010,2859,1516,1343
C3010,19,17,0000,District - Kolkata  17,Urban,0-4,256901,132553,124348,21350,11228,10122,21350,11228,10122,0,0,0,0,0,0,0,0,0,0,0,0
C3010,19,17,0000,District - Kolkata  17,Urban,5,67331,35457,31874,24040,12774,11266,24040,12774,11266,0,0,0,0,0,0,0,0,0,0,0,0
C3010,19,17,0000,District - Kolkata  17,Urban,6,66050,34517,31533,32705,17029,15676,32705,17029,15676,0,0,0,0,0,0,0,0,0,0,0,0
C3010,19,17,0000,District - Kolkata  17,Urban,7,66322,34617,31705,50547,26552,23995,50547,26552,23995,0,0,0,0,0,0,0,0,0,0,0,0
C3010,19,17,0000,District - Kolkata  17,Urban,8,78703,41527,37176,61758,32657,29101,61758,32657,29101,0,0,0,0,0,0,0,0,0,0,0,0
C3010,19,17,0000,District - Kolkata  17,Urban,9,59422,30500,28922,48726,25046,23680,48726,25046,23680,0,0,0,0,0,0,0,0,0,0,0,0
C3010,19,17,0000,District - Kolkata  17,Urban,10,98585,52648,45937,77421,41088,36333,77421,41088,36333,0,0,0,0,0,0,0,0,0,0,0,0
C3010,19,17,0000,District - Kolkata  17,Urban,11,61089,31948,29141,50481,26220,24261,50481,26220,24261,0,0,0,0,0,0,0,0,0,0,0,0
C3010,19,17,0000,District - Kolkata  17,Urban,12,95117,51153,43964,72384,38606,33778,72384,38606,33778,0,0,0,0,0,0,0,0,0,0,0,0
C3010,19,17,0000,District - Kolkata  17,Urban,13,67972,33981,33991,52644,26212,26432,52644,26212,26432,0,0,0,0,0,0,0,0,0,0,0,0
C3010,19,17,0000,District - Kolkata  17,Urban,14,82277,42488,39789,58303,29881,28422,58303,29881,28422,0,0,0,0,0,0,0,0,0,0,0,0
C3010,19,17,0000,District - Kolkata  17,Urban,15-19,424069,229068,195001,219769,116449,103320,185988,98280,87708,29922,15900,14022,2302,1436,866,1393,754,639,164,79,85
C3010,19,17,0000,District - Kolkata  17,Urban,20-24,438598,243416,195182,95062,54417,40645,21907,12421,9486,66962,37947,29015,4404,3011,1393,1425,860,565,364,178,186
C3010,19,17,0000,District - Kolkata  17,Urban,25-29,435167,236380,198787,16842,10522,6320,0,0,0,7799,4805,2994,6245,4006,2239,2407,1510,897,391,201,190
C3010,19,17,0000,District - Kolkata  17,Urban,30-34,392701,216368,176333,4646,2824,1822,0,0,0,1727,1043,684,1802,1143,659,777,461,316,340,177,163
C3010,19,17,0000,District - Kolkata  17,Urban,35-59,1416871,805624,611247,7851,4576,3275,0,0,0,2843,1743,1100,2731,1569,1162,1101,604,497,1176,660,516
C3010,19,17,0000,District - Kolkata  17,Urban,60+,452736,240152,212584,2304,1378,926,0,0,0,1081,668,413,606,373,233,221,132,89,396,205,191
C3010,19,17,0000,District - Kolkata  17,Urban,Age not stated,12965,7643,5322,177,111,66,0,0,0,108,70,38,28,19,9,13,6,7,28,16,12
C3010,19,18,0000,District - South  Twenty Four Parganas  18,Total,All ages,6906689,3564993,3341696,1496272,792976,703296,1429628,748893,680735,51246,34877,16369,5849,4110,1739,3818,2740,1078,5731,2356,3375
C3010,19,18,0000,District - South  Twenty Four Parganas  18,Total,0-4,701432,356173,345259,19193,9528,9665,19193,9528,9665,0,0,0,0,0,0,0,0,0,0,0,0
C3010,19,18,0000,District - South  Twenty Four Parganas  18,Total,5,175442,90212,85230,32318,16602,15716,32318,16602,15716,0,0,0,0,0,0,0,0,0,0,0,0
C3010,19,18,0000,District - South  Twenty Four Parganas  18,Total,6,173246,88241,85005,64488,33166,31322,64488,33166,31322,0,0,0,0,0,0,0,0,0,0,0,0
C3010,19,18,0000,District - South  Twenty Four Parganas  18,Total,7,174306,88366,85940,121360,62190,59170,121360,62190,59170,0,0,0,0,0,0,0,0,0,0,0,0
C3010,19,18,0000,District - South  Twenty Four Parganas  18,Total,8,209097,107636,101461,157192,82077,75115,157192,82077,75115,0,0,0,0,0,0,0,0,0,0,0,0
C3010,19,18,0000,District - South  Twenty Four Parganas  18,Total,9,149977,74772,75205,123656,62011,61645,123656,62011,61645,0,0,0,0,0,0,0,0,0,0,0,0
C3010,19,18,0000,District - South  Twenty Four Parganas  18,Total,10,236192,122631,113561,187032,97749,89283,187032,97749,89283,0,0,0,0,0,0,0,0,0,0,0,0
C3010,19,18,0000,District - South  Twenty Four Parganas  18,Total,11,120461,61529,58932,99891,51247,48644,99891,51247,48644,0,0,0,0,0,0,0,0,0,0,0,0
C3010,19,18,0000,District - South  Twenty Four Parganas  18,Total,12,219601,115298,104303,163686,86036,77650,163686,86036,77650,0,0,0,0,0,0,0,0,0,0,0,0
C3010,19,18,0000,District - South  Twenty Four Parganas  18,Total,13,139733,69268,70465,101536,50466,51070,101536,50466,51070,0,0,0,0,0,0,0,0,0,0,0,0
C3010,19,18,0000,District - South  Twenty Four Parganas  18,Total,14,166379,84539,81840,104230,52947,51283,104230,52947,51283,0,0,0,0,0,0,0,0,0,0,0,0
C3010,19,18,0000,District - South  Twenty Four Parganas  18,Total,15-19,676863,357163,319700,247740,139456,108284,230187,128379,101808,14757,9180,5577,973,659,314,1541,1119,422,282,119,163
C3010,19,18,0000,District - South  Twenty Four Parganas  18,Total,20-24,616203,313274,302929,58615,39623,18992,24859,16495,8364,30869,21270,9599,1477,1070,407,704,532,172,706,256,450
C3010,19,18,0000,District - South  Twenty Four Parganas  18,Total,25-29,596619,298082,298537,7334,5400,1934,0,0,0,3995,3186,809,1688,1294,394,787,584,203,864,336,528
C3010,19,18,0000,District - South  Twenty Four Parganas  18,Total,30-34,508800,263713,245087,2291,1405,886,0,0,0,652,523,129,542,377,165,261,189,72,836,316,520
C3010,19,18,0000,District - South  Twenty Four Parganas  18,Total,35-59,1562056,840872,721184,4483,2361,2122,0,0,0,658,491,167,911,561,350,379,227,152,2535,1082,1453
C3010,19,18,0000,District - South  Twenty Four Parganas  18,Total,60+,469518,227417,242101,1111,642,469,0,0,0,266,195,71,236,138,98,120,70,50,489,239,250
C3010,19,18,0000,District - South  Twenty Four Parganas  18,Total,Age not stated,10764,5807,4957,116,70,46,0,0,0,49,32,17,22,11,11,26,19,7,19,8,11
C3010,19,18,0000,District - South  Twenty Four Parganas  18,Rural,All ages,5820469,2997270,2823199,1275343,676486,598857,1230007,645762,584245,33579,23975,9604,3711,2552,1159,2918,2127,791,5128,2070,3058
C3010,19,18,0000,District - South  Twenty Four Parganas  18,Rural,0-4,620892,315113,305779,16427,8131,8296,16427,8131,8296,0,0,0,0,0,0,0,0,0,0,0,0
C3010,19,18,0000,District - South  Twenty Four Parganas  18,Rural,5,155704,79991,75713,28105,14382,13723,28105,14382,13723,0,0,0,0,0,0,0,0,0,0,0,0
C3010,19,18,0000,District - South  Twenty Four Parganas  18,Rural,6,154199,78495,75704,57062,29360,27702,57062,29360,27702,0,0,0,0,0,0,0,0,0,0,0,0
C3010,19,18,0000,District - South  Twenty Four Parganas  18,Rural,7,154579,78412,76167,106669,54729,51940,106669,54729,51940,0,0,0,0,0,0,0,0,0,0,0,0
C3010,19,18,0000,District - South  Twenty Four Parganas  18,Rural,8,186226,95617,90609,139329,72593,66736,139329,72593,66736,0,0,0,0,0,0,0,0,0,0,0,0
C3010,19,18,0000,District - South  Twenty Four Parganas  18,Rural,9,132560,66016,66544,109050,54701,54349,109050,54701,54349,0,0,0,0,0,0,0,0,0,0,0,0
C3010,19,18,0000,District - South  Twenty Four Parganas  18,Rural,10,208176,107932,100244,164513,85966,78547,164513,85966,78547,0,0,0,0,0,0,0,0,0,0,0,0
C3010,19,18,0000,District - South  Twenty Four Parganas  18,Rural,11,103429,52658,50771,85495,43751,41744,85495,43751,41744,0,0,0,0,0,0,0,0,0,0,0,0
C3010,19,18,0000,District - South  Twenty Four Parganas  18,Rural,12,192840,101100,91740,143117,75237,67880,143117,75237,67880,0,0,0,0,0,0,0,0,0,0,0,0
C3010,19,18,0000,District - South  Twenty Four Parganas  18,Rural,13,120414,59773,60641,86382,43095,43287,86382,43095,43287,0,0,0,0,0,0,0,0,0,0,0,0
C3010,19,18,0000,District - South  Twenty Four Parganas  18,Rural,14,143511,72934,70577,88398,45009,43389,88398,45009,43389,0,0,0,0,0,0,0,0,0,0,0,0
C3010,19,18,0000,District - South  Twenty Four Parganas  18,Rural,15-19,572758,303025,269733,197983,113277,84706,185818,105328,80490,9849,6381,3468,683,447,236,1378,1016,362,255,105,150
C3010,19,18,0000,District - South  Twenty Four Parganas  18,Rural,20-24,512502,260245,252257,41722,29278,12444,19642,13480,6162,20116,14604,5512,819,567,252,512,401,111,633,226,407
C3010,19,18,0000,District - South  Twenty Four Parganas  18,Rural,25-29,493093,246863,246230,4961,3694,1267,0,0,0,2698,2237,461,1014,800,214,463,358,105,786,299,487
C3010,19,18,0000,District - South  Twenty Four Parganas  18,Rural,30-34,415770,215264,200506,1717,1018,699,0,0,0,435,372,63,363,241,122,163,117,46,756,288,468
C3010,19,18,0000,District - South  Twenty Four Parganas  18,Rural,35-59,1260284,674448,585836,3497,1753,1744,0,0,0,310,252,58,641,394,247,284,167,117,2262,940,1322
C3010,19,18,0000,District - South  Twenty Four Parganas  18,Rural,60+,384344,184462,199882,837,468,369,0,0,0,148,114,34,176,98,78,93,50,43,420,206,214
C3010,19,18,0000,District - South  Twenty Four Parganas  18,Rural,Age not stated,9188,4922,4266,79,44,35,0,0,0,23,15,8,15,5,10,25,18,7,16,6,10
C3010,19,18,0000,District - South  Twenty Four Parganas  18,Urban,All ages,1086220,567723,518497,220929,116490,104439,199621,103131,96490,17667,10902,6765,2138,1558,580,900,613,287,603,286,317
C3010,19,18,0000,District - South  Twenty Four Parganas  18,Urban,0-4,80540,41060,39480,2766,1397,1369,2766,1397,1369,0,0,0,0,0,0,0,0,0,0,0,0
C3010,19,18,0000,District - South  Twenty Four Parganas  18,Urban,5,19738,10221,9517,4213,2220,1993,4213,2220,1993,0,0,0,0,0,0,0,0,0,0,0,0
C3010,19,18,0000,District - South  Twenty Four Parganas  18,Urban,6,19047,9746,9301,7426,3806,3620,7426,3806,3620,0,0,0,0,0,0,0,0,0,0,0,0
C3010,19,18,0000,District - South  Twenty Four Parganas  18,Urban,7,19727,9954,9773,14691,7461,7230,14691,7461,7230,0,0,0,0,0,0,0,0,0,0,0,0
C3010,19,18,0000,District - South  Twenty Four Parganas  18,Urban,8,22871,12019,10852,17863,9484,8379,17863,9484,8379,0,0,0,0,0,0,0,0,0,0,0,0
C3010,19,18,0000,District - South  Twenty Four Parganas  18,Urban,9,17417,8756,8661,14606,7310,7296,14606,7310,7296,0,0,0,0,0,0,0,0,0,0,0,0
C3010,19,18,0000,District - South  Twenty Four Parganas  18,Urban,10,28016,14699,13317,22519,11783,10736,22519,11783,10736,0,0,0,0,0,0,0,0,0,0,0,0
C3010,19,18,0000,District - South  Twenty Four Parganas  18,Urban,11,17032,8871,8161,14396,7496,6900,14396,7496,6900,0,0,0,0,0,0,0,0,0,0,0,0
C3010,19,18,0000,District - South  Twenty Four Parganas  18,Urban,12,26761,14198,12563,20569,10799,9770,20569,10799,9770,0,0,0,0,0,0,0,0,0,0,0,0
C3010,19,18,0000,District - South  Twenty Four Parganas  18,Urban,13,19319,9495,9824,15154,7371,7783,15154,7371,7783,0,0,0,0,0,0,0,0,0,0,0,0
C3010,19,18,0000,District - South  Twenty Four Parganas  18,Urban,14,22868,11605,11263,15832,7938,7894,15832,7938,7894,0,0,0,0,0,0,0,0,0,0,0,0
C3010,19,18,0000,District - South  Twenty Four Parganas  18,Urban,15-19,104105,54138,49967,49757,26179,23578,44369,23051,21318,4908,2799,2109,290,212,78,163,103,60,27,14,13
C3010,19,18,0000,District - South  Twenty Four Parganas  18,Urban,20-24,103701,53029,50672,16893,10345,6548,5217,3015,2202,10753,6666,4087,658,503,155,192,131,61,73,30,43
C3010,19,18,0000,District - South  Twenty Four Parganas  18,Urban,25-29,103526,51219,52307,2373,1706,667,0,0,0,1297,949,348,674,494,180,324,226,98,78,37,41
C3010,19,18,0000,District - South  Twenty Four Parganas  18,Urban,30-34,93030,48449,44581,574,387,187,0,0,0,217,151,66,179,136,43,98,72,26,80,28,52
C3010,19,18,0000,District - South  Twenty Four Parganas  18,Urban,35-59,301772,166424,135348,986,608,378,0,0,0,348,239,109,270,167,103,95,60,35,273,142,131
C3010,19,18,0000,District - South  Twenty Four Parganas  18,Urban,60+,85174,42955,42219,274,174,100,0,0,0,118,81,37,60,40,20,27,20,7,69,33,36
C3010,19,18,0000,District - South  Twenty Four Parganas  18,Urban,Age not stated,1576,885,691,37,26,11,0,0,0,26,17,9,7,6,1,1,1,0,3,2,1
